-6.000000
-5.000000
-2.000000
-4.000000
-3.000000
0.000000
-8.000000
-4.000000
0.000000
-3.000000
-6.000000
-11.000000
-7.000000
-6.000000
-3.000000
-5.000000
-4.000000
1.000000
4.000000
1.000000
5.000000
11.000000
5.000000
5.000000
9.000000
15.000000
9.000000
6.000000
7.000000
5.000000
9.000000
7.000000
7.000000
2.000000
8.000000
7.000000
-5.000000
-4.000000
-4.000000
-6.000000
-6.000000
0.000000
-4.000000
-9.000000
0.000000
0.000000
1.000000
-2.000000
0.000000
2.000000
3.000000
4.000000
-1.000000
-2.000000
-2.000000
4.000000
0.000000
0.000000
5.000000
2.000000
-1.000000
-4.000000
-4.000000
-8.000000
-7.000000
-5.000000
1.000000
6.000000
5.000000
4.000000
8.000000
8.000000
5.000000
7.000000
7.000000
8.000000
11.000000
2.000000
3.000000
8.000000
4.000000
-1.000000
-4.000000
-2.000000
-5.000000
-1.000000
2.000000
2.000000
1.000000
-3.000000
0.000000
2.000000
-1.000000
1.000000
9.000000
-1.000000
1.000000
9.000000
7.000000
7.000000
6.000000
5.000000
0.000000
4.000000
-1.000000
-5.000000
-2.000000
1.000000
3.000000
0.000000
5.000000
-2.000000
1.000000
7.000000
3.000000
5.000000
9.000000
9.000000
8.000000
2.000000
6.000000
4.000000
5.000000
9.000000
-2.000000
-2.000000
1.000000
3.000000
4.000000
1.000000
-4.000000
-6.000000
0.000000
-1.000000
-3.000000
0.000000
-5.000000
-8.000000
-6.000000
-4.000000
-11.000000
-11.000000
-14.000000
-5.000000
-6.000000
-8.000000
-1.000000
-1.000000
-3.000000
-10.000000
1.000000
0.000000
1.000000
-6.000000
-5.000000
2.000000
4.000000
9.000000
7.000000
0.000000
9.000000
12.000000
10.000000
6.000000
-2.000000
0.000000
1.000000
-2.000000
-3.000000
-6.000000
-4.000000
-7.000000
-12.000000
-11.000000
-10.000000
-9.000000
-6.000000
-12.000000
-10.000000
-8.000000
-5.000000
-7.000000
-9.000000
-6.000000
-2.000000
-7.000000
-3.000000
-7.000000
-13.000000
-9.000000
-6.000000
0.000000
-4.000000
-4.000000
1.000000
0.000000
6.000000
4.000000
3.000000
5.000000
5.000000
17.000000
5.000000
7.000000
10.000000
6.000000
9.000000
8.000000
0.000000
1.000000
6.000000
2.000000
8.000000
3.000000
-2.000000
3.000000
7.000000
5.000000
1.000000
-1.000000
4.000000
-3.000000
-3.000000
1.000000
-1.000000
3.000000
3.000000
3.000000
2.000000
9.000000
9.000000
3.000000
7.000000
8.000000
4.000000
6.000000
4.000000
7.000000
1.000000
0.000000
7.000000
5.000000
2.000000
3.000000
1.000000
-1.000000
0.000000
-2.000000
1.000000
-11.000000
-9.000000
-12.000000
-9.000000
-9.000000
-12.000000
-1.000000
-8.000000
-2.000000
3.000000
0.000000
-4.000000
1.000000
2.000000
3.000000
4.000000
0.000000
6.000000
0.000000
3.000000
-1.000000
-4.000000
-2.000000
-6.000000
-3.000000
-12.000000
-2.000000
-1.000000
-6.000000
-5.000000
-4.000000
-3.000000
-5.000000
-3.000000
1.000000
2.000000
-1.000000
-2.000000
0.000000
0.000000
0.000000
2.000000
-1.000000
5.000000
-2.000000
0.000000
-4.000000
-12.000000
-3.000000
-5.000000
-6.000000
-11.000000
-14.000000
-1.000000
5.000000
4.000000
3.000000
0.000000
5.000000
0.000000
-1.000000
2.000000
0.000000
0.000000
6.000000
8.000000
6.000000
7.000000
4.000000
8.000000
6.000000
8.000000
6.000000
1.000000
5.000000
9.000000
1.000000
0.000000
2.000000
5.000000
6.000000
2.000000
6.000000
1.000000
-4.000000
-1.000000
7.000000
5.000000
5.000000
3.000000
-4.000000
-1.000000
-3.000000
3.000000
5.000000
-1.000000
5.000000
5.000000
0.000000
3.000000
3.000000
2.000000
5.000000
2.000000
-2.000000
2.000000
9.000000
-1.000000
-4.000000
4.000000
3.000000
3.000000
4.000000
4.000000
1.000000
8.000000
4.000000
-3.000000
1.000000
4.000000
1.000000
0.000000
1.000000
-5.000000
-11.000000
-8.000000
-6.000000
-8.000000
-6.000000
-3.000000
-5.000000
-8.000000
-3.000000
-3.000000
-4.000000
-4.000000
-3.000000
-1.000000
-7.000000
2.000000
4.000000
-4.000000
-3.000000
0.000000
-6.000000
-5.000000
-3.000000
-8.000000
-3.000000
-2.000000
-2.000000
-4.000000
0.000000
-2.000000
0.000000
4.000000
-3.000000
3.000000
-4.000000
-8.000000
-7.000000
-7.000000
-9.000000
-8.000000
-3.000000
-2.000000
-3.000000
-3.000000
-1.000000
-2.000000
-6.000000
1.000000
3.000000
-3.000000
1.000000
2.000000
3.000000
-4.000000
-4.000000
3.000000
-5.000000
-3.000000
-10.000000
-7.000000
-3.000000
-9.000000
-1.000000
-3.000000
-5.000000
-3.000000
-7.000000
-3.000000
-7.000000
-5.000000
-4.000000
0.000000
3.000000
-1.000000
4.000000
4.000000
6.000000
-2.000000
1.000000
-1.000000
0.000000
3.000000
3.000000
3.000000
3.000000
12.000000
1.000000
4.000000
8.000000
3.000000
7.000000
5.000000
3.000000
4.000000
5.000000
4.000000
3.000000
11.000000
7.000000
6.000000
6.000000
6.000000
6.000000
2.000000
-1.000000
-3.000000
3.000000
2.000000
0.000000
1.000000
-1.000000
3.000000
3.000000
10.000000
5.000000
1.000000
-1.000000
4.000000
8.000000
8.000000
6.000000
1.000000
5.000000
7.000000
5.000000
8.000000
2.000000
3.000000
0.000000
-7.000000
2.000000
1.000000
-5.000000
-2.000000
-4.000000
-2.000000
-1.000000
1.000000
-2.000000
4.000000
7.000000
4.000000
3.000000
-1.000000
-3.000000
-1.000000
-4.000000
-8.000000
-6.000000
-8.000000
2.000000
-7.000000
-5.000000
3.000000
-2.000000
0.000000
-5.000000
-5.000000
-3.000000
-1.000000
-1.000000
-2.000000
-7.000000
-4.000000
-3.000000
0.000000
1.000000
3.000000
2.000000
-1.000000
4.000000
-2.000000
4.000000
1.000000
-2.000000
0.000000
-3.000000
0.000000
3.000000
2.000000
-1.000000
1.000000
-5.000000
-5.000000
1.000000
1.000000
-2.000000
1.000000
-5.000000
-2.000000
0.000000
2.000000
0.000000
-3.000000
-3.000000
-1.000000
2.000000
0.000000
6.000000
10.000000
7.000000
1.000000
6.000000
7.000000
2.000000
3.000000
-2.000000
-1.000000
-6.000000
-5.000000
-6.000000
-1.000000
-3.000000
-11.000000
-9.000000
-6.000000
-8.000000
-11.000000
-5.000000
-4.000000
-12.000000
-4.000000
-4.000000
-1.000000
1.000000
-7.000000
-7.000000
-5.000000
5.000000
6.000000
2.000000
5.000000
9.000000
4.000000
5.000000
9.000000
1.000000
5.000000
7.000000
5.000000
5.000000
8.000000
5.000000
3.000000
0.000000
4.000000
5.000000
4.000000
4.000000
-1.000000
-3.000000
-1.000000
0.000000
-4.000000
-7.000000
-3.000000
-6.000000
-1.000000
4.000000
-6.000000
-5.000000
-3.000000
2.000000
2.000000
4.000000
2.000000
-5.000000
1.000000
6.000000
1.000000
4.000000
7.000000
4.000000
1.000000
3.000000
2.000000
-3.000000
3.000000
4.000000
0.000000
3.000000
6.000000
-1.000000
-4.000000
-8.000000
-3.000000
0.000000
-4.000000
-6.000000
-1.000000
-4.000000
-5.000000
4.000000
5.000000
2.000000
1.000000
1.000000
7.000000
4.000000
4.000000
1.000000
-4.000000
2.000000
-1.000000
0.000000
4.000000
5.000000
-4.000000
-4.000000
-2.000000
-4.000000
-6.000000
0.000000
-4.000000
-7.000000
-4.000000
-4.000000
-9.000000
-7.000000
-5.000000
-8.000000
5.000000
-4.000000
-4.000000
-3.000000
-2.000000
0.000000
-7.000000
-3.000000
-7.000000
-8.000000
-1.000000
1.000000
4.000000
1.000000
4.000000
6.000000
5.000000
6.000000
2.000000
-1.000000
1.000000
2.000000
1.000000
1.000000
6.000000
1.000000
1.000000
-1.000000
-6.000000
2.000000
4.000000
6.000000
6.000000
5.000000
0.000000
6.000000
-1.000000
-6.000000
-1.000000
0.000000
2.000000
3.000000
6.000000
-3.000000
1.000000
5.000000
0.000000
1.000000
-2.000000
-4.000000
-4.000000
2.000000
-2.000000
-8.000000
-6.000000
-6.000000
1.000000
5.000000
-5.000000
-7.000000
0.000000
-8.000000
-9.000000
-7.000000
-6.000000
4.000000
-1.000000
-6.000000
-2.000000
-3.000000
-4.000000
-7.000000
-2.000000
-2.000000
1.000000
-2.000000
-6.000000
3.000000
6.000000
-5.000000
-1.000000
4.000000
1.000000
1.000000
3.000000
3.000000
8.000000
3.000000
4.000000
4.000000
4.000000
2.000000
-3.000000
3.000000
6.000000
6.000000
0.000000
2.000000
-4.000000
-7.000000
5.000000
-2.000000
1.000000
9.000000
4.000000
1.000000
6.000000
7.000000
1.000000
3.000000
5.000000
0.000000
-2.000000
-2.000000
3.000000
-1.000000
-5.000000
-7.000000
-5.000000
2.000000
-2.000000
-9.000000
2.000000
-1.000000
1.000000
2.000000
0.000000
-2.000000
-2.000000
6.000000
7.000000
-2.000000
0.000000
4.000000
-6.000000
-5.000000
-3.000000
-4.000000
-8.000000
-1.000000
10.000000
2.000000
2.000000
6.000000
2.000000
8.000000
-2.000000
-8.000000
2.000000
1.000000
6.000000
6.000000
-2.000000
4.000000
7.000000
2.000000
2.000000
-4.000000
-2.000000
-1.000000
2.000000
3.000000
0.000000
-1.000000
-4.000000
-3.000000
-3.000000
-7.000000
-5.000000
0.000000
-2.000000
1.000000
-3.000000
1.000000
4.000000
-2.000000
6.000000
5.000000
-4.000000
-6.000000
-3.000000
-2.000000
-2.000000
6.000000
4.000000
0.000000
7.000000
3.000000
11.000000
8.000000
1.000000
6.000000
-1.000000
-3.000000
0.000000
0.000000
0.000000
-2.000000
2.000000
3.000000
-5.000000
4.000000
1.000000
-11.000000
-12.000000
-6.000000
1.000000
-3.000000
-9.000000
-8.000000
-5.000000
-5.000000
-4.000000
4.000000
-1.000000
-1.000000
3.000000
1.000000
5.000000
7.000000
2.000000
-1.000000
-3.000000
-3.000000
2.000000
2.000000
6.000000
3.000000
2.000000
8.000000
5.000000
5.000000
1.000000
1.000000
5.000000
0.000000
-5.000000
-1.000000
0.000000
0.000000
-2.000000
-4.000000
0.000000
-4.000000
-4.000000
6.000000
4.000000
0.000000
-2.000000
-2.000000
3.000000
0.000000
-5.000000
1.000000
-2.000000
-4.000000
-1.000000
-1.000000
4.000000
0.000000
-4.000000
-3.000000
8.000000
4.000000
4.000000
4.000000
-3.000000
2.000000
-3.000000
9.000000
10.000000
7.000000
8.000000
4.000000
9.000000
1.000000
-2.000000
-4.000000
-5.000000
-4.000000
-2.000000
-2.000000
-2.000000
3.000000
-1.000000
-3.000000
-1.000000
-3.000000
-4.000000
-3.000000
0.000000
0.000000
1.000000
-6.000000
-5.000000
-2.000000
1.000000
-1.000000
0.000000
8.000000
-1.000000
0.000000
3.000000
0.000000
1.000000
0.000000
-3.000000
-2.000000
1.000000
0.000000
3.000000
5.000000
1.000000
6.000000
7.000000
2.000000
-3.000000
-9.000000
-3.000000
0.000000
-2.000000
6.000000
13.000000
3.000000
7.000000
2.000000
-1.000000
5.000000
1.000000
1.000000
-3.000000
1.000000
-9.000000
-12.000000
-8.000000
-6.000000
-3.000000
-1.000000
-8.000000
-7.000000
-5.000000
-7.000000
1.000000
-2.000000
0.000000
-1.000000
1.000000
-1.000000
-2.000000
2.000000
4.000000
6.000000
8.000000
12.000000
8.000000
0.000000
5.000000
2.000000
1.000000
2.000000
-4.000000
0.000000
6.000000
0.000000
-1.000000
4.000000
3.000000
-1.000000
0.000000
6.000000
0.000000
-2.000000
-4.000000
4.000000
5.000000
-1.000000
-3.000000
0.000000
0.000000
2.000000
2.000000
0.000000
-1.000000
-9.000000
-8.000000
-7.000000
2.000000
0.000000
2.000000
6.000000
-2.000000
3.000000
2.000000
-6.000000
-2.000000
-1.000000
-5.000000
-1.000000
-8.000000
-7.000000
-3.000000
-3.000000
-1.000000
-9.000000
-5.000000
0.000000
-3.000000
-1.000000
1.000000
-1.000000
-1.000000
5.000000
-1.000000
-8.000000
-3.000000
-11.000000
-6.000000
0.000000
-3.000000
0.000000
-1.000000
-3.000000
2.000000
-2.000000
-2.000000
2.000000
1.000000
-2.000000
-9.000000
-9.000000
-8.000000
-10.000000
-6.000000
-1.000000
-2.000000
-6.000000
0.000000
5.000000
1.000000
0.000000
1.000000
11.000000
11.000000
3.000000
8.000000
5.000000
-1.000000
6.000000
11.000000
10.000000
6.000000
6.000000
8.000000
3.000000
9.000000
8.000000
4.000000
0.000000
-1.000000
0.000000
2.000000
9.000000
3.000000
6.000000
4.000000
-1.000000
6.000000
-2.000000
-4.000000
0.000000
-1.000000
-4.000000
-6.000000
-6.000000
5.000000
5.000000
-2.000000
0.000000
5.000000
6.000000
8.000000
8.000000
9.000000
2.000000
-3.000000
3.000000
5.000000
7.000000
4.000000
-2.000000
8.000000
12.000000
1.000000
3.000000
5.000000
0.000000
-2.000000
-4.000000
-5.000000
-6.000000
-7.000000
-10.000000
-10.000000
-7.000000
-13.000000
-7.000000
-9.000000
-13.000000
-12.000000
-2.000000
-7.000000
-6.000000
-1.000000
-10.000000
-1.000000
-5.000000
-2.000000
1.000000
3.000000
5.000000
-2.000000
5.000000
3.000000
1.000000
6.000000
3.000000
-1.000000
-1.000000
5.000000
1.000000
-3.000000
6.000000
5.000000
3.000000
4.000000
5.000000
-1.000000
-4.000000
7.000000
0.000000
-4.000000
-4.000000
-1.000000
0.000000
-3.000000
-2.000000
0.000000
-1.000000
-6.000000
-6.000000
-7.000000
1.000000
-4.000000
-6.000000
-7.000000
2.000000
0.000000
-2.000000
2.000000
1.000000
3.000000
-2.000000
-1.000000
-1.000000
-4.000000
1.000000
-5.000000
-5.000000
1.000000
1.000000
7.000000
5.000000
3.000000
4.000000
0.000000
2.000000
-1.000000
-4.000000
-5.000000
-5.000000
-1.000000
4.000000
6.000000
6.000000
3.000000
-4.000000
-2.000000
1.000000
-2.000000
-3.000000
0.000000
-1.000000
2.000000
2.000000
-6.000000
8.000000
3.000000
-3.000000
2.000000
4.000000
3.000000
4.000000
10.000000
3.000000
-3.000000
4.000000
8.000000
0.000000
7.000000
7.000000
10.000000
9.000000
8.000000
3.000000
1.000000
3.000000
0.000000
-1.000000
1.000000
0.000000
-1.000000
5.000000
2.000000
-7.000000
-3.000000
-2.000000
-4.000000
0.000000
-1.000000
2.000000
3.000000
3.000000
-1.000000
-1.000000
-2.000000
-4.000000
2.000000
-1.000000
2.000000
7.000000
2.000000
-2.000000
-2.000000
0.000000
3.000000
-2.000000
4.000000
2.000000
-1.000000
3.000000
1.000000
0.000000
-7.000000
-10.000000
-17.000000
-13.000000
-10.000000
-15.000000
-5.000000
1.000000
-6.000000
-3.000000
-4.000000
-7.000000
0.000000
2.000000
-1.000000
-4.000000
-8.000000
-4.000000
-1.000000
-1.000000
-2.000000
-7.000000
-11.000000
-13.000000
-7.000000
-7.000000
-2.000000
1.000000
5.000000
3.000000
-2.000000
-3.000000
-7.000000
12.000000
11.000000
6.000000
9.000000
8.000000
12.000000
7.000000
-2.000000
-5.000000
-3.000000
-2.000000
5.000000
8.000000
0.000000
-1.000000
-3.000000
-2.000000
-3.000000
1.000000
4.000000
6.000000
8.000000
15.000000
8.000000
2.000000
2.000000
-2.000000
5.000000
7.000000
7.000000
8.000000
10.000000
6.000000
5.000000
-4.000000
-6.000000
-7.000000
-10.000000
-3.000000
-1.000000
4.000000
5.000000
-1.000000
-2.000000
-1.000000
1.000000
4.000000
12.000000
10.000000
10.000000
14.000000
1.000000
5.000000
5.000000
2.000000
3.000000
-2.000000
-1.000000
-5.000000
-1.000000
4.000000
1.000000
-4.000000
-10.000000
-5.000000
-3.000000
-6.000000
4.000000
8.000000
4.000000
3.000000
-2.000000
-4.000000
1.000000
-1.000000
1.000000
-1.000000
-2.000000
4.000000
2.000000
3.000000
5.000000
5.000000
-5.000000
-9.000000
-9.000000
-6.000000
3.000000
4.000000
3.000000
-1.000000
-17.000000
-18.000000
-13.000000
-14.000000
-1.000000
0.000000
5.000000
5.000000
2.000000
5.000000
-3.000000
-2.000000
-4.000000
-1.000000
2.000000
-10.000000
1.000000
5.000000
-6.000000
-14.000000
-18.000000
-9.000000
-4.000000
7.000000
18.000000
13.000000
7.000000
11.000000
1.000000
-1.000000
8.000000
9.000000
6.000000
4.000000
4.000000
-1.000000
5.000000
4.000000
1.000000
0.000000
-12.000000
-9.000000
-9.000000
-5.000000
8.000000
-1.000000
-2.000000
-6.000000
-16.000000
-5.000000
5.000000
13.000000
9.000000
4.000000
-4.000000
-13.000000
-10.000000
-3.000000
3.000000
7.000000
4.000000
-5.000000
-11.000000
-9.000000
-2.000000
3.000000
11.000000
10.000000
8.000000
7.000000
8.000000
0.000000
2.000000
12.000000
11.000000
4.000000
0.000000
-3.000000
4.000000
10.000000
5.000000
0.000000
-10.000000
-10.000000
-2.000000
8.000000
11.000000
11.000000
3.000000
1.000000
-7.000000
-10.000000
-1.000000
13.000000
15.000000
11.000000
8.000000
6.000000
14.000000
9.000000
8.000000
2.000000
-3.000000
7.000000
13.000000
12.000000
10.000000
-7.000000
-5.000000
-5.000000
-10.000000
-4.000000
2.000000
20.000000
16.000000
4.000000
-14.000000
-16.000000
-12.000000
1.000000
12.000000
1.000000
-9.000000
-6.000000
-21.000000
-17.000000
-9.000000
-15.000000
-15.000000
-14.000000
-18.000000
-12.000000
-15.000000
-2.000000
1.000000
-3.000000
-2.000000
-8.000000
22.000000
28.000000
36.000000
19.000000
-19.000000
-26.000000
-25.000000
-13.000000
6.000000
9.000000
-8.000000
-28.000000
-53.000000
-76.000000
-77.000000
-59.000000
-18.000000
-5.000000
-6.000000
-22.000000
-48.000000
-38.000000
-35.000000
49.000000
74.000000
97.000000
90.000000
83.000000
84.000000
105.000000
118.000000
66.000000
-1.000000
-139.000000
-141.000000
-19.000000
75.000000
169.000000
128.000000
15.000000
-104.000000
-150.000000
-106.000000
-37.000000
48.000000
103.000000
146.000000
58.000000
1.000000
-96.000000
-81.000000
-18.000000
36.000000
85.000000
-5.000000
-29.000000
-22.000000
-11.000000
-77.000000
-121.000000
-265.000000
-281.000000
-147.000000
29.000000
276.000000
327.000000
268.000000
109.000000
-129.000000
-199.000000
-96.000000
51.000000
180.000000
299.000000
214.000000
119.000000
-8.000000
-98.000000
-103.000000
-136.000000
-31.000000
-18.000000
-15.000000
-13.000000
-11.000000
-12.000000
-24.000000
-67.000000
-138.000000
-234.000000
-185.000000
19.000000
161.000000
233.000000
197.000000
-52.000000
-313.000000
-441.000000
-453.000000
-271.000000
-48.000000
227.000000
340.000000
189.000000
11.000000
-125.000000
-146.000000
-13.000000
153.000000
235.000000
235.000000
293.000000
387.000000
346.000000
224.000000
133.000000
-21.000000
-78.000000
29.000000
18.000000
52.000000
27.000000
57.000000
-11.000000
-253.000000
-437.000000
-480.000000
-410.000000
-96.000000
187.000000
108.000000
-11.000000
-154.000000
-201.000000
-141.000000
-166.000000
-61.000000
-40.000000
28.000000
181.000000
176.000000
70.000000
25.000000
29.000000
-20.000000
-21.000000
-110.000000
-10.000000
73.000000
238.000000
389.000000
155.000000
30.000000
-37.000000
-45.000000
31.000000
135.000000
142.000000
150.000000
82.000000
14.000000
-6.000000
-250.000000
-265.000000
-182.000000
-227.000000
-116.000000
-110.000000
-171.000000
-317.000000
-391.000000
-421.000000
-350.000000
-215.000000
-25.000000
82.000000
-29.000000
49.000000
61.000000
170.000000
250.000000
310.000000
256.000000
173.000000
257.000000
271.000000
263.000000
210.000000
242.000000
114.000000
74.000000
98.000000
45.000000
45.000000
11.000000
10.000000
-124.000000
-209.000000
-207.000000
-207.000000
-144.000000
-95.000000
-11.000000
-57.000000
-50.000000
-40.000000
-49.000000
-86.000000
-71.000000
19.000000
-44.000000
37.000000
72.000000
53.000000
47.000000
59.000000
64.000000
78.000000
129.000000
179.000000
190.000000
111.000000
154.000000
201.000000
130.000000
99.000000
63.000000
-34.000000
7.000000
131.000000
172.000000
77.000000
-34.000000
-64.000000
-133.000000
-169.000000
-160.000000
-243.000000
-250.000000
-163.000000
-138.000000
-191.000000
-263.000000
-241.000000
-102.000000
-98.000000
-68.000000
-79.000000
-228.000000
-94.000000
96.000000
173.000000
117.000000
69.000000
39.000000
125.000000
261.000000
268.000000
247.000000
116.000000
173.000000
163.000000
65.000000
3.000000
-44.000000
-9.000000
-69.000000
-28.000000
-154.000000
-274.000000
-243.000000
-155.000000
-164.000000
-217.000000
-192.000000
-322.000000
-211.000000
-206.000000
-71.000000
57.000000
37.000000
101.000000
52.000000
63.000000
168.000000
385.000000
282.000000
278.000000
149.000000
55.000000
156.000000
228.000000
403.000000
180.000000
33.000000
1.000000
13.000000
88.000000
22.000000
-15.000000
-126.000000
-54.000000
64.000000
176.000000
5.000000
-87.000000
10.000000
-93.000000
158.000000
133.000000
-30.000000
-72.000000
1.000000
124.000000
97.000000
-47.000000
-191.000000
-159.000000
-159.000000
58.000000
40.000000
-102.000000
-131.000000
-127.000000
-92.000000
-99.000000
-102.000000
-115.000000
-168.000000
-29.000000
61.000000
-45.000000
34.000000
7.000000
-99.000000
-92.000000
-183.000000
-143.000000
-75.000000
-148.000000
-121.000000
-121.000000
-216.000000
-140.000000
-177.000000
-324.000000
-292.000000
-341.000000
-211.000000
-137.000000
-164.000000
-204.000000
-279.000000
-247.000000
-194.000000
-143.000000
-176.000000
-144.000000
-121.000000
-62.000000
-129.000000
-84.000000
-52.000000
-182.000000
-56.000000
-91.000000
-85.000000
-16.000000
23.000000
-8.000000
60.000000
79.000000
53.000000
180.000000
70.000000
203.000000
145.000000
278.000000
374.000000
297.000000
277.000000
187.000000
324.000000
294.000000
471.000000
339.000000
207.000000
274.000000
390.000000
370.000000
294.000000
361.000000
114.000000
288.000000
490.000000
387.000000
307.000000
274.000000
413.000000
498.000000
477.000000
416.000000
314.000000
227.000000
482.000000
630.000000
448.000000
465.000000
381.000000
323.000000
239.000000
391.000000
265.000000
124.000000
263.000000
312.000000
123.000000
1.000000
50.000000
-125.000000
136.000000
36.000000
-33.000000
-153.000000
-389.000000
-157.000000
-144.000000
-188.000000
-198.000000
-293.000000
-572.000000
-425.000000
-452.000000
-616.000000
-566.000000
-682.000000
-568.000000
-600.000000
-696.000000
-728.000000
-871.000000
-899.000000
-857.000000
-760.000000
-830.000000
-847.000000
-791.000000
-663.000000
-619.000000
-515.000000
-560.000000
-788.000000
-700.000000
-579.000000
-443.000000
-299.000000
-254.000000
-293.000000
-272.000000
-271.000000
-131.000000
-102.000000
-227.000000
-104.000000
-91.000000
-34.000000
65.000000
87.000000
46.000000
-31.000000
61.000000
10.000000
78.000000
127.000000
168.000000
185.000000
256.000000
224.000000
158.000000
244.000000
137.000000
291.000000
274.000000
312.000000
437.000000
501.000000
520.000000
574.000000
464.000000
490.000000
713.000000
656.000000
859.000000
888.000000
822.000000
896.000000
1006.000000
1013.000000
976.000000
942.000000
863.000000
929.000000
921.000000
1025.000000
901.000000
680.000000
780.000000
546.000000
595.000000
428.000000
455.000000
376.000000
276.000000
368.000000
179.000000
99.000000
-29.000000
209.000000
42.000000
193.000000
137.000000
-46.000000
22.000000
23.000000
160.000000
29.000000
59.000000
-3.000000
-17.000000
-37.000000
34.000000
61.000000
-70.000000
2.000000
-84.000000
-194.000000
-317.000000
-335.000000
-342.000000
-449.000000
-458.000000
-635.000000
-843.000000
-888.000000
-802.000000
-877.000000
-884.000000
-1038.000000
-1224.000000
-1312.000000
-1412.000000
-1258.000000
-1285.000000
-1291.000000
-1252.000000
-1207.000000
-1261.000000
-1132.000000
-1060.000000
-1061.000000
-945.000000
-971.000000
-878.000000
-832.000000
-649.000000
-458.000000
-333.000000
-305.000000
-274.000000
-328.000000
-330.000000
-109.000000
2.000000
153.000000
192.000000
227.000000
255.000000
172.000000
234.000000
227.000000
165.000000
148.000000
169.000000
105.000000
229.000000
244.000000
183.000000
88.000000
-111.000000
-92.000000
-70.000000
3.000000
154.000000
200.000000
163.000000
245.000000
281.000000
310.000000
367.000000
431.000000
567.000000
668.000000
773.000000
910.000000
906.000000
917.000000
973.000000
961.000000
1027.000000
1046.000000
1097.000000
1107.000000
1066.000000
1135.000000
1123.000000
929.000000
927.000000
862.000000
832.000000
899.000000
895.000000
837.000000
705.000000
640.000000
644.000000
550.000000
439.000000
470.000000
338.000000
385.000000
431.000000
314.000000
240.000000
204.000000
179.000000
188.000000
103.000000
158.000000
171.000000
99.000000
213.000000
176.000000
94.000000
207.000000
187.000000
144.000000
224.000000
88.000000
121.000000
111.000000
99.000000
74.000000
-203.000000
-419.000000
-598.000000
-751.000000
-738.000000
-611.000000
-717.000000
-801.000000
-1068.000000
-1338.000000
-1472.000000
-1616.000000
-1626.000000
-1698.000000
-1704.000000
-1628.000000
-1617.000000
-1588.000000
-1509.000000
-1552.000000
-1589.000000
-1508.000000
-1513.000000
-1372.000000
-1170.000000
-1004.000000
-705.000000
-527.000000
-439.000000
-364.000000
-382.000000
-297.000000
-204.000000
-82.000000
172.000000
347.000000
451.000000
485.000000
430.000000
348.000000
321.000000
295.000000
301.000000
217.000000
227.000000
167.000000
131.000000
245.000000
134.000000
-9.000000
-109.000000
-247.000000
-381.000000
-355.000000
-347.000000
-251.000000
-124.000000
-58.000000
8.000000
-60.000000
-54.000000
71.000000
167.000000
334.000000
590.000000
641.000000
784.000000
1074.000000
1220.000000
1301.000000
1345.000000
1350.000000
1366.000000
1392.000000
1623.000000
1569.000000
1591.000000
1641.000000
1459.000000
1427.000000
1352.000000
1149.000000
1046.000000
886.000000
876.000000
921.000000
672.000000
819.000000
601.000000
456.000000
367.000000
298.000000
116.000000
142.000000
56.000000
43.000000
12.000000
66.000000
203.000000
-63.000000
117.000000
-103.000000
-169.000000
67.000000
253.000000
324.000000
276.000000
322.000000
289.000000
458.000000
463.000000
436.000000
222.000000
70.000000
174.000000
-105.000000
-394.000000
-664.000000
-816.000000
-836.000000
-545.000000
-643.000000
-1145.000000
-1552.000000
-1978.000000
-2037.000000
-2109.000000
-2081.000000
-2162.000000
-2234.000000
-2145.000000
-2090.000000
-2058.000000
-2038.000000
-1987.000000
-2037.000000
-1880.000000
-1804.000000
-1534.000000
-1184.000000
-750.000000
-312.000000
-111.000000
-26.000000
-80.000000
-29.000000
83.000000
406.000000
646.000000
920.000000
1077.000000
1017.000000
979.000000
907.000000
765.000000
570.000000
462.000000
258.000000
162.000000
115.000000
90.000000
52.000000
-99.000000
-318.000000
-694.000000
-959.000000
-1088.000000
-1025.000000
-816.000000
-669.000000
-571.000000
-629.000000
-645.000000
-580.000000
-411.000000
-261.000000
-74.000000
143.000000
495.000000
920.000000
1242.000000
1470.000000
1612.000000
1666.000000
1782.000000
1973.000000
2129.000000
2279.000000
2452.000000
2604.000000
2493.000000
2374.000000
2084.000000
1845.000000
1629.000000
1515.000000
1361.000000
1144.000000
1083.000000
951.000000
796.000000
601.000000
443.000000
184.000000
13.000000
23.000000
67.000000
-93.000000
-238.000000
-298.000000
-245.000000
9.000000
36.000000
-156.000000
-330.000000
-181.000000
107.000000
292.000000
246.000000
174.000000
238.000000
436.000000
728.000000
619.000000
535.000000
586.000000
731.000000
774.000000
403.000000
-171.000000
-742.000000
-961.000000
-822.000000
-504.000000
-501.000000
-733.000000
-1342.000000
-2077.000000
-2415.000000
-2685.000000
-2650.000000
-2698.000000
-2782.000000
-2719.000000
-2604.000000
-2429.000000
-2287.000000
-2287.000000
-2441.000000
-2391.000000
-2410.000000
-2130.000000
-1637.000000
-1092.000000
-425.000000
-24.000000
183.000000
128.000000
29.000000
21.000000
277.000000
692.000000
1207.000000
1573.000000
1624.000000
1479.000000
1169.000000
1008.000000
807.000000
617.000000
387.000000
125.000000
-4.000000
24.000000
22.000000
-105.000000
-397.000000
-917.000000
-1378.000000
-1682.000000
-1695.000000
-1433.000000
-1115.000000
-841.000000
-754.000000
-816.000000
-915.000000
-909.000000
-760.000000
-544.000000
-167.000000
315.000000
829.000000
1399.000000
1828.000000
2025.000000
2073.000000
2089.000000
2149.000000
2380.000000
2716.000000
3059.000000
3282.000000
3305.000000
3151.000000
2879.000000
2447.000000
2107.000000
1761.000000
1397.000000
1234.000000
1170.000000
1249.000000
1093.000000
741.000000
80.000000
-378.000000
-409.000000
-362.000000
-296.000000
-564.000000
-607.000000
-474.000000
-178.000000
-80.000000
-402.000000
-597.000000
-515.000000
-92.000000
195.000000
280.000000
182.000000
385.000000
862.000000
1152.000000
1148.000000
666.000000
479.000000
696.000000
1206.000000
1644.000000
1212.000000
384.000000
-498.000000
-962.000000
-739.000000
-428.000000
-422.000000
-911.000000
-1613.000000
-2109.000000
-2445.000000
-2788.000000
-2984.000000
-3338.000000
-3478.000000
-3343.000000
-3208.000000
-3078.000000
-2912.000000
-2758.000000
-2644.000000
-2588.000000
-2539.000000
-2448.000000
-2165.000000
-1442.000000
-628.000000
135.000000
549.000000
586.000000
371.000000
225.000000
480.000000
1035.000000
1593.000000
1975.000000
2049.000000
1844.000000
1651.000000
1500.000000
1256.000000
919.000000
556.000000
159.000000
-103.000000
-149.000000
-121.000000
-227.000000
-530.000000
-1118.000000
-1738.000000
-2202.000000
-2287.000000
-2037.000000
-1670.000000
-1266.000000
-1083.000000
-1004.000000
-1053.000000
-1074.000000
-949.000000
-771.000000
-359.000000
183.000000
898.000000
1687.000000
2302.000000
2561.000000
2562.000000
2457.000000
2493.000000
2785.000000
3139.000000
3486.000000
3803.000000
3934.000000
3810.000000
3453.000000
2894.000000
2291.000000
1723.000000
1317.000000
1134.000000
1156.000000
1189.000000
1095.000000
607.000000
-101.000000
-580.000000
-894.000000
-1106.000000
-1032.000000
-977.000000
-720.000000
-505.000000
-394.000000
-500.000000
-749.000000
-640.000000
-528.000000
-386.000000
-236.000000
30.000000
407.000000
954.000000
1323.000000
1384.000000
1264.000000
1076.000000
1132.000000
1211.000000
1349.000000
1438.000000
951.000000
252.000000
-318.000000
-608.000000
-430.000000
-294.000000
-604.000000
-1450.000000
-2393.000000
-2953.000000
-3165.000000
-3132.000000
-3182.000000
-3427.000000
-3663.000000
-3710.000000
-3631.000000
-3449.000000
-3270.000000
-3194.000000
-3055.000000
-2864.000000
-2602.000000
-2097.000000
-1546.000000
-853.000000
-180.000000
301.000000
533.000000
493.000000
456.000000
721.000000
1339.000000
2001.000000
2508.000000
2567.000000
2319.000000
1979.000000
1757.000000
1518.000000
1229.000000
909.000000
503.000000
206.000000
81.000000
-12.000000
-340.000000
-887.000000
-1619.000000
-2272.000000
-2569.000000
-2570.000000
-2399.000000
-2165.000000
-1912.000000
-1671.000000
-1514.000000
-1551.000000
-1602.000000
-1539.000000
-1228.000000
-551.000000
223.000000
1016.000000
1701.000000
2233.000000
2536.000000
2679.000000
2817.000000
3005.000000
3333.000000
3763.000000
4224.000000
4537.000000
4597.000000
4269.000000
3705.000000
3143.000000
2692.000000
2415.000000
2068.000000
1709.000000
1356.000000
1099.000000
899.000000
573.000000
24.000000
-668.000000
-1152.000000
-1313.000000
-1131.000000
-916.000000
-803.000000
-872.000000
-973.000000
-933.000000
-762.000000
-621.000000
-618.000000
-532.000000
-318.000000
146.000000
605.000000
953.000000
1052.000000
1108.000000
1280.000000
1366.000000
1574.000000
1725.000000
1737.000000
1470.000000
775.000000
-77.000000
-593.000000
-503.000000
-75.000000
80.000000
-548.000000
-1726.000000
-2792.000000
-3416.000000
-3459.000000
-3359.000000
-3528.000000
-3796.000000
-3958.000000
-3873.000000
-3657.000000
-3390.000000
-3455.000000
-3600.000000
-3543.000000
-3213.000000
-2593.000000
-1845.000000
-1064.000000
-375.000000
235.000000
585.000000
542.000000
411.000000
451.000000
930.000000
1768.000000
2552.000000
2923.000000
2845.000000
2376.000000
1930.000000
1641.000000
1382.000000
1126.000000
753.000000
329.000000
81.000000
63.000000
-44.000000
-421.000000
-1197.000000
-2177.000000
-2866.000000
-3009.000000
-2690.000000
-2239.000000
-1831.000000
-1721.000000
-1713.000000
-1718.000000
-1745.000000
-1617.000000
-1387.000000
-951.000000
-291.000000
566.000000
1456.000000
2212.000000
2646.000000
2786.000000
2735.000000
2735.000000
3016.000000
3476.000000
4157.000000
4712.000000
4911.000000
4674.000000
4089.000000
3456.000000
2884.000000
2455.000000
2168.000000
1897.000000
1618.000000
1461.000000
1136.000000
685.000000
138.000000
-533.000000
-1062.000000
-1382.000000
-1360.000000
-1231.000000
-1023.000000
-824.000000
-818.000000
-873.000000
-887.000000
-908.000000
-938.000000
-851.000000
-531.000000
-135.000000
340.000000
826.000000
1085.000000
1203.000000
1207.000000
1122.000000
1214.000000
1591.000000
1917.000000
1777.000000
888.000000
-156.000000
-740.000000
-473.000000
273.000000
445.000000
-309.000000
-1695.000000
-2875.000000
-3373.000000
-3389.000000
-3277.000000
-3441.000000
-3768.000000
-3914.000000
-3823.000000
-3665.000000
-3484.000000
-3539.000000
-3709.000000
-3602.000000
-3284.000000
-2725.000000
-1961.000000
-1173.000000
-424.000000
269.000000
617.000000
545.000000
345.000000
355.000000
873.000000
1851.000000
2794.000000
3225.000000
3023.000000
2476.000000
2001.000000
1740.000000
1631.000000
1424.000000
980.000000
482.000000
177.000000
216.000000
189.000000
-194.000000
-1058.000000
-2260.000000
-3119.000000
-3238.000000
-2803.000000
-2129.000000
-1637.000000
-1580.000000
-1807.000000
-2063.000000
-2144.000000
-1968.000000
-1559.000000
-1000.000000
-356.000000
437.000000
1302.000000
2086.000000
2558.000000
2631.000000
2517.000000
2538.000000
2880.000000
3580.000000
4385.000000
4923.000000
5088.000000
4848.000000
4269.000000
3637.000000
3059.000000
2596.000000
2308.000000
2065.000000
1942.000000
1754.000000
1428.000000
880.000000
50.000000
-768.000000
-1262.000000
-1378.000000
-1180.000000
-932.000000
-934.000000
-1063.000000
-1159.000000
-1086.000000
-954.000000
-889.000000
-923.000000
-900.000000
-586.000000
-54.000000
513.000000
922.000000
1109.000000
1125.000000
1078.000000
1130.000000
1377.000000
1907.000000
2301.000000
2183.000000
1226.000000
-146.000000
-1006.000000
-894.000000
-65.000000
487.000000
85.000000
-1286.000000
-2813.000000
-3660.000000
-3954.000000
-3856.000000
-3868.000000
-4101.000000
-4243.000000
-4119.000000
-3874.000000
-3716.000000
-3788.000000
-3981.000000
-3980.000000
-3651.000000
-3048.000000
-2201.000000
-1237.000000
-246.000000
680.000000
1088.000000
946.000000
536.000000
436.000000
987.000000
2108.000000
3273.000000
3793.000000
3649.000000
3056.000000
2396.000000
1980.000000
1684.000000
1338.000000
900.000000
445.000000
205.000000
209.000000
91.000000
-450.000000
-1517.000000
-2838.000000
-3797.000000
-4016.000000
-3537.000000
-2776.000000
-2198.000000
-1965.000000
-2138.000000
-2312.000000
-2362.000000
-2225.000000
-1833.000000
-1245.000000
-396.000000
713.000000
1920.000000
2844.000000
3294.000000
3186.000000
2886.000000
2854.000000
3222.000000
4036.000000
4943.000000
5586.000000
5755.000000
5367.000000
4653.000000
3786.000000
3032.000000
2514.000000
2128.000000
1930.000000
1739.000000
1504.000000
1032.000000
357.000000
-448.000000
-1237.000000
-1749.000000
-1910.000000
-1737.000000
-1439.000000
-1149.000000
-965.000000
-996.000000
-994.000000
-971.000000
-859.000000
-612.000000
-250.000000
186.000000
583.000000
1025.000000
1373.000000
1684.000000
1845.000000
1857.000000
1766.000000
1912.000000
2308.000000
2525.000000
1948.000000
439.000000
-1044.000000
-1645.000000
-870.000000
185.000000
232.000000
-1023.000000
-2958.000000
-4270.000000
-4818.000000
-4764.000000
-4711.000000
-4793.000000
-4618.000000
-4302.000000
-3996.000000
-3963.000000
-4149.000000
-4331.000000
-4206.000000
-3745.000000
-3096.000000
-2167.000000
-1040.000000
197.000000
1367.000000
1978.000000
1861.000000
1229.000000
706.000000
1049.000000
2269.000000
3871.000000
4765.000000
4557.000000
3579.000000
2450.000000
1842.000000
1513.000000
1262.000000
771.000000
163.000000
-214.000000
-343.000000
-442.000000
-920.000000
-2046.000000
-3533.000000
-4755.000000
-5114.000000
-4531.000000
-3471.000000
-2564.000000
-2233.000000
-2380.000000
-2637.000000
-2687.000000
-2328.000000
-1593.000000
-597.000000
483.000000
1592.000000
2565.000000
3355.000000
3912.000000
4041.000000
4030.000000
3993.000000
4206.000000
4807.000000
5469.000000
6054.000000
6121.000000
5540.000000
4596.000000
3555.000000
2773.000000
2335.000000
2081.000000
1717.000000
1192.000000
617.000000
-77.000000
-744.000000
-1344.000000
-1909.000000
-2280.000000
-2311.000000
-2063.000000
-1755.000000
-1453.000000
-1322.000000
-1326.000000
-1192.000000
-924.000000
-543.000000
23.000000
567.000000
989.000000
1318.000000
1560.000000
1943.000000
2405.000000
2696.000000
2688.000000
2563.000000
2792.000000
3110.000000
3105.000000
1746.000000
-413.000000
-1946.000000
-2000.000000
-659.000000
213.000000
-440.000000
-2350.000000
-4235.000000
-5319.000000
-5936.000000
-6085.000000
-6187.000000
-5669.000000
-4666.000000
-4052.000000
-4107.000000
-4507.000000
-4727.000000
-4540.000000
-3877.000000
-3239.000000
-2563.000000
-1380.000000
133.000000
1576.000000
2628.000000
2790.000000
2176.000000
1450.000000
1298.000000
2152.000000
3680.000000
5114.000000
5395.000000
4597.000000
3241.000000
1982.000000
1227.000000
738.000000
491.000000
198.000000
-138.000000
-514.000000
-1054.000000
-1725.000000
-2528.000000
-3626.000000
-4866.000000
-5726.000000
-5663.000000
-4652.000000
-3226.000000
-2162.000000
-2149.000000
-2659.000000
-3089.000000
-2988.000000
-2005.000000
-484.000000
1188.000000
2529.000000
3459.000000
3848.000000
3990.000000
4240.000000
4447.000000
4793.000000
5163.000000
5549.000000
5933.000000
6207.000000
6175.000000
5567.000000
4649.000000
3510.000000
2455.000000
1869.000000
1662.000000
1518.000000
1197.000000
478.000000
-582.000000
-1651.000000
-2366.000000
-2718.000000
-2743.000000
-2401.000000
-2044.000000
-1835.000000
-1708.000000
-1570.000000
-1365.000000
-989.000000
-529.000000
-163.000000
493.000000
1266.000000
1975.000000
2372.000000
2499.000000
2577.000000
2623.000000
2801.000000
2935.000000
3285.000000
3737.000000
3719.000000
2393.000000
-37.000000
-1886.000000
-2359.000000
-1139.000000
-39.000000
-582.000000
-2402.000000
-4350.000000
-5458.000000
-6284.000000
-6782.000000
-6961.000000
-6514.000000
-5216.000000
-4310.000000
-4453.000000
-4959.000000
-4991.000000
-4465.000000
-3585.000000
-2991.000000
-2638.000000
-1682.000000
91.000000
1895.000000
3120.000000
3379.000000
2692.000000
1855.000000
1604.000000
2320.000000
3774.000000
5339.000000
5847.000000
4946.000000
3391.000000
1875.000000
949.000000
495.000000
310.000000
79.000000
-247.000000
-659.000000
-1385.000000
-2315.000000
-3210.000000
-4117.000000
-4943.000000
-5395.000000
-5307.000000
-4713.000000
-3762.000000
-2802.000000
-2320.000000
-2283.000000
-2393.000000
-2522.000000
-1902.000000
-504.000000
1334.000000
3048.000000
4100.000000
4453.000000
4340.000000
4478.000000
4754.000000
5155.000000
5649.000000
6064.000000
6368.000000
6353.000000
5940.000000
5055.000000
4178.000000
3413.000000
2661.000000
2037.000000
1478.000000
963.000000
370.000000
-333.000000
-1109.000000
-1858.000000
-2383.000000
-2755.000000
-2955.000000
-2736.000000
-2278.000000
-1851.000000
-1641.000000
-1680.000000
-1612.000000
-1174.000000
-385.000000
511.000000
1322.000000
1917.000000
2216.000000
2313.000000
2385.000000
2692.000000
3120.000000
3406.000000
3337.000000
3313.000000
3558.000000
3614.000000
2597.000000
-60.000000
-2487.000000
-3224.000000
-1918.000000
-369.000000
-709.000000
-2696.000000
-4924.000000
-6126.000000
-6873.000000
-7579.000000
-7734.000000
-6990.000000
-5140.000000
-3862.000000
-4143.000000
-5161.000000
-5453.000000
-4640.000000
-3363.000000
-2386.000000
-1976.000000
-1049.000000
662.000000
2304.000000
3307.000000
3479.000000
2950.000000
2341.000000
2097.000000
2626.000000
3890.000000
5423.000000
5963.000000
4874.000000
3053.000000
1323.000000
479.000000
388.000000
360.000000
200.000000
-359.000000
-1109.000000
-2162.000000
-3173.000000
-3921.000000
-4543.000000
-4996.000000
-5383.000000
-5247.000000
-4631.000000
-3707.000000
-2924.000000
-2739.000000
-2703.000000
-2518.000000
-1906.000000
-830.000000
529.000000
2054.000000
3359.000000
4285.000000
4654.000000
4692.000000
4975.000000
5475.000000
6059.000000
6571.000000
6745.000000
6715.000000
6348.000000
5715.000000
4766.000000
3899.000000
3218.000000
2713.000000
2371.000000
1777.000000
936.000000
-151.000000
-1211.000000
-1932.000000
-2382.000000
-2522.000000
-2654.000000
-2734.000000
-2653.000000
-2466.000000
-2180.000000
-1848.000000
-1588.000000
-1341.000000
-1027.000000
-421.000000
427.000000
1365.000000
2251.000000
2589.000000
2760.000000
2821.000000
2750.000000
2819.000000
3104.000000
3651.000000
4044.000000
3658.000000
1588.000000
-1032.000000
-2373.000000
-2023.000000
-600.000000
-304.000000
-1876.000000
-4226.000000
-5646.000000
-6230.000000
-6835.000000
-7126.000000
-7154.000000
-6276.000000
-4962.000000
-4794.000000
-5577.000000
-5989.000000
-5284.000000
-3995.000000
-2735.000000
-2094.000000
-1687.000000
-555.000000
893.000000
1857.000000
2436.000000
2677.000000
2726.000000
2739.000000
2887.000000
3477.000000
4449.000000
5282.000000
4950.000000
3582.000000
2035.000000
1145.000000
1009.000000
1015.000000
974.000000
457.000000
-535.000000
-1793.000000
-3005.000000
-3818.000000
-4039.000000
-4032.000000
-4371.000000
-4539.000000
-4269.000000
-3784.000000
-3197.000000
-2870.000000
-2786.000000
-2371.000000
-1454.000000
-503.000000
494.000000
1697.000000
2864.000000
3742.000000
4253.000000
4347.000000
4573.000000
5363.000000
6126.000000
6446.000000
6359.000000
6225.000000
6132.000000
5941.000000
5467.000000
4563.000000
3587.000000
2790.000000
2160.000000
1644.000000
1190.000000
645.000000
-334.000000
-1251.000000
-1979.000000
-2345.000000
-2345.000000
-2348.000000
-2499.000000
-2597.000000
-2367.000000
-1972.000000
-1422.000000
-950.000000
-695.000000
-375.000000
115.000000
617.000000
1208.000000
1788.000000
2126.000000
2547.000000
2828.000000
2916.000000
2990.000000
3120.000000
3108.000000
2614.000000
1356.000000
-869.000000
-2023.000000
-1976.000000
-965.000000
-580.000000
-1770.000000
-3886.000000
-5601.000000
-6241.000000
-6931.000000
-7340.000000
-7060.000000
-6142.000000
-4650.000000
-4263.000000
-5230.000000
-6255.000000
-5885.000000
-4546.000000
-2927.000000
-1859.000000
-1431.000000
-656.000000
509.000000
1335.000000
1861.000000
2144.000000
2275.000000
2454.000000
2706.000000
3243.000000
4044.000000
4686.000000
4366.000000
3249.000000
2044.000000
1256.000000
1057.000000
990.000000
742.000000
515.000000
-146.000000
-1196.000000
-2457.000000
-3435.000000
-3860.000000
-3691.000000
-3635.000000
-3831.000000
-3843.000000
-3636.000000
-3337.000000
-2880.000000
-2387.000000
-1774.000000
-869.000000
-100.000000
553.000000
1432.000000
2678.000000
3758.000000
4408.000000
4760.000000
5011.000000
5659.000000
6325.000000
6604.000000
6475.000000
6230.000000
6174.000000
6049.000000
5795.000000
5241.000000
4427.000000
3478.000000
2585.000000
1714.000000
986.000000
508.000000
-26.000000
-716.000000
-1398.000000
-1932.000000
-2339.000000
-2569.000000
-2672.000000
-2664.000000
-2294.000000
-1694.000000
-1260.000000
-1024.000000
-816.000000
-703.000000
-294.000000
462.000000
1236.000000
1947.000000
2368.000000
2598.000000
2409.000000
2389.000000
2479.000000
2764.000000
2836.000000
2141.000000
74.000000
-1821.000000
-2153.000000
-1340.000000
-388.000000
-1211.000000
-3343.000000
-5528.000000
-6272.000000
-6454.000000
-6749.000000
-6745.000000
-6339.000000
-5501.000000
-4872.000000
-5438.000000
-6455.000000
-6310.000000
-4904.000000
-3204.000000
-2018.000000
-1633.000000
-1415.000000
-582.000000
463.000000
1069.000000
1671.000000
2094.000000
2320.000000
2432.000000
2781.000000
3428.000000
4136.000000
4108.000000
3015.000000
1755.000000
1207.000000
1325.000000
1635.000000
1386.000000
703.000000
-270.000000
-1222.000000
-2119.000000
-2782.000000
-3069.000000
-3150.000000
-3097.000000
-3364.000000
-3532.000000
-3494.000000
-3239.000000
-2954.000000
-2491.000000
-1953.000000
-1015.000000
-9.000000
672.000000
1209.000000
1970.000000
2982.000000
3805.000000
4565.000000
5062.000000
5573.000000
6175.000000
6416.000000
6291.000000
6161.000000
6128.000000
6131.000000
6099.000000
5830.000000
5125.000000
4227.000000
3290.000000
2314.000000
1594.000000
1093.000000
522.000000
-72.000000
-762.000000
-1381.000000
-1719.000000
-1885.000000
-2063.000000
-2299.000000
-2269.000000
-2040.000000
-1486.000000
-977.000000
-644.000000
-253.000000
-12.000000
342.000000
769.000000
1288.000000
1684.000000
2138.000000
2328.000000
2454.000000
2689.000000
3084.000000
2900.000000
2141.000000
278.000000
-2027.000000
-2437.000000
-1709.000000
-321.000000
-634.000000
-2323.000000
-4965.000000
-6392.000000
-6681.000000
-7186.000000
-7033.000000
-6526.000000
-5575.000000
-4764.000000
-4959.000000
-6214.000000
-6769.000000
-5684.000000
-4084.000000
-2669.000000
-1872.000000
-1517.000000
-841.000000
159.000000
524.000000
838.000000
1346.000000
1867.000000
2156.000000
2445.000000
2855.000000
3438.000000
3646.000000
2868.000000
1665.000000
929.000000
934.000000
1273.000000
1222.000000
704.000000
-58.000000
-867.000000
-1675.000000
-2474.000000
-2941.000000
-3057.000000
-2921.000000
-3013.000000
-3292.000000
-3376.000000
-3128.000000
-2792.000000
-2422.000000
-2097.000000
-1277.000000
-213.000000
617.000000
1200.000000
1712.000000
2641.000000
3583.000000
4350.000000
4816.000000
5263.000000
5850.000000
6262.000000
6416.000000
6328.000000
6206.000000
6248.000000
6119.000000
5763.000000
5177.000000
4411.000000
3775.000000
3181.000000
2539.000000
1821.000000
1207.000000
506.000000
-232.000000
-886.000000
-1328.000000
-1517.000000
-1460.000000
-1538.000000
-1658.000000
-1495.000000
-1318.000000
-1095.000000
-876.000000
-614.000000
-302.000000
258.000000
858.000000
1429.000000
1888.000000
2056.000000
1883.000000
1857.000000
1961.000000
2497.000000
2871.000000
2477.000000
988.000000
-1183.000000
-2025.000000
-1828.000000
-722.000000
-869.000000
-2350.000000
-4263.000000
-5702.000000
-6067.000000
-6622.000000
-6696.000000
-6446.000000
-5642.000000
-4915.000000
-5115.000000
-5985.000000
-6521.000000
-5706.000000
-4246.000000
-2933.000000
-2184.000000
-1830.000000
-1325.000000
-515.000000
-40.000000
432.000000
1006.000000
1425.000000
1531.000000
1602.000000
2062.000000
2738.000000
3154.000000
2624.000000
1459.000000
624.000000
429.000000
586.000000
634.000000
358.000000
-151.000000
-869.000000
-1581.000000
-2339.000000
-2772.000000
-2877.000000
-2880.000000
-2964.000000
-3149.000000
-3087.000000
-2753.000000
-2432.000000
-2143.000000
-1962.000000
-1399.000000
-540.000000
228.000000
995.000000
1748.000000
2704.000000
3446.000000
3888.000000
4196.000000
4649.000000
5362.000000
5829.000000
5935.000000
5934.000000
5856.000000
5894.000000
5774.000000
5476.000000
4941.000000
4302.000000
3741.000000
3171.000000
2750.000000
2289.000000
1704.000000
1030.000000
289.000000
-326.000000
-653.000000
-787.000000
-780.000000
-859.000000
-941.000000
-859.000000
-846.000000
-600.000000
-444.000000
-8.000000
257.000000
521.000000
975.000000
1237.000000
1610.000000
1772.000000
1722.000000
1894.000000
2233.000000
2784.000000
2685.000000
2025.000000
364.000000
-1803.000000
-2034.000000
-1477.000000
-235.000000
-331.000000
-1993.000000
-4236.000000
-5652.000000
-5767.000000
-6287.000000
-5919.000000
-5500.000000
-4970.000000
-4435.000000
-4765.000000
-5779.000000
-6046.000000
-4868.000000
-3638.000000
-2587.000000
-2145.000000
-2105.000000
-1544.000000
-481.000000
-249.000000
58.000000
524.000000
887.000000
1062.000000
1033.000000
1206.000000
1638.000000
2173.000000
1696.000000
838.000000
224.000000
57.000000
251.000000
101.000000
-340.000000
-897.000000
-1386.000000
-1832.000000
-2080.000000
-2368.000000
-2628.000000
-2622.000000
-2870.000000
-3070.000000
-2820.000000
-2379.000000
-1939.000000
-1398.000000
-1161.000000
-911.000000
-188.000000
276.000000
719.000000
1498.000000
2618.000000
3337.000000
3968.000000
4155.000000
4185.000000
4647.000000
4874.000000
5015.000000
5166.000000
5504.000000
5509.000000
5361.000000
4930.000000
4214.000000
3634.000000
3220.000000
2850.000000
2559.000000
2341.000000
1930.000000
1348.000000
627.000000
12.000000
-371.000000
-377.000000
-237.000000
-177.000000
-67.000000
77.000000
83.000000
-1.000000
-17.000000
131.000000
510.000000
1039.000000
1439.000000
1720.000000
1818.000000
1672.000000
1477.000000
1432.000000
1555.000000
1878.000000
2335.000000
1813.000000
815.000000
-1423.000000
-2556.000000
-2318.000000
-1323.000000
-693.000000
-2068.000000
-3621.000000
-5337.000000
-5247.000000
-5382.000000
-5509.000000
-5106.000000
-4697.000000
-3869.000000
-3901.000000
-4560.000000
-5387.000000
-4525.000000
-3060.000000
-2020.000000
-1482.000000
-1539.000000
-1478.000000
-763.000000
-347.000000
-316.000000
280.000000
731.000000
823.000000
579.000000
468.000000
567.000000
1029.000000
1003.000000
211.000000
-272.000000
-368.000000
-238.000000
-203.000000
-491.000000
-1024.000000
-1461.000000
-1806.000000
-2139.000000
-2157.000000
-2046.000000
-2042.000000
-2319.000000
-2737.000000
-2765.000000
-2192.000000
-1530.000000
-1126.000000
-910.000000
-640.000000
-51.000000
399.000000
700.000000
1109.000000
1989.000000
2870.000000
3334.000000
3624.000000
3708.000000
4149.000000
4517.000000
4529.000000
4452.000000
4585.000000
4915.000000
5065.000000
4917.000000
4312.000000
3623.000000
3192.000000
2850.000000
2535.000000
2368.000000
2080.000000
1747.000000
1238.000000
678.000000
247.000000
238.000000
404.000000
311.000000
436.000000
402.000000
421.000000
518.000000
363.000000
449.000000
671.000000
1055.000000
1228.000000
1500.000000
1500.000000
1358.000000
1378.000000
1218.000000
1192.000000
1504.000000
1807.000000
1265.000000
358.000000
-1923.000000
-2865.000000
-2408.000000
-1170.000000
-750.000000
-2024.000000
-3666.000000
-5299.000000
-4943.000000
-5145.000000
-5130.000000
-4532.000000
-3888.000000
-3173.000000
-3283.000000
-4251.000000
-5123.000000
-4050.000000
-2510.000000
-1425.000000
-1036.000000
-1261.000000
-1388.000000
-664.000000
-439.000000
-411.000000
186.000000
604.000000
648.000000
319.000000
65.000000
198.000000
717.000000
541.000000
-276.000000
-642.000000
-696.000000
-365.000000
-255.000000
-609.000000
-1076.000000
-1461.000000
-1829.000000
-2128.000000
-1932.000000
-1810.000000
-1686.000000
-1958.000000
-2603.000000
-2699.000000
-2072.000000
-1353.000000
-915.000000
-647.000000
-559.000000
-36.000000
469.000000
693.000000
1134.000000
2074.000000
2882.000000
3254.000000
3346.000000
3339.000000
3744.000000
4240.000000
4390.000000
4237.000000
4312.000000
4477.000000
4573.000000
4479.000000
4027.000000
3449.000000
2971.000000
2637.000000
2368.000000
2154.000000
2029.000000
1721.000000
1211.000000
646.000000
139.000000
100.000000
260.000000
473.000000
548.000000
653.000000
711.000000
636.000000
541.000000
565.000000
697.000000
1109.000000
1400.000000
1618.000000
1674.000000
1452.000000
1262.000000
1015.000000
1184.000000
1285.000000
1681.000000
1150.000000
278.000000
-1708.000000
-2792.000000
-2455.000000
-1621.000000
-867.000000
-2019.000000
-3406.000000
-5066.000000
-4999.000000
-5061.000000
-4942.000000
-4246.000000
-3702.000000
-3055.000000
-3142.000000
-3886.000000
-4800.000000
-3945.000000
-2511.000000
-1303.000000
-727.000000
-849.000000
-1203.000000
-758.000000
-414.000000
-399.000000
286.000000
733.000000
707.000000
365.000000
54.000000
54.000000
516.000000
556.000000
-159.000000
-570.000000
-639.000000
-454.000000
-378.000000
-586.000000
-1058.000000
-1324.000000
-1612.000000
-1911.000000
-1843.000000
-1779.000000
-1505.000000
-1752.000000
-2280.000000
-2574.000000
-2151.000000
-1437.000000
-924.000000
-587.000000
-610.000000
-129.000000
367.000000
573.000000
959.000000
1667.000000
2451.000000
2973.000000
3206.000000
3154.000000
3440.000000
3860.000000
3927.000000
3909.000000
3987.000000
4211.000000
4443.000000
4396.000000
3958.000000
3401.000000
2954.000000
2611.000000
2448.000000
2349.000000
2161.000000
1931.000000
1403.000000
861.000000
454.000000
394.000000
497.000000
646.000000
694.000000
658.000000
765.000000
815.000000
669.000000
667.000000
732.000000
842.000000
1217.000000
1431.000000
1660.000000
1332.000000
1297.000000
787.000000
768.000000
1084.000000
1374.000000
1292.000000
534.000000
-997.000000
-3038.000000
-2772.000000
-2119.000000
-960.000000
-1348.000000
-2735.000000
-4779.000000
-5263.000000
-4854.000000
-5073.000000
-4238.000000
-3724.000000
-3048.000000
-2930.000000
-3284.000000
-4619.000000
-4422.000000
-2781.000000
-1522.000000
-638.000000
-661.000000
-1114.000000
-1029.000000
-340.000000
-353.000000
43.000000
679.000000
780.000000
586.000000
224.000000
95.000000
344.000000
574.000000
-20.000000
-581.000000
-654.000000
-426.000000
-92.000000
-310.000000
-807.000000
-1265.000000
-1401.000000
-1761.000000
-1683.000000
-1558.000000
-1498.000000
-1351.000000
-1923.000000
-2418.000000
-2368.000000
-1561.000000
-1113.000000
-660.000000
-540.000000
-490.000000
47.000000
379.000000
621.000000
1196.000000
2115.000000
2586.000000
2866.000000
2905.000000
3036.000000
3348.000000
3729.000000
3729.000000
3687.000000
3945.000000
4055.000000
4104.000000
3865.000000
3459.000000
2965.000000
2683.000000
2487.000000
2347.000000
2258.000000
2062.000000
1708.000000
1198.000000
796.000000
600.000000
608.000000
719.000000
806.000000
710.000000
709.000000
796.000000
740.000000
697.000000
876.000000
975.000000
1214.000000
1288.000000
1448.000000
1191.000000
1140.000000
1048.000000
865.000000
1156.000000
1335.000000
1456.000000
629.000000
-218.000000
-2220.000000
-2858.000000
-2143.000000
-1302.000000
-978.000000
-2133.000000
-3700.000000
-5135.000000
-4810.000000
-4734.000000
-4510.000000
-3892.000000
-3288.000000
-3130.000000
-3237.000000
-3851.000000
-4541.000000
-3485.000000
-2188.000000
-1235.000000
-863.000000
-927.000000
-1212.000000
-907.000000
-513.000000
-405.000000
325.000000
744.000000
671.000000
306.000000
88.000000
201.000000
468.000000
405.000000
-148.000000
-334.000000
-329.000000
-133.000000
-199.000000
-552.000000
-931.000000
-1110.000000
-1292.000000
-1515.000000
-1451.000000
-1494.000000
-1470.000000
-1724.000000
-2173.000000
-2355.000000
-1797.000000
-1223.000000
-950.000000
-739.000000
-676.000000
-302.000000
163.000000
507.000000
866.000000
1551.000000
2256.000000
2602.000000
2775.000000
2872.000000
3073.000000
3346.000000
3551.000000
3719.000000
3840.000000
4091.000000
4142.000000
3870.000000
3437.000000
3089.000000
2797.000000
2579.000000
2557.000000
2417.000000
2173.000000
1845.000000
1317.000000
739.000000
629.000000
723.000000
707.000000
849.000000
802.000000
586.000000
537.000000
563.000000
558.000000
664.000000
977.000000
991.000000
1218.000000
1305.000000
1232.000000
1078.000000
958.000000
1040.000000
1022.000000
1237.000000
1155.000000
1204.000000
624.000000
-93.000000
-1531.000000
-2513.000000
-2153.000000
-1387.000000
-924.000000
-2044.000000
-3307.000000
-4855.000000
-4704.000000
-4288.000000
-4324.000000
-3987.000000
-3425.000000
-3091.000000
-3243.000000
-3599.000000
-4550.000000
-3944.000000
-2451.000000
-1398.000000
-1036.000000
-1063.000000
-1407.000000
-1402.000000
-742.000000
-590.000000
42.000000
623.000000
634.000000
217.000000
-61.000000
9.000000
220.000000
415.000000
51.000000
-120.000000
-7.000000
76.000000
-148.000000
-431.000000
-829.000000
-818.000000
-816.000000
-1172.000000
-1163.000000
-1351.000000
-1390.000000
-1661.000000
-1899.000000
-2176.000000
-1723.000000
-1179.000000
-1139.000000
-887.000000
-710.000000
-305.000000
64.000000
382.000000
540.000000
1117.000000
2038.000000
2457.000000
2589.000000
2626.000000
2779.000000
3021.000000
3453.000000
3644.000000
3753.000000
4020.000000
4094.000000
3771.000000
3368.000000
3115.000000
2877.000000
2748.000000
2694.000000
2499.000000
2239.000000
1961.000000
1347.000000
729.000000
612.000000
725.000000
832.000000
928.000000
740.000000
497.000000
398.000000
440.000000
471.000000
553.000000
771.000000
1089.000000
1260.000000
1214.000000
1124.000000
954.000000
882.000000
1119.000000
1234.000000
1144.000000
1243.000000
1101.000000
715.000000
259.000000
-434.000000
-1938.000000
-2179.000000
-1723.000000
-1406.000000
-1537.000000
-2473.000000
-4005.000000
-4670.000000
-4253.000000
-4438.000000
-4183.000000
-3606.000000
-3335.000000
-3291.000000
-3271.000000
-4117.000000
-4451.000000
-3265.000000
-2143.000000
-1357.000000
-1082.000000
-1381.000000
-1731.000000
-1167.000000
-773.000000
-397.000000
290.000000
613.000000
357.000000
157.000000
-2.000000
125.000000
379.000000
346.000000
225.000000
160.000000
146.000000
-24.000000
-199.000000
-541.000000
-556.000000
-539.000000
-789.000000
-1048.000000
-1229.000000
-1459.000000
-1441.000000
-1567.000000
-1917.000000
-1904.000000
-1400.000000
-1113.000000
-915.000000
-635.000000
-617.000000
-228.000000
182.000000
497.000000
896.000000
1768.000000
2192.000000
2387.000000
2469.000000
2497.000000
2851.000000
3323.000000
3740.000000
3760.000000
3968.000000
3922.000000
3747.000000
3488.000000
3192.000000
3087.000000
2924.000000
2792.000000
2574.000000
2338.000000
1975.000000
1441.000000
870.000000
502.000000
621.000000
823.000000
786.000000
683.000000
454.000000
184.000000
277.000000
342.000000
462.000000
717.000000
984.000000
974.000000
847.000000
932.000000
821.000000
1265.000000
1294.000000
1318.000000
1110.000000
963.000000
751.000000
747.000000
967.000000
615.000000
47.000000
-1619.000000
-2226.000000
-2191.000000
-1557.000000
-1561.000000
-2339.000000
-3486.000000
-4373.000000
-4094.000000
-4348.000000
-4255.000000
-3757.000000
-3240.000000
-3066.000000
-3111.000000
-4093.000000
-4576.000000
-3347.000000
-2147.000000
-1428.000000
-1271.000000
-1634.000000
-1947.000000
-1248.000000
-821.000000
-526.000000
258.000000
447.000000
102.000000
-118.000000
-178.000000
29.000000
619.000000
699.000000
219.000000
-30.000000
-141.000000
-261.000000
-167.000000
-124.000000
-301.000000
-342.000000
-789.000000
-1332.000000
-1419.000000
-1344.000000
-1207.000000
-1329.000000
-1656.000000
-1826.000000
-1423.000000
-1010.000000
-793.000000
-505.000000
-312.000000
-60.000000
272.000000
639.000000
1044.000000
1806.000000
2190.000000
2279.000000
2312.000000
2632.000000
3022.000000
3515.000000
3783.000000
3628.000000
3700.000000
3735.000000
3729.000000
3628.000000
3565.000000
3266.000000
3047.000000
2774.000000
2397.000000
2122.000000
1839.000000
1532.000000
1047.000000
964.000000
864.000000
821.000000
687.000000
450.000000
246.000000
356.000000
558.000000
560.000000
631.000000
654.000000
596.000000
499.000000
646.000000
679.000000
1077.000000
1392.000000
1276.000000
976.000000
845.000000
671.000000
693.000000
971.000000
1107.000000
941.000000
380.000000
-1013.000000
-2429.000000
-2306.000000
-1814.000000
-1216.000000
-1583.000000
-2711.000000
-3979.000000
-4210.000000
-4159.000000
-4245.000000
-3834.000000
-3246.000000
-2988.000000
-3002.000000
-3552.000000
-4415.000000
-3831.000000
-2669.000000
-1864.000000
-1511.000000
-1606.000000
-1872.000000
-1628.000000
-1057.000000
-910.000000
-382.000000
94.000000
-55.000000
-217.000000
-226.000000
-132.000000
331.000000
447.000000
132.000000
-153.000000
-99.000000
-55.000000
84.000000
99.000000
-228.000000
-445.000000
-741.000000
-1169.000000
-1157.000000
-985.000000
-945.000000
-967.000000
-1385.000000
-1766.000000
-1619.000000
-1104.000000
-776.000000
-383.000000
-55.000000
28.000000
239.000000
333.000000
598.000000
1220.000000
1929.000000
2315.000000
2539.000000
2735.000000
2930.000000
3168.000000
3326.000000
3356.000000
3545.000000
3824.000000
4031.000000
4014.000000
3603.000000
3126.000000
2781.000000
2502.000000
2379.000000
2202.000000
2030.000000
1811.000000
1401.000000
913.000000
654.000000
604.000000
473.000000
399.000000
319.000000
392.000000
682.000000
695.000000
423.000000
254.000000
178.000000
345.000000
707.000000
1106.000000
1238.000000
1314.000000
1190.000000
904.000000
839.000000
1014.000000
1101.000000
1165.000000
1166.000000
973.000000
660.000000
57.000000
-1010.000000
-2190.000000
-2073.000000
-1514.000000
-1130.000000
-1569.000000
-2881.000000
-3955.000000
-4294.000000
-3917.000000
-4031.000000
-3822.000000
-3288.000000
-3142.000000
-3174.000000
-3513.000000
-4100.000000
-3937.000000
-2726.000000
-1976.000000
-1599.000000
-1594.000000
-1812.000000
-1789.000000
-1196.000000
-803.000000
-478.000000
177.000000
219.000000
-78.000000
-292.000000
-161.000000
159.000000
498.000000
442.000000
138.000000
75.000000
65.000000
-68.000000
-219.000000
-336.000000
-516.000000
-680.000000
-916.000000
-991.000000
-957.000000
-1047.000000
-1235.000000
-1511.000000
-1754.000000
-1467.000000
-838.000000
-486.000000
-245.000000
-142.000000
-243.000000
-4.000000
393.000000
821.000000
1553.000000
2316.000000
2519.000000
2451.000000
2538.000000
2689.000000
3003.000000
3409.000000
3617.000000
3679.000000
3973.000000
3927.000000
3594.000000
3275.000000
2783.000000
2443.000000
2429.000000
2492.000000
2320.000000
2108.000000
1623.000000
1006.000000
526.000000
351.000000
397.000000
478.000000
578.000000
409.000000
231.000000
131.000000
31.000000
-49.000000
203.000000
455.000000
633.000000
839.000000
920.000000
899.000000
991.000000
1178.000000
1085.000000
1125.000000
1210.000000
983.000000
965.000000
975.000000
881.000000
713.000000
301.000000
-703.000000
-1955.000000
-1885.000000
-1565.000000
-1222.000000
-1331.000000
-2533.000000
-3676.000000
-3994.000000
-3859.000000
-3914.000000
-3612.000000
-3259.000000
-3185.000000
-3096.000000
-3353.000000
-4063.000000
-3916.000000
-2843.000000
-2171.000000
-1652.000000
-1684.000000
-1998.000000
-1914.000000
-1258.000000
-876.000000
-473.000000
80.000000
-66.000000
-321.000000
-399.000000
-172.000000
293.000000
627.000000
490.000000
80.000000
-79.000000
-54.000000
40.000000
39.000000
-46.000000
-276.000000
-520.000000
-798.000000
-859.000000
-795.000000
-778.000000
-765.000000
-1193.000000
-1537.000000
-1339.000000
-790.000000
-381.000000
-128.000000
-197.000000
-383.000000
-52.000000
405.000000
904.000000
1599.000000
2183.000000
2206.000000
2252.000000
2338.000000
2517.000000
3033.000000
3487.000000
3595.000000
3630.000000
3645.000000
3433.000000
3272.000000
3057.000000
2761.000000
2600.000000
2589.000000
2447.000000
2188.000000
1851.000000
1383.000000
925.000000
622.000000
427.000000
454.000000
527.000000
391.000000
130.000000
-101.000000
-96.000000
40.000000
157.000000
282.000000
359.000000
480.000000
570.000000
568.000000
679.000000
902.000000
1085.000000
1135.000000
1074.000000
848.000000
804.000000
824.000000
724.000000
628.000000
720.000000
433.000000
-10.000000
-812.000000
-1906.000000
-1963.000000
-1514.000000
-1214.000000
-1619.000000
-2497.000000
-3448.000000
-3788.000000
-3498.000000
-3605.000000
-3520.000000
-3053.000000
-3004.000000
-3071.000000
-3241.000000
-3820.000000
-3605.000000
-2736.000000
-2124.000000
-1813.000000
-1701.000000
-1801.000000
-1715.000000
-1125.000000
-870.000000
-618.000000
-159.000000
-129.000000
-211.000000
-8.000000
220.000000
421.000000
531.000000
235.000000
-27.000000
126.000000
389.000000
330.000000
322.000000
39.000000
-333.000000
-495.000000
-745.000000
-761.000000
-600.000000
-522.000000
-719.000000
-1028.000000
-1246.000000
-1161.000000
-788.000000
-367.000000
-253.000000
-92.000000
98.000000
289.000000
648.000000
953.000000
1341.000000
1784.000000
2135.000000
2296.000000
2440.000000
2709.000000
2914.000000
3066.000000
3253.000000
3246.000000
3209.000000
3157.000000
2939.000000
2789.000000
2635.000000
2483.000000
2164.000000
1942.000000
1748.000000
1370.000000
1092.000000
805.000000
457.000000
389.000000
326.000000
222.000000
139.000000
84.000000
58.000000
72.000000
273.000000
206.000000
119.000000
312.000000
457.000000
683.000000
863.000000
844.000000
813.000000
876.000000
981.000000
913.000000
934.000000
958.000000
788.000000
784.000000
715.000000
547.000000
481.000000
122.000000
-421.000000
-1285.000000
-1698.000000
-1510.000000
-1311.000000
-1245.000000
-2046.000000
-3004.000000
-3526.000000
-3540.000000
-3394.000000
-3278.000000
-2964.000000
-2859.000000
-2999.000000
-3299.000000
-3727.000000
-3752.000000
-2927.000000
-2182.000000
-1790.000000
-1776.000000
-1959.000000
-1978.000000
-1524.000000
-931.000000
-675.000000
-270.000000
-55.000000
-135.000000
-35.000000
154.000000
349.000000
466.000000
406.000000
202.000000
231.000000
486.000000
581.000000
460.000000
237.000000
-137.000000
-396.000000
-534.000000
-480.000000
-296.000000
-218.000000
-344.000000
-777.000000
-1164.000000
-1245.000000
-852.000000
-311.000000
46.000000
229.000000
179.000000
126.000000
339.000000
670.000000
1128.000000
1788.000000
2185.000000
2266.000000
2299.000000
2363.000000
2444.000000
2736.000000
2988.000000
3035.000000
3103.000000
3052.000000
2833.000000
2548.000000
2352.000000
2130.000000
1983.000000
1953.000000
1648.000000
1299.000000
986.000000
600.000000
326.000000
289.000000
236.000000
210.000000
73.000000
-103.000000
-220.000000
-151.000000
-28.000000
32.000000
165.000000
200.000000
258.000000
389.000000
518.000000
647.000000
774.000000
742.000000
747.000000
730.000000
836.000000
1007.000000
1101.000000
1026.000000
648.000000
442.000000
284.000000
419.000000
568.000000
283.000000
-205.000000
-1149.000000
-1816.000000
-1890.000000
-1604.000000
-1389.000000
-1723.000000
-2432.000000
-3138.000000
-3433.000000
-3424.000000
-3369.000000
-2971.000000
-2731.000000
-2787.000000
-2895.000000
-3233.000000
-3456.000000
-3047.000000
-2534.000000
-2094.000000
-1831.000000
-1695.000000
-1641.000000
-1284.000000
-843.000000
-778.000000
-445.000000
-115.000000
27.000000
289.000000
487.000000
619.000000
696.000000
657.000000
392.000000
336.000000
578.000000
751.000000
731.000000
603.000000
231.000000
-92.000000
-198.000000
-251.000000
-213.000000
-156.000000
-168.000000
-434.000000
-688.000000
-818.000000
-755.000000
-412.000000
-101.000000
41.000000
124.000000
298.000000
476.000000
707.000000
998.000000
1270.000000
1617.000000
1903.000000
2102.000000
2296.000000
2448.000000
2546.000000
2520.000000
2460.000000
2440.000000
2593.000000
2722.000000
2651.000000
2423.000000
2032.000000
1643.000000
1431.000000
1324.000000
1203.000000
1173.000000
910.000000
535.000000
259.000000
40.000000
-56.000000
-12.000000
21.000000
-94.000000
-12.000000
-2.000000
-8.000000
131.000000
158.000000
182.000000
320.000000
472.000000
542.000000
603.000000
583.000000
488.000000
536.000000
680.000000
720.000000
854.000000
827.000000
592.000000
466.000000
346.000000
320.000000
336.000000
153.000000
-338.000000
-1083.000000
-1541.000000
-1604.000000
-1432.000000
-1376.000000
-1856.000000
-2541.000000
-3016.000000
-3108.000000
-3009.000000
-2974.000000
-2808.000000
-2745.000000
-2843.000000
-2870.000000
-3096.000000
-3148.000000
-2748.000000
-2357.000000
-2015.000000
-1803.000000
-1652.000000
-1547.000000
-1179.000000
-711.000000
-492.000000
-179.000000
17.000000
-10.000000
188.000000
507.000000
772.000000
919.000000
864.000000
612.000000
493.000000
696.000000
840.000000
906.000000
909.000000
666.000000
338.000000
116.000000
32.000000
64.000000
105.000000
-32.000000
-363.000000
-600.000000
-590.000000
-469.000000
-299.000000
-196.000000
-212.000000
-126.000000
74.000000
401.000000
697.000000
933.000000
1083.000000
1117.000000
1277.000000
1585.000000
1953.000000
2189.000000
2221.000000
2048.000000
1903.000000
1986.000000
2180.000000
2331.000000
2347.000000
2156.000000
1754.000000
1413.000000
1223.000000
1156.000000
1207.000000
1158.000000
892.000000
532.000000
214.000000
89.000000
67.000000
137.000000
108.000000
2.000000
-30.000000
-10.000000
92.000000
205.000000
286.000000
291.000000
235.000000
254.000000
371.000000
471.000000
614.000000
581.000000
496.000000
482.000000
510.000000
608.000000
595.000000
578.000000
418.000000
270.000000
222.000000
178.000000
152.000000
-46.000000
-416.000000
-1025.000000
-1437.000000
-1540.000000
-1414.000000
-1376.000000
-1660.000000
-2210.000000
-2663.000000
-2736.000000
-2686.000000
-2621.000000
-2529.000000
-2478.000000
-2503.000000
-2522.000000
-2573.000000
-2659.000000
-2470.000000
-2150.000000
-1875.000000
-1603.000000
-1348.000000
-1237.000000
-991.000000
-658.000000
-440.000000
-177.000000
56.000000
147.000000
242.000000
475.000000
654.000000
745.000000
813.000000
712.000000
669.000000
828.000000
878.000000
822.000000
798.000000
679.000000
553.000000
440.000000
312.000000
162.000000
49.000000
-72.000000
-251.000000
-344.000000
-396.000000
-361.000000
-285.000000
-241.000000
-204.000000
-139.000000
41.000000
290.000000
507.000000
603.000000
702.000000
824.000000
972.000000
1183.000000
1395.000000
1507.000000
1626.000000
1681.000000
1659.000000
1693.000000
1712.000000
1736.000000
1763.000000
1721.000000
1620.000000
1454.000000
1348.000000
1257.000000
1110.000000
974.000000
812.000000
688.000000
605.000000
511.000000
441.000000
259.000000
134.000000
88.000000
37.000000
164.000000
250.000000
215.000000
143.000000
111.000000
49.000000
107.000000
240.000000
297.000000
314.000000
317.000000
199.000000
85.000000
114.000000
182.000000
264.000000
288.000000
224.000000
46.000000
-33.000000
-30.000000
-15.000000
-26.000000
-193.000000
-496.000000
-875.000000
-1089.000000
-1102.000000
-1089.000000
-1119.000000
-1286.000000
-1665.000000
-1858.000000
-1889.000000
-1921.000000
-1919.000000
-1832.000000
-1873.000000
-1963.000000
-1951.000000
-2075.000000
-2037.000000
-1743.000000
-1582.000000
-1516.000000
-1448.000000
-1385.000000
-1256.000000
-903.000000
-608.000000
-462.000000
-276.000000
-211.000000
-199.000000
-30.000000
153.000000
291.000000
469.000000
558.000000
626.000000
731.000000
811.000000
782.000000
645.000000
589.000000
542.000000
614.000000
643.000000
554.000000
376.000000
121.000000
-99.000000
-271.000000
-296.000000
-164.000000
-106.000000
-55.000000
-94.000000
-187.000000
-152.000000
-70.000000
63.000000
221.000000
405.000000
514.000000
632.000000
724.000000
766.000000
890.000000
1013.000000
1059.000000
1125.000000
1205.000000
1301.000000
1443.000000
1536.000000
1546.000000
1466.000000
1409.000000
1312.000000
1227.000000
1189.000000
1108.000000
1064.000000
996.000000
855.000000
653.000000
481.000000
348.000000
283.000000
259.000000
228.000000
210.000000
167.000000
101.000000
20.000000
-43.000000
-29.000000
-8.000000
-59.000000
-80.000000
-134.000000
-163.000000
-109.000000
-112.000000
-108.000000
-120.000000
-132.000000
-135.000000
-87.000000
15.000000
76.000000
150.000000
119.000000
-21.000000
-72.000000
-52.000000
-23.000000
-4.000000
-95.000000
-271.000000
-442.000000
-594.000000
-707.000000
-734.000000
-679.000000
-754.000000
-827.000000
-949.000000
-1087.000000
-1168.000000
-1264.000000
-1360.000000
-1418.000000
-1403.000000
-1376.000000
-1345.000000
-1326.000000
-1384.000000
-1398.000000
-1304.000000
-1201.000000
-1036.000000
-891.000000
-759.000000
-611.000000
-522.000000
-480.000000
-446.000000
-358.000000
-233.000000
-72.000000
85.000000
202.000000
255.000000
268.000000
251.000000
294.000000
377.000000
395.000000
437.000000
358.000000
219.000000
87.000000
-1.000000
-7.000000
-7.000000
-4.000000
-64.000000
-94.000000
-111.000000
-183.000000
-190.000000
-128.000000
-33.000000
116.000000
222.000000
235.000000
170.000000
142.000000
190.000000
357.000000
583.000000
765.000000
863.000000
885.000000
879.000000
870.000000
945.000000
1045.000000
1173.000000
1215.000000
1250.000000
1250.000000
1197.000000
1146.000000
1073.000000
1002.000000
952.000000
991.000000
954.000000
907.000000
837.000000
683.000000
535.000000
478.000000
418.000000
396.000000
436.000000
378.000000
255.000000
165.000000
92.000000
62.000000
70.000000
65.000000
33.000000
60.000000
47.000000
-3.000000
-18.000000
-17.000000
-10.000000
34.000000
89.000000
146.000000
155.000000
138.000000
108.000000
16.000000
-39.000000
-37.000000
9.000000
6.000000
-53.000000
-205.000000
-415.000000
-523.000000
-563.000000
-552.000000
-511.000000
-571.000000
-741.000000
-955.000000
-1068.000000
-1136.000000
-1157.000000
-1165.000000
-1247.000000
-1337.000000
-1379.000000
-1418.000000
-1451.000000
-1459.000000
-1438.000000
-1389.000000
-1300.000000
-1142.000000
-1084.000000
-1045.000000
-986.000000
-953.000000
-878.000000
-738.000000
-565.000000
-407.000000
-257.000000
-190.000000
-211.000000
-162.000000
-16.000000
135.000000
305.000000
363.000000
291.000000
242.000000
208.000000
210.000000
247.000000
294.000000
298.000000
266.000000
228.000000
138.000000
117.000000
153.000000
146.000000
148.000000
128.000000
150.000000
228.000000
281.000000
284.000000
274.000000
358.000000
449.000000
567.000000
671.000000
692.000000
778.000000
854.000000
894.000000
982.000000
1061.000000
1107.000000
1152.000000
1161.000000
1105.000000
1047.000000
1054.000000
1054.000000
1041.000000
1031.000000
883.000000
801.000000
708.000000
609.000000
605.000000
561.000000
499.000000
413.000000
377.000000
308.000000
277.000000
246.000000
191.000000
217.000000
264.000000
236.000000
194.000000
161.000000
102.000000
130.000000
139.000000
131.000000
139.000000
124.000000
104.000000
98.000000
90.000000
-4.000000
-69.000000
-122.000000
-142.000000
-105.000000
-87.000000
-109.000000
-229.000000
-378.000000
-529.000000
-574.000000
-576.000000
-550.000000
-545.000000
-603.000000
-692.000000
-811.000000
-913.000000
-984.000000
-1031.000000
-1046.000000
-1042.000000
-1041.000000
-1090.000000
-1187.000000
-1280.000000
-1313.000000
-1255.000000
-1183.000000
-1157.000000
-1082.000000
-1081.000000
-1057.000000
-1003.000000
-957.000000
-849.000000
-736.000000
-623.000000
-559.000000
-477.000000
-396.000000
-285.000000
-146.000000
-25.000000
84.000000
213.000000
274.000000
283.000000
252.000000
206.000000
243.000000
297.000000
343.000000
342.000000
311.000000
233.000000
115.000000
55.000000
36.000000
70.000000
129.000000
124.000000
112.000000
123.000000
126.000000
157.000000
206.000000
267.000000
338.000000
439.000000
507.000000
544.000000
584.000000
672.000000
724.000000
794.000000
823.000000
820.000000
883.000000
921.000000
942.000000
933.000000
945.000000
941.000000
933.000000
941.000000
886.000000
812.000000
751.000000
683.000000
610.000000
607.000000
599.000000
580.000000
577.000000
533.000000
443.000000
390.000000
401.000000
404.000000
426.000000
442.000000
407.000000
344.000000
292.000000
229.000000
186.000000
185.000000
161.000000
99.000000
46.000000
32.000000
14.000000
-10.000000
-48.000000
-120.000000
-182.000000
-169.000000
-151.000000
-182.000000
-192.000000
-234.000000
-309.000000
-376.000000
-452.000000
-535.000000
-564.000000
-514.000000
-525.000000
-599.000000
-680.000000
-798.000000
-876.000000
-875.000000
-881.000000
-934.000000
-993.000000
-1082.000000
-1172.000000
-1177.000000
-1184.000000
-1190.000000
-1181.000000
-1163.000000
-1139.000000
-1084.000000
-987.000000
-905.000000
-785.000000
-702.000000
-657.000000
-572.000000
-464.000000
-337.000000
-208.000000
-133.000000
-94.000000
-32.000000
45.000000
142.000000
279.000000
337.000000
346.000000
344.000000
307.000000
238.000000
266.000000
270.000000
239.000000
235.000000
160.000000
90.000000
63.000000
60.000000
28.000000
49.000000
94.000000
63.000000
69.000000
130.000000
163.000000
235.000000
278.000000
234.000000
242.000000
299.000000
343.000000
376.000000
429.000000
450.000000
466.000000
519.000000
543.000000
588.000000
681.000000
732.000000
776.000000
779.000000
780.000000
777.000000
788.000000
805.000000
779.000000
744.000000
711.000000
666.000000
640.000000
617.000000
619.000000
616.000000
570.000000
536.000000
478.000000
441.000000
423.000000
356.000000
299.000000
242.000000
194.000000
147.000000
92.000000
26.000000
-17.000000
-25.000000
-42.000000
-67.000000
-75.000000
-70.000000
-66.000000
-55.000000
-77.000000
-116.000000
-137.000000
-134.000000
-111.000000
-71.000000
-47.000000
-67.000000
-119.000000
-204.000000
-252.000000
-280.000000
-260.000000
-256.000000
-307.000000
-375.000000
-460.000000
-544.000000
-625.000000
-685.000000
-746.000000
-791.000000
-844.000000
-910.000000
-942.000000
-938.000000
-923.000000
-888.000000
-843.000000
-827.000000
-783.000000
-721.000000
-650.000000
-593.000000
-544.000000
-507.000000
-454.000000
-358.000000
-289.000000
-254.000000
-224.000000
-201.000000
-145.000000
-59.000000
15.000000
88.000000
132.000000
139.000000
118.000000
57.000000
17.000000
0.000000
12.000000
33.000000
46.000000
23.000000
-36.000000
-70.000000
-109.000000
-131.000000
-94.000000
-70.000000
-21.000000
34.000000
50.000000
45.000000
38.000000
19.000000
25.000000
96.000000
187.000000
257.000000
314.000000
348.000000
343.000000
395.000000
448.000000
523.000000
611.000000
677.000000
708.000000
711.000000
736.000000
731.000000
747.000000
771.000000
769.000000
742.000000
703.000000
660.000000
645.000000
626.000000
621.000000
592.000000
539.000000
521.000000
458.000000
396.000000
349.000000
302.000000
245.000000
201.000000
165.000000
100.000000
81.000000
67.000000
14.000000
-4.000000
-7.000000
-27.000000
-26.000000
-33.000000
-50.000000
-50.000000
-33.000000
-31.000000
-34.000000
-25.000000
-42.000000
-18.000000
0.000000
-25.000000
-27.000000
-46.000000
-79.000000
-116.000000
-160.000000
-201.000000
-238.000000
-258.000000
-282.000000
-326.000000
-402.000000
-469.000000
-530.000000
-549.000000
-553.000000
-572.000000
-618.000000
-657.000000
-707.000000
-713.000000
-710.000000
-706.000000
-696.000000
-669.000000
-620.000000
-585.000000
-520.000000
-496.000000
-504.000000
-469.000000
-424.000000
-366.000000
-297.000000
-235.000000
-229.000000
-223.000000
-195.000000
-167.000000
-91.000000
-21.000000
3.000000
-3.000000
-20.000000
-42.000000
-36.000000
-27.000000
-26.000000
-50.000000
-49.000000
-40.000000
-49.000000
-64.000000
-101.000000
-116.000000
-89.000000
-51.000000
-14.000000
5.000000
24.000000
33.000000
32.000000
48.000000
74.000000
112.000000
171.000000
215.000000
245.000000
276.000000
313.000000
342.000000
379.000000
441.000000
498.000000
542.000000
560.000000
578.000000
593.000000
584.000000
593.000000
603.000000
605.000000
600.000000
587.000000
554.000000
528.000000
511.000000
487.000000
469.000000
464.000000
434.000000
392.000000
355.000000
296.000000
226.000000
213.000000
198.000000
157.000000
135.000000
101.000000
95.000000
94.000000
65.000000
21.000000
26.000000
71.000000
92.000000
118.000000
122.000000
116.000000
113.000000
109.000000
110.000000
136.000000
189.000000
223.000000
204.000000
145.000000
68.000000
9.000000
3.000000
-1.000000
-7.000000
-47.000000
-95.000000
-169.000000
-251.000000
-325.000000
-377.000000
-413.000000
-482.000000
-528.000000
-583.000000
-613.000000
-648.000000
-687.000000
-704.000000
-706.000000
-688.000000
-669.000000
-644.000000
-637.000000
-613.000000
-585.000000
-561.000000
-515.000000
-475.000000
-429.000000
-411.000000
-402.000000
-378.000000
-325.000000
-236.000000
-177.000000
-133.000000
-116.000000
-97.000000
-94.000000
-87.000000
-96.000000
-68.000000
-42.000000
-44.000000
-38.000000
-44.000000
-61.000000
-64.000000
-66.000000
-76.000000
-65.000000
-47.000000
-48.000000
-14.000000
-13.000000
-35.000000
-36.000000
-45.000000
-25.000000
6.000000
42.000000
60.000000
65.000000
89.000000
113.000000
158.000000
195.000000
220.000000
262.000000
304.000000
338.000000
360.000000
364.000000
382.000000
389.000000
410.000000
426.000000
446.000000
438.000000
431.000000
429.000000
403.000000
429.000000
467.000000
470.000000
476.000000
448.000000
402.000000
379.000000
383.000000
381.000000
367.000000
350.000000
314.000000
279.000000
275.000000
271.000000
256.000000
288.000000
291.000000
277.000000
265.000000
255.000000
248.000000
251.000000
280.000000
278.000000
265.000000
239.000000
203.000000
189.000000
197.000000
190.000000
169.000000
122.000000
64.000000
-5.000000
-52.000000
-92.000000
-139.000000
-193.000000
-236.000000
-268.000000
-309.000000
-360.000000
-420.000000
-476.000000
-521.000000
-540.000000
-557.000000
-579.000000
-588.000000
-607.000000
-620.000000
-620.000000
-650.000000
-657.000000
-626.000000
-570.000000
-540.000000
-517.000000
-506.000000
-496.000000
-457.000000
-400.000000
-327.000000
-277.000000
-235.000000
-223.000000
-223.000000
-181.000000
-147.000000
-119.000000
-81.000000
-65.000000
-85.000000
-102.000000
-99.000000
-120.000000
-126.000000
-101.000000
-95.000000
-104.000000
-96.000000
-114.000000
-120.000000
-120.000000
-149.000000
-167.000000
-151.000000
-111.000000
-91.000000
-75.000000
-87.000000
-124.000000
-106.000000
-67.000000
-37.000000
15.000000
52.000000
77.000000
82.000000
94.000000
116.000000
158.000000
222.000000
254.000000
277.000000
309.000000
330.000000
349.000000
378.000000
398.000000
431.000000
471.000000
504.000000
524.000000
536.000000
549.000000
559.000000
584.000000
601.000000
579.000000
573.000000
561.000000
569.000000
575.000000
566.000000
534.000000
493.000000
476.000000
439.000000
436.000000
431.000000
401.000000
366.000000
321.000000
280.000000
272.000000
270.000000
260.000000
241.000000
209.000000
177.000000
152.000000
145.000000
125.000000
119.000000
88.000000
40.000000
-1.000000
-52.000000
-107.000000
-136.000000
-158.000000
-202.000000
-233.000000
-274.000000
-332.000000
-359.000000
-393.000000
-441.000000
-468.000000
-519.000000
-553.000000
-553.000000
-560.000000
-582.000000
-595.000000
-606.000000
-602.000000
-568.000000
-536.000000
-495.000000
-454.000000
-434.000000
-429.000000
-402.000000
-372.000000
-338.000000
-282.000000
-247.000000
-218.000000
-199.000000
-167.000000
-150.000000
-124.000000
-99.000000
-106.000000
-100.000000
-122.000000
-130.000000
-147.000000
-158.000000
-175.000000
-204.000000
-224.000000
-241.000000
-245.000000
-241.000000
-253.000000
-258.000000
-267.000000
-269.000000
-267.000000
-265.000000
-250.000000
-245.000000
-231.000000
-218.000000
-217.000000
-194.000000
-162.000000
-145.000000
-110.000000
-79.000000
-54.000000
-21.000000
14.000000
73.000000
131.000000
187.000000
220.000000
244.000000
287.000000
336.000000
398.000000
456.000000
492.000000
503.000000
518.000000
547.000000
578.000000
615.000000
653.000000
680.000000
673.000000
664.000000
665.000000
672.000000
673.000000
674.000000
648.000000
609.000000
573.000000
524.000000
491.000000
480.000000
462.000000
428.000000
400.000000
358.000000
303.000000
277.000000
260.000000
239.000000
234.000000
212.000000
166.000000
141.000000
115.000000
85.000000
53.000000
12.000000
-17.000000
-56.000000
-81.000000
-100.000000
-110.000000
-139.000000
-195.000000
-233.000000
-262.000000
-278.000000
-281.000000
-293.000000
-309.000000
-347.000000
-386.000000
-419.000000
-437.000000
-437.000000
-430.000000
-422.000000
-434.000000
-435.000000
-428.000000
-412.000000
-378.000000
-343.000000
-329.000000
-332.000000
-320.000000
-301.000000
-285.000000
-268.000000
-258.000000
-248.000000
-213.000000
-195.000000
-199.000000
-203.000000
-226.000000
-230.000000
-225.000000
-228.000000
-235.000000
-249.000000
-253.000000
-281.000000
-320.000000
-359.000000
-379.000000
-370.000000
-360.000000
-336.000000
-337.000000
-352.000000
-375.000000
-393.000000
-375.000000
-354.000000
-323.000000
-297.000000
-273.000000
-256.000000
-226.000000
-184.000000
-135.000000
-84.000000
-27.000000
27.000000
89.000000
158.000000
216.000000
268.000000
311.000000
351.000000
382.000000
437.000000
501.000000
554.000000
597.000000
597.000000
586.000000
598.000000
630.000000
670.000000
712.000000
715.000000
691.000000
658.000000
617.000000
601.000000
609.000000
623.000000
613.000000
580.000000
541.000000
474.000000
456.000000
439.000000
404.000000
386.000000
376.000000
345.000000
302.000000
266.000000
213.000000
163.000000
121.000000
102.000000
88.000000
83.000000
53.000000
13.000000
-21.000000
-57.000000
-66.000000
-68.000000
-72.000000
-88.000000
-129.000000
-160.000000
-185.000000
-206.000000
-208.000000
-214.000000
-229.000000
-234.000000
-245.000000
-266.000000
-292.000000
-304.000000
-312.000000
-301.000000
-281.000000
-301.000000
-323.000000
-348.000000
-350.000000
-340.000000
-318.000000
-311.000000
-303.000000
-296.000000
-299.000000
-314.000000
-320.000000
-308.000000
-295.000000
-279.000000
-288.000000
-279.000000
-281.000000
-284.000000
-279.000000
-290.000000
-291.000000
-293.000000
-298.000000
-314.000000
-338.000000
-349.000000
-362.000000
-378.000000
-392.000000
-406.000000
-399.000000
-386.000000
-373.000000
-356.000000
-349.000000
-339.000000
-324.000000
-301.000000
-253.000000
-229.000000
-187.000000
-150.000000
-117.000000
-68.000000
-9.000000
33.000000
77.000000
137.000000
162.000000
204.000000
259.000000
307.000000
341.000000
387.000000
415.000000
441.000000
479.000000
493.000000
503.000000
514.000000
523.000000
537.000000
547.000000
557.000000
554.000000
563.000000
558.000000
535.000000
514.000000
498.000000
487.000000
487.000000
482.000000
460.000000
444.000000
409.000000
364.000000
325.000000
300.000000
284.000000
271.000000
247.000000
211.000000
169.000000
131.000000
105.000000
89.000000
81.000000
75.000000
57.000000
33.000000
9.000000
-3.000000
-11.000000
-13.000000
-10.000000
-16.000000
-24.000000
-32.000000
-58.000000
-87.000000
-97.000000
-105.000000
-99.000000
-98.000000
-110.000000
-127.000000
-163.000000
-193.000000
-233.000000
-262.000000
-249.000000
-243.000000
-259.000000
-289.000000
-335.000000
-370.000000
-380.000000
-358.000000
-337.000000
-315.000000
-299.000000
-316.000000
-339.000000
-348.000000
-351.000000
-332.000000
-307.000000
-305.000000
-307.000000
-315.000000
-324.000000
-335.000000
-321.000000
-314.000000
-304.000000
-293.000000
-294.000000
-292.000000
-297.000000
-293.000000
-297.000000
-305.000000
-297.000000
-290.000000
-266.000000
-234.000000
-217.000000
-215.000000
-208.000000
-186.000000
-157.000000
-111.000000
-69.000000
-35.000000
-12.000000
1.000000
14.000000
41.000000
83.000000
133.000000
160.000000
185.000000
214.000000
221.000000
248.000000
285.000000
320.000000
349.000000
377.000000
394.000000
408.000000
431.000000
450.000000
466.000000
478.000000
468.000000
471.000000
485.000000
482.000000
483.000000
466.000000
453.000000
446.000000
436.000000
414.000000
395.000000
385.000000
375.000000
347.000000
311.000000
277.000000
260.000000
254.000000
244.000000
236.000000
207.000000
165.000000
134.000000
111.000000
95.000000
101.000000
102.000000
94.000000
75.000000
36.000000
9.000000
-7.000000
-4.000000
-3.000000
-1.000000
-8.000000
-25.000000
-51.000000
-85.000000
-117.000000
-147.000000
-161.000000
-171.000000
-167.000000
-171.000000
-213.000000
-249.000000
-284.000000
-307.000000
-296.000000
-278.000000
-270.000000
-268.000000
-292.000000
-319.000000
-330.000000
-325.000000
-307.000000
-292.000000
-284.000000
-291.000000
-312.000000
-323.000000
-330.000000
-325.000000
-309.000000
-289.000000
-270.000000
-273.000000
-274.000000
-277.000000
-269.000000
-250.000000
-233.000000
-204.000000
-189.000000
-180.000000
-174.000000
-170.000000
-171.000000
-161.000000
-137.000000
-123.000000
-100.000000
-80.000000
-68.000000
-62.000000
-63.000000
-54.000000
-35.000000
-9.000000
1.000000
6.000000
3.000000
1.000000
11.000000
19.000000
33.000000
41.000000
61.000000
75.000000
94.000000
115.000000
130.000000
149.000000
170.000000
198.000000
215.000000
230.000000
238.000000
240.000000
256.000000
257.000000
256.000000
261.000000
266.000000
282.000000
288.000000
285.000000
272.000000
266.000000
265.000000
270.000000
272.000000
259.000000
234.000000
215.000000
194.000000
185.000000
185.000000
172.000000
164.000000
152.000000
151.000000
156.000000
155.000000
144.000000
136.000000
120.000000
109.000000
103.000000
87.000000
67.000000
48.000000
26.000000
-1.000000
-23.000000
-46.000000
-65.000000
-65.000000
-73.000000
-81.000000
-99.000000
-121.000000
-135.000000
-142.000000
-139.000000
-137.000000
-149.000000
-168.000000
-164.000000
-161.000000
-154.000000
-154.000000
-161.000000
-160.000000
-148.000000
-126.000000
-115.000000
-116.000000
-121.000000
-114.000000
-95.000000
-78.000000
-75.000000
-90.000000
-94.000000
-97.000000
-87.000000
-68.000000
-69.000000
-65.000000
-57.000000
-42.000000
-42.000000
-39.000000
-43.000000
-48.000000
-26.000000
-16.000000
-11.000000
-13.000000
-23.000000
-32.000000
-28.000000
-21.000000
-27.000000
-32.000000
-34.000000
-29.000000
-11.000000
-13.000000
-27.000000
-40.000000
-41.000000
-31.000000
-24.000000
-37.000000
-42.000000
-38.000000
-23.000000
-2.000000
-10.000000
-19.000000
-17.000000
-6.000000
17.000000
29.000000
21.000000
5.000000
4.000000
12.000000
15.000000
26.000000
28.000000
28.000000
36.000000
39.000000
31.000000
25.000000
30.000000
40.000000
64.000000
77.000000
74.000000
64.000000
62.000000
71.000000
71.000000
64.000000
60.000000
71.000000
96.000000
121.000000
117.000000
88.000000
66.000000
58.000000
65.000000
86.000000
92.000000
65.000000
42.000000
13.000000
-7.000000
-11.000000
-20.000000
-23.000000
-12.000000
7.000000
9.000000
-21.000000
-83.000000
-113.000000
-90.000000
-27.000000
11.000000
-9.000000
-65.000000
-90.000000
-58.000000
-21.000000
-9.000000
-36.000000
-46.000000
-6.000000
59.000000
92.000000
56.000000
6.000000
1.000000
44.000000
93.000000
87.000000
44.000000
32.000000
68.000000
118.000000
135.000000
105.000000
50.000000
35.000000
69.000000
114.000000
113.000000
71.000000
32.000000
47.000000
89.000000
96.000000
60.000000
-7.000000
-54.000000
-41.000000
-5.000000
12.000000
-11.000000
-46.000000
-54.000000
-45.000000
-43.000000
-69.000000
-93.000000
-105.000000
-84.000000
-43.000000
-37.000000
-61.000000
-80.000000
-85.000000
-80.000000
-75.000000
-95.000000
-120.000000
-125.000000
-119.000000
-106.000000
-121.000000
-166.000000
-207.000000
-204.000000
-168.000000
-152.000000
-169.000000
-204.000000
-223.000000
-203.000000
-161.000000
-141.000000
-155.000000
-161.000000
-161.000000
-150.000000
-126.000000
-136.000000
-139.000000
-108.000000
-61.000000
-15.000000
6.000000
3.000000
-2.000000
17.000000
48.000000
77.000000
82.000000
77.000000
92.000000
112.000000
114.000000
84.000000
45.000000
25.000000
47.000000
82.000000
103.000000
82.000000
46.000000
44.000000
58.000000
73.000000
79.000000
70.000000
84.000000
114.000000
139.000000
120.000000
89.000000
67.000000
73.000000
115.000000
142.000000
139.000000
115.000000
108.000000
127.000000
149.000000
148.000000
134.000000
131.000000
154.000000
182.000000
189.000000
170.000000
143.000000
135.000000
160.000000
180.000000
174.000000
157.000000
148.000000
156.000000
165.000000
159.000000
135.000000
129.000000
140.000000
143.000000
133.000000
91.000000
55.000000
37.000000
52.000000
72.000000
66.000000
38.000000
0.000000
-22.000000
-31.000000
-39.000000
-53.000000
-67.000000
-69.000000
-57.000000
-54.000000
-79.000000
-114.000000
-146.000000
-147.000000
-123.000000
-109.000000
-122.000000
-156.000000
-170.000000
-171.000000
-167.000000
-181.000000
-220.000000
-246.000000
-250.000000
-241.000000
-235.000000
-250.000000
-277.000000
-285.000000
-264.000000
-240.000000
-230.000000
-238.000000
-250.000000
-233.000000
-195.000000
-168.000000
-149.000000
-147.000000
-143.000000
-124.000000
-106.000000
-86.000000
-76.000000
-62.000000
-32.000000
4.000000
21.000000
20.000000
20.000000
27.000000
44.000000
56.000000
57.000000
52.000000
55.000000
70.000000
96.000000
92.000000
66.000000
50.000000
63.000000
87.000000
95.000000
87.000000
72.000000
73.000000
89.000000
91.000000
75.000000
60.000000
69.000000
92.000000
113.000000
112.000000
94.000000
98.000000
128.000000
158.000000
161.000000
145.000000
134.000000
136.000000
153.000000
168.000000
170.000000
162.000000
161.000000
172.000000
195.000000
192.000000
161.000000
142.000000
141.000000
156.000000
173.000000
167.000000
146.000000
132.000000
138.000000
143.000000
131.000000
112.000000
84.000000
72.000000
94.000000
119.000000
106.000000
72.000000
31.000000
13.000000
16.000000
21.000000
20.000000
4.000000
-12.000000
-19.000000
-24.000000
-34.000000
-62.000000
-93.000000
-108.000000
-108.000000
-103.000000
-118.000000
-145.000000
-161.000000
-172.000000
-174.000000
-186.000000
-210.000000
-224.000000
-230.000000
-214.000000
-207.000000
-221.000000
-228.000000
-233.000000
-225.000000
-219.000000
-222.000000
-222.000000
-226.000000
-211.000000
-193.000000
-192.000000
-191.000000
-183.000000
-166.000000
-143.000000
-133.000000
-129.000000
-130.000000
-118.000000
-88.000000
-73.000000
-64.000000
-67.000000
-65.000000
-58.000000
-47.000000
-34.000000
-27.000000
-24.000000
-11.000000
3.000000
16.000000
26.000000
19.000000
17.000000
23.000000
24.000000
26.000000
41.000000
52.000000
80.000000
86.000000
72.000000
52.000000
41.000000
47.000000
64.000000
79.000000
75.000000
69.000000
70.000000
89.000000
103.000000
96.000000
72.000000
66.000000
77.000000
102.000000
127.000000
127.000000
115.000000
119.000000
134.000000
143.000000
129.000000
111.000000
113.000000
151.000000
181.000000
181.000000
166.000000
158.000000
168.000000
179.000000
184.000000
172.000000
160.000000
159.000000
179.000000
194.000000
190.000000
173.000000
148.000000
144.000000
137.000000
133.000000
131.000000
115.000000
102.000000
93.000000
81.000000
77.000000
68.000000
47.000000
33.000000
20.000000
6.000000
-1.000000
-20.000000
-34.000000
-37.000000
-48.000000
-56.000000
-75.000000
-99.000000
-115.000000
-119.000000
-125.000000
-131.000000
-139.000000
-143.000000
-142.000000
-140.000000
-137.000000
-151.000000
-175.000000
-186.000000
-199.000000
-184.000000
-157.000000
-143.000000
-144.000000
-153.000000
-161.000000
-163.000000
-163.000000
-154.000000
-144.000000
-140.000000
-135.000000
-136.000000
-130.000000
-132.000000
-137.000000
-133.000000
-126.000000
-124.000000
-115.000000
-100.000000
-93.000000
-95.000000
-106.000000
-101.000000
-90.000000
-64.000000
-50.000000
-38.000000
-33.000000
-37.000000
-39.000000
-32.000000
-28.000000
-23.000000
-4.000000
10.000000
23.000000
24.000000
21.000000
13.000000
20.000000
34.000000
47.000000
46.000000
40.000000
30.000000
35.000000
54.000000
65.000000
81.000000
86.000000
93.000000
102.000000
115.000000
117.000000
120.000000
128.000000
131.000000
146.000000
151.000000
151.000000
161.000000
167.000000
170.000000
169.000000
165.000000
173.000000
195.000000
214.000000
216.000000
211.000000
193.000000
185.000000
180.000000
174.000000
170.000000
163.000000
155.000000
152.000000
137.000000
126.000000
117.000000
97.000000
86.000000
67.000000
48.000000
42.000000
37.000000
26.000000
10.000000
-13.000000
-30.000000
-45.000000
-56.000000
-77.000000
-97.000000
-98.000000
-88.000000
-84.000000
-95.000000
-110.000000
-118.000000
-130.000000
-141.000000
-141.000000
-153.000000
-149.000000
-136.000000
-119.000000
-124.000000
-147.000000
-158.000000
-168.000000
-161.000000
-157.000000
-162.000000
-168.000000
-164.000000
-160.000000
-156.000000
-167.000000
-183.000000
-188.000000
-181.000000
-174.000000
-168.000000
-171.000000
-175.000000
-170.000000
-149.000000
-138.000000
-137.000000
-127.000000
-118.000000
-100.000000
-84.000000
-75.000000
-75.000000
-65.000000
-47.000000
-27.000000
-8.000000
0.000000
-6.000000
-3.000000
0.000000
9.000000
20.000000
28.000000
36.000000
52.000000
58.000000
55.000000
44.000000
35.000000
54.000000
81.000000
107.000000
109.000000
103.000000
101.000000
115.000000
126.000000
129.000000
135.000000
132.000000
136.000000
146.000000
162.000000
165.000000
163.000000
167.000000
175.000000
181.000000
183.000000
175.000000
181.000000
181.000000
197.000000
202.000000
189.000000
185.000000
179.000000
183.000000
191.000000
186.000000
162.000000
149.000000
149.000000
157.000000
168.000000
153.000000
130.000000
111.000000
90.000000
94.000000
88.000000
75.000000
49.000000
17.000000
8.000000
8.000000
-1.000000
-25.000000
-39.000000
-56.000000
-60.000000
-64.000000
-75.000000
-86.000000
-102.000000
-104.000000
-96.000000
-113.000000
-130.000000
-147.000000
-148.000000
-147.000000
-145.000000
-157.000000
-187.000000
-189.000000
-181.000000
-175.000000
-181.000000
-197.000000
-204.000000
-203.000000
-197.000000
-190.000000
-190.000000
-192.000000
-190.000000
-190.000000
-192.000000
-193.000000
-201.000000
-199.000000
-185.000000
-176.000000
-172.000000
-172.000000
-164.000000
-157.000000
-146.000000
-131.000000
-116.000000
-107.000000
-92.000000
-76.000000
-61.000000
-51.000000
-38.000000
-29.000000
-25.000000
-14.000000
-9.000000
-2.000000
-2.000000
-2.000000
-1.000000
16.000000
29.000000
42.000000
69.000000
70.000000
68.000000
66.000000
74.000000
94.000000
106.000000
111.000000
120.000000
128.000000
130.000000
139.000000
152.000000
146.000000
153.000000
167.000000
175.000000
183.000000
181.000000
186.000000
183.000000
185.000000
192.000000
191.000000
187.000000
191.000000
192.000000
190.000000
186.000000
176.000000
170.000000
169.000000
171.000000
173.000000
171.000000
163.000000
151.000000
140.000000
130.000000
124.000000
120.000000
112.000000
103.000000
91.000000
86.000000
81.000000
79.000000
60.000000
45.000000
30.000000
22.000000
17.000000
4.000000
-10.000000
-24.000000
-31.000000
-42.000000
-59.000000
-76.000000
-97.000000
-104.000000
-99.000000
-113.000000
-132.000000
-143.000000
-150.000000
-155.000000
-166.000000
-175.000000
-183.000000
-188.000000
-189.000000
-192.000000
-201.000000
-204.000000
-212.000000
-206.000000
-206.000000
-203.000000
-201.000000
-195.000000
-180.000000
-170.000000
-172.000000
-171.000000
-161.000000
-153.000000
-147.000000
-140.000000
-134.000000
-129.000000
-118.000000
-98.000000
-86.000000
-82.000000
-80.000000
-67.000000
-54.000000
-46.000000
-43.000000
-54.000000
-54.000000
-44.000000
-28.000000
-11.000000
-8.000000
-4.000000
3.000000
13.000000
21.000000
19.000000
7.000000
15.000000
33.000000
59.000000
72.000000
75.000000
69.000000
68.000000
73.000000
89.000000
99.000000
105.000000
117.000000
128.000000
145.000000
150.000000
144.000000
136.000000
147.000000
158.000000
175.000000
190.000000
177.000000
173.000000
174.000000
178.000000
177.000000
170.000000
166.000000
175.000000
182.000000
181.000000
167.000000
156.000000
142.000000
141.000000
153.000000
146.000000
131.000000
107.000000
103.000000
100.000000
91.000000
89.000000
82.000000
75.000000
56.000000
49.000000
37.000000
26.000000
15.000000
7.000000
18.000000
9.000000
6.000000
-3.000000
-18.000000
-30.000000
-52.000000
-68.000000
-83.000000
-92.000000
-88.000000
-85.000000
-92.000000
-107.000000
-128.000000
-146.000000
-155.000000
-159.000000
-165.000000
-164.000000
-171.000000
-157.000000
-150.000000
-155.000000
-164.000000
-178.000000
-180.000000
-182.000000
-174.000000
-167.000000
-160.000000
-153.000000
-148.000000
-133.000000
-130.000000
-132.000000
-137.000000
-131.000000
-118.000000
-107.000000
-101.000000
-97.000000
-89.000000
-77.000000
-73.000000
-65.000000
-59.000000
-55.000000
-50.000000
-45.000000
-32.000000
-26.000000
-24.000000
-21.000000
-25.000000
-14.000000
-10.000000
-1.000000
15.000000
21.000000
25.000000
26.000000
28.000000
38.000000
44.000000
44.000000
52.000000
61.000000
63.000000
68.000000
72.000000
78.000000
95.000000
101.000000
110.000000
112.000000
108.000000
110.000000
111.000000
123.000000
135.000000
151.000000
147.000000
151.000000
149.000000
143.000000
143.000000
138.000000
149.000000
149.000000
141.000000
137.000000
133.000000
121.000000
112.000000
99.000000
90.000000
92.000000
97.000000
92.000000
88.000000
77.000000
73.000000
61.000000
50.000000
50.000000
41.000000
38.000000
33.000000
30.000000
23.000000
12.000000
-1.000000
-9.000000
-16.000000
-14.000000
-15.000000
-23.000000
-24.000000
-27.000000
-38.000000
-41.000000
-55.000000
-65.000000
-72.000000
-72.000000
-69.000000
-73.000000
-82.000000
-89.000000
