5.000000
4.000000
1.000000
-2.000000
-6.000000
-9.000000
-4.000000
-7.000000
-14.000000
-9.000000
-7.000000
-4.000000
-10.000000
-11.000000
-7.000000
-7.000000
-11.000000
-11.000000
-14.000000
-8.000000
-4.000000
-17.000000
-6.000000
-3.000000
-1.000000
-1.000000
-2.000000
6.000000
0.000000
0.000000
1.000000
4.000000
6.000000
5.000000
-1.000000
-4.000000
-8.000000
-14.000000
-7.000000
-4.000000
-6.000000
-2.000000
-7.000000
-5.000000
-5.000000
-1.000000
0.000000
-3.000000
-2.000000
-1.000000
-3.000000
3.000000
5.000000
-7.000000
-5.000000
5.000000
-2.000000
0.000000
-1.000000
-1.000000
0.000000
-1.000000
3.000000
2.000000
12.000000
4.000000
7.000000
4.000000
7.000000
11.000000
4.000000
7.000000
10.000000
17.000000
24.000000
15.000000
8.000000
11.000000
15.000000
6.000000
5.000000
4.000000
4.000000
9.000000
3.000000
5.000000
3.000000
10.000000
9.000000
6.000000
10.000000
6.000000
10.000000
8.000000
6.000000
9.000000
9.000000
8.000000
6.000000
4.000000
1.000000
-1.000000
0.000000
-1.000000
-5.000000
2.000000
3.000000
-5.000000
-2.000000
-2.000000
-5.000000
0.000000
-6.000000
-3.000000
-3.000000
-8.000000
6.000000
1.000000
-1.000000
1.000000
-1.000000
8.000000
3.000000
4.000000
0.000000
-7.000000
-9.000000
-6.000000
-3.000000
-8.000000
-8.000000
-17.000000
-13.000000
-9.000000
-11.000000
-11.000000
-11.000000
-6.000000
-7.000000
-13.000000
-9.000000
-10.000000
-14.000000
-15.000000
-16.000000
-10.000000
-10.000000
-5.000000
-4.000000
-11.000000
-9.000000
-8.000000
-10.000000
-13.000000
-12.000000
-10.000000
-18.000000
-10.000000
-7.000000
-7.000000
-4.000000
-5.000000
-2.000000
2.000000
8.000000
0.000000
5.000000
1.000000
-8.000000
-4.000000
-5.000000
0.000000
0.000000
5.000000
-4.000000
-1.000000
-5.000000
1.000000
4.000000
3.000000
13.000000
0.000000
5.000000
5.000000
5.000000
5.000000
2.000000
-1.000000
5.000000
7.000000
6.000000
8.000000
7.000000
5.000000
2.000000
10.000000
7.000000
4.000000
5.000000
7.000000
5.000000
13.000000
16.000000
12.000000
12.000000
14.000000
18.000000
13.000000
17.000000
13.000000
8.000000
12.000000
15.000000
11.000000
11.000000
10.000000
7.000000
11.000000
8.000000
5.000000
2.000000
5.000000
8.000000
9.000000
14.000000
11.000000
12.000000
13.000000
10.000000
9.000000
4.000000
1.000000
-1.000000
-1.000000
1.000000
-5.000000
-5.000000
-2.000000
0.000000
2.000000
-5.000000
0.000000
4.000000
5.000000
2.000000
0.000000
2.000000
0.000000
5.000000
-2.000000
4.000000
3.000000
-5.000000
-1.000000
-7.000000
-1.000000
-5.000000
-5.000000
-2.000000
-6.000000
-7.000000
-6.000000
-5.000000
-6.000000
-6.000000
-1.000000
2.000000
4.000000
6.000000
3.000000
7.000000
3.000000
8.000000
6.000000
-2.000000
-9.000000
-7.000000
-5.000000
-8.000000
-5.000000
-3.000000
-1.000000
-8.000000
-2.000000
0.000000
0.000000
-2.000000
4.000000
1.000000
1.000000
3.000000
-2.000000
1.000000
-3.000000
-4.000000
-4.000000
-8.000000
-7.000000
-5.000000
-2.000000
-5.000000
-12.000000
-4.000000
-6.000000
-9.000000
-7.000000
-9.000000
-7.000000
-9.000000
-8.000000
-9.000000
-6.000000
-10.000000
-8.000000
-2.000000
-1.000000
1.000000
-5.000000
-3.000000
-3.000000
0.000000
-1.000000
-4.000000
-7.000000
-4.000000
-2.000000
0.000000
3.000000
1.000000
5.000000
7.000000
10.000000
11.000000
14.000000
9.000000
8.000000
8.000000
0.000000
1.000000
0.000000
2.000000
0.000000
0.000000
1.000000
-1.000000
0.000000
1.000000
10.000000
11.000000
10.000000
2.000000
2.000000
2.000000
4.000000
8.000000
2.000000
0.000000
9.000000
11.000000
7.000000
5.000000
1.000000
5.000000
3.000000
2.000000
5.000000
2.000000
9.000000
4.000000
-1.000000
4.000000
3.000000
7.000000
3.000000
8.000000
8.000000
8.000000
12.000000
7.000000
12.000000
5.000000
1.000000
4.000000
0.000000
-7.000000
-9.000000
-2.000000
-5.000000
-1.000000
-1.000000
-3.000000
-1.000000
-8.000000
2.000000
1.000000
-3.000000
-5.000000
-2.000000
0.000000
-5.000000
-8.000000
-2.000000
-1.000000
-3.000000
-2.000000
-4.000000
-7.000000
-5.000000
-2.000000
-2.000000
6.000000
4.000000
3.000000
3.000000
-1.000000
4.000000
0.000000
1.000000
-8.000000
-3.000000
1.000000
-6.000000
2.000000
-2.000000
1.000000
1.000000
-3.000000
-3.000000
-10.000000
-13.000000
-8.000000
-5.000000
-14.000000
-13.000000
-7.000000
-9.000000
-8.000000
-7.000000
-2.000000
-2.000000
-2.000000
-2.000000
-8.000000
-4.000000
-7.000000
-6.000000
3.000000
-4.000000
-5.000000
-3.000000
-1.000000
-6.000000
-4.000000
5.000000
10.000000
5.000000
3.000000
5.000000
8.000000
5.000000
-1.000000
-2.000000
-2.000000
-6.000000
-12.000000
-16.000000
-11.000000
-17.000000
-23.000000
-15.000000
-10.000000
-12.000000
-6.000000
-5.000000
-5.000000
1.000000
-2.000000
-6.000000
0.000000
0.000000
-1.000000
5.000000
-1.000000
-1.000000
-2.000000
-3.000000
-2.000000
0.000000
1.000000
-2.000000
0.000000
-1.000000
4.000000
3.000000
2.000000
5.000000
3.000000
8.000000
12.000000
14.000000
13.000000
11.000000
14.000000
11.000000
14.000000
16.000000
10.000000
7.000000
-1.000000
3.000000
3.000000
4.000000
8.000000
-4.000000
-3.000000
-5.000000
-1.000000
6.000000
7.000000
2.000000
6.000000
13.000000
10.000000
15.000000
15.000000
6.000000
6.000000
11.000000
6.000000
2.000000
-4.000000
3.000000
-1.000000
-7.000000
5.000000
2.000000
5.000000
6.000000
2.000000
-3.000000
1.000000
5.000000
8.000000
7.000000
3.000000
7.000000
4.000000
6.000000
6.000000
-3.000000
-8.000000
-9.000000
-17.000000
-16.000000
-12.000000
-16.000000
-9.000000
-5.000000
-5.000000
-14.000000
-14.000000
-8.000000
-14.000000
-10.000000
-4.000000
-3.000000
0.000000
4.000000
4.000000
-4.000000
-13.000000
-16.000000
-22.000000
-20.000000
-20.000000
-21.000000
-15.000000
-16.000000
-15.000000
-17.000000
-16.000000
-7.000000
-7.000000
-8.000000
-3.000000
2.000000
1.000000
3.000000
3.000000
0.000000
-2.000000
-4.000000
-3.000000
-4.000000
-6.000000
-14.000000
-6.000000
-11.000000
-17.000000
-9.000000
-15.000000
-4.000000
-7.000000
-7.000000
2.000000
-3.000000
3.000000
2.000000
4.000000
5.000000
-1.000000
3.000000
6.000000
6.000000
-3.000000
-2.000000
2.000000
-1.000000
-3.000000
-2.000000
0.000000
-5.000000
4.000000
-1.000000
1.000000
5.000000
2.000000
7.000000
5.000000
10.000000
11.000000
11.000000
9.000000
12.000000
6.000000
-1.000000
1.000000
-9.000000
-8.000000
-4.000000
-10.000000
-2.000000
2.000000
1.000000
2.000000
8.000000
8.000000
13.000000
14.000000
21.000000
23.000000
18.000000
18.000000
22.000000
20.000000
20.000000
27.000000
16.000000
15.000000
7.000000
8.000000
8.000000
2.000000
2.000000
-1.000000
5.000000
3.000000
10.000000
14.000000
10.000000
10.000000
10.000000
8.000000
3.000000
12.000000
8.000000
3.000000
2.000000
-2.000000
-6.000000
-4.000000
-5.000000
-10.000000
-11.000000
-12.000000
-11.000000
-1.000000
0.000000
-3.000000
-6.000000
1.000000
6.000000
4.000000
6.000000
2.000000
0.000000
-1.000000
-4.000000
-5.000000
-5.000000
-12.000000
-10.000000
-7.000000
-9.000000
-16.000000
-19.000000
-13.000000
-17.000000
-15.000000
-15.000000
-10.000000
-5.000000
-11.000000
-6.000000
-7.000000
-11.000000
-4.000000
-4.000000
-8.000000
-8.000000
-10.000000
-6.000000
-8.000000
-14.000000
-14.000000
-22.000000
-22.000000
-14.000000
-13.000000
-3.000000
-10.000000
-10.000000
-2.000000
3.000000
3.000000
1.000000
16.000000
5.000000
10.000000
9.000000
5.000000
3.000000
2.000000
2.000000
-1.000000
4.000000
-1.000000
-3.000000
-1.000000
3.000000
-4.000000
-4.000000
-4.000000
1.000000
2.000000
1.000000
8.000000
5.000000
2.000000
2.000000
7.000000
6.000000
2.000000
1.000000
0.000000
3.000000
2.000000
6.000000
5.000000
10.000000
9.000000
11.000000
18.000000
17.000000
18.000000
20.000000
21.000000
19.000000
23.000000
16.000000
16.000000
13.000000
10.000000
5.000000
-4.000000
2.000000
-5.000000
-3.000000
-8.000000
-6.000000
-4.000000
-9.000000
-6.000000
-1.000000
4.000000
4.000000
9.000000
9.000000
14.000000
15.000000
17.000000
13.000000
9.000000
6.000000
3.000000
-5.000000
-14.000000
-12.000000
-6.000000
-3.000000
-4.000000
0.000000
-1.000000
4.000000
2.000000
1.000000
4.000000
0.000000
-1.000000
5.000000
4.000000
4.000000
9.000000
4.000000
1.000000
7.000000
0.000000
-8.000000
-13.000000
-10.000000
-14.000000
-15.000000
-17.000000
-16.000000
-9.000000
-16.000000
-8.000000
-13.000000
-11.000000
-4.000000
-6.000000
0.000000
2.000000
0.000000
1.000000
0.000000
-3.000000
-7.000000
-6.000000
-8.000000
-6.000000
-9.000000
-15.000000
-14.000000
-14.000000
-7.000000
-9.000000
-9.000000
-1.000000
-3.000000
-6.000000
2.000000
2.000000
-1.000000
2.000000
1.000000
2.000000
4.000000
3.000000
1.000000
5.000000
-1.000000
2.000000
-1.000000
-6.000000
1.000000
-2.000000
-1.000000
-10.000000
-3.000000
-1.000000
-4.000000
5.000000
5.000000
5.000000
8.000000
9.000000
11.000000
15.000000
16.000000
18.000000
20.000000
15.000000
16.000000
19.000000
18.000000
15.000000
11.000000
15.000000
13.000000
15.000000
18.000000
18.000000
18.000000
15.000000
9.000000
10.000000
9.000000
9.000000
6.000000
7.000000
6.000000
1.000000
3.000000
0.000000
3.000000
-2.000000
0.000000
3.000000
3.000000
0.000000
-5.000000
-3.000000
7.000000
9.000000
4.000000
7.000000
10.000000
11.000000
10.000000
11.000000
8.000000
5.000000
2.000000
2.000000
4.000000
3.000000
-3.000000
-7.000000
-3.000000
-9.000000
-6.000000
-8.000000
-7.000000
-7.000000
-7.000000
-8.000000
1.000000
4.000000
-5.000000
-9.000000
-7.000000
-3.000000
-8.000000
-10.000000
-14.000000
-15.000000
-12.000000
-13.000000
-14.000000
-15.000000
-19.000000
-13.000000
-10.000000
-12.000000
-7.000000
-7.000000
-13.000000
-6.000000
-7.000000
-1.000000
-6.000000
-5.000000
-3.000000
-6.000000
-3.000000
-3.000000
-5.000000
-2.000000
-5.000000
-10.000000
-8.000000
-9.000000
-5.000000
-10.000000
-11.000000
-14.000000
-8.000000
-9.000000
-11.000000
-6.000000
-7.000000
1.000000
0.000000
3.000000
8.000000
0.000000
6.000000
1.000000
-6.000000
3.000000
3.000000
4.000000
-9.000000
-7.000000
-4.000000
2.000000
4.000000
-2.000000
0.000000
-1.000000
6.000000
7.000000
9.000000
8.000000
9.000000
12.000000
6.000000
10.000000
12.000000
12.000000
18.000000
11.000000
6.000000
1.000000
1.000000
1.000000
6.000000
5.000000
7.000000
7.000000
6.000000
11.000000
18.000000
18.000000
19.000000
22.000000
16.000000
16.000000
15.000000
21.000000
14.000000
10.000000
9.000000
10.000000
11.000000
11.000000
4.000000
3.000000
4.000000
-1.000000
4.000000
0.000000
3.000000
5.000000
9.000000
9.000000
7.000000
14.000000
15.000000
8.000000
9.000000
11.000000
3.000000
2.000000
2.000000
-3.000000
-1.000000
-6.000000
-4.000000
-1.000000
-3.000000
-2.000000
-4.000000
-3.000000
-7.000000
-8.000000
-9.000000
-10.000000
-5.000000
-5.000000
-2.000000
-5.000000
3.000000
-6.000000
-11.000000
-5.000000
-15.000000
-13.000000
-12.000000
-12.000000
-11.000000
-16.000000
-9.000000
-9.000000
-12.000000
-14.000000
-15.000000
-6.000000
-1.000000
0.000000
0.000000
-1.000000
-7.000000
-6.000000
0.000000
-7.000000
-16.000000
-13.000000
-14.000000
-16.000000
-13.000000
-13.000000
-14.000000
-9.000000
-12.000000
-15.000000
-8.000000
-6.000000
-4.000000
-4.000000
2.000000
6.000000
2.000000
1.000000
-3.000000
2.000000
1.000000
2.000000
1.000000
-3.000000
-8.000000
-9.000000
-12.000000
-11.000000
-6.000000
-5.000000
-6.000000
-1.000000
5.000000
1.000000
7.000000
0.000000
-3.000000
3.000000
6.000000
8.000000
6.000000
8.000000
6.000000
6.000000
0.000000
4.000000
11.000000
5.000000
7.000000
11.000000
5.000000
8.000000
6.000000
2.000000
11.000000
13.000000
9.000000
6.000000
15.000000
13.000000
21.000000
18.000000
15.000000
19.000000
11.000000
7.000000
7.000000
10.000000
2.000000
7.000000
12.000000
5.000000
3.000000
4.000000
1.000000
8.000000
7.000000
9.000000
7.000000
3.000000
11.000000
7.000000
3.000000
2.000000
8.000000
-8.000000
-5.000000
-4.000000
-7.000000
-4.000000
-4.000000
-6.000000
-8.000000
-2.000000
-2.000000
-3.000000
1.000000
-4.000000
-5.000000
2.000000
0.000000
-2.000000
-1.000000
3.000000
0.000000
-3.000000
0.000000
1.000000
0.000000
-8.000000
-9.000000
-11.000000
-13.000000
-11.000000
-13.000000
-8.000000
-11.000000
-11.000000
-4.000000
-6.000000
-7.000000
-10.000000
-9.000000
-2.000000
-4.000000
1.000000
0.000000
-7.000000
2.000000
-6.000000
-6.000000
-5.000000
-8.000000
-7.000000
-4.000000
-7.000000
-13.000000
-7.000000
-6.000000
-3.000000
2.000000
-2.000000
-6.000000
-2.000000
-4.000000
-9.000000
-7.000000
-10.000000
-7.000000
-8.000000
-8.000000
-12.000000
-6.000000
-5.000000
-4.000000
-7.000000
-5.000000
-7.000000
-4.000000
-2.000000
-2.000000
5.000000
4.000000
0.000000
2.000000
2.000000
0.000000
5.000000
7.000000
9.000000
5.000000
5.000000
5.000000
2.000000
-3.000000
0.000000
-3.000000
6.000000
0.000000
1.000000
1.000000
2.000000
-1.000000
-3.000000
-1.000000
1.000000
-2.000000
-2.000000
6.000000
1.000000
4.000000
-1.000000
7.000000
8.000000
5.000000
2.000000
7.000000
12.000000
15.000000
15.000000
11.000000
14.000000
8.000000
10.000000
15.000000
11.000000
13.000000
9.000000
10.000000
5.000000
6.000000
11.000000
2.000000
1.000000
4.000000
5.000000
-4.000000
-3.000000
1.000000
-7.000000
-4.000000
-2.000000
4.000000
2.000000
7.000000
9.000000
0.000000
-4.000000
-5.000000
-3.000000
-2.000000
-5.000000
-5.000000
-4.000000
-7.000000
-6.000000
-7.000000
-5.000000
-12.000000
-11.000000
-13.000000
-8.000000
-8.000000
-16.000000
-12.000000
-10.000000
-8.000000
-7.000000
-2.000000
-6.000000
-4.000000
5.000000
2.000000
-1.000000
-3.000000
1.000000
-4.000000
-6.000000
-8.000000
-4.000000
-5.000000
-3.000000
2.000000
1.000000
1.000000
-1.000000
1.000000
-3.000000
-3.000000
0.000000
-3.000000
-6.000000
-9.000000
-4.000000
-10.000000
-9.000000
-2.000000
-10.000000
-14.000000
-12.000000
-16.000000
-15.000000
-7.000000
-7.000000
-5.000000
0.000000
6.000000
11.000000
10.000000
10.000000
14.000000
9.000000
12.000000
9.000000
7.000000
6.000000
-1.000000
2.000000
-1.000000
-5.000000
-3.000000
-5.000000
-1.000000
-11.000000
-11.000000
-3.000000
-6.000000
-4.000000
-4.000000
-3.000000
-4.000000
-3.000000
-3.000000
-1.000000
1.000000
-2.000000
-7.000000
-1.000000
2.000000
0.000000
7.000000
2.000000
2.000000
2.000000
0.000000
-2.000000
1.000000
3.000000
4.000000
8.000000
7.000000
10.000000
4.000000
6.000000
11.000000
13.000000
11.000000
9.000000
11.000000
10.000000
8.000000
-2.000000
2.000000
2.000000
-1.000000
7.000000
6.000000
12.000000
11.000000
10.000000
13.000000
8.000000
7.000000
13.000000
15.000000
3.000000
8.000000
7.000000
-1.000000
-1.000000
0.000000
2.000000
6.000000
11.000000
6.000000
10.000000
9.000000
5.000000
8.000000
1.000000
-1.000000
-2.000000
1.000000
0.000000
-4.000000
-6.000000
-5.000000
-1.000000
-5.000000
-6.000000
-4.000000
-8.000000
-9.000000
-10.000000
-12.000000
-11.000000
-13.000000
-10.000000
-19.000000
-10.000000
-10.000000
-13.000000
-7.000000
-12.000000
-5.000000
-9.000000
-2.000000
-5.000000
-1.000000
-8.000000
-11.000000
-5.000000
-5.000000
-3.000000
-6.000000
-7.000000
-10.000000
-13.000000
-8.000000
-7.000000
-8.000000
0.000000
2.000000
5.000000
1.000000
-1.000000
-3.000000
-3.000000
-5.000000
-3.000000
-5.000000
-12.000000
-3.000000
-7.000000
-12.000000
-8.000000
-7.000000
-3.000000
-3.000000
0.000000
2.000000
7.000000
5.000000
5.000000
8.000000
11.000000
13.000000
5.000000
7.000000
9.000000
11.000000
11.000000
13.000000
18.000000
10.000000
7.000000
6.000000
7.000000
1.000000
4.000000
4.000000
-2.000000
4.000000
6.000000
7.000000
1.000000
4.000000
5.000000
5.000000
7.000000
6.000000
4.000000
1.000000
4.000000
7.000000
4.000000
8.000000
12.000000
8.000000
8.000000
3.000000
8.000000
4.000000
-2.000000
-1.000000
2.000000
5.000000
5.000000
-1.000000
0.000000
3.000000
-7.000000
-3.000000
11.000000
9.000000
2.000000
6.000000
9.000000
8.000000
5.000000
2.000000
6.000000
7.000000
6.000000
9.000000
2.000000
2.000000
3.000000
-2.000000
4.000000
3.000000
9.000000
11.000000
0.000000
3.000000
8.000000
0.000000
2.000000
-5.000000
-5.000000
-7.000000
-12.000000
-4.000000
0.000000
-8.000000
-5.000000
-5.000000
0.000000
-2.000000
-7.000000
-4.000000
-13.000000
-6.000000
-2.000000
-7.000000
-7.000000
-5.000000
-1.000000
-3.000000
-12.000000
-2.000000
-8.000000
-11.000000
-6.000000
-12.000000
-8.000000
-12.000000
-13.000000
-14.000000
-10.000000
-14.000000
-8.000000
-7.000000
-15.000000
-9.000000
-9.000000
-8.000000
1.000000
-4.000000
-2.000000
-3.000000
-5.000000
-4.000000
-8.000000
-6.000000
-7.000000
-1.000000
-5.000000
1.000000
1.000000
-1.000000
3.000000
5.000000
2.000000
5.000000
12.000000
7.000000
7.000000
6.000000
5.000000
12.000000
11.000000
11.000000
12.000000
12.000000
12.000000
6.000000
8.000000
14.000000
13.000000
8.000000
6.000000
8.000000
10.000000
6.000000
8.000000
5.000000
10.000000
10.000000
10.000000
9.000000
5.000000
9.000000
6.000000
1.000000
2.000000
3.000000
2.000000
4.000000
7.000000
2.000000
4.000000
10.000000
1.000000
2.000000
-3.000000
3.000000
7.000000
1.000000
7.000000
7.000000
3.000000
5.000000
4.000000
11.000000
8.000000
8.000000
7.000000
-3.000000
-4.000000
-7.000000
-6.000000
-11.000000
-5.000000
-7.000000
-11.000000
-13.000000
-10.000000
-7.000000
-14.000000
-9.000000
-13.000000
-15.000000
-10.000000
-10.000000
-6.000000
-5.000000
-3.000000
-7.000000
-3.000000
-8.000000
-6.000000
-4.000000
-4.000000
0.000000
-1.000000
-3.000000
-5.000000
0.000000
0.000000
-1.000000
10.000000
4.000000
3.000000
2.000000
-1.000000
-9.000000
-11.000000
-2.000000
-10.000000
-8.000000
-11.000000
-7.000000
-3.000000
-2.000000
2.000000
-3.000000
4.000000
-2.000000
-1.000000
18.000000
11.000000
9.000000
7.000000
5.000000
-2.000000
-3.000000
5.000000
7.000000
5.000000
1.000000
8.000000
9.000000
9.000000
5.000000
1.000000
3.000000
1.000000
4.000000
2.000000
4.000000
1.000000
-7.000000
-6.000000
-15.000000
-10.000000
-5.000000
0.000000
-6.000000
-1.000000
6.000000
1.000000
7.000000
0.000000
7.000000
-1.000000
-2.000000
-2.000000
2.000000
8.000000
0.000000
6.000000
2.000000
-6.000000
-2.000000
10.000000
4.000000
-12.000000
-1.000000
3.000000
9.000000
5.000000
14.000000
12.000000
-8.000000
-15.000000
-14.000000
-19.000000
-38.000000
-36.000000
-27.000000
-31.000000
-20.000000
-7.000000
-4.000000
-3.000000
-1.000000
5.000000
-12.000000
-12.000000
-9.000000
-9.000000
-7.000000
7.000000
13.000000
7.000000
27.000000
20.000000
11.000000
9.000000
13.000000
0.000000
-8.000000
10.000000
-1.000000
0.000000
2.000000
17.000000
20.000000
19.000000
44.000000
47.000000
42.000000
30.000000
28.000000
17.000000
9.000000
13.000000
9.000000
8.000000
-2.000000
-2.000000
-1.000000
2.000000
1.000000
1.000000
6.000000
-3.000000
-6.000000
-16.000000
-9.000000
-19.000000
-31.000000
-19.000000
-18.000000
-13.000000
-13.000000
-1.000000
-12.000000
-39.000000
-40.000000
-20.000000
-16.000000
-24.000000
-2.000000
-7.000000
-26.000000
-18.000000
3.000000
-1.000000
-11.000000
9.000000
0.000000
-21.000000
-12.000000
-2.000000
3.000000
-11.000000
11.000000
-2.000000
-11.000000
-12.000000
-15.000000
7.000000
1.000000
18.000000
-3.000000
-17.000000
-12.000000
-19.000000
-3.000000
10.000000
29.000000
-29.000000
-47.000000
-32.000000
-31.000000
5.000000
9.000000
-12.000000
-221.000000
-343.000000
-275.000000
-176.000000
49.000000
285.000000
388.000000
186.000000
-61.000000
-123.000000
-124.000000
-10.000000
175.000000
284.000000
37.000000
-217.000000
-270.000000
-237.000000
-65.000000
207.000000
437.000000
297.000000
61.000000
-26.000000
-23.000000
81.000000
254.000000
439.000000
266.000000
-17.000000
-160.000000
-236.000000
-108.000000
96.000000
376.000000
312.000000
68.000000
-147.000000
-333.000000
-296.000000
-154.000000
186.000000
293.000000
195.000000
34.000000
-223.000000
-319.000000
-274.000000
-24.000000
133.000000
143.000000
29.000000
-172.000000
-274.000000
-243.000000
-40.000000
105.000000
166.000000
105.000000
-49.000000
-132.000000
-115.000000
10.000000
126.000000
166.000000
124.000000
1.000000
-91.000000
-77.000000
-50.000000
-12.000000
40.000000
58.000000
40.000000
7.000000
1.000000
-58.000000
-144.000000
-131.000000
-83.000000
-58.000000
-6.000000
45.000000
-4.000000
-117.000000
-143.000000
-122.000000
-212.000000
-290.000000
-307.000000
-470.000000
-573.000000
-355.000000
-11.000000
239.000000
251.000000
237.000000
31.000000
-208.000000
-156.000000
134.000000
401.000000
483.000000
523.000000
289.000000
-89.000000
-296.000000
-139.000000
180.000000
401.000000
663.000000
674.000000
405.000000
64.000000
-190.000000
-133.000000
-115.000000
88.000000
281.000000
218.000000
52.000000
-213.000000
-197.000000
-206.000000
-95.000000
60.000000
147.000000
60.000000
-208.000000
-266.000000
-276.000000
-154.000000
0.000000
241.000000
240.000000
-43.000000
-148.000000
-210.000000
-111.000000
10.000000
244.000000
449.000000
222.000000
85.000000
-64.000000
-90.000000
-70.000000
70.000000
327.000000
245.000000
133.000000
-52.000000
-118.000000
-231.000000
-181.000000
-8.000000
0.000000
-23.000000
-208.000000
-265.000000
-370.000000
-341.000000
-93.000000
-20.000000
28.000000
-218.000000
-367.000000
-391.000000
-379.000000
-98.000000
108.000000
335.000000
228.000000
52.000000
-62.000000
-122.000000
-59.000000
77.000000
280.000000
153.000000
26.000000
-83.000000
-95.000000
-52.000000
-12.000000
187.000000
105.000000
-3.000000
-38.000000
-85.000000
-17.000000
-12.000000
78.000000
10.000000
-139.000000
-162.000000
-142.000000
24.000000
192.000000
294.000000
253.000000
188.000000
39.000000
-71.000000
-63.000000
-28.000000
42.000000
37.000000
95.000000
67.000000
-43.000000
-29.000000
-8.000000
-39.000000
-64.000000
-14.000000
48.000000
-17.000000
-14.000000
37.000000
-6.000000
-8.000000
78.000000
106.000000
36.000000
-24.000000
28.000000
41.000000
21.000000
110.000000
125.000000
88.000000
53.000000
111.000000
132.000000
150.000000
147.000000
86.000000
56.000000
39.000000
137.000000
152.000000
143.000000
36.000000
-141.000000
-170.000000
-147.000000
22.000000
155.000000
218.000000
164.000000
-10.000000
-60.000000
-130.000000
-52.000000
19.000000
103.000000
106.000000
14.000000
54.000000
3.000000
78.000000
104.000000
147.000000
116.000000
31.000000
70.000000
-11.000000
-22.000000
-26.000000
-17.000000
-41.000000
-82.000000
-21.000000
-44.000000
-67.000000
-93.000000
-103.000000
-175.000000
-235.000000
-141.000000
-152.000000
-160.000000
-220.000000
-203.000000
-231.000000
-268.000000
-137.000000
-144.000000
-180.000000
-249.000000
-245.000000
-246.000000
-252.000000
-168.000000
-135.000000
-198.000000
-306.000000
-285.000000
-236.000000
-181.000000
-105.000000
-129.000000
-229.000000
-399.000000
-396.000000
-287.000000
-191.000000
-60.000000
-44.000000
-90.000000
-213.000000
-220.000000
-97.000000
24.000000
140.000000
184.000000
110.000000
10.000000
-2.000000
67.000000
205.000000
279.000000
314.000000
284.000000
227.000000
263.000000
298.000000
429.000000
546.000000
523.000000
473.000000
360.000000
321.000000
303.000000
340.000000
453.000000
475.000000
428.000000
408.000000
401.000000
313.000000
345.000000
459.000000
580.000000
577.000000
551.000000
579.000000
431.000000
395.000000
516.000000
626.000000
676.000000
674.000000
652.000000
447.000000
270.000000
344.000000
469.000000
565.000000
609.000000
555.000000
299.000000
66.000000
42.000000
136.000000
216.000000
274.000000
230.000000
-98.000000
-414.000000
-562.000000
-578.000000
-531.000000
-573.000000
-757.000000
-1140.000000
-1493.000000
-1588.000000
-1539.000000
-1374.000000
-1234.000000
-1292.000000
-1495.000000
-1716.000000
-1771.000000
-1629.000000
-1366.000000
-1073.000000
-947.000000
-960.000000
-975.000000
-927.000000
-762.000000
-512.000000
-301.000000
-138.000000
-28.000000
38.000000
116.000000
161.000000
280.000000
363.000000
382.000000
444.000000
416.000000
391.000000
330.000000
253.000000
117.000000
-90.000000
-185.000000
-296.000000
-364.000000
-374.000000
-338.000000
-332.000000
-358.000000
-332.000000
-400.000000
-404.000000
-292.000000
-70.000000
107.000000
230.000000
385.000000
387.000000
501.000000
698.000000
947.000000
1170.000000
1327.000000
1484.000000
1400.000000
1402.000000
1545.000000
1744.000000
1874.000000
1982.000000
2033.000000
1830.000000
1758.000000
1763.000000
1766.000000
1645.000000
1551.000000
1449.000000
1086.000000
892.000000
745.000000
618.000000
505.000000
428.000000
383.000000
97.000000
-61.000000
-152.000000
-184.000000
-167.000000
-69.000000
68.000000
26.000000
73.000000
53.000000
63.000000
107.000000
210.000000
330.000000
233.000000
176.000000
-1.000000
-124.000000
-287.000000
-580.000000
-877.000000
-1310.000000
-1567.000000
-1714.000000
-1686.000000
-1632.000000
-1720.000000
-1891.000000
-2245.000000
-2477.000000
-2575.000000
-2433.000000
-2191.000000
-2070.000000
-2058.000000
-2171.000000
-2139.000000
-1934.000000
-1502.000000
-1054.000000
-724.000000
-482.000000
-376.000000
-245.000000
-112.000000
150.000000
408.000000
596.000000
774.000000
832.000000
876.000000
843.000000
804.000000
720.000000
580.000000
550.000000
497.000000
387.000000
188.000000
-68.000000
-280.000000
-389.000000
-332.000000
-234.000000
-243.000000
-369.000000
-554.000000
-742.000000
-807.000000
-695.000000
-487.000000
-271.000000
-139.000000
-78.000000
-21.000000
60.000000
226.000000
399.000000
521.000000
673.000000
804.000000
1016.000000
1233.000000
1393.000000
1547.000000
1623.000000
1706.000000
1700.000000
1706.000000
1706.000000
1596.000000
1489.000000
1359.000000
1253.000000
1124.000000
1082.000000
992.000000
811.000000
599.000000
416.000000
345.000000
169.000000
155.000000
174.000000
111.000000
107.000000
48.000000
45.000000
-65.000000
-76.000000
-2.000000
-54.000000
-83.000000
-93.000000
-58.000000
-98.000000
-94.000000
-4.000000
78.000000
160.000000
222.000000
254.000000
159.000000
125.000000
95.000000
90.000000
107.000000
76.000000
151.000000
178.000000
215.000000
248.000000
225.000000
236.000000
150.000000
32.000000
-56.000000
-184.000000
-320.000000
-448.000000
-576.000000
-716.000000
-797.000000
-754.000000
-688.000000
-735.000000
-851.000000
-1019.000000
-1221.000000
-1335.000000
-1344.000000
-1258.000000
-1204.000000
-1220.000000
-1261.000000
-1364.000000
-1409.000000
-1332.000000
-1187.000000
-1022.000000
-917.000000
-864.000000
-781.000000
-708.000000
-628.000000
-516.000000
-415.000000
-317.000000
-240.000000
-142.000000
-72.000000
-75.000000
-66.000000
-53.000000
-44.000000
3.000000
78.000000
148.000000
148.000000
90.000000
55.000000
16.000000
7.000000
62.000000
79.000000
49.000000
-7.000000
-49.000000
-49.000000
-25.000000
47.000000
121.000000
151.000000
177.000000
179.000000
155.000000
191.000000
259.000000
365.000000
522.000000
692.000000
842.000000
908.000000
956.000000
1005.000000
1027.000000
1087.000000
1172.000000
1249.000000
1240.000000
1168.000000
1079.000000
995.000000
956.000000
984.000000
1008.000000
924.000000
797.000000
642.000000
490.000000
361.000000
304.000000
352.000000
356.000000
377.000000
343.000000
223.000000
104.000000
17.000000
27.000000
28.000000
71.000000
134.000000
107.000000
13.000000
-59.000000
-69.000000
-58.000000
54.000000
154.000000
107.000000
-38.000000
-194.000000
-233.000000
-284.000000
-211.000000
-34.000000
42.000000
63.000000
-5.000000
-46.000000
-107.000000
-63.000000
118.000000
205.000000
229.000000
228.000000
241.000000
203.000000
161.000000
170.000000
116.000000
-14.000000
-201.000000
-374.000000
-569.000000
-673.000000
-620.000000
-562.000000
-528.000000
-599.000000
-692.000000
-804.000000
-950.000000
-1013.000000
-1048.000000
-1086.000000
-1164.000000
-1257.000000
-1311.000000
-1322.000000
-1204.000000
-1003.000000
-831.000000
-733.000000
-685.000000
-682.000000
-683.000000
-650.000000
-589.000000
-455.000000
-341.000000
-189.000000
-64.000000
2.000000
106.000000
150.000000
143.000000
132.000000
110.000000
117.000000
100.000000
120.000000
162.000000
160.000000
206.000000
222.000000
158.000000
44.000000
-53.000000
-172.000000
-352.000000
-480.000000
-536.000000
-538.000000
-532.000000
-447.000000
-367.000000
-330.000000
-221.000000
-116.000000
25.000000
93.000000
200.000000
369.000000
430.000000
582.000000
765.000000
984.000000
1127.000000
1177.000000
1226.000000
1159.000000
1160.000000
1224.000000
1296.000000
1222.000000
1164.000000
1206.000000
1103.000000
1036.000000
1021.000000
1027.000000
881.000000
752.000000
774.000000
653.000000
618.000000
634.000000
597.000000
383.000000
197.000000
341.000000
307.000000
321.000000
319.000000
221.000000
35.000000
-71.000000
120.000000
178.000000
363.000000
552.000000
602.000000
457.000000
286.000000
384.000000
377.000000
475.000000
640.000000
679.000000
636.000000
572.000000
624.000000
538.000000
556.000000
652.000000
574.000000
247.000000
-293.000000
-809.000000
-1351.000000
-1590.000000
-1504.000000
-1326.000000
-1211.000000
-1311.000000
-1553.000000
-2011.000000
-2311.000000
-2317.000000
-2188.000000
-2035.000000
-2054.000000
-2130.000000
-2226.000000
-2194.000000
-1899.000000
-1462.000000
-1048.000000
-748.000000
-590.000000
-564.000000
-586.000000
-500.000000
-223.000000
132.000000
472.000000
785.000000
1009.000000
1099.000000
1061.000000
1007.000000
949.000000
874.000000
830.000000
766.000000
561.000000
281.000000
67.000000
-55.000000
-86.000000
-118.000000
-154.000000
-366.000000
-743.000000
-1105.000000
-1424.000000
-1574.000000
-1582.000000
-1451.000000
-1308.000000
-1253.000000
-1182.000000
-1087.000000
-975.000000
-776.000000
-491.000000
-192.000000
153.000000
488.000000
829.000000
1171.000000
1505.000000
1889.000000
2205.000000
2466.000000
2615.000000
2620.000000
2580.000000
2506.000000
2430.000000
2341.000000
2223.000000
2059.000000
1838.000000
1562.000000
1304.000000
1006.000000
686.000000
423.000000
135.000000
-58.000000
-194.000000
-252.000000
-273.000000
-349.000000
-395.000000
-518.000000
-559.000000
-484.000000
-376.000000
-250.000000
-115.000000
84.000000
280.000000
524.000000
747.000000
935.000000
1024.000000
1093.000000
1218.000000
1209.000000
1283.000000
1327.000000
1305.000000
1277.000000
1197.000000
1254.000000
1263.000000
1310.000000
1311.000000
1066.000000
584.000000
-160.000000
-1013.000000
-1900.000000
-2592.000000
-2876.000000
-2828.000000
-2683.000000
-2661.000000
-2836.000000
-3244.000000
-3577.000000
-3659.000000
-3428.000000
-3067.000000
-2835.000000
-2712.000000
-2806.000000
-2774.000000
-2381.000000
-1637.000000
-679.000000
45.000000
502.000000
579.000000
456.000000
493.000000
734.000000
1174.000000
1612.000000
2000.000000
2202.000000
2163.000000
2007.000000
1807.000000
1594.000000
1320.000000
1044.000000
651.000000
118.000000
-488.000000
-1067.000000
-1454.000000
-1676.000000
-1635.000000
-1550.000000
-1665.000000
-1959.000000
-2399.000000
-2729.000000
-2836.000000
-2626.000000
-2173.000000
-1691.000000
-1239.000000
-849.000000
-466.000000
-85.000000
313.000000
710.000000
1084.000000
1447.000000
1806.000000
2208.000000
2581.000000
2930.000000
3192.000000
3358.000000
3490.000000
3518.000000
3456.000000
3246.000000
2914.000000
2538.000000
2161.000000
1870.000000
1584.000000
1233.000000
808.000000
302.000000
-201.000000
-609.000000
-894.000000
-1076.000000
-1198.000000
-1262.000000
-1279.000000
-1245.000000
-1141.000000
-972.000000
-778.000000
-524.000000
-230.000000
63.000000
331.000000
541.000000
701.000000
873.000000
1147.000000
1512.000000
1880.000000
2181.000000
2354.000000
2335.000000
2199.000000
2050.000000
1879.000000
1638.000000
1394.000000
1163.000000
944.000000
828.000000
827.000000
850.000000
745.000000
480.000000
-56.000000
-879.000000
-1842.000000
-2799.000000
-3564.000000
-4029.000000
-4047.000000
-3759.000000
-3437.000000
-3242.000000
-3280.000000
-3423.000000
-3499.000000
-3277.000000
-2867.000000
-2439.000000
-2089.000000
-1920.000000
-1736.000000
-1404.000000
-755.000000
63.000000
807.000000
1315.000000
1448.000000
1355.000000
1209.000000
1203.000000
1322.000000
1522.000000
1730.000000
1832.000000
1831.000000
1668.000000
1392.000000
990.000000
501.000000
-15.000000
-602.000000
-1205.000000
-1840.000000
-2364.000000
-2709.000000
-2844.000000
-2717.000000
-2540.000000
-2460.000000
-2581.000000
-2858.000000
-3051.000000
-3003.000000
-2580.000000
-1929.000000
-1204.000000
-479.000000
175.000000
756.000000
1259.000000
1678.000000
1969.000000
2157.000000
2353.000000
2597.000000
2887.000000
3214.000000
3521.000000
3701.000000
3712.000000
3643.000000
3462.000000
3166.000000
2754.000000
2268.000000
1758.000000
1295.000000
967.000000
689.000000
354.000000
-41.000000
-447.000000
-823.000000
-1160.000000
-1376.000000
-1465.000000
-1471.000000
-1387.000000
-1208.000000
-956.000000
-658.000000
-342.000000
7.000000
374.000000
745.000000
1157.000000
1543.000000
1821.000000
1973.000000
2093.000000
2247.000000
2429.000000
2596.000000
2695.000000
2647.000000
2441.000000
2165.000000
1839.000000
1440.000000
1073.000000
717.000000
436.000000
209.000000
118.000000
142.000000
89.000000
-58.000000
-504.000000
-1247.000000
-2261.000000
-3321.000000
-4175.000000
-4685.000000
-4602.000000
-4088.000000
-3463.000000
-3025.000000
-2921.000000
-3036.000000
-3149.000000
-2910.000000
-2448.000000
-1905.000000
-1502.000000
-1355.000000
-1285.000000
-1121.000000
-598.000000
171.000000
968.000000
1491.000000
1596.000000
1387.000000
1040.000000
884.000000
939.000000
1160.000000
1465.000000
1647.000000
1703.000000
1511.000000
1165.000000
704.000000
212.000000
-260.000000
-777.000000
-1301.000000
-1915.000000
-2500.000000
-2906.000000
-3063.000000
-2915.000000
-2629.000000
-2381.000000
-2358.000000
-2565.000000
-2775.000000
-2817.000000
-2528.000000
-1949.000000
-1139.000000
-281.000000
520.000000
1260.000000
1842.000000
2215.000000
2420.000000
2499.000000
2578.000000
2706.000000
3007.000000
3372.000000
3671.000000
3798.000000
3701.000000
3415.000000
2989.000000
2550.000000
2100.000000
1640.000000
1172.000000
704.000000
275.000000
-116.000000
-442.000000
-707.000000
-963.000000
-1233.000000
-1522.000000
-1732.000000
-1823.000000
-1715.000000
-1378.000000
-896.000000
-369.000000
104.000000
492.000000
825.000000
1116.000000
1470.000000
1877.000000
2271.000000
2630.000000
2854.000000
3017.000000
3040.000000
3009.000000
2917.000000
2779.000000
2598.000000
2298.000000
1852.000000
1235.000000
553.000000
-2.000000
-392.000000
-478.000000
-414.000000
-233.000000
-90.000000
-119.000000
-338.000000
-898.000000
-1690.000000
-2829.000000
-3843.000000
-4594.000000
-4719.000000
-4185.000000
-3324.000000
-2550.000000
-2226.000000
-2313.000000
-2518.000000
-2576.000000
-2236.000000
-1756.000000
-1265.000000
-1088.000000
-1085.000000
-1045.000000
-792.000000
-161.000000
595.000000
1298.000000
1541.000000
1401.000000
988.000000
540.000000
323.000000
397.000000
752.000000
1144.000000
1393.000000
1434.000000
1094.000000
622.000000
133.000000
-257.000000
-656.000000
-1114.000000
-1677.000000
-2407.000000
-2982.000000
-3249.000000
-3128.000000
-2764.000000
-2356.000000
-2168.000000
-2292.000000
-2562.000000
-2739.000000
-2658.000000
-2207.000000
-1466.000000
-528.000000
358.000000
1160.000000
1783.000000
2217.000000
2571.000000
2873.000000
3160.000000
3330.000000
3416.000000
3349.000000
3209.000000
3114.000000
3109.000000
3062.000000
2876.000000
2417.000000
1708.000000
876.000000
227.000000
-175.000000
-312.000000
-347.000000
-460.000000
-698.000000
-1051.000000
-1333.000000
-1516.000000
-1581.000000
-1526.000000
-1371.000000
-1145.000000
-803.000000
-352.000000
150.000000
686.000000
1226.000000
1712.000000
2125.000000
2392.000000
2573.000000
2663.000000
2754.000000
2906.000000
3073.000000
3218.000000
3154.000000
2955.000000
2568.000000
2149.000000
1727.000000
1272.000000
741.000000
91.000000
-572.000000
-1030.000000
-1206.000000
-1055.000000
-710.000000
-298.000000
-31.000000
78.000000
-47.000000
-493.000000
-1245.000000
-2340.000000
-3328.000000
-4077.000000
-4148.000000
-3562.000000
-2648.000000
-1901.000000
-1611.000000
-1764.000000
-2120.000000
-2284.000000
-2033.000000
-1635.000000
-1245.000000
-1135.000000
-1211.000000
-1278.000000
-1046.000000
-432.000000
362.000000
1062.000000
1298.000000
1137.000000
633.000000
192.000000
75.000000
320.000000
840.000000
1343.000000
1586.000000
1499.000000
1093.000000
623.000000
146.000000
-189.000000
-610.000000
-1221.000000
-1972.000000
-2843.000000
-3420.000000
-3561.000000
-3306.000000
-2820.000000
-2423.000000
-2334.000000
-2549.000000
-2828.000000
-2931.000000
-2673.000000
-1990.000000
-1089.000000
-111.000000
700.000000
1380.000000
1950.000000
2434.000000
2924.000000
3342.000000
3631.000000
3618.000000
3434.000000
3158.000000
2915.000000
2923.000000
2948.000000
2897.000000
2579.000000
1895.000000
1099.000000
356.000000
-152.000000
-403.000000
-453.000000
-553.000000
-788.000000
-1077.000000
-1404.000000
-1549.000000
-1542.000000
-1408.000000
-1191.000000
-974.000000
-678.000000
-308.000000
176.000000
712.000000
1308.000000
1895.000000
2303.000000
2651.000000
2831.000000
2945.000000
3081.000000
3141.000000
3183.000000
3118.000000
2893.000000
2590.000000
2208.000000
1794.000000
1344.000000
993.000000
497.000000
-50.000000
-642.000000
-1316.000000
-1765.000000
-1948.000000
-1754.000000
-1237.000000
-482.000000
284.000000
903.000000
1203.000000
984.000000
332.000000
-735.000000
-2014.000000
-2911.000000
-3493.000000
-3286.000000
-2681.000000
-2013.000000
-1714.000000
-1787.000000
-2139.000000
-2404.000000
-2237.000000
-1916.000000
-1674.000000
-1593.000000
-1884.000000
-2047.000000
-1866.000000
-1181.000000
-203.000000
684.000000
1153.000000
1033.000000
700.000000
237.000000
204.000000
407.000000
791.000000
1230.000000
1424.000000
1372.000000
1219.000000
916.000000
575.000000
179.000000
-329.000000
-1151.000000
-2009.000000
-2970.000000
-3683.000000
-3856.000000
-3674.000000
-3160.000000
-2649.000000
-2398.000000
-2470.000000
-2605.000000
-2681.000000
-2463.000000
-1868.000000
-1086.000000
-221.000000
601.000000
1262.000000
1982.000000
2591.000000
3144.000000
3516.000000
3619.000000
3375.000000
2964.000000
2609.000000
2360.000000
2438.000000
2636.000000
2792.000000
2698.000000
2219.000000
1529.000000
819.000000
206.000000
-103.000000
-268.000000
-453.000000
-809.000000
-1153.000000
-1560.000000
-1748.000000
-1610.000000
-1339.000000
-1036.000000
-824.000000
-619.000000
-400.000000
60.000000
718.000000
1523.000000
2288.000000
2845.000000
3245.000000
3459.000000
3557.000000
3733.000000
3771.000000
3710.000000
3402.000000
2860.000000
2198.000000
1555.000000
1028.000000
678.000000
476.000000
91.000000
-408.000000
-1044.000000
-1754.000000
-2163.000000
-2059.000000
-1634.000000
-913.000000
-66.000000
710.000000
1252.000000
1590.000000
1414.000000
758.000000
-583.000000
-2066.000000
-3270.000000
-3979.000000
-3698.000000
-2858.000000
-2113.000000
-1767.000000
-1771.000000
-2111.000000
-2232.000000
-1943.000000
-1688.000000
-1618.000000
-1743.000000
-2142.000000
-2246.000000
-1863.000000
-917.000000
268.000000
1302.000000
1647.000000
1427.000000
805.000000
171.000000
49.000000
227.000000
571.000000
941.000000
981.000000
767.000000
564.000000
330.000000
142.000000
-64.000000
-638.000000
-1648.000000
-2686.000000
-3705.000000
-4167.000000
-3957.000000
-3392.000000
-2693.000000
-2052.000000
-1851.000000
-1877.000000
-1907.000000
-1950.000000
-1692.000000
-1129.000000
-541.000000
140.000000
849.000000
1488.000000
2188.000000
2829.000000
3255.000000
3420.000000
3228.000000
2640.000000
2100.000000
1648.000000
1465.000000
1640.000000
1893.000000
1927.000000
1847.000000
1601.000000
1171.000000
839.000000
537.000000
186.000000
-161.000000
-537.000000
-927.000000
-1157.000000
-1285.000000
-1180.000000
-985.000000
-770.000000
-623.000000
-366.000000
-80.000000
394.000000
1135.000000
1918.000000
2606.000000
3220.000000
3565.000000
3705.000000
3864.000000
3939.000000
3856.000000
3569.000000
3037.000000
2156.000000
1414.000000
642.000000
111.000000
-221.000000
-474.000000
-850.000000
-1153.000000
-1567.000000
-1921.000000
-1972.000000
-1767.000000
-1321.000000
-535.000000
292.000000
1211.000000
2098.000000
2494.000000
2552.000000
1956.000000
598.000000
-1165.000000
-2477.000000
-3679.000000
-3787.000000
-3153.000000
-2588.000000
-2283.000000
-2095.000000
-2300.000000
-2278.000000
-1921.000000
-1594.000000
-1535.000000
-1785.000000
-2346.000000
-2636.000000
-2436.000000
-1598.000000
-61.000000
1089.000000
1728.000000
1760.000000
1234.000000
531.000000
491.000000
467.000000
576.000000
804.000000
639.000000
303.000000
300.000000
241.000000
330.000000
411.000000
-179.000000
-1288.000000
-2562.000000
-3772.000000
-4402.000000
-4205.000000
-3712.000000
-2959.000000
-2337.000000
-1988.000000
-1808.000000
-1622.000000
-1452.000000
-1054.000000
-748.000000
-476.000000
-117.000000
296.000000
924.000000
1866.000000
2594.000000
3045.000000
3256.000000
2854.000000
2302.000000
1908.000000
1528.000000
1446.000000
1722.000000
1819.000000
1862.000000
1903.000000
1774.000000
1530.000000
1312.000000
856.000000
228.000000
-428.000000
-1043.000000
-1542.000000
-1818.000000
-1805.000000
-1546.000000
-1279.000000
-944.000000
-527.000000
-186.000000
371.000000
1173.000000
1919.000000
2691.000000
3470.000000
3911.000000
4242.000000
4456.000000
4462.000000
4337.000000
4052.000000
3351.000000
2440.000000
1347.000000
329.000000
-479.000000
-989.000000
-1277.000000
-1348.000000
-1449.000000
-1531.000000
-1509.000000
-1580.000000
-1407.000000
-1041.000000
-633.000000
-118.000000
647.000000
1415.000000
2346.000000
3069.000000
3305.000000
2760.000000
1376.000000
-656.000000
-2317.000000
-3677.000000
-3968.000000
-3528.000000
-3127.000000
-3063.000000
-2976.000000
-2996.000000
-2820.000000
-2094.000000
-1531.000000
-1491.000000
-1842.000000
-2511.000000
-3068.000000
-2818.000000
-1747.000000
-79.000000
1301.000000
2086.000000
2130.000000
1727.000000
1226.000000
1224.000000
1149.000000
1003.000000
793.000000
212.000000
-385.000000
-506.000000
-282.000000
116.000000
426.000000
-60.000000
-1304.000000
-2709.000000
-3851.000000
-4424.000000
-4227.000000
-3719.000000
-3090.000000
-2540.000000
-1995.000000
-1547.000000
-1040.000000
-448.000000
-44.000000
18.000000
-115.000000
-234.000000
-116.000000
536.000000
1478.000000
2273.000000
2894.000000
3095.000000
2769.000000
2323.000000
1839.000000
1521.000000
1503.000000
1591.000000
1564.000000
1440.000000
1358.000000
1387.000000
1456.000000
1390.000000
1140.000000
499.000000
-369.000000
-1158.000000
-1830.000000
-2119.000000
-1849.000000
-1428.000000
-1096.000000
-667.000000
-297.000000
203.000000
1076.000000
1892.000000
2542.000000
3154.000000
3488.000000
3665.000000
3865.000000
4021.000000
4121.000000
4138.000000
3685.000000
2741.000000
1664.000000
495.000000
-388.000000
-969.000000
-1400.000000
-1697.000000
-1745.000000
-1698.000000
-1530.000000
-1220.000000
-846.000000
-507.000000
-264.000000
-29.000000
285.000000
789.000000
1627.000000
2712.000000
3389.000000
3649.000000
3416.000000
2290.000000
329.000000
-1296.000000
-2886.000000
-3965.000000
-4054.000000
-3931.000000
-4200.000000
-4104.000000
-3707.000000
-3349.000000
-2593.000000
-1632.000000
-1304.000000
-1548.000000
-1976.000000
-2491.000000
-2577.000000
-1856.000000
-377.000000
946.000000
1761.000000
2215.000000
2289.000000
1879.000000
1871.000000
1877.000000
1422.000000
975.000000
415.000000
-508.000000
-977.000000
-708.000000
-375.000000
-72.000000
-121.000000
-1038.000000
-2275.000000
-3263.000000
-4044.000000
-4268.000000
-3987.000000
-3522.000000
-3053.000000
-2515.000000
-1948.000000
-1246.000000
-478.000000
189.000000
455.000000
208.000000
-30.000000
-12.000000
211.000000
876.000000
1789.000000
2348.000000
2500.000000
2596.000000
2209.000000
1715.000000
1724.000000
1646.000000
1265.000000
1048.000000
823.000000
520.000000
655.000000
1071.000000
1214.000000
1136.000000
825.000000
142.000000
-717.000000
-1314.000000
-1518.000000
-1574.000000
-1456.000000
-1116.000000
-789.000000
-414.000000
433.000000
1346.000000
2039.000000
2744.000000
3153.000000
3186.000000
3301.000000
3442.000000
3491.000000
3656.000000
3620.000000
3149.000000
2518.000000
1676.000000
766.000000
106.000000
-507.000000
-1045.000000
-1468.000000
-1751.000000
-1743.000000
-1420.000000
-889.000000
-276.000000
77.000000
248.000000
437.000000
494.000000
853.000000
1607.000000
2191.000000
2810.000000
3455.000000
3395.000000
3014.000000
2403.000000
917.000000
-861.000000
-2226.000000
-3694.000000
-4530.000000
-4636.000000
-4786.000000
-4749.000000
-4319.000000
-3806.000000
-3100.000000
-2254.000000
-1549.000000
-1249.000000
-1445.000000
-1637.000000
-1652.000000
-1446.000000
-637.000000
657.000000
1326.000000
1801.000000
2322.000000
2086.000000
1880.000000
2183.000000
1761.000000
1110.000000
618.000000
-339.000000
-1219.000000
-1237.000000
-1127.000000
-1052.000000
-935.000000
-1378.000000
-2203.000000
-3012.000000
-3619.000000
-3911.000000
-3911.000000
-3672.000000
-3241.000000
-2852.000000
-2233.000000
-1337.000000
-598.000000
86.000000
682.000000
666.000000
540.000000
597.000000
581.000000
814.000000
1474.000000
1856.000000
1940.000000
2143.000000
2002.000000
1713.000000
1780.000000
1632.000000
1208.000000
861.000000
502.000000
202.000000
186.000000
526.000000
783.000000
848.000000
788.000000
443.000000
-69.000000
-428.000000
-587.000000
-725.000000
-841.000000
-711.000000
-523.000000
-191.000000
554.000000
1374.000000
2039.000000
2690.000000
3029.000000
3041.000000
3047.000000
3065.000000
3049.000000
3050.000000
2932.000000
2583.000000
2150.000000
1630.000000
1002.000000
504.000000
-44.000000
-607.000000
-996.000000
-1326.000000
-1455.000000
-1182.000000
-716.000000
-278.000000
137.000000
428.000000
578.000000
862.000000
1201.000000
1636.000000
2079.000000
2422.000000
2755.000000
2907.000000
2779.000000
2536.000000
1804.000000
238.000000
-1316.000000
-2839.000000
-4238.000000
-4657.000000
-4600.000000
-4686.000000
-4447.000000
-4032.000000
-3659.000000
-2960.000000
-1872.000000
-1103.000000
-737.000000
-754.000000
-1135.000000
-1392.000000
-1238.000000
-479.000000
509.000000
1046.000000
1478.000000
1710.000000
1444.000000
1515.000000
1748.000000
1486.000000
1061.000000
466.000000
-604.000000
-1414.000000
-1510.000000
-1464.000000
-1259.000000
-1116.000000
-1556.000000
-2215.000000
-2841.000000
-3415.000000
-3556.000000
-3506.000000
-3287.000000
-2960.000000
-2771.000000
-2342.000000
-1641.000000
-951.000000
-95.000000
531.000000
579.000000
565.000000
584.000000
578.000000
927.000000
1492.000000
1735.000000
1915.000000
1933.000000
1743.000000
1654.000000
1617.000000
1499.000000
1245.000000
822.000000
521.000000
335.000000
300.000000
609.000000
882.000000
977.000000
932.000000
698.000000
311.000000
33.000000
-126.000000
-274.000000
-371.000000
-373.000000
-351.000000
-51.000000
454.000000
1032.000000
1697.000000
2172.000000
2380.000000
2454.000000
2449.000000
2474.000000
2512.000000
2550.000000
2427.000000
2135.000000
1878.000000
1551.000000
1171.000000
905.000000
560.000000
128.000000
-208.000000
-487.000000
-680.000000
-529.000000
-310.000000
-99.000000
145.000000
325.000000
524.000000
844.000000
1183.000000
1532.000000
1847.000000
2024.000000
2319.000000
2465.000000
2256.000000
2003.000000
1045.000000
-585.000000
-1777.000000
-3088.000000
-3903.000000
-3784.000000
-3715.000000
-3802.000000
-3586.000000
-3385.000000
-3066.000000
-2178.000000
-1264.000000
-807.000000
-728.000000
-1087.000000
-1619.000000
-1737.000000
-1438.000000
-582.000000
158.000000
399.000000
695.000000
669.000000
533.000000
1078.000000
1356.000000
1176.000000
932.000000
247.000000
-686.000000
-984.000000
-805.000000
-689.000000
-374.000000
-513.000000
-1240.000000
-1897.000000
-2499.000000
-2876.000000
-2896.000000
-3000.000000
-3052.000000
-3093.000000
-3079.000000
-2584.000000
-1824.000000
-1077.000000
-278.000000
50.000000
-33.000000
15.000000
101.000000
296.000000
738.000000
1161.000000
1224.000000
1344.000000
1487.000000
1523.000000
1747.000000
1987.000000
1976.000000
1706.000000
1343.000000
1073.000000
852.000000
915.000000
1150.000000
1151.000000
1027.000000
855.000000
585.000000
293.000000
153.000000
80.000000
-145.000000
-382.000000
-517.000000
-653.000000
-569.000000
-124.000000
402.000000
840.000000
1244.000000
1535.000000
1660.000000
1921.000000
2165.000000
2257.000000
2337.000000
2251.000000
2009.000000
1892.000000
1805.000000
1677.000000
1635.000000
1443.000000
1053.000000
671.000000
429.000000
224.000000
216.000000
242.000000
177.000000
39.000000
-52.000000
55.000000
192.000000
467.000000
898.000000
1088.000000
1232.000000
1554.000000
1772.000000
1822.000000
1802.000000
1326.000000
-11.000000
-1052.000000
-2002.000000
-2754.000000
-2678.000000
-2524.000000
-2622.000000
-2586.000000
-2584.000000
-2424.000000
-2005.000000
-1453.000000
-1036.000000
-1180.000000
-1561.000000
-1999.000000
-2224.000000
-2045.000000
-1327.000000
-728.000000
-555.000000
-305.000000
-212.000000
-247.000000
366.000000
819.000000
902.000000
898.000000
505.000000
-65.000000
-245.000000
-21.000000
216.000000
441.000000
259.000000
-361.000000
-1022.000000
-1604.000000
-2066.000000
-2248.000000
-2581.000000
-2922.000000
-3197.000000
-3436.000000
-3231.000000
-2682.000000
-2084.000000
-1432.000000
-1142.000000
-1135.000000
-925.000000
-737.000000
-332.000000
244.000000
611.000000
738.000000
982.000000
1160.000000
1382.000000
1873.000000
2297.000000
2396.000000
2386.000000
2183.000000
1939.000000
1872.000000
1868.000000
1852.000000
1655.000000
1356.000000
1048.000000
709.000000
517.000000
471.000000
321.000000
105.000000
-225.000000
-604.000000
-917.000000
-966.000000
-777.000000
-509.000000
-175.000000
135.000000
380.000000
702.000000
1135.000000
1552.000000
1932.000000
2128.000000
2168.000000
2122.000000
2067.000000
2097.000000
2160.000000
2158.000000
2040.000000
1768.000000
1409.000000
1140.000000
931.000000
804.000000
692.000000
428.000000
54.000000
-309.000000
-545.000000
-655.000000
-542.000000
-305.000000
-92.000000
220.000000
509.000000
894.000000
1277.000000
1425.000000
1482.000000
897.000000
187.000000
-393.000000
-1013.000000
-1139.000000
-1180.000000
-1298.000000
-1373.000000
-1546.000000
-1535.000000
-1498.000000
-1286.000000
-1112.000000
-1318.000000
-1641.000000
-2178.000000
-2593.000000
-2703.000000
-2512.000000
-2149.000000
-1887.000000
-1624.000000
-1331.000000
-1107.000000
-586.000000
-22.000000
373.000000
647.000000
671.000000
505.000000
392.000000
590.000000
821.000000
981.000000
1055.000000
789.000000
350.000000
-35.000000
-516.000000
-889.000000
-1341.000000
-1844.000000
-2312.000000
-2837.000000
-3031.000000
-2925.000000
-2734.000000
-2347.000000
-2040.000000
-1908.000000
-1658.000000
-1400.000000
-1098.000000
-715.000000
-390.000000
-164.000000
103.000000
284.000000
631.000000
1126.000000
1592.000000
1996.000000
2262.000000
2323.000000
2363.000000
2416.000000
2365.000000
2303.000000
2145.000000
1889.000000
1637.000000
1398.000000
1220.000000
1081.000000
931.000000
756.000000
409.000000
35.000000
-305.000000
-574.000000
-747.000000
-794.000000
-758.000000
-717.000000
-508.000000
-167.000000
152.000000
565.000000
1009.000000
1246.000000
1454.000000
1636.000000
1693.000000
1758.000000
1805.000000
1745.000000
1621.000000
1492.000000
1371.000000
1294.000000
1233.000000
1172.000000
1050.000000
765.000000
477.000000
107.000000
-330.000000
-577.000000
-824.000000
-963.000000
-931.000000
-809.000000
-527.000000
-165.000000
223.000000
582.000000
815.000000
991.000000
1065.000000
1051.000000
982.000000
771.000000
524.000000
228.000000
-48.000000
-227.000000
-399.000000
-592.000000
-762.000000
-984.000000
-1178.000000
-1365.000000
-1461.000000
-1619.000000
-1824.000000
-1978.000000
-2189.000000
-2314.000000
-2273.000000
-2101.000000
-1878.000000
-1601.000000
-1274.000000
-1027.000000
-773.000000
-387.000000
-143.000000
80.000000
250.000000
304.000000
294.000000
301.000000
326.000000
330.000000
272.000000
205.000000
52.000000
-196.000000
-350.000000
-522.000000
-754.000000
-994.000000
-1204.000000
-1444.000000
-1594.000000
-1583.000000
-1514.000000
-1408.000000
-1230.000000
-1149.000000
-1043.000000
-944.000000
-831.000000
-633.000000
-502.000000
-382.000000
-277.000000
-181.000000
-11.000000
205.000000
493.000000
750.000000
948.000000
1131.000000
1233.000000
1396.000000
1516.000000
1609.000000
1634.000000
1525.000000
1436.000000
1293.000000
1149.000000
1066.000000
933.000000
779.000000
613.000000
425.000000
287.000000
165.000000
95.000000
100.000000
80.000000
62.000000
149.000000
263.000000
365.000000
564.000000
705.000000
726.000000
811.000000
836.000000
803.000000
837.000000
812.000000
747.000000
658.000000
542.000000
494.000000
473.000000
459.000000
451.000000
377.000000
267.000000
212.000000
164.000000
106.000000
144.000000
191.000000
191.000000
273.000000
307.000000
313.000000
455.000000
560.000000
648.000000
769.000000
825.000000
810.000000
823.000000
762.000000
644.000000
511.000000
360.000000
173.000000
-34.000000
-209.000000
-323.000000
-401.000000
-469.000000
-504.000000
-606.000000
-725.000000
-792.000000
-910.000000
-1015.000000
-1010.000000
-1006.000000
-965.000000
-862.000000
-789.000000
-735.000000
-597.000000
-506.000000
-463.000000
-437.000000
-499.000000
-573.000000
-666.000000
-761.000000
-808.000000
-860.000000
-880.000000
-898.000000
-918.000000
-922.000000
-910.000000
-880.000000
-932.000000
-954.000000
-1015.000000
-1056.000000
-989.000000
-926.000000
-849.000000
-738.000000
-675.000000
-618.000000
-612.000000
-561.000000
-508.000000
-456.000000
-384.000000
-362.000000
-284.000000
-215.000000
-151.000000
-23.000000
6.000000
44.000000
98.000000
65.000000
77.000000
81.000000
116.000000
162.000000
255.000000
326.000000
350.000000
407.000000
397.000000
381.000000
391.000000
348.000000
369.000000
396.000000
408.000000
500.000000
582.000000
661.000000
763.000000
837.000000
905.000000
946.000000
966.000000
956.000000
914.000000
906.000000
855.000000
852.000000
880.000000
838.000000
835.000000
783.000000
695.000000
658.000000
579.000000
473.000000
365.000000
244.000000
150.000000
125.000000
156.000000
208.000000
310.000000
398.000000
467.000000
518.000000
532.000000
536.000000
577.000000
605.000000
645.000000
728.000000
772.000000
821.000000
831.000000
745.000000
626.000000
457.000000
276.000000
80.000000
-105.000000
-253.000000
-373.000000
-403.000000
-444.000000
-482.000000
-464.000000
-481.000000
-495.000000
-515.000000
-547.000000
-548.000000
-525.000000
-467.000000
-423.000000
-358.000000
-308.000000
-234.000000
-210.000000
-259.000000
-294.000000
-371.000000
-441.000000
-482.000000
-550.000000
-632.000000
-682.000000
-727.000000
-769.000000
-772.000000
-778.000000
-790.000000
-791.000000
-870.000000
-920.000000
-917.000000
-913.000000
-829.000000
-752.000000
-712.000000
-672.000000
-666.000000
-642.000000
-621.000000
-587.000000
-480.000000
-411.000000
-355.000000
-283.000000
-206.000000
-151.000000
-89.000000
-11.000000
-28.000000
-34.000000
-39.000000
-110.000000
-156.000000
-156.000000
-141.000000
-124.000000
-59.000000
-31.000000
-40.000000
-44.000000
-60.000000
-91.000000
-104.000000
-81.000000
-69.000000
-43.000000
34.000000
152.000000
274.000000
452.000000
615.000000
712.000000
811.000000
872.000000
852.000000
860.000000
826.000000
775.000000
743.000000
717.000000
720.000000
709.000000
702.000000
692.000000
639.000000
546.000000
483.000000
348.000000
230.000000
167.000000
102.000000
109.000000
139.000000
183.000000
289.000000
357.000000
467.000000
539.000000
591.000000
649.000000
667.000000
715.000000
738.000000
790.000000
809.000000
796.000000
768.000000
664.000000
567.000000
455.000000
290.000000
178.000000
-2.000000
-146.000000
-260.000000
-389.000000
-432.000000
-487.000000
-483.000000
-463.000000
-486.000000
-437.000000
-415.000000
-395.000000
-315.000000
-297.000000
-233.000000
-194.000000
-161.000000
-131.000000
-182.000000
-193.000000
-250.000000
-335.000000
-372.000000
-455.000000
-507.000000
-544.000000
-579.000000
-618.000000
-681.000000
-732.000000
-812.000000
-899.000000
-938.000000
-961.000000
-950.000000
-920.000000
-840.000000
-767.000000
-674.000000
-540.000000
-475.000000
-425.000000
-372.000000
-378.000000
-353.000000
-259.000000
-175.000000
-67.000000
68.000000
186.000000
239.000000
260.000000
258.000000
226.000000
180.000000
132.000000
61.000000
-8.000000
-77.000000
-100.000000
-71.000000
-34.000000
29.000000
69.000000
23.000000
-49.000000
-102.000000
-137.000000
-112.000000
-85.000000
-47.000000
0.000000
49.000000
137.000000
254.000000
347.000000
460.000000
562.000000
573.000000
557.000000
582.000000
567.000000
577.000000
640.000000
651.000000
654.000000
674.000000
698.000000
650.000000
610.000000
533.000000
390.000000
249.000000
123.000000
11.000000
-45.000000
-52.000000
-32.000000
2.000000
76.000000
168.000000
276.000000
369.000000
427.000000
477.000000
474.000000
506.000000
518.000000
483.000000
461.000000
411.000000
336.000000
276.000000
240.000000
190.000000
139.000000
100.000000
-15.000000
-145.000000
-223.000000
-312.000000
-340.000000
-333.000000
-346.000000
-364.000000
-356.000000
-326.000000
-299.000000
-231.000000
-159.000000
-122.000000
-102.000000
-120.000000
-145.000000
-173.000000
-191.000000
-178.000000
-214.000000
-251.000000
-275.000000
-330.000000
-372.000000
-372.000000
-397.000000
-452.000000
-496.000000
-543.000000
-632.000000
-667.000000
-695.000000
-714.000000
-673.000000
-663.000000
-599.000000
-523.000000
-454.000000
-361.000000
-291.000000
-264.000000
-246.000000
-226.000000
-220.000000
-194.000000
-134.000000
-88.000000
-3.000000
63.000000
100.000000
143.000000
136.000000
121.000000
99.000000
30.000000
-25.000000
-53.000000
-106.000000
-85.000000
-43.000000
-11.000000
39.000000
86.000000
60.000000
54.000000
62.000000
43.000000
71.000000
91.000000
87.000000
104.000000
131.000000
172.000000
250.000000
315.000000
376.000000
422.000000
437.000000
429.000000
450.000000
447.000000
461.000000
516.000000
509.000000
513.000000
539.000000
501.000000
485.000000
459.000000
354.000000
300.000000
244.000000
170.000000
149.000000
124.000000
103.000000
155.000000
202.000000
255.000000
318.000000
362.000000
390.000000
406.000000
420.000000
431.000000
427.000000
411.000000
366.000000
294.000000
239.000000
202.000000
171.000000
149.000000
105.000000
57.000000
26.000000
-30.000000
-67.000000
-103.000000
-154.000000
-190.000000
-241.000000
-297.000000
-330.000000
-351.000000
-331.000000
-315.000000
-296.000000
-268.000000
-257.000000
-283.000000
-290.000000
-312.000000
-345.000000
-358.000000
-370.000000
-384.000000
-388.000000
-379.000000
-360.000000
-368.000000
-386.000000
-417.000000
-464.000000
-472.000000
-505.000000
-526.000000
-548.000000
-565.000000
-567.000000
-537.000000
-500.000000
-449.000000
-385.000000
-318.000000
-281.000000
-262.000000
-212.000000
-181.000000
-160.000000
-124.000000
-126.000000
-148.000000
-145.000000
-139.000000
-132.000000
-99.000000
-56.000000
-61.000000
-77.000000
-115.000000
-137.000000
-119.000000
-83.000000
-18.000000
13.000000
46.000000
87.000000
95.000000
147.000000
202.000000
237.000000
295.000000
297.000000
289.000000
272.000000
264.000000
285.000000
300.000000
346.000000
348.000000
341.000000
359.000000
352.000000
389.000000
420.000000
450.000000
502.000000
482.000000
494.000000
486.000000
447.000000
441.000000
399.000000
343.000000
299.000000
279.000000
274.000000
266.000000
302.000000
330.000000
325.000000
341.000000
330.000000
331.000000
324.000000
303.000000
302.000000
272.000000
266.000000
264.000000
247.000000
252.000000
238.000000
194.000000
159.000000
117.000000
68.000000
14.000000
-10.000000
-27.000000
-39.000000
-21.000000
-28.000000
-39.000000
-50.000000
-79.000000
-113.000000
-150.000000
-159.000000
-185.000000
-212.000000
-206.000000
-218.000000
-218.000000
-234.000000
-256.000000
-295.000000
-320.000000
-364.000000
-405.000000
-423.000000
-425.000000
-406.000000
-400.000000
-391.000000
-372.000000
-409.000000
-460.000000
-496.000000
-549.000000
-570.000000
-569.000000
-558.000000
-534.000000
-471.000000
-420.000000
-372.000000
-318.000000
-278.000000
-238.000000
-199.000000
-197.000000
-182.000000
-163.000000
-158.000000
-125.000000
-100.000000
-93.000000
-90.000000
-97.000000
-125.000000
-145.000000
-142.000000
-146.000000
-156.000000
-143.000000
-148.000000
-135.000000
-98.000000
-49.000000
-2.000000
32.000000
77.000000
104.000000
113.000000
142.000000
197.000000
225.000000
272.000000
315.000000
313.000000
318.000000
326.000000
324.000000
312.000000
302.000000
309.000000
299.000000
303.000000
343.000000
376.000000
420.000000
468.000000
488.000000
467.000000
467.000000
440.000000
405.000000
371.000000
348.000000
312.000000
285.000000
292.000000
302.000000
341.000000
376.000000
395.000000
395.000000
373.000000
364.000000
355.000000
320.000000
316.000000
282.000000
253.000000
231.000000
219.000000
200.000000
190.000000
167.000000
111.000000
65.000000
7.000000
-35.000000
-45.000000
-39.000000
-39.000000
-13.000000
-3.000000
8.000000
16.000000
-10.000000
-33.000000
-59.000000
-91.000000
-120.000000
-164.000000
-201.000000
-241.000000
-284.000000
-315.000000
-358.000000
-380.000000
-421.000000
-469.000000
-480.000000
-502.000000
-492.000000
-454.000000
-438.000000
-425.000000
-426.000000
-424.000000
-465.000000
-486.000000
-475.000000
-486.000000
-474.000000
-472.000000
-468.000000
-440.000000
-397.000000
-349.000000
-302.000000
-289.000000
-284.000000
-281.000000
-286.000000
-284.000000
-267.000000
-233.000000
-217.000000
-186.000000
-159.000000
-138.000000
-100.000000
-80.000000
-65.000000
-78.000000
-116.000000
-119.000000
-133.000000
-114.000000
-43.000000
7.000000
71.000000
139.000000
179.000000
188.000000
209.000000
207.000000
188.000000
187.000000
192.000000
200.000000
235.000000
271.000000
310.000000
338.000000
355.000000
369.000000
343.000000
314.000000
300.000000
274.000000
264.000000
279.000000
293.000000
327.000000
390.000000
443.000000
463.000000
503.000000
508.000000
484.000000
477.000000
446.000000
416.000000
409.000000
395.000000
385.000000
400.000000
408.000000
403.000000
391.000000
350.000000
306.000000
259.000000
204.000000
176.000000
134.000000
97.000000
80.000000
49.000000
22.000000
13.000000
-12.000000
-10.000000
-19.000000
-34.000000
-35.000000
-25.000000
-3.000000
8.000000
28.000000
32.000000
18.000000
8.000000
-19.000000
-71.000000
-100.000000
-124.000000
-160.000000
-191.000000
-231.000000
-279.000000
-323.000000
-368.000000
-410.000000
-446.000000
-482.000000
-506.000000
-497.000000
-480.000000
-444.000000
-398.000000
-371.000000
-351.000000
-345.000000
-368.000000
-397.000000
-417.000000
-437.000000
-442.000000
-440.000000
-417.000000
-385.000000
-353.000000
-303.000000
-265.000000
-261.000000
-267.000000
-277.000000
-308.000000
-335.000000
-333.000000
-317.000000
-281.000000
-220.000000
-164.000000
-111.000000
-59.000000
-35.000000
-33.000000
-43.000000
-78.000000
-109.000000
-127.000000
-124.000000
-97.000000
-42.000000
39.000000
120.000000
176.000000
222.000000
233.000000
218.000000
199.000000
166.000000
151.000000
154.000000
167.000000
197.000000
226.000000
257.000000
281.000000
305.000000
316.000000
304.000000
305.000000
286.000000
289.000000
293.000000
289.000000
323.000000
366.000000
407.000000
454.000000
469.000000
467.000000
453.000000
434.000000
419.000000
385.000000
366.000000
349.000000
342.000000
340.000000
354.000000
364.000000
369.000000
365.000000
339.000000
301.000000
290.000000
265.000000
234.000000
211.000000
169.000000
144.000000
121.000000
92.000000
73.000000
51.000000
40.000000
18.000000
-17.000000
-16.000000
-5.000000
15.000000
26.000000
29.000000
17.000000
-23.000000
-51.000000
-87.000000
-120.000000
-125.000000
-147.000000
-172.000000
-202.000000
-241.000000
-277.000000
-308.000000
-333.000000
-374.000000
-415.000000
-443.000000
-468.000000
-459.000000
-429.000000
-402.000000
-368.000000
-356.000000
-352.000000
-358.000000
-365.000000
-374.000000
-393.000000
-408.000000
-418.000000
-430.000000
-426.000000
-399.000000
-357.000000
-323.000000
-305.000000
-294.000000
-308.000000
-312.000000
-321.000000
-331.000000
-322.000000
-307.000000
-279.000000
-232.000000
-185.000000
-142.000000
-99.000000
-82.000000
-88.000000
-105.000000
-143.000000
-151.000000
-145.000000
-128.000000
-76.000000
-24.000000
29.000000
83.000000
135.000000
159.000000
179.000000
195.000000
198.000000
182.000000
193.000000
206.000000
233.000000
278.000000
313.000000
353.000000
363.000000
369.000000
355.000000
325.000000
307.000000
287.000000
278.000000
265.000000
276.000000
297.000000
320.000000
359.000000
368.000000
379.000000
402.000000
385.000000
377.000000
373.000000
348.000000
356.000000
357.000000
353.000000
361.000000
367.000000
366.000000
359.000000
339.000000
318.000000
283.000000
246.000000
206.000000
161.000000
122.000000
94.000000
78.000000
59.000000
58.000000
61.000000
52.000000
64.000000
63.000000
57.000000
74.000000
85.000000
87.000000
82.000000
72.000000
45.000000
7.000000
-21.000000
-61.000000
-103.000000
-128.000000
-155.000000
-192.000000
-231.000000
-259.000000
-292.000000
-325.000000
-352.000000
-384.000000
-407.000000
-412.000000
-419.000000
-407.000000
-382.000000
-351.000000
-322.000000
-313.000000
-304.000000
-312.000000
-322.000000
-337.000000
-347.000000
-351.000000
-347.000000
-336.000000
-318.000000
-299.000000
-292.000000
-273.000000
-279.000000
-284.000000
-289.000000
-300.000000
-314.000000
-329.000000
-324.000000
-295.000000
-255.000000
-210.000000
-164.000000
-136.000000
-137.000000
-138.000000
-151.000000
-176.000000
-176.000000
-159.000000
-147.000000
-115.000000
-70.000000
-39.000000
18.000000
73.000000
106.000000
120.000000
131.000000
124.000000
112.000000
112.000000
131.000000
167.000000
197.000000
232.000000
257.000000
280.000000
294.000000
301.000000
298.000000
279.000000
265.000000
250.000000
236.000000
238.000000
247.000000
270.000000
302.000000
328.000000
357.000000
374.000000
383.000000
391.000000
393.000000
395.000000
384.000000
383.000000
383.000000
363.000000
359.000000
368.000000
360.000000
360.000000
349.000000
315.000000
293.000000
242.000000
212.000000
184.000000
145.000000
123.000000
108.000000
95.000000
91.000000
112.000000
119.000000
134.000000
138.000000
129.000000
118.000000
112.000000
97.000000
68.000000
44.000000
20.000000
-2.000000
-22.000000
-39.000000
-52.000000
-69.000000
-93.000000
-126.000000
-184.000000
-221.000000
-258.000000
-282.000000
-315.000000
-328.000000
-339.000000
-360.000000
-332.000000
-314.000000
-293.000000
-269.000000
-260.000000
-263.000000
-280.000000
-306.000000
-325.000000
-344.000000
-350.000000
-353.000000
-355.000000
-344.000000
-333.000000
-329.000000
-324.000000
-337.000000
-349.000000
-354.000000
-361.000000
-360.000000
-358.000000
-338.000000
-307.000000
-262.000000
-226.000000
-188.000000
-159.000000
-147.000000
-140.000000
-160.000000
-178.000000
-190.000000
-197.000000
-185.000000
-161.000000
-132.000000
-89.000000
-58.000000
-31.000000
9.000000
30.000000
36.000000
34.000000
29.000000
14.000000
24.000000
52.000000
92.000000
139.000000
176.000000
209.000000
227.000000
239.000000
244.000000
248.000000
246.000000
240.000000
232.000000
222.000000
224.000000
245.000000
272.000000
307.000000
337.000000
367.000000
389.000000
389.000000
402.000000
407.000000
409.000000
405.000000
400.000000
388.000000
377.000000
378.000000
379.000000
375.000000
361.000000
333.000000
281.000000
236.000000
196.000000
165.000000
137.000000
126.000000
126.000000
126.000000
141.000000
159.000000
173.000000
194.000000
221.000000
220.000000
222.000000
213.000000
197.000000
166.000000
134.000000
119.000000
75.000000
51.000000
28.000000
-5.000000
-33.000000
-73.000000
-108.000000
-140.000000
-178.000000
-217.000000
-256.000000
-283.000000
-297.000000
-307.000000
-291.000000
-274.000000
-254.000000
-231.000000
-226.000000
-212.000000
-207.000000
-212.000000
-230.000000
-253.000000
-273.000000
-292.000000
-294.000000
-307.000000
-304.000000
-304.000000
-311.000000
-326.000000
-344.000000
-365.000000
-389.000000
-410.000000
-424.000000
-433.000000
-433.000000
-407.000000
-361.000000
-314.000000
-262.000000
-223.000000
-198.000000
-181.000000
-187.000000
-186.000000
-192.000000
-190.000000
-190.000000
-170.000000
-157.000000
-125.000000
-84.000000
-68.000000
-39.000000
-14.000000
-8.000000
-10.000000
-18.000000
-23.000000
-19.000000
-10.000000
12.000000
34.000000
80.000000
115.000000
151.000000
190.000000
213.000000
229.000000
229.000000
228.000000
215.000000
192.000000
182.000000
196.000000
211.000000
233.000000
270.000000
291.000000
323.000000
339.000000
338.000000
343.000000
344.000000
332.000000
324.000000
325.000000
319.000000
321.000000
333.000000
339.000000
337.000000
328.000000
309.000000
279.000000
251.000000
228.000000
200.000000
178.000000
173.000000
178.000000
186.000000
206.000000
237.000000
260.000000
278.000000
288.000000
271.000000
253.000000
233.000000
202.000000
171.000000
146.000000
118.000000
93.000000
72.000000
40.000000
19.000000
-16.000000
-55.000000
-91.000000
-130.000000
-155.000000
-173.000000
-194.000000
-204.000000
-203.000000
-211.000000
-205.000000
-196.000000
-183.000000
-171.000000
-173.000000
-172.000000
-181.000000
-196.000000
-208.000000
-223.000000
-240.000000
-261.000000
-272.000000
-287.000000
-296.000000
-314.000000
-320.000000
-334.000000
-355.000000
-368.000000
-394.000000
-402.000000
-407.000000
-409.000000
-386.000000
-365.000000
-335.000000
-298.000000
-269.000000
-236.000000
-203.000000
-183.000000
-169.000000
-168.000000
-174.000000
-174.000000
-185.000000
-182.000000
-174.000000
-166.000000
-159.000000
-146.000000
-136.000000
-130.000000
-121.000000
-118.000000
-111.000000
-97.000000
-85.000000
-56.000000
-18.000000
21.000000
77.000000
110.000000
145.000000
174.000000
203.000000
221.000000
214.000000
209.000000
207.000000
194.000000
192.000000
196.000000
204.000000
234.000000
256.000000
274.000000
280.000000
291.000000
299.000000
291.000000
290.000000
289.000000
278.000000
283.000000
289.000000
297.000000
311.000000
323.000000
322.000000
301.000000
287.000000
258.000000
243.000000
222.000000
207.000000
210.000000
209.000000
207.000000
214.000000
228.000000
241.000000
254.000000
252.000000
254.000000
247.000000
230.000000
209.000000
190.000000
168.000000
143.000000
117.000000
89.000000
62.000000
45.000000
27.000000
3.000000
-14.000000
-39.000000
-61.000000
-81.000000
-96.000000
-116.000000
-126.000000
-136.000000
-138.000000
-133.000000
-138.000000
-132.000000
-137.000000
-142.000000
-146.000000
-155.000000
-171.000000
-192.000000
-213.000000
-246.000000
-273.000000
-290.000000
-310.000000
-321.000000
-331.000000
-337.000000
-336.000000
-336.000000
-348.000000
-361.000000
-363.000000
-367.000000
-372.000000
-354.000000
-334.000000
-308.000000
-281.000000
-249.000000
-217.000000
-200.000000
-175.000000
-173.000000
-170.000000
-172.000000
-178.000000
-176.000000
-183.000000
-176.000000
-171.000000
-171.000000
-162.000000
-158.000000
-165.000000
-148.000000
-150.000000
-147.000000
-135.000000
-124.000000
-98.000000
-71.000000
-21.000000
28.000000
76.000000
117.000000
153.000000
179.000000
191.000000
188.000000
178.000000
165.000000
157.000000
156.000000
156.000000
172.000000
193.000000
207.000000
213.000000
221.000000
230.000000
242.000000
244.000000
243.000000
248.000000
248.000000
258.000000
268.000000
278.000000
282.000000
288.000000
283.000000
273.000000
267.000000
261.000000
251.000000
247.000000
237.000000
224.000000
221.000000
220.000000
236.000000
246.000000
258.000000
273.000000
268.000000
263.000000
246.000000
223.000000
204.000000
184.000000
155.000000
121.000000
97.000000
80.000000
55.000000
39.000000
25.000000
16.000000
7.000000
-13.000000
-28.000000
-37.000000
-45.000000
-64.000000
-73.000000
-74.000000
-79.000000
-75.000000
-76.000000
-79.000000
-83.000000
-96.000000
-112.000000
-132.000000
-155.000000
-178.000000
-206.000000
-233.000000
-250.000000
-274.000000
-283.000000
-296.000000
-309.000000
-307.000000
-303.000000
-301.000000
-297.000000
-299.000000
-295.000000
-295.000000
-304.000000
-290.000000
-279.000000
-263.000000
-240.000000
-216.000000
-196.000000
-186.000000
-164.000000
-165.000000
-164.000000
-166.000000
-177.000000
-187.000000
-197.000000
-196.000000
-182.000000
-176.000000
-169.000000
-154.000000
-144.000000
-141.000000
-141.000000
-132.000000
-121.000000
-106.000000
-97.000000
-73.000000
-49.000000
-27.000000
3.000000
27.000000
59.000000
81.000000
86.000000
90.000000
93.000000
85.000000
92.000000
97.000000
102.000000
119.000000
135.000000
155.000000
165.000000
180.000000
193.000000
206.000000
208.000000
213.000000
220.000000
207.000000
206.000000
212.000000
201.000000
199.000000
194.000000
193.000000
187.000000
188.000000
191.000000
192.000000
192.000000
197.000000
205.000000
206.000000
219.000000
230.000000
243.000000
249.000000
262.000000
268.000000
264.000000
271.000000
255.000000
235.000000
211.000000
181.000000
147.000000
124.000000
100.000000
86.000000
75.000000
58.000000
53.000000
46.000000
35.000000
26.000000
19.000000
14.000000
15.000000
3.000000
0.000000
-1.000000
-2.000000
-1.000000
-12.000000
-24.000000
-36.000000
-54.000000
-69.000000
-92.000000
-105.000000
-125.000000
-143.000000
-160.000000
-174.000000
-189.000000
-201.000000
-205.000000
-214.000000
-221.000000
-233.000000
-229.000000
-236.000000
-233.000000
-230.000000
-231.000000
-223.000000
-217.000000
-204.000000
-196.000000
-182.000000
-171.000000
-166.000000
-165.000000
-168.000000
-182.000000
-193.000000
-191.000000
-201.000000
-205.000000
-205.000000
-211.000000
-206.000000
-197.000000
-184.000000
-174.000000
-173.000000
-159.000000
-152.000000
-141.000000
-132.000000
-109.000000
-85.000000
-64.000000
-44.000000
-32.000000
-18.000000
-12.000000
-1.000000
2.000000
-4.000000
-4.000000
-4.000000
3.000000
18.000000
29.000000
52.000000
70.000000
79.000000
99.000000
104.000000
117.000000
134.000000
153.000000
168.000000
179.000000
186.000000
183.000000
181.000000
180.000000
176.000000
168.000000
169.000000
162.000000
158.000000
165.000000
171.000000
184.000000
185.000000
191.000000
190.000000
194.000000
198.000000
200.000000
208.000000
214.000000
228.000000
225.000000
228.000000
224.000000
209.000000
201.000000
180.000000
164.000000
149.000000
127.000000
109.000000
95.000000
80.000000
78.000000
75.000000
69.000000
69.000000
64.000000
67.000000
63.000000
51.000000
45.000000
41.000000
42.000000
41.000000
24.000000
11.000000
5.000000
-15.000000
-33.000000
-55.000000
-68.000000
-91.000000
-114.000000
-123.000000
-131.000000
-138.000000
-143.000000
-141.000000
-152.000000
-155.000000
-154.000000
-161.000000
-161.000000
-157.000000
-156.000000
-150.000000
-157.000000
-158.000000
-161.000000
-166.000000
-161.000000
-167.000000
-171.000000
-182.000000
-183.000000
-183.000000
-191.000000
-184.000000
-188.000000
-192.000000
-189.000000
-183.000000
-172.000000
-168.000000
-159.000000
-153.000000
-141.000000
-132.000000
-116.000000
-101.000000
-94.000000
-78.000000
-73.000000
-63.000000
-54.000000
-55.000000
-55.000000
-54.000000
-55.000000
-50.000000
-50.000000
-41.000000
-30.000000
-17.000000
-3.000000
8.000000
24.000000
35.000000
46.000000
59.000000
70.000000
83.000000
96.000000
105.000000
123.000000
129.000000
140.000000
139.000000
137.000000
138.000000
136.000000
143.000000
140.000000
144.000000
145.000000
156.000000
160.000000
163.000000
170.000000
168.000000
172.000000
171.000000
174.000000
173.000000
181.000000
183.000000
182.000000
190.000000
188.000000
197.000000
187.000000
188.000000
185.000000
174.000000
171.000000
152.000000
140.000000
128.000000
114.000000
99.000000
94.000000
89.000000
75.000000
70.000000
59.000000
54.000000
50.000000
37.000000
32.000000
26.000000
18.000000
16.000000
4.000000
-5.000000
-22.000000
-39.000000
-42.000000
-50.000000
-57.000000
-71.000000
-73.000000
-81.000000
-89.000000
-96.000000
-112.000000
-116.000000
-125.000000
-135.000000
-140.000000
-154.000000
-159.000000
-164.000000
-170.000000
-166.000000
-172.000000
-169.000000
-177.000000
-176.000000
-163.000000
-164.000000
-160.000000
-160.000000
-160.000000
-161.000000
-163.000000
-169.000000
-169.000000
-163.000000
-160.000000
-158.000000
-162.000000
-156.000000
-150.000000
-149.000000
-141.000000
-131.000000
-112.000000
-103.000000
-98.000000
-88.000000
-80.000000
-67.000000
-54.000000
-48.000000
-42.000000
-33.000000
-28.000000
-18.000000
-9.000000
-7.000000
-2.000000
3.000000
15.000000
21.000000
31.000000
45.000000
60.000000
75.000000
90.000000
105.000000
113.000000
127.000000
136.000000
145.000000
152.000000
154.000000
162.000000
162.000000
162.000000
166.000000
161.000000
161.000000
153.000000
147.000000
139.000000
129.000000
130.000000
130.000000
135.000000
136.000000
146.000000
153.000000
156.000000
169.000000
169.000000
169.000000
164.000000
159.000000
159.000000
143.000000
141.000000
144.000000
142.000000
131.000000
124.000000
108.000000
84.000000
64.000000
48.000000
24.000000
10.000000
-1.000000
-14.000000
-15.000000
-26.000000
-29.000000
-37.000000
-43.000000
-47.000000
-54.000000
-67.000000
-74.000000
-78.000000
-80.000000
-77.000000
-81.000000
-84.000000
-88.000000
-93.000000
-92.000000
-95.000000
-101.000000
-117.000000
-128.000000
-136.000000
-154.000000
-156.000000
-163.000000
-164.000000
-161.000000
-158.000000
-154.000000
-154.000000
-145.000000
-142.000000
-137.000000
-136.000000
-139.000000
-134.000000
-135.000000
-135.000000
-135.000000
-134.000000
-129.000000
-123.000000
-124.000000
-116.000000
-97.000000
-92.000000
-90.000000
-86.000000
-83.000000
-71.000000
-64.000000
-53.000000
-40.000000
-31.000000
-13.000000
-2.000000
2.000000
7.000000
9.000000
8.000000
-4.000000
-4.000000
-7.000000
1.000000
11.000000
24.000000
35.000000
44.000000
60.000000
69.000000
80.000000
99.000000
121.000000
126.000000
132.000000
149.000000
153.000000
149.000000
146.000000
145.000000
149.000000
142.000000
135.000000
134.000000
130.000000
121.000000
117.000000
107.000000
92.000000
85.000000
85.000000
90.000000
100.000000
109.000000
119.000000
135.000000
133.000000
138.000000
136.000000
135.000000
129.000000
109.000000
106.000000
102.000000
93.000000
91.000000
82.000000
77.000000
67.000000
49.000000
43.000000
25.000000
6.000000
-6.000000
-15.000000
-30.000000
-41.000000
-42.000000
-53.000000
-55.000000
-50.000000
-60.000000
-65.000000
-71.000000
-83.000000
-79.000000
-82.000000
-82.000000
-84.000000
-80.000000
-78.000000
-77.000000
-76.000000
-89.000000
-88.000000
-90.000000
-93.000000
-110.000000
-117.000000
-122.000000
-127.000000
-134.000000
-139.000000
-149.000000
-145.000000
-141.000000
-142.000000
-123.000000
-122.000000
-115.000000
-112.000000
-111.000000
-114.000000
-115.000000
-100.000000
-101.000000
-86.000000
-74.000000
-74.000000
-62.000000
-54.000000
-48.000000
-51.000000
-49.000000
-41.000000
-40.000000
-31.000000
-25.000000
-17.000000
-19.000000
-14.000000
-13.000000
-17.000000
-12.000000
-12.000000
-4.000000
4.000000
6.000000
18.000000
22.000000
27.000000
39.000000
49.000000
61.000000
73.000000
88.000000
103.000000
116.000000
121.000000
117.000000
121.000000
125.000000
119.000000
116.000000
114.000000
110.000000
107.000000
107.000000
108.000000
99.000000
88.000000
86.000000
84.000000
84.000000
81.000000
89.000000
94.000000
92.000000
98.000000
100.000000
104.000000
107.000000
108.000000
108.000000
102.000000
103.000000
93.000000
82.000000
75.000000
65.000000
63.000000
48.000000
44.000000
37.000000
25.000000
17.000000
2.000000
-8.000000
-10.000000
-18.000000
-30.000000
-38.000000
-44.000000
-43.000000
-49.000000
-55.000000
-53.000000
-60.000000
-59.000000
-66.000000
-71.000000
-69.000000
-67.000000
-66.000000
-72.000000
-76.000000
-76.000000
-82.000000
-88.000000
-88.000000
-98.000000
-104.000000
-109.000000
-117.000000
-118.000000
-118.000000
-123.000000
-122.000000
-116.000000
-115.000000
-113.000000
-116.000000
-110.000000
-104.000000
-99.000000
-92.000000
-87.000000
-79.000000
-72.000000
-66.000000
-61.000000
-64.000000
-68.000000
-72.000000
-77.000000
-78.000000
-76.000000
-71.000000
-65.000000
-54.000000
-39.000000
-41.000000
-38.000000
-26.000000
-17.000000
-14.000000
-13.000000
-6.000000
0.000000
8.000000
11.000000
15.000000
17.000000
20.000000
25.000000
28.000000
40.000000
47.000000
61.000000
69.000000
79.000000
95.000000
95.000000
108.000000
114.000000
114.000000
120.000000
123.000000
124.000000
118.000000
115.000000
118.000000
109.000000
102.000000
100.000000
98.000000
97.000000
99.000000
93.000000
92.000000
89.000000
95.000000
106.000000
108.000000
122.000000
123.000000
128.000000
135.000000
134.000000
137.000000
125.000000
118.000000
112.000000
107.000000
96.000000
83.000000
72.000000
56.000000
46.000000
31.000000
17.000000
13.000000
6.000000
3.000000
0.000000
-2.000000
-3.000000
-6.000000
-8.000000
-15.000000
-17.000000
-15.000000
-19.000000
-27.000000
-34.000000
-42.000000
-52.000000
-65.000000
-85.000000
-91.000000
-99.000000
-101.000000
-105.000000
-110.000000
-112.000000
-122.000000
-121.000000
-126.000000
-134.000000
-132.000000
-139.000000
-139.000000
-131.000000
-127.000000
-126.000000
-125.000000
-127.000000
-128.000000
-130.000000
-132.000000
-129.000000
-126.000000
-120.000000
-120.000000
-114.000000
-107.000000
-112.000000
-109.000000
-111.000000
-104.000000
-104.000000
-102.000000
-97.000000
-90.000000
-76.000000
-73.000000
-60.000000
-50.000000
-36.000000
-36.000000
-28.000000
-22.000000
-18.000000
-9.000000
-13.000000
1.000000
5.000000
11.000000
19.000000
32.000000
37.000000
32.000000
41.000000
51.000000
56.000000
61.000000
70.000000
82.000000
88.000000
93.000000
96.000000
99.000000
105.000000
99.000000
107.000000
110.000000
116.000000
117.000000
117.000000
127.000000
124.000000
128.000000
128.000000
130.000000
129.000000
137.000000
137.000000
140.000000
138.000000
130.000000
139.000000
132.000000
134.000000
130.000000
126.000000
127.000000
121.000000
119.000000
111.000000
102.000000
87.000000
79.000000
75.000000
68.000000
62.000000
51.000000
52.000000
53.000000
38.000000
26.000000
21.000000
14.000000
12.000000
3.000000
-6.000000
-4.000000
-7.000000
-14.000000
-19.000000
-31.000000
-37.000000
-49.000000
-58.000000
-63.000000
-80.000000
-85.000000
-94.000000
-102.000000
-108.000000
-118.000000
-119.000000
-122.000000
-125.000000
-125.000000
-126.000000
-125.000000
-128.000000
-130.000000
-132.000000
-135.000000
-124.000000
-121.000000
-127.000000
-123.000000
-115.000000
-118.000000
-114.000000
-114.000000
-119.000000
-121.000000
-127.000000
-126.000000
-127.000000
-132.000000
-127.000000
-121.000000
-121.000000
-114.000000
-104.000000
-101.000000
-91.000000
-78.000000
-66.000000
-59.000000
-58.000000
-35.000000
-27.000000
-20.000000
-8.000000
-3.000000
3.000000
4.000000
16.000000
18.000000
22.000000
26.000000
27.000000
33.000000
40.000000
43.000000
43.000000
48.000000
55.000000
64.000000
71.000000
81.000000
93.000000
102.000000
113.000000
112.000000
116.000000
121.000000
114.000000
119.000000
119.000000
122.000000
134.000000
132.000000
132.000000
136.000000
133.000000
131.000000
126.000000
123.000000
123.000000
123.000000
127.000000
129.000000
135.000000
135.000000
138.000000
139.000000
126.000000
117.000000
109.000000
104.000000
100.000000
84.000000
86.000000
77.000000
64.000000
64.000000
56.000000
58.000000
46.000000
40.000000
36.000000
32.000000
30.000000
26.000000
31.000000
20.000000
12.000000
9.000000
-3.000000
-9.000000
-16.000000
-29.000000
-39.000000
-51.000000
-56.000000
-67.000000
-81.000000
-88.000000
-94.000000
-102.000000
-109.000000
-113.000000
-117.000000
-120.000000
-118.000000
-117.000000
-116.000000
-112.000000
-114.000000
-114.000000
-117.000000
-118.000000
-116.000000
-115.000000
-120.000000
-122.000000
-126.000000
-126.000000
-125.000000
-125.000000
-134.000000
-138.000000
-138.000000
-140.000000
-135.000000
-132.000000
-125.000000
-121.000000
-111.000000
-93.000000
-96.000000
-96.000000
-94.000000
-88.000000
-79.000000
-81.000000
-77.000000
-71.000000
-57.000000
-46.000000
-34.000000
-29.000000
-28.000000
-15.000000
-14.000000
-9.000000
-3.000000
0.000000
16.000000
23.000000
33.000000
47.000000
54.000000
69.000000
63.000000
60.000000
69.000000
66.000000
62.000000
61.000000
61.000000
65.000000
71.000000
84.000000
100.000000
110.000000
122.000000
130.000000
140.000000
146.000000
145.000000
145.000000
140.000000
134.000000
141.000000
135.000000
139.000000
141.000000
138.000000
137.000000
133.000000
134.000000
122.000000
121.000000
114.000000
108.000000
100.000000
100.000000
101.000000
90.000000
96.000000
97.000000
90.000000
93.000000
99.000000
90.000000
78.000000
72.000000
65.000000
46.000000
27.000000
19.000000
16.000000
8.000000
7.000000
9.000000
2.000000
-4.000000
1.000000
-11.000000
-30.000000
-40.000000
-45.000000
-56.000000
-70.000000
-66.000000
-75.000000
-80.000000
-82.000000
-92.000000
-98.000000
-106.000000
-111.000000
-116.000000
-125.000000
-121.000000
-116.000000
-119.000000
-110.000000
-102.000000
-100.000000
-103.000000
-98.000000
-105.000000
-115.000000
-112.000000
-124.000000
-131.000000
-137.000000
-132.000000
-130.000000
-134.000000
-123.000000
-122.000000
-117.000000
-110.000000
-102.000000
-95.000000
-100.000000
-90.000000
-75.000000
-77.000000
-72.000000
-66.000000
-61.000000
-50.000000
-35.000000
-26.000000
-24.000000
-10.000000
-15.000000
-16.000000
-19.000000
-12.000000
-30.000000
-46.000000
-9.000000
-14.000000
11.000000
24.000000
51.000000
70.000000
61.000000
95.000000
70.000000
63.000000
58.000000
55.000000
57.000000
37.000000
64.000000
84.000000
97.000000
113.000000
138.000000
140.000000
132.000000
133.000000
115.000000
94.000000
76.000000
68.000000
54.000000
64.000000
86.000000
101.000000
126.000000
151.000000
163.000000
148.000000
138.000000
127.000000
85.000000
53.000000
40.000000
25.000000
28.000000
43.000000
67.000000
90.000000
111.000000
125.000000
119.000000
111.000000
88.000000
59.000000
26.000000
-3.000000
-8.000000
-19.000000
-20.000000
-9.000000
17.000000
29.000000
39.000000
47.000000
29.000000
18.000000
0.000000
-33.000000
-65.000000
-79.000000
-95.000000
-106.000000
-93.000000
-72.000000
-59.000000
-54.000000
-30.000000
-17.000000
-26.000000
-27.000000
-43.000000
-63.000000
-76.000000
-84.000000
-87.000000
-91.000000
-82.000000
-77.000000
-71.000000
-61.000000
-67.000000
-70.000000
-92.000000
-88.000000
-101.000000
-121.000000
-112.000000
-109.000000
-93.000000
-82.000000
-57.000000
-47.000000
-46.000000
-39.000000
-49.000000
-62.000000
-79.000000
-84.000000
-90.000000
-91.000000
-71.000000
-50.000000
-38.000000
-18.000000
0.000000
6.000000
-5.000000
-8.000000
-25.000000
-48.000000
-55.000000
-55.000000
-53.000000
-37.000000
-9.000000
8.000000
36.000000
53.000000
56.000000
46.000000
32.000000
13.000000
-16.000000
-27.000000
-25.000000
-22.000000
-3.000000
31.000000
68.000000
85.000000
101.000000
104.000000
84.000000
52.000000
18.000000
4.000000
-20.000000
-23.000000
-1.000000
33.000000
73.000000
127.000000
160.000000
165.000000
168.000000
144.000000
94.000000
48.000000
5.000000
-27.000000
-39.000000
-12.000000
40.000000
88.000000
145.000000
185.000000
199.000000
175.000000
130.000000
37.000000
-69.000000
-128.000000
-185.000000
-179.000000
-158.000000
-67.000000
45.000000
134.000000
254.000000
289.000000
292.000000
226.000000
135.000000
22.000000
-118.000000
-187.000000
-244.000000
-228.000000
-172.000000
-61.000000
58.000000
160.000000
251.000000
261.000000
225.000000
132.000000
34.000000
-105.000000
-231.000000
-282.000000
-307.000000
-263.000000
-184.000000
-64.000000
50.000000
115.000000
185.000000
177.000000
122.000000
38.000000
-65.000000
-150.000000
-227.000000
-242.000000
-225.000000
-171.000000
-89.000000
4.000000
71.000000
106.000000
122.000000
87.000000
35.000000
-44.000000
-106.000000
-151.000000
-174.000000
-148.000000
-109.000000
-42.000000
7.000000
60.000000
85.000000
63.000000
27.000000
-42.000000
-96.000000
-153.000000
-191.000000
-182.000000
-150.000000
-92.000000
-30.000000
42.000000
93.000000
103.000000
94.000000
52.000000
2.000000
-55.000000
-97.000000
-110.000000
-109.000000
-62.000000
4.000000
74.000000
134.000000
176.000000
185.000000
153.000000
111.000000
39.000000
-27.000000
-91.000000
-120.000000
-102.000000
-82.000000
-22.000000
50.000000
118.000000
153.000000
168.000000
160.000000
104.000000
43.000000
-26.000000
-72.000000
-102.000000
-99.000000
-57.000000
11.000000
78.000000
147.000000
208.000000
230.000000
224.000000
184.000000
118.000000
53.000000
-13.000000
-47.000000
-65.000000
-63.000000
-19.000000
32.000000
79.000000
110.000000
138.000000
120.000000
81.000000
27.000000
-23.000000
-65.000000
-111.000000
-106.000000
-84.000000
-55.000000
-8.000000
40.000000
77.000000
80.000000
65.000000
43.000000
-2.000000
-42.000000
-69.000000
-87.000000
-88.000000
-68.000000
-31.000000
-2.000000
11.000000
17.000000
10.000000
-28.000000
-61.000000
-106.000000
-131.000000
-145.000000
-138.000000
-112.000000
-76.000000
-22.000000
6.000000
28.000000
31.000000
8.000000
-24.000000
-76.000000
-113.000000
-140.000000
-150.000000
-129.000000
-108.000000
-60.000000
-22.000000
11.000000
24.000000
10.000000
-6.000000
-48.000000
-88.000000
-117.000000
-128.000000
-121.000000
-94.000000
-46.000000
3.000000
49.000000
85.000000
103.000000
100.000000
80.000000
54.000000
9.000000
-28.000000
-32.000000
-36.000000
-28.000000
4.000000
42.000000
75.000000
98.000000
108.000000
103.000000
70.000000
33.000000
2.000000
-34.000000
-50.000000
-36.000000
-13.000000
24.000000
74.000000
127.000000
161.000000
182.000000
182.000000
159.000000
118.000000
84.000000
52.000000
20.000000
4.000000
21.000000
38.000000
65.000000
98.000000
119.000000
128.000000
125.000000
110.000000
77.000000
44.000000
5.000000
-19.000000
-35.000000
-38.000000
-23.000000
-14.000000
8.000000
34.000000
40.000000
42.000000
43.000000
24.000000
1.000000
-14.000000
-30.000000
-48.000000
-49.000000
-39.000000
-32.000000
-37.000000
-25.000000
-19.000000
-32.000000
-38.000000
-47.000000
-63.000000
-85.000000
-87.000000
-85.000000
-79.000000
-76.000000
-61.000000
-53.000000
-57.000000
-58.000000
-67.000000
-91.000000
-110.000000
-122.000000
-135.000000
-132.000000
-113.000000
-91.000000
-77.000000
-55.000000
-32.000000
-30.000000
-31.000000
-43.000000
-57.000000
-73.000000
-85.000000
-82.000000
-78.000000
-64.000000
-47.000000
-33.000000
-21.000000
-4.000000
2.000000
-5.000000
-10.000000
-13.000000
-18.000000
-22.000000
-18.000000
-12.000000
-3.000000
7.000000
17.000000
34.000000
39.000000
43.000000
37.000000
44.000000
44.000000
37.000000
43.000000
47.000000
56.000000
54.000000
60.000000
66.000000
66.000000
59.000000
59.000000
60.000000
56.000000
69.000000
75.000000
86.000000
91.000000
94.000000
98.000000
90.000000
87.000000
76.000000
66.000000
61.000000
67.000000
69.000000
78.000000
95.000000
90.000000
92.000000
93.000000
87.000000
73.000000
48.000000
41.000000
37.000000
28.000000
37.000000
46.000000
56.000000
62.000000
63.000000
57.000000
38.000000
25.000000
-11.000000
-36.000000
-41.000000
-49.000000
-47.000000
-38.000000
-15.000000
3.000000
16.000000
27.000000
21.000000
-2.000000
-16.000000
-34.000000
-58.000000
-77.000000
-79.000000
-65.000000
-67.000000
-55.000000
-36.000000
-30.000000
-31.000000
-37.000000
-54.000000
-78.000000
-107.000000
-123.000000
-140.000000
-159.000000
-141.000000
-133.000000
-114.000000
-89.000000
-62.000000
-46.000000
-41.000000
-38.000000
-59.000000
-64.000000
-82.000000
-97.000000
-98.000000
-103.000000
-85.000000
-74.000000
-60.000000
-39.000000
-28.000000
-28.000000
-24.000000
-39.000000
-43.000000
-47.000000
-60.000000
-53.000000
-51.000000
-37.000000
-19.000000
0.000000
14.000000
23.000000
30.000000
24.000000
20.000000
12.000000
-4.000000
-11.000000
-11.000000
-4.000000
15.000000
37.000000
61.000000
79.000000
97.000000
104.000000
97.000000
89.000000
76.000000
45.000000
38.000000
37.000000
39.000000
48.000000
67.000000
96.000000
114.000000
135.000000
135.000000
134.000000
116.000000
92.000000
69.000000
43.000000
36.000000
32.000000
43.000000
55.000000
68.000000
93.000000
104.000000
96.000000
85.000000
65.000000
47.000000
31.000000
11.000000
4.000000
12.000000
21.000000
42.000000
53.000000
66.000000
71.000000
62.000000
55.000000
28.000000
11.000000
-1.000000
-14.000000
-22.000000
-30.000000
-26.000000
-20.000000
-18.000000
-22.000000
-37.000000
-45.000000
-57.000000
-59.000000
-68.000000
-77.000000
-66.000000
-49.000000
-35.000000
-29.000000
-20.000000
-26.000000
-33.000000
-58.000000
-82.000000
-99.000000
-113.000000
-115.000000
-106.000000
-84.000000
-61.000000
-36.000000
-11.000000
-8.000000
-16.000000
-34.000000
-59.000000
-88.000000
-115.000000
-131.000000
-136.000000
-114.000000
-83.000000
-53.000000
-14.000000
10.000000
20.000000
15.000000
-5.000000
-34.000000
-68.000000
-95.000000
-106.000000
-99.000000
-80.000000
-47.000000
-10.000000
29.000000
52.000000
52.000000
54.000000
26.000000
-9.000000
-32.000000
-49.000000
-55.000000
-48.000000
-11.000000
18.000000
50.000000
83.000000
94.000000
104.000000
86.000000
66.000000
40.000000
11.000000
5.000000
-2.000000
8.000000
25.000000
52.000000
87.000000
104.000000
109.000000
115.000000
107.000000
70.000000
59.000000
38.000000
14.000000
15.000000
17.000000
26.000000
41.000000
61.000000
78.000000
84.000000
83.000000
82.000000
79.000000
62.000000
48.000000
42.000000
41.000000
50.000000
51.000000
62.000000
69.000000
79.000000
83.000000
69.000000
54.000000
40.000000
12.000000
-18.000000
-38.000000
-51.000000
-51.000000
-52.000000
-34.000000
-20.000000
-7.000000
5.000000
5.000000
-1.000000
-16.000000
-36.000000
-50.000000
-56.000000
-57.000000
-48.000000
-32.000000
-15.000000
2.000000
2.000000
3.000000
-8.000000
-35.000000
-57.000000
-84.000000
-107.000000
-113.000000
-105.000000
-100.000000
-80.000000
-58.000000
-40.000000
-34.000000
-42.000000
-42.000000
-67.000000
-89.000000
-99.000000
-110.000000
-109.000000
-102.000000
-77.000000
-52.000000
-31.000000
-12.000000
1.000000
-5.000000
-17.000000
-33.000000
-52.000000
-69.000000
-83.000000
-76.000000
-71.000000
-60.000000
-29.000000
-14.000000
16.000000
33.000000
41.000000
45.000000
39.000000
33.000000
5.000000
-7.000000
-11.000000
-17.000000
-18.000000
-6.000000
10.000000
20.000000
39.000000
50.000000
57.000000
60.000000
58.000000
57.000000
43.000000
39.000000
46.000000
41.000000
48.000000
55.000000
55.000000
72.000000
84.000000
97.000000
98.000000
94.000000
100.000000
93.000000
90.000000
86.000000
76.000000
71.000000
58.000000
61.000000
57.000000
55.000000
64.000000
64.000000
60.000000
48.000000
37.000000
23.000000
18.000000
24.000000
28.000000
36.000000
55.000000
64.000000
70.000000
71.000000
63.000000
47.000000
18.000000
-2.000000
-23.000000
-46.000000
-47.000000
-32.000000
-10.000000
7.000000
17.000000
33.000000
28.000000
10.000000
-16.000000
-46.000000
-82.000000
-91.000000
-96.000000
-86.000000
-55.000000
-32.000000
-7.000000
0.000000
4.000000
-15.000000
-34.000000
-65.000000
-90.000000
-109.000000
-121.000000
-102.000000
-91.000000
-55.000000
-32.000000
-32.000000
-24.000000
-41.000000
-59.000000
-89.000000
-114.000000
-117.000000
-119.000000
-93.000000
-56.000000
-30.000000
-16.000000
3.000000
-8.000000
-32.000000
-46.000000
-71.000000
-89.000000
-100.000000
-98.000000
-65.000000
-40.000000
8.000000
48.000000
69.000000
67.000000
49.000000
32.000000
-7.000000
-40.000000
-66.000000
-75.000000
-67.000000
-44.000000
-17.000000
15.000000
42.000000
53.000000
60.000000
47.000000
33.000000
7.000000
5.000000
8.000000
1.000000
24.000000
42.000000
59.000000
85.000000
106.000000
110.000000
109.000000
103.000000
80.000000
70.000000
63.000000
66.000000
68.000000
66.000000
63.000000
49.000000
45.000000
37.000000
30.000000
32.000000
31.000000
29.000000
34.000000
38.000000
46.000000
52.000000
51.000000
43.000000
40.000000
37.000000
30.000000
34.000000
46.000000
56.000000
67.000000
77.000000
82.000000
80.000000
67.000000
36.000000
-4.000000
-32.000000
-49.000000
-48.000000
-32.000000
-10.000000
11.000000
28.000000
35.000000
24.000000
-1.000000
-34.000000
-74.000000
-110.000000
-125.000000
-117.000000
-89.000000
-54.000000
-4.000000
34.000000
63.000000
74.000000
