-78
-75
-70
-67
-60
-56
-48
-39
-30
-20
-9
1
13
24
36
49
61
72
82
92
101
111
120
128
134
138
143
147
149
151
152
151
149
146
142
137
130
123
114
104
94
84
73
62
50
38
26
16
5
-6
-17
-28
-37
-46
-53
-61
-68
-74
-80
-85
-88
-91
-92
-94
-96
-96
-95
-94
-91
-88
-86
-83
-81
-76
-73
-68
-64
-61
-56
-53
-48
-45
-41
-37
-34
-32
-29
-27
-23
-21
-20
-18
-16
-14
-12
-10
-8
-7
-6
-5
-4
-2
-1
0
2
2
4
5
7
9
11
11
12
13
13
14
13
13
11
11
9
6
5
2
-1
-4
-6
-9
-11
-14
-16
-19
-22
-25
-29
-31
-32
-34
-36
-37
-37
-36
-36
-34
-30
-27
-23
-18
-13
-6
0
6
14
22
29
37
45
53
59
66
72
79
84
89
93
97
100
103
106
108
110
109
109
108
106
103
100
96
91
84
77
70
63
56
47
38
29
20
11
3
-5
-13
-22
-30
-36
-43
-49
-55
-60
-65
-69
-72
-74
-75
-77
-78
-77
-77
-76
-75
-74
-73
-72
-70
-67
-64
-62
-58
-54
-51
-47
-43
-38
-35
-30
-27
-23
-19
-15
-12
-9
-3
-1
2
5
7
8
11
12
13
15
16
17
18
18
17
17
16
16
15
13
11
8
5
1
-2
-5
-8
-13
-17
-22
-26
-30
-34
-38
-42
-45
-49
-52
-53
-57
-59
-61
-62
-63
-62
-63
-62
-60
-58
-54
-49
-43
-39
-32
-25
-17
-8
2
12
22
30
40
49
59
69
77
85
93
101
106
111
116
119
124
127
129
130
129
129
129
126
124
120
116
110
104
98
89
81
73
66
56
46
35
26
16
7
-2
-12
-20
-29
-36
-44
-49
-56
-61
-65
-70
-74
-77
-80
-82
-84
-83
-83
-83
-83
-83
-82
-80
-78
-76
-71
-68
-66
-61
-57
-52
-46
-42
-37
-32
-28
-22
-19
-14
-10
-6
-2
0
3
5
8
9
11
11
12
14
15
16
17
16
15
15
14
14
12
8
6
1
-1
-5
-8
-12
-17
-21
-26
-29
-33
-37
-40
-43
-46
-48
-50
-52
-54
-55
-56
-57
-56
-55
-55
-53
-51
-49
-47
-44
-38
-33
-26
-20
-13
-6
1
9
17
25
33
41
48
56
63
70
77
82
88
92
96
100
104
107
110
113
115
115
116
116
115
114
113
110
106
102
96
90
84
78
71
64
56
50
42
33
25
19
11
4
-3
-10
-17
-23
-29
-34
-40
-47
-52
-57
-62
-66
-70
-72
-75
-76
-79
-79
-80
-80
-78
-77
-75
-74
-73
-71
-70
-67
-63
-60
-57
-55
-53
-49
-46
-43
-40
-37
-32
-30
-26
-22
-20
-16
-14
-11
-9
-7
-6
-4
-4
-2
-2
-2
-1
-1
-2
-2
-5
-5
-5
-6
-7
-7
-9
-10
-10
-12
-11
-12
-13
-14
-15
-16
-17
-17
-18
-18
-18
-16
-17
-16
-16
-15
-13
-12
-10
-7
-6
-3
0
2
5
8
11
14
18
21
24
29
31
35
40
45
50
55
59
63
66
71
73
77
78
80
81
82
80
79
79
78
76
74
71
67
65
62
59
55
52
49
44
40
36
31
24
20
14
9
3
-2
-8
-13
-18
-22
-26
-29
-33
-35
-38
-40
-42
-43
-44
-45
-45
-46
-45
-45
-45
-45
-45
-44
-42
-42
-41
-38
-38
-36
-34
-32
-31
-30
-27
-26
-25
-23
-23
-22
-20
-19
-20
-19
-19
-19
-19
-21
-21
-20
-21
-22
-21
-21
-23
-23
-25
-25
-25
-25
-26
-28
-30
-30
-32
-32
-32
-33
-33
-33
-33
-33
-33
-32
-30
-28
-26
-25
-25
-23
-22
-19
-16
-14
-12
-11
-8
-6
-4
-2
0
4
6
9
13
15
17
20
23
26
29
32
34
37
39
41
44
46
49
51
52
54
56
58
59
61
62
64
65
66
65
65
64
64
64
63
62
60
59
57
55
52
51
48
47
44
42
38
35
32
29
27
24
21
18
15
13
9
6
3
1
0
-2
-4
-6
-8
-9
-12
-12
-13
-13
-15
-16
-17
-19
-19
-21
-21
-21
-23
-24
-25
-25
-26
-28
-28
-28
-30
-31
-33
-34
-35
-36
-37
-39
-39
-42
-44
-45
-48
-48
-50
-51
-52
-55
-57
-60
-63
-63
-64
-64
-64
-63
-63
-64
-64
-63
-62
-61
-58
-57
-54
-52
-51
-48
-46
-43
-40
-36
-33
-30
-28
-26
-23
-20
-16
-13
-10
-8
-6
-5
-3
0
1
4
5
6
6
4
3
1
-1
-2
-4
-7
-13
-19
-24
-31
-36
-40
-43
-47
-51
-56
-63
-66
-68
-68
-66
-62
-58
-54
-48
-42
-34
-23
-11
5
20
36
50
65
82
100
118
138
157
178
199
218
238
255
274
294
316
336
354
372
385
398
409
419
429
436
441
442
440
434
425
414
400
384
363
341
317
287
258
223
188
150
110
68
26
-16
-59
-101
-143
-186
-229
-272
-313
-351
-387
-422
-455
-486
-516
-547
-584
-613
-624
-642
-651
-658
-665
-666
-668
-665
-661
-650
-637
-619
-598
-576
-549
-521
-491
-459
-424
-388
-350
-311
-272
-232
-194
-156
-116
-77
-37
1
37
70
99
127
155
181
205
227
244
258
268
278
285
290
292
292
289
282
274
264
253
243
232
223
212
201
189
176
163
149
141
134
131
128
122
117
114
115
118
125
134
147
161
174
186
199
215
236
260
286
313
336
356
373
390
406
424
442
463
478
488
494
497
497
496
493
491
488
481
471
456
440
419
400
382
364
343
317
287
253
219
183
147
107
66
23
-23
-71
-116
-160
-204
-247
-290
-332
-375
-416
-458
-494
-522
-550
-573
-591
-609
-625
-645
-662
-677
-688
-696
-703
-709
-719
-730
-741
-751
-756
-757
-753
-746
-740
-734
-726
-716
-700
-681
-660
-634
-604
-569
-532
-498
-462
-425
-383
-338
-291
-245
-201
-159
-117
-76
-35
5
46
86
126
162
200
235
270
304
337
367
397
422
444
464
481
496
508
517
525
532
535
537
538
537
533
527
520
510
502
492
482
473
464
454
443
435
427
420
415
411
409
404
401
397
394
395
399
403
409
414
420
427
432
436
439
439
436
430
424
414
401
385
364
341
313
285
258
230
201
167
132
95
59
24
-8
-40
-74
-107
-138
-169
-199
-237
-266
-281
-309
-333
-359
-388
-412
-440
-463
-487
-507
-531
-554
-579
-602
-620
-634
-645
-654
-662
-670
-677
-685
-688
-690
-687
-680
-670
-661
-650
-638
-624
-608
-589
-568
-541
-510
-481
-455
-431
-406
-382
-355
-326
-296
-264
-235
-207
-184
-162
-139
-113
-81
-46
-10
27
61
93
126
155
187
221
254
285
310
328
338
347
353
358
360
360
359
355
348
338
329
321
319
318
316
311
305
303
306
313
324
336
349
364
374
382
390
400
416
435
452
460
459
451
443
439
439
442
445
450
445
432
413
395
383
376
371
370
372
368
357
340
322
312
307
309
315
319
318
306
280
246
212
180
147
114
74
30
-19
-74
-131
-190
-248
-301
-343
-381
-415
-445
-472
-493
-510
-522
-526
-512
-490
-460
-432
-403
-380
-364
-355
-362
-377
-395
-409
-424
-445
-472
-504
-532
-558
-582
-605
-615
-611
-591
-567
-552
-544
-530
-504
-469
-432
-388
-337
-283
-238
-211
-202
-199
-199
-198
-197
-201
-209
-216
-218
-221
-231
-234
-215
-181
-150
-131
-118
-95
-54
-7
34
69
111
161
208
243
277
312
348
370
374
362
339
315
299
288
299
321
340
358
357
323
281
255
244
252
243
227
238
281
315
330
390
491
637
775
861
907
899
867
796
721
668
642
627
608
595
572
570
570
605
665
736
777
757
693
580
439
283
172
103
62
43
23
7
-25
-82
-152
-173
-141
-105
-111
-170
-239
-301
-357
-413
-464
-483
-471
-463
-485
-531
-612
-711
-787
-856
-915
-975
-1024
-1041
-1043
-1048
-1058
-1052
-1018
-946
-866
-789
-710
-623
-511
-398
-289
-186
-74
33
126
210
252
266
226
165
84
-26
-132
-224
-277
-298
-287
-269
-243
-219
-197
-169
-137
-114
-111
-121
-136
-109
-58
-4
69
165
317
504
625
684
701
686
637
509
292
47
-183
-360
-482
-599
-672
-701
-640
-490
-326
-177
-47
104
276
459
578
648
667
651
610
484
304
45
-257
-636
-1097
-1556
-1892
-1985
-1938
-1790
-1554
-1086
-332
589
1568
2423
3171
3803
4314
4615
4581
4212
3606
2921
2142
1292
411
-411
-1126
-1739
-2192
-2384
-2300
-2029
-1638
-1214
-653
83
893
1648
2156
2437
2652
2825
2840
2556
1953
1224
554
-77
-682
-1281
-1841
-2162
-2211
-2068
-1866
-1696
-1469
-1100
-728
-491
-372
-343
-277
-222
-271
-345
-441
-503
-491
-470
-460
-437
-374
-312
-292
-386
-503
-555
-608
-690
-861
-1021
-1035
-951
-905
-985
-1257
-1536
-1639
-1612
-1415
-1158
-883
-403
244
876
1554
2025
2272
2440
2140
1425
258
-1670
-4098
-6863
-9626
-11401
-11922
-11396
-9960
-8085
-5481
-1754
2549
6872
10416
12564
13605
13725
12727
10645
7545
3799
376
-2342
-4157
-4818
-4690
-3858
-2246
-310
1603
3124
3837
3975
3553
2442
1173
49
-744
-991
-839
-231
1076
2819
4685
6346
7135
7005
6124
4554
2579
220
-2364
-4659
-6315
-7167
-7091
-6308
-5189
-3814
-2299
-716
858
2100
2703
2736
2279
1443
754
140
-345
-617
-823
-747
-383
-21
82
-53
-563
-1114
-1499
-1867
-2128
-2268
-2260
-1796
-896
56
1064
1812
2172
2265
1920
1115
29
-1326
-2588
-3419
-3841
-3756
-3112
-1981
-360
1547
3292
4727
5543
5642
5070
3849
2088
81
-1982
-3812
-5123
-5930
-6102
-5702
-4933
-3868
-2570
-1220
285
1593
2528
3310
3760
4114
4345
3989
3340
2392
1220
59
-2008
-5420
-9510
-13266
-15023
-14279
-12524
-10140
-7514
-4133
840
6215
10720
13609
14550
14044
12892
10316
6732
2804
-1082
-3677
-5006
-5380
-4470
-2726
-976
898
2104
2464
2470
1836
809
-154
-1287
-1664
-429
1601
4155
6426
7868
9046
9620
8914
6969
3541
-728
-4543
-7687
-9663
-10210
-9563
-7476
-4239
-604
3076
6012
7642
8010
6988
4828
2195
-582
-2985
-4599
-5451
-5200
-3810
-1898
-72
1074
1351
1265
985
313
-990
-2567
-3999
-4459
-3663
-2321
-479
1295
3001
4598
5521
5100
3441
971
-1881
-4230
-6285
-7716
-8081
-7451
-5710
-3001
-177
2479
4703
5999
6476
5980
4583
2844
1046
-754
-2078
-2841
-2928
-2296
-1411
-660
-70
170
158
-14
-556
-1238
-1805
-1995
-1647
-909
-122
788
1601
2273
2592
2419
1972
1213
521
51
-155
91
910
1938
2809
3118
2573
1542
-553
-4097
-8575
-13651
-17859
-19287
-17675
-13761
-8515
-3488
2443
9207
15062
19600
21221
19546
15691
10757
4960
-559
-5987
-10256
-11457
-10951
-8872
-5329
-1728
1339
3633
4124
3733
2562
407
-1128
-1756
-1656
131
3426
7292
11414
14159
15155
14704
12203
7861
2360
-4263
-10540
-15046
-17453
-17152
-14569
-10223
-4461
1460
6395
10087
11821
11480
9315
5703
1715
-1695
-4118
-5019
-4414
-3024
-970
1171
2811
3460
2654
519
-2439
-6004
-9798
-12439
-12454
-9880
-5299
416
5388
10059
13871
15748
15872
12584
6610
254
-5382
-10411
-13753
-15643
-15618
-12355
-7955
-2289
3532
7359
9554
10725
9986
7906
4937
1049
-2111
-4483
-5825
-5425
-3926
-2462
-571
720
1131
1140
237
-1149
-2630
-4103
-4745
-3978
-2704
-707
1623
3937
5960
6848
6350
4586
1708
-1533
-4333
-6378
-7279
-6765
-4696
-1084
3226
6910
9595
10518
9813
7332
2688
-3509
-10714
-18009
-23731
-25849
-23411
-17214
-8834
-449
7284
14341
19400
22580
22734
19350
13244
6381
164
-4717
-8107
-10309
-9696
-7367
-4223
-589
2424
3886
3813
2168
-276
-2381
-4163
-4493
-2923
90
4347
9691
14658
18438
19826
18008
13633
7235
-267
-7680
-14318
-19712
-22264
-21543
-17613
-11138
-3543
4089
10580
14894
16805
16370
13518
8940
3506
-1610
-5338
-7335
-7588
-6384
-4467
-2297
-338
812
938
-117
-2083
-4241
-6104
-7409
-7670
-6526
-3962
-290
4158
8315
11143
12551
11956
9584
5857
725
-4475
-8683
-12085
-13999
-13702
-11987
-8603
-4175
-34
4117
7256
8902
9858
9621
7762
5292
2506
-267
-2282
-3929
-5014
-5348
-5368
-4807
-3596
-2528
-1591
-802
-349
54
326
420
601
640
593
902
1237
1483
1400
820
168
-363
-898
-1190
-1483
-1559
-816
485
2224
4042
5539
6631
7095
6465
4726
1477
-3196
-8340
-13400
-17921
-20812
-20634
-16780
-10277
-2851
3863
9590
14266
17354
19010
18155
14451
8784
3269
-1588
-5336
-8031
-9579
-8652
-6827
-4520
-2138
9
1130
1366
652
-462
-889
-857
413
2682
5489
8593
11966
14320
15294
14092
10504
5448
-502
-6592
-12044
-16316
-18981
-18837
-16227
-11504
-5527
833
6868
11821
14811
15756
14981
12640
9365
5489
1634
-1582
-3785
-5130
-5780
-6285
-6633
-6755
-6591
-6129
-5513
-4719
-3525
-1863
297
3102
5901
8528
10502
11041
10270
8077
4670
943
-3222
-7375
-10553
-12528
-12957
-11439
-9058
-6113
-2568
795
4316
7329
9015
9499
8912
7317
5499
3262
421
-2532
-5510
-7912
-9180
-9603
-9133
-7575
-5546
-2891
3
2614
4993
6782
7448
7051
5328
2574
-229
-2789
-4734
-5890
-6270
-5663
-4151
-2263
-361
1027
2004
2828
3325
3548
3499
2925
2680
2906
3159
3711
3848
3265
2524
815
-2482
-6599
-11671
-16602
-20131
-21921
-20018
-13827
-5711
2827
9878
14603
18052
19994
19860
17426
12219
5498
106
-4367
-7475
-9306
-10077
-9163
-7286
-5283
-3035
-493
893
1960
2519
2985
4275
6011
8049
10309
11877
12670
13108
12145
9848
5950
490
-5301
-10214
-13955
-15903
-16576
-15875
-12772
-7825
-1750
4496
9934
14125
16850
17314
15837
12692
8215
3419
-1201
-5358
-8585
-10730
-11675
-11303
-10214
-8767
-6979
-4912
-2402
530
3293
5696
7511
8457
8512
8009
7168
5889
4007
1092
-2596
-6071
-8764
-10398
-11002
-11042
-10221
-7936
-4637
-1019
2487
5178
7195
8567
9006
8671
7457
5275
2654
-120
-3003
-5418
-7279
-8431
-8848
-8754
-7980
-6238
-3814
-978
1838
3942
5482
6618
7107
6655
5009
2283
-574
-3045
-4885
-5944
-6324
-5930
-4740
-3018
-1188
236
1128
1708
1782
1534
1214
1212
1915
3259
4510
5524
6369
6559
6161
4804
2093
-1824
-6351
-11401
-16185
-19956
-22426
-21562
-15928
-6990
3220
11695
16243
18690
19527
18770
16347
11567
5153
-247
-4367
-7804
-9430
-10307
-9533
-7756
-6235
-4405
-1702
984
3218
5240
6296
7925
9723
10919
11585
11226
9778
8283
6218
3219
-38
-4107
-8070
-10919
-12485
-12559
-11207
-9394
-6442
-2486
1753
6375
10680
14097
16176
16216
14127
10815
6408
1493
-3412
-7990
-11531
-13428
-13787
-12663
-10451
-7688
-4216
-438
3217
6438
8870
10372
11154
10914
9491
6776
2999
-664
-3634
-6086
-8110
-10162
-11776
-12012
-11065
-9080
-6489
-3890
-1216
1702
4137
6057
7296
7516
7125
5952
4202
2325
390
-1689
-3686
-5631
-7127
-7670
-7720
-7369
-6827
-6119
-4491
-1982
722
3176
4774
5423
5810
5759
4916
3360
1134
-987
-2338
-2998
-2977
-2520
-1879
-865
81
621
722
161
-724
-1541
-2220
-2177
-870
1160
3449
5554
6861
7594
7769
6924
5130
2348
-1567
-6143
-10761
-14857
-17821
-19626
-19359
-15196
-7469
1936
9531
13074
14309
14797
14754
13606
10667
6349
2668
-463
-3619
-5686
-7036
-7288
-6938
-6781
-6047
-3643
-298
3038
5924
7641
9422
10881
11381
11036
9636
7425
5371
3357
1097
-1031
-3859
-6744
-8676
-9522
-9336
-8222
-6713
-4335
-922
2754
6660
10392
13383
15102
14860
12344
8327
3436
-1579
-6171
-10303
-13439
-14867
-14468
-12307
-8915
-5196
-1352
2410
5888
8967
11217
12245
11963
10117
6990
3297
-348
-3677
-6770
-9768
-12094
-13122
-13018
-11767
-9800
-7406
-4609
-1579
1179
3621
5608
6729
7190
6896
6109
5068
3702
1706
-969
-3980
-6948
-9156
-10321
-10323
-9361
-7607
-5252
-2478
691
3722
6176
7424
7371
6335
4815
3186
1626
142
-1181
-1829
-1816
-1197
-602
-465
-685
-746
-641
-522
-501
-847
-1031
-663
490
1964
3537
4783
5662
6325
6195
5547
4793
3937
2129
-1129
-5818
-10939
-15070
-18077
-19813
-19522
-15132
-6503
3984
12201
15538
16285
16337
15814
13573
10106
6258
2917
-613
-5099
-8257
-9780
-9758
-9633
-9522
-8221
-4521
746
5589
9281
11269
12765
13263
12408
10538
8244
5622
3210
998
-1131
-2725
-4716
-7092
-9354
-10825
-11204
-9871
-7512
-4409
-590
3513
7921
11926
14683
15470
14189
10930
6441
1211
-3817
-7892
-10898
-12789
-13559
-13126
-11303
-8317
-5058
-1599
1931
5601
9300
12325
13870
13446
11050
7318
3170
-1055
-4973
-8578
-11474
-13080
-13533
-12772
-10888
-8393
-5519
-2423
397
2973
5249
6725
7752
8169
7640
6453
4584
2121
-526
-3051
-5432
-7302
-8591
-9087
-8389
-6946
-5075
-3103
-1175
829
2802
4377
5395
5703
5331
4744
3841
2719
1635
571
-323
-983
-1724
-2514
-3039
-3152
-2821
-2425
-2173
-1700
-665
726
1980
2655
2965
3354
3844
4406
4985
5379
5383
4350
1360
-3250
-8036
-12078
-14842
-16719
-18036
-16738
-11346
-3132
4479
8759
10286
11568
13221
13706
13136
12094
10535
7294
1569
-4268
-8045
-9601
-9938
-9851
-8692
-5516
-689
3788
7052
8651
8930
8969
8506
8239
8478
8679
8241
7079
5118
2522
-325
-3638
-6875
-9831
-11833
-11877
-9808
-6462
-2787
489
3434
6397
8871
10416
10587
9620
8088
6242
3796
824
-2299
-5304
-7885
-10055
-11508
-11681
-10331
-7646
-4181
-513
3058
6184
8286
8937
8387
7323
6246
4884
2771
-188
-3544
-6732
-9334
-11159
-12041
-11713
-10247
-7756
-4800
-1812
730
2704
4067
4945
5528
5669
5364
4336
2758
765
-1200
-3058
-4724
-6044
-6977
-7181
-6614
-5209
-3410
-1567
-93
1023
2029
2953
3793
4272
4260
3760
3011
2230
1622
1110
459
-415
-1458
-2339
-2647
-2254
-1375
-145
1135
2266
3121
3155
2283
1235
716
886
1472
1650
1545
1598
990
-849
-3510
-5898
-7325
-8456
-10391
-11275
-8413
-2536
2817
4357
3512
3576
5248
6953
8100
9820
11451
10864
6412
592
-3324
-4861
-4844
-4922
-4453
-2879
-345
1816
2690
2468
1514
1072
1207
2721
5319
8080
9922
9963
8357
5536
2358
-611
-2938
-4987
-6521
-7260
-7272
-6942
-6500
-5926
-4702
-2460
461
3665
6185
7677
8100
7440
5679
3271
842
-1112
-2436
-3348
-3883
-4209
-4499
-4704
-4643
-4160
-3049
-1495
148
1588
2906
4244
5436
6033
5522
3769
1039
-2176
-4915
-6471
-6845
-6340
-5471
-4730
-4363
-3900
-3262
-2038
-488
863
2146
3233
3988
3820
2773
818
-1311
-2964
-3995
-4325
-4193
-3625
-3012
-2310
-1620
-943
-241
426
927
1299
1501
1389
1135
679
11
-768
-1130
-982
-418
254
739
1019
999
907
760
798
1199
1878
2943
3771
3702
2683
1150
-392
-1717
-2264
-2487
-2836
-4241
-6335
-7304
-6900
-5955
-5408
-3298
1150
5889
7024
3887
704
-36
1434
2885
4724
6990
8053
6138
1876
-860
-947
688
2010
2771
3097
2777
1824
-59
-1803
-2936
-3110
-2321
-408
2344
5138
7175
7604
6629
4898
3359
2675
2880
2991
2208
376
-2042
-4476
-6495
-7566
-7562
-6298
-4090
-1451
751
1893
1942
1357
891
858
1433
2320
3068
3258
2663
1371
-209
-1528
-2378
-2954
-3485
-4036
-4571
-4777
-4024
-2187
-79
1459
2238
2809
3019
2322
859
-651
-1799
-2820
-3724
-4352
-4211
-3622
-3077
-2550
-1730
-405
1012
1968
1869
1212
759
610
475
338
147
-392
-1172
-2042
-2773
-3000
-2646
-2071
-1526
-1093
-431
696
1818
2086
1576
1039
924
1157
1093
476
-746
-2090
-3050
-3233
-2603
-1275
697
2571
3683
3574
3216
3549
4297
4514
3705
2187
-257
-3889
-8190
-10994
-11638
-11215
-9964
-6386
-507
4294
4657
1534
50
2145
5986
8811
10709
11325
8985
3365
-2757
-4982
-3406
196
2927
4499
4585
3400
1816
40
-1088
-1789
-1144
-93
1198
1729
1351
759
193
175
685
2270
4325
6248
6479
4822
2424
748
190
319
422
136
-284
-930
-1877
-3591
-5392
-6523
-6307
-5264
-3982
-2660
-1360
-108
642
948
1104
1860
3153
4108
3774
2116
59
-1183
-1391
-1454
-2090
-2840
-2776
-2046
-1395
-1190
-795
-13
757
966
476
-256
-1120
-1895
-2537
-2654
-2110
-1099
-156
-81
-509
-796
-396
187
804
1350
1643
1640
1192
650
95
-48
-95
-289
-1058
-2221
-3360
-4208
-4572
-4574
-4010
-2830
-875
1220
2686
2843
2265
1787
1882
2288
2422
1823
456
-1135
-2545
-2813
-1766
296
2120
2937
2547
1285
-737
-3376
-5036
-5011
-4437
-4947
-5358
-4094
-2522
-3239
-5674
-5697
-1749
3527
6991
8495
8965
7623
4590
2124
2883
5940
8438
8531
6221
2711
-830
-2804
-3196
-2416
-1586
-1004
-840
-1040
-1478
-1773
-998
404
2056
3273
4282
4511
3941
2738
1775
1768
2400
3256
3555
3295
2210
1156
515
493
528
285
-516
-2061
-3848
-5326
-5871
-5739
-5036
-4045
-2837
-2055
-1823
-1953
-1911
-1136
445
2242
3131
2950
2110
1361
824
700
1035
1518
1621
830
-609
-1962
-2472
-2165
-1618
-1266
-1061
-671
-349
-493
-905
-1088
-855
-580
-505
-672
-918
-1036
-1016
-837
-376
446
1339
1746
1457
828
581
832
1019
666
-197
-930
-1145
-1086
-1338
-1944
-2665
-3503
-4321
-4670
-4196
-2960
-1635
-698
-254
-89
231
909
1941
2681
2907
2817
2421
887
-2214
-5151
-5983
-4699
-3073
-1837
-457
-150
-2519
-6125
-6795
-3161
1499
3960
3960
3208
1593
-484
-732
2222
6464
8859
9015
7550
5548
4033
3874
4781
5602
5726
4740
2852
252
-2456
-3942
-3656
-2406
-1595
-1651
-2165
-2616
-2570
-2002
-513
1632
3484
3996
3250
2312
2012
2784
3988
4561
3783
2043
76
-1427
-2133
-2117
-1632
-1014
-819
-1529
-2936
-4221
-4376
-3301
-1869
-1168
-1381
-2026
-2614
-2980
-2928
-2070
-333
1405
2087
1647
952
764
1032
1536
1995
2300
2050
1315
458
-317
-686
-460
10
-104
-616
-1069
-1374
-1411
-1055
-468
29
379
281
-301
-871
-1149
-1065
-879
-811
-957
-1079
-1016
-860
-444
60
567
1054
1458
1403
756
77
-383
-429
-109
64
-274
-1191
-2556
-4059
-4710
-4266
-3851
-4400
-5933
-6836
-6437
-5422
-3909
-1200
1515
983
-2092
-3618
-1329
2224
3860
3518
2764
2035
482
-155
2062
5551
7242
6770
5314
3683
2807
3255
4411
5111
5105
4412
3270
1477
-405
-1178
-373
743
907
440
-466
-1422
-1999
-1631
-480
795
1273
591
-550
-1340
-1134
204
1978
2964
2835
1974
968
408
822
1790
2651
2726
1714
99
-1494
-2443
-2367
-1322
-597
-1157
-2704
-4077
-4506
-4106
-3261
-2315
-1249
-474
-483
-533
224
1527
2463
2688
2460
1940
1285
363
-282
-261
461
1188
1053
211
-702
-942
-777
-547
-267
67
107
-423
-1186
-1644
-1490
-943
-746
-1062
-1267
-851
-86
287
365
489
746
692
181
-261
-534
-758
-1014
-1174
-1150
-1101
-1060
-1454
-1968
-2033
-1337
77
1104
558
-2417
-5615
-6599
-5426
-3742
-2577
-1277
-1149
-3813
-8028
-8939
-4788
-159
1206
-123
-974
-1383
-1934
-699
3408
8326
10087
8913
6847
5674
5660
6571
7846
7857
6857
5074
3159
1317
450
1201
2657
3048
1612
-211
-1491
-2157
-2455
-1947
-937
-403
-1202
-2790
-3928
-3672
-2007
116
1690
1837
897
-267
-798
-290
1189
2689
3094
2129
301
-1416
-1760
-338
1634
2345
1346
-167
-1160
-1392
-1162
-538
-78
-443
-1751
-3114
-3549
-2972
-2036
-1442
-1171
-1229
-1410
-1497
-1324
-919
-256
642
1220
1406
1499
1699
2015
2471
2981
3018
2563
1825
1218
966
877
578
-102
-742
-1200
-1337
-1163
-719
-410
-564
-1055
-1516
-1636
-1382
-924
-544
-401
-597
-879
-1112
-981
-568
-7
178
-176
-861
-1432
-1266
-809
-500
-1618
-3675
-5193
-5138
-4197
-3196
-1737
-1414
-3206
-6201
-6461
-3142
526
1539
-134
-1450
-2407
-3245
-2838
320
3888
4449
2832
1181
1244
2539
4567
6305
6935
6641
5667
4727
4015
4151
5436
6841
6725
4889
2877
1512
771
629
949
1276
638
-1244
-3403
-4501
-4096
-2805
-1462
-951
-1542
-2528
-3113
-2907
-1863
-469
419
323
-407
-1100
-1131
-669
4
825
1421
1422
808
298
190
505
838
877
717
461
118
-413
-566
-254
344
773
591
50
-311
-341
-444
-564
-676
-751
-766
-662
-409
-121
199
227
113
182
522
874
921
686
354
415
833
1198
1187
1018
1062
1193
1224
1095
855
364
-511
-1368
-1598
-1202
-849
-1263
-2014
-2364
-2110
-1832
-1800
-1860
-1990
-1668
-1311
-1159
-1888
-3335
-4141
-3865
-2981
-2577
-1877
-1414
-2658
-5202
-6287
-3875
-742
489
-749
-2004
-2131
-2418
-2164
-179
3235
4670
3824
2542
2305
3533
5151
6638
6769
6101
4928
3737
3005
2975
3973
4933
4628
2751
996
397
607
976
1179
1106
610
-543
-1822
-2145
-1289
-258
33
-460
-1440
-2129
-2355
-2328
-2146
-1637
-1270
-1585
-2214
-2314
-1527
-659
-351
-348
36
453
285
-132
-146
422
720
329
-215
-194
64
-220
-455
-441
-140
168
331
337
488
1010
966
545
253
546
842
808
594
303
374
556
760
764
751
712
632
545
335
366
640
905
938
865
852
761
687
639
656
617
360
-195
-801
-903
-697
-497
-356
-372
-754
-1287
-1479
-1246
-958
-1131
-2443
-4137
-4695
-3992
-2909
-1983
-1779
-3101
-4886
-5150
-3512
-1658
-803
-1222
-1994
-2685
-3085
-2696
-973
1231
1535
763
115
615
1566
2571
3487
3869
4119
3708
3489
3514
4201
5047
5417
5064
4142
3833
3892
3919
3696
3530
3272
2551
1351
36
-724
-854
-1070
-1555
-2240
-2980
-3515
-3789
-3762
-3632
-3425
-3696
-4259
-4360
-3477
-2097
-1305
-1348
-1611
-1289
-585
149
899
1646
1835
1182
271
-85
381
1186
1661
1880
1855
1532
1148
932
1226
1715
2029
1561
673
20
-230
-195
-282
-371
-489
-450
-530
-623
-580
-405
-105
71
202
273
425
567
595
549
664
971
1080
775
403
363
717
884
765
676
608
526
-22
-499
-643
-221
217
233
-121
-866
-1150
-1649
-2254
-3127
-3074
-1717
-737
-1798
-4865
-6365
-5220
-2437
-1192
-1317
-1447
-1693
-2456
-3610
-2557
-23
2280
1870
197
-678
-223
1201
2302
3641
4301
4308
3147
1874
1720
3163
5107
5503
4414
2903
2355
2501
2879
3358
3882
3688
2492
819
-229
-238
425
866
470
-620
-2078
-3079
-3337
-2657
-1811
-1444
-2142
-3582
-4553
-4225
-3096
-2522
-2743
-3302
-3521
-3536
-3302
-2725
-1937
-1388
-1420
-1558
-1216
-321
499
828
996
1246
1510
1682
1997
2514
2920
3120
2885
2634
2595
2640
2351
1756
1253
874
725
654
664
507
260
-91
-507
-564
-173
351
499
179
-332
-583
-412
-85
211
443
517
349
131
82
180
339
472
430
73
-296
-525
-416
-110
-30
-250
-649
-1166
-2153
-2860
-2200
-371
471
-1284
-3791
-4411
-2686
-1089
-1107
-1447
-1214
-1143
-2341
-3083
-1800
555
1584
427
-709
-889
-74
658
1280
2016
2487
2478
1534
1086
1957
3994
5125
4452
3212
2653
3187
3621
3691
3718
3864
3413
2212
1177
996
1436
1560
992
55
-853
-1490
-1900
-2130
-2121
-2061
-2291
-3234
-4291
-4400
-3377
-2546
-2929
-3985
-4594
-4198
-3579
-3168
-2871
-2416
-2144
-2465
-2778
-2405
-1280
-344
66
111
54
52
78
481
1213
2080
2436
2190
1925
2045
2368
2489
2553
2607
2738
2724
2454
2079
1835
1724
1523
1377
1399
1479
1243
642
81
3
287
342
69
-216
-382
-567
-787
-759
-414
-39
-144
-598
-906
-912
-727
-604
-380
-163
-181
-582
-1054
-1054
-943
-1193
-1771
-1576
-431
39
-1389
-3465
-3483
-1597
-271
-828
-1703
-1487
-1024
-1435
-2080
-1213
549
1286
327
-648
-407
592
1435
1817
2191
2455
2450
1885
1632
2441
3824
4420
3602
2509
2323
3056
3485
3295
2952
2761
2387
1669
1165
1259
1642
1549
795
-78
-479
-478
-464
-632
-835
-944
-1240
-2059
-2929
-3130
-2591
-2108
-2428
-3348
-3981
-3792
-3303
-3163
-3433
-3486
-3184
-2950
-3096
-3258
-2768
-1948
-1613
-1861
-1921
-1460
-850
-431
-151
190
532
706
785
1061
1712
2213
2078
1719
1742
2225
2624
2677
2397
1999
1701
1640
1822
2059
2168
1827
1231
792
716
809
842
753
478
117
-245
-407
-375
-255
-224
-482
-881
-1082
-820
-435
-418
-788
-1201
-1362
-1226
-779
-377
-377
-907
-1730
-2045
-1370
-124
347
-555
-1706
-1905
-1039
-397
-288
-146
184
166
-768
-1135
-306
1115
1438
627
148
320
1029
1321
1647
1890
2209
2274
1847
1721
2102
3079
3395
3012
2384
2236
2459
2417
2324
2318
2521
2307
1752
1258
1089
1186
1115
867
443
-14
-409
-662
-762
-992
-1245
-1646
-2195
-2778
-2996
-2706
-2569
-2802
-3349
-3605
-3589
-3521
-3435
-3260
-2958
-2936
-3117
-3261
-2988
-2490
-2249
-2295
-2318
-2028
-1537
-981
-526
-293
-218
-130
87
496
1115
1646
1820
1712
1593
1630
1846
2169
2363
2412
2360
2215
2002
1918
2015
2023
1804
1514
1400
1409
1311
1003
679
481
345
202
106
66
-92
-433
-713
-633
-398
-395
-694
-987
-1077
-1015
-945
-968
-1033
-1108
-1169
-1283
-1297
-1186
-1118
-1105
-971
-588
-435
-780
-1226
-1089
-374
101
58
-152
-48
89
-137
-181
343
1133
1265
859
689
928
1358
1570
1798
1925
1998
1859
1590
1668
2068
2554
2459
2020
1651
1799
2201
2351
2214
1957
1847
1601
1421
1365
1418
1294
881
409
85
63
-2
-244
-720
-1200
-1482
-1617
-1693
-1796
-1844
-2079
-2590
-3027
-3054
-2774
-2595
-2644
-2928
-3216
-3297
-3074
-2698
-2438
-2338
-2327
-2261
-2154
-1887
-1488
-1053
-761
-663
-579
-428
-137
178
478
730
864
918
966
1146
1402
1658
1844
1902
1891
1810
1814
1927
2083
2064
1810
1493
1297
1274
1260
1186
962
719
466
265
141
106
47
-166
-471
-790
-894
-831
-729
-823
-1056
-1249
-1373
-1391
-1243
-979
-868
-995
-1154
-1128
-907
-632
-411
-385
-537
-648
-627
-302
137
273
-140
-553
-413
57
418
495
580
560
371
156
348
970
1404
1271
926
913
1130
1298
1395
1575
1720
1663
1458
1397
1550
1807
1891
1678
1360
1247
1370
1439
1319
1144
1121
1025
831
638
654
747
686
427
130
33
-62
-215
-467
-581
-617
-752
-1029
-1357
-1488
-1485
-1519
-1721
-1852
-1863
-1896
-2041
-2129
-1975
-1825
-1879
-2090
-2095
-1862
-1593
-1539
-1608
-1510
-1325
-1158
-1130
-932
-591
-286
-228
-313
-201
111
475
513
497
607
856
948
874
880
994
1069
923
843
866
980
899
664
482
495
601
591
512
385
277
73
-77
-106
-25
-33
-209
-403
-477
-379
-293
-306
-418
-445
-459
-484
-445
-344
-266
-305
-328
-342
-259
-96
19
71
116
246
263
239
311
475
622
649
745
887
990
859
636
645
833
911
716
582
546
446
245
152
301
421
299
10
-99
5
126
124
45
19
25
55
40
54
148
243
200
59
45
177
290
212
102
134
224
247
182
209
318
334
212
160
286
389
348
186
69
46
31
0
-43
-58
-140
-316
-504
-561
-512
-509
-587
-684
-702
-727
-797
-861
-842
-761
-722
-747
-810
-762
-675
-633
-660
-663
-589
-568
-547
-505
-364
-245
-201
-191
-164
-70
0
102
181
260
306
303
267
245
252
235
211
186
186
160
132
61
-13
-93
-145
-150
-100
-22
-42
-88
-148
-194
-215
-172
-91
-12
11
-44
-79
-36
45
109
167
174
208
285
366
383
425
515
498
405
334
409
533
602
561
429
340
262
191
152
250
400
348
119
-148
-188
-103
-85
-202
-319
-285
-349
-494
-592
-457
-356
-456
-595
-594
-364
-214
-156
-207
-163
-61
38
128
208
411
564
642
574
626
781
879
811
714
830
973
1027
935
925
936
887
769
728
830
851
758
536
385
302
305
243
57
-99
-186
-221
-383
-553
-649
-673
-783
-972
-1042
-986
-911
-995
-1097
-1108
-1048
-1059
-1135
-1133
-1050
-978
-1014
-1063
-1068
-966
-896
-875
-835
-712
-580
-560
-495
-384
-206
-130
-88
-18
80
225
304
383
392
426
425
441
503
566
615
567
515
442
466
537
602
599
564
536
487
504
566
650
609
503
436
457
469
438
424
373
274
157
153
228
263
190
65
-39
-98
-123
-143
-160
-213
-312
-413
-467
-491
-483
-488
-528
-596
-595
-518
-445
-440
-500
-512
-484
-411
-347
-238
-143
-123
-163
-187
-101
13
105
116
137
204
282
308
319
383
435
443
438
505
603
672
669
638
623
611
600
602
625
643
650
614
533
430
374
355
340
322
299
250
157
59
-15
-61
-136
-212
-271
-315
-365
-415
-438
-487
-575
-692
-715
-649
-559
-514
-529
-542
-549
-512
-479
-404
-315
-261
-258
-261
-200
-140
-135
-201
-221
-154
-60
17
65
88
65
33
39
115
230
328
361
312
249
248
304
327
270
201
183
199
182
144
111
38
-88
-221
-241
-166
-98
-144
-275
-386
-435
-435
-444
-448
-439
-432
-475
-556
-588
-560
-515
-513
-527
-515
-445
-357
-306
-274
-223
-155
-122
-90
-10
127
243
270
254
266
314
350
398
489
594
641
616
584
604
677
746
769
765
759
763
763
747
720
687
621
544
503
505
497
424
315
213
156
118
87
48
-3
-58
-127
-185
-235
-261
-297
-344
-393
-424
-415
-415
-437
-484
-524
-560
-569
-518
-441
-407
-443
-475
-465
-409
-346
-288
-238
-210
-204
-198
-155
-95
-50
-42
-35
12
84
157
196
227
261
300
345
397
464
515
539
536
544
568
589
574
543
527
513
488
446
413
376
304
200
111
88
88
40
-73
-197
-294
-367
-429
-484
-540
-622
-721
-814
-867
-895
-944
-1010
-1065
-1079
-1073
-1080
-1106
-1122
-1101
-1057
-1014
-985
-949
-886
-798
-699
-609
-528
-451
-349
-219
-61
99
225
325
422
552
707
851
967
1052
1116
1162
1216
1289
1358
1382
1361
1327
1303
1303
1310
1311
1289
1215
1109
1004
942
910
863
765
625
466
309
186
107
53
-34
-191
-383
-531
-595
-612
-656
-744
-832
-883
-900
-918
-926
-914
-880
-868
-890
-907
-869
-796
-745
-732
-718
-675
-629
-595
-554
-464
-343
-246
-198
-162
-86
33
168
280
368
430
475
524
588
668
721
737
717
699
709
732
736
710
679
660
641
599
558
551
562
538
447
337
269
245
207
125
18
-86
-196
-328
-453
-531
-571
-627
-736
-863
-949
-980
-996
-1023
-1059
-1074
-1076
-1095
-1115
-1102
-1036
-953
-903
-890
-873
-823
-736
-628
-513
-396
-310
-259
-211
-111
57
241
373
431
461
522
639
780
900
973
996
1005
1028
1082
1151
1187
1171
1127
1093
1080
1075
1048
1000
937
856
767
681
620
571
495
373
238
134
76
26
-55
-170
-288
-382
-443
-486
-529
-583
-647
-712
-764
-785
-772
-744
-732
-742
-757
-746
-694
-618
-540
-480
-439
-407
-365
-304
-223
-151
-104
-75
-50
-7
47
99
134
155
174
205
250
294
324
341
364
403
445
475
489
499
505
504
492
472
449
417
366
306
245
191
141
88
34
-19
-71
-121
-167
-198
-215
-221
-232
-258
-293
-323
-335
-337
-339
-350
-376
-413
-448
-463
-457
-449
-450
-463
-469
-454
-419
-379
-348
-326
-302
-267
-214
-154
-99
-61
-34
2
48
97
144
176
195
213
234
267
307
342
360
367
366
370
384
396
401
385
354
324
302
289
271
236
186
133
90
61
39
15
-16
-55
-91
-120
-131
-133
-141
-154
-179
-190
-189
-174
-162
-160
-167
-177
-179
-171
-154
-136
-126
-125
-121
-107
-80
-46
-18
1
18
41
75
111
143
168
189
212
239
268
295
315
329
337
338
336
332
326
324
321
314
301
279
253
234
217
200
177
150
124
97
72
46
25
4
-19
-45
-74
-103
-129
-160
-197
-239
-278
-310
-337
-360
-388
-415
-441
-459
-467
-464
-461
-458
-459
-455
-440
-414
-384
-359
-336
-313
-287
-257
-220
-180
-143
-112
-87
-55
-18
31
74
108
139
168
200
227
250
271
290
305
313
314
315
310
301
285
269
255
241
219
196
173
151
131
105
83
59
40
17
-12
-43
-67
-84
-103
-124
-148
-168
-182
-191
-200
-207
-211
-212
-212
-209
-198
-180
-161
-147
-135
-117
-91
-63
-36
-15
6
24
43
59
76
98
121
143
159
174
186
199
213
231
248
261
267
269
273
276
275
268
258
247
241
236
230
219
205
190
174
162
151
146
133
114
92
75
65
56
41
21
-4
-27
-46
-60
-72
-88
-108
-134
-156
-172
-186
-196
-210
-225
-238
-246
-251
-257
-262
-265
-264
-261
-255
-247
-240
-233
-226
-214
-196
-179
-162
-151
-139
-128
-114
-96
-79
-63
-52
-41
-31
-17
-1
11
19
25
32
43
54
62
69
73
78
80
84
88
88
84
72
56
42
32
20
6
-13
-32
-48
-61
-70
-77
-83
-87
-92
-90
-85
-77
-72
-66
-58
-47
-36
-23
-11
0
11
22
35
48
60
68
75
88
101
115
124
131
137
141
147
154
161
167
171
174
173
170
167
166
167
166
165
160
156
150
145
139
129
121
116
110
99
85
70
56
42
30
21
10
-2
-17
-30
-40
-44
-49
-54
-59
-61
-62
-59
-54
-47
-40
-36
-34
-32
-32
-29
-25
-23
-25
-33
-39
-44
-45
-49
-53
-56
-60
-63
-68
-72
-78
-81
-83
-82
-81
-80
-80
-81
-81
-81
-77
-76
-78
-80
-82
-85
-87
-88
-94
-101
-106
-109
-112
-111
-111
-110
-112
-116
-120
-120
-118
-117
-117
-117
-114
-110
-104
-101
-98
-93
-90
-85
-80
-73
-67
-62
-59
-55
-48
-42
-35
-28
-19
-12
-4
5
15
23
30
39
50
66
81
97
113
130
142
151
161
171
184
197
208
215
222
229
236
242
246
250
251
255
258
257
255
252
244
236
230
224
219
210
199
185
168
152
138
127
115
99
81
62
46
30
15
-1
-21
-37
-53
-67
-80
-93
-106
-119
-134
-147
-157
-165
-168
-175
-184
-192
-197
-200
-199
-198
-198
-199
-203
-204
-203
-200
-198
-196
-196
-196
-191
-185
-178
-174
-168
-164
-159
-152
-142
-134
-128
-122
-113
-104
-94
-85
-78
-71
-64
-55
-45
-36
-27
-19
-13
-5
5
16
24
34
44
52
61
68
73
80
86
93
98
104
107
109
109
111
112
113
114
115
115
114
112
108
108
105
103
97
93
90
85
79
75
70
67
64
60
56
53
50
47
45
42
40
37
36
36
37
37
38
38
36
36
37
38
39
41
39
39
38
35
36
38
37
33
31
28
31
30
26
23
20
16
14
10
7
4
0
-6
-11
-14
-16
-17
-21
-26
-30
-31
-33
-35
-38
-43
-48
-51
-51
-51
-52
-53
-59
-64
-67
-67
-67
-67
-70
-72
-76
-77
-78
-77
-80
-83
-85
-87
-88
-87
-86
-88
-90
-91
-88
-83
-77
-72
-69
-66
-65
-61
-56
-51
-46
-43
-41
-37
-32
-26
-21
-16
-13
-10
-10
-7
-4
2
6
8
11
13
19
25
30
33
33
35
37
38
41
44
45
47
49
50
51
55
58
61
61
62
62
65
68
69
68
67
65
67
69
72
71
69
66
65
66
68
68
68
65
62
63
65
68
69
68
65
62
61
62
62
58
53
49
44
42
40
38
34
29
21
16
13
12
8
3
-4
-11
-15
-16
-19
-25
-31
-38
-44
-48
-49
-52
-54
-61
-67
-72
-73
-76
-77
-79
-81
-84
-85
-83
-82
-81
-82
-82
-81
-81
-78
-77
-75
-75
-73
-71
-67
-63
-57
-53
-52
-52
-48
-44
-39
-35
-33
-31
-28
-26
-21
-18
-14
-12
-9
-7
-2
1
4
6
7
10
12
14
18
23
23
24
25
27
31
34
37
37
39
39
40
40
43
45
46
46
44
44
44
45
45
43
42
41
42
42
42
39
36
34
33
33
34
35
34
31
29
26
26
26
27
25
24
21
20
19
19
19
17
15
15
16
16
15
15
16
13
13
12
12
10
7
4
3
0
-1
-3
-5
-6
-7
-8
-9
-11
-11
-13
-15
-18
-18
-19
-19
-21
-22
-22
-22
-23
-22
-23
-26
-28
-28
-27
-27
-27
-29
-29
-30
-28
-29
-27
-26
-26
-26
-28
-27
-26
-25
-24
-24
-24
-24
-23
-22
-20
-19
-19
-19
-17
-16
-14
-13
-11
-10
-8
-8
-8
-8
-7
-5
-2
-2
-2
-1
-2
1
2
3
2
3
1
2
3
3
3
2
1
1
2
4
5
6
6
6
6
7
9
9
11
11
12
12
12
13
15
16
18
16
18
18
20
22
25
26
26
25
26
27
28
30
31
30
30
29
29
28
27
26
25
25
23
20
17
15
14
11
9
6
3
1
-2
-4
-5
-7
-8
-9
-11
-11
-12
-13
-13
-13
-13
-13
-13
-13
-14
-14
-14
-12
-10
-10
-10
-8
-8
-9
-10
-11
-11
-11
-9
-9
-11
-12
-11
-11
-10
-8
-8
-8
-6
-7
-8
-8
-9
-8
-8
-7
-8
-7
-7
-5
-4
-5
-4
-3
0
-1
0
0
0
1
1
3
4
5
5
4
5
4
4
4
3
3
3
2
0
0
0
0
-1
-1
-2
-3
-1
-2
-4
-6
-7
-8
-10
-14
-16
-18
-19
-20
-22
-24
-25
-26
-28
-28
-28
-27
-26
-24
-24
-23
-22
-21
-19
-16
-14
-11
-9
-6
-4
-2
2
7
10
12
16
18
22
26
29
31
33
35
37
38
40
41
42
42
42
43
41
41
40
40
39
37
34
33
33
31
31
29
28
24
21
19
17
15
12
10
8
5
4
2
0
-2
-2
-2
-3
-3
-4
-5
-5
-5
-4
-5
-6
-8
-10
-10
-10
-12
-13
-14
-14
-16
-16
-18
-18
-19
-20
-21
-22
-20
-23
-24
-26
-28
-28
-29
-28
-29
-30
-31
-32
-33
-33
-32
-31
-29
-28
-26
-26
-25
-23
-23
-21
-19
-17
-17
-15
-14
-15
-13
-11
-9
-7
-5
-4
-3
-1
0
1
1
2
3
4
5
6
5
6
7
7
8
9
9
9
10
11
12
12
12
13
12
13
14
14
14
14
15
16
18
16
17
17
18
19
21
23
24
26
26
25
26
26
28
30
30
29
28
27
26
26
25
24
22
21
19
19
17
15
13
10
8
6
4
2
0
-3
-4
-7
-10
-12
-14
-15
-16
-17
-18
-19
-21
-21
-21
-21
-21
-20
-20
-19
-17
-16
-14
-12
-9
-9
-6
-3
-3
-3
-2
-2
-2
-2
-2
-3
-3
-2
-1
-1
-1
-1
-1
-2
-2
-3
-3
-3
-4
-5
-7
-10
-10
-11
-12
-12
-13
-15
-16
-16
-16
-15
-16
-14
-13
-14
-12
-11
-12
-11
-12
-11
-12
-10
-8
-9
-8
-6
-4
-3
0
-1
0
1
2
3
4
4
4
3
4
6
7
9
10
10
11
11
10
11
10
10
11
10
9
9
10
10
10
10
9
9
8
7
7
6
6
5
5
5
5
5
6
7
7
9
9
9
10
10
13
14
14
14
13
14
13
12
11
10
9
8
6
6
6
5
4
4
4
3
3
3
3
2
1
0
0
-1
-1
-2
-5
-6
-6
-6
-7
-7
-8
-9
-9
-8
-8
-7
-8
-10
-9
-10
-9
-7
-7
-8
-8
-7
-6
-6
-6
-5
-3
-3
-4
-4
-2
-1
0
0
0
-2
-2
-2
-2
-3
-4
-5
-7
-8
-10
-11
-12
-11
-12
-12
-12
-14
-14
-15
-15
-15
-15
-15
-15
-15
-15
-14
-13
-12
-11
-9
-8
-7
-5
-2
-1
0
2
3
5
5
7
8
8
9
10
10
11
11
12
11
12
12
13
13
11
11
12
12
12
12
13
12
12
12
11
11
10
10
11
11
10
10
9
9
8
8
7
7
7
6
6
6
5
7
7
5
6
6
7
7
6
6
6
6
7
7
8
8
8
8
7
7
5
5
4
3
1
0
-2
-3
-4
-5
-7
-9
-12
-13
-14
-14
-15
-15
-16
-17
-18
-18
-19
-18
-18
-18
-18
-18
-18
-17
-15
-14
-12
-10
-9
-9
-8
-7
-8
-6
-5
-6
-4
-4
-3
-3
-2
0
0
0
1
1
2
1
2
1
2
2
2
2
3
3
5
4
5
4
4
4
3
4
4
3
3
3
2
3
4
3
3
4
3
1
1
2
4
4
5
6
6
4
3
5
6
7
8
8
7
6
6
6
8
9
9
9
6
6
4
5
5
5
4
3
1
0
1
2
0
2
1
0
-2
-4
-5
-5
-4
-4
-6
-7
-9
-9
-7
-4
-1
1
2
-1
-1
-2
0
3
6
4
1
-1
-2
-2
1
6
6
5
4
3
2
2
3
5
3
1
1
-1
-2
-1
-1
1
2
4
3
1
1
0
3
3
4
1
-2
-4
-7
-10
-13
-11
-9
-7
-7
-11
-17
-20
-21
-18
-12
-7
-6
-7
-12
-13
-11
-6
1
8
8
3
0
2
6
9
9
10
9
5
3
7
12
13
12
10
5
1
0
1
6
9
9
0
