4
4
6
6
6
4
4
3
3
4
5
6
5
6
5
4
3
2
1
0
-1
-4
-5
-4
-5
-5
-2
-2
-1
-1
-1
0
0
-1
-1
-2
-2
-2
-1
-2
-2
-4
-3
-3
-4
-3
-2
-2
0
0
1
2
3
4
3
4
4
4
3
2
0
0
-1
-2
-2
-2
-2
-4
-5
-5
-6
-5
-4
-3
-4
-4
-6
-6
-5
-4
-2
-2
-1
0
0
2
2
2
4
5
6
6
4
2
3
3
3
4
5
5
4
5
6
7
7
7
5
4
4
4
2
2
1
-1
0
0
1
2
2
2
0
-2
-6
-7
-9
-9
-9
-10
-10
-8
-7
-5
-3
-2
1
2
1
1
1
-1
1
0
2
3
4
5
4
4
3
3
3
2
1
-1
-2
-4
-4
-4
-2
-2
-1
0
0
0
0
-1
-1
-3
-4
-4
-5
-3
-2
-3
-2
-2
-2
-2
0
0
0
-1
-1
0
0
1
4
5
6
6
4
4
5
6
6
8
8
10
8
7
6
6
4
4
1
0
-2
-4
-4
-5
-4
-4
-2
-1
0
-2
-2
-4
-6
-6
-6
-7
-7
-5
-4
-2
-2
-1
0
0
0
-1
-2
-2
-3
-4
-3
-1
0
3
4
6
5
3
2
2
1
-1
-1
-1
0
1
1
2
2
2
1
1
-1
-3
-3
-4
-5
-5
-4
-2
0
3
3
2
1
0
0
-2
-2
-2
-2
0
2
3
4
5
6
5
5
3
1
1
0
1
1
3
4
6
7
8
7
5
3
1
2
1
1
-2
-2
-1
-1
-1
0
0
1
0
-1
-2
-4
-4
-5
-6
-5
-6
-5
-4
-3
-4
-4
-5
-6
-6
-7
-6
-4
-4
-4
-3
-2
-2
0
0
-1
-1
-1
1
0
1
2
3
3
4
4
2
2
0
-1
-1
-1
-1
1
1
2
2
2
1
2
1
1
2
1
0
1
1
1
1
2
1
2
2
1
1
0
0
1
1
2
2
3
5
6
7
8
8
7
7
6
5
5
3
2
2
1
1
1
1
2
1
-1
-3
-3
-4
-5
-5
-5
-6
-6
-7
-7
-7
-7
-6
-5
-5
-6
-8
-8
-8
-8
-7
-6
-5
-4
-4
-4
-3
-3
-2
-2
0
-2
0
-1
-1
-2
-1
2
3
4
5
5
4
4
4
3
3
2
-1
-1
0
-1
0
1
1
1
0
0
2
2
2
4
5
6
8
8
9
7
7
6
6
6
5
7
8
7
6
5
4
6
6
4
4
2
1
0
-1
-2
-1
-1
0
-2
-3
-4
-5
-6
-6
-6
-7
-8
-10
-9
-8
-9
-8
-8
-7
-7
-8
-7
-5
-6
-6
-6
-4
-1
0
2
2
2
2
2
2
1
0
-1
-1
-2
-1
-1
0
-1
-1
-1
0
-1
-1
-3
-3
-3
-2
0
1
2
3
3
3
2
3
3
2
2
2
2
2
3
4
6
7
7
8
8
7
6
4
3
4
3
3
4
4
4
5
4
4
4
3
2
0
-2
-5
-5
-7
-8
-8
-7
-6
-4
-4
-3
-3
-3
-2
-3
-2
-2
-1
-1
1
0
0
1
1
0
1
1
0
0
0
1
3
3
3
2
3
2
2
2
1
2
2
0
0
-1
-2
-2
-4
-3
-3
-3
-4
-4
-5
-6
-4
-5
-4
-4
-3
-2
-3
-3
-3
-2
-1
0
1
1
3
2
3
3
3
3
5
5
4
4
3
4
3
4
3
3
1
2
1
0
0
-1
-1
-2
0
0
-1
-1
-1
-2
-3
-3
-2
-3
-4
-5
-4
-3
-2
0
0
1
3
2
2
2
2
2
2
3
2
3
2
3
4
4
4
4
4
3
3
1
0
0
-1
0
0
0
-1
-1
-4
-6
-6
-6
-6
-5
-4
-4
-2
-2
-1
-1
0
-1
-2
-2
-2
-2
-1
-2
-1
-1
1
2
2
4
4
4
4
3
3
2
1
0
1
1
1
2
2
3
2
2
1
2
1
0
-1
-1
-1
-1
0
0
-1
-1
-2
-3
-3
-3
-2
-3
-2
-1
0
0
1
2
1
1
0
0
0
1
1
0
1
2
2
1
0
0
0
-1
-2
-2
-1
-1
0
-1
-1
-1
1
1
0
1
0
0
0
-1
-1
-1
-2
0
-1
0
-1
-2
-1
-1
-2
-2
-2
-1
-1
-1
0
0
0
0
1
1
0
1
0
0
0
1
1
3
2
2
1
2
2
1
1
1
1
0
0
1
1
2
2
1
1
1
1
0
-1
-1
-1
-2
-1
-1
-2
-2
-2
-2
-1
-1
0
-1
1
1
1
2
2
2
1
1
-1
0
0
-1
-1
0
1
3
2
1
1
1
1
-1
-1
-1
-2
-1
-1
-1
-1
0
1
1
0
0
0
0
0
0
0
0
-2
-2
-2
0
-1
-1
-1
0
1
1
1
1
1
2
2
2
3
3
2
2
1
1
0
0
1
0
0
0
1
1
0
1
0
0
0
0
0
-1
0
-2
-1
-2
-2
-1
-2
-1
-1
-1
-1
-1
0
0
0
0
0
0
1
1
1
0
1
1
1
0
1
0
1
1
1
1
1
-1
0
-1
-1
-1
-1
0
-1
-1
-1
0
0
-1
0
0
0
-2
-1
-2
0
0
0
0
0
0
-1
0
-1
1
1
0
1
0
0
-1
1
1
0
1
1
0
1
1
1
1
1
0
1
0
1
0
1
0
0
0
1
0
1
1
1
1
1
0
1
1
0
1
1
1
1
1
0
0
0
0
0
-1
0
-1
0
0
1
1
1
1
1
1
0
0
0
-1
-1
-2
-2
-1
-1
0
1
0
0
1
-1
-1
-1
-1
-2
-1
0
1
0
0
0
0
0
-1
-1
-2
-1
-1
0
0
0
0
2
1
2
1
1
0
0
0
0
0
0
1
0
1
0
0
0
0
-1
-1
-1
-1
-1
-1
-1
0
-1
0
0
0
-1
0
-1
-1
-2
-1
-1
-1
0
1
1
1
0
0
0
1
0
0
0
0
0
1
0
0
0
0
-1
0
0
-1
0
0
0
-1
0
-1
0
0
0
-1
-1
0
0
-1
0
0
0
1
0
0
-1
0
-1
0
0
1
1
1
1
1
1
1
2
2
3
1
2
1
1
0
1
1
1
0
0
1
1
0
0
0
0
0
0
0
0
1
0
1
2
1
1
2
1
0
0
-1
0
0
-1
-1
-1
-1
0
-1
-1
0
-1
-1
-1
-1
-1
-1
-1
-1
-1
0
-1
-1
-1
-2
-3
-3
-2
-2
-2
0
-1
0
-1
0
0
0
-1
-1
-1
-1
-1
0
-1
0
0
1
0
0
0
-1
0
0
1
1
2
2
2
3
2
2
3
1
1
0
0
0
0
1
1
1
1
1
1
1
0
0
0
-1
0
-1
-1
0
0
0
-1
0
0
-1
-1
0
0
0
1
0
0
1
0
1
0
1
0
-1
-1
-1
-1
0
-1
0
0
-1
-1
0
-1
0
0
-1
-2
-1
-1
-2
-1
-1
0
0
0
0
0
0
0
0
-1
-1
0
-1
0
0
0
1
1
1
1
1
1
1
1
1
0
0
1
0
0
0
0
0
0
1
1
2
1
1
0
1
1
2
1
1
1
0
1
1
1
0
0
1
0
0
0
1
0
0
0
0
-2
-1
0
-1
-1
0
0
-1
0
0
0
0
0
0
-1
0
-1
-1
-2
0
-1
-1
-1
-1
0
0
-1
-1
1
0
0
0
-1
-1
-2
-1
-3
-1
-2
-1
-1
-1
0
0
1
0
0
0
0
0
0
0
-1
0
0
0
0
0
1
2
1
1
2
2
1
1
0
0
0
0
0
1
1
1
1
2
3
3
2
2
1
3
1
1
2
1
1
1
1
1
1
0
0
-1
0
-1
-2
-1
-1
-2
-2
-3
-2
-1
-1
-1
-1
-1
0
-1
-1
0
0
0
-1
-1
-2
-3
-3
-2
-2
-2
-3
-1
-3
-1
-2
-1
0
0
0
0
0
0
0
0
0
1
1
0
1
2
1
1
1
1
0
0
-1
0
0
0
0
1
1
1
0
2
2
1
2
2
2
2
2
1
3
2
2
3
2
2
2
1
2
2
3
2
2
2
1
1
1
1
0
0
-1
0
-1
-2
-1
-1
-1
-1
-3
-2
-3
-3
-3
-3
-3
-3
-4
-4
-3
-3
-3
-3
-3
-2
-1
-2
-2
-2
-3
-3
-2
-2
-2
-2
-2
-1
-2
-1
-1
-1
0
0
0
2
1
1
2
2
3
3
3
4
4
3
3
3
3
2
2
2
2
3
2
1
3
4
3
4
3
3
3
3
3
1
1
1
1
1
1
0
-1
1
0
0
1
0
0
-1
-1
-1
0
-2
-2
-3
-3
-3
-2
-1
-3
-2
-3
-3
-2
-3
-2
-2
-1
-1
-1
-1
-1
-1
0
-1
0
0
0
-1
-1
-2
-2
-3
-3
-4
-5
-4
-3
-4
-3
-2
-2
-1
-1
-1
-1
0
0
0
0
1
2
2
2
2
2
2
2
2
2
2
2
2
2
1
2
2
3
4
3
3
4
4
4
5
4
4
4
4
3
4
3
4
3
3
2
3
2
2
3
2
3
2
2
1
0
0
0
0
-1
-1
-2
-1
-3
-2
-2
-2
-2
-3
-3
-3
-5
-4
-4
-4
-4
-4
-4
-4
-5
-5
-5
-6
-5
-5
-6
-7
-6
-7
-6
-5
-4
-3
-3
-1
-2
-1
0
0
0
0
0
0
2
0
1
1
1
2
1
2
2
2
2
2
2
2
2
2
2
2
3
4
4
4
4
4
4
4
3
4
3
2
2
3
2
2
4
3
3
3
4
4
3
3
3
3
4
3
2
2
2
2
2
2
1
0
0
1
0
-1
-2
-2
-3
-3
-3
-3
-3
-4
-3
-4
-3
-4
-4
-4
-3
-4
-4
-3
-4
-4
-4
-4
-3
-4
-3
-3
-3
-3
-3
-2
-2
-3
-3
-2
-4
-3
-3
-2
-2
-2
-2
-1
-1
0
0
0
0
0
1
1
1
2
4
4
4
4
4
4
2
3
3
2
2
2
2
2
3
2
2
3
4
3
3
4
3
3
3
3
3
3
2
2
2
3
2
2
2
2
1
1
1
0
1
0
0
0
-2
-2
-1
-1
-1
-1
-1
-1
-1
-1
-1
-1
-2
-1
0
-2
-1
-1
-1
0
-1
-1
-2
-1
-1
-3
-3
-3
-4
-4
-3
-4
-5
-3
-3
-3
-3
-2
-2
-2
-2
0
0
1
1
2
2
3
3
2
1
1
1
1
1
0
1
1
0
0
0
1
1
1
0
0
1
1
1
1
1
1
1
2
1
2
1
1
2
1
3
2
3
2
3
4
3
2
2
2
1
1
0
1
0
-1
-1
0
0
-1
-1
-1
-1
0
0
-1
1
0
0
0
-1
-1
-1
-1
-1
-2
-2
-2
-2
-3
-3
-2
-2
-3
-2
-3
-2
-1
-1
-2
-2
-2
-2
-3
-3
-3
-1
-2
-1
-1
0
0
0
1
2
1
2
2
2
2
1
1
1
1
1
1
1
2
2
3
3
3
3
3
4
3
3
3
3
2
2
1
2
2
1
2
2
1
1
2
1
0
0
0
0
-1
0
-1
-1
-2
-1
-1
-2
-2
-2
-3
-2
-2
-2
-2
-2
-2
-1
-2
-2
-3
-2
-3
-3
-1
-2
-1
-2
-2
-2
-2
-2
-2
-2
-1
-2
-2
-2
-1
-1
-2
-2
-1
-2
0
1
1
1
1
2
2
3
3
3
2
1
2
2
1
0
0
0
1
1
2
2
3
2
3
4
3
3
3
3
2
2
1
1
3
2
1
0
1
1
2
2
1
0
-1
-1
-1
1
0
0
-2
-2
-2
-2
-2
-2
-2
-3
-2
-2
-1
2
1
1
0
-1
0
-1
-4
-3
-1
-4
-6
-1
-1
-2
-2
0
1
0
-2
0
0
1
1
0
-2
-1
-3
-3
-1
-2
-3
-2
-4
-5
0
-1
-4
-2
0
0
-1
0
1
-1
-2
0
1
0
-1
-3
-3
4
3
2
6
7
4
8
5
6
11
6
5
5
3
1
4
1
2
6
0
2
5
-2
4
13
6
1
3
-1
1
4
2
2
-1
-4
-3
2
2
-1
-3
1
4
-2
-1
3
1
-1
-3
-10
-4
1
-10
-9
1
-9
-15
-1
-2
-8
-6
-4
-5
-5
-3
1
4
-6
-13
-7
0
-5
-10
-7
-3
-4
-11
-6
3
2
-2
-2
-4
7
8
-25
4
70
-14
-96
33
88
-58
-37
85
12
-67
-10
37
48
-2
-66
51
73
-101
-26
145
-19
-110
83
58
-86
-3
62
-14
-23
20
11
-13
-9
17
10
-9
7
4
-13
6
15
-9
-9
4
-2
-3
-3
-1
-2
-8
-3
6
-6
-11
2
-7
-14
-1
4
-11
-10
3
2
-11
-8
5
-1
-3
2
-3
-12
-3
4
-2
3
3
-9
-4
5
2
2
7
-2
-2
5
7
1
3
8
4
-3
1
8
3
1
5
6
3
0
2
3
5
4
4
3
5
1
-3
2
2
0
2
0
-4
1
-3
-5
2
-1
-4
2
-2
-4
0
-2
-5
2
-2
-8
-2
-3
-4
-3
-5
-4
0
-4
-5
1
-2
-6
-1
3
-1
-5
0
2
-5
1
5
-2
-4
1
-2
-2
0
-1
-1
-2
-3
3
3
-5
1
8
-1
-3
3
4
-4
-3
3
2
-1
-1
2
1
0
2
3
3
0
1
1
0
3
3
1
-4
-2
1
4
1
3
6
0
-3
4
8
2
3
7
3
-1
5
4
-1
4
4
-2
-2
5
3
-3
1
4
0
0
5
6
1
2
1
0
0
1
0
-3
-5
-6
-2
1
-5
-5
-2
-4
-5
-3
-1
-6
-6
-3
-4
-5
-5
-6
-7
-4
-2
-5
-5
-5
-7
-7
-4
-2
-1
-1
-2
-3
-2
0
-1
2
1
1
0
1
2
3
5
4
4
6
4
5
9
8
7
6
7
8
6
7
7
6
4
5
5
6
5
5
6
4
2
0
2
3
2
1
0
-2
-2
0
-2
-1
2
-6
-10
-1
0
-8
-3
-4
-6
-7
-10
-6
0
-7
-12
-1
-5
-10
-5
-2
-5
-8
-4
-4
-3
-6
-1
-1
-5
0
-1
2
-2
1
1
1
2
2
3
2
3
1
5
6
3
5
6
6
3
5
5
4
3
6
7
3
3
3
3
1
2
2
3
2
1
0
0
0
0
1
1
1
-1
-2
0
-2
-2
-3
-3
-5
-6
-4
-4
-5
-4
-3
-4
-5
-4
-2
-2
-2
0
-1
-4
-4
-2
-3
-1
-2
-2
-3
-1
0
-1
2
0
1
0
1
2
3
1
-1
0
1
1
2
2
1
0
2
1
2
3
3
1
1
1
-1
0
0
0
0
0
0
0
1
1
1
0
1
1
-1
0
1
1
1
1
2
2
1
2
2
3
3
3
5
5
4
4
2
2
3
3
2
2
2
1
0
0
1
0
1
-1
-2
-1
-2
-4
-3
-3
-4
-4
-2
-1
-3
-4
-3
-3
-4
-3
-2
-4
-5
-4
-5
-4
-2
-4
-3
-4
-3
-4
-3
-2
-2
-3
-4
-2
-1
0
-1
0
-1
0
1
2
1
2
2
1
3
3
3
3
5
4
3
5
4
4
2
3
4
4
4
5
4
3
3
3
4
4
3
3
3
1
1
2
1
-1
0
-2
-4
-3
-1
-1
-2
1
-1
-1
0
0
-1
0
0
-2
-3
-2
-3
-4
-3
-3
-2
-1
1
2
2
1
0
0
0
1
0
0
-1
-2
-2
-1
0
0
1
0
-1
0
1
2
0
0
0
-1
0
1
1
0
1
0
0
-1
0
-1
0
0
0
0
-1
-1
0
-2
-2
-1
-1
-1
-1
-2
-2
-1
0
1
2
1
1
2
1
1
-1
0
-1
-2
-1
-1
-1
-2
-2
0
0
0
0
2
0
0
0
2
2
2
2
2
2
2
3
2
3
2
2
1
0
0
-1
0
1
0
0
0
-1
0
0
0
-1
-2
-1
0
0
0
1
1
1
2
1
0
0
-2
-1
-3
-2
-2
-2
-2
-2
-2
-1
0
0
0
-1
-1
-1
-1
0
1
1
0
0
0
0
1
1
1
0
1
0
1
2
1
0
-1
-1
0
0
0
0
0
1
1
1
1
1
1
0
1
1
1
1
1
1
0
-1
0
1
1
0
0
0
-2
-3
-1
-2
-2
-2
-2
-2
-2
-1
0
0
1
1
2
1
3
2
2
2
2
1
1
1
-1
-1
0
0
-1
-1
-1
-2
-1
-1
0
0
-1
0
-1
-1
-1
0
0
1
1
0
0
0
0
0
0
-1
-1
-1
-1
-1
-1
0
-1
1
0
1
1
1
1
0
1
1
1
1
0
0
1
1
1
1
0
1
0
0
-1
-1
0
-2
-1
-1
-1
0
0
0
-1
-1
0
0
-1
0
-1
-1
-1
-1
-1
0
-1
0
0
1
0
0
-1
-1
0
-2
-1
-2
-2
-2
-2
-2
-1
0
0
1
1
2
1
2
1
2
1
1
1
2
1
2
2
1
1
1
2
2
2
2
2
3
1
1
1
1
0
0
-1
-1
-3
-2
-3
-2
-3
-3
-1
0
0
0
1
1
0
0
-1
-1
-1
-1
-1
-1
0
1
1
3
4
4
3
3
2
1
0
0
-1
-1
-1
-1
-1
0
-1
0
0
0
0
0
0
-2
-2
-3
-2
-1
-3
-3
-3
-3
-3
-4
-3
-2
-2
-2
0
0
0
1
2
1
2
2
2
1
2
2
0
1
1
1
2
1
1
2
1
-1
0
0
-1
0
-1
-1
-2
0
0
0
-1
1
0
0
1
0
0
1
0
1
0
1
1
2
3
1
0
0
-1
-1
0
-1
0
-1
0
1
1
1
0
1
1
1
2
1
1
1
0
1
0
0
-2
-1
-2
-2
-2
-2
-2
-2
-2
0
0
1
1
1
2
2
1
2
1
1
0
1
1
1
0
-1
-1
-1
0
-1
0
-2
-1
-2
-1
-1
-1
-1
-1
0
0
0
-1
-1
0
0
0
0
1
1
1
0
1
0
0
-1
-1
-1
0
0
1
1
0
0
0
1
1
0
-1
-1
0
0
-1
1
2
2
2
3
3
3
2
1
0
0
-3
-3
-3
-4
-3
-3
-2
0
0
1
1
0
2
2
2
2
2
2
2
1
1
0
-1
-1
-1
-1
-1
-2
-2
-2
-1
-1
0
0
0
1
1
0
1
0
0
-1
-1
0
-1
-1
0
-1
0
0
0
1
0
0
1
0
0
0
-1
-2
-2
-1
-1
-1
-1
0
-1
1
1
1
2
2
1
1
3
2
1
1
1
1
2
1
1
0
1
-1
-1
-1
0
-1
0
0
1
1
0
1
0
1
0
1
0
0
0
0
0
0
-1
0
0
0
0
0
0
0
0
0
0
-1
-1
0
-2
-1
-1
-1
-1
-1
-2
-1
-1
0
-1
0
-1
-1
-1
0
1
0
0
1
2
2
1
1
0
0
0
-1
0
0
-1
0
0
-1
1
1
1
2
1
1
2
1
1
1
1
0
0
0
1
0
-1
-1
-1
-1
-1
-1
-2
-2
-1
-1
-1
-1
-1
-1
0
0
0
0
1
1
1
1
1
0
0
-1
1
-1
0
0
-1
0
0
1
1
1
0
1
1
-1
0
-1
0
0
0
0
-1
0
1
0
1
0
1
1
0
1
0
-1
-1
-1
0
0
-1
1
0
0
0
1
0
0
0
1
1
0
1
1
1
1
1
1
1
1
0
0
-1
-1
-1
-1
-2
-1
-1
-1
-2
-1
-1
-2
-2
-2
-1
-1
-1
-1
-1
-1
0
-1
0
0
1
-1
0
1
1
1
1
2
1
1
1
1
1
1
0
0
0
0
0
0
0
0
0
0
0
0
0
0
0
0
0
-1
0
0
0
0
0
-1
-2
-2
-2
-2
-2
-3
-1
-2
-2
-1
0
-1
0
0
0
0
-1
-1
-1
-2
-2
-1
-2
-1
-1
0
0
0
1
0
1
1
1
2
2
2
2
3
3
3
3
3
4
3
3
3
2
2
3
2
2
2
2
3
2
1
2
1
0
-1
0
-1
-1
-1
-3
-3
-2
-2
-1
-1
-1
-1
0
-1
-1
-2
-1
-2
-3
-3
-2
-2
-2
-2
-2
-2
-2
-2
-2
-2
-1
-2
-2
-2
0
0
0
1
0
1
1
0
0
-1
0
0
-1
0
0
0
0
1
1
2
2
2
1
2
1
1
2
2
1
1
1
1
0
0
0
0
0
0
-1
-1
-2
-1
-1
-1
-1
-1
0
-1
1
0
-1
0
-1
-1
0
1
0
0
0
0
0
0
1
1
0
0
1
1
1
1
1
2
1
1
0
1
2
1
0
1
2
1
2
0
1
2
1
1
1
-1
-1
-1
0
-1
-2
-1
-2
-1
-2
-1
-1
0
0
0
0
-1
-1
-1
-1
-1
-2
-3
-2
-2
-3
-2
-2
-2
-2
-2
-1
-1
-1
-1
-1
0
0
0
1
1
1
0
1
1
0
0
0
0
-1
0
-1
-1
0
1
1
0
2
1
1
1
2
2
1
2
2
1
1
0
0
1
0
1
1
0
0
-1
-1
0
0
0
0
1
1
1
0
1
1
0
0
1
1
0
0
0
0
0
0
-1
-1
-1
0
-1
0
-1
0
0
-1
0
1
2
1
1
1
1
1
1
2
1
1
0
0
0
0
1
-1
-2
-1
-2
-1
-1
-2
-2
-2
-1
-1
-1
-1
0
0
0
-1
0
-1
-2
-1
-1
-1
-2
-1
-2
-1
-1
-1
-1
0
0
-1
0
-1
0
-1
-1
0
0
0
0
1
1
1
2
1
0
1
0
0
0
0
1
1
2
2
2
2
3
2
2
1
0
1
0
0
0
0
1
1
1
2
1
1
0
-1
0
-1
-1
-1
0
0
2
2
2
2
1
2
0
0
0
-1
-1
-2
-2
-1
-1
-1
0
0
0
0
-1
-1
0
0
0
0
-1
-1
0
0
0
0
-1
1
0
0
-1
0
-2
-1
-1
-1
0
-1
-1
-1
0
0
1
1
1
0
0
1
0
0
1
1
0
1
0
1
0
-2
-2
-2
0
-1
-3
-1
0
-1
-1
0
0
1
0
1
2
2
2
1
1
0
0
0
0
-1
-2
-3
-3
-2
-2
-2
-3
-4
-2
0
1
1
1
1
1
3
5
4
4
4
4
1
-1
0
2
0
-2
-1
-1
-2
-3
-2
0
-1
-2
0
1
3
2
0
2
2
-1
-1
1
3
0
-3
0
2
2
-2
-1
0
-3
-3
-2
-4
-6
-7
-4
-1
1
2
4
5
7
9
11
7
5
0
-3
1
0
-5
-4
-3
-1
-6
-5
5
6
-3
-3
2
7
4
0
3
6
7
5
2
2
3
-3
-5
-8
-11
-9
-8
-9
-11
-8
-3
0
-1
0
5
11
10
5
2
-1
2
4
-1
5
3
-3
-6
-7
-3
-4
-10
-12
-13
-28
-33
-26
-19
-15
-13
-16
-9
5
18
25
25
30
34
32
21
22
13
6
7
7
7
10
2
1
9
8
6
5
0
-6
-7
-15
-9
0
9
9
9
12
18
16
-1
-4
-8
-19
-34
-34
-33
-26
-16
-4
-8
-9
-11
-5
6
4
8
2
0
-4
2
2
18
32
49
49
27
12
21
19
4
2
-3
-13
-16
-12
-25
-31
-39
-28
-27
-35
-34
-21
-18
-15
-7
-5
-5
4
16
-5
-8
-4
12
7
14
9
9
2
-7
-13
-36
-35
-13
-4
-38
-39
-36
-9
30
38
20
26
22
25
34
14
18
33
34
20
15
1
-2
-6
-5
-34
-28
17
61
71
67
81
107
91
46
5
-53
-36
21
62
69
78
96
165
168
79
-1
-24
-15
-54
-211
-470
-861
-1250
-770
423
527
-367
-146
616
268
-449
-191
908
1211
60
-324
69
-708
-969
434
1118
444
200
464
287
-437
-367
525
722
30
-81
112
-378
-534
-234
99
349
512
450
602
467
-277
-752
-589
-85
102
-206
-461
-956
-1690
-1068
-110
-266
-547
28
361
127
-67
253
585
49
-84
831
1312
531
179
479
307
92
664
1023
907
531
20
-285
-310
-142
-215
-297
-430
-297
-611
-924
-802
-587
-463
-368
-300
-438
-311
-445
-649
-617
-363
-227
-44
21
44
155
70
-8
213
527
453
356
249
258
241
196
101
174
327
341
290
258
293
194
127
103
167
224
211
55
-4
57
75
44
97
198
267
281
162
117
174
168
69
78
108
162
166
51
8
131
88
32
145
186
158
120
41
-28
-25
-159
-216
-192
-207
-217
-217
-355
-356
-75
73
43
54
83
81
101
84
152
185
147
55
63
-5
-124
-58
163
445
389
70
-205
-279
-273
-422
-680
-838
-941
-1199
-1666
-2195
-2695
-2689
-1989
-1174
-911
-1510
-2296
-2396
-1730
-1000
-484
7
256
160
-90
-6
683
1357
1674
1979
2630
3216
3258
2700
2209
2585
3196
3402
3189
2859
2329
1761
1357
1180
1053
736
314
-38
-202
-541
-1156
-1991
-2336
-2062
-1605
-1462
-1543
-1596
-1645
-1625
-1446
-767
-95
196
129
122
284
465
539
651
961
1270
1284
974
696
563
585
529
475
314
47
-254
-383
-366
-342
-375
-624
-797
-783
-619
-555
-569
-530
-360
-222
-254
-360
-410
-450
-432
-254
-27
33
-62
54
387
748
854
795
593
339
286
561
684
-195
-2314
-4875
-6324
-5559
-3075
-1017
-1109
-3231
-5527
-6325
-5360
-3663
-2058
-771
2
-6
-864
-1842
-2030
-858
1297
3865
5972
6597
5624
4023
3289
4171
5933
7078
6964
6170
5206
4341
3447
2520
1988
1922
2138
2221
1966
910
-799
-2429
-3180
-2873
-2189
-1882
-2154
-2588
-3022
-3338
-3543
-3327
-2504
-1215
-63
486
354
-143
-510
-451
240
1250
2027
2064
1551
958
653
526
529
720
957
913
443
-278
-949
-1284
-1345
-1240
-1104
-986
-1092
-1368
-1703
-1777
-1485
-1093
-803
-636
-550
-485
-310
-111
111
349
640
854
954
875
757
741
806
956
1050
938
563
93
-322
-594
-792
-935
-966
-922
-947
-1013
-1084
-1092
-1006
-783
-577
-673
-995
-1092
-880
-1188
-2757
-5091
-6338
-5015
-1734
818
548
-1949
-3982
-3712
-1928
-402
572
1581
2427
2390
1261
182
42
962
2622
4844
6716
6925
5334
3210
2390
3273
4595
4901
4353
3537
2781
2069
1214
359
-144
-184
134
675
768
-46
-1515
-2734
-2978
-2345
-1671
-1388
-1283
-1173
-1192
-1498
-1903
-1881
-943
490
1630
1791
1045
112
-382
-305
200
721
818
552
83
-440
-907
-1117
-1034
-616
-125
37
-316
-959
-1314
-1152
-644
-207
71
125
65
0
-106
-138
0
200
241
163
6
-227
-562
-919
-1070
-968
-774
-675
-821
-1140
-1344
-1258
-1071
-884
-734
-652
-580
-517
-394
-279
-192
-197
-68
207
533
735
606
443
675
1354
1885
2056
1907
1660
1314
930
770
748
356
-776
-2282
-3652
-4438
-4376
-3306
-1955
-1708
-3184
-4981
-5311
-4040
-2395
-1270
-514
29
250
41
-14
510
1670
3206
4769
5912
6302
5847
4883
4228
4266
4835
5234
5006
4134
3113
2191
1307
448
-179
-417
-424
-440
-747
-1411
-2404
-3287
-3642
-3314
-2611
-1927
-1452
-1124
-818
-642
-553
-282
500
1608
2495
2692
2252
1622
1253
1265
1447
1595
1530
1131
482
-142
-613
-1005
-1381
-1633
-1725
-1827
-2143
-2573
-2943
-3090
-2957
-2601
-2179
-1764
-1380
-1143
-1006
-869
-598
-274
36
260
491
669
659
550
460
640
1021
1347
1363
1184
938
734
674
709
748
671
578
432
269
40
-118
-44
139
143
-153
-663
-1303
-1691
-1605
-1147
-772
-742
-899
-939
-756
-518
-240
127
350
263
-47
-597
-1454
-2648
-3868
-4554
-4154
-2708
-952
-257
-1251
-2835
-3351
-2314
-686
823
1887
2483
2424
1803
1222
1230
1875
2931
4335
5463
5867
5259
3941
2724
2322
2687
3118
3168
2591
1740
882
113
-501
-756
-697
-493
-160
61
76
-333
-1062
-1520
-1249
-534
125
546
731
754
623
390
257
378
590
810
1043
1072
516
-577
-1690
-2107
-1853
-1526
-1467
-1623
-1956
-2444
-2880
-3107
-2930
-2509
-1943
-1437
-1032
-840
-785
-669
-306
369
1037
1545
1725
1711
1404
1099
867
778
759
697
559
192
-198
-602
-850
-1068
-1123
-1087
-967
-939
-977
-936
-847
-596
-279
110
374
536
562
648
791
1032
1317
1621
1852
1750
1253
534
-11
-177
0
133
117
-30
-192
-337
-341
-201
89
330
302
51
-239
-618
-1505
-3167
-5359
-6840
-6840
-5191
-2770
-1068
-1409
-3473
-5155
-4714
-2338
358
2464
3633
3864
3074
1981
1584
2079
3270
4964
6730
7663
7146
5288
3207
2032
2044
2847
3509
3275
2122
717
-346
-1038
-1474
-1694
-1418
-789
-129
153
-126
-918
-1858
-2198
-1599
-265
985
1632
1429
734
-39
-429
-168
502
1099
1211
805
74
-643
-1418
-2051
-2414
-2314
-1967
-1769
-1933
-2238
-2526
-2796
-2820
-2625
-2105
-1534
-962
-474
-142
-114
-172
1
446
1094
1582
1824
1645
1270
870
585
461
499
613
575
328
-192
-742
-1192
-1390
-1254
-823
-312
-24
-86
-319
-263
178
807
1272
1407
1266
1015
755
593
515
560
755
925
986
748
225
-474
-1028
-1280
-1125
-784
-505
-282
-201
-76
105
461
859
1383
1868
2125
1948
1040
-627
-2899
-4997
-6289
-6080
-4431
-2152
-867
-1742
-4087
-5784
-5184
-2724
211
2389
3319
2818
1321
-224
-587
585
2747
5044
6702
7269
6616
5099
3339
2195
2084
2885
3582
3364
2033
179
-1460
-2401
-2504
-1967
-1104
-435
6
18
-434
-1247
-1910
-1998
-1409
-485
306
715
558
-40
-738
-958
-586
213
896
1148
780
0
-773
-1084
-969
-899
-999
-1073
-867
-754
-901
-1245
-1384
-1296
-952
-477
60
477
668
783
815
921
1051
1315
1500
1635
1533
1242
722
104
-348
-598
-607
-590
-610
-867
-1148
-1420
-1415
-1098
-601
-95
246
416
497
538
482
496
535
600
642
625
454
70
-495
-854
-862
-647
-399
-334
-476
-692
-885
-1048
-1231
-1600
-2004
-2255
-2213
-1740
-945
-179
368
643
1062
1754
2501
2911
2939
2690
2261
1169
-1020
-3650
-5690
-5721
-3762
-1058
286
-789
-3478
-5303
-4721
-2232
922
3197
3958
2904
945
-499
-302
1048
2903
4488
5298
5174
4030
2479
1196
619
697
1337
1687
1532
621
-582
-1525
-1813
-1459
-615
368
1029
1450
1357
1060
393
-174
-292
209
952
1613
1890
1602
861
-192
-744
-578
226
954
1046
198
-1075
-2248
-2693
-2417
-2078
-2029
-2234
-2229
-2086
-1965
-1942
-1454
-669
120
693
1014
1277
1400
1506
1511
1474
1396
1461
1552
1434
1159
713
299
-161
-494
-676
-801
-863
-1025
-1251
-1647
-1793
-1616
-1099
-689
-555
-583
-704
-627
-559
-443
-385
-137
223
705
1020
1054
877
619
632
917
1328
1561
1553
1218
728
121
-428
-893
-1094
-1057
-1020
-1309
-1642
-1574
-1120
-695
-435
141
980
1627
1623
1333
995
711
-252
-2237
-5116
-7376
-7257
-4486
-1112
73
-1605
-4667
-6203
-5300
-2019
1797
4753
5398
3823
1250
-481
-2
1885
4446
6010
6598
5800
4381
2613
1394
1138
1653
2491
2480
1763
207
-1138
-2191
-2386
-2007
-1046
40
835
1104
626
-28
-642
-603
-141
694
1331
1703
1498
922
228
-225
-206
165
790
1335
1540
944
-231
-1671
-2509
-2406
-1539
-850
-928
-1655
-2389
-2641
-2332
-1376
-156
775
843
436
129
345
784
1116
1147
974
893
959
1050
885
586
371
401
376
19
-591
-1089
-1139
-838
-524
-429
-473
-481
-362
-116
218
551
686
566
317
184
288
471
528
492
400
238
-42
-359
-489
-382
-139
-14
-85
-563
-1318
-2123
-2567
-2502
-2190
-2033
-2268
-2465
-2224
-1420
-562
217
1001
1919
2554
2567
2163
1799
1659
1254
-99
-2761
-5678
-6992
-5456
-2290
-89
-595
-3091
-5503
-6011
-4035
-458
3012
4348
2876
-239
-2570
-2425
129
3381
5621
6079
5163
3794
2775
2567
3201
4268
4916
4615
3289
1630
195
-561
-595
-55
652
1099
1093
599
-100
-777
-985
-683
-108
244
147
-223
-569
-756
-830
-737
-382
297
1050
1527
1518
1120
597
250
152
202
179
-6
-271
-549
-919
-1373
-1626
-1441
-819
-169
210
136
-277
-722
-836
-479
81
549
689
632
471
417
448
509
528
504
474
289
-22
-470
-803
-1007
-963
-813
-686
-714
-883
-973
-900
-657
-521
-547
-816
-1021
-1011
-684
-305
-179
-467
-993
-1309
-1154
-540
86
393
117
-517
-1176
-1495
-1493
-1276
-1100
-1047
-1175
-1424
-1575
-1433
-896
-155
723
1559
2294
2513
2159
1340
752
816
1463
1761
630
-2099
-5075
-5957
-4035
-706
1173
428
-2199
-4561
-5217
-3568
-381
2532
3375
1613
-1067
-2682
-1891
656
3694
5560
5754
4577
3177
2555
3073
4469
5690
5830
4393
2353
695
162
352
840
1092
936
345
-498
-1173
-1442
-1153
-720
-492
-849
-1409
-1824
-1807
-1580
-1234
-912
-653
-473
-232
249
786
1157
1106
884
635
560
512
563
566
435
94
-316
-526
-449
-132
101
68
-364
-881
-1216
-1186
-947
-625
-360
-234
-261
-263
-139
51
299
552
769
796
638
379
188
106
164
269
255
-12
-398
-688
-760
-691
-581
-597
-794
-1073
-1297
-1313
-1138
-917
-945
-1276
-1756
-1905
-1475
-623
34
42
-593
-1346
-1651
-1332
-675
-172
-27
-291
-730
-1138
-1182
-804
-67
637
1044
1052
808
540
442
598
867
1159
1338
1373
1106
696
358
364
548
611
197
-561
-1218
-1316
-811
-232
-169
-880
-1870
-2514
-2185
-1100
212
874
635
-292
-1110
-1141
-229
1151
2160
2407
1763
906
287
398
992
1830
2323
2264
1674
971
659
810
1386
1887
2166
1857
1305
724
514
502
596
608
418
78
-399
-714
-903
-738
-412
-16
55
-117
-365
-388
-171
165
538
766
771
493
227
151
433
765
855
479
-85
-455
-385
-65
164
146
-43
-240
-449
-601
-669
-545
-362
-229
-310
-546
-889
-1153
-1232
-1088
-811
-599
-653
-1053
-1524
-1746
-1504
-1039
-643
-559
-724
-1002
-1145
-1033
-694
-365
-237
-294
-361
-271
-84
47
-32
-225
-413
-450
-401
-357
-403
-449
-432
-366
-352
-385
-336
-161
128
388
558
593
544
442
438
596
900
1136
1173
1013
787
666
715
889
1001
961
772
582
427
288
95
-128
-335
-424
-367
-218
-120
-164
-326
-525
-619
-543
-286
-16
126
19
-246
-517
-605
-482
-242
-56
-15
-90
-190
-191
-108
57
176
214
123
26
39
233
466
554
441
205
25
-40
7
39
34
-28
-76
-100
-46
85
265
432
558
688
839
1038
1238
1450
1615
1734
1763
1683
1495
1250
1014
852
793
780
731
578
398
269
216
127
-39
-248
-369
-334
-216
-182
-357
-652
-867
-846
-659
-490
-501
-717
-1047
-1319
-1389
-1250
-1019
-898
-978
-1163
-1238
-1066
-741
-472
-410
-502
-569
-490
-296
-122
-102
-257
-495
-666
-695
-625
-542
-507
-487
-464
-448
-458
-446
-364
-212
-57
9
-26
-105
-120
-9
227
524
771
822
646
356
168
221
436
591
507
216
-96
-219
-134
-6
-2
-144
-350
-523
-571
-479
-311
-212
-289
-510
-697
-705
-535
-324
-207
-243
-358
-414
-349
-172
38
204
288
343
432
576
738
841
870
872
914
1006
1120
1192
1176
1083
969
894
860
816
725
582
428
324
283
266
211
100
-17
-48
39
174
284
337
367
423
505
579
596
524
364
182
58
28
41
26
-56
-154
-174
-69
123
275
308
244
209
307
510
697
726
578
362
224
216
259
221
32
-278
-586
-770
-801
-773
-834
-1029
-1253
-1339
-1214
-970
-791
-799
-953
-1112
-1142
-1027
-867
-764
-761
-830
-883
-857
-728
-564
-442
-386
-359
-317
-259
-216
-235
-300
-372
-414
-420
-425
-442
-440
-373
-231
-72
44
68
2
-74
-43
114
299
367
256
49
-86
-19
218
467
559
444
240
142
257
511
711
682
414
92
-79
-20
173
289
190
-74
-311
-348
-148
171
412
458
361
273
324
526
771
904
863
728
637
660
768
868
890
843
768
720
718
748
764
737
679
597
508
416
309
184
75
12
13
47
77
67
16
-45
-100
-138
-184
-257
-349
-429
-467
-453
-413
-398
-431
-496
-541
-514
-413
-286
-183
-129
-102
-69
0
112
243
360
427
441
422
399
367
309
212
63
-119
-291
-424
-506
-543
-555
-561
-581
-615
-656
-690
-717
-739
-765
-796
-813
-802
-758
-697
-646
-600
-535
-438
-313
-195
-111
-86
-125
-208
-276
-290
-251
-198
-184
-211
-251
-247
-182
-78
17
62
42
-14
-65
-64
-10
57
91
82
68
91
158
233
267
247
199
172
198
255
301
293
229
157
110
103
108
82
7
-75
-119
-95
-8
87
154
182
216
297
426
567
660
686
677
680
739
842
930
940
860
734
638
615
647
679
659
579
455
337
275
274
302
304
255
176
113
89
88
81
47
-12
-82
-148
-199
-247
-295
-341
-378
-399
-410
-428
-467
-511
-542
-545
-527
-505
-488
-471
-444
-397
-330
-235
-107
44
192
312
386
423
442
456
457
421
337
227
105
-11
-123
-231
-330
-417
-482
-536
-601
-683
-775
-844
-854
-813
-757
-721
-722
-733
-711
-633
-509
-379
-281
-236
-235
-241
-230
-196
-140
-74
-21
13
40
72
114
163
207
230
230
214
181
137
107
99
106
124
133
131
123
102
67
9
-56
-106
-126
-114
-80
-43
-14
5
23
53
103
167
227
270
294
303
311
329
362
411
455
493
508
502
490
482
470
445
413
367
314
261
213
168
127
94
73
67
73
87
100
103
96
96
137
234
348
446
503
518
521
533
554
561
537
477
397
311
229
161
94
10
-97
-224
-346
-447
-529
-606
-684
-758
-815
-838
-825
-788
-747
-710
-657
-564
-430
-272
-120
1
92
168
234
284
324
330
300
249
188
125
61
-15
-113
-227
-336
-422
-473
-485
-466
-438
-409
-380
-347
-300
-240
-178
-127
-92
-69
-66
-76
-92
-125
-172
-222
-269
-296
-304
-295
-274
-250
-218
-167
-101
-32
23
50
57
47
44
67
106
147
175
182
176
161
137
111
92
80
85
104
125
136
133
115
108
135
184
233
250
229
182
136
114
116
134
147
145
136
127
138
176
229
285
325
339
335
322
306
286
275
271
266
264
263
253
233
205
170
133
109
97
100
108
112
100
79
65
58
61
61
51
37
24
18
24
43
67
86
85
66
41
19
-11
-35
-66
-107
-147
-186
-207
-221
-220
-204
-169
-115
-58
-11
15
38
50
56
60
58
47
23
-14
-70
-131
-189
-242
-297
-366
-456
-559
-640
-679
-664
-612
-544
-476
-417
-356
-289
-223
-167
-118
-91
-88
-110
-142
-173
-191
-199
-208
-209
-206
-194
-184
-175
-160
-139
-103
-47
4
39
46
32
9
-6
-1
12
22
21
6
-12
-12
9
57
123
185
240
287
337
393
450
491
519
532
523
490
436
371
308
257
214
182
151
125
99
77
74
91
134
187
232
259
262
254
238
222
206
187
164
141
119
105
110
129
144
159
172
173
165
145
117
82
44
17
-4
-3
10
19
13
-15
-50
-87
-112
-113
-106
-104
-112
-146
-199
-244
-269
-276
-281
-291
-316
-342
-352
-347
-320
-285
-251
-199
-142
-80
-9
51
91
120
146
176
210
232
233
214
174
122
58
-18
-93
-159
-215
-265
-318
-365
-392
-387
-343
-278
-215
-177
-172
-185
-197
-198
-192
-195
-219
-244
-256
-255
-218
-171
-132
-102
-92
-99
-106
-96
-66
-22
14
29
12
-32
-64
-65
-44
-5
9
-16
-81
-139
-166
-141
-61
31
116
170
202
237
287
343
404
446
439
417
389
360
344
325
288
243
194
156
137
127
117
121
112
116
131
147
186
208
234
236
220
197
179
176
160
133
94
68
67
84
116
128
97
48
-7
-45
-62
-71
-64
-72
-79
-80
-86
-64
-55
-40
5
34
76
124
142
134
119
82
55
27
-11
-45
-106
-184
-255
-291
-298
-251
-165
-73
-36
-56
-88
-146
-169
-129
-55
27
58
29
-29
-72
-96
-37
140
226
227
75
-213
-452
-701
-826
-746
-628
-564
-365
65
371
613
809
686
486
21
-328
-336
-281
-283
-325
-345
-903
-1126
-929
-560
137
556
827
710
153
-386
-615
-495
-307
31
357
227
62
-221
-359
-203
-121
46
117
43
-321
-622
-642
-638
-338
67
376
789
765
650
610
534
371
353
597
337
314
21
-221
-281
-457
-162
86
424
554
605
493
192
35
-38
102
278
458
510
382
229
-67
-139
-98
24
266
351
394
229
45
-232
-264
-206
-95
182
321
446
420
343
228
190
202
300
428
481
430
257
15
-149
-297
-275
-173
-149
-124
-191
-173
-239
-141
8
109
163
91
-48
-156
-262
-286
-126
-69
-27
-71
-157
-246
-289
-342
-222
-146
-162
-117
-190
-303
-420
-571
-672
-618
-604
-413
-269
-150
-160
-309
-378
-459
-463
-424
-137
-157
-220
-253
-597
-571
-545
-409
-124
36
103
4
44
-111
-33
122
247
411
393
361
62
-100
-143
-28
203
519
733
705
372
-93
-321
-333
2
359
692
834
446
-135
-254
-382
-225
231
623
945
742
427
99
49
-242
-179
219
445
620
411
371
101
-233
-428
-59
212
274
648
617
312
-39
-336
-517
-305
-97
118
465
337
-227
-284
-694
-866
-232
-98
198
537
404
51
-78
-480
-503
-59
215
722
1048
795
582
95
-469
-434
-459
-82
171
431
507
79
-80
-335
-715
-527
-361
102
672
867
1025
463
-262
-664
-901
-1099
-182
381
513
850
724
-58
-481
-766
-1181
-408
-18
484
761
728
-381
-1143
-1499
-1929
-1156
-348
213
741
907
-151
-569
-674
-951
-916
236
405
961
1416
98
94
-787
-1496
-1196
-720
270
974
1191
751
-34
-486
-1693
-1615
-441
441
984
1335
1214
154
-609
-1780
-1139
-576
287
993
1105
1232
324
-247
-1080
-645
-540
-109
666
759
1295
583
-408
-534
-502
-479
-412
664
918
691
760
248
-163
-588
-321
-490
51
803
725
1201
863
159
280
-487
-514
223
552
1008
844
504
295
74
-1030
-214
13
-154
743
478
524
355
20
-574
-383
-486
-245
354
438
543
340
-14
-395
-557
-1242
-193
405
24
1227
1073
-101
-577
-805
-1198
-156
756
5
1049
439
-783
-466
-700
-242
-345
760
170
242
623
-1121
-373
-883
-194
-481
-352
867
-384
87
-476
-599
-334
-802
-434
-120
-327
-222
205
-115
-573
-363
-543
67
652
-131
670
194
-534
-465
-143
-271
-183
203
-398
186
90
-247
-201
385
91
-143
709
384
-88
-19
-665
-638
193
-96
-191
654
387
-327
270
33
-79
23
280
395
915
510
21
101
-664
-236
-419
91
718
573
33
568
377
-570
34
294
-337
249
551
-394
687
-25
-417
155
143
-522
-98
237
-343
575
33
111
176
20
-382
-90
310
16
434
532
141
457
154
-162
361
-251
-20
-60
431
-194
107
319
-195
32
-314
305
-133
624
314
505
231
-216
-238
-593
-616
-574
288
-522
606
-76
-316
356
102
-163
518
892
-338
1045
241
-466
-318
-164
-1019
-468
210
-461
260
-2
52
-449
-30
-858
-786
-64
-319
-108
296
252
-682
-380
-497
-688
98
489
41
870
246
-96
-309
-605
-467
-546
273
-522
221
448
-438
-93
-35
-681
-220
-11
-323
307
870
-273
-600
441
-649
-452
254
204
-2
746
-18
-315
676
-27
-144
446
562
-691
542
188
-924
676
190
-903
465
514
-736
209
349
-14
189
382
-191
160
429
-202
447
242
-45
-99
217
175
-5
610
365
371
104
195
121
166
30
507
270
-173
862
-633
-14
305
-159
-581
-58
133
-365
490
-212
186
565
358
-876
443
-85
-112
475
32
452
-278
261
-1079
705
25
-433
509
-285
779
-23
-399
-382
290
-100
-1230
-193
82
-537
-308
-139
363
194
266
-543
95
196
-668
621
80
-36
-508
-105
-586
-501
65
-704
228
-110
-63
-319
-81
272
-118
300
-217
38
-96
-599
-82
188
-244
-552
146
220
-501
-24
49
-695
114
92
-420
14
379
-272
37
-274
24
448
-475
594
723
749
-499
296
-310
-431
414
-859
119
92
181
-442
625
-268
-427
1102
126
-303
756
854
-365
184
390
-7
-584
-21
-107
405
379
64
218
393
257
-401
-175
65
930
-436
19
990
-265
-264
205
-118
-356
1009
187
-529
1415
-143
-505
155
-334
-29
-239
155
-184
629
359
-247
-290
175
235
-468
-130
1103
-8
-643
907
-831
-275
-245
-211
-63
305
59
-1
650
-969
398
-200
-704
-35
-37
-1147
419
454
-1410
1262
-22
-1328
212
420
-910
702
772
-1036
1162
622
-1549
-227
684
-809
-31
390
-706
162
327
-890
235
61
-424
394
59
-89
24
603
-1058
780
415
-1321
362
-500
-291
169
327
-863
487
706
-1220
358
711
-704
-9
341
-131
124
62
-520
-450
617
-794
-78
393
346
-94
413
415
-410
710
-675
-60
-104
-78
-346
505
306
-446
692
-176
-141
487
-174
-430
790
-32
132
264
178
-565
422
191
-721
994
-127
407
472
131
5
-179
266
-369
103
428
-107
462
146
53
-221
-93
52
-319
645
-206
-216
343
-105
-137
200
-395
1
259
-174
14
678
-28
-354
615
-446
-77
49
4
-98
669
-336
-291
802
-517
-113
197
93
-395
564
-194
-563
499
-341
-543
77
-210
-222
341
-9
-19
259
-250
-334
79
-364
-325
165
-200
-175
230
-561
143
-384
-236
202
-12
-28
-70
359
-543
375
-272
-178
-9
-19
-70
-173
-271
-26
115
-695
52
-40
155
-411
566
-47
-32
492
-344
-138
-9
-359
-436
587
24
-248
-15
65
-719
734
14
-493
761
241
-108
-170
388
-527
-231
328
-230
-192
727
-19
-93
253
289
-230
329
696
-435
611
186
-167
6
262
-269
-202
128
-33
128
363
410
-324
305
721
201
-67
650
-45
-300
560
-81
-320
218
-45
-622
264
355
-278
115
159
-177
-157
272
-207
160
271
-155
-47
85
306
-380
25
-261
185
-10
-18
176
-477
-133
75
-167
-529
532
-224
-90
-4
48
-519
138
271
-996
598
153
-175
-188
567
-472
-356
589
-531
112
488
-254
-257
619
-79
-586
-9
18
-495
230
-179
-351
383
-383
-331
134
-124
-115
-1
166
264
367
48
-242
374
-414
-156
11
-227
-46
251
-28
-543
230
-354
-476
106
104
-299
177
44
-182
71
-15
-223
-145
200
-55
154
-130
155
210
-24
1
133
42
110
-55
-253
247
35
-231
-218
505
-256
71
627
-173
144
369
227
-375
93
235
-131
113
16
-201
244
20
-204
279
234
209
-120
468
635
-86
-136
74
-110
-210
205
-40
-226
309
27
-466
667
199
-460
274
384
-65
-187
408
-387
17
158
-681
75
377
-518
-204
695
-95
108
487
264
-98
199
-203
-216
474
-752
-52
50
-454
74
-6
69
-136
58
8
-44
299
-286
62
506
-525
-137
162
-369
-315
-89
-100
-76
423
-160
-286
555
-112
-615
179
164
-503
100
232
-273
319
-182
-759
-66
181
-547
-239
750
-195
-233
568
-237
-534
34
88
-252
126
315
-483
191
60
-730
-122
-130
-244
-364
572
202
-190
608
-259
44
20
-63
-129
402
639
-425
576
191
-344
-238
201
3
-143
496
-256
550
230
-510
282
177
-459
-18
747
148
-243
834
-147
-359
690
-654
-127
524
80
-415
593
395
-492
302
1
-329
219
559
-643
272
537
-631
-138
432
-343
-782
204
-20
-172
205
-37
91
230
-330
-101
119
-145
-177
118
80
36
-68
-212
385
65
-644
331
256
-756
93
165
-161
-91
27
-262
-40
350
-268
-37
736
-27
-208
702
57
-349
-243
17
-275
135
-12
-237
274
142
217
-3
379
-144
-223
352
87
-33
-57
-205
-194
-440
-262
-36
-122
23
69
344
289
45
-333
288
51
-532
67
49
-10
-152
-148
128
2
-329
-355
9
133
-15
12
161
120
-303
-186
-79
-207
-134
50
226
174
71
-70
50
200
-154
-192
218
143
-294
-30
579
-59
-29
169
-80
187
163
-288
-52
376
-146
-226
151
77
-269
166
11
75
50
-287
-22
211
206
43
113
-10
225
-217
104
138
-276
57
89
-58
-77
258
86
-45
-222
95
296
-100
-83
21
71
-89
-297
86
-65
-80
76
-44
356
253
-235
-174
556
-127
-268
549
-147
-210
145
-465
-260
442
-242
-309
731
156
-176
545
251
-269
20
-34
-672
33
59
-331
-26
35
-244
-43
218
-217
414
309
-179
124
147
-275
-109
-128
-242
81
-89
-145
-21
21
-186
269
32
-237
217
-31
-180
78
103
20
-65
-67
-105
-282
88
-108
-79
104
-245
-11
-221
-314
90
119
135
10
115
-59
239
226
-217
348
-156
-65
155
-93
-176
-145
226
-236
-15
69
-336
39
225
-113
142
358
-166
-53
311
-101
51
213
-229
-215
-66
89
-244
149
213
-91
325
91
128
240
193
0
350
124
-355
32
-198
-74
-197
-173
29
197
88
-183
437
95
19
30
-107
183
34
103
-133
315
176
-408
334
152
-125
101
182
155
-229
-105
-1
20
-14
-343
-104
261
-123
-301
424
269
-123
-271
-230
221
-232
-200
-49
127
-37
-399
88
60
14
-38
-3
215
70
-355
-53
25
-124
-168
-296
57
-261
-156
-189
13
219
-341
-81
-29
-46
90
105
267
155
24
-177
37
77
-320
247
32
-386
-25
49
-173
-102
322
61
28
66
-96
129
291
29
10
383
-134
-443
96
9
-81
107
41
67
356
-77
-249
576
235
-171
84
233
-65
-262
-61
59
159
-193
-285
73
154
-225
112
448
-145
-78
236
-63
-44
183
-29
-107
187
-152
-304
273
-101
-198
295
17
-69
193
-35
-10
149
-12
-100
-50
-44
-143
35
98
-29
34
-118
-169
115
-287
57
276
-59
61
-24
265
0
-83
-17
48
237
-210
-147
284
-42
-294
-96
-9
-62
-179
48
186
71
-55
-60
-49
94
-117
-103
55
47
-93
-291
180
-58
-107
2
37
316
29
-198
58
269
-7
-491
-144
245
-402
-165
180
274
216
-257
-45
156
111
-307
-113
568
-244
-214
196
-177
115
-166
-77
91
70
-54
-205
325
106
-97
111
-126
-125
-182
-101
125
-17
302
-100
-43
244
-205
65
298
156
-215
35
222
-174
-225
-128
5
139
-143
-135
197
282
25
-70
265
45
-224
-160
189
138
-50
170
-122
-123
125
-135
-120
191
180
-126
176
401
-141
-9
-40
-196
118
-229
-119
190
196
-107
-243
528
-232
-426
139
-18
258
25
36
143
54
-230
-115
136
-84
-146
239
-46
-195
335
-145
-78
-32
-132
-140
0
150
-146
245
41
-220
73
-120
-111
102
25
-177
151
174
-347
54
33
-250
-21
2
27
157
10
-142
151
-1
-283
145
172
-212
24
114
203
83
-244
-178
-44
-133
-119
58
47
-19
-96
24
170
64
-50
213
-36
-74
174
99
39
-37
-131
-50
-18
-360
-55
-31
-52
203
243
-3
-61
122
36
37
-78
-12
178
-37
-82
148
19
-80
-32
226
-63
-117
166
221
-67
-131
116
-85
-1
-327
-137
142
117
-193
-23
300
-37
9
-21
4
68
121
-224
-57
227
-36
-185
100
3
-122
161
133
59
-10
176
84
-45
-108
-92
-14
69
-157
-137
82
-78
-62
62
174
-123
-6
120
-75
244
134
-171
58
49
-52
-123
189
162
-82
14
-82
325
26
-316
-57
-38
-57
-279
-128
102
103
19
-104
259
81
-144
28
125
89
-134
127
-116
-74
-127
-288
15
-57
-192
-123
300
-56
-31
266
-18
-6
-46
-32
-181
-202
30
-81
-46
-77
-131
-60
-57
19
-26
244
95
-112
151
38
106
85
-71
-96
-45
20
-127
-13
128
-3
-100
103
-61
-129
109
12
127
83
29
181
263
-68
-31
197
21
-99
5
37
-99
128
-154
-209
-31
78
92
18
133
149
262
109
-12
49
158
-182
-233
94
38
-279
-149
11
-120
-22
-12
50
-75
250
155
24
230
105
9
-229
-98
-92
-65
9
-113
-142
190
-75
-284
267
27
-190
-14
171
19
14
151
-73
9
98
-119
-203
177
83
-182
21
144
-125
-24
136
-177
-67
27
24
-47
112
99
-130
74
15
-151
154
240
-164
-160
163
19
-310
24
46
-26
101
-30
-62
143
100
-325
-38
236
-39
-44
133
-21
-9
-76
-156
-172
-8
59
-95
174
179
61
-98
55
-118
-217
64
110
39
-82
32
-41
-78
-134
-83
69
-47
-44
180
40
87
-132
-85
174
-357
-114
100
55
97
14
-48
65
206
-108
-83
169
186
77
-202
16
178
-149
-245
-79
146
57
28
-27
255
240
-257
-63
143
85
-68
1
88
-50
44
-49
-233
212
61
-270
94
252
-15
-57
176
-46
14
2
-176
30
163
-80
-136
282
79
-219
76
199
-106
-148
122
-53
-112
77
-31
32
60
-17
-110
66
198
-199
-14
253
-62
-185
59
5
-201
-1
-67
-222
136
177
-107
152
278
-96
-139
-18
-79
-120
-55
-85
-166
88
-9
-337
-42
149
-87
-110
265
269
-81
49
-3
-215
-38
-92
-144
50
186
56
-14
224
-62
-186
110
38
-18
82
244
-8
-24
40
-245
11
19
-105
147
242
119
-28
-32
12
-274
-281
17
-47
11
121
151
-8
-5
-68
-273
27
154
-49
50
122
-34
-61
-143
-39
-56
47
92
22
290
156
-22
-68
-45
-134
-170
77
83
-15
130
41
-79
114
29
-62
79
111
18
-5
38
64
-227
-185
-57
-154
-1
-23
13
54
82
-114
-105
159
-135
-62
281
58
-41
150
26
-221
-17
5
-188
108
135
30
135
104
42
131
94
-20
194
231
-40
-14
219
10
-209
-53
-7
-41
-23
11
105
100
55
-19
2
-25
-74
-21
-58
-44
-163
-71
-33
-184
-127
-50
-38
-22
-6
-55
-55
-125
-196
-195
-89
-31
-108
-23
52
-103
-98
-37
-49
-23
16
54
94
162
-39
-33
148
-22
-47
105
92
116
16
-25
-17
-26
-16
-27
108
-12
-7
6
-36
-76
-34
22
-70
52
95
-24
-37
108
-28
-17
43
12
158
71
-49
84
164
-3
-8
77
183
98
-18
101
108
154
68
-124
54
178
-106
-196
45
77
-47
-68
3
76
31
-128
-64
236
127
-137
-23
175
32
-41
14
52
210
28
-153
83
201
-58
-124
9
113
18
-140
-67
7
-24
-200
-203
16
45
-162
-162
8
40
-98
-35
21
-15
0
-188
-75
77
-101
-199
-81
-20
-113
-189
-104
18
-28
-239
-251
-128
-197
-355
-388
-183
-187
-223
-228
-190
-117
-243
-303
-151
-33
-99
-145
-120
24
50
63
234
377
421
402
413
549
636
523
479
573
558
448
460
502
605
607
486
469
556
517
328
180
231
264
161
151
154
178
19
-111
-91
27
70
-100
-110
-121
-337
-388
-309
-363
-303
-307
-439
-372
-241
-428
-447
-355
-525
-657
-733
-767
-789
-816
-951
-1036
-984
-893
-944
-942
-902
-960
-977
-965
-900
-750
-582
-650
-705
-566
-376
-257
0
236
345
499
661
821
1070
1333
1365
1487
1619
1739
1862
1915
1907
1844
1812
1801
1807
1820
1753
1533
1373
1170
982
861
636
353
113
-132
-314
-439
-591
-747
-985
-1210
-1346
-1341
-1344
-1449
-1632
-1760
-1742
-1637
-1512
-1401
-1277
-1249
-1319
-1248
-1031
-751
-513
-449
-295
-130
-36
94
274
540
749
814
851
901
902
826
761
881
1023
1087
1047
941
876
815
748
765
822
711
472
235
149
124
60
53
81
103
-13
-147
-156
-176
-284
-431
-518
-616
-893
-1304
-1563
-1539
-1474
-1465
-1363
-1352
-1601
-2010
-2187
-1877
-1529
-1366
-1420
-1475
-1539
-1755
-1652
-1084
-435
-67
52
187
468
665
872
1302
1897
2270
2280
2245
2317
2436
2453
2620
2932
3158
3082
2747
2491
2361
2246
2098
1989
1880
1571
1046
592
321
210
131
-38
-269
-554
-965
-1405
-1587
-1567
-1534
-1619
-1918
-2275
-2521
-2626
-2566
-2294
-2003
-1909
-2010
-2147
-2072
-1813
-1492
-1161
-873
-694
-642
-578
-352
44
493
847
1125
1307
1349
1363
1398
1584
1837
2006
2036
1971
1852
1683
1612
1593
1572
1514
1303
984
718
517
407
244
60
-44
-173
-336
-525
-671
-797
-920
-1023
-1081
-1183
-1553
-2159
-2553
-2500
-2203
-1935
-1824
-1994
-2429
-2864
-2891
-2294
-1611
-1349
-1616
-1977
-2153
-2190
-1888
-1181
-449
-69
-35
-21
326
758
1194
1727
2357
2782
2740
2534
2535
2844
3191
3499
3731
3711
3385
2979
2847
3081
3292
3175
2711
2134
1675
1279
1031
949
834
593
159
-371
-765
-1082
-1321
-1477
-1476
-1516
-1880
-2518
-3068
-3150
-2897
-2567
-2366
-2300
-2480
-2808
-2942
-2580
-1884
-1419
-1269
-1263
-1190
-1027
-812
-387
219
733
935
990
1162
1414
1638
1828
2107
2323
2305
2111
1966
2050
2179
2181
2023
1792
1481
1141
868
757
736
550
217
-120
-309
-364
-463
-631
-835
-996
-1166
-1316
-1371
-1518
-1840
-2368
-2732
-2574
-2162
-1897
-1984
-2312
-2687
-2964
-2878
-2356
-1749
-1527
-1771
-2050
-2047
-1780
-1443
-936
-330
47
150
108
255
663
1165
1735
2367
2734
2678
2452
2477
2947
3506
3840
3828
3527
3113
2777
2804
3095
3231
3002
2425
1819
1408
1192
1109
1090
927
531
-26
-613
-987
-1180
-1182
-1155
-1276
-1632
-2207
-2716
-2923
-2832
-2582
-2450
-2589
-2783
-2913
-2843
-2531
-2122
-1762
-1522
-1404
-1279
-1044
-736
-368
-3
387
702
868
1014
1268
1674
2124
2436
2547
2487
2344
2290
2399
2588
2668
2508
2153
1775
1487
1275
1131
964
722
405
15
-321
-582
-737
-775
-788
-889
-1157
-1499
-1728
-1734
-1609
-1592
-1850
-2371
-2923
-3056
-2659
-2081
-1770
-1982
-2480
-2839
-2797
-2333
-1750
-1384
-1406
-1691
-1873
-1797
-1500
-1082
-576
-133
153
256
251
412
836
1467
2114
2552
2573
2400
2352
2647
3242
3676
3772
3519
3115
2873
2911
3131
3244
3041
2557
2020
1630
1420
1333
1268
1152
838
337
-211
-672
-902
-984
-1014
-1139
-1497
-2012
-2476
-2688
-2590
-2435
-2443
-2621
-2841
-2934
-2879
-2700
-2433
-2169
-2001
-1897
-1793
-1575
-1230
-800
-326
67
328
462
614
978
1577
2111
2351
2301
2140
2105
2244
2523
2791
2831
2595
2190
1870
1733
1678
1620
1448
1164
731
238
-102
-265
-317
-403
-562
-806
-1116
-1373
-1518
-1517
-1457
-1463
-1572
-1838
-2239
-2630
-2681
-2296
-1801
-1616
-1792
-2162
-2455
-2438
-2081
-1471
-1113
-1228
-1607
-1827
-1667
-1341
-972
-542
-129
58
26
-3
260
760
1294
1721
1962
1941
1757
1768
2192
2906
3353
3323
3014
2720
2713
2909
3149
3265
3082
2660
2157
1801
1677
1613
1513
1292
976
592
118
-294
-563
-689
-813
-1087
-1471
-1912
-2287
-2516
-2542
-2442
-2445
-2638
-2915
-2989
-2811
-2528
-2254
-2092
-2035
-2042
-1972
-1667
-1228
-785
-448
-202
54
339
609
916
1325
1693
1957
2051
2058
2085
2135
2228
2301
2309
2234
2080
1891
1698
1527
1357
1173
997
775
521
243
-17
-229
-405
-529
-637
-774
-945
-1106
-1226
-1332
-1469
-1542
-1509
-1497
-1769
-2251
-2535
-2320
-1843
-1593
-1696
-2016
-2329
-2524
-2340
-1752
-1172
-1107
-1539
-1854
-1731
-1364
-1061
-728
-259
78
73
-100
36
544
1134
1615
1921
2093
2030
1930
2165
2754
3334
3474
3197
2880
2831
3020
3269
3393
3302
2975
2474
2029
1855
1907
1955
1732
1272
769
344
23
-211
-343
-474
-728
-1150
-1566
-1881
-2103
-2249
-2288
-2267
-2333
-2538
-2776
-2827
-2679
-2447
-2256
-2154
-2139
-2108
-1961
-1651
-1214
-814
-530
-377
-238
-16
314
728
1092
1341
1479
1511
1534
1611
1790
1968
2012
1926
1780
1644
1488
1319
1159
1038
921
757
504
202
-55
-218
-312
-412
-539
-700
-846
-975
-1045
-1029
-1027
-1132
-1274
-1284
-1247
-1415
-1791
-1987
-1799
-1515
-1445
-1594
-1763
-1912
-2033
-1886
-1390
-945
-1033
-1498
-1696
-1419
-1051
-871
-700
-401
-213
-242
-225
141
721
1183
1443
1661
1873
1955
2050
2357
2854
3239
3283
3121
3025
3097
3236
3325
3304
3146
2865
2473
2054
1797
1716
1691
1494
1039
509
116
-76
-163
-256
-500
-926
-1429
-1799
-1860
-1812
-1929
-2232
-2506
-2608
-2627
-2639
-2643
-2499
-2313
-2236
-2234
-2193
-2004
-1768
-1494
-1207
-927
-764
-687
-482
-74
444
795
947
1033
1183
1403
1595
1800
1981
2044
1965
1799
1700
1712
1736
1682
1546
1330
1042
749
561
484
380
147
-204
-465
-614
-720
-796
-842
-859
-971
-1164
-1311
-1351
-1345
-1321
-1292
-1339
-1577
-1939
-2074
-1831
-1457
-1247
-1268
-1387
-1532
-1652
-1469
-983
-623
-736
-1078
-1192
-1045
-928
-904
-660
-246
-34
-129
-170
133
624
1039
1373
1697
1878
1871
1917
2230
2692
2984
2970
2845
2751
2742
2784
2801
2763
2632
2426
2123
1756
1484
1396
1382
1237
857
391
36
-174
-252
-275
-409
-771
-1293
-1660
-1649
-1473
-1488
-1825
-2224
-2376
-2308
-2192
-2145
-2129
-2050
-2030
-2066
-2044
-1830
-1491
-1247
-1096
-960
-765
-583
-376
-40
410
783
880
861
997
1342
1644
1733
1693
1653
1669
1673
1628
1595
1555
1460
1310
1145
1004
868
707
524
342
143
-72
-310
-510
-675
-842
-991
-1087
-1099
-1115
-1183
-1277
-1406
-1515
-1509
-1342
-1164
-1296
-1703
-1950
-1729
-1263
-1029
-1062
-1176
-1281
-1376
-1311
-872
-477
-550
-987
-1192
-928
-662
-637
-634
-351
-64
-7
-43
178
664
1101
1409
1598
1763
1829
1894
2101
2410
2644
2643
2461
2279
2270
2446
2588
2505
2258
2030
1892
1723
1525
1396
1318
1131
774
396
202
137
37
-129
-320
-510
-817
-1152
-1332
-1267
-1156
-1268
-1597
-1943
-2055
-1938
-1775
-1696
-1706
-1754
-1831
-1864
-1736
-1460
-1139
-945
-877
-816
-645
-367
-54
272
554
714
706
689
826
1099
1330
1361
1251
1124
1092
1134
1148
1141
1089
971
797
592
431
336
264
149
-33
-274
-511
-694
-782
-809
-816
-841
-916
-973
-996
-964
-911
-897
-922
-927
-859
-838
-972
-1180
-1239
-1036
-770
-666
-774
-967
-1044
-969
-768
-560
-504
-640
-854
-955
-906
-769
-639
-534
-442
-378
-296
-203
-17
287
659
963
1065
1063
1101
1330
1668
1974
2137
2129
2079
2040
2106
2254
2390
2412
2263
2005
1763
1660
1669
1698
1614
1389
1101
830
663
586
548
436
217
-83
-355
-525
-667
-805
-949
-1023
-1075
-1261
-1543
-1741
-1667
-1446
-1336
-1392
-1495
-1485
-1394
-1280
-1133
-941
-760
-678
-623
-551
-385
-194
-28
140
256
326
323
317
397
567
695
675
529
400
383
389
365
279
197
105
-79
-301
-449
-451
-389
-398
-500
-609
-648
-636
-563
-425
-246
-145
-211
-319
-335
-228
-142
-120
-107
-116
-220
-453
-613
-507
-268
-147
-258
-475
-664
-772
-726
-582
-480
-627
-937
-1127
-1120
-1037
-1001
-947
-825
-725
-756
-751
-530
-131
249
470
589
677
798
997
1296
1610
1785
1786
1748
1787
1914
2066
2181
2219
2207
2119
1958
1825
1742
1747
1725
1580
1343
1062
867
777
738
676
528
311
70
-128
-264
-354
-410
-489
-652
-874
-1029
-1045
-1015
-1040
-1099
-1115
-1096
-1151
-1242
-1229
-1099
-977
-992
-1053
-1028
-918
-825
-797
-746
-653
-556
-526
-503
-429
-333
-253
-243
-231
-202
-197
-226
-261
-242
-188
-167
-219
-244
-182
-105
-86
-133
-100
34
169
211
165
167
244
337
400
456
510
519
469
410
392
385
362
296
161
-48
-260
-343
-277
-215
-272
-462
-696
-853
-880
-795
-714
-806
-1045
-1211
-1217
-1156
-1112
-1060
-926
-779
-733
-679
-527
-266
29
264
443
513
537
662
961
1315
1525
1555
1532
1593
1696
1831
1970
2055
2060
1968
1877
1811
1769
1747
1717
1625
1438
1231
1090
1060
1054
968
796
593
409
273
169
8
-225
-463
-590
-625
-746
-976
-1205
-1309
-1268
-1271
-1339
-1456
-1574
-1656
-1709
-1674
-1638
-1616
-1678
-1728
-1659
-1501
-1300
-1194
-1116
-1044
-930
-818
-724
-578
-431
-313
-309
-304
-211
-46
117
175
246
314
420
524
637
792
871
889
866
932
1030
1098
1121
1094
1122
1102
1051
998
986
1014
952
786
565
397
334
298
133
-219
-601
-798
-740
-636
-660
-903
-1245
-1433
-1434
-1265
-1191
-1317
-1518
-1650
-1656
-1694
-1691
-1589
-1368
-1226
-1266
-1238
-1067
-698
-350
-99
96
196
326
514
834
1162
1402
1521
1580
1714
1861
2030
2165
2309
2443
2479
2369
2200
2175
2329
2509
2416
2143
1897
1767
1775
1729
1636
1463
1191
919
673
511
330
70
-191
-396
-615
-920
-1264
-1509
-1586
-1661
-1828
-2088
-2304
-2425
-2474
-2466
-2486
-2494
-2565
-2607
-2556
-2446
-2228
-2084
-1968
-1822
-1656
-1457
-1268
-1065
-857
-621
-463
-290
-79
148
395
551
710
880
1046
1183
1270
1390
1532
1647
1703
1704
1696
1702
1723
1690
1636
1607
1558
1447
1265
1132
1064
987
798
534
329
226
124
-54
-332
-648
-927
-1096
-1064
-977
-1021
-1374
-1764
-1896
-1759
-1577
-1632
-1836
-1973
-1941
-1895
-1906
-1896
-1718
-1443
-1243
-1158
-1071
-847
-509
-146
113
335
512
680
922
1239
1615
1878
2019
2087
2219
2443
2607
2736
2813
2896
2879
2800
2708
2622
2698
2671
2535
2306
2043
1885
1724
1551
1342
1075
781
473
121
-226
-492
-686
-879
-1151
-1531
-1872
-2127
-2286
-2397
-2570
-2732
-2888
-3053
-3199
-3202
-3095
-3024
-2974
-2948
-2882
-2771
-2589
-2338
-2081
-1785
-1564
-1422
-1249
-929
-545
-192
89
271
490
724
994
1235
1430
1634
1799
1870
1895
1947
2002
2097
2150
2190
2181
2105
2034
1943
1867
1816
1739
1588
1396
1181
951
742
600
466
276
26
-219
-412
-536
-621
-776
-1010
-1301
-1578
-1653
-1531
-1457
-1609
-2015
-2282
-2163
-1916
-1841
-1972
-2082
-2051
-1949
-1893
-1775
-1541
-1273
-1054
-980
-807
-533
-246
85
402
714
954
1120
1322
1672
2072
2382
2511
2553
2675
2892
3087
3167
3225
3218
3146
2973
2803
2757
2733
2628
2364
2019
1736
1499
1263
1033
783
533
209
-211
-601
-922
-1117
-1224
-1511
-1935
-2328
-2625
-2711
-2750
-2862
-3001
-3160
-3303
-3370
-3275
-3109
-3002
-2930
-2908
-2824
-2643
-2402
-2108
-1802
-1454
-1213
-1055
-838
-488
-48
338
561
695
866
1085
1382
1605
1734
1842
1896
1957
2057
2142
2163
2163
2133
2104
2088
2002
1917
1817
1705
1582
1391
1168
947
787
607
398
201
11
-158
-306
-442
-616
-787
-902
-1019
-1130
-1247
-1344
-1402
-1550
-1737
-1850
-1783
-1573
-1454
-1596
-1818
-1843
-1655
-1422
-1323
-1305
-1306
-1255
-1105
-923
-714
-504
-334
-163
2
214
490
772
1061
1342
1564
1715
1876
2070
2340
2574
2668
2644
2571
2598
2642
2676
2678
2634
2507
2288
2085
1898
1783
1627
1396
1118
762
462
189
-56
-249
-423
-660
-1006
-1353
-1586
-1671
-1734
-1848
-2099
-2450
-2641
-2592
-2476
-2474
-2640
-2790
-2777
-2641
-2500
-2439
-2335
-2187
-1981
-1757
-1534
-1326
-1124
-854
-585
-291
-87
46
233
490
776
969
1098
1245
1433
1600
1686
1710
1747
1822
1857
1819
1792
1779
1705
1597
1585
1590
1546
1542
1371
1082
1001
886
719
606
457
314
102
-100
-322
-431
-560
-817
-962
-1095
-1166
-1244
-1237
-1287
-1411
-1296
-1280
-1290
-1286
-1339
-1409
-1411
-1264
-1261
-1262
-1268
-1293
-1264
-1173
-926
-829
-837
-859
-774
-456
-214
-57
112
325
559
762
997
1148
1366
1613
1695
1787
1859
1985
2055
2082
2127
2118
2121
2063
2007
1945
1889
1773
1608
1510
1413
1281
1059
820
623
440
304
74
-208
-467
-720
-922
-1091
-1240
-1412
-1550
-1732
-1930
-1988
-1951
-1892
-1935
-2038
-2091
-2047
-1916
-1840
-1772
-1637
-1519
-1459
-1390
-1193
-964
-751
-629
-549
-387
-170
83
292
515
704
813
878
986
1177
1343
1413
1392
1375
1447
1515
1486
1475
1480
1428
1341
1226
1151
1123
1070
928
723
611
555
516
408
210
31
-111
-228
-395
-532
-664
-789
-881
-960
-1016
-1104
-1196
-1242
-1205
-1204
-1279
-1355
-1352
-1283
-1226
-1206
-1230
-1223
-1133
-979
-876
-936
-1038
-992
-678
-417
-455
-549
-447
-101
150
203
204
357
581
731
862
964
1142
1212
1270
1390
1525
1642
1638
1589
1616
1764
1758
1652
1574
1597
1690
1608
1453
1325
1305
1280
1093
881
753
644
426
185
-20
-155
-249
-479
-750
-931
-1019
-1107
-1258
-1417
-1526
-1569
-1602
-1652
-1707
-1690
-1634
-1623
-1630
-1579
-1423
-1290
-1223
-1142
-1029
-845
-699
-569
-406
-223
-21
105
235
374
525
639
709
821
958
1076
1095
1084
1125
1197
1247
1228
1178
1127
1083
1024
939
876
819
748
606
464
373
275
177
55
-53
-129
-212
-314
-407
-477
-549
-648
-766
-848
-897
-978
-1106
-1197
-1231
-1219
-1249
-1310
-1324
-1285
-1203
-1127
-1051
-995
-950
-882
-785
-650
-506
-408
-369
-364
-319
-226
-99
98
211
170
114
236
528
724
788
798
885
1051
1107
1160
1267
1384
1413
1322
1292
1324
1411
1406
1286
1224
1186
1184
1115
1046
1071
1047
905
702
627
645
606
446
225
86
-34
-227
-435
-529
-593
-777
-954
-980
-941
-991
-1080
-1077
-928
-810
-891
-988
-931
-779
-707
-688
-685
-706
-688
-637
-555
-435
-322
-306
-294
-149
54
199
235
236
273
382
479
467
454
491
508
473
440
445
473
498
437
373
384
393
332
233
161
132
95
-6
-123
-212
-266
-337
-416
-483
-529
-562
-607
-649
-676
-668
-669
-695
-724
-743
-753
-747
-740
-735
-743
-735
-675
-603
-514
-466
-426
-350
-259
-133
-44
14
43
69
114
147
199
213
238
258
283
339
395
484
558
617
642
676
745
834
899
882
831
814
858
869
817
749
728
727
699
679
694
711
675
612
594
596
538
433
351
331
269
123
-4
-3
24
-83
-228
-255
-155
-124
-246
-362
-322
-241
-279
-361
-375
-356
-399
-473
-487
-437
-407
-474
-542
-503
-398
-338
-357
-352
-286
-229
-226
-245
-216
-154
-147
-217
-253
-201
-139
-131
-160
-161
-109
-50
-36
-18
50
97
82
46
47
84
93
42
-45
-92
-90
-86
-106
-150
-177
-188
-174
-162
-169
-189
-210
-222
-230
-227
-248
-283
-316
-339
-335
-321
-324
-353
-365
-338
-303
-293
-291
-278
-235
-195
-189
-182
-141
-66
-18
6
27
53
103
143
179
204
210
198
197
242
285
297
286
290
341
393
423
439
471
534
573
567
557
580
613
602
556
524
523
514
458
411
406
420
394
341
331
365
409
396
351
333
339
345
317
277
242
208
164
123
108
89
50
-15
-47
-29
-6
-19
-75
-101
-81
-67
-103
-164
-198
-212
-251
-320
-366
-375
-385
-418
-459
-468
-457
-448
-444
-437
-417
-411
-426
-434
-406
-378
-393
-426
-444
-436
-421
-417
-418
-411
-411
-422
-420
-391
-362
-354
-369
-372
-343
-309
-295
-301
-294
-261
-225
-201
-182
-172
-163
-135
-104
-86
-87
-91
-80
-56
-31
-15
-2
22
38
67
111
146
182
204
235
265
283
286
289
319
338
329
309
313
349
374
386
382
390
416
425
424
429
451
474
459
430
409
419
421
385
348
332
338
322
308
294
289
284
268
272
277
267
233
210
217
223
205
163
135
136
138
113
85
83
86
72
38
23
42
54
43
18
11
16
8
-12
-29
-32
-56
-100
-139
-149
-154
-189
-240
-278
-297
-322
-359
-389
-411
-428
-455
-478
-479
-470
-471
-489
-506
-504
-497
-498
-514
-520
-513
-509
-504
-502
-489
-465
-444
-428
-398
-355
-309
-281
-267
-245
-218
-191
-178
-159
-134
-119
-109
-99
-65
-23
0
12
35
80
126
157
192
235
278
295
292
299
323
344
346
343
349
364
383
403
424
436
438
439
453
477
488
470
438
409
393
377
338
286
229
184
147
119
90
48
10
-15
-20
-26
-39
-59
-64
-56
-54
-64
-81
-85
-78
-71
-65
-56
-49
-40
-26
0
28
42
52
73
115
156
182
198
225
255
272
275
285
304
314
309
301
309
313
291
255
233
232
207
151
96
72
59
19
-47
-107
-148
-191
-244
-298
-335
-373
-428
-489
-531
-564
-610
-666
-710
-727
-742
-764
-789
-790
-779
-767
-753
-733
-699
-666
-628
-593
-540
-489
-448
-412
-374
-314
-251
-201
-159
-102
-32
43
106
159
217
287
357
419
480
527
567
598
631
669
694
701
696
695
707
713
708
686
665
642
617
590
554
511
460
409
361
305
236
161
95
38
-28
-96
-157
-204
-244
-288
-320
-348
-372
-400
-411
-400
-391
-395
-401
-385
-345
-315
-306
-290
-250
-205
-174
-148
-107
-56
-13
22
64
117
162
195
234
280
325
350
370
400
437
457
459
454
463
473
471
457
436
408
376
343
311
281
234
181
128
79
22
-42
-99
-151
-202
-265
-333
-391
-434
-477
-524
-578
-623
-663
-695
-721
-744
-758
-774
-786
-789
-777
-753
-730
-711
-688
-651
-597
-535
-475
-419
-359
-286
-212
-136
-63
9
84
148
218
286
361
427
479
527
577
629
669
698
723
744
757
761
759
761
755
734
700
666
636
599
550
496
446
390
326
260
203
151
87
11
-57
-105
-149
-203
-267
-311
-342
-382
-433
-477
-489
-495
-510
-542
-558
-546
-532
-523
-513
-484
-450
-428
-406
-369
-311
-256
-217
-185
-133
-66
-8
33
75
125
181
227
265
311
358
387
401
427
467
503
511
499
496
510
513
497
473
451
426
382
333
296
262
216
148
83
36
-6
-60
-122
-170
-210
-253
-309
-361
-391
-414
-446
-488
-516
-531
-544
-561
-576
-579
-572
-568
-563
-550
-522
-491
-458
-420
-381
-336
-287
-238
-184
-126
-72
-25
22
81
144
204
250
288
334
384
429
464
496
526
551
569
581
591
600
599
589
574
561
547
515
475
437
405
373
327
270
215
165
106
52
10
-35
-79
-132
-187
-230
-270
-307
-343
-384
-418
-451
-480
-502
-513
-517
-521
-527
-532
-529
-509
-484
-460
-436
-410
-378
-341
-306
-267
-220
-174
-129
-91
-48
1
48
92
133
177
219
255
284
318
355
382
397
410
428
441
441
428
417
413
403
379
348
317
290
258
217
176
139
100
54
8
-34
-70
-104
-139
-171
-199
-225
-249
-270
-283
-290
-300
-314
-324
-322
-311
-300
-295
-289
-275
-255
-234
-211
-183
-155
-128
-106
-76
-37
6
43
77
106
139
176
213
252
282
306
322
337
355
377
391
396
390
381
375
370
358
339
319
294
265
231
196
166
131
95
57
18
-22
-60
-92
-129
-157
-190
-224
-252
-279
-303
-330
-355
-372
-380
-388
-403
-410
-415
-408
-402
-395
-381
-366
-350
-333
-312
-285
-257
-233
-209
-180
-150
-120
-95
-71
-43
-11
16
40
62
88
110
128
150
172
195
212
223
233
244
253
262
269
277
282
276
273
268
267
264
253
237
218
200
182
163
144
123
99
69
44
21
2
-18
-39
-63
-84
-102
-117
-124
-131
-138
-147
-152
-153
-148
-139
-130
-123
-116
-107
-97
-83
-68
-52
-40
-27
-13
1
18
37
52
70
88
102
116
129
144
160
172
183
189
193
198
204
206
206
201
192
183
172
162
154
142
126
108
90
72
50
31
15
-3
-20
-40
-63
-83
-103
-119
-139
-160
-180
-195
-212
-226
-242
-254
-264
-275
-285
-293
-296
-297
-296
-293
-288
-282
-275
-267
-255
-243
-228
-220
-207
-193
-175
-156
-142
-125
-108
-87
-70
-54
-35
-15
6
24
40
55
71
87
102
116
129
140
149
156
168
177
183
183
183
183
185
182
178
175
173
170
165
158
151
146
138
131
123
114
104
95
86
81
73
65
55
47
41
37
34
30
29
24
24
22
23
23
23
24
26
28
30
31
36
40
41
42
43
47
52
58
64
68
72
76
80
83
89
93
93
92
92
94
94
95
91
88
83
76
70
60
51
42
31
18
6
-7
-18
-32
-45
-57
-72
-87
-102
-116
-128
-139
-153
-168
-182
-195
-207
-216
-224
-232
-239
-244
-250
-251
-252
-253
-252
-251
-248
-246
-241
-233
-227
-216
-204
-193
-182
-172
-159
-144
-127
-114
-101
-84
-67
-50
-34
-17
-1
15
29
43
58
72
87
100
111
119
127
135
141
147
150
152
153
154
155
154
152
147
142
138
133
129
122
116
110
105
100
95
87
81
75
68
65
59
54
52
51
49
46
43
42
41
40
40
42
43
44
46
48
52
56
59
63
69
74
77
81
85
90
95
97
98
99
101
105
107
108
110
110
110
112
112
107
105
97
88
80
71
64
53
43
31
21
8
-5
-17
-31
-43
-57
-71
-84
-95
-106
-116
-126
-138
-145
-153
-160
-166
-172
-175
-178
-181
-185
-188
-188
-190
-191
-191
-190
-186
-181
-177
-172
-167
-161
-155
-150
-143
-135
-129
-122
-114
-106
-96
-87
-80
-72
-63
-53
-46
-38
-30
-20
-12
-4
1
6
14
17
22
27
31
36
38
42
44
45
48
49
50
50
50
50
49
48
49
50
50
49
47
48
50
52
53
54
55
57
60
63
65
68
72
74
75
79
84
88
91
94
98
103
108
110
113
117
120
122
123
124
124
123
123
123
120
118
116
116
113
108
106
102
96
90
85
79
72
64
57
48
41
32
26
19
11
3
-3
-10
-15
-22
-28
-34
-42
-48
-53
-57
-62
-67
-71
-74
-78
-81
-84
-86
-87
-88
-89
-91
-93
-94
-96
-97
-97
-97
-96
-97
-97
-94
-92
-90
-89
-88
-86
-86
-85
-84
-83
-81
-80
-78
-76
-73
-71
-69
-66
-65
-64
-65
-64
-63
-63
-63
-63
-64
-65
-65
-65
-64
-63
-59
-58
-56
-54
-52
-49
-45
-41
-38
-34
-31
-26
-20
-15
-9
-3
3
8
14
20
26
32
38
43
49
53
59
66
70
75
80
85
90
94
99
102
107
112
114
117
120
120
121
122
122
122
124
124
124
123
122
120
118
116
113
109
106
102
99
95
91
85
81
74
70
66
61
56
49
46
40
35
30
24
19
15
11
6
2
-3
-7
-11
-16
-20
-25
-29
-33
-37
-41
-44
-49
-53
-57
-60
-64
-67
-72
-75
-78
-82
-85
-88
-91
-94
-97
-101
-102
-105
-107
-109
-111
-111
-113
-112
-113
-112
-110
-109
-108
-104
-102
-99
-95
-94
-90
-85
-81
-78
-73
-69
-65
-60
-55
-51
-45
-40
-35
-30
-26
-21
-18
-15
-11
-7
-3
1
4
7
11
16
19
22
24
29
32
36
38
41
43
45
47
48
50
52
56
59
62
64
67
69
71
72
74
75
77
77
78
80
81
83
84
85
87
87
88
89
90
90
90
89
88
88
87
86
84
83
81
79
76
74
71
68
64
60
56
52
47
41
37
32
27
23
18
12
7
1
-6
-13
-19
-25
-30
-36
-41
-47
-51
-57
-62
-65
-69
-72
-75
-78
-79
-83
-84
-86
-87
-89
-91
-91
-91
-92
-91
-90
-91
-90
-89
-88
-87
-85
-83
-81
-80
-78
-75
-72
-69
-66
-62
-59
-55
-52
-48
-45
-41
-37
-32
-29
-25
-21
-17
-14
-10
-7
-3
0
3
5
8
11
13
15
18
20
22
24
26
28
30
33
33
35
36
38
39
40
41
42
43
42
44
46
45
47
48
50
50
51
52
53
53
55
55
56
55
57
57
58
58
58
58
57
57
57
56
56
54
54
52
50
49
48
46
45
43
41
40
38
34
31
29
26
22
18
15
13
8
5
1
-3
-8
-13
-16
-20
-24
-28
-32
-35
-39
-41
-45
-47
-49
-51
-54
-57
-58
-60
-61
-64
-65
-67
-69
-70
-70
-69
-69
-69
-68
-68
-66
-64
-63
-62
-58
-56
-53
-51
-46
-43
-40
-37
-34
-31
-27
-22
-20
-15
-13
-9
-6
-2
1
3
7
10
13
15
19
22
24
27
29
30
32
32
34
34
34
35
34
33
33
32
31
30
29
28
25
25
23
22
22
21
19
18
17
17
16
14
13
13
12
11
11
11
10
9
10
11
10
10
12
12
14
15
16
16
18
18
19
20
20
21
23
23
24
26
26
27
26
28
26
26
26
26
25
24
22
22
21
19
17
15
13
9
7
4
1
-2
-5
-8
-12
-14
-17
-21
-24
-27
-30
-32
-34
-37
-39
-40
-41
-43
-44
-47
-47
-49
-50
-50
-51
-50
-49
-47
-45
-45
-42
-40
-38
-37
-34
-32
-30
-26
-24
-22
-18
-15
-13
-10
-6
-4
-1
1
3
6
8
10
12
15
16
18
19
20
22
23
23
24
25
24
25
25
23
25
23
22
21
20
20
18
17
17
16
16
15
14
12
11
10
10
9
9
8
8
8
7
7
7
8
7
7
7
8
7
7
7
7
8
7
6
7
7
5
6
5
5
6
7
7
6
6
5
5
6
5
6
5
5
3
3
3
1
1
0
-1
-2
-2
-3
-3
-4
-6
-6
-7
-8
-8
-9
-8
-10
-9
-9
-10
-11
-12
-12
-12
-13
-14
-16
-16
-16
-15
-15
-15
-13
-13
-13
-12
-12
-11
-11
-10
-10
-9
-8
-7
-6
-5
-5
-3
-3
-2
-3
-1
0
1
1
0
1
1
1
2
2
3
2
2
3
3
5
5
5
6
5
5
4
5
5
4
5
4
4
4
3
4
3
3
3
3
4
3
4
3
3
4
3
5
4
4
4
3
4
4
5
5
4
5
4
3
4
4
4
5
4
4
4
3
3
3
2
1
1
1
1
-1
-1
-1
-3
-3
-2
-3
-3
-4
-3
-3
-3
-4
-3
-4
-3
-2
-2
-2
-1
-2
-2
-1
-1
0
0
0
0
1
0
1
0
2
2
1
1
0
1
1
1
1
1
3
1
3
2
3
3
2
2
2
1
1
0
0
0
-1
0
1
1
1
1
1
1
1
-1
0
0
-2
-3
-3
-3
-3
-3
-2
-2
-2
-1
-1
0
0
1
0
0
0
0
0
0
0
-1
-1
-2
-2
-1
-2
-2
-3
-2
-4
-3
-3
-3
-3
-4
-5
-5
-5
-6
-6
-5
-6
-5
-6
-5
-6
-5
-4
-5
-3
-3
-3
-4
-3
-2
-2
-2
-2
-2
-1
-1
-2
-2
-2
-2
-1
-1
0
1
1
1
2
2
3
3
5
4
5
4
4
5
5
5
6
7
7
7
7
7
7
8
9
8
8
8
7
7
7
7
6
6
6
6
6
5
4
4
4
3
2
1
0
1
-1
-1
-1
-1
-1
-1
-1
0
-1
-2
-1
-1
-1
-1
-1
-1
-1
-1
-2
-1
-2
-2
-1
-1
-1
-1
-2
-1
-1
-2
0
-1
-1
-2
-1
-1
-1
-2
-3
-3
-2
-2
-3
-3
-4
-4
-4
-4
-4
-4
-6
-6
-6
-6
-6
-7
-6
-7
-7
-7
-7
-7
-7
-7
-7
-6
-7
-6
-5
-6
-5
-4
-3
-2
-2
-1
0
0
1
1
2
1
3
3
3
3
5
5
5
8
7
7
8
7
7
8
7
6
6
6
5
5
5
4
4
4
5
4
3
4
3
3
2
1
0
0
-1
-1
-1
-1
-1
-1
-2
-1
0
-1
-1
0
-2
-2
-2
-1
-1
-1
-1
-2
0
-1
0
0
2
1
2
2
2
2
3
3
4
3
4
4
4
5
4
3
3
4
3
3
3
2
2
2
2
2
0
0
1
0
-1
-1
-2
-2
-3
-2
-3
-4
-4
-4
-4
-5
-6
-5
-5
-5
-5
-6
-5
-5
-5
-5
-5
-5
-6
-5
-5
-5
-5
-4
-4
-4
-3
-3
-2
-2
-2
-2
-2
-2
-2
-1
-1
-2
-1
-1
0
1
1
1
1
1
2
1
2
2
2
2
1
2
2
2
1
2
1
1
2
1
1
1
1
1
1
1
1
1
1
2
2
3
3
4
4
3
3
3
3
3
3
3
3
2
3
3
3
3
3
4
3
3
3
3
3
3
2
2
1
2
1
2
1
2
2
2
1
2
1
1
1
0
0
-1
-1
-1
-1
-1
-1
-1
-2
-2
-3
-3
-3
-3
-3
-3
-3
-4
-3
-2
-2
-2
-2
-2
-2
-3
-2
-2
-2
-3
-2
-2
-3
-3
-2
-1
-1
-1
0
-1
-1
-1
-1
-1
-2
-2
-1
-2
-2
-2
-2
-3
-2
-3
-3
-3
-3
-3
-4
-3
-2
-3
-2
-3
-3
-2
-1
-1
0
-1
0
0
1
1
1
2
1
1
2
2
3
3
3
2
2
3
3
2
4
3
3
4
4
4
5
3
4
4
4
3
4
3
3
3
1
2
2
2
2
2
2
1
2
2
1
0
1
0
0
-1
0
0
-1
-1
0
-1
-1
-1
-1
-1
-2
-2
-2
-2
-2
-3
-1
-2
-2
-1
0
1
1
1
1
0
1
0
1
0
-1
0
0
-1
-1
-1
0
0
1
0
0
0
0
-1
-2
-1
-1
-1
-1
-1
0
-1
0
-1
-1
-2
-2
-3
-2
-2
-2
-3
-3
-3
-3
-2
-2
-2
-2
-2
-3
-2
-3
-3
-2
-2
-2
-2
-1
0
-1
0
1
0
0
1
1
0
0
1
1
2
2
2
1
2
3
1
2
2
2
2
1
1
2
2
1
2
2
1
1
0
0
0
1
1
0
0
1
0
1
1
1
1
1
1
1
0
1
0
1
1
0
-1
0
-1
0
2
1
2
0
1
2
1
1
0
1
0
0
1
1
1
1
1
1
1
1
0
1
0
0
1
1
1
1
-1
0
0
0
0
-1
0
0
-1
0
-1
-1
-2
-1
-2
-2
-2
-2
-2
-2
-1
-3
-1
-3
-3
-3
-2
-3
-3
-2
-2
-1
-1
-1
-1
-1
0
0
-1
-1
0
0
0
0
0
1
2
1
1
1
2
1
2
2
2
2
1
2
2
2
1
0
0
0
-1
0
0
-1
-1
-2
-2
-2
-2
-3
-4
-3
-5
-5
-4
-5
-3
-3
-3
-2
-2
-2
-1
-2
0
-1
0
1
2
2
3
3
4
3
3
4
3
5
5
5
5
5
6
6
6
5
5
5
5
4
4
3
4
3
3
3
2
2
2
1
1
0
-1
-1
-2
-2
-2
-2
-2
-2
-2
-3
-4
-3
-4
-5
-5
-5
-5
-5
-4
-5
-3
-3
-3
-4
-3
-3
-3
-3
-3
-2
-1
-2
-1
-1
0
0
0
0
1
0
0
0
1
1
0
1
0
1
1
2
1
1
1
0
1
1
0
1
1
1
0
1
1
1
1
1
1
0
1
1
0
1
0
1
0
0
0
1
1
1
1
2
2
2
2
2
2
2
1
1
1
1
0
0
0
0
0
-1
0
0
-1
-1
-2
-2
-1
-1
-1
0
-1
-1
-1
-2
-1
-2
-1
-1
-1
-1
0
-1
-1
-1
0
0
0
0
1
1
1
1
1
1
1
2
2
1
1
0
0
0
1
0
1
1
1
0
2
0
1
1
0
1
1
2
1
1
0
1
1
-1
0
-1
-1
-1
0
-1
-1
-1
-1
-1
-1
-1
-1
-1
-2
-1
-1
-2
-2
-2
-2
-2
-3
-2
-3
-2
-3
-2
-3
-2
-3
-2
-1
-2
-2
-2
0
-1
0
0
0
1
0
1
1
1
1
1
1
1
1
2
1
2
1
1
1
1
2
2
2
2
2
2
2
1
2
2
3
1
1
2
2
2
1
2
1
0
0
-1
0
0
0
0
-1
-1
0
-1
0
-1
-1
0
0
0
0
0
0
0
0
0
0
1
1
1
1
0
0
0
1
0
0
-1
1
0
-1
-1
-1
-2
-1
-1
-1
-2
-3
-2
-2
-2
-2
-1
-2
-2
-2
-1
-1
-1
-1
-2
-2
-1
-1
-1
-1
-1
-2
-1
0
0
0
0
1
-1
0
1
0
0
1
1
1
1
2
2
2
1
2
2
2
1
2
2
2
2
0
0
0
0
1
1
0
0
0
0
0
0
1
0
0
0
0
-1
0
-1
-1
-1
-2
-2
-1
-2
-1
-2
-2
-2
-1
-1
-1
-1
-1
0
0
0
1
0
1
1
0
1
1
1
1
2
1
1
1
1
0
1
0
0
1
0
0
0
0
0
0
1
0
0
0
0
-1
0
-1
-1
0
0
0
0
0
-1
0
0
-1
0
-1
-1
-1
-1
-2
0
0
0
0
0
0
0
0
-1
0
0
0
0
0
0
0
-1
-1
0
1
0
-1
0
1
1
1
0
2
2
2
2
2
1
0
0
0
0
-1
0
0
0
0
-1
-1
0
0
0
1
0
0
0
0
0
0
-1
0
0
-1
0
-1
0
0
-1
-1
0
-1
-1
-1
-1
0
0
0
0
0
-1
-1
0
-1
-1
-1
0
-1
0
0
0
0
1
1
-1
0
0
-1
-1
-1
-1
-1
0
-1
-1
0
0
-1
1
-1
0
0
-1
0
-1
0
0
0
0
0
1
0
1
-1
1
1
0
0
1
1
1
1
1
1
1
1
1
1
1
1
1
1
1
1
1
0
0
1
1
1
0
1
0
0
0
1
0
0
0
0
0
0
1
-1
-1
-1
0
0
0
-1
0
0
0
0
0
-1
0
0
0
0
1
0
0
1
0
1
0
1
0
0
0
0
-1
0
0
-1
0
-1
0
0
-1
0
0
0
0
0
-1
0
0
0
-1
0
-1
0
0
-1
0
0
0
0
-1
-1
0
-1
-1
-1
-1
-1
-1
-1
-1
-1
0
0
0
0
0
0
0
-1
-1
-1
-2
-2
-1
-1
0
1
0
0
0
1
1
2
2
1
1
1
1
1
1
1
2
1
1
1
1
1
2
1
1
1
0
1
1
1
0
1
0
1
0
0
0
1
-1
0
-1
-1
0
-1
-1
-1
-1
-1
-1
-1
0
-1
-1
0
-1
1
1
1
0
1
0
0
-1
-1
0
0
1
0
0
1
1
0
0
0
-1
0
-1
0
0
0
0
0
1
0
1
-1
0
0
-1
0
0
-1
-1
0
-1
-2
0
-1
-1
-1
-1
-1
-2
0
0
-1
0
0
0
0
0
0
0
1
1
0
0
0
1
1
1
1
0
1
0
0
0
1
0
0
0
1
1
1
0
0
1
0
2
-1
0
0
-1
0
0
-1
0
-1
-1
-1
-1
-1
-1
-1
0
-1
0
0
0
-1
-1
-1
-1
-1
-1
0
1
0
0
0
1
1
1
2
1
0
1
1
0
1
1
2
2
1
2
1
1
1
1
1
1
0
1
0
-1
0
0
0
0
0
1
1
1
0
1
0
-1
-1
0
-1
-1
-1
-1
-1
-2
-1
-1
-2
-2
-2
-1
-2
-2
-2
-1
-1
-1
-1
0
0
0
0
0
1
0
0
1
1
1
0
1
-1
1
0
0
0
0
0
1
2
2
2
1
1
1
0
0
-1
0
0
-1
0
0
-1
0
0
0
0
0
-1
-1
-1
-2
-2
-2
-2
-2
-1
-1
0
0
1
0
-1
-1
-1
-1
-1
-1
-2
-1
-1
0
1
1
1
2
2
1
2
1
1
2
1
1
1
1
2
1
1
2
2
2
1
1
2
1
0
0
-1
0
0
-1
0
-1
0
0
-1
-2
-2
-2
-2
-3
-2
-2
-3
-2
-2
-1
-1
-1
-1
0
0
0
1
0
1
0
-1
0
2
1
1
0
1
2
1
2
2
1
2
1
2
1
1
1
1
1
2
1
1
0
0
0
1
0
0
0
-1
-1
-2
-1
-1
-1
-1
-1
-1
-2
-1
-1
-2
-2
-2
-2
-1
-2
-2
-1
-1
-2
-1
0
-1
0
-1
0
0
0
0
1
0
0
1
0
1
1
0
0
1
1
1
2
1
1
1
1
1
2
0
1
0
1
1
0
0
0
1
0
2
1
0
0
0
-1
-1
-1
-1
-2
-1
-1
0
-1
-1
-1
-1
-1
0
0
-1
0
0
-1
0
0
0
1
0
1
2
2
1
1
1
1
2
1
1
1
2
2
1
2
2
2
2
2
2
0
0
0
-1
-1
0
-1
0
0
-1
0
-1
0
-1
-1
-2
-2
-3
-3
-3
-3
-2
-2
-3
-3
-1
-1
-2
-1
-1
-1
-2
-1
0
0
0
0
1
1
2
1
1
0
1
1
0
1
1
1
1
2
1
2
2
1
2
2
2
1
1
1
1
0
0
0
-1
-1
-1
0
-1
0
-1
-1
-1
-1
-2
-1
-1
-2
-1
-2
-1
-1
-1
-1
-1
-1
0
0
1
0
0
-1
0
0
0
1
1
1
1
1
2
1
1
1
2
2
1
2
1
2
1
2
1
1
1
1
0
0
0
0
1
1
0
0
0
-1
-1
-2
-1
-3
-2
-2
-2
-2
-2
-1
-2
-1
-2
-1
-1
-1
0
-1
-1
-1
0
-1
-1
-1
0
0
-1
0
1
1
3
2
2
2
3
3
2
2
2
2
2
1
1
0
0
1
0
1
0
-1
0
0
-1
-1
-1
-2
-3
-3
-3
-2
-3
-3
-3
-2
-3
-1
-1
-2
-2
-1
-1
0
-1
0
-1
-1
0
0
0
0
1
1
1
1
1
2
2
1
1
2
3
3
2
3
3
2
3
3
3
2
2
3
3
3
2
2
2
2
1
2
2
2
1
1
0
0
0
0
-1
-1
-1
-1
-2
-3
-3
-3
-3
-4
-3
-3
-4
-2
-2
-2
-3
-2
-2
-2
-3
-2
-2
-2
-1
-1
-1
0
-1
0
-1
1
0
0
1
1
2
2
2
2
2
2
2
2
2
2
1
2
0
1
0
1
1
0
0
0
0
0
-1
0
-1
0
0
0
0
-1
-1
-2
-1
-2
-2
-1
-2
-1
0
0
-1
-1
0
1
1
1
2
2
2
3
3
2
3
4
3
3
3
2
2
2
2
3
2
1
2
1
1
1
2
2
1
1
0
1
0
-1
-1
-1
-1
-3
-2
-3
-2
-2
-2
-2
-2
-2
-3
-2
-3
-2
-2
-2
-1
-2
-2
-2
0
0
0
1
1
0
1
2
2
2
1
0
1
1
2
1
2
1
2
2
2
1
1
2
1
1
1
0
0
0
0
1
0
1
0
1
0
0
0
0
0
-1
-1
-2
-1
-1
-1
-2
-1
-2
-2
-2
-2
-2
-1
-1
-1
-1
-1
-1
-1
-1
-1
-2
-1
0
-1
-1
0
0
0
1
1
2
1
1
1
1
0
0
0
0
0
0
0
1
0
1
1
0
1
1
1
1
1
2
1
1
0
1
1
1
1
0
1
0
0
0
0
0
0
0
-1
0
0
0
1
1
0
1
1
1
0
1
1
1
1
2
1
1
0
0
0
1
1
0
0
0
0
0
0
-1
-1
-1
-1
-1
0
-2
-1
-1
-2
-2
-1
-2
-1
-1
-1
-2
-2
-1
-1
-2
-2
-2
-2
-2
-2
-2
-2
-1
-1
0
0
1
0
0
1
0
0
0
1
1
2
2
2
1
1
1
2
1
1
1
1
2
2
1
1
1
2
2
2
1
1
3
1
2
2
1
1
2
1
0
1
-1
1
0
0
-1
-1
-1
-1
-2
-2
-1
-2
-2
-2
-3
-3
-3
-3
-2
-2
-2
-2
-2
-1
-1
-1
-1
-1
-1
-2
0
-1
-1
-1
0
0
0
0
0
0
1
0
1
0
0
0
0
0
0
1
0
1
0
1
0
1
1
0
1
0
1
2
0
0
0
0
0
1
1
1
1
0
0
0
1
0
1
1
1
1
0
0
1
1
1
0
1
1
0
0
1
1
0
1
1
1
1
0
1
0
1
0
0
-1
0
0
0
0
1
0
0
-1
0
-1
0
0
-1
-2
-1
-2
-2
-2
-2
-1
-2
-2
-2
-2
-2
-2
-2
-2
-2
-1
-2
0
-1
-1
-1
0
0
0
0
0
1
1
2
2
2
3
2
2
2
2
1
1
1
1
2
2
1
1
2
1
1
0
0
0
0
0
0
0
-1
0
0
-1
-1
0
0
-1
-1
-1
-1
-2
-1
-1
-1
-1
0
0
-1
0
-1
-1
0
-1
0
-1
0
0
1
0
2
1
0
1
0
1
0
-1
-1
1
0
0
1
0
0
0
1
0
1
1
1
0
0
0
0
1
0
0
0
0
0
0
0
0
0
0
0
0
0
0
0
0
0
0
0
0
1
0
1
1
1
0
0
0
0
-1
0
0
0
-1
0
0
1
0
-1
0
0
0
1
1
0
0
-1
0
-1
0
0
-1
0
0
0
-1
-1
-1
-1
0
-1
0
-1
0
-1
-1
0
0
0
0
0
-1
-1
-1
0
0
0
-1
1
-1
0
-1
0
0
0
0
0
0
0
0
0
0
0
0
-1
0
0
0
0
0
0
0
0
0
1
0
1
1
1
0
1
0
1
1
1
2
1
2
1
1
0
1
0
1
1
1
1
1
0
0
0
0
0
0
0
0
-1
-1
0
-1
0
-1
0
0
0
0
0
0
0
-1
-1
-1
-1
-1
0
0
0
-1
-1
-1
-1
-1
-1
-2
0
0
-1
-1
-1
-1
-2
-1
-1
-1
-1
-1
0
-1
-1
-1
0
0
0
0
1
0
0
1
1
1
1
1
2
2
1
1
1
2
1
1
1
1
1
1
0
1
1
1
1
0
0
0
0
-1
-2
-2
-1
-1
-1
0
-1
-1
-1
-1
-1
0
-1
-1
-1
0
0
1
-1
0
0
0
0
0
1
0
0
1
1
1
0
1
1
1
1
1
1
0
0
1
0
1
0
0
0
-1
0
1
0
0
0
-1
1
1
0
0
1
1
1
0
0
0
0
0
0
0
0
1
0
0
0
-1
-1
-1
-1
-1
0
0
0
0
-2
-1
-1
0
0
0
0
1
1
0
0
0
0
0
0
0
0
0
0
0
0
0
1
0
0
1
0
0
0
0
0
-1
-1
-1
-1
-1
-1
-1
-1
-2
-1
-1
0
0
0
-1
0
-1
0
0
0
0
0
1
0
0
0
1
1
1
2
1
1
1
1
1
2
1
1
1
2
0
0
0
1
1
1
0
0
1
0
1
0
0
0
-1
0
0
-1
-1
0
0
0
0
0
1
0
0
0
0
0
-1
0
0
0
-1
-1
-1
-2
-2
-1
-2
-1
-1
-1
-2
-1
0
0
0
0
1
0
1
1
0
1
1
1
0
1
1
0
0
1
1
0
1
1
0
0
0
0
-1
-1
-1
-1
0
-1
-1
-1
-1
-1
-1
-1
-2
-1
-1
-2
-1
-2
-1
-1
-1
0
-1
0
1
1
0
1
0
1
1
2
2
2
2
2
2
2
1
1
0
0
1
0
0
0
1
1
1
1
1
1
-1
0
0
0
0
0
0
0
0
-1
-1
0
0
-1
-1
0
-1
-1
-1
0
0
0
0
-1
-1
0
0
0
0
0
0
0
0
-1
1
0
0
0
-1
-1
0
1
0
0
1
0
1
1
1
1
-1
0
1
0
1
1
1
1
1
1
0
1
1
0
-1
0
-1
-2
-1
-1
-2
0
0
0
0
0
0
-1
-1
0
-1
-1
-1
-1
0
0
0
0
-1
-1
0
0
0
0
1
0
0
0
0
0
0
1
0
0
1
0
0
0
1
0
0
0
0
1
1
0
0
-1
1
0
0
0
0
0
0
0
0
-1
0
1
-1
1
0
0
1
1
1
0
0
-1
-1
0
0
-1
0
0
0
1
0
0
0
0
0
0
0
0
0
0
0
1
0
0
1
0
1
2
1
1
1
1
1
0
-1
-1
0
-1
-1
-1
-1
-1
0
0
0
-1
0
0
0
0
-1
0
-1
-1
-1
-1
-1
-1
-1
0
0
0
-1
-1
-1
-1
0
0
0
0
0
0
0
1
1
1
1
0
0
1
1
0
1
1
1
1
2
1
1
1
1
1
1
1
1
0
0
-1
0
0
-1
0
0
0
-1
0
0
-1
-1
-1
-1
-1
-2
-2
-1
-1
-1
-1
-1
0
-1
-1
-1
0
0
-1
-1
-1
-2
0
0
-1
-1
-1
0
0
0
0
1
1
1
1
2
1
0
0
0
1
0
0
0
0
0
1
1
1
1
1
0
0
0
0
0
0
0
0
0
0
0
0
-1
-1
-1
-1
-1
0
1
0
1
0
1
1
1
1
1
2
0
1
1
0
0
0
0
-1
0
0
0
-1
0
0
0
-1
0
0
1
0
0
0
0
-1
0
0
0
0
0
0
-1
-1
-1
-1
-1
-1
-2
-1
-1
-2
-2
-1
-1
-1
-1
-1
0
-1
-1
0
0
0
-1
0
1
0
1
0
0
0
0
-1
0
0
1
1
0
1
0
2
1
1
1
0
0
0
1
1
-1
1
0
1
1
0
0
0
0
0
-1
0
0
0
0
-1
0
0
1
0
1
0
0
0
0
0
0
1
0
0
-1
0
0
-1
-1
-1
-1
0
-1
0
1
0
1
1
0
0
0
0
0
0
1
0
0
0
0
0
0
-1
-1
0
0
0
-1
-1
0
-1
0
0
0
0
-1
-1
0
-1
-1
1
0
1
0
0
0
0
0
0
0
-1
-1
0
-1
1
1
0
0
0
1
0
0
1
1
1
1
0
1
1
1
1
1
1
0
0
0
0
-1
0
-1
-1
0
0
-1
-1
-1
-1
0
0
0
-1
0
0
0
-1
-1
0
-1
-2
-2
-2
-1
-1
-1
0
-1
0
0
0
0
1
0
0
1
1
0
1
1
1
1
2
2
2
2
1
1
2
1
1
1
1
0
0
-1
0
0
-1
0
0
-1
0
0
-1
2
0
-1
-1
-1
-1
-2
-2
-1
-1
-2
-1
-1
-1
-1
-1
0
0
0
0
1
0
0
-1
0
0
0
-1
-1
0
-1
0
0
0
1
1
1
1
2
0
1
0
0
0
0
0
0
0
0
0
0
-1
0
0
1
-1
1
0
-1
0
0
-1
-2
-1
0
0
0
0
0
1
0
0
-1
1
0
1
1
1
0
0
1
0
1
1
0
1
1
2
1
1
2
1
1
2
0
0
1
1
0
0
0
0
1
1
0
1
0
0
-1
-1
-1
0
0
-1
-1
0
-1
0
-1
0
0
0
0
-1
0
-1
-1
-1
-1
-1
0
1
1
0
1
0
-1
0
-1
1
-1
-1
-1
-1
-1
-2
-2
-2
-1
1
1
2
2
1
2
0
0
-2
-2
-2
-3
-2
-2
-1
1
2
3
5
4
4
2
1
0
-1
-2
-2
-1
0
0
0
0
1
1
1
2
2
1
0
0
0
0
-2
-2
-2
-3
-1
-1
-1
1
1
2
3
3
3
2
1
-1
-2
-3
-2
-3
-1
-1
1
2
2
3
3
2
1
0
0
-2
-3
-4
-3
-2
-2
-2
-2
-2
0
0
-1
-1
0
0
-1
-2
-2
-2
-1
-1
0
0
3
4
2
3
4
4
3
2
1
0
-1
0
-2
-2
-2
-1
0
2
3
3
2
3
3
1
-1
-2
-4
-4
-4
-5
-4
-2
-2
0
2
3
4
4
3
2
1
-2
-3
-3
-4
-4
-5
-4
-3
-1
1
2
4
3
3
2
1
0
-1
-3
-3
-4
-3
-2
-1
1
2
2
3
4
4
4
4
2
1
0
-1
-2
-1
-2
-2
0
1
1
3
3
4
5
4
3
2
1
-1
-1
-1
-2
-1
-1
-1
0
1
1
1
1
0
0
0
0
-3
-3
-2
-2
-1
-2
-1
0
0
0
0
1
2
1
-1
-1
-1
-2
-1
-1
-1
-1
-1
-1
-1
-1
-1
-1
-1
-1
-1
-1
-1
-1
-1
0
0
-1
2
2
2
1
1
2
3
1
0
0
1
0
-1
-1
0
2
2
2
2
3
2
1
1
1
0
-2
-1
-2
-2
0
0
0
0
1
2
2
1
0
-1
-1
-2
-3
-2
-1
-1
0
1
1
2
2
3
1
3
2
2
1
1
1
0
2
1
0
1
1
0
0
-1
-1
0
1
0
-1
-1
-1
-1
-2
-1
-1
-2
-1
-2
-3
-3
-3
-1
-1
-2
-2
-2
-1
0
-1
-2
-1
0
1
1
2
0
1
1
0
-1
-1
-1
-2
-1
-2
-1
1
4
4
4
5
3
3
2
2
1
-1
-1
-1
-1
0
1
1
3
3
2
1
1
0
0
-2
-2
-2
-3
-3
-1
-2
-2
-1
-1
-1
-1
1
0
-2
-1
0
-1
-2
-3
-4
-4
-3
-3
-2
0
2
3
4
4
3
2
2
1
0
-1
-2
-2
-2
0
0
2
3
3
3
3
3
2
2
1
0
-1
0
0
0
0
-1
0
0
1
0
2
0
0
0
0
-1
-1
-2
-3
-1
-2
-1
0
0
1
1
1
1
1
0
1
0
0
-1
-2
-1
0
0
1
1
1
2
2
2
2
0
0
-1
-1
-2
-2
-2
-2
-3
-3
-1
0
0
0
1
0
-1
-1
0
-1
-2
-3
-2
-2
-3
-3
-2
-1
1
1
2
2
3
2
3
1
1
0
-1
-2
-1
0
0
1
2
2
2
3
2
2
1
2
1
1
0
-1
-2
-1
0
0
0
1
1
1
1
2
2
1
0
0
-1
-1
-1
-2
-3
-1
-1
0
0
1
1
2
2
2
1
0
-1
-3
-2
-3
-1
0
-1
0
-1
0
1
1
1
0
-2
-1
-2
-1
-1
-1
-1
-2
-1
0
-1
0
0
0
1
1
1
2
1
1
1
1
0
-1
-1
1
1
1
1
2
2
2
1
0
0
-2
-1
-2
-2
-3
-1
-1
0
1
1
1
1
2
0
0
-3
-1
0
-1
-1
0
0
0
1
0
0
-1
0
-1
-2
-1
-2
0
-1
0
0
1
1
1
