0
0
0
0
0
0
-1
0
-1
0
0
0
0
0
-1
0
1
0
0
0
1
0
0
0
0
0
0
0
-1
0
0
0
-1
0
0
1
0
1
0
-1
-1
-1
0
0
0
0
0
0
0
-1
0
0
1
-1
0
1
0
0
0
1
0
0
0
0
0
0
0
0
0
0
0
0
0
0
0
0
0
0
0
-1
0
0
0
0
0
0
1
1
1
0
0
0
1
1
0
-1
1
0
0
0
0
-1
0
0
0
0
0
0
0
0
0
1
-1
0
0
0
0
0
0
-1
-1
0
0
0
0
0
-1
0
1
0
0
0
1
-1
0
0
0
0
0
0
-1
-1
0
1
0
-1
0
0
-1
-1
0
0
0
0
-1
-1
0
0
1
1
0
0
0
0
0
0
1
0
0
0
1
0
0
0
0
0
-1
0
0
0
0
0
0
-1
0
0
0
0
0
0
0
0
0
-1
0
1
0
0
0
0
0
0
0
0
0
0
-1
0
-1
0
1
0
0
0
0
0
0
0
0
0
0
1
0
1
0
0
1
1
0
0
0
-1
1
0
-1
0
-1
0
0
1
0
0
0
0
0
0
0
0
-1
-1
0
0
1
1
0
0
0
0
-1
0
1
0
-1
0
0
0
0
-1
0
0
0
0
0
-1
-1
0
0
0
-1
0
0
0
0
0
0
0
0
0
1
0
0
0
0
1
0
-1
0
0
-1
0
0
0
0
0
0
0
0
0
0
0
1
0
0
0
0
-1
-1
0
-1
-1
0
0
-1
0
0
0
0
1
1
-1
1
0
-1
0
0
0
-1
0
0
0
0
0
-1
1
-1
0
0
-1
0
-1
0
0
0
0
0
1
0
0
-1
1
1
0
0
0
0
0
0
0
0
0
0
-1
0
0
0
0
0
-1
0
-1
-1
0
0
1
1
0
1
0
0
0
1
0
1
0
0
0
0
1
-1
0
0
0
1
0
-1
0
0
1
1
0
-1
0
0
0
0
1
0
0
1
0
0
0
1
0
0
0
0
0
1
3
4
3
3
3
2
2
1
0
-1
-1
-1
-2
-2
-2
-3
-4
-2
-3
-3
-3
-4
-2
-1
-1
0
0
-1
0
-1
0
0
0
1
0
0
-1
-1
-1
-1
-2
-2
-3
-3
-3
-4
-3
-3
-3
-2
-1
0
2
2
2
2
2
3
3
4
4
4
4
4
4
4
4
4
4
3
3
4
4
4
3
3
2
2
1
1
1
0
-2
-2
-3
-2
-4
-5
-6
-5
-6
-4
-6
-6
-7
-8
-8
-7
-4
-2
0
1
3
4
6
8
8
9
8
6
4
4
1
0
-2
-4
-4
-4
-3
-3
-2
1
3
5
8
13
17
22
24
28
30
29
29
29
29
26
24
19
15
12
7
3
-1
-4
-7
-10
-14
-19
-20
-24
-25
-27
-26
-26
-26
-22
-19
-18
-18
-19
-17
-16
-15
-15
-15
-16
-17
-17
-18
-20
-23
-28
-32
-34
-35
-33
-35
-37
-44
-49
-52
-51
-47
-44
-44
-49
-53
-52
-48
-44
-44
-50
-53
-58
-60
-59
-56
-53
-53
-51
-48
-41
-33
-31
-31
-34
-31
-23
-10
1
5
7
9
15
29
44
63
81
100
115
127
145
172
206
238
263
285
308
338
366
386
399
402
403
402
403
402
389
373
353
331
308
281
252
219
181
147
111
71
26
-16
-52
-88
-123
-163
-205
-245
-288
-331
-366
-403
-443
-477
-502
-520
-534
-542
-549
-554
-558
-552
-536
-513
-491
-477
-468
-455
-434
-404
-368
-332
-294
-260
-226
-189
-148
-103
-62
-28
-3
18
35
47
54
61
61
54
27
-7
-37
-50
-46
-55
-103
-190
-272
-293
-263
-231
-244
-298
-338
-333
-290
-244
-232
-240
-240
-212
-159
-116
-74
-23
59
163
268
379
497
646
815
972
1109
1199
1275
1358
1452
1546
1584
1563
1506
1455
1457
1480
1480
1416
1308
1229
1197
1193
1146
1034
900
774
685
596
471
315
143
-9
-147
-292
-439
-588
-698
-790
-886
-986
-1100
-1187
-1244
-1269
-1287
-1332
-1385
-1437
-1450
-1429
-1401
-1381
-1391
-1398
-1377
-1320
-1240
-1189
-1161
-1132
-1069
-966
-861
-774
-711
-657
-582
-485
-385
-309
-255
-202
-138
-62
8
70
125
177
230
277
319
360
415
475
522
535
521
515
524
539
528
473
389
292
205
128
53
-24
-121
-238
-369
-478
-524
-525
-521
-564
-651
-718
-733
-683
-629
-624
-651
-683
-663
-600
-527
-448
-360
-231
-71
94
283
504
776
1071
1347
1594
1806
2024
2225
2403
2546
2620
2666
2676
2669
2653
2613
2571
2503
2404
2281
2152
2052
1949
1820
1654
1456
1259
1066
871
648
383
102
-174
-424
-668
-935
-1208
-1477
-1705
-1884
-2037
-2163
-2297
-2412
-2486
-2518
-2509
-2496
-2481
-2453
-2404
-2329
-2262
-2195
-2121
-2033
-1916
-1795
-1666
-1545
-1423
-1265
-1082
-882
-700
-538
-376
-212
-34
125
243
330
390
456
534
599
647
664
670
693
739
793
815
803
778
765
768
752
716
657
588
540
489
438
365
278
219
158
98
11
-100
-197
-296
-364
-437
-535
-655
-786
-831
-812
-768
-763
-827
-876
-881
-819
-737
-726
-750
-789
-772
-695
-644
-595
-546
-415
-197
18
244
440
698
1030
1356
1668
1863
2016
2148
2274
2422
2500
2557
2557
2532
2526
2516
2537
2536
2494
2435
2351
2288
2207
2076
1906
1692
1491
1281
1043
774
479
227
11
-174
-364
-594
-826
-1033
-1189
-1314
-1454
-1619
-1811
-1983
-2102
-2192
-2256
-2335
-2406
-2444
-2440
-2396
-2368
-2337
-2283
-2186
-2055
-1944
-1845
-1770
-1677
-1561
-1431
-1294
-1176
-1056
-938
-815
-680
-544
-407
-284
-179
-78
21
135
251
356
454
536
632
730
808
858
877
904
934
954
953
913
870
836
822
818
791
758
720
694
683
655
623
542
429
315
183
71
-76
-244
-419
-585
-657
-695
-703
-743
-828
-867
-878
-836
-827
-890
-949
-1011
-1004
-992
-1007
-997
-960
-810
-631
-451
-267
-95
171
461
746
972
1112
1262
1413
1598
1774
1902
2015
2104
2218
2362
2503
2644
2724
2777
2808
2807
2805
2734
2622
2465
2281
2105
1881
1658
1413
1183
984
766
560
322
90
-127
-351
-554
-782
-1011
-1247
-1500
-1730
-1945
-2114
-2263
-2419
-2545
-2666
-2742
-2793
-2825
-2822
-2821
-2786
-2755
-2705
-2638
-2554
-2434
-2312
-2175
-2041
-1899
-1748
-1591
-1418
-1240
-1054
-868
-685
-507
-333
-146
49
256
445
603
730
840
963
1080
1175
1232
1246
1255
1268
1293
1312
1302
1299
1304
1340
1376
1380
1372
1354
1357
1341
1273
1156
1005
870
733
569
366
140
-46
-194
-327
-467
-610
-697
-733
-742
-767
-830
-877
-904
-907
-934
-1010
-1087
-1139
-1138
-1118
-1118
-1115
-1088
-988
-840
-686
-531
-374
-165
74
305
514
689
887
1089
1287
1467
1603
1747
1886
2028
2142
2218
2286
2334
2379
2394
2380
2355
2305
2242
2152
2044
1929
1803
1667
1502
1313
1106
892
701
516
336
135
-96
-338
-574
-768
-936
-1109
-1316
-1555
-1783
-1978
-2137
-2286
-2449
-2609
-2748
-2841
-2898
-2933
-2941
-2910
-2828
-2711
-2574
-2435
-2296
-2148
-1976
-1781
-1584
-1415
-1286
-1170
-1038
-871
-682
-498
-336
-184
-11
191
414
628
829
1016
1198
1369
1507
1610
1691
1762
1830
1875
1884
1848
1787
1732
1698
1678
1643
1574
1475
1358
1249
1148
1044
913
743
546
340
150
-19
-172
-328
-494
-650
-766
-840
-889
-954
-1048
-1151
-1237
-1288
-1340
-1415
-1507
-1576
-1587
-1561
-1535
-1524
-1487
-1377
-1194
-989
-817
-674
-507
-276
3
275
495
678
857
1057
1269
1462
1622
1748
1871
1990
2101
2186
2239
2274
2297
2322
2336
2322
2268
2178
2081
1998
1914
1805
1657
1483
1309
1150
987
796
572
328
84
-154
-396
-650
-914
-1173
-1416
-1631
-1819
-1986
-2131
-2254
-2342
-2397
-2425
-2431
-2418
-2384
-2334
-2274
-2216
-2157
-2090
-2008
-1906
-1798
-1686
-1577
-1457
-1322
-1164
-974
-768
-561
-367
-187
-2
199
412
614
785
924
1040
1153
1264
1358
1433
1481
1516
1539
1545
1534
1505
1474
1440
1397
1340
1268
1190
1114
1037
953
851
737
613
486
359
230
94
-61
-225
-386
-530
-648
-753
-855
-956
-1048
-1110
-1153
-1182
-1209
-1238
-1253
-1262
-1267
-1280
-1295
-1295
-1266
-1204
-1133
-1064
-994
-912
-789
-627
-437
-246
-70
95
258
432
611
785
947
1083
1197
1285
1353
1418
1487
1562
1632
1685
1711
1713
1703
1694
1694
1695
1675
1619
1520
1394
1266
1149
1040
917
766
597
423
264
118
-20
-156
-290
-420
-551
-669
-767
-864
-939
-999
-1048
-1088
-1133
-1172
-1206
-1229
-1244
-1248
-1246
-1242
-1232
-1217
-1189
-1151
-1101
-1044
-976
-899
-808
-711
-611
-515
-419
-324
-232
-144
-66
3
63
115
159
194
225
250
280
313
342
361
366
366
370
385
405
414
413
402
391
383
377
371
364
351
335
315
292
273
253
232
210
190
176
160
138
106
70
36
8
-15
-44
-77
-116
-156
-189
-213
-224
-230
-229
-233
-243
-258
-269
-273
-273
-277
-287
-306
-333
-361
-378
-378
-365
-343
-321
-298
-267
-219
-153
-76
2
71
132
188
241
292
336
373
401
422
437
452
465
482
500
518
532
542
547
548
550
553
557
554
542
522
497
470
444
416
384
345
300
248
195
143
94
46
-2
-56
-108
-161
-208
-250
-286
-317
-349
-379
-409
-430
-441
-443
-438
-435
-435
-437
-432
-415
-390
-364
-345
-333
-326
-317
-300
-279
-256
-237
-228
-225
-219
-209
-192
-172
-152
-137
-123
-108
-87
-62
-34
-4
20
43
62
78
95
110
121
127
129
124
122
119
121
121
122
122
125
131
138
145
146
144
137
132
125
115
99
74
44
11
-20
-48
-72
-97
-122
-145
-167
-184
-195
-202
-206
-209
-208
-210
-210
-213
-213
-210
-202
-192
-182
-172
-161
-147
-127
-100
-68
-34
-1
30
60
93
127
162
195
221
240
256
272
292
318
340
354
372
386
400
417
433
449
456
457
451
441
431
415
397
371
339
304
270
239
214
185
154
119
83
53
27
6
-14
-36
-64
-91
-120
-145
-166
-184
-200
-217
-236
-256
-274
-287
-293
-297
-300
-302
-304
-305
-305
-300
-290
-276
-261
-248
-235
-222
-207
-193
-179
-166
-155
-146
-140
-132
-126
-120
-113
-108
-103
-98
-93
-86
-75
-67
-58
-51
-47
-43
-39
-35
-28
-23
-19
-22
-27
-32
-34
-34
-34
-35
-42
-48
-56
-59
-59
-57
-53
-51
-51
-50
-47
-39
-33
-30
-30
-33
-38
-42
-43
-43
-42
-44
-48
-52
-54
-50
-44
-36
-28
-22
-17
-13
-6
2
10
19
27
36
41
52
66
84
105
128
152
177
200
225
251
277
300
321
338
352
365
374
383
391
398
399
398
394
389
384
379
372
365
355
342
328
312
298
282
264
242
216
191
166
142
118
97
75
54
33
13
-4
-18
-35
-53
-72
-91
-110
-127
-143
-157
-172
-190
-207
-222
-235
-251
-264
-277
-289
-299
-309
-314
-317
-317
-319
-321
-321
-320
-317
-316
-315
-314
-314
-311
-309
-306
-301
-294
-287
-280
-272
-265
-256
-248
-241
-234
-227
-221
-216
-212
-205
-200
-193
-187
-181
-174
-165
-155
-146
-137
-129
-120
-109
-97
-85
-75
-64
-54
-44
-33
-23
-9
4
16
27
37
47
58
66
71
70
72
88
91
97
103
109
117
122
130
133
138
143
150
157
165
171
178
186
195
205
216
227
238
249
258
269
277
287
295
303
311
318
325
331
339
347
356
366
375
382
387
390
392
392
390
385
378
369
358
348
335
323
309
294
280
266
252
237
220
202
178
155
133
112
92
71
49
25
4
-21
-42
-63
-86
-109
-134
-158
-184
-210
-235
-259
-284
-306
-328
-350
-372
-394
-412
-428
-441
-454
-466
-476
-485
-492
-496
-498
-500
-502
-505
-506
-507
-505
-502
-498
-495
-487
-479
-469
-458
-444
-427
-410
-391
-371
-349
-326
-302
-278
-253
-227
-200
-174
-147
-119
-93
-69
-38
14
49
55
87
104
121
143
158
181
197
218
233
251
263
277
292
306
318
325
330
331
332
328
327
323
318
309
297
287
277
267
256
245
232
220
207
193
178
166
153
145
138
134
130
126
122
117
114
108
104
100
96
88
80
72
68
67
67
70
74
80
90
101
114
130
147
164
181
200
219
234
247
256
261
263
263
261
256
252
246
239
232
227
221
216
209
203
198
190
181
167
153
136
116
95
69
39
8
-22
-55
-88
-119
-151
-180
-211
-242
-268
-296
-323
-352
-379
-404
-426
-447
-466
-482
-498
-517
-530
-542
-548
-550
-551
-554
-559
-559
-556
-547
-532
-521
-520
-515
-504
-490
-470
-450
-427
-400
-370
-335
-300
-263
-220
-179
-140
-106
-71
-39
-3
34
64
96
121
144
164
179
188
196
198
192
195
201
211
221
231
245
265
292
322
350
376
391
398
402
401
398
381
362
343
328
310
287
264
243
237
228
221
214
215
227
246
257
260
260
252
249
250
248
232
208
181
172
165
152
121
81
80
86
91
74
60
51
55
77
88
118
132
160
191
230
257
244
232
201
170
123
57
-18
-89
-125
-151
-158
-148
-152
-129
-103
-68
-19
12
37
24
47
32
27
-7
-71
-93
-131
-116
-162
-174
-207
-237
-239
-282
-287
-357
-395
-459
-505
-527
-581
-629
-697
-682
-639
-597
-555
-540
-460
-366
-284
-228
-200
-145
-146
-98
-99
-124
-154
-235
-221
-237
-196
-210
-216
-195
-175
-84
-73
-16
-27
-13
22
9
37
9
23
26
95
148
171
244
273
382
478
582
670
683
712
704
685
590
435
272
88
-37
-181
-288
-410
-554
-608
-654
-655
-723
-818
-923
-960
-890
-822
-741
-685
-420
6
514
1030
1450
1884
2297
2653
2847
2800
2489
2020
1535
981
382
-237
-789
-1132
-1285
-1227
-1104
-991
-816
-551
-236
-67
-59
-113
-78
16
133
289
475
827
1291
1748
2092
2206
2188
2038
1646
1007
174
-762
-1682
-2435
-2968
-3206
-3162
-2805
-2102
-1205
-199
788
1614
2161
2363
2265
1944
1388
587
-302
-1162
-1852
-2265
-2451
-2465
-2338
-2006
-1420
-785
-308
5
194
385
553
554
422
210
4
-72
-89
-262
-482
-630
-695
-674
-743
-859
-981
-1048
-1016
-934
-901
-922
-808
-489
50
593
1239
1962
2604
3156
3521
3726
3607
2987
1793
97
-2055
-4249
-6434
-8638
-10423
-11242
-10693
-8797
-6196
-3231
530
4571
8530
11722
13386
13529
12574
10668
7931
4495
475
-2950
-5466
-6811
-6963
-6180
-4654
-2561
-300
1668
3008
3164
2671
1789
451
-987
-2085
-2553
-2056
-831
922
3052
5063
6774
7808
7674
6365
4224
1536
-1246
-4059
-6375
-7548
-7531
-6477
-4564
-2176
300
2569
4040
4301
3242
1504
-126
-1431
-2472
-3278
-3536
-2603
-614
1834
4090
5455
5895
5782
4850
2756
-189
-3486
-6209
-7778
-8141
-7399
-5622
-3050
106
3314
5723
6925
6704
5260
2840
-257
-3432
-6092
-7921
-8560
-7868
-6044
-3303
-84
3019
5450
6760
6908
5926
3874
1170
-1753
-4250
-5825
-6413
-6116
-4973
-3256
-1191
840
2242
2592
1974
965
-332
-1466
-2125
-2323
-1604
116
2262
4731
6925
8169
8617
7685
5072
1199
-3601
-8929
-13764
-17347
-18511
-16766
-12889
-7788
-2276
3581
9308
14299
17396
17969
15956
12426
8281
3787
-269
-3788
-6049
-6792
-6002
-4141
-1649
531
1932
2563
1995
760
-960
-2640
-3743
-4035
-3414
-1324
1903
5418
8689
10787
11438
10752
8705
5360
1068
-3663
-7788
-10605
-11738
-11076
-8803
-5237
-881
3295
6627
8744
9175
8108
5733
2396
-1140
-4004
-5698
-5967
-5013
-3148
-658
1989
4172
5334
5145
3658
1237
-1774
-4808
-7261
-8572
-8334
-6372
-3269
468
4150
7079
9009
9334
7840
4859
893
-3395
-7093
-9853
-11309
-11073
-9369
-6289
-2461
1284
4528
6775
7679
7261
5588
3052
466
-1894
-3588
-4247
-4050
-2996
-1281
356
1444
1840
1249
-5
-1579
-3416
-5062
-6060
-6214
-5239
-3344
-917
1711
4074
5732
6501
6371
5280
3808
2240
912
121
24
520
1389
2273
2573
2387
1142
-1632
-5832
-10949
-15999
-18941
-18395
-15107
-9695
-4023
1704
8435
14828
19838
22310
21251
17245
12083
5881
-201
-5406
-9811
-11728
-11433
-9364
-5912
-1813
1296
3365
4011
3002
1655
-218
-1650
-2056
-1483
333
3893
8092
12054
14810
15210
13730
10515
5664
-122
-6305
-12154
-15969
-17356
-16173
-12641
-7638
-2009
3499
7742
10271
11062
9900
7445
4055
479
-2378
-3870
-3984
-2800
-1102
520
1819
2241
1658
-26
-2651
-5507
-7917
-9688
-10088
-8575
-5069
-66
5305
9569
12332
13557
12725
10140
5849
-46
-5911
-10411
-13358
-14106
-12967
-10604
-6826
-2191
2163
5707
7696
7906
6988
5157
2746
299
-1844
-3162
-3462
-3102
-2059
-699
459
1206
1140
82
-1416
-2955
-4213
-4797
-4682
-3816
-2182
51
2513
4446
5467
5558
4361
2300
-280
-3046
-5120
-6071
-5767
-3955
-1021
2785
6899
10082
11846
11550
9124
4969
-757
-7571
-14303
-20396
-24727
-25003
-20463
-12445
-2861
5414
11395
16525
20127
21609
20282
15532
8879
2934
-2113
-5561
-7000
-7457
-6321
-4282
-2055
-107
1085
489
-894
-2714
-4703
-5249
-4483
-2039
1893
6526
11105
15565
18619
19465
17667
12739
5876
-1563
-8644
-14481
-18473
-20316
-19257
-15614
-10041
-3388
3059
8335
11994
13338
12621
10629
7746
4644
1688
-870
-2505
-2845
-2419
-1703
-1468
-2133
-3407
-4938
-6547
-7932
-8748
-8712
-7546
-5256
-1730
2883
7902
12153
14591
14603
12625
9130
4431
-836
-6459
-11538
-14606
-15357
-14008
-10829
-7077
-3220
998
4807
7705
9399
9267
7699
5696
3505
1343
-602
-2528
-4025
-4901
-5080
-4602
-3852
-3175
-2501
-1982
-1583
-818
-95
600
1379
1967
2335
2703
2574
1741
573
-1007
-2626
-3906
-4884
-5412
-5078
-3751
-1359
1703
4844
7798
9978
11162
11142
9321
5929
1247
-4469
-10331
-15857
-20843
-23961
-23737
-18967
-10207
-118
8119
13257
16622
18767
19804
18519
14422
8482
2708
-1966
-5227
-6977
-8085
-8087
-7508
-6220
-4710
-3097
-1934
-1223
-701
-327
894
2686
5336
8134
10477
11929
12811
12830
11639
9155
4959
42
-4529
-8048
-10440
-11710
-12115
-11261
-9044
-5897
-2303
1242
4359
6817
8279
8562
8033
7072
6031
4796
3186
1262
-437
-1835
-3140
-4502
-6079
-7461
-8176
-8085
-7216
-5592
-3220
-154
3114
5583
6852
7248
7406
7593
7210
5495
2473
-717
-3424
-5363
-6652
-7644
-8119
-7510
-5977
-4065
-1955
-260
979
2150
3213
3947
4430
4463
3936
3147
2189
837
-892
-2829
-4886
-6567
-7373
-7037
-5845
-4016
-1866
291
2356
4172
5255
5213
4260
2602
790
-850
-2453
-4134
-5578
-6259
-6087
-5309
-4123
-2799
-1400
664
3516
6485
9335
11320
11712
11148
9531
6312
1654
-4362
-11373
-17913
-23256
-26846
-27003
-22166
-12488
-318
10213
16425
19709
21271
21663
20252
16099
9963
3838
-1522
-5729
-7983
-9569
-9992
-9470
-8660
-7511
-5596
-3369
-1066
1551
3320
5221
7272
9534
11812
13323
13472
12687
11308
9016
6127
1905
-2955
-7367
-10875
-13282
-14317
-14219
-12519
-8978
-4659
39
4864
9284
12658
14341
13676
11438
8590
5592
2604
-541
-3560
-5661
-6705
-7142
-7447
-8068
-8607
-8636
-8183
-6970
-4531
-1007
3264
7105
9452
10712
11307
11165
9896
6736
1812
-3137
-7079
-9543
-10304
-10475
-10087
-8708
-6670
-4023
-1029
1466
3308
4861
5946
6872
7453
7153
5830
3530
626
-2231
-4753
-6794
-8284
-9269
-9026
-7283
-4558
-1491
1124
2740
3966
4802
4903
4304
3003
1344
-94
-1136
-2317
-3414
-4396
-5242
-5700
-5800
-5682
-5172
-4075
-2360
224
3311
6315
8848
10359
10683
10050
8615
6723
3994
48
-4745
-10153
-15485
-19532
-22118
-22916
-20106
-12897
-2007
9695
16973
19144
18902
17752
16532
14674
11291
6710
2418
-2236
-6142
-8770
-10724
-11317
-11508
-11243
-9823
-6322
-1669
3448
7557
9851
11180
11572
12065
12503
12186
11053
9452
7139
4519
1473
-2481
-6578
-10351
-13496
-15138
-14891
-12879
-8939
-4187
461
5065
9479
12962
14822
14415
12205
9343
6354
3460
313
-2879
-5636
-7727
-9282
-10440
-11084
-10859
-9355
-6823
-3458
518
4486
7751
9643
9701
8122
5938
3823
1913
389
-1191
-2711
-3504
-3962
-4483
-5114
-5906
-6637
-6418
-5431
-3905
-1499
766
2767
4429
5390
5608
5399
4493
2637
492
-1713
-3490
-4873
-5723
-6302
-6692
-6346
-5371
-4068
-2188
111
2130
3910
4815
4512
3847
2903
1300
-423
-2181
-3861
-4613
-4553
-4499
-4437
-4153
-3555
-2505
-1147
392
2208
4518
6697
8290
9262
9247
7981
5876
2903
-975
-4995
-8676
-12116
-15190
-17846
-19365
-17282
-10360
90
9586
14057
13904
12649
12577
13210
13474
12809
10989
7233
1803
-3622
-7990
-10866
-12139
-12812
-12663
-10659
-6565
-1382
3267
6227
7556
8138
8561
9859
11663
13125
13606
12942
11004
7482
2521
-3187
-8377
-12502
-14885
-15462
-14418
-11605
-7640
-3689
-415
2276
5140
8388
11078
12495
12764
12175
10883
8871
5621
1410
-2922
-6701
-9490
-11301
-11995
-11257
-9413
-7270
-5389
-3868
-2153
366
3143
5094
5594
5637
6810
8914
10329
9450
6476
2136
-2060
-5299
-7668
-9092
-10065
-10321
-9854
-8555
-6633
-4145
-1638
348
2345
4532
6695
8049
8146
6842
4619
2132
-149
-2132
-4041
-5659
-6867
-7502
-7459
-6948
-6080
-4960
-3716
-2096
94
2665
4990
6405
6155
4495
2517
642
-866
-2111
-3190
-3832
-3780
-3067
-1830
-430
1011
2536
3722
4552
5400
6409
6612
4564
259
-4920
-8968
-10606
-10489
-10372
-11340
-10852
-6161
1747
8397
9642
7617
5656
5476
6696
8242
9830
9972
7722
2705
-2362
-5249
-5766
-4694
-3888
-3612
-3352
-2450
-1536
-841
-671
-955
-744
1033
4873
9120
12410
13450
12334
9967
6724
3122
-237
-2638
-4318
-5646
-7028
-8260
-8402
-7572
-6775
-6139
-4975
-2428
1474
5510
8186
8903
8618
8223
7847
7008
5463
3657
2003
237
-2084
-4848
-7391
-8895
-9221
-9069
-8932
-8364
-6899
-4952
-3079
-950
2383
6950
11060
12948
11976
9432
6585
4217
2254
-199
-3119
-6253
-8758
-10389
-10833
-10544
-9827
-8394
-6434
-3678
-520
2467
4552
5810
6454
6821
7421
7781
7221
5281
2160
-1459
-4631
-6979
-8897
-10322
-10734
-9722
-7313
-4260
-1624
31
1031
2011
3195
4246
4645
4306
3636
2893
2015
1093
281
-162
86
682
1332
1598
1551
1114
-332
-2796
-5821
-8031
-9093
-9168
-9643
-10758
-9743
-4208
4481
10487
10297
6686
4560
5553
7861
9837
11279
10541
6058
-982
-6130
-7071
-4932
-2217
-1180
-1189
-1601
-1526
-1417
-1311
-1421
-1469
-614
1507
4890
7881
9477
8858
7136
5530
4597
4416
4552
4386
3119
729
-2254
-4624
-5699
-5931
-5874
-5550
-4749
-3270
-1710
-675
-440
-494
38
1466
3754
6234
8056
8450
7183
5021
2898
1410
445
-433
-1782
-4143
-7056
-9319
-9722
-8529
-7311
-7185
-7239
-5280
-689
4588
8176
9032
8042
6344
4887
4133
3842
3106
990
-1916
-4830
-6273
-6395
-6068
-6405
-7385
-7686
-6648
-4382
-2309
-772
314
1818
3891
6125
7733
7844
6293
3571
791
-1395
-2882
-4325
-5946
-7201
-7220
-5843
-3804
-2306
-1503
-979
-285
586
1315
1760
1749
1586
1540
2049
2926
3563
3568
2918
2295
2303
2631
1999
-344
-3929
-7223
-8946
-9221
-8944
-9552
-10770
-10155
-4902
2819
7501
6689
3585
2793
4381
6988
9408
11499
10812
6178
227
-2587
-1086
1532
3156
2582
903
-1493
-3508
-4498
-4149
-2918
-1708
-223
1360
3034
4052
4173
3563
3245
3984
5322
6171
6007
4702
2855
1290
646
991
1689
2078
1551
218
-1752
-3534
-4613
-4996
-5210
-5295
-4905
-3650
-1556
596
1999
2492
2929
3636
4378
4378
3485
2420
1681
842
-798
-3009
-4759
-5470
-5456
-5062
-3928
-2072
-687
-627
-1351
-1352
-206
1517
2952
3252
2525
1203
47
-459
-442
-233
-241
-650
-1954
-3612
-4814
-5238
-4907
-4063
-2804
-1440
102
1593
2813
3442
3508
3283
3057
2736
1759
139
-1845
-3553
-4438
-4218
-3336
-2699
-2650
-3143
-3642
-3547
-2748
-1425
120
1369
2000
2436
3115
4103
4941
5447
5771
6040
5284
2609
-1674
-6252
-8965
-9203
-7884
-7651
-9698
-12427
-11749
-5907
1304
4718
3238
1614
2451
4884
7031
9271
11218
9888
4579
-559
-492
3162
6026
5817
3834
1577
-521
-2041
-2720
-2524
-2210
-1649
-598
574
1036
808
550
719
1672
3030
3842
3615
2647
1426
543
666
2046
3883
4923
4529
3142
1860
1377
1517
1426
220
-1897
-3755
-4641
-4680
-4108
-3089
-1988
-1336
-1270
-1432
-1262
-807
-431
-72
967
2635
3426
2341
66
-1404
-1579
-871
428
1909
2114
-338
-3698
-5116
-3691
-1465
212
914
534
-946
-2865
-3592
-2529
18
2316
2759
886
-1703
-3185
-3180
-2404
-1542
-629
-93
-352
-994
-1103
-390
801
1824
2480
2475
2002
1315
463
-480
-1231
-1417
-1413
-1752
-2761
-3972
-4932
-5141
-4568
-3564
-2496
-1762
-1208
-482
998
3139
4967
5790
6025
6410
6305
4751
1882
-729
-2238
-3774
-6368
-9864
-12300
-11514
-7178
-2865
-2806
-6311
-7463
-3185
2808
6719
8937
10979
10342
6052
2421
3867
8015
9576
7868
5616
4227
2516
682
-338
-501
-809
-1343
-1587
-1814
-2397
-2649
-1814
-108
1816
3029
2769
1127
-556
-1102
-267
1056
2057
1922
845
-448
-1044
-145
2067
4563
5534
4247
1572
-383
-840
-390
152
529
701
164
-1298
-3084
-4154
-4136
-3387
-2742
-2898
-3620
-3730
-3022
-2523
-2657
-2124
175
3158
4612
3596
1582
392
442
1368
2483
3072
2572
1164
-667
-2029
-1893
-644
590
917
479
-640
-2098
-3422
-3995
-3271
-1902
-1260
-1969
-3192
-4013
-3724
-2272
-480
631
880
412
102
924
2885
4527
4758
3816
2256
780
-256
-619
-798
-1319
-2720
-4449
-5576
-5707
-5206
-4392
-3452
-2633
-1497
-185
1047
1826
2006
2117
2469
3285
3380
1135
-2706
-5746
-4714
-1000
978
-2023
-7238
-9025
-7151
-3856
-1374
1699
4126
3458
1153
1415
5888
9745
10022
8180
7100
6491
5139
4253
4600
5142
4005
1354
-1160
-3089
-3940
-3856
-2917
-1757
-770
33
0
-119
315
1920
3501
4027
3424
2163
918
-464
-1306
-1070
156
1211
822
-664
-1981
-1957
-732
572
1388
1588
1695
1541
1179
900
1036
1510
1322
155
-1515
-2024
-1156
-1192
-3304
-5698
-5657
-3464
-1448
-290
22
-54
-915
-1393
-56
2107
3219
2334
1202
263
12
405
915
1147
1051
1244
1120
801
377
23
-212
-603
-1022
-1446
-1833
-2679
-3485
-3315
-2670
-2165
-2281
-2706
-3281
-3290
-2351
-1164
104
991
1274
751
193
617
1836
2843
2647
1587
374
-802
-1826
-2357
-2251
-2028
-2247
-2977
-3464
-3502
-3374
-3093
-2096
-325
543
-932
-4015
-4607
-790
3367
2507
-2163
-4453
-2433
-130
-368
-1001
105
482
-1998
-3613
-807
4052
5851
5278
5552
7083
7648
6924
7055
8389
9601
8717
6375
3363
940
-237
-371
-488
-1393
-2479
-3800
-5042
-5456
-4114
-1738
-100
217
268
841
1414
1095
684
1268
2801
3530
2280
112
-1100
-478
528
732
-136
-882
-671
182
772
871
912
784
244
-93
877
2468
2272
-514
-3363
-3470
-1330
-37
-734
-2416
-3535
-4019
-3646
-2209
-665
-170
-950
-1610
-1468
-407
568
1060
1523
2066
2023
1071
465
1167
2850
3915
3070
1006
-589
-934
-853
-871
-859
-1112
-1666
-2743
-3620
-3527
-2428
-1535
-1770
-2460
-2766
-2244
-1588
-1372
-1639
-1747
-1115
-213
434
681
839
1393
1834
1811
1251
596
-28
-608
-1064
-1556
-1972
-2624
-3001
-3154
-3407
-4480
-5730
-4806
-1370
1106
-670
-4495
-5133
-1681
1396
1763
1281
1785
1070
-1434
-2388
241
3366
3287
1932
1920
3278
4027
4522
5977
7842
8889
8286
7188
6288
5877
5742
5389
4498
2997
1378
-507
-2347
-3224
-2823
-2326
-3032
-4177
-4467
-3614
-2742
-2629
-2543
-1885
-807
-346
-694
-1064
-612
569
1312
1209
544
329
828
1572
2052
2098
2155
2191
2042
1818
1654
1680
1885
2086
1998
1106
-28
-778
-582
-124
-279
-1011
-1851
-2122
-2552
-2718
-2608
-2380
-2609
-3178
-3325
-3189
-2306
-1333
-729
-758
-883
-572
219
1547
2424
2545
2300
1953
1513
957
642
615
972
1168
313
-970
-1667
-1429
-1116
-1206
-1675
-2186
-2393
-2725
-3009
-3065
-2679
-2485
-2678
-2786
-2381
-1309
-558
-209
-260
-44
489
1096
1457
1256
973
318
-319
-473
104
204
-1157
-3580
-4919
-3341
-386
120
-2643
-4832
-3642
-756
165
-106
361
1504
500
-1673
-1195
1682
3294
1671
407
937
2169
2226
2269
3650
5377
6240
5632
4999
4813
5290
5865
5931
5608
5094
4273
2686
1077
666
1205
1521
618
-738
-1778
-2392
-2796
-3061
-2743
-2326
-2313
-3195
-4198
-4257
-3339
-2388
-2044
-1939
-1722
-1384
-1230
-1219
-526
1297
2830
2418
933
488
1794
3159
3505
3238
2808
2325
1325
1422
2303
2811
1826
538
285
204
278
-487
-1222
-1971
-2174
-2719
-3644
-3473
-2662
-2055
-2763
-3421
-3294
-2182
-977
-616
-495
-439
-312
-212
183
773
943
1107
961
891
1145
1470
1520
1040
821
639
591
206
-619
-1334
-1518
-1176
-1284
-2017
-2813
-2943
-2370
-1975
-2010
-2399
-2628
-2450
-2080
-1829
-1653
-1079
-865
-1034
-1340
-825
-329
-914
-2118
-2196
-229
623
-1276
-4077
-3668
-606
1003
121
-786
186
628
-386
-472
1469
3299
2500
1042
1157
2422
3023
2666
3154
3994
4628
4219
3707
3595
3993
4739
4587
4035
3474
3695
3640
2939
2267
2011
1967
1387
752
372
138
-357
-1221
-1623
-1420
-1195
-1643
-2554
-2901
-2709
-2380
-2674
-3345
-3665
-3184
-2438
-2179
-2213
-2125
-1566
-900
-186
423
960
1374
1538
1786
2203
2755
3040
3077
3030
2889
2773
2501
2470
2552
2458
1762
758
210
0
-183
-720
-1160
-1537
-1913
-2460
-2823
-2744
-2659
-2717
-2824
-2662
-2493
-2398
-2299
-2035
-1536
-1082
-885
-792
-644
-371
-55
383
521
302
240
527
949
892
591
359
406
301
-129
-391
-314
-188
-442
-761
-1152
-1539
-1649
-1479
-1260
-1672
-2275
-2642
-2415
-2116
-2204
-2230
-2401
-2772
-3283
-2150
-377
-629
-3027
-4413
-2480
-257
-68
-1083
-708
434
106
-636
323
2599
3161
2190
2046
2789
3175
2751
3045
4079
5011
4957
3796
3088
3404
4691
5207
4541
3330
2711
2949
2813
2549
2387
2425
1780
708
299
506
677
173
-341
-510
-730
-1204
-1855
-1953
-1669
-1469
-1865
-2673
-3020
-2899
-2504
-2470
-2690
-2898
-2710
-2318
-1983
-1646
-1269
-864
-546
48
634
1041
1160
1501
2159
2700
2866
2728
2860
3158
3377
3174
2755
2556
2424
2168
1679
1286
873
275
-242
-536
-517
-755
-1377
-2148
-2424
-2296
-2305
-2432
-2683
-2820
-2940
-2908
-2793
-2526
-2158
-1985
-1957
-1990
-1962
-1766
-1370
-858
-596
-632
-695
-453
52
252
170
96
334
589
616
334
182
337
492
345
-105
-323
-345
-262
-638
-984
-1049
-1416
-2526
-3298
-2142
-641
-1239
-3767
-4839
-2968
-1105
-1658
-2940
-2372
-1202
-1739
-2525
-1356
949
1489
425
234
1516
2820
2909
3033
3653
4531
4598
3903
3654
4464
5804
5895
5008
4147
4348
4816
4444
3742
3448
3361
2371
1217
944
1290
1248
327
-617
-866
-553
-607
-1414
-2152
-2258
-1912
-1994
-2607
-3052
-2861
-2362
-2312
-2677
-2835
-2346
-1897
-2123
-2536
-2367
-1666
-1136
-1001
-907
-486
115
519
919
1529
2039
2009
1878
2220
2761
2981
2748
2550
2551
2647
2512
2257
2193
2143
1770
1108
672
558
466
42
-544
-875
-917
-995
-1338
-1754
-1989
-2130
-2355
-2610
-2630
-2456
-2426
-2662
-2927
-2807
-2370
-2047
-2077
-2141
-2007
-1766
-1529
-1363
-1211
-1123
-1107
-970
-530
-51
46
-127
-207
-18
182
210
147
175
200
-54
-487
-853
-594
49
253
-754
-2144
-2329
-1296
-468
-1099
-1978
-2172
-2015
-2370
-2506
-1523
-445
-476
-1476
-1638
-693
480
1035
1268
1573
1847
2048
2186
2801
3769
4514
4386
3828
3760
4486
5256
5170
4708
4604
4612
4001
3250
3242
3650
3493
2388
1182
745
921
957
474
-202
-901
-1472
-1815
-1816
-1677
-1823
-2256
-2703
-2876
-2952
-2728
-2255
-1970
-2281
-2871
-3012
-2629
-1984
-1700
-1648
-1641
-1477
-1109
-557
79
469
736
876
1114
1493
1905
2100
2108
2101
2159
2273
2344
2364
2327
2174
1838
1607
1472
1337
1051
661
265
57
74
-64
-391
-802
-1096
-1276
-1485
-1759
-1940
-1943
-2048
-2346
-2625
-2716
-2576
-2378
-2359
-2583
-2807
-2783
-2511
-2214
-2201
-2351
-2216
-1772
-1412
-1254
-1057
-643
-270
-145
-180
5
376
556
482
447
726
1069
1272
1077
702
522
863
1453
1356
460
-461
-412
75
100
-400
-827
-880
-1142
-1493
-1482
-889
-690
-1286
-1737
-1495
-871
-642
-479
-211
168
290
194
465
1197
2052
2231
1971
1749
2191
2961
3339
3284
3239
3493
3465
3217
3116
3438
3611
3202
2574
2207
2244
2204
1948
1454
1023
803
584
198
-221
-333
-340
-505
-866
-1106
-1109
-1136
-1367
-1592
-1570
-1546
-1751
-1985
-2003
-1911
-1822
-1778
-1608
-1396
-1180
-1051
-901
-661
-443
-194
-65
51
38
112
293
578
761
671
506
425
619
785
764
555
454
440
451
442
394
313
92
-165
-346
-263
-219
-433
-788
-973
-917
-859
-969
-1222
-1315
-1272
-1320
-1550
-1822
-1927
-1839
-1702
-1750
-1882
-1844
-1591
-1317
-1160
-1075
-959
-853
-878
-781
-452
-118
-71
-121
0
295
617
835
969
959
907
876
941
985
949
860
726
583
484
469
479
387
187
-86
-412
-647
-647
-564
-754
-987
-1043
-1016
-1118
-1046
-672
-420
-527
-793
-745
-435
-84
72
154
313
578
856
1117
1416
1696
1860
1895
1930
2080
2346
2479
2466
2397
2433
2463
2447
2397
2340
2283
2142
1954
1748
1695
1697
1621
1370
1104
964
886
777
589
391
141
-112
-316
-391
-411
-521
-706
-859
-859
-815
-779
-804
-925
-1103
-1234
-1208
-1158
-1159
-1250
-1346
-1323
-1194
-1068
-1078
-1137
-1166
-1097
-996
-979
-980
-935
-880
-928
-987
-949
-879
-842
-879
-879
-888
-928
-990
-982
-862
-776
-817
-981
-1045
-979
-854
-831
-949
-1114
-1189
-1048
-773
-539
-518
-597
-577
-391
-127
104
252
284
206
187
321
576
765
841
872
893
925
937
1016
1104
1162
1084
915
803
791
843
797
666
482
257
35
-73
-74
-191
-433
-662
-782
-829
-847
-829
-846
-836
-836
-843
-837
-771
-676
-646
-617
-533
-346
-182
-97
-20
205
498
621
597
641
839
1001
1011
992
1093
1251
1325
1340
1423
1575
1669
1655
1660
1698
1726
1706
1678
1667
1627
1577
1485
1394
1313
1284
1232
1139
1027
909
804
676
548
423
332
252
179
108
17
-97
-240
-372
-420
-407
-414
-513
-618
-672
-679
-684
-688
-674
-736
-842
-910
-857
-806
-864
-979
-1030
-962
-891
-886
-930
-937
-942
-1004
-1103
-1173
-1202
-1269
-1409
-1566
-1669
-1715
-1776
-1836
-1858
-1843
-1840
-1863
-1853
-1770
-1600
-1475
-1430
-1408
-1279
-1049
-833
-682
-552
-360
-136
74
266
490
707
861
989
1157
1361
1509
1561
1567
1595
1661
1695
1679
1616
1514
1397
1293
1200
1066
903
735
558
351
150
-4
-161
-356
-554
-701
-836
-974
-1057
-1078
-1078
-1086
-1059
-962
-847
-747
-644
-498
-383
-323
-222
-33
163
268
305
363
513
687
835
964
1102
1235
1342
1422
1495
1615
1724
1767
1738
1728
1767
1783
1725
1618
1551
1530
1488
1392
1283
1202
1121
1006
868
742
647
531
390
253
163
75
-49
-172
-272
-328
-383
-434
-490
-540
-605
-670
-683
-667
-651
-673
-700
-705
-680
-646
-605
-538
-469
-456
-481
-481
-415
-337
-308
-339
-410
-509
-617
-671
-685
-721
-836
-1002
-1178
-1326
-1417
-1485
-1583
-1732
-1878
-1996
-2081
-2134
-2129
-2086
-2072
-2081
-2043
-1899
-1715
-1576
-1484
-1364
-1181
-1001
-846
-672
-462
-255
-62
127
319
525
728
921
1094
1265
1412
1520
1619
1709
1784
1819
1820
1790
1747
1682
1572
1455
1352
1247
1096
899
719
577
464
346
240
164
89
1
-95
-139
-129
-90
-80
-93
-94
-75
-36
15
95
162
185
186
230
333
448
533
593
661
730
799
877
978
1085
1153
1166
1137
1110
1101
1090
1067
1011
940
845
737
625
531
459
367
243
94
-30
-129
-208
-275
-351
-446
-558
-645
-695
-712
-727
-755
-791
-830
-862
-891
-885
-832
-764
-714
-691
-654
-581
-477
-382
-313
-238
-140
-39
24
58
77
104
127
133
122
101
69
16
-40
-97
-154
-234
-340
-451
-552
-648
-756
-865
-975
-1086
-1192
-1278
-1308
-1302
-1294
-1316
-1336
-1317
-1274
-1222
-1169
-1108
-1049
-996
-947
-871
-748
-595
-451
-344
-258
-165
-36
113
250
353
429
490
555
640
731
809
859
897
933
964
982
992
987
956
894
833
793
758
700
620
551
511
485
467
454
440
423
406
401
396
391
378
356
341
349
374
402
427
448
475
509
557
620
692
752
786
807
828
861
898
915
904
870
836
811
795
773
728
657
564
475
400
338
270
175
62
-56
-156
-246
-327
-418
-505
-588
-670
-753
-837
-907
-971
-1022
-1069
-1094
-1108
-1111
-1089
-1053
-998
-939
-872
-793
-707
-617
-537
-463
-394
-330
-260
-187
-116
-63
-20
15
57
101
140
164
164
146
108
67
22
-15
-57
-114
-185
-249
-294
-335
-388
-453
-515
-562
-603
-653
-707
-755
-795
-821
-828
-818
-788
-753
-710
-659
-609
-531
-444
-363
-291
-228
-168
-112
-51
16
91
160
225
284
344
407
468
522
562
599
632
662
681
692
701
705
700
687
680
673
660
631
593
560
534
511
485
447
395
341
300
283
281
284
283
275
271
281
307
340
367
382
392
400
430
478
524
556
568
581
602
624
638
638
621
590
548
510
482
454
414
358
300
256
224
191
142
78
5
-69
-139
-203
-265
-341
-428
-517
-594
-652
-693
-727
-760
-794
-819
-821
-800
-775
-762
-757
-744
-712
-665
-611
-558
-513
-478
-446
-403
-346
-289
-248
-231
-227
-218
-202
-181
-161
-148
-151
-166
-175
-164
-141
-128
-135
-158
-198
-232
-249
-271
-285
-307
-348
-387
-416
-420
-421
-425
-442
-456
-453
-434
-406
-380
-355
-329
-294
-250
-199
-145
-90
-34
20
69
118
170
225
279
327
368
405
444
483
522
552
570
585
604
626
639
637
627
619
611
600
584
566
538
500
461
427
402
380
355
327
298
273
257
252
251
246
236
225
218
230
245
254
254
253
260
268
282
294
296
285
268
254
244
238
229
216
200
184
171
163
154
139
118
97
76
56
32
2
-34
-71
-111
-146
-178
-208
-239
-277
-313
-339
-355
-368
-384
-402
-417
-426
-424
-417
-410
-410
-408
-399
-382
-368
-357
-348
-343
-343
-348
-348
-348
-355
-360
-364
-373
-378
-378
-376
-375
-376
-369
-364
-360
-357
-349
-343
-339
-339
-339
-337
-330
-321
-312
-312
-316
-313
-301
-285
-273
-259
-241
-217
-192
-165
-135
-98
-58
-19
23
68
111
150
186
217
247
273
296
317
337
352
364
377
392
411
431
445
458
474
493
506
515
520
521
518
510
502
491
481
467
447
424
398
373
349
326
305
281
261
240
225
214
205
196
189
185
185
188
189
184
176
167
158
146
132
118
103
88
73
61
55
50
44
37
34
34
33
31
25
18
8
-1
-10
-19
-29
-46
-69
-94
-116
-135
-156
-181
-207
-232
-252
-268
-282
-297
-316
-330
-335
-332
-333
-337
-343
-345
-346
-347
-345
-342
-343
-345
-349
-352
-357
-362
-365
-365
-364
-364
-363
-357
-344
-334
-325
-319
-310
-297
-284
-274
-265
-252
-241
-232
-229
-226
-215
-207
-203
-199
-194
-187
-182
-174
-162
-148
-131
-105
-75
-43
-14
12
41
70
99
128
157
186
214
242
269
295
324
356
383
406
430
455
478
495
508
516
522
528
534
539
540
536
529
517
503
488
468
445
418
392
364
330
297
264
234
205
177
147
125
108
90
69
51
37
25
12
-3
-15
-23
-30
-40
-49
-52
-54
-53
-54
-52
-47
-41
-36
-32
-25
-17
-7
0
2
4
3
-1
-5
-15
-26
-38
-53
-73
-93
-114
-133
-152
-176
-202
-228
-248
-264
-282
-302
-321
-334
-343
-351
-361
-366
-369
-367
-365
-365
-363
-359
-356
-354
-347
-336
-321
-305
-290
-277
-262
-246
-227
-206
-187
-169
-152
-135
-119
-105
-92
-80
-67
-56
-50
-43
-37
-33
-32
-31
-33
-33
-31
-31
-29
-26
-25
-26
-22
-14
-7
-3
3
9
23
37
51
60
75
94
115
131
148
167
187
204
218
235
260
283
305
324
344
363
377
391
403
411
415
417
417
413
408
400
388
375
363
349
334
318
302
283
263
241
221
201
181
162
143
124
107
90
77
62
51
41
32
24
17
11
7
1
-4
-7
-3
-3
-11
-10
-15
-17
-18
-23
-25
-32
-35
-44
-56
-74
-93
-109
-126
-145
-170
-197
-219
-237
-257
-277
-302
-321
-338
-353
-367
-380
-390
-400
-409
-414
-418
-422
-421
-423
-421
-416
-406
-393
-381
-370
-354
-332
-306
-281
-257
-231
-203
-175
-147
-121
-96
-70
-46
-23
-1
20
37
51
61
71
80
87
90
94
95
97
98
97
95
92
90
88
87
84
84
82
82
80
81
83
85
87
90
94
98
104
112
120
135
149
164
176
190
206
223
237
248
257
267
280
289
295
297
300
305
308
311
310
309
304
299
289
278
268
260
250
236
220
205
191
178
163
145
131
123
113
93
79
63
48
38
27
19
8
1
-6
-10
-14
-19
-25
-30
-33
-36
-37
-39
-41
-46
-52
-59
-66
-74
-84
-93
-103
-117
-131
-146
-161
-180
-196
-213
-229
-242
-256
-269
-283
-296
-307
-316
-327
-336
-343
-343
-346
-350
-353
-355
-353
-348
-342
-334
-326
-317
-307
-294
-281
-267
-251
-232
-215
-199
-181
-163
-143
-126
-111
-94
-76
-59
-42
-29
-14
0
12
23
32
43
53
60
66
72
80
88
96
103
108
114
120
126
131
136
141
147
153
159
166
173
183
193
202
211
220
227
234
240
247
256
264
269
275
282
288
293
297
299
300
299
295
291
287
282
275
271
266
257
248
238
226
215
203
191
177
163
145
129
113
100
87
71
56
41
27
13
3
-8
-16
-27
-38
-47
-56
-65
-75
-84
-94
-101
-107
-114
-120
-127
-132
-138
-145
-150
-154
-158
-165
-172
-180
-187
-192
-198
-202
-206
-211
-214
-217
-221
-225
-229
-232
-236
-237
-237
-237
-238
-237
-239
-237
-234
-231
-229
-227
-225
-223
-219
-213
-206
-200
-196
-190
-180
-169
-159
-152
-145
-135
-125
-114
-105
-95
-84
-72
-62
-52
-40
-27
-16
-6
1
12
23
32
40
50
59
70
80
88
97
104
111
116
125
131
139
145
152
158
164
169
175
180
185
189
193
195
199
203
205
207
211
215
218
221
222
222
225
225
227
225
224
222
219
218
216
213
209
206
203
200
195
190
183
176
171
164
154
144
133
125
115
105
94
83
74
65
56
46
35
24
14
5
-7
-19
-31
-42
-51
-61
-72
-82
-91
-99
-107
-114
-124
-133
-143
-152
-162
-169
-175
-181
-185
-189
-192
-196
-198
-202
-204
-209
-212
-217
-221
-224
-226
-227
-227
-226
-226
-225
-226
-226
-226
-226
-224
-223
-220
-217
-213
-209
-204
-200
-195
-188
-182
-174
-167
-160
-151
-143
-137
-130
-120
-108
-95
-84
-72
-60
-46
-35
-25
-13
0
12
22
33
45
56
68
81
93
104
115
126
134
143
150
158
164
170
177
183
189
195
198
201
204
209
214
219
221
222
223
225
226
228
229
228
226
225
224
223
222
219
218
217
215
211
208
204
199
196
193
187
181
172
167
159
150
140
131
121
110
100
89
79
68
57
46
34
20
9
-3
-15
-28
-41
-53
-65
-75
-86
-96
-107
-117
-126
-136
-145
-155
-165
-171
-178
-185
-191
-198
-202
-204
-207
-208
-211
-212
-214
-216
-217
-219
-218
-216
-216
-215
-215
-215
-214
-213
-210
-208
-207
-203
-201
-196
-192
-188
-182
-175
-169
-163
-157
-151
-145
-138
-131
-123
-114
-107
-97
-88
-80
-71
-61
-50
-39
-30
-22
-15
-6
4
12
21
29
36
45
57
66
76
86
96
107
115
124
132
142
149
158
166
173
182
187
193
199
206
212
216
219
220
222
226
227
227
225
223
222
219
213
208
203
198
195
191
186
180
177
172
167
161
156
150
141
132
123
114
104
96
86
77
69
62
54
48
38
30
20
11
2
-6
-14
-23
-31
-39
-46
-54
-60
-67
-72
-77
-83
-89
-96
-102
-108
-116
-122
-128
-135
-141
-145
-150
-156
-161
-164
-168
-170
-173
-177
-182
-185
-187
-189
-190
-192
-193
-193
-194
-191
-188
-185
-183
-178
-173
-169
-164
-161
-156
-151
-145
-141
-137
-135
-128
-124
-118
-114
-111
-106
-99
-93
-87
-83
-78
-72
-60
-52
-44
-34
-24
-13
-2
10
18
28
37
48
60
70
80
89
100
109
118
127
134
141
149
154
159
164
169
172
176
179
183
186
188
190
191
192
194
194
194
192
191
190
188
186
185
180
177
172
167
162
158
151
144
136
130
124
116
110
101
94
86
80
72
64
58
51
44
38
31
24
18
13
8
1
-5
-12
-17
-24
-29
-34
-41
-45
-51
-57
-63
-71
-80
-87
-94
-101
-108
-115
-120
-125
-132
-139
-142
-144
-145
-148
-149
-150
-150
-151
-152
-152
-154
-154
-155
-157
-158
-161
-161
-161
-162
-162
-162
-161
-158
-157
-155
-153
-150
-144
-139
-135
-134
-129
-121
-115
-107
-99
-91
-82
-74
-66
-59
-51
-43
-36
-29
-23
-17
-11
-6
0
6
12
18
26
32
38
44
51
60
68
76
85
94
103
112
120
127
134
143
151
159
165
171
175
178
181
184
185
184
182
180
175
172
168
163
159
154
151
147
144
140
138
136
134
133
131
128
126
122
120
114
109
103
98
91
84
76
68
60
50
41
30
22
12
4
-6
-16
-23
-31
-37
-45
-52
-57
-61
-64
-69
-73
-76
-78
-80
-82
-86
-89
-91
-92
-96
-99
-105
-109
-113
-118
-123
-127
-130
-134
-136
-137
-139
-140
-140
-138
-136
-134
-132
-128
-123
-119
-110
-77
-60
-74
-64
-68
-70
-69
-75
-72
-81
-81
-86
-85
-90
-92
-98
-102
-104
-109
-109
-111
-109
-111
-109
-108
-103
-100
-94
-86
-75
-65
-58
-50
-41
-32
-23
-13
-3
6
13
22
29
35
41
48
56
64
74
80
85
86
90
98
113
127
140
148
154
159
164
170
180
193
204
215
218
212
206
203
204
207
211
210
204
194
180
165
155
150
150
152
147
139
126
114
105
99
100
103
103
101
92
82
72
63
58
58
58
55
48
32
13
-3
-13
-19
-21
-24
-35
-52
-74
-91
-101
-100
-93
-91
-98
-112
-129
-144
-149
-140
-130
-122
-121
-132
-145
-158
-163
-160
-152
-144
-138
-139
-149
-167
-180
-184
-176
-163
-158
-155
-160
-167
-182
-194
-194
-181
-165
-149
-134
-127
-132
-147
-150
-140
-125
-114
-95
-75
-74
-86
-97
-92
-84
-71
-52
-44
-46
-49
-49
-47
-39
-33
-25
-7
6
17
29
42
57
58
63
81
105
116
123
133
142
138
127
133
150
152
150
164
175
171
157
153
160
160
150
150
161
165
160
159
161
155
143
138
146
155
177
187
180
158
130
112
123
159
189
208
201
161
109
78
85
114
132
129
116
95
64
49
49
59
60
48
52
53
46
36
11
-21
-35
-44
-49
-39
-27
-32
-36
-61
-90
-98
-103
-108
-91
-79
-95
-107
-140
-175
-194
-203
-191
-168
-160
-171
-190
-206
-209
-215
-225
-228
-200
-155
-133
-140
-173
-223
-257
-273
-237
-155
-88
-72
-119
-194
-239
-238
-206
-140
-85
-40
-43
-85
-119
-146
-165
-162
-116
-40
-13
-12
-27
-64
-132
-138
13
153
225
83
-128
-191
-175
-120
223
697
475
-175
-760
-796
-36
539
924
1200
870
-238
-1121
-825
-49
876
1252
1199
651
-427
-1116
-976
-29
683
1179
1142
530
-346
-894
-606
-90
533
963
915
318
-341
-697
-548
-37
535
881
700
107
-422
-620
-479
81
661
910
541
-63
-448
-498
-255
232
707
727
345
-159
-482
-518
-262
141
481
501
271
-81
-381
-456
-245
55
263
339
194
-73
-407
-535
-368
-91
113
206
124
-115
-381
-489
-339
-94
78
108
-9
-213
-352
-389
-293
-136
-11
-5
-91
-202
-287
-306
-242
-120
-4
30
-61
-169
-258
-260
-206
-89
34
25
-64
-180
-244
-229
-145
-52
40
78
-13
-128
-164
-121
-50
32
90
62
-11
-89
-108
-77
-35
20
88
96
48
7
-40
-51
-25
59
153
152
98
50
12
-14
37
114
135
115
87
140
144
96
87
140
153
95
106
159
165
136
165
185
172
111
77
84
118
159
223
231
167
137
129
135
94
167
228
213
135
111
109
26
7
58
111
70
84
99
112
73
38
78
46
-16
24
120
108
9
-59
-82
-128
-109
-31
61
41
16
-57
-147
-161
-126
-8
27
46
-6
-92
-207
-248
-148
-67
-42
-34
-63
-164
-202
-201
-145
-88
-66
-60
-83
-153
-235
-230
-186
-122
-92
-86
-137
-205
-231
-210
-116
-70
-54
-78
-119
-156
-182
-146
-80
-38
-54
-31
-60
-103
-106
-52
15
11
-27
-72
-55
-55
13
87
104
54
-28
-68
-80
13
113
155
79
-7
-66
-115
-93
13
145
172
117
7
-43
-49
19
116
168
156
86
21
-29
6
69
133
159
166
140
68
21
58
123
150
200
215
165
54
32
75
102
118
159
194
117
46
29
69
67
73
151
162
89
35
54
44
37
69
128
133
69
37
45
40
30
86
115
99
70
45
19
-11
-3
44
83
56
21
-28
-65
-57
-37
-24
-3
10
-29
-88
-126
-104
-101
-105
-89
-48
-49
-113
-178
-199
-173
-169
-116
-64
-69
-124
-158
-194
-214
-150
-65
-25
-65
-96
-132
-173
-197
-130
-38
-41
-78
-105
-112
-153
-135
-53
-36
-84
-69
-1
-51
-144
-111
-13
-34
-85
-29
29
-35
-111
-66
-8
-4
-2
37
47
5
-8
17
28
9
53
109
80
21
23
53
38
53
101
131
110
62
38
46
83
103
103
91
88
69
32
29
64
105
105
96
91
70
52
63
87
86
97
110
91
55
60
84
74
60
86
118
84
40
47
73
68
66
84
76
43
18
30
28
27
54
66
20
-20
7
13
-24
-17
48
48
-24
-49
-17
-10
-43
-23
31
33
-28
-58
-34
-13
-21
-13
13
2
-36
-61
-55
-46
-23
4
-2
-27
-55
-70
-78
-63
-38
-23
-32
-73
-101
-103
-85
-74
-58
-47
-66
-87
-89
-85
-90
-76
-53
-60
-80
-87
-84
-85
-82
-66
-46
-50
-72
-73
-63
-65
-54
-29
-23
-42
-50
-53
-57
-52
-30
-11
-23
-46
-57
-56
-49
-31
-12
-6
-22
-46
-51
-39
-17
5
15
12
3
-10
-12
1
22
44
57
58
48
34
29
43
65
88
105
103
83
69
72
79
94
118
134
121
99
89
91
97
110
128
135
121
96
84
88
97
103
107
106
90
76
72
78
84
92
96
88
72
61
56
52
54
59
57
48
33
18
9
9
14
13
3
-3
-12
-25
-39
-39
-35
-44
-54
-56
-59
-75
-84
-79
-77
-87
-93
-87
-92
-102
-102
-97
-101
-112
-112
-106
-108
-120
-117
-108
-107
-109
-109
-109
-108
-105
-98
-90
-84
-83
-88
-89
-82
-70
-59
-55
-56
-59
-55
-54
-52
-40
-27
-21
-24
-25
-24
-23
-16
-5
6
11
9
3
3
10
19
28
33
39
39
37
35
42
53
59
66
69
68
64
63
66
71
79
87
84
73
68
70
68
64
70
75
70
59
56
58
54
51
55
58
54
46
45
44
45
47
51
49
44
42
43
41
39
42
42
40
30
24
25
24
21
23
24
16
7
6
9
10
10
7
4
-1
-6
-6
-2
-2
-4
-2
-4
-11
-15
-14
-13
-13
-12
-12
-15
-21
-27
-30
-28
-27
-28
-29
-33
-35
-38
-40
-40
-38
-36
-36
-37
-40
-43
-45
-46
-45
-45
-46
-47
-48
-49
-48
-50
-52
-53
-52
-53
-55
-56
-59
-60
-62
-61
-61
-62
-63
-62
-61
-59
-59
-57
-57
-54
-51
-44
-41
-37
-31
-28
-26
-21
-18
-14
-11
-8
-3
1
3
4
8
10
13
14
18
20
22
27
31
34
36
42
48
53
58
61
66
67
69
73
77
78
78
82
83
84
84
84
80
76
76
77
75
72
73
73
67
65
64
64
61
61
61
60
55
52
52
50
49
49
46
40
36
34
29
22
19
16
10
3
-4
-11
-19
-25
-28
-33
-38
-43
-49
-52
-55
-56
-56
-56
-57
-57
-57
-58
-59
-57
-55
-55
-52
-54
-54
-56
-56
-56
-55
-55
-54
-56
-58
-59
-58
-59
-60
-59
-58
-58
-57
-54
-53
-53
-49
-45
-41
-39
-34
-29
-26
-24
-21
-18
-17
-15
-12
-10
-11
-9
-9
-8
-7
-5
-4
-2
-1
0
1
0
0
3
7
9
15
19
21
20
24
27
31
33
35
35
35
34
34
35
36
36
37
35
33
31
30
28
29
29
27
25
25
27
28
29
33
35
38
40
43
45
47
50
54
56
56
55
53
51
51
51
48
45
42
38
34
29
28
25
23
21
17
15
12
11
12
10
10
10
10
9
10
10
9
7
6
5
1
-1
-2
-4
-9
-13
-15
-20
-25
-29
-31
-34
-39
-40
-40
-43
-46
-47
-49
-50
-51
-52
-53
-55
-57
-56
-56
-55
-53
-52
-54
-54
-55
-54
-55
-55
-54
-55
-56
-57
-55
-55
-57
-56
-53
-52
-52
-48
-46
-42
-39
-35
-30
-26
-20
-16
-12
-10
-5
-1
2
7
10
12
13
16
18
19
21
23
24
26
27
29
31
32
34
37
38
40
43
46
48
49
51
54
55
58
59
61
63
64
64
65
64
64
63
61
58
56
54
50
45
43
42
38
34
33
31
29
25
24
23
21
19
19
19
15
11
11
9
6
3
2
0
-4
-5
-6
-10
-13
-13
-17
-19
-20
-22
-24
-27
-28
-28
-30
-32
-32
-32
-33
-35
-35
-34
-34
-36
-35
-33
-33
-33
-32
-32
-32
-33
-32
-33
-34
-34
-34
-35
-36
-34
-34
-32
-31
-31
-29
-29
-28
-26
-23
-23
-21
-18
-16
-14
-13
-11
-10
-8
-7
-4
-4
-3
-3
-2
-2
-2
-1
0
0
0
1
2
3
6
7
8
8
8
10
12
13
15
16
15
16
17
18
18
19
20
20
20
21
19
20
19
18
18
17
17
17
16
16
16
17
17
17
16
16
17
17
18
17
18
17
17
19
18
18
18
17
16
15
14
13
10
9
8
6
5
5
4
3
3
3
2
2
1
2
1
1
0
-1
0
-1
0
1
0
0
2
-1
-2
-2
-3
-3
-5
-6
-8
-9
-11
-10
-12
-12
-12
-12
-12
-12
-12
-12
-12
-12
-12
-12
-11
-12
-11
-11
-12
-12
-13
-13
-13
-14
-13
-16
-16
-16
-15
-16
-15
-15
-14
-15
-15
-15
-14
-14
-13
-12
-11
-10
-9
-9
-8
-5
-4
-4
-3
-1
0
-2
-1
1
2
1
0
1
1
0
1
3
2
-1
0
2
1
3
6
7
6
6
7
6
5
8
12
8
9
14
16
6
3
16
18
9
5
19
20
7
2
10
17
7
8
15
19
13
11
15
12
11
14
17
13
14
19
12
7
6
11
3
0
5
9
4
-3
4
3
-4
-7
0
1
-5
-4
1
-2
-9
-9
-3
-4
-6
-3
2
0
-1
-1
-1
-3
-5
-3
-4
-2
0
-2
-6
-7
-7
-10
-11
-10
-8
-9
-12
-11
-11
-11
-12
-9
-9
-8
-7
-6
-6
-8
-7
-7
-5
-5
-4
-2
-2
-2
-3
-2
-4
-5
-6
-4
-3
-4
-6
-5
-4
-5
-5
-5
-4
-2
-2
-1
0
0
0
1
0
1
1
2
2
1
2
2
1
0
1
2
2
2
1
2
1
1
0
2
2
3
2
2
3
3
4
2
3
4
4
4
4
5
5
6
6
7
7
5
5
5
4
3
3
5
4
5
4
6
6
6
5
5
5
5
5
6
6
5
5
5
5
5
5
5
5
4
3
3
3
2
1
1
2
0
1
1
1
0
-1
-1
-1
-2
-1
-1
-1
-2
-3
-3
-3
-4
-3
-3
-3
-4
-3
-5
-7
-7
-6
-5
-5
-5
-6
-6
-9
-7
-8
-8
-8
-6
-5
-6
-5
-4
-3
-5
-4
-4
-4
-3
-3
-3
-3
-3
-4
-3
-2
-2
-3
-3
-1
-1
-2
-2
-2
-1
-2
-2
