-8.000000
-6.000000
-3.000000
-1.000000
-1.000000
1.000000
1.000000
-3.000000
5.000000
0.000000
-3.000000
-4.000000
-2.000000
4.000000
0.000000
9.000000
6.000000
-1.000000
-2.000000
4.000000
8.000000
4.000000
4.000000
-2.000000
-1.000000
-1.000000
1.000000
0.000000
-1.000000
4.000000
-1.000000
-2.000000
-1.000000
0.000000
-4.000000
-4.000000
-4.000000
-2.000000
-4.000000
-6.000000
-6.000000
-3.000000
-6.000000
-9.000000
-9.000000
-6.000000
0.000000
-8.000000
-1.000000
-4.000000
-9.000000
-10.000000
-8.000000
0.000000
-3.000000
-5.000000
-5.000000
-3.000000
0.000000
3.000000
-3.000000
-1.000000
-2.000000
1.000000
2.000000
1.000000
5.000000
1.000000
3.000000
9.000000
7.000000
8.000000
13.000000
8.000000
10.000000
6.000000
6.000000
7.000000
7.000000
7.000000
5.000000
7.000000
5.000000
4.000000
3.000000
6.000000
3.000000
3.000000
2.000000
1.000000
1.000000
3.000000
2.000000
-1.000000
-3.000000
-7.000000
0.000000
3.000000
1.000000
-5.000000
-4.000000
-1.000000
-2.000000
-7.000000
-6.000000
2.000000
-2.000000
-2.000000
3.000000
-3.000000
5.000000
3.000000
-2.000000
6.000000
4.000000
6.000000
11.000000
7.000000
2.000000
3.000000
8.000000
4.000000
0.000000
3.000000
2.000000
3.000000
4.000000
1.000000
2.000000
-1.000000
1.000000
-5.000000
-8.000000
-3.000000
-2.000000
0.000000
-7.000000
0.000000
2.000000
-3.000000
-7.000000
-8.000000
0.000000
0.000000
5.000000
-1.000000
-1.000000
-6.000000
-6.000000
2.000000
2.000000
6.000000
5.000000
-5.000000
-3.000000
-1.000000
-6.000000
-14.000000
-8.000000
-2.000000
-6.000000
-4.000000
-8.000000
-5.000000
-4.000000
0.000000
-7.000000
-9.000000
-8.000000
-7.000000
-3.000000
-10.000000
-8.000000
-6.000000
-9.000000
-7.000000
-8.000000
-8.000000
-11.000000
-17.000000
-7.000000
-4.000000
-4.000000
-3.000000
-5.000000
0.000000
-3.000000
-1.000000
3.000000
8.000000
7.000000
4.000000
11.000000
11.000000
7.000000
5.000000
14.000000
10.000000
6.000000
6.000000
-1.000000
6.000000
16.000000
12.000000
11.000000
13.000000
7.000000
4.000000
6.000000
10.000000
5.000000
8.000000
6.000000
5.000000
0.000000
2.000000
1.000000
0.000000
3.000000
-2.000000
4.000000
3.000000
4.000000
-5.000000
1.000000
5.000000
-2.000000
2.000000
10.000000
8.000000
9.000000
0.000000
-2.000000
2.000000
-2.000000
4.000000
1.000000
5.000000
2.000000
2.000000
-4.000000
0.000000
5.000000
2.000000
7.000000
-3.000000
2.000000
8.000000
4.000000
-2.000000
-3.000000
-2.000000
-2.000000
-6.000000
-7.000000
-1.000000
2.000000
-2.000000
-7.000000
-9.000000
-6.000000
-7.000000
-12.000000
-12.000000
-11.000000
-10.000000
-17.000000
-14.000000
-18.000000
-18.000000
-9.000000
-15.000000
-18.000000
-11.000000
-15.000000
-13.000000
-11.000000
-15.000000
-14.000000
-9.000000
-9.000000
-13.000000
-13.000000
-12.000000
-3.000000
-5.000000
2.000000
-10.000000
-4.000000
6.000000
-5.000000
-1.000000
-7.000000
-3.000000
-1.000000
-3.000000
2.000000
1.000000
-3.000000
-4.000000
-2.000000
-1.000000
-4.000000
7.000000
5.000000
-2.000000
5.000000
7.000000
10.000000
7.000000
6.000000
3.000000
6.000000
5.000000
4.000000
6.000000
9.000000
8.000000
7.000000
10.000000
6.000000
4.000000
8.000000
8.000000
11.000000
12.000000
11.000000
14.000000
11.000000
16.000000
15.000000
16.000000
12.000000
19.000000
15.000000
10.000000
15.000000
13.000000
12.000000
14.000000
20.000000
12.000000
9.000000
9.000000
9.000000
7.000000
5.000000
5.000000
-1.000000
1.000000
3.000000
-7.000000
-8.000000
-11.000000
-15.000000
-17.000000
-18.000000
-15.000000
-20.000000
-18.000000
-18.000000
-18.000000
-19.000000
-19.000000
-31.000000
-26.000000
-26.000000
-30.000000
-30.000000
-29.000000
-21.000000
-27.000000
-24.000000
-27.000000
-31.000000
-28.000000
-25.000000
-21.000000
-27.000000
-26.000000
-25.000000
-24.000000
-19.000000
-23.000000
-12.000000
-10.000000
-15.000000
-8.000000
-11.000000
-15.000000
-13.000000
-7.000000
-3.000000
2.000000
4.000000
4.000000
11.000000
9.000000
15.000000
20.000000
28.000000
28.000000
26.000000
33.000000
30.000000
34.000000
38.000000
40.000000
47.000000
51.000000
56.000000
56.000000
66.000000
64.000000
68.000000
66.000000
69.000000
77.000000
79.000000
82.000000
87.000000
90.000000
87.000000
96.000000
95.000000
91.000000
90.000000
94.000000
86.000000
86.000000
91.000000
90.000000
83.000000
78.000000
79.000000
71.000000
68.000000
61.000000
56.000000
53.000000
45.000000
40.000000
34.000000
34.000000
24.000000
14.000000
-1.000000
-7.000000
-2.000000
-14.000000
-18.000000
-27.000000
-31.000000
-43.000000
-57.000000
-57.000000
-62.000000
-67.000000
-79.000000
-79.000000
-83.000000
-98.000000
-104.000000
-106.000000
-113.000000
-125.000000
-129.000000
-135.000000
-146.000000
-146.000000
-156.000000
-159.000000
-163.000000
-167.000000
-167.000000
-178.000000
-185.000000
-184.000000
-185.000000
-191.000000
-201.000000
-201.000000
-194.000000
-204.000000
-201.000000
-205.000000
-206.000000
-206.000000
-207.000000
-193.000000
-196.000000
-187.000000
-182.000000
-175.000000
-161.000000
-156.000000
-141.000000
-122.000000
-112.000000
-99.000000
-85.000000
-67.000000
-49.000000
-32.000000
-11.000000
6.000000
30.000000
55.000000
73.000000
99.000000
121.000000
142.000000
164.000000
193.000000
217.000000
234.000000
258.000000
281.000000
298.000000
314.000000
332.000000
348.000000
365.000000
385.000000
390.000000
402.000000
414.000000
417.000000
425.000000
426.000000
428.000000
423.000000
425.000000
427.000000
423.000000
418.000000
405.000000
395.000000
384.000000
377.000000
363.000000
358.000000
336.000000
317.000000
306.000000
289.000000
269.000000
251.000000
232.000000
206.000000
187.000000
160.000000
138.000000
116.000000
89.000000
70.000000
50.000000
22.000000
0.000000
-27.000000
-54.000000
-76.000000
-105.000000
-131.000000
-157.000000
-191.000000
-219.000000
-244.000000
-283.000000
-313.000000
-346.000000
-374.000000
-405.000000
-443.000000
-471.000000
-506.000000
-544.000000
-580.000000
-608.000000
-630.000000
-663.000000
-688.000000
-714.000000
-744.000000
-757.000000
-764.000000
-765.000000
-775.000000
-786.000000
-792.000000
-791.000000
-780.000000
-756.000000
-728.000000
-697.000000
-663.000000
-635.000000
-595.000000
-545.000000
-494.000000
-445.000000
-397.000000
-336.000000
-275.000000
-214.000000
-152.000000
-99.000000
-45.000000
22.000000
86.000000
148.000000
218.000000
271.000000
312.000000
356.000000
402.000000
456.000000
500.000000
538.000000
570.000000
604.000000
630.000000
658.000000
680.000000
706.000000
727.000000
740.000000
761.000000
768.000000
784.000000
783.000000
791.000000
804.000000
804.000000
800.000000
798.000000
799.000000
800.000000
798.000000
787.000000
779.000000
771.000000
751.000000
736.000000
722.000000
701.000000
682.000000
648.000000
622.000000
591.000000
558.000000
518.000000
484.000000
445.000000
405.000000
360.000000
311.000000
264.000000
214.000000
173.000000
119.000000
68.000000
18.000000
-29.000000
-73.000000
-119.000000
-170.000000
-206.000000
-244.000000
-290.000000
-331.000000
-371.000000
-406.000000
-447.000000
-488.000000
-526.000000
-564.000000
-603.000000
-634.000000
-665.000000
-700.000000
-734.000000
-775.000000
-805.000000
-831.000000
-855.000000
-884.000000
-912.000000
-942.000000
-964.000000
-982.000000
-998.000000
-1011.000000
-1021.000000
-1033.000000
-1033.000000
-1026.000000
-1017.000000
-1000.000000
-974.000000
-945.000000
-912.000000
-872.000000
-826.000000
-774.000000
-724.000000
-662.000000
-599.000000
-537.000000
-466.000000
-389.000000
-317.000000
-242.000000
-163.000000
-81.000000
-8.000000
69.000000
142.000000
207.000000
274.000000
330.000000
377.000000
435.000000
484.000000
529.000000
571.000000
597.000000
623.000000
653.000000
679.000000
699.000000
719.000000
735.000000
743.000000
745.000000
751.000000
755.000000
757.000000
762.000000
762.000000
765.000000
774.000000
780.000000
786.000000
792.000000
798.000000
805.000000
809.000000
813.000000
816.000000
819.000000
823.000000
819.000000
814.000000
813.000000
799.000000
780.000000
769.000000
755.000000
735.000000
701.000000
669.000000
633.000000
595.000000
559.000000
503.000000
461.000000
408.000000
354.000000
305.000000
244.000000
190.000000
133.000000
81.000000
27.000000
-23.000000
-75.000000
-130.000000
-181.000000
-221.000000
-259.000000
-302.000000
-341.000000
-372.000000
-388.000000
-409.000000
-428.000000
-449.000000
-461.000000
-480.000000
-488.000000
-500.000000
-508.000000
-517.000000
-539.000000
-555.000000
-571.000000
-597.000000
-625.000000
-641.000000
-663.000000
-686.000000
-719.000000
-754.000000
-780.000000
-815.000000
-850.000000
-881.000000
-911.000000
-940.000000
-978.000000
-1005.000000
-1025.000000
-1047.000000
-1050.000000
-1048.000000
-1042.000000
-1029.000000
-1013.000000
-982.000000
-950.000000
-905.000000
-856.000000
-802.000000
-741.000000
-677.000000
-608.000000
-534.000000
-446.000000
-368.000000
-294.000000
-209.000000
-132.000000
-63.000000
13.000000
79.000000
152.000000
215.000000
270.000000
322.000000
367.000000
407.000000
446.000000
480.000000
512.000000
538.000000
566.000000
588.000000
620.000000
640.000000
660.000000
682.000000
695.000000
722.000000
744.000000
759.000000
781.000000
812.000000
836.000000
863.000000
891.000000
912.000000
936.000000
963.000000
982.000000
996.000000
1013.000000
1023.000000
1026.000000
1028.000000
1019.000000
1015.000000
998.000000
979.000000
955.000000
929.000000
904.000000
861.000000
819.000000
772.000000
730.000000
672.000000
615.000000
556.000000
494.000000
433.000000
373.000000
315.000000
258.000000
200.000000
138.000000
83.000000
30.000000
-26.000000
-78.000000
-114.000000
-173.000000
-218.000000
-263.000000
-295.000000
-331.000000
-379.000000
-406.000000
-435.000000
-463.000000
-493.000000
-515.000000
-536.000000
-555.000000
-580.000000
-598.000000
-624.000000
-643.000000
-653.000000
-678.000000
-700.000000
-720.000000
-746.000000
-766.000000
-781.000000
-801.000000
-824.000000
-841.000000
-864.000000
-883.000000
-902.000000
-931.000000
-947.000000
-966.000000
-978.000000
-994.000000
-1000.000000
-991.000000
-994.000000
-981.000000
-964.000000
-946.000000
-911.000000
-879.000000
-842.000000
-797.000000
-757.000000
-701.000000
-641.000000
-576.000000
-506.000000
-438.000000
-365.000000
-289.000000
-212.000000
-135.000000
-69.000000
-5.000000
50.000000
109.000000
170.000000
221.000000
265.000000
305.000000
344.000000
373.000000
407.000000
436.000000
456.000000
482.000000
504.000000
516.000000
531.000000
550.000000
562.000000
579.000000
591.000000
610.000000
637.000000
664.000000
692.000000
721.000000
759.000000
789.000000
825.000000
861.000000
894.000000
921.000000
948.000000
974.000000
1000.000000
1017.000000
1036.000000
1045.000000
1051.000000
1053.000000
1045.000000
1038.000000
1025.000000
1005.000000
978.000000
942.000000
906.000000
862.000000
804.000000
758.000000
705.000000
650.000000
590.000000
527.000000
472.000000
412.000000
359.000000
297.000000
233.000000
172.000000
118.000000
61.000000
7.000000
-36.000000
-88.000000
-131.000000
-177.000000
-221.000000
-257.000000
-289.000000
-322.000000
-359.000000
-382.000000
-412.000000
-446.000000
-465.000000
-484.000000
-512.000000
-536.000000
-565.000000
-588.000000
-604.000000
-632.000000
-655.000000
-679.000000
-708.000000
-728.000000
-755.000000
-774.000000
-802.000000
-831.000000
-853.000000
-883.000000
-910.000000
-937.000000
-962.000000
-987.000000
-1008.000000
-1024.000000
-1036.000000
-1047.000000
-1047.000000
-1039.000000
-1031.000000
-1014.000000
-1002.000000
-974.000000
-944.000000
-905.000000
-855.000000
-815.000000
-762.000000
-708.000000
-642.000000
-579.000000
-514.000000
-448.000000
-381.000000
-309.000000
-238.000000
-175.000000
-111.000000
-58.000000
-13.000000
32.000000
75.000000
117.000000
152.000000
188.000000
215.000000
243.000000
279.000000
303.000000
330.000000
351.000000
381.000000
404.000000
423.000000
446.000000
473.000000
508.000000
537.000000
578.000000
615.000000
659.000000
704.000000
747.000000
804.000000
846.000000
890.000000
935.000000
978.000000
1014.000000
1047.000000
1084.000000
1106.000000
1134.000000
1153.000000
1169.000000
1179.000000
1179.000000
1178.000000
1159.000000
1141.000000
1123.000000
1092.000000
1058.000000
1026.000000
980.000000
935.000000
888.000000
838.000000
795.000000
742.000000
685.000000
634.000000
579.000000
517.000000
455.000000
396.000000
330.000000
277.000000
216.000000
152.000000
95.000000
41.000000
-8.000000
-68.000000
-125.000000
-176.000000
-229.000000
-278.000000
-334.000000
-383.000000
-431.000000
-473.000000
-520.000000
-561.000000
-591.000000
-628.000000
-659.000000
-688.000000
-722.000000
-751.000000
-765.000000
-789.000000
-811.000000
-842.000000
-856.000000
-877.000000
-901.000000
-915.000000
-936.000000
-949.000000
-969.000000
-992.000000
-1005.000000
-1020.000000
-1035.000000
-1049.000000
-1061.000000
-1062.000000
-1062.000000
-1061.000000
-1055.000000
-1047.000000
-1033.000000
-1016.000000
-997.000000
-964.000000
-926.000000
-884.000000
-836.000000
-782.000000
-724.000000
-665.000000
-593.000000
-524.000000
-460.000000
-386.000000
-327.000000
-262.000000
-196.000000
-139.000000
-81.000000
-31.000000
26.000000
73.000000
118.000000
160.000000
196.000000
227.000000
267.000000
301.000000
318.000000
347.000000
381.000000
399.000000
432.000000
454.000000
473.000000
507.000000
536.000000
570.000000
605.000000
639.000000
684.000000
725.000000
759.000000
809.000000
851.000000
892.000000
935.000000
976.000000
1016.000000
1046.000000
1074.000000
1098.000000
1129.000000
1145.000000
1160.000000
1168.000000
1171.000000
1169.000000
1153.000000
1137.000000
1118.000000
1085.000000
1053.000000
1023.000000
979.000000
941.000000
893.000000
849.000000
803.000000
749.000000
691.000000
630.000000
579.000000
520.000000
454.000000
391.000000
329.000000
267.000000
207.000000
149.000000
90.000000
37.000000
-12.000000
-69.000000
-111.000000
-157.000000
-214.000000
-254.000000
-299.000000
-343.000000
-377.000000
-412.000000
-444.000000
-486.000000
-518.000000
-547.000000
-575.000000
-607.000000
-636.000000
-655.000000
-680.000000
-704.000000
-728.000000
-753.000000
-780.000000
-800.000000
-827.000000
-856.000000
-877.000000
-904.000000
-933.000000
-962.000000
-990.000000
-1017.000000
-1041.000000
-1072.000000
-1091.000000
-1114.000000
-1127.000000
-1143.000000
-1159.000000
-1159.000000
-1152.000000
-1141.000000
-1118.000000
-1088.000000
-1052.000000
-1010.000000
-964.000000
-907.000000
-846.000000
-775.000000
-707.000000
-634.000000
-565.000000
-490.000000
-413.000000
-340.000000
-263.000000
-194.000000
-132.000000
-60.000000
-10.000000
42.000000
98.000000
131.000000
176.000000
212.000000
247.000000
275.000000
305.000000
331.000000
347.000000
374.000000
392.000000
416.000000
445.000000
458.000000
491.000000
521.000000
555.000000
584.000000
624.000000
668.000000
712.000000
768.000000
816.000000
870.000000
921.000000
973.000000
1029.000000
1073.000000
1118.000000
1152.000000
1185.000000
1213.000000
1226.000000
1241.000000
1243.000000
1244.000000
1235.000000
1216.000000
1187.000000
1158.000000
1128.000000
1087.000000
1050.000000
998.000000
949.000000
893.000000
841.000000
794.000000
737.000000
681.000000
620.000000
561.000000
501.000000
438.000000
380.000000
326.000000
265.000000
206.000000
151.000000
95.000000
47.000000
-11.000000
-54.000000
-105.000000
-163.000000
-203.000000
-243.000000
-282.000000
-318.000000
-367.000000
-405.000000
-447.000000
-488.000000
-525.000000
-556.000000
-594.000000
-635.000000
-660.000000
-686.000000
-716.000000
-741.000000
-762.000000
-787.000000
-806.000000
-827.000000
-848.000000
-875.000000
-901.000000
-929.000000
-957.000000
-981.000000
-1011.000000
-1033.000000
-1053.000000
-1076.000000
-1096.000000
-1119.000000
-1138.000000
-1149.000000
-1146.000000
-1145.000000
-1141.000000
-1125.000000
-1116.000000
-1093.000000
-1054.000000
-1010.000000
-967.000000
-912.000000
-850.000000
-783.000000
-713.000000
-646.000000
-570.000000
-497.000000
-427.000000
-360.000000
-298.000000
-234.000000
-163.000000
-105.000000
-48.000000
-1.000000
47.000000
100.000000
134.000000
175.000000
209.000000
243.000000
271.000000
304.000000
324.000000
341.000000
368.000000
388.000000
410.000000
435.000000
467.000000
498.000000
529.000000
569.000000
603.000000
646.000000
693.000000
739.000000
784.000000
832.000000
885.000000
936.000000
985.000000
1031.000000
1080.000000
1125.000000
1160.000000
1199.000000
1225.000000
1249.000000
1253.000000
1255.000000
1249.000000
1227.000000
1207.000000
1179.000000
1146.000000
1114.000000
1077.000000
1037.000000
990.000000
947.000000
898.000000
852.000000
798.000000
740.000000
685.000000
617.000000
565.000000
500.000000
449.000000
389.000000
325.000000
272.000000
215.000000
166.000000
104.000000
48.000000
-10.000000
-63.000000
-110.000000
-167.000000
-211.000000
-257.000000
-307.000000
-349.000000
-391.000000
-427.000000
-465.000000
-495.000000
-529.000000
-557.000000
-576.000000
-606.000000
-626.000000
-654.000000
-672.000000
-690.000000
-716.000000
-732.000000
-756.000000
-776.000000
-802.000000
-826.000000
-845.000000
-873.000000
-900.000000
-922.000000
-954.000000
-981.000000
-1007.000000
-1038.000000
-1063.000000
-1094.000000
-1122.000000
-1140.000000
-1153.000000
-1167.000000
-1180.000000
-1178.000000
-1158.000000
-1135.000000
-1107.000000
-1070.000000
-1026.000000
-972.000000
-917.000000
-856.000000
-784.000000
-708.000000
-631.000000
-549.000000
-469.000000
-397.000000
-327.000000
-254.000000
-181.000000
-116.000000
-61.000000
-3.000000
41.000000
80.000000
124.000000
158.000000
190.000000
221.000000
250.000000
286.000000
311.000000
337.000000
369.000000
398.000000
415.000000
441.000000
468.000000
488.000000
515.000000
545.000000
567.000000
596.000000
639.000000
676.000000
712.000000
761.000000
812.000000
869.000000
922.000000
975.000000
1026.000000
1076.000000
1123.000000
1163.000000
1198.000000
1231.000000
1246.000000
1252.000000
1257.000000
1253.000000
1236.000000
1219.000000
1190.000000
1149.000000
1107.000000
1058.000000
1006.000000
955.000000
899.000000
841.000000
783.000000
732.000000
676.000000
621.000000
571.000000
522.000000
475.000000
431.000000
377.000000
328.000000
275.000000
228.000000
173.000000
114.000000
66.000000
13.000000
-48.000000
-93.000000
-144.000000
-199.000000
-244.000000
-288.000000
-332.000000
-382.000000
-428.000000
-472.000000
-506.000000
-544.000000
-577.000000
-605.000000
-649.000000
-673.000000
-694.000000
-724.000000
-743.000000
-762.000000
-785.000000
-808.000000
-828.000000
-853.000000
-881.000000
-894.000000
-921.000000
-941.000000
-955.000000
-981.000000
-1004.000000
-1023.000000
-1040.000000
-1056.000000
-1074.000000
-1094.000000
-1115.000000
-1124.000000
-1132.000000
-1139.000000
-1136.000000
-1132.000000
-1122.000000
-1103.000000
-1067.000000
-1026.000000
-982.000000
-921.000000
-851.000000
-779.000000
-704.000000
-627.000000
-545.000000
-463.000000
-390.000000
-318.000000
-254.000000
-189.000000
-126.000000
-75.000000
-26.000000
19.000000
61.000000
93.000000
128.000000
151.000000
182.000000
221.000000
241.000000
266.000000
292.000000
325.000000
362.000000
391.000000
421.000000
459.000000
492.000000
533.000000
571.000000
605.000000
646.000000
688.000000
723.000000
774.000000
823.000000
873.000000
920.000000
970.000000
1027.000000
1073.000000
1127.000000
1170.000000
1214.000000
1256.000000
1282.000000
1311.000000
1320.000000
1326.000000
1324.000000
1310.000000
1294.000000
1266.000000
1232.000000
1185.000000
1140.000000
1085.000000
1030.000000
979.000000
914.000000
855.000000
803.000000
742.000000
682.000000
631.000000
578.000000
528.000000
479.000000
420.000000
363.000000
312.000000
257.000000
200.000000
140.000000
76.000000
15.000000
-50.000000
-117.000000
-178.000000
-245.000000
-308.000000
-371.000000
-430.000000
-480.000000
-531.000000
-573.000000
-624.000000
-661.000000
-698.000000
-735.000000
-764.000000
-796.000000
-826.000000
-860.000000
-888.000000
-913.000000
-933.000000
-956.000000
-971.000000
-986.000000
-999.000000
-1019.000000
-1030.000000
-1036.000000
-1041.000000
-1052.000000
-1067.000000
-1071.000000
-1083.000000
-1093.000000
-1112.000000
-1125.000000
-1135.000000
-1145.000000
-1154.000000
-1160.000000
-1160.000000
-1153.000000
-1136.000000
-1122.000000
-1090.000000
-1063.000000
-1014.000000
-957.000000
-907.000000
-834.000000
-765.000000
-683.000000
-600.000000
-514.000000
-429.000000
-344.000000
-275.000000
-204.000000
-126.000000
-66.000000
-2.000000
50.000000
109.000000
162.000000
204.000000
249.000000
292.000000
326.000000
359.000000
405.000000
442.000000
486.000000
525.000000
563.000000
602.000000
644.000000
686.000000
722.000000
763.000000
797.000000
834.000000
871.000000
904.000000
933.000000
963.000000
987.000000
1014.000000
1039.000000
1070.000000
1099.000000
1129.000000
1157.000000
1177.000000
1208.000000
1226.000000
1252.000000
1267.000000
1275.000000
1290.000000
1281.000000
1273.000000
1250.000000
1222.000000
1190.000000
1149.000000
1104.000000
1049.000000
991.000000
928.000000
866.000000
808.000000
743.000000
677.000000
608.000000
539.000000
472.000000
406.000000
335.000000
268.000000
207.000000
143.000000
75.000000
8.000000
-61.000000
-131.000000
-199.000000
-267.000000
-325.000000
-388.000000
-450.000000
-504.000000
-558.000000
-606.000000
-655.000000
-701.000000
-735.000000
-764.000000
-804.000000
-827.000000
-847.000000
-870.000000
-885.000000
-901.000000
-914.000000
-929.000000
-940.000000
-944.000000
-950.000000
-969.000000
-984.000000
-981.000000
-994.000000
-1006.000000
-1013.000000
-1022.000000
-1028.000000
-1041.000000
-1040.000000
-1054.000000
-1058.000000
-1063.000000
-1073.000000
-1071.000000
-1074.000000
-1062.000000
-1060.000000
-1053.000000
-1034.000000
-1014.000000
-984.000000
-955.000000
-916.000000
-866.000000
-813.000000
-752.000000
-689.000000
-616.000000
-540.000000
-453.000000
-368.000000
-282.000000
-201.000000
-122.000000
-46.000000
32.000000
103.000000
168.000000
223.000000
273.000000
323.000000
357.000000
398.000000
429.000000
460.000000
492.000000
520.000000
548.000000
575.000000
609.000000
636.000000
661.000000
692.000000
722.000000
747.000000
775.000000
798.000000
827.000000
850.000000
863.000000
888.000000
912.000000
929.000000
948.000000
961.000000
977.000000
1004.000000
1010.000000
1029.000000
1051.000000
1058.000000
1078.000000
1092.000000
1097.000000
1099.000000
1090.000000
1092.000000
1078.000000
1058.000000
1038.000000
1006.000000
965.000000
915.000000
877.000000
818.000000
759.000000
708.000000
647.000000
589.000000
526.000000
468.000000
410.000000
355.000000
296.000000
234.000000
173.000000
113.000000
52.000000
-14.000000
-75.000000
-139.000000
-198.000000
-262.000000
-314.000000
-368.000000
-424.000000
-476.000000
-533.000000
-578.000000
-627.000000
-669.000000
-711.000000
-751.000000
-785.000000
-821.000000
-852.000000
-871.000000
-891.000000
-907.000000
-906.000000
-906.000000
-903.000000
-913.000000
-908.000000
-907.000000
-917.000000
-916.000000
-927.000000
-929.000000
-926.000000
-925.000000
-919.000000
-910.000000
-906.000000
-889.000000
-875.000000
-865.000000
-848.000000
-841.000000
-826.000000
-822.000000
-813.000000
-795.000000
-781.000000
-765.000000
-754.000000
-731.000000
-712.000000
-674.000000
-635.000000
-601.000000
-542.000000
-493.000000
-434.000000
-364.000000
-300.000000
-226.000000
-158.000000
-80.000000
2.000000
69.000000
143.000000
209.000000
273.000000
327.000000
368.000000
405.000000
441.000000
456.000000
468.000000
487.000000
489.000000
503.000000
496.000000
496.000000
502.000000
502.000000
514.000000
529.000000
539.000000
552.000000
574.000000
587.000000
601.000000
617.000000
633.000000
646.000000
665.000000
677.000000
688.000000
706.000000
726.000000
752.000000
765.000000
788.000000
813.000000
834.000000
850.000000
866.000000
885.000000
884.000000
886.000000
878.000000
877.000000
877.000000
861.000000
847.000000
834.000000
813.000000
778.000000
744.000000
711.000000
660.000000
606.000000
551.000000
490.000000
429.000000
360.000000
296.000000
239.000000
182.000000
134.000000
83.000000
28.000000
-20.000000
-68.000000
-127.000000
-188.000000
-246.000000
-305.000000
-360.000000
-426.000000
-481.000000
-517.000000
-563.000000
-589.000000
-615.000000
-639.000000
-656.000000
-678.000000
-696.000000
-716.000000
-726.000000
-744.000000
-753.000000
-764.000000
-779.000000
-783.000000
-787.000000
-783.000000
-779.000000
-768.000000
-765.000000
-757.000000
-753.000000
-745.000000
-735.000000
-738.000000
-735.000000
-730.000000
-729.000000
-720.000000
-715.000000
-712.000000
-693.000000
-669.000000
-648.000000
-620.000000
-609.000000
-589.000000
-567.000000
-553.000000
-546.000000
-539.000000
-527.000000
-525.000000
-497.000000
-469.000000
-427.000000
-385.000000
-335.000000
-261.000000
-215.000000
-152.000000
-114.000000
-70.000000
-56.000000
-51.000000
-15.000000
-29.000000
-41.000000
-12.000000
29.000000
21.000000
69.000000
132.000000
179.000000
229.000000
276.000000
304.000000
304.000000
329.000000
347.000000
355.000000
393.000000
436.000000
485.000000
580.000000
663.000000
737.000000
829.000000
869.000000
905.000000
952.000000
953.000000
948.000000
937.000000
924.000000
911.000000
919.000000
929.000000
942.000000
960.000000
981.000000
984.000000
978.000000
975.000000
945.000000
889.000000
833.000000
773.000000
717.000000
655.000000
606.000000
573.000000
517.000000
483.000000
461.000000
418.000000
374.000000
331.000000
298.000000
251.000000
208.000000
187.000000
155.000000
126.000000
125.000000
109.000000
85.000000
84.000000
72.000000
66.000000
31.000000
-23.000000
-55.000000
-106.000000
-162.000000
-202.000000
-252.000000
-320.000000
-365.000000
-379.000000
-387.000000
-397.000000
-399.000000
-387.000000
-378.000000
-358.000000
-324.000000
-325.000000
-337.000000
-363.000000
-397.000000
-448.000000
-545.000000
-641.000000
-738.000000
-856.000000
-960.000000
-1106.000000
-1274.000000
-1393.000000
-1497.000000
-1573.000000
-1683.000000
-1794.000000
-1866.000000
-1900.000000
-1881.000000
-1807.000000
-1788.000000
-1763.000000
-1652.000000
-1499.000000
-1294.000000
-1116.000000
-956.000000
-779.000000
-603.000000
-377.000000
-141.000000
13.000000
161.000000
322.000000
484.000000
660.000000
789.000000
905.000000
1018.000000
1107.000000
1226.000000
1290.000000
1278.000000
1290.000000
1291.000000
1258.000000
1180.000000
1034.000000
867.000000
689.000000
536.000000
393.000000
150.000000
-110.000000
-307.000000
-486.000000
-599.000000
-707.000000
-846.000000
-933.000000
-966.000000
-901.000000
-767.000000
-670.000000
-526.000000
-315.000000
-68.000000
233.000000
526.000000
806.000000
1070.000000
1333.000000
1612.000000
1828.000000
1967.000000
2103.000000
2177.000000
2215.000000
2231.000000
2147.000000
2021.000000
1892.000000
1737.000000
1593.000000
1378.000000
1130.000000
939.000000
735.000000
566.000000
393.000000
195.000000
14.000000
-153.000000
-256.000000
-357.000000
-505.000000
-606.000000
-676.000000
-749.000000
-744.000000
-740.000000
-737.000000
-674.000000
-577.000000
-435.000000
-285.000000
-149.000000
49.000000
263.000000
477.000000
706.000000
882.000000
1066.000000
1241.000000
1393.000000
1511.000000
1495.000000
1418.000000
1316.000000
1071.000000
759.000000
424.000000
-61.000000
-554.000000
-1035.000000
-1557.000000
-2059.000000
-2575.000000
-2986.000000
-3328.000000
-3651.000000
-3874.000000
-4041.000000
-4142.000000
-4094.000000
-3989.000000
-3811.000000
-3590.000000
-3342.000000
-2932.000000
-2482.000000
-2034.000000
-1519.000000
-1052.000000
-623.000000
-88.000000
421.000000
841.000000
1219.000000
1553.000000
1870.000000
2136.000000
2368.000000
2540.000000
2588.000000
2633.000000
2652.000000
2591.000000
2493.000000
2273.000000
2024.000000
1772.000000
1393.000000
989.000000
534.000000
-26.000000
-536.000000
-1018.000000
-1548.000000
-2064.000000
-2525.000000
-2899.000000
-3167.000000
-3319.000000
-3357.000000
-3349.000000
-3198.000000
-2858.000000
-2437.000000
-1884.000000
-1294.000000
-676.000000
65.000000
813.000000
1586.000000
2354.000000
3006.000000
3593.000000
4151.000000
4596.000000
4906.000000
5074.000000
5122.000000
5033.000000
4837.000000
4578.000000
4167.000000
3663.000000
3166.000000
2605.000000
2013.000000
1439.000000
817.000000
247.000000
-273.000000
-796.000000
-1246.000000
-1675.000000
-2074.000000
-2368.000000
-2583.000000
-2766.000000
-2898.000000
-2918.000000
-2852.000000
-2736.000000
-2490.000000
-2193.000000
-1892.000000
-1459.000000
-954.000000
-452.000000
106.000000
660.000000
1216.000000
1789.000000
2331.000000
2843.000000
3270.000000
3630.000000
3910.000000
4084.000000
4140.000000
4018.000000
3777.000000
3423.000000
2848.000000
2145.000000
1389.000000
458.000000
-468.000000
-1352.000000
-2352.000000
-3321.000000
-4180.000000
-4913.000000
-5531.000000
-6041.000000
-6441.000000
-6740.000000
-6849.000000
-6696.000000
-6442.000000
-6088.000000
-5644.000000
-5111.000000
-4335.000000
-3464.000000
-2628.000000
-1729.000000
-898.000000
-113.000000
821.000000
1665.000000
2329.000000
2897.000000
3386.000000
3799.000000
4146.000000
4401.000000
4487.000000
4407.000000
4320.000000
4176.000000
3875.000000
3508.000000
2982.000000
2412.000000
1864.000000
1168.000000
417.000000
-366.000000
-1234.000000
-2010.000000
-2689.000000
-3431.000000
-4170.000000
-4749.000000
-5167.000000
-5422.000000
-5489.000000
-5438.000000
-5314.000000
-4953.000000
-4276.000000
-3498.000000
-2609.000000
-1634.000000
-655.000000
479.000000
1693.000000
2825.000000
3885.000000
4799.000000
5576.000000
6325.000000
6916.000000
7226.000000
7352.000000
7316.000000
7094.000000
6764.000000
6309.000000
5619.000000
4801.000000
4017.000000
3172.000000
2251.000000
1371.000000
443.000000
-453.000000
-1191.000000
-1893.000000
-2557.000000
-3119.000000
-3602.000000
-3975.000000
-4180.000000
-4341.000000
-4437.000000
-4359.000000
-4195.000000
-3905.000000
-3471.000000
-2996.000000
-2471.000000
-1771.000000
-978.000000
-222.000000
582.000000
1393.000000
2136.000000
2905.000000
3691.000000
4281.000000
4766.000000
5189.000000
5431.000000
5585.000000
5572.000000
5295.000000
4855.000000
4238.000000
3393.000000
2448.000000
1384.000000
148.000000
-1065.000000
-2251.000000
-3502.000000
-4677.000000
-5627.000000
-6443.000000
-7167.000000
-7643.000000
-8035.000000
-8295.000000
-8175.000000
-7849.000000
-7432.000000
-6876.000000
-6245.000000
-5429.000000
-4345.000000
-3206.000000
-2107.000000
-1047.000000
-78.000000
949.000000
2058.000000
3021.000000
3739.000000
4310.000000
4810.000000
5184.000000
5542.000000
5782.000000
5686.000000
5474.000000
5271.000000
4896.000000
4429.000000
3847.000000
3076.000000
2273.000000
1423.000000
463.000000
-528.000000
-1564.000000
-2577.000000
-3482.000000
-4362.000000
-5240.000000
-6025.000000
-6558.000000
-6863.000000
-6990.000000
-6899.000000
-6711.000000
-6366.000000
-5595.000000
-4570.000000
-3484.000000
-2275.000000
-1079.000000
192.000000
1637.000000
3099.000000
4419.000000
5511.000000
6433.000000
7264.000000
7970.000000
8486.000000
8702.000000
8607.000000
8352.000000
7947.000000
7395.000000
6710.000000
5784.000000
4753.000000
3778.000000
2714.000000
1666.000000
658.000000
-407.000000
-1361.000000
-2154.000000
-2897.000000
-3608.000000
-4200.000000
-4601.000000
-4902.000000
-5063.000000
-5038.000000
-5006.000000
-4882.000000
-4484.000000
-3966.000000
-3402.000000
-2749.000000
-2092.000000
-1320.000000
-433.000000
468.000000
1412.000000
2247.000000
2974.000000
3822.000000
4637.000000
5250.000000
5716.000000
6010.000000
6143.000000
6057.000000
5893.000000
5500.000000
4552.000000
3574.000000
2640.000000
1361.000000
137.000000
-1188.000000
-2755.000000
-4105.000000
-5238.000000
-6171.000000
-7036.000000
-7963.000000
-8600.000000
-8882.000000
-8855.000000
-8532.000000
-8223.000000
-7784.000000
-7188.000000
-6285.000000
-4874.000000
-3697.000000
-2737.000000
-1479.000000
-413.000000
718.000000
2137.000000
3105.000000
3744.000000
4380.000000
4987.000000
5534.000000
5891.000000
6080.000000
6050.000000
5847.000000
5745.000000
5468.000000
4973.000000
4407.000000
3616.000000
2920.000000
2154.000000
985.000000
-34.000000
-1034.000000
-2248.000000
-3163.000000
-4108.000000
-5343.000000
-6289.000000
-6852.000000
-7282.000000
-7556.000000
-7677.000000
-7626.000000
-7349.000000
-6565.000000
-5403.000000
-4317.000000
-3102.000000
-1789.000000
-360.000000
1401.000000
3029.000000
4407.000000
5776.000000
6746.000000
7637.000000
8659.000000
9134.000000
9249.000000
9291.000000
8969.000000
8429.000000
7848.000000
7098.000000
6064.000000
4953.000000
3933.000000
2694.000000
1476.000000
435.000000
-679.000000
-1629.000000
-2457.000000
-3405.000000
-4086.000000
-4594.000000
-5082.000000
-5207.000000
-5283.000000
-5540.000000
-5484.000000
-5106.000000
-4768.000000
-4205.000000
-3477.000000
-2947.000000
-2295.000000
-1257.000000
-249.000000
733.000000
1788.000000
2688.000000
3533.000000
4515.000000
5405.000000
6009.000000
6562.000000
6804.000000
6731.000000
6700.000000
6260.000000
5309.000000
4539.000000
3405.000000
1895.000000
646.000000
-931.000000
-2641.000000
-3992.000000
-5166.000000
-6361.000000
-7484.000000
-8373.000000
-9063.000000
-9421.000000
-9162.000000
-9025.000000
-8886.000000
-8296.000000
-7702.000000
-6551.000000
-4979.000000
-3950.000000
-2866.000000
-1560.000000
-482.000000
990.000000
2478.000000
3394.000000
4018.000000
4737.000000
5466.000000
6009.000000
6522.000000
6781.000000
6485.000000
6372.000000
6328.000000
5818.000000
5440.000000
4803.000000
3832.000000
3084.000000
2129.000000
887.000000
-126.000000
-1263.000000
-2509.000000
-3558.000000
-4693.000000
-5966.000000
-6907.000000
-7391.000000
-7876.000000
-8228.000000
-8265.000000
-8256.000000
-7857.000000
-6703.000000
-5549.000000
-4400.000000
-3000.000000
-1631.000000
14.000000
2014.000000
3757.000000
5238.000000
6561.000000
7560.000000
8566.000000
9521.000000
9989.000000
9994.000000
9828.000000
9334.000000
8621.000000
7943.000000
7057.000000
5769.000000
4586.000000
3365.000000
1921.000000
765.000000
-309.000000
-1462.000000
-2408.000000
-3307.000000
-4266.000000
-4883.000000
-5294.000000
-5595.000000
-5686.000000
-5801.000000
-5981.000000
-5753.000000
-5227.000000
-4711.000000
-4001.000000
-3285.000000
-2738.000000
-1855.000000
-605.000000
481.000000
1537.000000
2609.000000
3493.000000
4409.000000
5516.000000
6304.000000
6785.000000
7177.000000
7205.000000
7062.000000
6847.000000
6014.000000
4961.000000
3975.000000
2525.000000
1057.000000
-423.000000
-2222.000000
-3889.000000
-5115.000000
-6260.000000
-7532.000000
-8591.000000
-9351.000000
-9927.000000
-9810.000000
-9386.000000
-9356.000000
-8986.000000
-8276.000000
-7298.000000
-5684.000000
-4260.000000
-3254.000000
-2002.000000
-717.000000
769.000000
2464.000000
3703.000000
4422.000000
5063.000000
5932.000000
6626.000000
7093.000000
7447.000000
7183.000000
6786.000000
6788.000000
6355.000000
5676.000000
5072.000000
4049.000000
3060.000000
2175.000000
904.000000
-339.000000
-1486.000000
-2711.000000
-3832.000000
-4959.000000
-6189.000000
-7243.000000
-7795.000000
-8093.000000
-8468.000000
-8564.000000
-8426.000000
-8154.000000
-7077.000000
-5700.000000
-4621.000000
-3266.000000
-1762.000000
-171.000000
1826.000000
3715.000000
5236.000000
6603.000000
7780.000000
8857.000000
9826.000000
10433.000000
10563.000000
10386.000000
10015.000000
9322.000000
8463.000000
7552.000000
6264.000000
4876.000000
3601.000000
2059.000000
589.000000
-557.000000
-1729.000000
-2833.000000
-3767.000000
-4725.000000
-5474.000000
-5851.000000
-6074.000000
-6169.000000
-6218.000000
-6282.000000
-6047.000000
-5455.000000
-4776.000000
-4011.000000
-3225.000000
-2512.000000
-1593.000000
-380.000000
856.000000
1910.000000
2926.000000
3922.000000
4773.000000
5778.000000
6676.000000
7105.000000
7423.000000
7487.000000
7269.000000
6997.000000
6153.000000
5010.000000
3904.000000
2395.000000
906.000000
-610.000000
-2478.000000
-4190.000000
-5571.000000
-6686.000000
-7826.000000
-8990.000000
-9771.000000
-10370.000000
-10396.000000
-9837.000000
-9646.000000
-9332.000000
-8598.000000
-7636.000000
-5948.000000
-4275.000000
-3118.000000
-1795.000000
-487.000000
1021.000000
2882.000000
4257.000000
5072.000000
5706.000000
6448.000000
7215.000000
7672.000000
7971.000000
7776.000000
7169.000000
7002.000000
6582.000000
5734.000000
5007.000000
3901.000000
2716.000000
1748.000000
403.000000
-949.000000
-2095.000000
-3336.000000
-4406.000000
-5484.000000
-6660.000000
-7647.000000
-8203.000000
-8363.000000
-8600.000000
-8729.000000
-8471.000000
-8138.000000
-7132.000000
-5573.000000
-4394.000000
-3063.000000
-1486.000000
125.000000
2127.000000
4093.000000
5657.000000
7029.000000
8185.000000
9249.000000
10176.000000
10762.000000
10910.000000
10637.000000
10222.000000
9509.000000
8493.000000
7509.000000
6244.000000
4729.000000
3386.000000
1831.000000
256.000000
-989.000000
-2138.000000
-3210.000000
-4198.000000
-5146.000000
-5884.000000
-6276.000000
-6399.000000
-6430.000000
-6448.000000
-6401.000000
-6168.000000
-5506.000000
-4700.000000
-3890.000000
-3050.000000
-2238.000000
-1280.000000
-16.000000
1270.000000
2388.000000
3427.000000
4413.000000
5381.000000
6348.000000
7172.000000
7611.000000
7853.000000
7871.000000
7612.000000
7152.000000
6283.000000
5012.000000
3749.000000
2280.000000
649.000000
-977.000000
-2834.000000
-4635.000000
-6066.000000
-7213.000000
-8355.000000
-9411.000000
-10237.000000
-10765.000000
-10762.000000
-10241.000000
-9857.000000
-9440.000000
-8674.000000
-7651.000000
-6095.000000
-4344.000000
-2982.000000
-1694.000000
-275.000000
1225.000000
2953.000000
4455.000000
5425.000000
6091.000000
6828.000000
7494.000000
7980.000000
8258.000000
8087.000000
7613.000000
7266.000000
6779.000000
5937.000000
5070.000000
3998.000000
2758.000000
1593.000000
289.000000
-1222.000000
-2521.000000
-3726.000000
-4900.000000
-6015.000000
-7174.000000
-8210.000000
-8815.000000
-9061.000000
-9152.000000
-9140.000000
-8945.000000
-8430.000000
-7451.000000
-5936.000000
-4437.000000
-2949.000000
-1283.000000
436.000000
2361.000000
4428.000000
6157.000000
7603.000000
8787.000000
9737.000000
10598.000000
11149.000000
11349.000000
11139.000000
10520.000000
9692.000000
8692.000000
7563.000000
6324.000000
4819.000000
3271.000000
1686.000000
117.000000
-1164.000000
-2324.000000
-3455.000000
-4464.000000
-5372.000000
-6062.000000
-6489.000000
-6667.000000
-6623.000000
-6620.000000
-6529.000000
-6153.000000
-5579.000000
-4793.000000
-3829.000000
-2914.000000
-2037.000000
-1044.000000
174.000000
1515.000000
2736.000000
3834.000000
4811.000000
5720.000000
6630.000000
7473.000000
8003.000000
8114.000000
7981.000000
7715.000000
7156.000000
6168.000000
4947.000000
3487.000000
1789.000000
190.000000
-1473.000000
-3418.000000
-5228.000000
-6683.000000
-7851.000000
-8898.000000
-9873.000000
-10637.000000
-11068.000000
-10928.000000
-10331.000000
-9773.000000
-9274.000000
-8516.000000
-7245.000000
-5508.000000
-3870.000000
-2422.000000
-1053.000000
225.000000
1866.000000
3672.000000
4977.000000
5788.000000
6464.000000
7169.000000
7822.000000
8301.000000
8460.000000
8110.000000
7622.000000
7276.000000
6707.000000
5857.000000
4786.000000
3538.000000
2332.000000
1022.000000
-405.000000
-1814.000000
-3281.000000
-4560.000000
-5674.000000
-6801.000000
-7922.000000
-8818.000000
-9244.000000
-9415.000000
-9467.000000
-9261.000000
-8907.000000
-8213.000000
-6907.000000
-5395.000000
-3849.000000
-2251.000000
-539.000000
1372.000000
3345.000000
5264.000000
6936.000000
8247.000000
9409.000000
10336.000000
11029.000000
11438.000000
11357.000000
11022.000000
10348.000000
9350.000000
8264.000000
7032.000000
5637.000000
4150.000000
2536.000000
950.000000
-579.000000
-1861.000000
-2923.000000
-4048.000000
-5040.000000
-5876.000000
-6496.000000
-6717.000000
-6735.000000
-6698.000000
-6601.000000
-6426.000000
-5871.000000
-5081.000000
-4197.000000
-3226.000000
-2362.000000
-1397.000000
-214.000000
1058.000000
2416.000000
3543.000000
4492.000000
5525.000000
6420.000000
7275.000000
7948.000000
8207.000000
8214.000000
7951.000000
7499.000000
6774.000000
5551.000000
4235.000000
2710.000000
926.000000
-702.000000
-2537.000000
-4421.000000
-5990.000000
-7373.000000
-8495.000000
-9532.000000
-10477.000000
-10952.000000
-11113.000000
-10781.000000
-10202.000000
-9754.000000
-8978.000000
-7903.000000
-6422.000000
-4608.000000
-3119.000000
-1717.000000
-207.000000
1251.000000
2997.000000
4546.000000
5577.000000
6393.000000
7037.000000
7742.000000
8294.000000
8463.000000
8430.000000
7983.000000
7461.000000
7026.000000
6156.000000
5174.000000
4061.000000
2691.000000
1407.000000
-47.000000
-1586.000000
-2954.000000
-4344.000000
-5553.000000
-6711.000000
-7866.000000
-8693.000000
-9295.000000
-9506.000000
-9485.000000
-9478.000000
-9086.000000
-8359.000000
-7311.000000
-5833.000000
-4336.000000
-2785.000000
-1037.000000
805.000000
2781.000000
4626.000000
6323.000000
7827.000000
9023.000000
10088.000000
10823.000000
11181.000000
11347.000000
11122.000000
10562.000000
9759.000000
8625.000000
7411.000000
6113.000000
4726.000000
3217.000000
1561.000000
4.000000
-1414.000000
-2632.000000
-3648.000000
-4755.000000
-5720.000000
-6370.000000
-6851.000000
-6923.000000
-6841.000000
-6817.000000
-6585.000000
-6140.000000
-5436.000000
-4504.000000
-3512.000000
-2465.000000
-1497.000000
-328.000000
1051.000000
2294.000000
3561.000000
4654.000000
5524.000000
6497.000000
7323.000000
7901.000000
8351.000000
8305.000000
8099.000000
7776.000000
7048.000000
6018.000000
4655.000000
3160.000000
1533.000000
-171.000000
-1818.000000
-3714.000000
-5570.000000
-6859.000000
-8081.000000
-9131.000000
-9952.000000
-10773.000000
-11110.000000
-10922.000000
-10476.000000
-9855.000000
-9306.000000
-8493.000000
-7131.000000
-5522.000000
-3812.000000
-2338.000000
-919.000000
588.000000
2160.000000
3894.000000
5264.000000
6037.000000
6878.000000
7570.000000
8044.000000
8505.000000
8482.000000
8122.000000
7685.000000
7142.000000
6443.000000
5444.000000
4288.000000
3105.000000
1751.000000
389.000000
-1137.000000
-2639.000000
-3943.000000
-5217.000000
-6325.000000
-7390.000000
-8515.000000
-9176.000000
-9422.000000
-9584.000000
-9476.000000
-9234.000000
-8722.000000
-7792.000000
-6448.000000
-4936.000000
-3436.000000
-1766.000000
89.000000
1980.000000
3915.000000
5658.000000
7185.000000
8626.000000
9720.000000
10575.000000
11112.000000
11229.000000
11167.000000
10883.000000
10137.000000
9105.000000
7867.000000
6572.000000
5250.000000
3850.000000
2282.000000
566.000000
-963.000000
-2237.000000
-3339.000000
-4352.000000
-5393.000000
-6321.000000
-6794.000000
-7080.000000
-7107.000000
-6932.000000
-6828.000000
-6505.000000
-5807.000000
-4982.000000
-4003.000000
-2907.000000
-1837.000000
-693.000000
563.000000
1897.000000
3167.000000
4386.000000
5464.000000
6374.000000
7223.000000
7908.000000
8302.000000
8654.000000
8541.000000
8023.000000
7549.000000
6609.000000
5269.000000
3974.000000
2387.000000
550.000000
-1110.000000
-2857.000000
-4653.000000
-6285.000000
-7530.000000
-8603.000000
-9572.000000
-10261.000000
-10814.000000
-10967.000000
-10553.000000
-10064.000000
-9377.000000
-8547.000000
-7749.000000
-6244.000000
-4481.000000
-3028.000000
-1492.000000
-16.000000
1300.000000
2932.000000
4574.000000
5746.000000
6476.000000
7203.000000
7837.000000
8181.000000
8529.000000
8454.000000
7882.000000
7423.000000
6779.000000
5856.000000
4957.000000
3686.000000
2354.000000
1085.000000
-449.000000
-1975.000000
-3359.000000
-4737.000000
-5966.000000
-7056.000000
-8117.000000
-9099.000000
-9617.000000
-9703.000000
-9792.000000
-9568.000000
-9082.000000
-8503.000000
-7332.000000
-5758.000000
-4265.000000
-2602.000000
-851.000000
956.000000
2925.000000
4821.000000
6489.000000
7927.000000
9125.000000
10073.000000
10740.000000
11116.000000
11092.000000
10799.000000
10303.000000
9359.000000
8246.000000
7054.000000
5662.000000
4299.000000
2909.000000
1300.000000
-251.000000
-1576.000000
-2738.000000
-3770.000000
-4710.000000
-5597.000000
-6309.000000
-6706.000000
-6835.000000
-6823.000000
-6686.000000
-6489.000000
-6095.000000
-5369.000000
-4560.000000
-3559.000000
-2415.000000
-1378.000000
-210.000000
1134.000000
2422.000000
3747.000000
4982.000000
6013.000000
6845.000000
7612.000000
8278.000000
8649.000000
8740.000000
8484.000000
7866.000000
7090.000000
6118.000000
4767.000000
3300.000000
1560.000000
-271.000000
-1890.000000
-3597.000000
-5297.000000
-6727.000000
-7994.000000
-8976.000000
-9705.000000
-10278.000000
-10605.000000
-10588.000000
-10066.000000
-9425.000000
-8722.000000
-7801.000000
-6758.000000
-5329.000000
-3594.000000
-2126.000000
-725.000000
639.000000
1994.000000
3585.000000
5014.000000
6012.000000
6708.000000
7253.000000
7774.000000
8183.000000
8335.000000
8102.000000
7493.000000
6948.000000
6263.000000
5320.000000
4318.000000
3061.000000
1658.000000
324.000000
-1136.000000
-2616.000000
-4000.000000
-5260.000000
-6416.000000
-7533.000000
-8502.000000
-9267.000000
-9668.000000
-9707.000000
-9609.000000
-9325.000000
-8808.000000
-7998.000000
-6659.000000
-5123.000000
-3572.000000
-1931.000000
-201.000000
1620.000000
3506.000000
5306.000000
6836.000000
8078.000000
9187.000000
10033.000000
10515.000000
10784.000000
10664.000000
10262.000000
9607.000000
8619.000000
7464.000000
6196.000000
4848.000000
3496.000000
2019.000000
467.000000
-991.000000
-2216.000000
-3225.000000
-4189.000000
-5050.000000
-5815.000000
-6408.000000
-6612.000000
-6598.000000
-6528.000000
-6348.000000
-6095.000000
-5582.000000
-4837.000000
-3933.000000
-2900.000000
-1892.000000
-850.000000
352.000000
1640.000000
2930.000000
4176.000000
5299.000000
6254.000000
7027.000000
7776.000000
8328.000000
8531.000000
8502.000000
8132.000000
7434.000000
6601.000000
5444.000000
4041.000000
2497.000000
751.000000
-922.000000
-2621.000000
-4326.000000
-5857.000000
-7182.000000
-8196.000000
-9002.000000
-9695.000000
-10082.000000
-10248.000000
-9910.000000
-9202.000000
-8579.000000
-7757.000000
-6810.000000
-5643.000000
-3984.000000
-2415.000000
-1072.000000
264.000000
1501.000000
2956.000000
4407.000000
5576.000000
6391.000000
6888.000000
7438.000000
7885.000000
8024.000000
8042.000000
7584.000000
6976.000000
6445.000000
5538.000000
4576.000000
3481.000000
2174.000000
974.000000
-409.000000
-1907.000000
-3275.000000
-4577.000000
-5655.000000
-6744.000000
-7788.000000
-8680.000000
-9354.000000
-9478.000000
-9401.000000
-9329.000000
-8891.000000
-8299.000000
-7310.000000
-5803.000000
-4326.000000
-2784.000000
-1129.000000
579.000000
2450.000000
4250.000000
5857.000000
7253.000000
8388.000000
9389.000000
9998.000000
10335.000000
10391.000000
10049.000000
9550.000000
8737.000000
7535.000000
6320.000000
5029.000000
3681.000000
2335.000000
844.000000
-645.000000
-1939.000000
-2968.000000
-3857.000000
-4692.000000
-5461.000000
-6074.000000
-6381.000000
-6398.000000
-6327.000000
-6167.000000
-5907.000000
-5534.000000
-4905.000000
-4048.000000
-3180.000000
-2205.000000
-1149.000000
-95.000000
1082.000000
2343.000000
3554.000000
4719.000000
5719.000000
6541.000000
7280.000000
7869.000000
8300.000000
8412.000000
8144.000000
7590.000000
6825.000000
5917.000000
4674.000000
3131.000000
1533.000000
-239.000000
-1881.000000
-3378.000000
-5033.000000
-6510.000000
-7664.000000
-8552.000000
-9105.000000
-9601.000000
-9879.000000
-9835.000000
-9397.000000
-8544.000000
-7745.000000
-6892.000000
-5851.000000
-4577.000000
-2874.000000
-1314.000000
-44.000000
1303.000000
2492.000000
3877.000000
5276.000000
6198.000000
6812.000000
7250.000000
7665.000000
7998.000000
7977.000000
7746.000000
7171.000000
6468.000000
5861.000000
4899.000000
3778.000000
2603.000000
1267.000000
65.000000
-1276.000000
-2751.000000
-4037.000000
-5257.000000
-6241.000000
-7176.000000
-8077.000000
-8778.000000
-9197.000000
-9192.000000
-8972.000000
-8721.000000
-8152.000000
-7362.000000
-6205.000000
-4713.000000
-3235.000000
-1710.000000
-93.000000
1639.000000
3396.000000
4990.000000
6406.000000
7605.000000
8607.000000
9428.000000
9823.000000
9918.000000
9733.000000
9309.000000
8682.000000
7732.000000
6494.000000
5167.000000
3848.000000
2571.000000
1200.000000
-237.000000
-1650.000000
-2873.000000
-3786.000000
-4577.000000
-5324.000000
-5983.000000
-6431.000000
-6578.000000
-6488.000000
-6301.000000
-6052.000000
-5699.000000
-5118.000000
-4409.000000
-3509.000000
-2571.000000
-1588.000000
-475.000000
654.000000
1790.000000
2937.000000
4022.000000
5152.000000
6036.000000
6768.000000
7354.000000
7658.000000
7974.000000
7956.000000
7599.000000
6950.000000
5992.000000
5024.000000
3818.000000
2273.000000
752.000000
-1078.000000
-2625.000000
-3981.000000
-5486.000000
-6741.000000
-7895.000000
-8621.000000
-8910.000000
-9222.000000
-9235.000000
-9138.000000
-8702.000000
-7638.000000
-6737.000000
-5695.000000
-4704.000000
-3593.000000
-1890.000000
-355.000000
1005.000000
2321.000000
3280.000000
4596.000000
5865.000000
6769.000000
7399.000000
7571.000000
7845.000000
7969.000000
7806.000000
7530.000000
6706.000000
5895.000000
5196.000000
4091.000000
3038.000000
1716.000000
380.000000
-720.000000
-2028.000000
-3291.000000
-4564.000000
-5747.000000
-6521.000000
-7306.000000
-7911.000000
-8473.000000
-8879.000000
-8701.000000
-8437.000000
-7953.000000
-7208.000000
-6496.000000
-5341.000000
-3934.000000
-2451.000000
-874.000000
625.000000
2281.000000
3851.000000
5297.000000
6680.000000
7736.000000
8666.000000
9385.000000
9611.000000
9642.000000
9273.000000
8741.000000
8046.000000
6983.000000
5701.000000
4247.000000
2799.000000
1507.000000
198.000000
-1092.000000
-2429.000000
-3598.000000
-4396.000000
-5088.000000
-5577.000000
-6012.000000
-6383.000000
-6466.000000
-6324.000000
-6035.000000
-5663.000000
-5263.000000
-4607.000000
-3914.000000
-3027.000000
-2039.000000
-1083.000000
53.000000
1219.000000
2307.000000
3398.000000
4363.000000
5317.000000
6163.000000
6761.000000
7219.000000
7339.000000
7392.000000
7271.000000
6835.000000
6183.000000
5216.000000
4098.000000
2991.000000
1490.000000
-37.000000
-1599.000000
-3211.000000
-4437.000000
-5677.000000
-6882.000000
-7873.000000
-8549.000000
-8682.000000
-8651.000000
-8570.000000
-8302.000000
-7988.000000
-7032.000000
-5850.000000
-4826.000000
-3743.000000
-2834.000000
-1578.000000
39.000000
1414.000000
2718.000000
3716.000000
4632.000000
5769.000000
6709.000000
7427.000000
7687.000000
7722.000000
7754.000000
7478.000000
7089.000000
6418.000000
5409.000000
4571.000000
3509.000000
2330.000000
1100.000000
-253.000000
-1357.000000
-2413.000000
-3540.000000
-4671.000000
-5756.000000
-6484.000000
-7034.000000
-7402.000000
-7727.000000
-8130.000000
-8048.000000
-7697.000000
-7180.000000
-6395.000000
-5667.000000
-4725.000000
-3471.000000
-2108.000000
-576.000000
872.000000
2426.000000
3927.000000
5291.000000
6619.000000
7598.000000
8487.000000
9205.000000
9422.000000
9421.000000
8943.000000
8229.000000
7546.000000
6513.000000
5246.000000
3776.000000
2213.000000
849.000000
-388.000000
-1477.000000
-2665.000000
-3810.000000
-4566.000000
-5179.000000
-5526.000000
-5771.000000
-6075.000000
-6155.000000
-6050.000000
-5818.000000
-5410.000000
-5028.000000
-4456.000000
-3697.000000
-2838.000000
-1922.000000
-908.000000
205.000000
1382.000000
2591.000000
3665.000000
4527.000000
5298.000000
6063.000000
6679.000000
6981.000000
6976.000000
6739.000000
6380.000000
6010.000000
5344.000000
4513.000000
3369.000000
2125.000000
1100.000000
-137.000000
-1600.000000
-2917.000000
-4285.000000
-5352.000000
-6189.000000
-7063.000000
-7743.000000
-8291.000000
-8236.000000
-7898.000000
-7634.000000
-7202.000000
-6761.000000
-5910.000000
-4675.000000
-3639.000000
-2500.000000
-1651.000000
-642.000000
971.000000
2335.000000
3444.000000
4441.000000
5229.000000
6127.000000
6945.000000
7517.000000
7559.000000
7242.000000
7121.000000
6693.000000
6050.000000
5207.000000
4054.000000
3062.000000
2103.000000
1020.000000
-82.000000
-1352.000000
-2356.000000
-3074.000000
-3817.000000
-4700.000000
-5529.000000
-6061.000000
-6456.000000
-6604.000000
-6679.000000
-6951.000000
-6899.000000
-6459.000000
-5897.000000
-5165.000000
-4393.000000
-3424.000000
-2249.000000
-876.000000
559.000000
1891.000000
3319.000000
4726.000000
6003.000000
7107.000000
7734.000000
8271.000000
8663.000000
8660.000000
8414.000000
7687.000000
6707.000000
5744.000000
4723.000000
3639.000000
2296.000000
970.000000
-175.000000
-1212.000000
-1965.000000
-2789.000000
-3598.000000
-4179.000000
-4677.000000
-4961.000000
-5221.000000
-5518.000000
-5547.000000
-5524.000000
-5329.000000
-5024.000000
-4657.000000
-4028.000000
-3205.000000
-2170.000000
-1144.000000
-215.000000
950.000000
2110.000000
3251.000000
4317.000000
4936.000000
5439.000000
5788.000000
6063.000000
6197.000000
5854.000000
5358.000000
4816.000000
4203.000000
3649.000000
2852.000000
1931.000000
952.000000
0.000000
-751.000000
-1796.000000
-3005.000000
-4001.000000
-5015.000000
-5687.000000
-6278.000000
-6946.000000
-7370.000000
-7587.000000
-7214.000000
-6674.000000
-6271.000000
-5675.000000
-4980.000000
-3959.000000
-2725.000000
-1679.000000
-658.000000
170.000000
1229.000000
2537.000000
3471.000000
4296.000000
4982.000000
5500.000000
6120.000000
6414.000000
6474.000000
6237.000000
5804.000000
5538.000000
4903.000000
4051.000000
3128.000000
2114.000000
1354.000000
508.000000
-417.000000
-1345.000000
-2377.000000
-2959.000000
-3423.000000
-4102.000000
-4671.000000
-5240.000000
-5584.000000
-5666.000000
-5764.000000
-5741.000000
-5721.000000
-5394.000000
-4741.000000
-4128.000000
-3338.000000
-2452.000000
-1420.000000
-124.000000
1069.000000
2258.000000
3354.000000
4372.000000
5534.000000
6385.000000
6884.000000
7195.000000
7275.000000
7225.000000
6986.000000
6469.000000
5669.000000
4721.000000
3914.000000
3021.000000
1992.000000
1029.000000
67.000000
-776.000000
-1471.000000
-2187.000000
-2873.000000
-3510.000000
-3961.000000
-4255.000000
-4605.000000
-4903.000000
-5080.000000
-5039.000000
-4792.000000
-4433.000000
-3949.000000
-3419.000000
-2700.000000
-1673.000000
-699.000000
275.000000
1234.000000
2118.000000
3009.000000
3721.000000
4299.000000
4637.000000
4782.000000
4925.000000
4828.000000
4531.000000
4132.000000
3622.000000
3215.000000
2741.000000
2195.000000
1551.000000
760.000000
135.000000
-497.000000
-1240.000000
-2070.000000
-3186.000000
-4119.000000
-4901.000000
-5529.000000
-5901.000000
-6379.000000
-6571.000000
-6492.000000
-6120.000000
-5362.000000
-4723.000000
-4022.000000
-3226.000000
-2465.000000
-1425.000000
-598.000000
155.000000
881.000000
1449.000000
2271.000000
2963.000000
3518.000000
4105.000000
4476.000000
4964.000000
5245.000000
5274.000000
5216.000000
4800.000000
4404.000000
3846.000000
3035.000000
2174.000000
1159.000000
329.000000
-442.000000
-1252.000000
-1879.000000
-2594.000000
-3052.000000
-3319.000000
-3618.000000
-3846.000000
-4186.000000
-4417.000000
-4456.000000
-4537.000000
-4489.000000
-4454.000000
-4264.000000
-3796.000000
-3228.000000
-2417.000000
-1605.000000
-687.000000
473.000000
1586.000000
2705.000000
3694.000000
4490.000000
5226.000000
5740.000000
6078.000000
6167.000000
6018.000000
5764.000000
5410.000000
4926.000000
4332.000000
3719.000000
3116.000000
2479.000000
1816.000000
1101.000000
371.000000
-328.000000
-931.000000
-1568.000000
-2291.000000
-2960.000000
-3547.000000
-3954.000000
-4202.000000
-4417.000000
-4459.000000
-4380.000000
-4063.000000
-3500.000000
-2923.000000
-2265.000000
-1553.000000
-781.000000
-3.000000
705.000000
1384.000000
1888.000000
2406.000000
2932.000000
3232.000000
3535.000000
3698.000000
3771.000000
3848.000000
3731.000000
3511.000000
3131.000000
2661.000000
2277.000000
1726.000000
1179.000000
475.000000
-247.000000
-808.000000
-1495.000000
-2027.000000
-2707.000000
-3608.000000
-4155.000000
-4651.000000
-4936.000000
-5029.000000
-5137.000000
-5023.000000
-4867.000000
-4307.000000
-3656.000000
-3191.000000
-2603.000000
-2140.000000
-1604.000000
-920.000000
-412.000000
192.000000
600.000000
1138.000000
1947.000000
2554.000000
3145.000000
3649.000000
4013.000000
4287.000000
4363.000000
4327.000000
3897.000000
3296.000000
2776.000000
2032.000000
1290.000000
536.000000
-112.000000
-599.000000
-1025.000000
-1290.000000
-1606.000000
-1949.000000
-2111.000000
-2295.000000
-2532.000000
-2946.000000
-3346.000000
-3677.000000
-3986.000000
-4016.000000
-3966.000000
-3835.000000
-3385.000000
-2724.000000
-1869.000000
-989.000000
-75.000000
873.000000
1708.000000
2513.000000
3136.000000
3538.000000
3821.000000
4006.000000
4203.000000
4304.000000
4311.000000
4340.000000
4308.000000
4281.000000
4195.000000
3995.000000
3621.000000
3119.000000
2529.000000
1796.000000
984.000000
143.000000
-700.000000
-1423.000000
-2039.000000
-2517.000000
-2906.000000
-3151.000000
-3229.000000
-3224.000000
-3095.000000
-2946.000000
-2800.000000
-2566.000000
-2331.000000
-2031.000000
-1681.000000
-1313.000000
-794.000000
-253.000000
397.000000
1037.000000
1626.000000
2272.000000
2777.000000
3240.000000
3541.000000
3559.000000
3495.000000
3251.000000
2893.000000
2499.000000
2007.000000
1571.000000
1165.000000
841.000000
567.000000
202.000000
-104.000000
-474.000000
-933.000000
-1447.000000
-2267.000000
-3087.000000
-3809.000000
-4427.000000
-4716.000000
-4917.000000
-4949.000000
-4794.000000
-4347.000000
-3667.000000
-3030.000000
-2464.000000
-2009.000000
-1604.000000
-1094.000000
-651.000000
-330.000000
-106.000000
156.000000
709.000000
1406.000000
2117.000000
2719.000000
3149.000000
3535.000000
3863.000000
4024.000000
3867.000000
3326.000000
2716.000000
2039.000000
1368.000000
712.000000
83.000000
-403.000000
-683.000000
-803.000000
-919.000000
-1182.000000
-1454.000000
-1652.000000
-1907.000000
-2270.000000
-2779.000000
-3356.000000
-3787.000000
-3946.000000
-3874.000000
-3658.000000
-3295.000000
-2670.000000
-1845.000000
-926.000000
-49.000000
682.000000
1259.000000
1809.000000
2249.000000
2551.000000
2694.000000
2783.000000
2979.000000
3250.000000
3589.000000
3931.000000
4178.000000
4412.000000
4500.000000
4381.000000
4033.000000
3455.000000
2790.000000
1992.000000
1176.000000
330.000000
-491.000000
-1075.000000
-1458.000000
-1660.000000
-1789.000000
-1955.000000
-2061.000000
-2185.000000
-2260.000000
-2299.000000
-2419.000000
-2472.000000
-2475.000000
-2350.000000
-2021.000000
-1648.000000
-1033.000000
-380.000000
352.000000
1101.000000
1663.000000
2167.000000
2455.000000
2677.000000
2806.000000
2731.000000
2609.000000
2373.000000
2134.000000
1969.000000
1808.000000
1699.000000
1592.000000
1441.000000
1300.000000
1033.000000
643.000000
140.000000
-548.000000
-1252.000000
-2193.000000
-3020.000000
-3745.000000
-4273.000000
-4386.000000
-4323.000000
-4055.000000
-3681.000000
-3245.000000
-2793.000000
-2484.000000
-2352.000000
-2342.000000
-2331.000000
-2190.000000
-1938.000000
-1639.000000
-1250.000000
-751.000000
76.000000
1093.000000
2039.000000
2857.000000
3266.000000
3429.000000
3343.000000
3113.000000
2691.000000
2123.000000
1550.000000
1045.000000
716.000000
490.000000
409.000000
452.000000
518.000000
550.000000
403.000000
-10.000000
-634.000000
-1314.000000
-2012.000000
-2623.000000
-3121.000000
-3469.000000
-3594.000000
-3457.000000
-3065.000000
-2548.000000
-1959.000000
-1415.000000
-913.000000
-545.000000
-321.000000
-234.000000
-183.000000
-96.000000
210.000000
727.000000
1339.000000
2029.000000
2724.000000
3366.000000
3945.000000
4411.000000
4621.000000
4538.000000
4243.000000
3727.000000
3122.000000
2505.000000
1953.000000
1513.000000
1230.000000
1069.000000
929.000000
751.000000
452.000000
100.000000
-363.000000
-924.000000
-1534.000000
-2110.000000
-2645.000000
-2953.000000
-2992.000000
-2829.000000
-2421.000000
-1892.000000
-1278.000000
-723.000000
-248.000000
97.000000
240.000000
317.000000
319.000000
386.000000
499.000000
712.000000
1066.000000
1455.000000
1878.000000
2334.000000
2663.000000
2795.000000
2777.000000
2531.000000
2168.000000
1714.000000
1250.000000
819.000000
374.000000
129.000000
-96.000000
-274.000000
-575.000000
-1082.000000
-1567.000000
-2136.000000
-2523.000000
-2715.000000
-2941.000000
-3118.000000
-3157.000000
-3179.000000
-3097.000000
-3056.000000
-3041.000000
-3006.000000
-2893.000000
-2516.000000
-2153.000000
-1784.000000
-1441.000000
-1141.000000
-589.000000
10.000000
673.000000
1258.000000
1564.000000
1722.000000
1854.000000
1851.000000
1821.000000
1725.000000
1551.000000
1451.000000
1372.000000
1382.000000
1315.000000
1178.000000
1030.000000
831.000000
624.000000
350.000000
-24.000000
-452.000000
-893.000000
-1233.000000
-1454.000000
-1638.000000
-1760.000000
-1807.000000
-1842.000000
-1768.000000
-1731.000000
-1695.000000
-1729.000000
-1731.000000
-1670.000000
-1562.000000
-1362.000000
-1127.000000
-746.000000
-221.000000
394.000000
1046.000000
1631.000000
2089.000000
2481.000000
2753.000000
2965.000000
3069.000000
3044.000000
2995.000000
2921.000000
2875.000000
2820.000000
2737.000000
2630.000000
2406.000000
2167.000000
1844.000000
1464.000000
1015.000000
518.000000
21.000000
-414.000000
-771.000000
-1030.000000
-1184.000000
-1330.000000
-1359.000000
-1349.000000
-1331.000000
-1340.000000
-1381.000000
-1495.000000
-1587.000000
-1555.000000
-1430.000000
-1188.000000
-895.000000
-522.000000
-119.000000
328.000000
742.000000
1055.000000
1295.000000
1358.000000
1450.000000
1470.000000
1442.000000
1431.000000
1413.000000
1458.000000
1596.000000
1771.000000
1862.000000
1839.000000
1642.000000
1303.000000
721.000000
116.000000
-545.000000
-1144.000000
-1422.000000
-1616.000000
-1555.000000
-1513.000000
-1554.000000
-1673.000000
-2010.000000
-2445.000000
-2986.000000
-3391.000000
-3590.000000
-3499.000000
-3180.000000
-2732.000000
-2298.000000
-1787.000000
-1261.000000
-831.000000
-384.000000
-221.000000
-102.000000
-77.000000
-79.000000
-34.000000
-3.000000
184.000000
449.000000
914.000000
1393.000000
1782.000000
1980.000000
1945.000000
1742.000000
1382.000000
1055.000000
757.000000
598.000000
547.000000
596.000000
642.000000
614.000000
478.000000
152.000000
-233.000000
-752.000000
-1191.000000
-1542.000000
-1795.000000
-1927.000000
-2027.000000
-2011.000000
-1896.000000
-1628.000000
-1265.000000
-919.000000
-604.000000
-369.000000
-249.000000
-142.000000
-66.000000
63.000000
343.000000
721.000000
1227.000000
1737.000000
2159.000000
2463.000000
2569.000000
2571.000000
2459.000000
2315.000000
2210.000000
2133.000000
2124.000000
2133.000000
2089.000000
2017.000000
1843.000000
1616.000000
1335.000000
964.000000
617.000000
230.000000
-133.000000
-482.000000
-749.000000
-954.000000
-1088.000000
-1141.000000
-1161.000000
-1148.000000
-1150.000000
-1164.000000
-1236.000000
-1319.000000
-1357.000000
-1314.000000
-1122.000000
-829.000000
-464.000000
-149.000000
117.000000
257.000000
341.000000
355.000000
399.000000
518.000000
676.000000
936.000000
1156.000000
1391.000000
1540.000000
1619.000000
1628.000000
1532.000000
1374.000000
1069.000000
737.000000
352.000000
16.000000
-248.000000
-425.000000
-521.000000
-567.000000
-594.000000
-705.000000
-877.000000
-1241.000000
-1592.000000
-1936.000000
-2132.000000
-2134.000000
-2017.000000
-1772.000000
-1589.000000
-1379.000000
-1287.000000
-1283.000000
-1335.000000
-1467.000000
-1540.000000
-1581.000000
-1465.000000
-1242.000000
-935.000000
-595.000000
-244.000000
80.000000
340.000000
573.000000
690.000000
728.000000
685.000000
666.000000
579.000000
530.000000
491.000000
422.000000
389.000000
338.000000
332.000000
265.000000
184.000000
86.000000
-66.000000
-207.000000
-370.000000
-439.000000
-478.000000
-447.000000
-322.000000
-251.000000
-245.000000
-254.000000
-305.000000
-333.000000
-297.000000
-239.000000
-118.000000
4.000000
228.000000
445.000000
638.000000
791.000000
857.000000
915.000000
959.000000
1021.000000
1103.000000
1171.000000
1257.000000
1365.000000
1424.000000
1446.000000
1423.000000
1298.000000
1143.000000
966.000000
782.000000
597.000000
465.000000
379.000000
314.000000
274.000000
222.000000
173.000000
101.000000
32.000000
-62.000000
-132.000000
-216.000000
-266.000000
-235.000000
-197.000000
-124.000000
-25.000000
62.000000
123.000000
186.000000
168.000000
106.000000
41.000000
17.000000
84.000000
191.000000
367.000000
524.000000
675.000000
761.000000
736.000000
637.000000
401.000000
181.000000
-27.000000
-179.000000
-273.000000
-320.000000
-337.000000
-318.000000
-258.000000
-210.000000
-172.000000
-186.000000
-216.000000
-295.000000
-353.000000
-393.000000
-423.000000
-402.000000
-424.000000
-419.000000
-459.000000
-539.000000
-619.000000
-690.000000
-731.000000
-763.000000
-715.000000
-634.000000
-531.000000
-410.000000
-338.000000
-337.000000
-362.000000
-396.000000
-415.000000
-417.000000
-436.000000
-424.000000
-454.000000
-498.000000
-541.000000
-651.000000
-772.000000
-922.000000
-1014.000000
-1042.000000
-1011.000000
-889.000000
-767.000000
-661.000000
-597.000000
-567.000000
-598.000000
-649.000000
-680.000000
-668.000000
-606.000000
-485.000000
-351.000000
-244.000000
-134.000000
-61.000000
14.000000
65.000000
100.000000
140.000000
168.000000
251.000000
333.000000
421.000000
494.000000
548.000000
598.000000
649.000000
670.000000
702.000000
713.000000
700.000000
722.000000
686.000000
652.000000
649.000000
640.000000
636.000000
621.000000
609.000000
590.000000
585.000000
609.000000
637.000000
666.000000
713.000000
781.000000
814.000000
850.000000
825.000000
823.000000
824.000000
825.000000
867.000000
866.000000
870.000000
904.000000
904.000000
889.000000
860.000000
824.000000
826.000000
847.000000
884.000000
882.000000
805.000000
727.000000
560.000000
364.000000
121.000000
-153.000000
-331.000000
-477.000000
-507.000000
-482.000000
-462.000000
-425.000000
-368.000000
-310.000000
-264.000000
-269.000000
-302.000000
-370.000000
-436.000000
-461.000000
-471.000000
-454.000000
-430.000000
-406.000000
-357.000000
-327.000000
-281.000000
-237.000000
-216.000000
-192.000000
-186.000000
-172.000000
-151.000000
-141.000000
-149.000000
-169.000000
-205.000000
-222.000000
-263.000000
-301.000000
-364.000000
-423.000000
-505.000000
-611.000000
-715.000000
-855.000000
-1005.000000
-1119.000000
-1172.000000
-1165.000000
-1099.000000
-1017.000000
-933.000000
-867.000000
-835.000000
-818.000000
-828.000000
-811.000000
-789.000000
-708.000000
-612.000000
-538.000000
-437.000000
-374.000000
-288.000000
-207.000000
-140.000000
-113.000000
-78.000000
-44.000000
-8.000000
35.000000
33.000000
27.000000
5.000000
27.000000
27.000000
35.000000
19.000000
-32.000000
-6.000000
10.000000
54.000000
68.000000
61.000000
46.000000
45.000000
86.000000
122.000000
192.000000
257.000000
358.000000
457.000000
565.000000
640.000000
695.000000
749.000000
784.000000
858.000000
900.000000
970.000000
1016.000000
1106.000000
1182.000000
1245.000000
1324.000000
1301.000000
1320.000000
1284.000000
1260.000000
1220.000000
1143.000000
1084.000000
997.000000
916.000000
835.000000
718.000000
571.000000
446.000000
305.000000
198.000000
106.000000
43.000000
3.000000
-32.000000
-10.000000
-18.000000
-23.000000
-48.000000
-82.000000
-94.000000
-104.000000
-79.000000
-92.000000
-91.000000
-93.000000
-76.000000
-48.000000
-21.000000
4.000000
-6.000000
-14.000000
-32.000000
-40.000000
-100.000000
-137.000000
-162.000000
-185.000000
-209.000000
-258.000000
-308.000000
-395.000000
-441.000000
-489.000000
-540.000000
-601.000000
-680.000000
-757.000000
-839.000000
-896.000000
-940.000000
-955.000000
-949.000000
-899.000000
-861.000000
-813.000000
-765.000000
-730.000000
-677.000000
-635.000000
-571.000000
-538.000000
-496.000000
-454.000000
-414.000000
-359.000000
-323.000000
-279.000000
-254.000000
-239.000000
-245.000000
-253.000000
-294.000000
-320.000000
-337.000000
-378.000000
-400.000000
-443.000000
-485.000000
-534.000000
-526.000000
-507.000000
-473.000000
-435.000000
-416.000000
-383.000000
-385.000000
-363.000000
-351.000000
-315.000000
-265.000000
-198.000000
-101.000000
-22.000000
88.000000
186.000000
267.000000
338.000000
408.000000
474.000000
550.000000
633.000000
726.000000
797.000000
878.000000
981.000000
1043.000000
1083.000000
1067.000000
1038.000000
1011.000000
971.000000
950.000000
914.000000
862.000000
818.000000
770.000000
726.000000
673.000000
609.000000
527.000000
429.000000
357.000000
291.000000
228.000000
211.000000
205.000000
231.000000
270.000000
315.000000
411.000000
475.000000
531.000000
576.000000
580.000000
593.000000
593.000000
590.000000
573.000000
526.000000
500.000000
489.000000
481.000000
505.000000
502.000000
485.000000
439.000000
365.000000
289.000000
164.000000
39.000000
-84.000000
-204.000000
-308.000000
-406.000000
-495.000000
-567.000000
-645.000000
-712.000000
-772.000000
-820.000000
-871.000000
-906.000000
-931.000000
-957.000000
-978.000000
-993.000000
-973.000000
-931.000000
-872.000000
-779.000000
-682.000000
-568.000000
-481.000000
-422.000000
-354.000000
-319.000000
-266.000000
-199.000000
-164.000000
-138.000000
-138.000000
-177.000000
-231.000000
-292.000000
-353.000000
-403.000000
-435.000000
-459.000000
-484.000000
-530.000000
-585.000000
-652.000000
-703.000000
-727.000000
-726.000000
-698.000000
-657.000000
-624.000000
-576.000000
-529.000000
-479.000000
-410.000000
-355.000000
-279.000000
-198.000000
-100.000000
-14.000000
80.000000
156.000000
230.000000
319.000000
412.000000
502.000000
584.000000
654.000000
716.000000
764.000000
789.000000
776.000000
740.000000
714.000000
689.000000
666.000000
628.000000
571.000000
516.000000
472.000000
431.000000
380.000000
298.000000
211.000000
120.000000
48.000000
-1.000000
-47.000000
-81.000000
-99.000000
-93.000000
-58.000000
-18.000000
37.000000
124.000000
207.000000
319.000000
412.000000
503.000000
587.000000
626.000000
656.000000
676.000000
667.000000
689.000000
698.000000
706.000000
732.000000
744.000000
781.000000
780.000000
762.000000
719.000000
638.000000
554.000000
439.000000
313.000000
200.000000
68.000000
-39.000000
-119.000000
-194.000000
-266.000000
-336.000000
-397.000000
-444.000000
-467.000000
-483.000000
-512.000000
-550.000000
-594.000000
-627.000000
-623.000000
-593.000000
-556.000000
-500.000000
-429.000000
-338.000000
-248.000000
-170.000000
-123.000000
-73.000000
-31.000000
0.000000
38.000000
46.000000
34.000000
30.000000
2.000000
-47.000000
-114.000000
-205.000000
-296.000000
-392.000000
-478.000000
-585.000000
-686.000000
-760.000000
-819.000000
-863.000000
-903.000000
-948.000000
-962.000000
-968.000000
-961.000000
-924.000000
-880.000000
-813.000000
-718.000000
-616.000000
-512.000000
-400.000000
-297.000000
-181.000000
-72.000000
60.000000
169.000000
273.000000
370.000000
434.000000
492.000000
541.000000
584.000000
624.000000
658.000000
650.000000
640.000000
607.000000
565.000000
527.000000
468.000000
418.000000
362.000000
323.000000
267.000000
201.000000
139.000000
52.000000
-23.000000
-87.000000
-157.000000
-215.000000
-246.000000
-251.000000
-214.000000
-161.000000
-88.000000
-2.000000
63.000000
153.000000
243.000000
330.000000
407.000000
474.000000
538.000000
577.000000
611.000000
654.000000
678.000000
721.000000
778.000000
821.000000
854.000000
854.000000
830.000000
785.000000
709.000000
631.000000
534.000000
436.000000
319.000000
199.000000
92.000000
-16.000000
-91.000000
-157.000000
-214.000000
-242.000000
-273.000000
-300.000000
-328.000000
-353.000000
-378.000000
-414.000000
-437.000000
-453.000000
-461.000000
-433.000000
-384.000000
-315.000000
-241.000000
-165.000000
-92.000000
-45.000000
2.000000
33.000000
55.000000
66.000000
73.000000
65.000000
39.000000
10.000000
-25.000000
-68.000000
-123.000000
-163.000000
-231.000000
-286.000000
-369.000000
-461.000000
-562.000000
-673.000000
-761.000000
-841.000000
-894.000000
-948.000000
-970.000000
-962.000000
-935.000000
-866.000000
-784.000000
-706.000000
-621.000000
-533.000000
-438.000000
-324.000000
-241.000000
-161.000000
-62.000000
28.000000
156.000000
264.000000
364.000000
435.000000
482.000000
528.000000
540.000000
549.000000
535.000000
505.000000
486.000000
457.000000
408.000000
359.000000
305.000000
248.000000
193.000000
130.000000
78.000000
17.000000
-41.000000
-96.000000
-152.000000
-202.000000
-242.000000
-267.000000
-273.000000
-254.000000
-224.000000
-177.000000
-95.000000
13.000000
125.000000
242.000000
328.000000
402.000000
475.000000
527.000000
577.000000
608.000000
636.000000
669.000000
707.000000
753.000000
788.000000
800.000000
797.000000
780.000000
745.000000
688.000000
596.000000
516.000000
402.000000
305.000000
212.000000
98.000000
13.000000
-90.000000
-154.000000
-206.000000
-264.000000
-301.000000
-331.000000
-355.000000
-364.000000
-362.000000
-355.000000
-349.000000
-335.000000
-304.000000
-269.000000
-215.000000
-177.000000
-137.000000
-82.000000
-38.000000
22.000000
64.000000
109.000000
148.000000
181.000000
201.000000
211.000000
202.000000
170.000000
137.000000
88.000000
39.000000
-29.000000
-97.000000
-180.000000
-282.000000
-377.000000
-473.000000
-553.000000
-651.000000
-740.000000
-807.000000
-864.000000
-889.000000
-906.000000
-887.000000
-867.000000
-826.000000
-769.000000
-690.000000
-615.000000
-525.000000
-418.000000
-317.000000
-199.000000
-82.000000
28.000000
118.000000
200.000000
294.000000
368.000000
434.000000
489.000000
519.000000
532.000000
517.000000
477.000000
432.000000
365.000000
323.000000
294.000000
255.000000
232.000000
175.000000
122.000000
45.000000
-29.000000
-110.000000
-194.000000
-250.000000
-286.000000
-305.000000
-318.000000
-331.000000
-322.000000
-287.000000
-240.000000
-167.000000
-102.000000
-33.000000
55.000000
133.000000
218.000000
302.000000
382.000000
464.000000
544.000000
619.000000
676.000000
719.000000
748.000000
764.000000
763.000000
762.000000
738.000000
712.000000
666.000000
622.000000
565.000000
481.000000
405.000000
300.000000
199.000000
102.000000
-7.000000
-99.000000
-186.000000
-247.000000
-298.000000
-331.000000
-347.000000
-359.000000
-356.000000
-350.000000
-340.000000
-313.000000
-280.000000
-233.000000
-186.000000
-144.000000
-89.000000
-44.000000
3.000000
50.000000
94.000000
131.000000
143.000000
164.000000
188.000000
195.000000
190.000000
183.000000
161.000000
127.000000
93.000000
22.000000
-43.000000
-126.000000
-206.000000
-290.000000
-370.000000
-449.000000
-521.000000
-597.000000
-658.000000
-714.000000
-751.000000
-784.000000
-795.000000
-782.000000
-771.000000
-734.000000
-675.000000
-602.000000
-516.000000
-428.000000
-322.000000
-219.000000
-105.000000
11.000000
104.000000
212.000000
293.000000
369.000000
431.000000
462.000000
470.000000
473.000000
471.000000
467.000000
452.000000
428.000000
389.000000
347.000000
306.000000
240.000000
186.000000
126.000000
63.000000
4.000000
-54.000000
-104.000000
-162.000000
-213.000000
-245.000000
-269.000000
-284.000000
-283.000000
-279.000000
-280.000000
-250.000000
-203.000000
-141.000000
-69.000000
16.000000
90.000000
158.000000
222.000000
287.000000
346.000000
407.000000
463.000000
508.000000
552.000000
589.000000
593.000000
604.000000
590.000000
574.000000
559.000000
524.000000
487.000000
449.000000
396.000000
332.000000
254.000000
181.000000
93.000000
5.000000
-74.000000
-155.000000
-221.000000
-270.000000
-294.000000
-300.000000
-307.000000
-288.000000
-266.000000
-235.000000
-204.000000
-170.000000
-136.000000
-127.000000
-112.000000
-102.000000
-92.000000
-67.000000
-50.000000
-1.000000
30.000000
57.000000
80.000000
93.000000
110.000000
120.000000
121.000000
104.000000
78.000000
57.000000
17.000000
-37.000000
-83.000000
-131.000000
-184.000000
-229.000000
-278.000000
-321.000000
-384.000000
-447.000000
-493.000000
-537.000000
-560.000000
-584.000000
-593.000000
-581.000000
-564.000000
-524.000000
-472.000000
-418.000000
-356.000000
-283.000000
-210.000000
-127.000000
-45.000000
35.000000
104.000000
165.000000
214.000000
241.000000
257.000000
277.000000
284.000000
296.000000
299.000000
300.000000
291.000000
270.000000
255.000000
224.000000
191.000000
154.000000
112.000000
67.000000
19.000000
-23.000000
-59.000000
-83.000000
-102.000000
-116.000000
-134.000000
-152.000000
-159.000000
-148.000000
-125.000000
-96.000000
-60.000000
-12.000000
35.000000
96.000000
155.000000
201.000000
244.000000
286.000000
319.000000
347.000000
363.000000
375.000000
387.000000
390.000000
402.000000
415.000000
410.000000
411.000000
389.000000
367.000000
330.000000
294.000000
254.000000
194.000000
143.000000
86.000000
39.000000
-8.000000
-51.000000
-81.000000
-112.000000
-137.000000
-151.000000
-170.000000
-176.000000
-155.000000
-146.000000
-124.000000
-108.000000
-98.000000
-85.000000
-80.000000
-64.000000
-57.000000
-55.000000
-53.000000
-56.000000
-62.000000
-61.000000
-59.000000
-55.000000
-51.000000
-38.000000
-18.000000
-15.000000
-11.000000
-22.000000
-29.000000
-47.000000
-75.000000
-94.000000
-133.000000
-173.000000
-213.000000
-252.000000
-288.000000
-322.000000
-338.000000
-365.000000
-368.000000
-379.000000
-372.000000
-357.000000
-339.000000
-312.000000
-290.000000
-239.000000
-192.000000
-141.000000
-98.000000
-57.000000
-13.000000
16.000000
54.000000
85.000000
104.000000
101.000000
114.000000
126.000000
124.000000
112.000000
98.000000
81.000000
66.000000
59.000000
44.000000
41.000000
33.000000
24.000000
34.000000
25.000000
7.000000
-7.000000
-43.000000
-63.000000
-74.000000
-76.000000
-75.000000
-81.000000
-60.000000
-47.000000
-26.000000
16.000000
39.000000
89.000000
119.000000
163.000000
199.000000
221.000000
259.000000
284.000000
313.000000
328.000000
339.000000
350.000000
356.000000
348.000000
345.000000
329.000000
331.000000
320.000000
307.000000
300.000000
269.000000
230.000000
183.000000
144.000000
107.000000
68.000000
37.000000
3.000000
-24.000000
-52.000000
-71.000000
-91.000000
-108.000000
-119.000000
-115.000000
-111.000000
-98.000000
-73.000000
-61.000000
-34.000000
-22.000000
-17.000000
-15.000000
-25.000000
-29.000000
-49.000000
-69.000000
-92.000000
-116.000000
-128.000000
-127.000000
-128.000000
-118.000000
-114.000000
-103.000000
-91.000000
-98.000000
-95.000000
-105.000000
-118.000000
-147.000000
-172.000000
-202.000000
-233.000000
-257.000000
-278.000000
-298.000000
-319.000000
-324.000000
-321.000000
-311.000000
-299.000000
-273.000000
-258.000000
-235.000000
-208.000000
-186.000000
-161.000000
-130.000000
-79.000000
-35.000000
6.000000
48.000000
76.000000
92.000000
101.000000
109.000000
102.000000
98.000000
104.000000
96.000000
89.000000
82.000000
75.000000
69.000000
59.000000
60.000000
59.000000
50.000000
45.000000
44.000000
39.000000
40.000000
29.000000
10.000000
0.000000
-14.000000
-19.000000
-29.000000
-28.000000
-13.000000
6.000000
30.000000
60.000000
95.000000
129.000000
158.000000
201.000000
237.000000
266.000000
282.000000
284.000000
277.000000
276.000000
261.000000
249.000000
243.000000
248.000000
250.000000
258.000000
255.000000
237.000000
225.000000
196.000000
186.000000
167.000000
132.000000
110.000000
75.000000
61.000000
38.000000
12.000000
-19.000000
-44.000000
-63.000000
-76.000000
-77.000000
-72.000000
-63.000000
-47.000000
-22.000000
-7.000000
7.000000
23.000000
32.000000
41.000000
36.000000
19.000000
-6.000000
-43.000000
-78.000000
-110.000000
-124.000000
-150.000000
-165.000000
-171.000000
-168.000000
-158.000000
-135.000000
-113.000000
-101.000000
-90.000000
-100.000000
-116.000000
-146.000000
-176.000000
-202.000000
-227.000000
-257.000000
-281.000000
-299.000000
-314.000000
-312.000000
-295.000000
-278.000000
-237.000000
-208.000000
-167.000000
-134.000000
-109.000000
-81.000000
-63.000000
-49.000000
-28.000000
-15.000000
-2.000000
8.000000
14.000000
22.000000
21.000000
17.000000
11.000000
-9.000000
-12.000000
-17.000000
-30.000000
-33.000000
-43.000000
-41.000000
-46.000000
-46.000000
-34.000000
-22.000000
-17.000000
-13.000000
-7.000000
-4.000000
1.000000
5.000000
8.000000
11.000000
28.000000
41.000000
57.000000
76.000000
96.000000
129.000000
161.000000
204.000000
246.000000
272.000000
292.000000
299.000000
300.000000
292.000000
277.000000
259.000000
245.000000
222.000000
204.000000
196.000000
192.000000
177.000000
172.000000
169.000000
153.000000
144.000000
121.000000
105.000000
80.000000
55.000000
36.000000
14.000000
-8.000000
-29.000000
-43.000000
-50.000000
-54.000000
-54.000000
-32.000000
-14.000000
14.000000
30.000000
56.000000
73.000000
97.000000
117.000000
130.000000
129.000000
120.000000
111.000000
81.000000
52.000000
22.000000
-13.000000
-48.000000
-90.000000
-126.000000
-147.000000
-158.000000
-154.000000
-147.000000
-139.000000
-125.000000
-121.000000
-123.000000
-134.000000
-157.000000
-183.000000
-214.000000
-245.000000
-281.000000
-312.000000
-331.000000
-336.000000
-325.000000
-297.000000
-255.000000
-202.000000
-154.000000
-105.000000
-59.000000
-23.000000
14.000000
37.000000
49.000000
55.000000
49.000000
34.000000
21.000000
2.000000
-15.000000
-29.000000
-34.000000
-43.000000
-51.000000
-52.000000
-58.000000
-71.000000
-85.000000
-93.000000
-99.000000
-117.000000
-133.000000
-140.000000
-138.000000
-135.000000
-145.000000
-135.000000
-121.000000
-111.000000
-85.000000
-66.000000
-26.000000
-9.000000
14.000000
51.000000
68.000000
97.000000
118.000000
148.000000
175.000000
214.000000
238.000000
269.000000
284.000000
290.000000
294.000000
282.000000
277.000000
256.000000
243.000000
223.000000
208.000000
191.000000
175.000000
164.000000
154.000000
149.000000
141.000000
130.000000
114.000000
100.000000
76.000000
53.000000
29.000000
-1.000000
-11.000000
-14.000000
-22.000000
-19.000000
-12.000000
0.000000
14.000000
25.000000
39.000000
57.000000
77.000000
104.000000
119.000000
130.000000
135.000000
144.000000
135.000000
114.000000
89.000000
63.000000
32.000000
-5.000000
-33.000000
-58.000000
-68.000000
-71.000000
-67.000000
-55.000000
-39.000000
-30.000000
-22.000000
-26.000000
-38.000000
-57.000000
-97.000000
-132.000000
-170.000000
-208.000000
-230.000000
-247.000000
-254.000000
-249.000000
-232.000000
-209.000000
-174.000000
-135.000000
-97.000000
-68.000000
-38.000000
-12.000000
3.000000
9.000000
-2.000000
-16.000000
-27.000000
-37.000000
-55.000000
-70.000000
-86.000000
-92.000000
-113.000000
-116.000000
-117.000000
-132.000000
-125.000000
-137.000000
-137.000000
-141.000000
-144.000000
-150.000000
-154.000000
-146.000000
-146.000000
-140.000000
-127.000000
-105.000000
-99.000000
-75.000000
-55.000000
-33.000000
-7.000000
15.000000
37.000000
57.000000
76.000000
98.000000
115.000000
122.000000
132.000000
145.000000
159.000000
167.000000
174.000000
167.000000
164.000000
162.000000
155.000000
144.000000
127.000000
119.000000
107.000000
100.000000
97.000000
92.000000
92.000000
93.000000
98.000000
95.000000
86.000000
91.000000
99.000000
92.000000
76.000000
69.000000
60.000000
54.000000
47.000000
53.000000
65.000000
86.000000
106.000000
115.000000
129.000000
139.000000
153.000000
157.000000
153.000000
145.000000
126.000000
104.000000
86.000000
64.000000
35.000000
18.000000
2.000000
-21.000000
-36.000000
-53.000000
-65.000000
-69.000000
-56.000000
-39.000000
-37.000000
-29.000000
-28.000000
-30.000000
-40.000000
-54.000000
-78.000000
-98.000000
-114.000000
-132.000000
-144.000000
-156.000000
-162.000000
-153.000000
-135.000000
-109.000000
-86.000000
-60.000000
-30.000000
-11.000000
-3.000000
0.000000
-6.000000
-12.000000
-31.000000
-51.000000
-71.000000
-92.000000
-107.000000
-122.000000
-129.000000
-131.000000
-133.000000
-133.000000
-135.000000
-136.000000
-125.000000
-118.000000
-132.000000
-137.000000
-146.000000
-148.000000
-145.000000
-139.000000
-134.000000
-134.000000
-115.000000
-101.000000
-75.000000
-52.000000
-35.000000
-12.000000
5.000000
31.000000
48.000000
56.000000
55.000000
57.000000
64.000000
82.000000
103.000000
103.000000
106.000000
109.000000
118.000000
116.000000
117.000000
107.000000
90.000000
81.000000
69.000000
62.000000
49.000000
40.000000
37.000000
24.000000
33.000000
36.000000
47.000000
49.000000
50.000000
63.000000
65.000000
72.000000
63.000000
61.000000
59.000000
61.000000
73.000000
87.000000
98.000000
114.000000
136.000000
154.000000
172.000000
172.000000
175.000000
164.000000
147.000000
133.000000
113.000000
93.000000
72.000000
42.000000
15.000000
-9.000000
-15.000000
-11.000000
-6.000000
-9.000000
-11.000000
0.000000
3.000000
3.000000
-2.000000
-24.000000
-38.000000
-41.000000
-33.000000
-29.000000
-42.000000
-53.000000
-62.000000
-68.000000
-64.000000
-60.000000
-53.000000
-49.000000
-32.000000
-14.000000
3.000000
18.000000
10.000000
3.000000
1.000000
-9.000000
-9.000000
-16.000000
-32.000000
-46.000000
-70.000000
-76.000000
-86.000000
-102.000000
-110.000000
-120.000000
-121.000000
-128.000000
-134.000000
-134.000000
-141.000000
-146.000000
-158.000000
-164.000000
-168.000000
-165.000000
-144.000000
-143.000000
-137.000000
-136.000000
-132.000000
-108.000000
-88.000000
-70.000000
-50.000000
-29.000000
10.000000
38.000000
40.000000
31.000000
21.000000
26.000000
51.000000
85.000000
100.000000
94.000000
95.000000
95.000000
103.000000
89.000000
63.000000
42.000000
14.000000
22.000000
28.000000
18.000000
-4.000000
-31.000000
-35.000000
-26.000000
-7.000000
0.000000
-6.000000
-3.000000
13.000000
40.000000
55.000000
43.000000
19.000000
2.000000
18.000000
45.000000
64.000000
64.000000
65.000000
74.000000
119.000000
164.000000
179.000000
169.000000
145.000000
141.000000
147.000000
161.000000
137.000000
88.000000
54.000000
30.000000
42.000000
51.000000
34.000000
14.000000
-1.000000
13.000000
46.000000
62.000000
53.000000
20.000000
0.000000
10.000000
26.000000
28.000000
10.000000
-14.000000
-22.000000
-3.000000
43.000000
68.000000
64.000000
48.000000
34.000000
50.000000
60.000000
48.000000
22.000000
-2.000000
1.000000
12.000000
30.000000
8.000000
-42.000000
-69.000000
-84.000000
-79.000000
-83.000000
-101.000000
-119.000000
-135.000000
-128.000000
-125.000000
-137.000000
-156.000000
-180.000000
-182.000000
-182.000000
-186.000000
-191.000000
-200.000000
-191.000000
-181.000000
-166.000000
-163.000000
-169.000000
-163.000000
-138.000000
-97.000000
-72.000000
-57.000000
-44.000000
-31.000000
2.000000
18.000000
7.000000
-4.000000
-1.000000
15.000000
43.000000
60.000000
61.000000
63.000000
84.000000
103.000000
89.000000
37.000000
-6.000000
-8.000000
22.000000
39.000000
24.000000
-10.000000
-5.000000
47.000000
79.000000
45.000000
-59.000000
-131.000000
-80.000000
49.000000
153.000000
143.000000
39.000000
-17.000000
20.000000
97.000000
57.000000
-132.000000
-264.000000
-181.000000
126.000000
416.000000
444.000000
211.000000
-70.000000
-130.000000
7.000000
142.000000
110.000000
-52.000000
-65.000000
142.000000
391.000000
389.000000
-8.000000
-434.000000
-533.000000
-184.000000
319.000000
525.000000
379.000000
80.000000
-7.000000
153.000000
262.000000
126.000000
-204.000000
-311.000000
-5.000000
481.000000
764.000000
549.000000
85.000000
-204.000000
-137.000000
152.000000
264.000000
111.000000
-82.000000
-61.000000
198.000000
344.000000
188.000000
-214.000000
-543.000000
-491.000000
-201.000000
67.000000
68.000000
-109.000000
-193.000000
-135.000000
-13.000000
-58.000000
-261.000000
-416.000000
-396.000000
-154.000000
62.000000
105.000000
27.000000
-90.000000
-63.000000
1.000000
-1.000000
-80.000000
-175.000000
-112.000000
40.000000
178.000000
216.000000
139.000000
78.000000
44.000000
35.000000
0.000000
-99.000000
-126.000000
-92.000000
11.000000
80.000000
17.000000
-101.000000
-220.000000
-262.000000
-265.000000
-287.000000
-290.000000
-292.000000
-221.000000
-118.000000
-83.000000
-106.000000
-209.000000
-263.000000
-259.000000
-213.000000
-123.000000
-66.000000
27.000000
128.000000
228.000000
285.000000
247.000000
181.000000
114.000000
99.000000
154.000000
204.000000
267.000000
312.000000
320.000000
299.000000
212.000000
111.000000
15.000000
-35.000000
-31.000000
-18.000000
4.000000
1.000000
-39.000000
-84.000000
-166.000000
-246.000000
-319.000000
-340.000000
-292.000000
-229.000000
-137.000000
-66.000000
-12.000000
21.000000
24.000000
23.000000
0.000000
5.000000
60.000000
123.000000
213.000000
264.000000
304.000000
333.000000
328.000000
307.000000
272.000000
269.000000
283.000000
307.000000
322.000000
289.000000
247.000000
204.000000
164.000000
131.000000
70.000000
0.000000
-65.000000
-94.000000
-91.000000
-88.000000
-107.000000
-144.000000
-172.000000
-180.000000
-190.000000
-221.000000
-272.000000
-305.000000
-287.000000
-222.000000
-130.000000
-86.000000
-83.000000
-85.000000
-78.000000
-31.000000
5.000000
16.000000
22.000000
57.000000
131.000000
186.000000
208.000000
169.000000
104.000000
65.000000
67.000000
74.000000
55.000000
27.000000
4.000000
-1.000000
13.000000
-21.000000
-93.000000
-171.000000
-218.000000
-198.000000
-161.000000
-120.000000
-126.000000
-147.000000
-145.000000
-141.000000
-126.000000
-127.000000
-135.000000
-120.000000
-82.000000
-28.000000
18.000000
36.000000
45.000000
57.000000
80.000000
107.000000
113.000000
104.000000
82.000000
83.000000
93.000000
110.000000
110.000000
91.000000
88.000000
65.000000
46.000000
20.000000
-17.000000
-43.000000
-54.000000
-49.000000
-51.000000
-82.000000
-134.000000
-175.000000
-185.000000
-163.000000
-146.000000
-131.000000
-121.000000
-94.000000
-49.000000
-9.000000
21.000000
1.000000
-10.000000
18.000000
81.000000
153.000000
177.000000
180.000000
172.000000
196.000000
245.000000
271.000000
264.000000
222.000000
195.000000
198.000000
215.000000
219.000000
171.000000
99.000000
51.000000
52.000000
76.000000
69.000000
20.000000
-41.000000
-69.000000
-61.000000
-49.000000
-63.000000
-109.000000
-152.000000
-153.000000
-135.000000
-122.000000
-141.000000
-174.000000
-175.000000
-143.000000
-79.000000
-29.000000
-17.000000
-4.000000
12.000000
24.000000
27.000000
17.000000
1.000000
7.000000
35.000000
59.000000
65.000000
41.000000
15.000000
11.000000
6.000000
6.000000
-24.000000
-45.000000
-47.000000
-31.000000
-10.000000
-33.000000
-75.000000
-109.000000
-108.000000
-72.000000
-60.000000
-64.000000
-87.000000
-96.000000
-66.000000
-46.000000
-38.000000
-74.000000
-118.000000
-115.000000
-72.000000
-2.000000
18.000000
12.000000
1.000000
-7.000000
32.000000
42.000000
53.000000
32.000000
1.000000
14.000000
28.000000
56.000000
47.000000
11.000000
-1.000000
1.000000
18.000000
34.000000
18.000000
-7.000000
-49.000000
-60.000000
-52.000000
-52.000000
-59.000000
-106.000000
-134.000000
-142.000000
-125.000000
-82.000000
-69.000000
-52.000000
-54.000000
-45.000000
-8.000000
7.000000
37.000000
30.000000
56.000000
106.000000
143.000000
187.000000
181.000000
155.000000
138.000000
129.000000
164.000000
181.000000
179.000000
166.000000
140.000000
132.000000
104.000000
87.000000
58.000000
31.000000
48.000000
62.000000
86.000000
83.000000
48.000000
29.000000
-13.000000
-36.000000
-50.000000
-78.000000
-89.000000
-94.000000
-67.000000
-52.000000
-63.000000
-69.000000
-87.000000
-69.000000
-54.000000
-44.000000
-10.000000
-10.000000
7.000000
17.000000
12.000000
15.000000
-9.000000
2.000000
6.000000
11.000000
23.000000
12.000000
20.000000
6.000000
1.000000
-3.000000
-29.000000
-28.000000
-44.000000
-51.000000
-53.000000
-69.000000
-65.000000
-60.000000
-57.000000
-70.000000
-97.000000
-113.000000
-117.000000
-96.000000
-62.000000
-50.000000
-41.000000
-31.000000
-4.000000
18.000000
13.000000
3.000000
-17.000000
-6.000000
18.000000
47.000000
63.000000
38.000000
15.000000
6.000000
8.000000
7.000000
-25.000000
-55.000000
-74.000000
-62.000000
-26.000000
-4.000000
-8.000000
-32.000000
-62.000000
-76.000000
-86.000000
-99.000000
-113.000000
-112.000000
-83.000000
-52.000000
-38.000000
-54.000000
-75.000000
-84.000000
-65.000000
-32.000000
-5.000000
28.000000
60.000000
83.000000
106.000000
107.000000
85.000000
75.000000
85.000000
98.000000
115.000000
122.000000
131.000000
131.000000
130.000000
109.000000
78.000000
45.000000
25.000000
45.000000
66.000000
92.000000
96.000000
88.000000
67.000000
45.000000
10.000000
-22.000000
-36.000000
-38.000000
-13.000000
8.000000
-3.000000
-26.000000
-48.000000
-61.000000
-42.000000
-21.000000
-8.000000
1.000000
11.000000
32.000000
41.000000
40.000000
32.000000
35.000000
48.000000
64.000000
85.000000
79.000000
57.000000
32.000000
18.000000
21.000000
13.000000
-5.000000
-21.000000
-26.000000
-37.000000
-55.000000
-78.000000
-94.000000
-108.000000
-108.000000
-94.000000
-77.000000
-63.000000
-65.000000
-68.000000
-79.000000
-74.000000
-63.000000
-55.000000
-28.000000
-9.000000
19.000000
25.000000
17.000000
8.000000
-14.000000
-4.000000
11.000000
34.000000
60.000000
59.000000
54.000000
35.000000
20.000000
0.000000
-18.000000
-35.000000
-40.000000
-35.000000
-33.000000
-39.000000
-53.000000
-76.000000
-93.000000
-93.000000
-84.000000
-71.000000
-84.000000
-95.000000
-93.000000
-80.000000
-60.000000
-62.000000
-75.000000
-95.000000
-94.000000
-83.000000
-70.000000
-52.000000
-41.000000
-25.000000
11.000000
56.000000
91.000000
108.000000
102.000000
100.000000
102.000000
113.000000
118.000000
109.000000
99.000000
91.000000
92.000000
88.000000
79.000000
68.000000
52.000000
40.000000
28.000000
22.000000
28.000000
24.000000
16.000000
5.000000
-11.000000
-22.000000
-25.000000
-17.000000
-17.000000
-28.000000
-34.000000
-26.000000
-8.000000
13.000000
23.000000
22.000000
12.000000
19.000000
44.000000
67.000000
77.000000
81.000000
82.000000
83.000000
91.000000
96.000000
86.000000
62.000000
43.000000
39.000000
46.000000
35.000000
12.000000
-10.000000
-32.000000
-31.000000
-37.000000
-43.000000
-57.000000
-71.000000
-69.000000
-69.000000
-68.000000
-60.000000
-74.000000
-78.000000
-69.000000
-59.000000
-50.000000
-53.000000
-38.000000
-33.000000
-10.000000
6.000000
12.000000
22.000000
19.000000
41.000000
47.000000
61.000000
66.000000
47.000000
53.000000
51.000000
50.000000
37.000000
14.000000
9.000000
8.000000
6.000000
-3.000000
-39.000000
-78.000000
-106.000000
-110.000000
-103.000000
-101.000000
-103.000000
-107.000000
-90.000000
-80.000000
-89.000000
-101.000000
-119.000000
-125.000000
-110.000000
-83.000000
-57.000000
-62.000000
-68.000000
-54.000000
-26.000000
27.000000
53.000000
74.000000
88.000000
102.000000
122.000000
109.000000
92.000000
68.000000
59.000000
62.000000
73.000000
67.000000
52.000000
21.000000
0.000000
-12.000000
-17.000000
-25.000000
-37.000000
-21.000000
-19.000000
-8.000000
-20.000000
-53.000000
-65.000000
-61.000000
-36.000000
-25.000000
-22.000000
-1.000000
8.000000
35.000000
45.000000
46.000000
44.000000
39.000000
71.000000
94.000000
127.000000
145.000000
143.000000
145.000000
146.000000
152.000000
135.000000
124.000000
115.000000
104.000000
92.000000
72.000000
41.000000
15.000000
-9.000000
-26.000000
-39.000000
-68.000000
-80.000000
-85.000000
-87.000000
-91.000000
-110.000000
-129.000000
-127.000000
-129.000000
-125.000000
-121.000000
-118.000000
-103.000000
-76.000000
-33.000000
-15.000000
5.000000
13.000000
27.000000
52.000000
67.000000
89.000000
96.000000
106.000000
119.000000
126.000000
126.000000
109.000000
89.000000
78.000000
70.000000
59.000000
40.000000
23.000000
4.000000
-12.000000
-32.000000
-60.000000
-90.000000
-112.000000
-130.000000
-136.000000
-137.000000
-136.000000
-137.000000
-132.000000
-114.000000
-127.000000
-139.000000
-152.000000
-141.000000
-108.000000
-77.000000
-49.000000
-37.000000
-19.000000
12.000000
35.000000
53.000000
48.000000
50.000000
60.000000
89.000000
112.000000
105.000000
83.000000
63.000000
61.000000
66.000000
61.000000
38.000000
16.000000
0.000000
14.000000
21.000000
13.000000
-23.000000
-73.000000
-93.000000
-102.000000
-92.000000
-99.000000
-109.000000
-105.000000
-84.000000
-50.000000
-38.000000
-40.000000
-50.000000
-42.000000
-17.000000
21.000000
44.000000
44.000000
44.000000
60.000000
89.000000
123.000000
147.000000
148.000000
147.000000
150.000000
159.000000
154.000000
145.000000
112.000000
80.000000
66.000000
69.000000
57.000000
40.000000
17.000000
-14.000000
-28.000000
-36.000000
-39.000000
-63.000000
-83.000000
-114.000000
-128.000000
-116.000000
-101.000000
-94.000000
-96.000000
-87.000000
-69.000000
-41.000000
-10.000000
8.000000
18.000000
28.000000
48.000000
70.000000
88.000000
94.000000
91.000000
89.000000
100.000000
118.000000
129.000000
128.000000
121.000000
120.000000
107.000000
83.000000
59.000000
38.000000
3.000000
-25.000000
-46.000000
-66.000000
-85.000000
-97.000000
-100.000000
-112.000000
-120.000000
-131.000000
-143.000000
-146.000000
-149.000000
-145.000000
-144.000000
-138.000000
-124.000000
-104.000000
-78.000000
-57.000000
-38.000000
-25.000000
2.000000
37.000000
71.000000
97.000000
106.000000
114.000000
112.000000
109.000000
103.000000
99.000000
90.000000
79.000000
85.000000
84.000000
81.000000
67.000000
42.000000
20.000000
-10.000000
-36.000000
-53.000000
-79.000000
-92.000000
-102.000000
-109.000000
-109.000000
-113.000000
-115.000000
-116.000000
-110.000000
-88.000000
-60.000000
-35.000000
-18.000000
0.000000
7.000000
14.000000
24.000000
23.000000
36.000000
40.000000
60.000000
80.000000
93.000000
110.000000
112.000000
106.000000
104.000000
96.000000
88.000000
78.000000
65.000000
62.000000
47.000000
40.000000
10.000000
-9.000000
-35.000000
-58.000000
-58.000000
-76.000000
-77.000000
-84.000000
-80.000000
-82.000000
-91.000000
-95.000000
-97.000000
-89.000000
-63.000000
-35.000000
-13.000000
9.000000
18.000000
38.000000
40.000000
51.000000
55.000000
60.000000
65.000000
69.000000
86.000000
92.000000
103.000000
114.000000
116.000000
106.000000
98.000000
80.000000
57.000000
38.000000
27.000000
13.000000
-8.000000
-24.000000
-39.000000
-47.000000
-60.000000
-76.000000
-94.000000
-109.000000
-108.000000
-112.000000
-114.000000
-112.000000
-107.000000
-91.000000
-77.000000
-64.000000
-52.000000
-45.000000
-40.000000
-32.000000
-7.000000
15.000000
26.000000
38.000000
42.000000
46.000000
45.000000
45.000000
45.000000
47.000000
60.000000
61.000000
69.000000
66.000000
44.000000
32.000000
14.000000
1.000000
-15.000000
-30.000000
-31.000000
-36.000000
-40.000000
-54.000000
-53.000000
-58.000000
-53.000000
-43.000000
-37.000000
-28.000000
-28.000000
-15.000000
-11.000000
-2.000000
-3.000000
-3.000000
7.000000
17.000000
37.000000
49.000000
46.000000
45.000000
42.000000
49.000000
51.000000
47.000000
46.000000
37.000000
35.000000
29.000000
21.000000
18.000000
9.000000
11.000000
13.000000
11.000000
-3.000000
-31.000000
-60.000000
-89.000000
-99.000000
-97.000000
-100.000000
-86.000000
-84.000000
-64.000000
-48.000000
-47.000000
-42.000000
-39.000000
-22.000000
8.000000
34.000000
38.000000
40.000000
33.000000
37.000000
50.000000
66.000000
79.000000
90.000000
99.000000
108.000000
121.000000
99.000000
92.000000
63.000000
41.000000
49.000000
36.000000
32.000000
12.000000
1.000000
-14.000000
-29.000000
-30.000000
-54.000000
-73.000000
-99.000000
-104.000000
-106.000000
-104.000000
-94.000000
-89.000000
-86.000000
-77.000000
-70.000000
-66.000000
-43.000000
-35.000000
-21.000000
-6.000000
19.000000
37.000000
48.000000
55.000000
42.000000
48.000000
56.000000
59.000000
74.000000
76.000000
79.000000
75.000000
76.000000
60.000000
37.000000
22.000000
-3.000000
-7.000000
-16.000000
-19.000000
-26.000000
-41.000000
-58.000000
-72.000000
-90.000000
-110.000000
-119.000000
-126.000000
-121.000000
-100.000000
-89.000000
-78.000000
-66.000000
-54.000000
-33.000000
-18.000000
-1.000000
17.000000
30.000000
43.000000
53.000000
58.000000
59.000000
64.000000
62.000000
66.000000
70.000000
81.000000
83.000000
78.000000
80.000000
72.000000
63.000000
45.000000
15.000000
3.000000
-11.000000
-32.000000
-43.000000
-55.000000
-60.000000
-68.000000
-74.000000
-77.000000
-80.000000
-80.000000
-70.000000
-54.000000
-44.000000
-29.000000
-25.000000
-17.000000
7.000000
25.000000
36.000000
44.000000
44.000000
58.000000
74.000000
75.000000
85.000000
79.000000
79.000000
85.000000
93.000000
88.000000
68.000000
60.000000
50.000000
58.000000
54.000000
37.000000
24.000000
-5.000000
-15.000000
-26.000000
-44.000000
-61.000000
-78.000000
-82.000000
-85.000000
-74.000000
-81.000000
-84.000000
-83.000000
-76.000000
-65.000000
-53.000000
-39.000000
-26.000000
-2.000000
20.000000
34.000000
33.000000
38.000000
38.000000
51.000000
59.000000
57.000000
67.000000
71.000000
79.000000
80.000000
74.000000
54.000000
30.000000
19.000000
23.000000
14.000000
-5.000000
-17.000000
-35.000000
-52.000000
-59.000000
-60.000000
-75.000000
-86.000000
-97.000000
-97.000000
-95.000000
-88.000000
-96.000000
-94.000000
-80.000000
-67.000000
-38.000000
-20.000000
-8.000000
-3.000000
1.000000
18.000000
