6.000000
8.000000
6.000000
3.000000
6.000000
6.000000
4.000000
3.000000
2.000000
6.000000
9.000000
5.000000
7.000000
3.000000
5.000000
3.000000
-8.000000
-1.000000
-5.000000
-10.000000
-11.000000
-7.000000
-6.000000
-3.000000
-10.000000
-11.000000
-6.000000
-12.000000
-4.000000
-9.000000
-6.000000
-6.000000
-6.000000
-7.000000
-7.000000
1.000000
0.000000
11.000000
9.000000
5.000000
17.000000
10.000000
10.000000
15.000000
7.000000
2.000000
5.000000
3.000000
6.000000
2.000000
-5.000000
-1.000000
5.000000
2.000000
-9.000000
-2.000000
-12.000000
-10.000000
-4.000000
-11.000000
-6.000000
-10.000000
-17.000000
-10.000000
-10.000000
-9.000000
-7.000000
-6.000000
-3.000000
-1.000000
-3.000000
0.000000
8.000000
2.000000
4.000000
8.000000
15.000000
15.000000
17.000000
11.000000
8.000000
10.000000
7.000000
6.000000
9.000000
12.000000
4.000000
7.000000
4.000000
0.000000
-1.000000
3.000000
-3.000000
-6.000000
4.000000
3.000000
6.000000
2.000000
4.000000
-1.000000
-3.000000
-5.000000
-6.000000
-6.000000
-4.000000
-1.000000
-2.000000
-3.000000
1.000000
1.000000
-1.000000
-1.000000
-5.000000
-1.000000
1.000000
5.000000
7.000000
7.000000
15.000000
9.000000
7.000000
14.000000
11.000000
12.000000
-3.000000
0.000000
-6.000000
-7.000000
0.000000
-5.000000
1.000000
-1.000000
2.000000
3.000000
2.000000
-7.000000
-6.000000
-13.000000
-16.000000
-6.000000
-7.000000
-4.000000
-5.000000
-8.000000
-12.000000
-7.000000
-4.000000
0.000000
3.000000
-1.000000
-1.000000
-1.000000
7.000000
9.000000
6.000000
4.000000
4.000000
3.000000
5.000000
5.000000
1.000000
7.000000
8.000000
8.000000
11.000000
14.000000
3.000000
-3.000000
-1.000000
-2.000000
0.000000
-11.000000
-4.000000
-7.000000
-12.000000
-5.000000
-7.000000
-7.000000
-11.000000
-5.000000
-6.000000
-8.000000
-3.000000
-2.000000
1.000000
-4.000000
-3.000000
-1.000000
-4.000000
0.000000
-1.000000
-2.000000
-5.000000
-2.000000
-3.000000
4.000000
1.000000
5.000000
11.000000
5.000000
5.000000
12.000000
4.000000
-3.000000
4.000000
6.000000
10.000000
1.000000
13.000000
6.000000
-5.000000
1.000000
6.000000
9.000000
-5.000000
0.000000
-3.000000
0.000000
1.000000
-11.000000
-9.000000
-7.000000
-4.000000
-5.000000
-2.000000
1.000000
3.000000
4.000000
7.000000
9.000000
4.000000
4.000000
6.000000
4.000000
7.000000
7.000000
-1.000000
3.000000
11.000000
4.000000
0.000000
-1.000000
2.000000
0.000000
-7.000000
4.000000
5.000000
1.000000
2.000000
1.000000
8.000000
3.000000
-1.000000
5.000000
4.000000
4.000000
4.000000
1.000000
-1.000000
0.000000
-2.000000
-2.000000
-6.000000
-11.000000
-8.000000
-5.000000
-7.000000
-5.000000
-7.000000
-8.000000
2.000000
-1.000000
0.000000
5.000000
10.000000
6.000000
7.000000
7.000000
5.000000
-3.000000
-9.000000
-5.000000
-8.000000
0.000000
-1.000000
-10.000000
-5.000000
1.000000
-1.000000
-4.000000
-3.000000
-5.000000
-4.000000
-2.000000
-5.000000
-2.000000
-10.000000
-10.000000
0.000000
-1.000000
-7.000000
-2.000000
-4.000000
-1.000000
2.000000
-1.000000
-1.000000
1.000000
4.000000
0.000000
-4.000000
-9.000000
-1.000000
4.000000
0.000000
5.000000
-5.000000
0.000000
2.000000
-5.000000
-3.000000
-5.000000
-2.000000
6.000000
0.000000
-1.000000
0.000000
3.000000
-3.000000
-11.000000
-1.000000
-2.000000
-2.000000
-3.000000
-4.000000
2.000000
-1.000000
3.000000
1.000000
-8.000000
-3.000000
1.000000
5.000000
0.000000
-3.000000
1.000000
1.000000
3.000000
-3.000000
-4.000000
-1.000000
-2.000000
-5.000000
0.000000
-3.000000
-2.000000
-6.000000
-4.000000
-3.000000
-6.000000
-2.000000
-3.000000
-2.000000
3.000000
2.000000
-6.000000
0.000000
1.000000
5.000000
0.000000
1.000000
-1.000000
1.000000
7.000000
2.000000
4.000000
3.000000
7.000000
4.000000
-2.000000
5.000000
-3.000000
-1.000000
-6.000000
-10.000000
-2.000000
-1.000000
-5.000000
-8.000000
2.000000
-5.000000
-6.000000
2.000000
5.000000
2.000000
4.000000
9.000000
3.000000
1.000000
-1.000000
3.000000
6.000000
5.000000
3.000000
0.000000
0.000000
1.000000
3.000000
-3.000000
0.000000
1.000000
-2.000000
-2.000000
-7.000000
-8.000000
-2.000000
-4.000000
1.000000
3.000000
3.000000
3.000000
-4.000000
6.000000
4.000000
1.000000
5.000000
-5.000000
-2.000000
-4.000000
-9.000000
-5.000000
-5.000000
-9.000000
-10.000000
-1.000000
-3.000000
-8.000000
-1.000000
-1.000000
-9.000000
-7.000000
-2.000000
-7.000000
-6.000000
-6.000000
-8.000000
0.000000
-2.000000
-4.000000
-4.000000
1.000000
4.000000
-1.000000
6.000000
4.000000
3.000000
3.000000
-2.000000
4.000000
5.000000
10.000000
12.000000
8.000000
6.000000
7.000000
7.000000
5.000000
-1.000000
-4.000000
0.000000
0.000000
0.000000
-3.000000
-6.000000
-3.000000
-6.000000
0.000000
0.000000
-1.000000
-3.000000
1.000000
1.000000
3.000000
7.000000
5.000000
19.000000
13.000000
9.000000
8.000000
1.000000
-7.000000
-5.000000
-7.000000
-14.000000
-11.000000
-7.000000
-9.000000
-7.000000
-12.000000
-7.000000
-3.000000
-3.000000
6.000000
0.000000
-2.000000
-2.000000
3.000000
1.000000
4.000000
6.000000
4.000000
12.000000
5.000000
6.000000
5.000000
5.000000
3.000000
5.000000
11.000000
7.000000
11.000000
1.000000
-1.000000
-3.000000
-9.000000
-4.000000
-7.000000
-7.000000
-5.000000
0.000000
2.000000
1.000000
0.000000
-6.000000
3.000000
-3.000000
-4.000000
-1.000000
-7.000000
-6.000000
-2.000000
-1.000000
-2.000000
-2.000000
-1.000000
-1.000000
2.000000
5.000000
2.000000
14.000000
11.000000
3.000000
8.000000
7.000000
1.000000
9.000000
12.000000
7.000000
8.000000
6.000000
3.000000
3.000000
10.000000
3.000000
1.000000
5.000000
4.000000
6.000000
6.000000
-2.000000
-5.000000
-5.000000
0.000000
-5.000000
-7.000000
3.000000
-4.000000
-8.000000
-1.000000
-5.000000
-1.000000
-1.000000
-9.000000
-10.000000
-10.000000
-14.000000
-16.000000
-11.000000
-11.000000
-10.000000
-7.000000
1.000000
-6.000000
-3.000000
-2.000000
-7.000000
5.000000
1.000000
2.000000
6.000000
6.000000
5.000000
5.000000
4.000000
4.000000
7.000000
2.000000
9.000000
9.000000
-2.000000
1.000000
-1.000000
-7.000000
-8.000000
-6.000000
-4.000000
-4.000000
-10.000000
-3.000000
-4.000000
-6.000000
-3.000000
0.000000
6.000000
4.000000
1.000000
-3.000000
-4.000000
4.000000
2.000000
2.000000
3.000000
0.000000
6.000000
4.000000
-3.000000
-4.000000
9.000000
10.000000
5.000000
13.000000
8.000000
5.000000
9.000000
17.000000
12.000000
9.000000
15.000000
10.000000
9.000000
10.000000
10.000000
9.000000
1.000000
3.000000
7.000000
9.000000
9.000000
2.000000
-4.000000
-5.000000
-2.000000
-2.000000
-12.000000
-8.000000
-6.000000
-11.000000
-9.000000
-7.000000
-13.000000
-13.000000
-11.000000
-8.000000
-6.000000
-5.000000
-4.000000
-4.000000
-4.000000
-5.000000
1.000000
6.000000
1.000000
8.000000
0.000000
4.000000
9.000000
5.000000
9.000000
10.000000
8.000000
5.000000
12.000000
1.000000
4.000000
9.000000
12.000000
8.000000
8.000000
10.000000
7.000000
14.000000
2.000000
-1.000000
-4.000000
-2.000000
-7.000000
-13.000000
-8.000000
-11.000000
-21.000000
-16.000000
-13.000000
-16.000000
-18.000000
-15.000000
-14.000000
-12.000000
-11.000000
-13.000000
-10.000000
-8.000000
-5.000000
-3.000000
2.000000
6.000000
1.000000
4.000000
2.000000
-5.000000
-2.000000
2.000000
4.000000
7.000000
8.000000
8.000000
6.000000
6.000000
12.000000
9.000000
10.000000
0.000000
3.000000
9.000000
8.000000
10.000000
8.000000
14.000000
8.000000
3.000000
2.000000
1.000000
3.000000
6.000000
3.000000
-1.000000
-3.000000
1.000000
-6.000000
-5.000000
-5.000000
-10.000000
-9.000000
-10.000000
-1.000000
1.000000
4.000000
4.000000
1.000000
2.000000
0.000000
-1.000000
0.000000
-1.000000
2.000000
4.000000
4.000000
1.000000
2.000000
-1.000000
0.000000
4.000000
3.000000
-3.000000
7.000000
6.000000
1.000000
15.000000
8.000000
11.000000
2.000000
4.000000
13.000000
5.000000
4.000000
-1.000000
-6.000000
-6.000000
-3.000000
-3.000000
-6.000000
-5.000000
-4.000000
0.000000
-6.000000
-3.000000
-4.000000
1.000000
1.000000
-3.000000
0.000000
-6.000000
-8.000000
-13.000000
-12.000000
-11.000000
-7.000000
-9.000000
-5.000000
-3.000000
-10.000000
-7.000000
-2.000000
-3.000000
-1.000000
0.000000
-7.000000
-8.000000
-11.000000
2.000000
10.000000
9.000000
7.000000
7.000000
9.000000
5.000000
3.000000
0.000000
0.000000
2.000000
2.000000
6.000000
6.000000
7.000000
3.000000
8.000000
1.000000
2.000000
-5.000000
-10.000000
0.000000
-12.000000
-8.000000
-9.000000
-10.000000
-11.000000
-18.000000
-14.000000
-14.000000
-13.000000
-12.000000
-12.000000
-14.000000
-13.000000
-4.000000
-12.000000
0.000000
3.000000
0.000000
4.000000
-2.000000
3.000000
1.000000
6.000000
8.000000
6.000000
5.000000
8.000000
10.000000
8.000000
11.000000
16.000000
11.000000
7.000000
11.000000
8.000000
10.000000
9.000000
13.000000
18.000000
9.000000
10.000000
1.000000
4.000000
7.000000
0.000000
-1.000000
0.000000
10.000000
2.000000
-5.000000
-7.000000
-7.000000
-9.000000
-4.000000
-5.000000
-9.000000
-2.000000
-3.000000
-4.000000
-1.000000
-4.000000
-3.000000
-6.000000
0.000000
0.000000
5.000000
1.000000
5.000000
7.000000
-1.000000
9.000000
2.000000
8.000000
10.000000
12.000000
8.000000
7.000000
10.000000
7.000000
9.000000
9.000000
9.000000
16.000000
9.000000
8.000000
13.000000
6.000000
6.000000
11.000000
5.000000
-6.000000
3.000000
-2.000000
-6.000000
-7.000000
-13.000000
-9.000000
-15.000000
-11.000000
-15.000000
-19.000000
-20.000000
-19.000000
-18.000000
-17.000000
-20.000000
-12.000000
-13.000000
-13.000000
-8.000000
-8.000000
-1.000000
-5.000000
2.000000
-4.000000
2.000000
1.000000
1.000000
0.000000
0.000000
6.000000
0.000000
6.000000
5.000000
2.000000
9.000000
9.000000
8.000000
5.000000
6.000000
8.000000
-1.000000
4.000000
-2.000000
1.000000
4.000000
-1.000000
-1.000000
-1.000000
-5.000000
-2.000000
6.000000
3.000000
5.000000
1.000000
1.000000
-4.000000
-5.000000
-3.000000
-1.000000
-5.000000
-9.000000
3.000000
0.000000
-3.000000
-10.000000
-8.000000
-1.000000
4.000000
6.000000
11.000000
15.000000
5.000000
7.000000
12.000000
7.000000
7.000000
8.000000
11.000000
7.000000
3.000000
4.000000
3.000000
-2.000000
-2.000000
3.000000
0.000000
1.000000
-2.000000
2.000000
5.000000
1.000000
2.000000
1.000000
-2.000000
-5.000000
-5.000000
-2.000000
0.000000
-3.000000
-1.000000
-1.000000
-4.000000
0.000000
-6.000000
-10.000000
-12.000000
-12.000000
-6.000000
-10.000000
-6.000000
-2.000000
-4.000000
-5.000000
-4.000000
-4.000000
-3.000000
0.000000
7.000000
5.000000
2.000000
-2.000000
2.000000
7.000000
0.000000
3.000000
0.000000
7.000000
7.000000
7.000000
1.000000
-2.000000
-2.000000
-1.000000
3.000000
4.000000
4.000000
-1.000000
9.000000
5.000000
4.000000
6.000000
-1.000000
8.000000
2.000000
-3.000000
-1.000000
-4.000000
-5.000000
-7.000000
-7.000000
-8.000000
-11.000000
-16.000000
-13.000000
-11.000000
-17.000000
-14.000000
-10.000000
-10.000000
-6.000000
-4.000000
0.000000
5.000000
9.000000
4.000000
4.000000
6.000000
-2.000000
6.000000
3.000000
5.000000
7.000000
7.000000
9.000000
8.000000
5.000000
8.000000
10.000000
4.000000
8.000000
9.000000
6.000000
11.000000
13.000000
12.000000
6.000000
6.000000
7.000000
-3.000000
-2.000000
3.000000
-2.000000
-8.000000
-1.000000
0.000000
-5.000000
-6.000000
-8.000000
-10.000000
-11.000000
-19.000000
-14.000000
-9.000000
-6.000000
-2.000000
-7.000000
-7.000000
-9.000000
-4.000000
-4.000000
-3.000000
0.000000
7.000000
7.000000
4.000000
10.000000
8.000000
11.000000
11.000000
11.000000
12.000000
14.000000
15.000000
11.000000
9.000000
9.000000
9.000000
3.000000
4.000000
1.000000
1.000000
9.000000
3.000000
10.000000
4.000000
4.000000
5.000000
-4.000000
6.000000
2.000000
-3.000000
-3.000000
-9.000000
-12.000000
-9.000000
-3.000000
-7.000000
-7.000000
-7.000000
-3.000000
-6.000000
-11.000000
-11.000000
-9.000000
-1.000000
-4.000000
2.000000
-1.000000
-3.000000
-4.000000
-2.000000
-4.000000
-4.000000
-3.000000
-3.000000
5.000000
2.000000
3.000000
8.000000
-1.000000
-3.000000
-2.000000
0.000000
-2.000000
-6.000000
-5.000000
-8.000000
-8.000000
-3.000000
-4.000000
-4.000000
-3.000000
-5.000000
-5.000000
-3.000000
-5.000000
-9.000000
-4.000000
-2.000000
-5.000000
-11.000000
-11.000000
-8.000000
-6.000000
-5.000000
-7.000000
-11.000000
-7.000000
-8.000000
-7.000000
-6.000000
-12.000000
-4.000000
-7.000000
-8.000000
-3.000000
-2.000000
0.000000
3.000000
11.000000
7.000000
7.000000
9.000000
7.000000
5.000000
4.000000
12.000000
10.000000
14.000000
10.000000
14.000000
13.000000
7.000000
0.000000
-3.000000
7.000000
5.000000
2.000000
6.000000
5.000000
6.000000
6.000000
4.000000
9.000000
1.000000
-2.000000
-4.000000
-8.000000
-9.000000
-2.000000
-4.000000
-7.000000
-8.000000
-5.000000
-1.000000
0.000000
0.000000
0.000000
3.000000
5.000000
1.000000
1.000000
-3.000000
-3.000000
8.000000
2.000000
4.000000
11.000000
7.000000
5.000000
4.000000
6.000000
9.000000
9.000000
9.000000
9.000000
10.000000
5.000000
-2.000000
-1.000000
7.000000
-1.000000
5.000000
10.000000
8.000000
9.000000
1.000000
-1.000000
2.000000
2.000000
1.000000
-3.000000
-6.000000
-7.000000
-4.000000
-2.000000
-10.000000
-10.000000
-8.000000
-17.000000
-13.000000
-9.000000
-8.000000
-8.000000
-6.000000
0.000000
-2.000000
-3.000000
5.000000
9.000000
7.000000
8.000000
10.000000
13.000000
4.000000
7.000000
10.000000
1.000000
7.000000
2.000000
4.000000
0.000000
-1.000000
2.000000
-1.000000
4.000000
2.000000
1.000000
-1.000000
-1.000000
0.000000
2.000000
1.000000
0.000000
0.000000
-1.000000
-4.000000
0.000000
-4.000000
-8.000000
-12.000000
-10.000000
-10.000000
-11.000000
-8.000000
-7.000000
-7.000000
-8.000000
-8.000000
-12.000000
-5.000000
-8.000000
-10.000000
-5.000000
-3.000000
1.000000
2.000000
0.000000
0.000000
6.000000
3.000000
3.000000
-2.000000
1.000000
3.000000
6.000000
11.000000
11.000000
9.000000
4.000000
8.000000
6.000000
7.000000
0.000000
-1.000000
0.000000
-6.000000
-1.000000
-3.000000
-3.000000
-9.000000
-5.000000
-5.000000
-3.000000
-6.000000
-4.000000
-3.000000
-4.000000
5.000000
3.000000
4.000000
-1.000000
1.000000
-3.000000
-5.000000
-5.000000
-6.000000
-6.000000
-7.000000
0.000000
-5.000000
-5.000000
-4.000000
4.000000
4.000000
2.000000
9.000000
9.000000
8.000000
11.000000
11.000000
6.000000
9.000000
14.000000
17.000000
21.000000
21.000000
16.000000
12.000000
12.000000
10.000000
10.000000
5.000000
4.000000
2.000000
3.000000
-2.000000
-4.000000
-1.000000
-7.000000
3.000000
-2.000000
-9.000000
-5.000000
-7.000000
-3.000000
-2.000000
-5.000000
-12.000000
-12.000000
-7.000000
-10.000000
-9.000000
-14.000000
-5.000000
-2.000000
-5.000000
-1.000000
6.000000
2.000000
3.000000
5.000000
10.000000
7.000000
8.000000
10.000000
12.000000
10.000000
7.000000
15.000000
12.000000
9.000000
8.000000
5.000000
10.000000
10.000000
6.000000
6.000000
4.000000
3.000000
3.000000
-3.000000
-5.000000
-4.000000
-4.000000
-1.000000
-5.000000
-6.000000
-10.000000
-11.000000
-3.000000
-4.000000
-5.000000
2.000000
-7.000000
-9.000000
-6.000000
-7.000000
0.000000
3.000000
2.000000
-9.000000
-13.000000
-2.000000
4.000000
1.000000
1.000000
1.000000
3.000000
6.000000
5.000000
1.000000
3.000000
6.000000
8.000000
15.000000
7.000000
-4.000000
-3.000000
-3.000000
-2.000000
-7.000000
2.000000
2.000000
-3.000000
4.000000
1.000000
2.000000
2.000000
-2.000000
0.000000
3.000000
1.000000
-1.000000
-3.000000
6.000000
-2.000000
-5.000000
-2.000000
-9.000000
-10.000000
-11.000000
-10.000000
-3.000000
0.000000
-8.000000
-14.000000
-9.000000
-11.000000
-9.000000
-12.000000
-24.000000
-14.000000
-17.000000
-4.000000
7.000000
-3.000000
3.000000
6.000000
3.000000
8.000000
11.000000
10.000000
14.000000
14.000000
18.000000
18.000000
28.000000
30.000000
20.000000
21.000000
10.000000
21.000000
16.000000
8.000000
8.000000
-1.000000
3.000000
3.000000
6.000000
-1.000000
2.000000
3.000000
-4.000000
-3.000000
-17.000000
-9.000000
-5.000000
-6.000000
-13.000000
-13.000000
-8.000000
-9.000000
-7.000000
-19.000000
-19.000000
-20.000000
-7.000000
-2.000000
-2.000000
5.000000
-1.000000
9.000000
-2.000000
-13.000000
-10.000000
-3.000000
-1.000000
1.000000
4.000000
-3.000000
4.000000
-5.000000
-6.000000
6.000000
10.000000
14.000000
2.000000
-8.000000
-4.000000
7.000000
7.000000
-6.000000
-10.000000
-11.000000
-15.000000
-16.000000
-23.000000
-37.000000
-22.000000
-16.000000
-19.000000
-9.000000
-22.000000
4.000000
20.000000
16.000000
10.000000
-3.000000
3.000000
0.000000
19.000000
17.000000
16.000000
19.000000
7.000000
10.000000
-15.000000
-2.000000
-5.000000
6.000000
13.000000
-9.000000
15.000000
-10.000000
-20.000000
-15.000000
-37.000000
-23.000000
-14.000000
-23.000000
-34.000000
-26.000000
-29.000000
-25.000000
-12.000000
-31.000000
-27.000000
-30.000000
-24.000000
-6.000000
20.000000
38.000000
47.000000
52.000000
33.000000
42.000000
52.000000
65.000000
66.000000
80.000000
84.000000
86.000000
99.000000
64.000000
63.000000
49.000000
25.000000
19.000000
-13.000000
-30.000000
-25.000000
-20.000000
-18.000000
-33.000000
-73.000000
-96.000000
-120.000000
-131.000000
-118.000000
-99.000000
-74.000000
-101.000000
-125.000000
-147.000000
-169.000000
-176.000000
-241.000000
-243.000000
-144.000000
44.000000
186.000000
181.000000
121.000000
19.000000
117.000000
198.000000
185.000000
104.000000
-78.000000
100.000000
338.000000
500.000000
430.000000
92.000000
5.000000
23.000000
214.000000
214.000000
-1.000000
-72.000000
-85.000000
190.000000
238.000000
58.000000
-207.000000
-376.000000
-177.000000
-58.000000
54.000000
-124.000000
-290.000000
-212.000000
-169.000000
-19.000000
-171.000000
-356.000000
-367.000000
-307.000000
-56.000000
36.000000
18.000000
-56.000000
-104.000000
-8.000000
53.000000
65.000000
21.000000
10.000000
88.000000
231.000000
292.000000
246.000000
140.000000
5.000000
42.000000
55.000000
51.000000
111.000000
84.000000
191.000000
161.000000
135.000000
16.000000
-90.000000
-19.000000
-54.000000
54.000000
-185.000000
-141.000000
-87.000000
-4.000000
195.000000
-208.000000
-201.000000
-465.000000
-236.000000
19.000000
-118.000000
132.000000
-201.000000
61.000000
132.000000
85.000000
98.000000
-235.000000
10.000000
-32.000000
260.000000
182.000000
-13.000000
86.000000
-58.000000
307.000000
124.000000
12.000000
-66.000000
-112.000000
244.000000
217.000000
251.000000
0.000000
-127.000000
45.000000
47.000000
39.000000
-109.000000
-162.000000
-20.000000
116.000000
74.000000
-34.000000
-152.000000
-126.000000
-2.000000
-61.000000
-191.000000
-266.000000
-111.000000
73.000000
124.000000
22.000000
-204.000000
-192.000000
-58.000000
85.000000
59.000000
-79.000000
-74.000000
27.000000
253.000000
250.000000
120.000000
-30.000000
-171.000000
26.000000
99.000000
98.000000
72.000000
-69.000000
90.000000
184.000000
155.000000
-36.000000
-259.000000
-184.000000
-17.000000
139.000000
61.000000
-136.000000
-176.000000
6.000000
152.000000
110.000000
-146.000000
-300.000000
-108.000000
93.000000
211.000000
88.000000
-91.000000
-102.000000
122.000000
188.000000
16.000000
-94.000000
-151.000000
104.000000
239.000000
180.000000
137.000000
-118.000000
-3.000000
116.000000
137.000000
57.000000
-213.000000
-118.000000
-62.000000
131.000000
158.000000
-82.000000
-179.000000
-210.000000
32.000000
117.000000
11.000000
-234.000000
-273.000000
18.000000
181.000000
121.000000
-166.000000
-332.000000
-91.000000
130.000000
110.000000
-156.000000
-363.000000
-97.000000
221.000000
247.000000
-49.000000
-260.000000
-116.000000
77.000000
209.000000
33.000000
-198.000000
-61.000000
137.000000
289.000000
150.000000
-100.000000
-29.000000
77.000000
167.000000
108.000000
-4.000000
-120.000000
-31.000000
172.000000
198.000000
94.000000
-129.000000
-169.000000
-78.000000
96.000000
152.000000
17.000000
-109.000000
-75.000000
115.000000
221.000000
60.000000
-199.000000
-143.000000
-8.000000
138.000000
135.000000
-111.000000
-39.000000
-5.000000
134.000000
120.000000
-181.000000
-191.000000
-155.000000
118.000000
138.000000
58.000000
22.000000
-70.000000
114.000000
77.000000
74.000000
-90.000000
-187.000000
0.000000
110.000000
149.000000
-9.000000
-116.000000
-93.000000
-44.000000
95.000000
3.000000
-150.000000
-129.000000
-3.000000
271.000000
164.000000
-23.000000
-101.000000
-108.000000
130.000000
175.000000
110.000000
-122.000000
-167.000000
101.000000
290.000000
266.000000
-14.000000
-273.000000
-259.000000
16.000000
171.000000
104.000000
-170.000000
-256.000000
0.000000
183.000000
193.000000
-109.000000
-267.000000
-279.000000
-122.000000
-5.000000
-154.000000
-113.000000
-180.000000
69.000000
137.000000
-78.000000
-37.000000
-114.000000
133.000000
193.000000
94.000000
154.000000
75.000000
266.000000
308.000000
171.000000
65.000000
-91.000000
154.000000
187.000000
179.000000
119.000000
14.000000
188.000000
36.000000
46.000000
-192.000000
-273.000000
-49.000000
-60.000000
6.000000
-272.000000
-290.000000
-114.000000
-91.000000
-108.000000
-323.000000
-413.000000
-258.000000
-48.000000
24.000000
-118.000000
-153.000000
8.000000
78.000000
46.000000
-163.000000
-222.000000
44.000000
218.000000
339.000000
121.000000
-114.000000
30.000000
284.000000
491.000000
230.000000
-76.000000
-149.000000
65.000000
418.000000
353.000000
105.000000
-212.000000
-219.000000
56.000000
117.000000
-40.000000
-309.000000
-323.000000
-35.000000
79.000000
35.000000
-207.000000
-336.000000
-133.000000
6.000000
74.000000
-90.000000
-302.000000
-142.000000
53.000000
169.000000
173.000000
-60.000000
-113.000000
-42.000000
181.000000
309.000000
177.000000
85.000000
-9.000000
110.000000
115.000000
157.000000
132.000000
-38.000000
23.000000
20.000000
118.000000
88.000000
-42.000000
-42.000000
-183.000000
-114.000000
-68.000000
-106.000000
-134.000000
-227.000000
-37.000000
44.000000
34.000000
-81.000000
-220.000000
-129.000000
-7.000000
82.000000
-41.000000
-162.000000
-77.000000
92.000000
172.000000
54.000000
-108.000000
-72.000000
110.000000
186.000000
133.000000
14.000000
28.000000
132.000000
222.000000
161.000000
6.000000
-15.000000
12.000000
169.000000
94.000000
1.000000
59.000000
-44.000000
97.000000
57.000000
60.000000
-6.000000
-96.000000
113.000000
124.000000
163.000000
68.000000
49.000000
-9.000000
22.000000
180.000000
72.000000
24.000000
-68.000000
101.000000
270.000000
177.000000
108.000000
-15.000000
27.000000
222.000000
286.000000
204.000000
-3.000000
-20.000000
124.000000
199.000000
176.000000
-21.000000
-129.000000
-121.000000
-18.000000
47.000000
-51.000000
-139.000000
-204.000000
-124.000000
-112.000000
-189.000000
-259.000000
-335.000000
-266.000000
-238.000000
-196.000000
-252.000000
-380.000000
-424.000000
-415.000000
-273.000000
-332.000000
-412.000000
-468.000000
-533.000000
-494.000000
-410.000000
-331.000000
-435.000000
-518.000000
-541.000000
-440.000000
-311.000000
-327.000000
-272.000000
-345.000000
-349.000000
-174.000000
-123.000000
-101.000000
-204.000000
-176.000000
-45.000000
68.000000
192.000000
45.000000
42.000000
72.000000
286.000000
363.000000
198.000000
141.000000
109.000000
373.000000
422.000000
453.000000
321.000000
182.000000
381.000000
431.000000
513.000000
365.000000
307.000000
343.000000
441.000000
522.000000
480.000000
521.000000
367.000000
373.000000
413.000000
515.000000
574.000000
471.000000
402.000000
375.000000
573.000000
620.000000
641.000000
461.000000
357.000000
494.000000
676.000000
705.000000
446.000000
356.000000
315.000000
539.000000
554.000000
389.000000
245.000000
151.000000
339.000000
391.000000
358.000000
139.000000
27.000000
58.000000
64.000000
130.000000
8.000000
-217.000000
-303.000000
-300.000000
-268.000000
-337.000000
-509.000000
-705.000000
-829.000000
-769.000000
-731.000000
-679.000000
-806.000000
-928.000000
-869.000000
-927.000000
-918.000000
-1006.000000
-1054.000000
-1075.000000
-1074.000000
-968.000000
-938.000000
-825.000000
-858.000000
-850.000000
-768.000000
-750.000000
-653.000000
-633.000000
-583.000000
-515.000000
-349.000000
-211.000000
-173.000000
-167.000000
-199.000000
-128.000000
-24.000000
30.000000
81.000000
88.000000
103.000000
197.000000
252.000000
290.000000
201.000000
168.000000
120.000000
114.000000
270.000000
200.000000
188.000000
94.000000
136.000000
254.000000
217.000000
194.000000
92.000000
226.000000
233.000000
317.000000
339.000000
218.000000
382.000000
374.000000
589.000000
538.000000
443.000000
492.000000
487.000000
810.000000
707.000000
775.000000
625.000000
629.000000
875.000000
818.000000
928.000000
581.000000
638.000000
568.000000
621.000000
720.000000
467.000000
565.000000
339.000000
440.000000
397.000000
283.000000
287.000000
101.000000
201.000000
96.000000
160.000000
206.000000
72.000000
100.000000
-6.000000
118.000000
151.000000
39.000000
38.000000
-8.000000
135.000000
193.000000
268.000000
194.000000
48.000000
195.000000
171.000000
235.000000
122.000000
14.000000
77.000000
2.000000
48.000000
-80.000000
-126.000000
-197.000000
-366.000000
-451.000000
-595.000000
-570.000000
-603.000000
-643.000000
-803.000000
-937.000000
-1030.000000
-1074.000000
-1079.000000
-1199.000000
-1233.000000
-1299.000000
-1265.000000
-1161.000000
-1053.000000
-1047.000000
-1024.000000
-953.000000
-917.000000
-766.000000
-713.000000
-594.000000
-498.000000
-341.000000
-154.000000
-51.000000
-23.000000
-71.000000
12.000000
103.000000
190.000000
231.000000
260.000000
290.000000
253.000000
254.000000
256.000000
237.000000
140.000000
64.000000
-18.000000
-100.000000
-89.000000
-61.000000
-70.000000
-208.000000
-298.000000
-317.000000
-265.000000
-179.000000
-206.000000
-250.000000
-243.000000
-43.000000
112.000000
140.000000
78.000000
92.000000
303.000000
517.000000
694.000000
716.000000
711.000000
830.000000
991.000000
1100.000000
1130.000000
1056.000000
1044.000000
1024.000000
1101.000000
1222.000000
1156.000000
1007.000000
702.000000
807.000000
919.000000
825.000000
594.000000
252.000000
446.000000
476.000000
516.000000
309.000000
15.000000
172.000000
125.000000
252.000000
77.000000
5.000000
63.000000
131.000000
391.000000
137.000000
140.000000
122.000000
241.000000
374.000000
232.000000
377.000000
323.000000
394.000000
410.000000
277.000000
366.000000
286.000000
319.000000
280.000000
127.000000
127.000000
-98.000000
-79.000000
-108.000000
-258.000000
-523.000000
-858.000000
-852.000000
-888.000000
-815.000000
-1003.000000
-1258.000000
-1368.000000
-1467.000000
-1418.000000
-1553.000000
-1689.000000
-1783.000000
-1631.000000
-1438.000000
-1388.000000
-1390.000000
-1394.000000
-1212.000000
-999.000000
-879.000000
-890.000000
-828.000000
-671.000000
-351.000000
-68.000000
57.000000
203.000000
188.000000
242.000000
340.000000
441.000000
509.000000
522.000000
542.000000
495.000000
536.000000
567.000000
505.000000
302.000000
137.000000
7.000000
-57.000000
-85.000000
-267.000000
-359.000000
-403.000000
-393.000000
-445.000000
-569.000000
-676.000000
-675.000000
-579.000000
-451.000000
-315.000000
-348.000000
-232.000000
22.000000
248.000000
318.000000
354.000000
456.000000
624.000000
872.000000
1000.000000
1151.000000
1321.000000
1472.000000
1488.000000
1484.000000
1474.000000
1469.000000
1535.000000
1414.000000
1393.000000
1283.000000
1204.000000
1184.000000
1024.000000
840.000000
513.000000
428.000000
411.000000
397.000000
259.000000
1.000000
-8.000000
-15.000000
98.000000
32.000000
-153.000000
-343.000000
-323.000000
38.000000
124.000000
48.000000
-128.000000
-111.000000
385.000000
527.000000
387.000000
131.000000
84.000000
517.000000
742.000000
817.000000
541.000000
379.000000
571.000000
693.000000
821.000000
360.000000
61.000000
14.000000
54.000000
110.000000
-392.000000
-788.000000
-1066.000000
-864.000000
-738.000000
-1090.000000
-1505.000000
-2048.000000
-1970.000000
-1809.000000
-1814.000000
-2027.000000
-2386.000000
-2217.000000
-1919.000000
-1655.000000
-1676.000000
-1814.000000
-1652.000000
-1387.000000
-1062.000000
-933.000000
-926.000000
-721.000000
-345.000000
117.000000
418.000000
402.000000
349.000000
436.000000
671.000000
876.000000
923.000000
886.000000
828.000000
858.000000
834.000000
785.000000
660.000000
385.000000
144.000000
-46.000000
-175.000000
-319.000000
-476.000000
-591.000000
-693.000000
-810.000000
-960.000000
-1087.000000
-1147.000000
-1088.000000
-984.000000
-887.000000
-801.000000
-617.000000
-377.000000
-177.000000
66.000000
209.000000
346.000000
571.000000
831.000000
1103.000000
1311.000000
1548.000000
1762.000000
1944.000000
1995.000000
1988.000000
2035.000000
2030.000000
2032.000000
2010.000000
1918.000000
1789.000000
1574.000000
1391.000000
1274.000000
1099.000000
819.000000
407.000000
202.000000
104.000000
95.000000
46.000000
-166.000000
-265.000000
-390.000000
-342.000000
-335.000000
-408.000000
-430.000000
-417.000000
-211.000000
-73.000000
91.000000
154.000000
243.000000
412.000000
457.000000
495.000000
499.000000
715.000000
874.000000
896.000000
976.000000
974.000000
1091.000000
978.000000
706.000000
586.000000
427.000000
362.000000
160.000000
-265.000000
-603.000000
-752.000000
-735.000000
-882.000000
-1242.000000
-1688.000000
-1980.000000
-2080.000000
-2259.000000
-2386.000000
-2566.000000
-2612.000000
-2488.000000
-2422.000000
-2341.000000
-2331.000000
-2220.000000
-2036.000000
-1785.000000
-1541.000000
-1421.000000
-1217.000000
-886.000000
-446.000000
19.000000
320.000000
409.000000
433.000000
588.000000
855.000000
1085.000000
1180.000000
1196.000000
1204.000000
1242.000000
1172.000000
1016.000000
846.000000
627.000000
458.000000
156.000000
-155.000000
-340.000000
-494.000000
-572.000000
-729.000000
-888.000000
-1123.000000
-1313.000000
-1364.000000
-1304.000000
-1123.000000
-1046.000000
-914.000000
-795.000000
-672.000000
-410.000000
-156.000000
114.000000
299.000000
477.000000
701.000000
995.000000
1339.000000
1637.000000
1862.000000
2034.000000
2151.000000
2208.000000
2236.000000
2218.000000
2232.000000
2216.000000
2098.000000
1930.000000
1781.000000
1582.000000
1323.000000
1091.000000
778.000000
533.000000
278.000000
-16.000000
-158.000000
-256.000000
-261.000000
-310.000000
-517.000000
-617.000000
-692.000000
-639.000000
-576.000000
-596.000000
-548.000000
-485.000000
-168.000000
85.000000
175.000000
169.000000
136.000000
411.000000
585.000000
695.000000
614.000000
690.000000
980.000000
1151.000000
1293.000000
1112.000000
954.000000
778.000000
701.000000
683.000000
492.000000
267.000000
-95.000000
-337.000000
-506.000000
-594.000000
-691.000000
-984.000000
-1392.000000
-1783.000000
-2055.000000
-2151.000000
-2256.000000
-2392.000000
-2401.000000
-2382.000000
-2283.000000
-2249.000000
-2259.000000
-2184.000000
-1991.000000
-1711.000000
-1537.000000
-1418.000000
-1256.000000
-954.000000
-500.000000
-43.000000
239.000000
318.000000
347.000000
463.000000
666.000000
969.000000
1209.000000
1268.000000
1227.000000
1141.000000
1154.000000
1104.000000
964.000000
710.000000
411.000000
202.000000
-82.000000
-272.000000
-398.000000
-504.000000
-682.000000
-978.000000
-1257.000000
-1503.000000
-1549.000000
-1460.000000
-1318.000000
-1214.000000
-1140.000000
-1029.000000
-907.000000
-755.000000
-566.000000
-312.000000
-63.000000
201.000000
452.000000
779.000000
1224.000000
1597.000000
1861.000000
1982.000000
2099.000000
2192.000000
2300.000000
2428.000000
2479.000000
2558.000000
2523.000000
2390.000000
2133.000000
1847.000000
1624.000000
1389.000000
1106.000000
679.000000
423.000000
336.000000
243.000000
48.000000
-271.000000
-444.000000
-533.000000
-703.000000
-803.000000
-828.000000
-737.000000
-593.000000
-526.000000
-436.000000
-393.000000
-235.000000
-135.000000
28.000000
193.000000
201.000000
422.000000
611.000000
831.000000
907.000000
998.000000
1202.000000
1221.000000
1222.000000
1079.000000
1055.000000
1025.000000
920.000000
759.000000
405.000000
54.000000
-355.000000
-575.000000
-625.000000
-693.000000
-951.000000
-1530.000000
-2018.000000
-2282.000000
-2443.000000
-2518.000000
-2681.000000
-2834.000000
-2761.000000
-2636.000000
-2478.000000
-2381.000000
-2341.000000
-2237.000000
-2046.000000
-1812.000000
-1647.000000
-1391.000000
-986.000000
-408.000000
96.000000
349.000000
455.000000
462.000000
634.000000
922.000000
1225.000000
1456.000000
1493.000000
1486.000000
1485.000000
1455.000000
1349.000000
1095.000000
773.000000
513.000000
235.000000
4.000000
-198.000000
-408.000000
-572.000000
-799.000000
-1168.000000
-1564.000000
-1788.000000
-1829.000000
-1712.000000
-1582.000000
-1534.000000
-1499.000000
-1424.000000
-1239.000000
-1009.000000
-795.000000
-565.000000
-288.000000
69.000000
472.000000
912.000000
1353.000000
1727.000000
2025.000000
2194.000000
2330.000000
2482.000000
2637.000000
2841.000000
3043.000000
3104.000000
3000.000000
2744.000000
2475.000000
2218.000000
1926.000000
1677.000000
1291.000000
985.000000
734.000000
485.000000
255.000000
-127.000000
-385.000000
-643.000000
-760.000000
-957.000000
-1073.000000
-1014.000000
-901.000000
-700.000000
-836.000000
-787.000000
-678.000000
-425.000000
-83.000000
24.000000
221.000000
401.000000
654.000000
898.000000
1112.000000
1266.000000
1328.000000
1416.000000
1662.000000
1851.000000
1759.000000
1463.000000
1196.000000
1052.000000
808.000000
315.000000
-313.000000
-591.000000
-579.000000
-529.000000
-932.000000
-1777.000000
-2487.000000
-2891.000000
-2899.000000
-2992.000000
-3332.000000
-3547.000000
-3378.000000
-2985.000000
-2747.000000
-2828.000000
-2959.000000
-2787.000000
-2411.000000
-2011.000000
-1761.000000
-1375.000000
-791.000000
-86.000000
487.000000
670.000000
702.000000
739.000000
1012.000000
1399.000000
1718.000000
1943.000000
2069.000000
2114.000000
1996.000000
1768.000000
1432.000000
1039.000000
682.000000
372.000000
118.000000
-104.000000
-383.000000
-673.000000
-1042.000000
-1449.000000
-1891.000000
-2280.000000
-2440.000000
-2484.000000
-2318.000000
-2101.000000
-1933.000000
-1759.000000
-1640.000000
-1484.000000
-1344.000000
-1148.000000
-766.000000
-244.000000
336.000000
903.000000
1432.000000
1930.000000
2302.000000
2515.000000
2601.000000
2753.000000
2996.000000
3255.000000
3509.000000
3622.000000
3613.000000
3391.000000
3087.000000
2764.000000
2402.000000
2021.000000
1553.000000
1205.000000
978.000000
785.000000
518.000000
150.000000
-294.000000
-680.000000
-953.000000
-1107.000000
-1157.000000
-1193.000000
-1075.000000
-910.000000
-783.000000
-814.000000
-785.000000
-570.000000
-260.000000
-6.000000
95.000000
367.000000
763.000000
1188.000000
1414.000000
1513.000000
1600.000000
1748.000000
1953.000000
1998.000000
1873.000000
1629.000000
1433.000000
1001.000000
413.000000
-183.000000
-466.000000
-413.000000
-543.000000
-1041.000000
-1828.000000
-2488.000000
-2960.000000
-3306.000000
-3624.000000
-3838.000000
-3787.000000
-3618.000000
-3446.000000
-3377.000000
-3317.000000
-3156.000000
-2870.000000
-2611.000000
-2361.000000
-2003.000000
-1359.000000
-532.000000
233.000000
719.000000
883.000000
964.000000
1029.000000
1208.000000
1530.000000
2020.000000
2468.000000
2641.000000
2522.000000
2155.000000
1758.000000
1328.000000
907.000000
501.000000
122.000000
-251.000000
-535.000000
-761.000000
-1076.000000
-1519.000000
-2124.000000
-2688.000000
-3138.000000
-3317.000000
-3185.000000
-2823.000000
-2356.000000
-2015.000000
-1769.000000
-1622.000000
-1406.000000
-1132.000000
-758.000000
-195.000000
461.000000
1234.000000
1904.000000
2500.000000
2967.000000
3230.000000
3395.000000
3407.000000
3492.000000
3644.000000
3854.000000
4061.000000
4068.000000
3826.000000
3282.000000
2718.000000
2231.000000
1777.000000
1367.000000
937.000000
601.000000
279.000000
-5.000000
-343.000000
-767.000000
-1136.000000
-1421.000000
-1527.000000
-1524.000000
-1442.000000
-1253.000000
-1008.000000
-767.000000
-621.000000
-516.000000
-311.000000
-14.000000
366.000000
731.000000
1095.000000
1436.000000
1690.000000
1899.000000
1976.000000
2084.000000
2228.000000
2354.000000
2329.000000
2101.000000
1751.000000
1306.000000
792.000000
59.000000
-635.000000
-1055.000000
-1122.000000
-1175.000000
-1633.000000
-2427.000000
-3279.000000
-3795.000000
-4101.000000
-4274.000000
-4413.000000
-4373.000000
-4007.000000
-3577.000000
-3242.000000
-3148.000000
-3034.000000
-2776.000000
-2307.000000
-1758.000000
-1294.000000
-617.000000
187.000000
975.000000
1533.000000
1716.000000
1660.000000
1637.000000
1766.000000
2025.000000
2405.000000
2721.000000
2818.000000
2645.000000
2212.000000
1575.000000
904.000000
234.000000
-285.000000
-617.000000
-894.000000
-1150.000000
-1522.000000
-1946.000000
-2483.000000
-3046.000000
-3578.000000
-3947.000000
-3914.000000
-3624.000000
-3141.000000
-2580.000000
-2122.000000
-1755.000000
-1420.000000
-1109.000000
-699.000000
-109.000000
650.000000
1455.000000
2284.000000
2929.000000
3385.000000
3738.000000
3899.000000
4014.000000
4022.000000
4104.000000
4212.000000
4285.000000
4235.000000
3963.000000
3550.000000
2926.000000
2307.000000
1706.000000
1196.000000
821.000000
450.000000
50.000000
-365.000000
-732.000000
-1092.000000
-1385.000000
-1590.000000
-1694.000000
-1636.000000
-1450.000000
-1227.000000
-962.000000
-693.000000
-456.000000
-178.000000
148.000000
540.000000
945.000000
1382.000000
1737.000000
2019.000000
2185.000000
2259.000000
2422.000000
2578.000000
2748.000000
2788.000000
2584.000000
2162.000000
1604.000000
799.000000
-177.000000
-951.000000
-1373.000000
-1347.000000
-1362.000000
-1861.000000
-2899.000000
-3955.000000
-4609.000000
-4921.000000
-4978.000000
-5016.000000
-4818.000000
-4314.000000
-3730.000000
-3439.000000
-3408.000000
-3328.000000
-2999.000000
-2352.000000
-1691.000000
-1058.000000
-203.000000
816.000000
1722.000000
2241.000000
2203.000000
1951.000000
1900.000000
2110.000000
2502.000000
2935.000000
3209.000000
3163.000000
2806.000000
2114.000000
1299.000000
628.000000
51.000000
-402.000000
-782.000000
-1137.000000
-1526.000000
-1934.000000
-2403.000000
-3071.000000
-3728.000000
-4308.000000
-4573.000000
-4358.000000
-3797.000000
-3124.000000
-2516.000000
-2151.000000
-1978.000000
-1688.000000
-1190.000000
-486.000000
371.000000
1325.000000
2266.000000
3147.000000
3697.000000
3972.000000
4112.000000
4208.000000
4358.000000
4495.000000
4630.000000
4651.000000
4616.000000
4391.000000
3968.000000
3324.000000
2521.000000
1787.000000
1227.000000
828.000000
422.000000
-37.000000
-543.000000
-1012.000000
-1439.000000
-1767.000000
-1985.000000
-2104.000000
-2031.000000
-1788.000000
-1437.000000
-1113.000000
-868.000000
-666.000000
-340.000000
204.000000
738.000000
1300.000000
1762.000000
2133.000000
2395.000000
2601.000000
2641.000000
2673.000000
2857.000000
2969.000000
3061.000000
2868.000000
2429.000000
1823.000000
1191.000000
79.000000
-1047.000000
-1758.000000
-1912.000000
-1647.000000
-1896.000000
-2816.000000
-4088.000000
-4891.000000
-5452.000000
-5626.000000
-5631.000000
-5436.000000
-4683.000000
-3819.000000
-3384.000000
-3464.000000
-3507.000000
-3236.000000
-2462.000000
-1642.000000
-1076.000000
-299.000000
900.000000
1925.000000
2609.000000
2713.000000
2430.000000
2311.000000
2393.000000
2619.000000
3011.000000
3488.000000
3581.000000
3227.000000
2428.000000
1312.000000
547.000000
16.000000
-461.000000
-848.000000
-1306.000000
-1754.000000
-2190.000000
-2651.000000
-3346.000000
-3924.000000
-4408.000000
-4676.000000
-4540.000000
-4104.000000
-3487.000000
-2797.000000
-2309.000000
-2065.000000
-1689.000000
-1202.000000
-443.000000
460.000000
1517.000000
2475.000000
3323.000000
3847.000000
4102.000000
4397.000000
4614.000000
4885.000000
5025.000000
4983.000000
4801.000000
4603.000000
4310.000000
3868.000000
3256.000000
2453.000000
1745.000000
1219.000000
720.000000
287.000000
-281.000000
-973.000000
-1521.000000
-1923.000000
-2186.000000
-2248.000000
-2258.000000
-2136.000000
-1882.000000
-1563.000000
-1372.000000
-1157.000000
-849.000000
-367.000000
491.000000
1091.000000
1705.000000
2082.000000
2457.000000
2685.000000
2943.000000
3035.000000
3030.000000
3326.000000
3325.000000
3353.000000
3043.000000
2583.000000
1929.000000
1204.000000
-192.000000
-1401.000000
-1924.000000
-1816.000000
-1632.000000
-2190.000000
-3500.000000
-4843.000000
-5320.000000
-5809.000000
-5866.000000
-5814.000000
-5423.000000
-4538.000000
-3804.000000
-3793.000000
-3978.000000
-3634.000000
-2924.000000
-1834.000000
-957.000000
-558.000000
300.000000
1434.000000
2181.000000
2657.000000
2683.000000
2491.000000
2540.000000
2818.000000
2938.000000
3441.000000
3764.000000
3389.000000
2596.000000
1639.000000
630.000000
281.000000
35.000000
-482.000000
-824.000000
-1396.000000
-2097.000000
-2777.000000
-3294.000000
-3977.000000
-4114.000000
-4249.000000
-4373.000000
-4047.000000
-3631.000000
-3137.000000
-2635.000000
-2285.000000
-2108.000000
-1443.000000
-653.000000
213.000000
1251.000000
2197.000000
2954.000000
3584.000000
3812.000000
3923.000000
4401.000000
4836.000000
5139.000000
5185.000000
4962.000000
4654.000000
4421.000000
3963.000000
3272.000000
2639.000000
1950.000000
1432.000000
940.000000
301.000000
-349.000000
-966.000000
-1498.000000
-1944.000000
-2128.000000
-2279.000000
-2266.000000
-2253.000000
-2209.000000
-1962.000000
-1630.000000
-1232.000000
-840.000000
-370.000000
216.000000
946.000000
1443.000000
1847.000000
2189.000000
2581.000000
2953.000000
3231.000000
3269.000000
3324.000000
3478.000000
3430.000000
3293.000000
2741.000000
2034.000000
1267.000000
235.000000
-856.000000
-1518.000000
-1581.000000
-1630.000000
-2161.000000
-3348.000000
-4785.000000
-5439.000000
-5778.000000
-5851.000000
-5693.000000
-5353.000000
-4765.000000
-4163.000000
-4030.000000
-4259.000000
-3937.000000
-3167.000000
-2178.000000
-1148.000000
-534.000000
86.000000
1154.000000
1843.000000
2282.000000
2498.000000
2602.000000
2714.000000
3017.000000
3187.000000
3355.000000
3698.000000
3369.000000
2621.000000
1808.000000
1038.000000
622.000000
472.000000
21.000000
-574.000000
-1189.000000
-1919.000000
-2619.000000
-3067.000000
-3481.000000
-3688.000000
-3625.000000
-3786.000000
-3807.000000
-3622.000000
-3283.000000
-2802.000000
-2286.000000
-1808.000000
-1271.000000
-470.000000
218.000000
1002.000000
1880.000000
2616.000000
3250.000000
3702.000000
4045.000000
4430.000000
4820.000000
5021.000000
5001.000000
4844.000000
4586.000000
4276.000000
3892.000000
3364.000000
2751.000000
2131.000000
1576.000000
987.000000
351.000000
-322.000000
-945.000000
-1453.000000
-1777.000000
-2009.000000
-2130.000000
-2239.000000
-2302.000000
-2262.000000
-1981.000000
-1613.000000
-1232.000000
-862.000000
-561.000000
-49.000000
394.000000
1003.000000
1507.000000
2111.000000
2561.000000
2838.000000
2891.000000
2886.000000
3025.000000
3153.000000
3231.000000
3001.000000
2597.000000
1904.000000
1189.000000
-72.000000
-932.000000
-1451.000000
-1420.000000
-1571.000000
-2404.000000
-3734.000000
-4942.000000
-5220.000000
-5540.000000
-5439.000000
-5438.000000
-5206.000000
-4707.000000
-4294.000000
-4325.000000
-4252.000000
-3656.000000
-2805.000000
-1766.000000
-991.000000
-615.000000
50.000000
1001.000000
1589.000000
2168.000000
2441.000000
2604.000000
2838.000000
3077.000000
3153.000000
3382.000000
3462.000000
2955.000000
2301.000000
1683.000000
1131.000000
988.000000
739.000000
143.000000
-512.000000
-1359.000000
-2094.000000
-2609.000000
-2787.000000
-3055.000000
-3092.000000
-3320.000000
-3598.000000
-3540.000000
-3351.000000
-2957.000000
-2518.000000
-1993.000000
-1459.000000
-728.000000
-115.000000
528.000000
1230.000000
2013.000000
2688.000000
3263.000000
3644.000000
4060.000000
4556.000000
4816.000000
4932.000000
4702.000000
4572.000000
4427.000000
4247.000000
3771.000000
3127.000000
2432.000000
1781.000000
1329.000000
788.000000
272.000000
-289.000000
-912.000000
-1460.000000
-1798.000000
-2091.000000
-2224.000000
-2278.000000
-2241.000000
-2124.000000
-1838.000000
-1552.000000
-1251.000000
-841.000000
-556.000000
-138.000000
268.000000
816.000000
1349.000000
1883.000000
2323.000000
2460.000000
2445.000000
2595.000000
2767.000000
2960.000000
2887.000000
2561.000000
2063.000000
1482.000000
593.000000
-657.000000
-1003.000000
-1177.000000
-1065.000000
-1526.000000
-2786.000000
-4234.000000
-4887.000000
-5011.000000
-5152.000000
-4871.000000
-4847.000000
-4657.000000
-4131.000000
-4181.000000
-4563.000000
-4117.000000
-3357.000000
-2322.000000
-1320.000000
-913.000000
-724.000000
144.000000
802.000000
1086.000000
1710.000000
1992.000000
2259.000000
2782.000000
2861.000000
2864.000000
3185.000000
3046.000000
2456.000000
2035.000000
1545.000000
1218.000000
1367.000000
919.000000
121.000000
-522.000000
-1330.000000
-1929.000000
-2147.000000
-2406.000000
-2637.000000
-2670.000000
-2993.000000
-3375.000000
-3227.000000
-3018.000000
-2559.000000
-1947.000000
-1524.000000
-1076.000000
-527.000000
-46.000000
511.000000
1360.000000
2174.000000
2843.000000
3424.000000
3739.000000
4039.000000
4419.000000
4588.000000
4627.000000
4581.000000
4622.000000
4600.000000
4348.000000
3736.000000
2953.000000
2256.000000
1743.000000
1296.000000
835.000000
308.000000
-249.000000
-954.000000
-1515.000000
-1895.000000
-2152.000000
-2104.000000
-2083.000000
-2015.000000
-1941.000000
-1750.000000
-1613.000000
-1337.000000
-948.000000
-590.000000
-74.000000
533.000000
946.000000
1384.000000
1674.000000
1761.000000
1854.000000
2094.000000
2458.000000
2712.000000
2878.000000
2521.000000
2045.000000
1474.000000
610.000000
-485.000000
-1073.000000
-1151.000000
-959.000000
-1152.000000
-2224.000000
-3762.000000
-4710.000000
-5017.000000
-5121.000000
-4881.000000
-4723.000000
-4447.000000
-4113.000000
-4090.000000
-4603.000000
-4550.000000
-3807.000000
-2685.000000
-1585.000000
-1046.000000
-956.000000
-453.000000
325.000000
744.000000
1327.000000
1796.000000
2213.000000
2602.000000
2800.000000
2709.000000
2875.000000
3063.000000
2754.000000
2367.000000
1903.000000
1561.000000
1441.000000
1225.000000
584.000000
-174.000000
-857.000000
-1528.000000
-1811.000000
-2045.000000
-2285.000000
-2627.000000
-2888.000000
-3231.000000
-3272.000000
-2990.000000
-2640.000000
-2097.000000
-1666.000000
-1210.000000
-904.000000
-379.000000
190.000000
1057.000000
2042.000000
2806.000000
3214.000000
3505.000000
3872.000000
4271.000000
4674.000000
4799.000000
4802.000000
4883.000000
4939.000000
4640.000000
4171.000000
3440.000000
2690.000000
2173.000000
1770.000000
1338.000000
923.000000
358.000000
-442.000000
-1132.000000
-1708.000000
-2074.000000
-2091.000000
-2015.000000
-1972.000000
-1857.000000
-1809.000000
-1772.000000
-1609.000000
-1333.000000
-871.000000
-323.000000
207.000000
651.000000
1114.000000
1429.000000
1729.000000
1795.000000
1939.000000
2269.000000
2650.000000
2799.000000
2676.000000
2200.000000
1495.000000
888.000000
-151.000000
-784.000000
-952.000000
-777.000000
-1216.000000
-2134.000000
-3693.000000
-4908.000000
-5019.000000
-5126.000000
-5017.000000
-4902.000000
-4780.000000
-4778.000000
-4578.000000
-4960.000000
-5025.000000
-4135.000000
-3103.000000
-2157.000000
-1477.000000
-1339.000000
-1029.000000
-148.000000
406.000000
931.000000
1636.000000
2106.000000
2385.000000
2699.000000
2601.000000
2667.000000
2927.000000
2728.000000
2326.000000
2131.000000
1826.000000
1578.000000
1257.000000
539.000000
-141.000000
-603.000000
-1103.000000
-1567.000000
-1754.000000
-2143.000000
-2448.000000
-2881.000000
-3230.000000
-3188.000000
-2777.000000
-2347.000000
-2084.000000
-1745.000000
-1491.000000
-950.000000
-413.000000
205.000000
1025.000000
1943.000000
2776.000000
3279.000000
3479.000000
3777.000000
4317.000000
4806.000000
5038.000000
5073.000000
5069.000000
5091.000000
4964.000000
4345.000000
3758.000000
3172.000000
2688.000000
2334.000000
1851.000000
1262.000000
620.000000
-43.000000
-791.000000
-1227.000000
-1471.000000
-1639.000000
-1670.000000
-1765.000000
-1961.000000
-1823.000000
-1618.000000
-1453.000000
-1145.000000
-840.000000
-479.000000
-61.000000
428.000000
735.000000
1195.000000
1558.000000
1690.000000
1842.000000
2110.000000
2325.000000
2555.000000
2514.000000
2227.000000
1655.000000
1062.000000
42.000000
-804.000000
-888.000000
-901.000000
-846.000000
-1855.000000
-3245.000000
-4728.000000
-5030.000000
-5047.000000
-5024.000000
-4818.000000
-4846.000000
-4737.000000
-4766.000000
-5051.000000
-5363.000000
-4594.000000
-3480.000000
-2510.000000
-1909.000000
-1758.000000
-1606.000000
-753.000000
-57.000000
478.000000
1159.000000
1702.000000
1981.000000
2219.000000
2259.000000
2296.000000
2676.000000
2758.000000
2376.000000
2044.000000
1784.000000
1515.000000
1410.000000
834.000000
130.000000
-367.000000
-773.000000
-1205.000000
-1475.000000
-1739.000000
-2144.000000
-2472.000000
-3008.000000
-3220.000000
-2851.000000
-2330.000000
-1909.000000
-1679.000000
-1539.000000
-1338.000000
-785.000000
-222.000000
547.000000
1585.000000
2485.000000
3043.000000
3309.000000
3399.000000
3766.000000
4446.000000
4976.000000
5174.000000
5263.000000
5215.000000
5001.000000
4694.000000
4094.000000
3616.000000
3283.000000
2979.000000
2431.000000
1814.000000
1097.000000
366.000000
-219.000000
-720.000000
-1028.000000
-1168.000000
-1326.000000
-1555.000000
-1753.000000
-1803.000000
-1680.000000
-1459.000000
-1245.000000
-945.000000
-542.000000
-145.000000
231.000000
545.000000
864.000000
1157.000000
1509.000000
1596.000000
2012.000000
2376.000000
2617.000000
2587.000000
2270.000000
1936.000000
1395.000000
1061.000000
-154.000000
-726.000000
-853.000000
-772.000000
-1014.000000
-2178.000000
-3628.000000
-4903.000000
-4803.000000
-5017.000000
-4944.000000
-4896.000000
-4860.000000
-4849.000000
-4862.000000
-5328.000000
-5524.000000
-4451.000000
-3440.000000
-2591.000000
-2222.000000
-2141.000000
-1975.000000
-947.000000
-327.000000
239.000000
1080.000000
1515.000000
1680.000000
1821.000000
1907.000000
2077.000000
2588.000000
2569.000000
2140.000000
1900.000000
1657.000000
1430.000000
1220.000000
655.000000
30.000000
-347.000000
-777.000000
-1170.000000
-1432.000000
-1755.000000
-2172.000000
-2647.000000
-3088.000000
-3032.000000
-2484.000000
-2063.000000
-1790.000000
-1764.000000
-1694.000000
-1288.000000
-581.000000
88.000000
983.000000
1880.000000
2454.000000
2813.000000
3029.000000
3275.000000
3940.000000
4662.000000
4929.000000
5038.000000
5026.000000
4901.000000
4744.000000
4503.000000
4031.000000
3711.000000
3376.000000
2980.000000
2411.000000
1880.000000
1213.000000
599.000000
8.000000
-489.000000
-729.000000
-899.000000
-995.000000
-1282.000000
-1436.000000
-1451.000000
-1271.000000
-1155.000000
-970.000000
-623.000000
-305.000000
116.000000
465.000000
688.000000
1013.000000
1368.000000
1540.000000
1591.000000
1982.000000
2208.000000
2500.000000
2569.000000
2289.000000
1659.000000
1210.000000
432.000000
-584.000000
-601.000000
-640.000000
-577.000000
-1299.000000
-2585.000000
-4266.000000
-4767.000000
-4554.000000
-4665.000000
-4418.000000
-4526.000000
-4752.000000
-4904.000000
-4996.000000
-5479.000000
-4936.000000
-3753.000000
-3027.000000
-2555.000000
-2359.000000
-2463.000000
-1817.000000
-811.000000
-345.000000
363.000000
989.000000
1220.000000
1271.000000
1426.000000
1480.000000
1878.000000
2293.000000
2038.000000
1681.000000
1480.000000
1226.000000
1089.000000
704.000000
111.000000
-221.000000
-498.000000
-847.000000
-1156.000000
-1471.000000
-1908.000000
-2186.000000
-2736.000000
-3082.000000
-2600.000000
-2134.000000
-1745.000000
-1559.000000
-1745.000000
-1669.000000
-999.000000
-309.000000
369.000000
1401.000000
2026.000000
2409.000000
2838.000000
2941.000000
3214.000000
4005.000000
4523.000000
4734.000000
4959.000000
4822.000000
4594.000000
4499.000000
4107.000000
3682.000000
3580.000000
3253.000000
2819.000000
2328.000000
1609.000000
952.000000
423.000000
-87.000000
-392.000000
-494.000000
-692.000000
-946.000000
-1114.000000
-1348.000000
-1178.000000
-1007.000000
-905.000000
-617.000000
-292.000000
1.000000
353.000000
709.000000
785.000000
1162.000000
1493.000000
1697.000000
1863.000000
2193.000000
2231.000000
2342.000000
2338.000000
2006.000000
1666.000000
1312.000000
502.000000
-534.000000
-677.000000
-814.000000
-796.000000
-1418.000000
-2720.000000
-4102.000000
-4521.000000
-4452.000000
-4683.000000
-4536.000000
-4646.000000
-4806.000000
-4767.000000
-4949.000000
-5376.000000
-4841.000000
-3757.000000
-3142.000000
-2661.000000
-2497.000000
-2566.000000
-1768.000000
-810.000000
-341.000000
368.000000
922.000000
1037.000000
1148.000000
1299.000000
1453.000000
1938.000000
2339.000000
1996.000000
1638.000000
1425.000000
1190.000000
1178.000000
862.000000
344.000000
-39.000000
-386.000000
-819.000000
-1136.000000
-1432.000000
-1781.000000
-2004.000000
-2479.000000
-2885.000000
-2514.000000
-2144.000000
-1810.000000
-1511.000000
-1628.000000
-1488.000000
-895.000000
-272.000000
329.000000
1273.000000
1859.000000
2146.000000
2619.000000
2786.000000
3064.000000
3840.000000
4312.000000
4497.000000
4715.000000
4610.000000
4310.000000
4236.000000
3992.000000
3597.000000
3587.000000
3244.000000
2676.000000
2170.000000
1461.000000
851.000000
373.000000
-12.000000
-318.000000
-500.000000
-711.000000
-992.000000
-1211.000000
-1347.000000
-1151.000000
-984.000000
-787.000000
-553.000000
-400.000000
-152.000000
228.000000
443.000000
686.000000
1153.000000
1427.000000
1705.000000
1897.000000
1975.000000
2029.000000
2288.000000
2261.000000
2236.000000
2099.000000
1603.000000
988.000000
-14.000000
-590.000000
-717.000000
-528.000000
-848.000000
-1852.000000
-3176.000000
-4216.000000
-4282.000000
-4352.000000
-4389.000000
-4355.000000
-4535.000000
-4651.000000
-4694.000000
-5029.000000
-5100.000000
-4186.000000
-3369.000000
-2841.000000
-2419.000000
-2526.000000
-2291.000000
-1318.000000
-734.000000
-191.000000
551.000000
788.000000
901.000000
1134.000000
1259.000000
1449.000000
1963.000000
1927.000000
1587.000000
1483.000000
1254.000000
1094.000000
964.000000
474.000000
-17.000000
-305.000000
-642.000000
-982.000000
-1236.000000
-1566.000000
-1983.000000
-2238.000000
-2651.000000
-2461.000000
-2137.000000
-1895.000000
-1646.000000
-1633.000000
-1417.000000
-969.000000
-310.000000
155.000000
878.000000
1531.000000
1918.000000
2379.000000
2721.000000
2937.000000
3544.000000
4093.000000
4259.000000
4513.000000
4546.000000
4321.000000
4204.000000
4064.000000
3655.000000
3518.000000
3275.000000
2703.000000
2292.000000
1691.000000
1042.000000
594.000000
222.000000
-116.000000
-357.000000
-521.000000
-887.000000
-1098.000000
-1175.000000
-1118.000000
-866.000000
-725.000000
-580.000000
-457.000000
-202.000000
125.000000
348.000000
696.000000
1001.000000
1288.000000
1509.000000
1722.000000
1742.000000
1892.000000
2142.000000
2102.000000
2141.000000
2010.000000
1649.000000
1244.000000
506.000000
-528.000000
-789.000000
-657.000000
-697.000000
-1281.000000
-2461.000000
-3784.000000
-4282.000000
-4111.000000
-4333.000000
-4222.000000
-4223.000000
-4450.000000
-4422.000000
-4548.000000
-4999.000000
-4595.000000
-3534.000000
-2878.000000
-2258.000000
-2110.000000
-2323.000000
-1786.000000
-954.000000
-482.000000
303.000000
882.000000
837.000000
934.000000
1032.000000
1154.000000
1582.000000
1843.000000
1557.000000
1323.000000
1260.000000
946.000000
868.000000
516.000000
40.000000
-213.000000
-469.000000
-821.000000
-1078.000000
-1282.000000
-1596.000000
-1778.000000
-2216.000000
-2444.000000
-2188.000000
-1750.000000
-1440.000000
-1231.000000
-1225.000000
-1054.000000
-493.000000
16.000000
584.000000
1282.000000
1837.000000
2220.000000
2581.000000
2699.000000
2915.000000
3512.000000
3908.000000
4164.000000
4324.000000
4143.000000
3960.000000
3880.000000
3601.000000
3292.000000
3118.000000
2723.000000
2322.000000
1889.000000
1223.000000
723.000000
370.000000
-4.000000
-264.000000
-423.000000
-697.000000
-924.000000
-984.000000
-1069.000000
-876.000000
-632.000000
-534.000000
-418.000000
-216.000000
-47.000000
226.000000
544.000000
765.000000
1065.000000
1252.000000
1482.000000
1523.000000
1570.000000
1734.000000
1843.000000
1899.000000
1833.000000
1580.000000
1108.000000
725.000000
-147.000000
-860.000000
-851.000000
-813.000000
-1023.000000
-1820.000000
-2948.000000
-3971.000000
-3923.000000
-3779.000000
-3924.000000
-3794.000000
-3944.000000
-4158.000000
-4026.000000
-4183.000000
-4397.000000
-3601.000000
-2669.000000
-2187.000000
-1876.000000
-2041.000000
-2122.000000
-1298.000000
-557.000000
-126.000000
495.000000
675.000000
566.000000
546.000000
603.000000
832.000000
1251.000000
1379.000000
1055.000000
906.000000
746.000000
601.000000
503.000000
142.000000
-180.000000
-308.000000
-459.000000
-672.000000
-836.000000
-1082.000000
-1273.000000
-1432.000000
-1774.000000
-1830.000000
-1343.000000
-997.000000
-725.000000
-680.000000
-817.000000
-532.000000
96.000000
602.000000
1147.000000
1705.000000
1980.000000
2159.000000
2411.000000
2469.000000
2842.000000
3445.000000
3684.000000
3826.000000
3758.000000
3484.000000
3295.000000
3212.000000
2952.000000
2784.000000
2665.000000
2255.000000
1908.000000
1385.000000
765.000000
499.000000
273.000000
72.000000
-3.000000
-185.000000
-493.000000
-625.000000
-736.000000
-710.000000
-326.000000
-174.000000
-193.000000
-118.000000
16.000000
236.000000
542.000000
688.000000
762.000000
1040.000000
1208.000000
1388.000000
1411.000000
1408.000000
1441.000000
1443.000000
1425.000000
1293.000000
1156.000000
825.000000
441.000000
-606.000000
-1243.000000
-1235.000000
-1149.000000
-1249.000000
-2026.000000
-3055.000000
-3901.000000
-3716.000000
-3871.000000
-3931.000000
-3698.000000
-3728.000000
-3787.000000
-3690.000000
-4093.000000
-4210.000000
-3180.000000
-2400.000000
-1957.000000
-1699.000000
-1958.000000
-1905.000000
-1036.000000
-446.000000
-53.000000
591.000000
634.000000
449.000000
516.000000
659.000000
962.000000
1358.000000
1422.000000
969.000000
916.000000
775.000000
626.000000
512.000000
174.000000
-94.000000
-266.000000
-406.000000
-648.000000
-761.000000
-964.000000
-1171.000000
-1549.000000
-1864.000000
-1654.000000
-1171.000000
-795.000000
-677.000000
-836.000000
-917.000000
-445.000000
176.000000
733.000000
1372.000000
1760.000000
1890.000000
2057.000000
2262.000000
2483.000000
3196.000000
3691.000000
3739.000000
3776.000000
3534.000000
3251.000000
3236.000000
3158.000000
2923.000000
2865.000000
2509.000000
1990.000000
1612.000000
1064.000000
672.000000
463.000000
213.000000
-11.000000
-95.000000
-275.000000
-530.000000
-688.000000
-789.000000
-588.000000
-258.000000
-129.000000
-118.000000
1.000000
56.000000
281.000000
450.000000
685.000000
1056.000000
1238.000000
1379.000000
1235.000000
1132.000000
1093.000000
1414.000000
1491.000000
1443.000000
1340.000000
806.000000
469.000000
-148.000000
-1071.000000
-1251.000000
-1065.000000
-1136.000000
-1631.000000
-2486.000000
-3635.000000
-3878.000000
-3530.000000
-3704.000000
-3591.000000
-3472.000000
-3834.000000
-3706.000000
-3609.000000
-3949.000000
-3484.000000
-2595.000000
-2184.000000
-1857.000000
-1672.000000
-1931.000000
-1479.000000
-630.000000
-416.000000
172.000000
567.000000
418.000000
454.000000
547.000000
665.000000
963.000000
1302.000000
1057.000000
883.000000
885.000000
605.000000
513.000000
369.000000
40.000000
-40.000000
-141.000000
-357.000000
-535.000000
-721.000000
-938.000000
-1059.000000
-1134.000000
-1268.000000
-1110.000000
-905.000000
-765.000000
-573.000000
-536.000000
-325.000000
97.000000
485.000000
909.000000
1305.000000
1621.000000
1830.000000
2128.000000
2425.000000
2716.000000
3073.000000
3186.000000
3320.000000
3391.000000
3217.000000
3048.000000
2895.000000
2758.000000
2596.000000
2410.000000
2016.000000
1661.000000
1278.000000
731.000000
455.000000
206.000000
40.000000
-13.000000
-141.000000
-375.000000
-583.000000
-647.000000
-613.000000
-339.000000
-103.000000
-88.000000
37.000000
109.000000
188.000000
393.000000
541.000000
767.000000
1015.000000
1152.000000
1240.000000
1222.000000
1108.000000
1084.000000
1200.000000
1194.000000
1178.000000
1165.000000
698.000000
392.000000
-305.000000
-1292.000000
-1405.000000
-1346.000000
-1210.000000
-1534.000000
-2391.000000
-3537.000000
-3879.000000
-3649.000000
-3674.000000
-3366.000000
-3279.000000
-3582.000000
-3521.000000
-3596.000000
-3820.000000
-3317.000000
-2506.000000
-1958.000000
-1599.000000
-1549.000000
-1801.000000
-1399.000000
-591.000000
-277.000000
277.000000
500.000000
399.000000
539.000000
565.000000
772.000000
1012.000000
1146.000000
976.000000
853.000000
906.000000
714.000000
647.000000
369.000000
37.000000
-33.000000
-156.000000
-298.000000
-311.000000
-627.000000
-850.000000
-1032.000000
-1190.000000
-1268.000000
-994.000000
-677.000000
-616.000000
-343.000000
-518.000000
-375.000000
75.000000
474.000000
914.000000
1372.000000
1708.000000
1832.000000
2162.000000
2352.000000
2550.000000
2938.000000
3171.000000
3244.000000
3388.000000
3198.000000
2921.000000
2780.000000
2570.000000
2391.000000
2286.000000
2036.000000
1605.000000
1252.000000
678.000000
313.000000
201.000000
60.000000
64.000000
-71.000000
-323.000000
-559.000000
-634.000000
-603.000000
-323.000000
48.000000
45.000000
73.000000
44.000000
13.000000
306.000000
596.000000
754.000000
978.000000
1044.000000
994.000000
978.000000
945.000000
938.000000
982.000000
1107.000000
881.000000
893.000000
670.000000
210.000000
-291.000000
-1254.000000
-1605.000000
-1555.000000
-1222.000000
-1506.000000
-2311.000000
-3225.000000
-3923.000000
-3724.000000
-3605.000000
-3486.000000
-3264.000000
-3300.000000
-3448.000000
-3461.000000
-3719.000000
-3473.000000
-2721.000000
-1980.000000
-1630.000000
-1563.000000
-1638.000000
-1593.000000
-844.000000
-392.000000
23.000000
473.000000
435.000000
508.000000
514.000000
654.000000
926.000000
1118.000000
1165.000000
928.000000
962.000000
760.000000
633.000000
500.000000
250.000000
169.000000
58.000000
-170.000000
-277.000000
-447.000000
-624.000000
-750.000000
-1014.000000
-1086.000000
-993.000000
-593.000000
-431.000000
-289.000000
-310.000000
-374.000000
23.000000
362.000000
797.000000
1326.000000
1669.000000
1909.000000
2068.000000
2180.000000
2388.000000
2815.000000
3107.000000
3189.000000
3327.000000
3134.000000
2906.000000
2790.000000
2548.000000
2457.000000
2352.000000
2038.000000
1633.000000
1263.000000
847.000000
487.000000
336.000000
118.000000
-15.000000
-111.000000
-296.000000
-503.000000
-585.000000
-568.000000
-388.000000
-91.000000
28.000000
-20.000000
-29.000000
41.000000
196.000000
498.000000
715.000000
874.000000
912.000000
837.000000
840.000000
817.000000
819.000000
910.000000
972.000000
867.000000
783.000000
595.000000
147.000000
-135.000000
-897.000000
-1627.000000
-1638.000000
-1490.000000
-1473.000000
-1925.000000
-2770.000000
-3721.000000
-3783.000000
-3549.000000
-3586.000000
-3326.000000
-3165.000000
-3312.000000
-3190.000000
-3280.000000
-3603.000000
-3136.000000
-2264.000000
-1769.000000
-1409.000000
-1295.000000
-1511.000000
-1134.000000
-530.000000
-268.000000
231.000000
590.000000
581.000000
538.000000
583.000000
686.000000
916.000000
1172.000000
1036.000000
859.000000
800.000000
588.000000
502.000000
356.000000
208.000000
180.000000
-21.000000
-206.000000
-324.000000
-440.000000
-516.000000
-584.000000
-878.000000
-973.000000
-628.000000
-370.000000
-166.000000
-53.000000
-228.000000
-202.000000
246.000000
616.000000
1058.000000
1611.000000
1853.000000
1849.000000
2029.000000
2110.000000
2279.000000
2855.000000
3091.000000
3065.000000
3080.000000
2819.000000
2534.000000
2491.000000
2400.000000
2223.000000
2163.000000
1846.000000
1317.000000
1013.000000
705.000000
444.000000
381.000000
215.000000
-14.000000
-72.000000
-240.000000
-381.000000
-361.000000
-307.000000
-179.000000
85.000000
109.000000
39.000000
89.000000
86.000000
391.000000
666.000000
738.000000
729.000000
656.000000
555.000000
589.000000
741.000000
792.000000
791.000000
716.000000
473.000000
281.000000
244.000000
-30.000000
-296.000000
-837.000000
-1529.000000
-1700.000000
-1634.000000
-1587.000000
-1964.000000
-2586.000000
-3333.000000
-3521.000000
-3409.000000
-3404.000000
-3152.000000
-2950.000000
-2945.000000
-3019.000000
-3246.000000
-3373.000000
-2975.000000
-2219.000000
-1716.000000
-1511.000000
-1422.000000
-1451.000000
-1160.000000
-683.000000
-411.000000
6.000000
345.000000
429.000000
385.000000
363.000000
577.000000
790.000000
972.000000
831.000000
586.000000
602.000000
608.000000
578.000000
440.000000
326.000000
205.000000
34.000000
-89.000000
-193.000000
-221.000000
-170.000000
-337.000000
-623.000000
-727.000000
-509.000000
-251.000000
-44.000000
103.000000
-57.000000
60.000000
412.000000
728.000000
1170.000000
1602.000000
1788.000000
1824.000000
1959.000000
2072.000000
2374.000000
2852.000000
2996.000000
2833.000000
2754.000000
2605.000000
2498.000000
2484.000000
2391.000000
2225.000000
2009.000000
1715.000000
1300.000000
1048.000000
918.000000
705.000000
478.000000
282.000000
133.000000
-12.000000
-103.000000
-143.000000
-267.000000
-179.000000
-4.000000
30.000000
51.000000
159.000000
100.000000
136.000000
387.000000
433.000000
499.000000
611.000000
474.000000
333.000000
505.000000
627.000000
630.000000
585.000000
425.000000
192.000000
197.000000
207.000000
28.000000
-185.000000
-441.000000
-1070.000000
-1609.000000
-1730.000000
-1740.000000
-1677.000000
-1970.000000
-2591.000000
-3277.000000
-3366.000000
-3198.000000
-3096.000000
-2913.000000
-2804.000000
-3000.000000
-3064.000000
-3019.000000
-3063.000000
-2658.000000
-2062.000000
-1811.000000
-1629.000000
-1452.000000
-1392.000000
-1067.000000
-584.000000
-312.000000
-54.000000
271.000000
388.000000
346.000000
463.000000
661.000000
742.000000
859.000000
800.000000
671.000000
754.000000
789.000000
715.000000
542.000000
397.000000
248.000000
117.000000
178.000000
164.000000
39.000000
-140.000000
-380.000000
-623.000000
-671.000000
-440.000000
-239.000000
-52.000000
89.000000
25.000000
52.000000
312.000000
656.000000
982.000000
1373.000000
1610.000000
1614.000000
1830.000000
2050.000000
2134.000000
2392.000000
2470.000000
2376.000000
2440.000000
2523.000000
2456.000000
2368.000000
2233.000000
1841.000000
1623.000000
1576.000000
1379.000000
1261.000000
1095.000000
732.000000
418.000000
281.000000
159.000000
116.000000
148.000000
111.000000
29.000000
20.000000
36.000000
36.000000
145.000000
231.000000
239.000000
255.000000
296.000000
327.000000
385.000000
420.000000
346.000000
302.000000
369.000000
490.000000
548.000000
429.000000
220.000000
72.000000
82.000000
183.000000
214.000000
-11.000000
-338.000000
-887.000000
-1462.000000
-1567.000000
-1442.000000
-1315.000000
-1594.000000
-2105.000000
-2789.000000
-3017.000000
-2816.000000
-2810.000000
-2730.000000
-2590.000000
-2715.000000
-2724.000000
-2723.000000
-2870.000000
-2684.000000
-2157.000000
-1831.000000
-1699.000000
-1432.000000
-1351.000000
-1101.000000
-623.000000
-525.000000
-336.000000
-30.000000
116.000000
214.000000
363.000000
576.000000
616.000000
711.000000
656.000000
506.000000
690.000000
776.000000
772.000000
670.000000
525.000000
411.000000
292.000000
265.000000
200.000000
63.000000
3.000000
-220.000000
-397.000000
-413.000000
-331.000000
-110.000000
-95.000000
27.000000
12.000000
101.000000
377.000000
578.000000
850.000000
1117.000000
1305.000000
1395.000000
1513.000000
1740.000000
1855.000000
2011.000000
2140.000000
2028.000000
2125.000000
2233.000000
2205.000000
2098.000000
1976.000000
1788.000000
1605.000000
1634.000000
1494.000000
1281.000000
1184.000000
842.000000
562.000000
462.000000
405.000000
386.000000
356.000000
241.000000
0.000000
-46.000000
9.000000
27.000000
106.000000
140.000000
66.000000
53.000000
68.000000
91.000000
121.000000
158.000000
146.000000
-9.000000
57.000000
145.000000
225.000000
316.000000
156.000000
-14.000000
-62.000000
29.000000
50.000000
67.000000
-70.000000
-367.000000
-741.000000
-1120.000000
-1331.000000
-1252.000000
-1189.000000
-1382.000000
-1763.000000
-2260.000000
-2531.000000
-2558.000000
-2537.000000
-2492.000000
-2422.000000
-2466.000000
-2539.000000
-2578.000000
-2656.000000
-2580.000000
-2171.000000
-1936.000000
-1667.000000
-1444.000000
-1374.000000
-1152.000000
-865.000000
-659.000000
-423.000000
-61.000000
111.000000
272.000000
467.000000
601.000000
711.000000
817.000000
774.000000
780.000000
962.000000
1032.000000
1051.000000
978.000000
803.000000
616.000000
495.000000
391.000000
319.000000
303.000000
157.000000
-3.000000
-152.000000
-291.000000
-299.000000
-298.000000
-254.000000
-142.000000
50.000000
181.000000
270.000000
301.000000
320.000000
532.000000
806.000000
1020.000000
1207.000000
1418.000000
1526.000000
1574.000000
1578.000000
1561.000000
1746.000000
2026.000000
2161.000000
2111.000000
1950.000000
1737.000000
1597.000000
1571.000000
1545.000000
1486.000000
1373.000000
1117.000000
842.000000
666.000000
536.000000
428.000000
290.000000
128.000000
0.000000
9.000000
85.000000
81.000000
-17.000000
-155.000000
-224.000000
-163.000000
-49.000000
53.000000
118.000000
66.000000
-73.000000
-232.000000
-201.000000
0.000000
234.000000
313.000000
197.000000
20.000000
-104.000000
-61.000000
98.000000
253.000000
244.000000
-18.000000
-344.000000
-714.000000
-937.000000
-945.000000
-936.000000
-1027.000000
-1351.000000
-1734.000000
-2068.000000
-2147.000000
-2183.000000
-2281.000000
-2332.000000
-2348.000000
-2406.000000
-2389.000000
-2410.000000
-2449.000000
-2318.000000
-2128.000000
-1943.000000
-1736.000000
-1482.000000
-1316.000000
-1072.000000
-779.000000
-603.000000
-417.000000
-177.000000
36.000000
250.000000
447.000000
628.000000
682.000000
829.000000
872.000000
853.000000
917.000000
932.000000
929.000000
906.000000
926.000000
785.000000
616.000000
499.000000
350.000000
247.000000
203.000000
53.000000
-30.000000
-86.000000
-145.000000
-197.000000
-201.000000
-116.000000
-113.000000
-22.000000
91.000000
209.000000
386.000000
519.000000
640.000000
731.000000
879.000000
1034.000000
1163.000000
1367.000000
1543.000000
1651.000000
1756.000000
1777.000000
1745.000000
1785.000000
1905.000000
1885.000000
1781.000000
1708.000000
1526.000000
1421.000000
1321.000000
1080.000000
918.000000
772.000000
580.000000
412.000000
296.000000
195.000000
108.000000
31.000000
-81.000000
-223.000000
-280.000000
-342.000000
-363.000000
-344.000000
-311.000000
-342.000000
-417.000000
-461.000000
-527.000000
-485.000000
-361.000000
-298.000000
-250.000000
-187.000000
-117.000000
-40.000000
28.000000
39.000000
13.000000
39.000000
38.000000
-25.000000
-59.000000
-150.000000
-388.000000
-568.000000
-802.000000
-924.000000
-955.000000
-1015.000000
-1147.000000
-1374.000000
-1565.000000
-1737.000000
-1776.000000
-1786.000000
-1816.000000
-1863.000000
-1914.000000
-1898.000000
-1874.000000
-1802.000000
-1675.000000
-1598.000000
-1487.000000
-1318.000000
-1179.000000
-920.000000
-655.000000
-506.000000
-371.000000
-238.000000
-113.000000
27.000000
210.000000
376.000000
544.000000
735.000000
777.000000
763.000000
800.000000
805.000000
846.000000
851.000000
829.000000
755.000000
665.000000
587.000000
461.000000
378.000000
270.000000
161.000000
53.000000
-9.000000
-18.000000
-38.000000
-14.000000
-20.000000
-89.000000
-61.000000
17.000000
99.000000
205.000000
319.000000
406.000000
489.000000
600.000000
738.000000
887.000000
1079.000000
1169.000000
1188.000000
1281.000000
1373.000000
1453.000000
1502.000000
1530.000000
1480.000000
1413.000000
1329.000000
1172.000000
1078.000000
1024.000000
912.000000
759.000000
653.000000
479.000000
339.000000
245.000000
122.000000
9.000000
-25.000000
-66.000000
-106.000000
-130.000000
-234.000000
-297.000000
-351.000000
-363.000000
-376.000000
-349.000000
-284.000000
-269.000000
-256.000000
-233.000000
-184.000000
-130.000000
-44.000000
66.000000
139.000000
161.000000
146.000000
97.000000
78.000000
90.000000
26.000000
-62.000000
-114.000000
-197.000000
-272.000000
-364.000000
-518.000000
-691.000000
-755.000000
-803.000000
-832.000000
-859.000000
-984.000000
-1148.000000
-1243.000000
-1235.000000
-1247.000000
-1228.000000
-1244.000000
-1317.000000
-1354.000000
-1314.000000
-1264.000000
-1187.000000
-1104.000000
-1074.000000
-1017.000000
-904.000000
-811.000000
-731.000000
-597.000000
-494.000000
-425.000000
-286.000000
-173.000000
-74.000000
53.000000
115.000000
169.000000
220.000000
278.000000
315.000000
407.000000
467.000000
421.000000
340.000000
262.000000
214.000000
247.000000
272.000000
250.000000
169.000000
53.000000
9.000000
-9.000000
48.000000
93.000000
100.000000
96.000000
85.000000
88.000000
102.000000
218.000000
325.000000
413.000000
524.000000
573.000000
623.000000
725.000000
773.000000
875.000000
989.000000
1091.000000
1173.000000
1216.000000
1209.000000
1145.000000
1172.000000
1154.000000
1095.000000
1088.000000
997.000000
946.000000
892.000000
788.000000
683.000000
611.000000
597.000000
545.000000
487.000000
411.000000
315.000000
282.000000
213.000000
157.000000
151.000000
135.000000
137.000000
71.000000
38.000000
13.000000
24.000000
63.000000
72.000000
84.000000
98.000000
79.000000
56.000000
-22.000000
-63.000000
-92.000000
-97.000000
-103.000000
-159.000000
-240.000000
-340.000000
-406.000000
-493.000000
-569.000000
-591.000000
-633.000000
-680.000000
-719.000000
-831.000000
-917.000000
-950.000000
-984.000000
-1023.000000
-1027.000000
-1093.000000
-1170.000000
-1182.000000
-1198.000000
-1262.000000
-1251.000000
-1239.000000
-1235.000000
-1165.000000
-1111.000000
-1075.000000
-977.000000
-866.000000
-854.000000
-762.000000
-619.000000
-468.000000
-307.000000
-192.000000
-167.000000
-124.000000
-30.000000
60.000000
169.000000
289.000000
355.000000
360.000000
349.000000
336.000000
300.000000
300.000000
312.000000
297.000000
290.000000
272.000000
231.000000
155.000000
104.000000
72.000000
51.000000
65.000000
76.000000
44.000000
69.000000
110.000000
106.000000
153.000000
219.000000
268.000000
330.000000
413.000000
476.000000
566.000000
684.000000
735.000000
759.000000
846.000000
918.000000
959.000000
998.000000
1019.000000
998.000000
1004.000000
1019.000000
957.000000
921.000000
895.000000
823.000000
760.000000
721.000000
630.000000
561.000000
547.000000
491.000000
390.000000
337.000000
272.000000
212.000000
229.000000
185.000000
129.000000
126.000000
121.000000
67.000000
47.000000
26.000000
-60.000000
-65.000000
-45.000000
-68.000000
-50.000000
-70.000000
-152.000000
-167.000000
-138.000000
-145.000000
-100.000000
-50.000000
-68.000000
-72.000000
-93.000000
-148.000000
-160.000000
-142.000000
-162.000000
-177.000000
-237.000000
-325.000000
-389.000000
-411.000000
-473.000000
-572.000000
-654.000000
-749.000000
-777.000000
-825.000000
-926.000000
-1002.000000
-1086.000000
-1138.000000
-1155.000000
-1126.000000
-1090.000000
-1042.000000
-1017.000000
-989.000000
-905.000000
-822.000000
-738.000000
-632.000000
-561.000000
-468.000000
-363.000000
-305.000000
-263.000000
-182.000000
-84.000000
2.000000
100.000000
130.000000
152.000000
216.000000
247.000000
242.000000
260.000000
255.000000
291.000000
299.000000
238.000000
159.000000
101.000000
80.000000
56.000000
62.000000
50.000000
33.000000
2.000000
-33.000000
-51.000000
-19.000000
46.000000
109.000000
137.000000
174.000000
213.000000
257.000000
319.000000
372.000000
441.000000
504.000000
566.000000
583.000000
590.000000
607.000000
624.000000
677.000000
745.000000
766.000000
784.000000
786.000000
753.000000
732.000000
721.000000
695.000000
686.000000
689.000000
652.000000
617.000000
557.000000
503.000000
435.000000
417.000000
394.000000
354.000000
313.000000
245.000000
193.000000
145.000000
90.000000
48.000000
7.000000
-13.000000
-56.000000
-92.000000
-108.000000
-115.000000
-91.000000
-63.000000
-28.000000
-5.000000
6.000000
31.000000
48.000000
73.000000
114.000000
103.000000
99.000000
90.000000
74.000000
65.000000
42.000000
-2.000000
-81.000000
-147.000000
-208.000000
-280.000000
-330.000000
-421.000000
-510.000000
-629.000000
-740.000000
-828.000000
-918.000000
-939.000000
-983.000000
-1023.000000
-1025.000000
-1027.000000
-1032.000000
-1005.000000
-951.000000
-895.000000
-815.000000
-744.000000
-708.000000
-650.000000
-548.000000
-455.000000
-343.000000
-249.000000
-204.000000
-132.000000
-28.000000
84.000000
157.000000
223.000000
248.000000
249.000000
254.000000
233.000000
211.000000
190.000000
182.000000
156.000000
108.000000
27.000000
-62.000000
-104.000000
-93.000000
-103.000000
-137.000000
-168.000000
-186.000000
-172.000000
-149.000000
-110.000000
-89.000000
-49.000000
4.000000
41.000000
105.000000
148.000000
208.000000
268.000000
313.000000
380.000000
454.000000
540.000000
611.000000
642.000000
664.000000
687.000000
710.000000
768.000000
777.000000
782.000000
765.000000
737.000000
689.000000
624.000000
596.000000
552.000000
529.000000
478.000000
423.000000
373.000000
306.000000
250.000000
217.000000
187.000000
143.000000
116.000000
69.000000
31.000000
12.000000
3.000000
-9.000000
9.000000
19.000000
25.000000
68.000000
89.000000
116.000000
153.000000
191.000000
228.000000
265.000000
300.000000
305.000000
334.000000
350.000000
346.000000
324.000000
257.000000
201.000000
163.000000
129.000000
87.000000
1.000000
-117.000000
-211.000000
-298.000000
-401.000000
-492.000000
-612.000000
-728.000000
-818.000000
-876.000000
-930.000000
-957.000000
-986.000000
-1029.000000
-1044.000000
-1021.000000
-986.000000
-922.000000
-843.000000
-787.000000
-705.000000
-612.000000
-552.000000
-476.000000
-379.000000
-304.000000
-219.000000
-123.000000
-68.000000
-24.000000
46.000000
86.000000
107.000000
144.000000
150.000000
137.000000
127.000000
104.000000
69.000000
57.000000
16.000000
-58.000000
-107.000000
-166.000000
-223.000000
-249.000000
-270.000000
-299.000000
-291.000000
-299.000000
-319.000000
-305.000000
-284.000000
-261.000000
-204.000000
-153.000000
-107.000000
-39.000000
23.000000
83.000000
148.000000
203.000000
262.000000
346.000000
421.000000
488.000000
546.000000
595.000000
628.000000
651.000000
667.000000
677.000000
702.000000
703.000000
692.000000
673.000000
649.000000
622.000000
595.000000
567.000000
550.000000
519.000000
466.000000
437.000000
391.000000
368.000000
347.000000
330.000000
295.000000
258.000000
231.000000
206.000000
212.000000
211.000000
203.000000
195.000000
193.000000
198.000000
215.000000
261.000000
306.000000
323.000000
357.000000
383.000000
397.000000
401.000000
373.000000
359.000000
351.000000
342.000000
288.000000
199.000000
139.000000
56.000000
3.000000
-52.000000
-135.000000
-229.000000
-322.000000
-416.000000
-513.000000
-579.000000
-654.000000
-744.000000
-805.000000
-872.000000
-914.000000
-918.000000
-919.000000
-931.000000
-928.000000
-879.000000
-802.000000
-739.000000
-671.000000
-632.000000
-585.000000
-536.000000
-511.000000
-440.000000
-373.000000
-292.000000
-251.000000
-235.000000
-222.000000
-213.000000
-167.000000
-113.000000
-64.000000
-33.000000
-41.000000
-70.000000
-136.000000
-166.000000
-171.000000
-196.000000
-206.000000
-250.000000
-313.000000
-347.000000
-356.000000
-366.000000
-368.000000
-345.000000
-323.000000
-297.000000
-248.000000
-231.000000
-206.000000
-158.000000
-114.000000
-64.000000
-5.000000
56.000000
105.000000
161.000000
204.000000
231.000000
293.000000
364.000000
419.000000
468.000000
490.000000
507.000000
526.000000
552.000000
570.000000
571.000000
588.000000
601.000000
607.000000
604.000000
583.000000
557.000000
553.000000
567.000000
562.000000
574.000000
577.000000
553.000000
518.000000
508.000000
487.000000
492.000000
508.000000
478.000000
452.000000
431.000000
398.000000
372.000000
388.000000
402.000000
410.000000
421.000000
412.000000
381.000000
376.000000
367.000000
364.000000
370.000000
370.000000
347.000000
305.000000
247.000000
179.000000
123.000000
87.000000
49.000000
3.000000
-36.000000
-114.000000
-191.000000
-267.000000
-336.000000
-390.000000
-420.000000
-465.000000
-534.000000
-585.000000
-649.000000
-702.000000
-742.000000
-755.000000
-747.000000
-732.000000
-728.000000
-735.000000
-714.000000
-696.000000
-684.000000
-649.000000
-623.000000
-575.000000
-551.000000
-529.000000
-513.000000
-490.000000
-445.000000
-383.000000
-331.000000
-302.000000
-272.000000
-266.000000
-255.000000
-249.000000
-234.000000
-244.000000
-250.000000
-261.000000
-293.000000
-314.000000
-342.000000
-359.000000
-357.000000
-343.000000
-343.000000
-333.000000
-316.000000
-300.000000
-273.000000
-266.000000
-262.000000
-263.000000
-235.000000
-205.000000
-179.000000
-145.000000
-127.000000
-91.000000
-56.000000
-18.000000
37.000000
109.000000
166.000000
214.000000
281.000000
325.000000
385.000000
446.000000
482.000000
538.000000
595.000000
616.000000
641.000000
673.000000
699.000000
730.000000
764.000000
779.000000
779.000000
802.000000
799.000000
786.000000
775.000000
758.000000
759.000000
751.000000
710.000000
654.000000
613.000000
588.000000
574.000000
560.000000
518.000000
473.000000
443.000000
423.000000
429.000000
420.000000
394.000000
360.000000
330.000000
321.000000
304.000000
264.000000
242.000000
227.000000
200.000000
178.000000
157.000000
115.000000
97.000000
70.000000
24.000000
1.000000
-24.000000
-49.000000
-68.000000
-115.000000
-175.000000
-241.000000
-304.000000
-340.000000
-380.000000
-415.000000
-461.000000
-522.000000
-604.000000
-669.000000
-714.000000
-750.000000
-742.000000
-768.000000
-796.000000
-811.000000
-824.000000
-831.000000
-823.000000
-804.000000
-785.000000
-748.000000
-711.000000
-710.000000
-669.000000
-616.000000
-590.000000
-529.000000
-488.000000
-471.000000
-433.000000
-393.000000
-363.000000
-334.000000
-315.000000
-309.000000
-295.000000
-281.000000
-287.000000
-280.000000
-269.000000
-277.000000
-282.000000
-293.000000
-292.000000
-289.000000
-287.000000
-290.000000
-309.000000
-314.000000
-313.000000
-296.000000
-272.000000
-232.000000
-184.000000
-151.000000
-114.000000
-67.000000
-12.000000
69.000000
154.000000
231.000000
302.000000
376.000000
443.000000
500.000000
564.000000
628.000000
700.000000
761.000000
801.000000
841.000000
889.000000
926.000000
947.000000
955.000000
973.000000
986.000000
987.000000
958.000000
923.000000
904.000000
875.000000
841.000000
793.000000
740.000000
715.000000
694.000000
652.000000
609.000000
548.000000
499.000000
459.000000
424.000000
394.000000
354.000000
304.000000
256.000000
224.000000
197.000000
173.000000
162.000000
163.000000
162.000000
171.000000
166.000000
156.000000
141.000000
135.000000
133.000000
107.000000
71.000000
30.000000
1.000000
-28.000000
-78.000000
-127.000000
-171.000000
-221.000000
-276.000000
-340.000000
-409.000000
-489.000000
-566.000000
-648.000000
-705.000000
-742.000000
-784.000000
-825.000000
-855.000000
-893.000000
-918.000000
-907.000000
-890.000000
-863.000000
-824.000000
-791.000000
-783.000000
-746.000000
-710.000000
-670.000000
-623.000000
-582.000000
-532.000000
-491.000000
-459.000000
-437.000000
-415.000000
-391.000000
-368.000000
-347.000000
-337.000000
-350.000000
-360.000000
-372.000000
-384.000000
-394.000000
-397.000000
-386.000000
-392.000000
-402.000000
-397.000000
-402.000000
-398.000000
-383.000000
-358.000000
-328.000000
-281.000000
-250.000000
-205.000000
-148.000000
-92.000000
-32.000000
40.000000
115.000000
183.000000
270.000000
323.000000
376.000000
442.000000
511.000000
573.000000
631.000000
697.000000
743.000000
793.000000
837.000000
864.000000
889.000000
916.000000
937.000000
955.000000
955.000000
934.000000
908.000000
876.000000
869.000000
865.000000
844.000000
803.000000
750.000000
708.000000
675.000000
662.000000
632.000000
601.000000
562.000000
504.000000
471.000000
434.000000
410.000000
396.000000
373.000000
340.000000
321.000000
316.000000
300.000000
282.000000
269.000000
249.000000
236.000000
226.000000
202.000000
186.000000
161.000000
132.000000
83.000000
33.000000
-12.000000
-51.000000
-100.000000
-169.000000
-245.000000
-335.000000
-407.000000
-458.000000
-503.000000
-547.000000
-596.000000
-655.000000
-708.000000
-750.000000
-773.000000
-771.000000
-766.000000
-769.000000
-768.000000
-763.000000
-768.000000
-754.000000
-742.000000
-733.000000
-708.000000
-688.000000
-661.000000
-633.000000
-629.000000
-627.000000
-613.000000
-591.000000
-571.000000
-557.000000
-553.000000
-552.000000
-541.000000
-542.000000
-549.000000
-538.000000
-523.000000
-507.000000
-495.000000
-485.000000
-480.000000
-463.000000
-438.000000
-414.000000
-369.000000
-325.000000
-291.000000
-270.000000
-235.000000
-189.000000
-152.000000
-101.000000
-44.000000
-1.000000
44.000000
103.000000
146.000000
190.000000
258.000000
329.000000
387.000000
446.000000
489.000000
521.000000
583.000000
626.000000
660.000000
698.000000
719.000000
732.000000
753.000000
752.000000
746.000000
762.000000
768.000000
773.000000
779.000000
785.000000
782.000000
793.000000
788.000000
779.000000
765.000000
751.000000
741.000000
720.000000
699.000000
675.000000
652.000000
617.000000
590.000000
567.000000
547.000000
525.000000
505.000000
489.000000
466.000000
430.000000
373.000000
340.000000
305.000000
261.000000
227.000000
173.000000
113.000000
63.000000
34.000000
-9.000000
-54.000000
-96.000000
-152.000000
-198.000000
-245.000000
-290.000000
-325.000000
-355.000000
-406.000000
-454.000000
-493.000000
-520.000000
-540.000000
-536.000000
-535.000000
-557.000000
-560.000000
-564.000000
-568.000000
-552.000000
-547.000000
-557.000000
-571.000000
-591.000000
-603.000000
-601.000000
-594.000000
-610.000000
-630.000000
-643.000000
-662.000000
-674.000000
-671.000000
-667.000000
-649.000000
-639.000000
-641.000000
-632.000000
-607.000000
-601.000000
-576.000000
-550.000000
-523.000000
-491.000000
-472.000000
-450.000000
-426.000000
-390.000000
-344.000000
-305.000000
-269.000000
-213.000000
-160.000000
-112.000000
-75.000000
-31.000000
13.000000
43.000000
80.000000
111.000000
136.000000
166.000000
186.000000
204.000000
230.000000
266.000000
299.000000
330.000000
364.000000
386.000000
416.000000
443.000000
457.000000
479.000000
500.000000
520.000000
541.000000
550.000000
559.000000
575.000000
600.000000
615.000000
647.000000
676.000000
686.000000
697.000000
695.000000
700.000000
701.000000
692.000000
678.000000
660.000000
636.000000
621.000000
595.000000
573.000000
557.000000
536.000000
512.000000
476.000000
458.000000
432.000000
404.000000
372.000000
327.000000
292.000000
238.000000
189.000000
137.000000
89.000000
42.000000
-3.000000
-52.000000
-104.000000
-136.000000
-158.000000
-205.000000
-247.000000
-280.000000
-319.000000
-348.000000
-372.000000
-395.000000
-400.000000
-412.000000
-428.000000
-448.000000
-457.000000
-445.000000
-432.000000
-422.000000
-417.000000
-419.000000
-435.000000
-447.000000
-443.000000
-443.000000
-456.000000
-470.000000
-487.000000
-484.000000
-479.000000
-488.000000
-489.000000
-491.000000
-495.000000
-479.000000
-474.000000
-476.000000
-463.000000
-446.000000
-436.000000
-430.000000
-412.000000
-391.000000
-363.000000
-343.000000
-326.000000
-299.000000
-269.000000
-235.000000
-203.000000
-167.000000
-143.000000
-115.000000
-83.000000
-62.000000
-25.000000
4.000000
25.000000
37.000000
45.000000
58.000000
75.000000
91.000000
110.000000
135.000000
149.000000
146.000000
148.000000
172.000000
195.000000
237.000000
262.000000
290.000000
311.000000
322.000000
352.000000
375.000000
408.000000
441.000000
468.000000
482.000000
498.000000
511.000000
519.000000
541.000000
554.000000
553.000000
547.000000
546.000000
532.000000
519.000000
519.000000
506.000000
486.000000
468.000000
450.000000
428.000000
405.000000
376.000000
343.000000
311.000000
289.000000
262.000000
224.000000
189.000000
146.000000
119.000000
89.000000
56.000000
25.000000
5.000000
-15.000000
-47.000000
-71.000000
-105.000000
-127.000000
-137.000000
-153.000000
-164.000000
-183.000000
-206.000000
-226.000000
-248.000000
-259.000000
-262.000000
-261.000000
-269.000000
-279.000000
-296.000000
-324.000000
-337.000000
-345.000000
-349.000000
-346.000000
-356.000000
-364.000000
-374.000000
-374.000000
-383.000000
-387.000000
-372.000000
-368.000000
-362.000000
-349.000000
-343.000000
-331.000000
-318.000000
-315.000000
-307.000000
-293.000000
-273.000000
-253.000000
-238.000000
-239.000000
-231.000000
-223.000000
-214.000000
-184.000000
-156.000000
-136.000000
-116.000000
-110.000000
-105.000000
-88.000000
-75.000000
-62.000000
-50.000000
-51.000000
-62.000000
-57.000000
-61.000000
-77.000000
-72.000000
-56.000000
-49.000000
-35.000000
-30.000000
-29.000000
-11.000000
20.000000
45.000000
66.000000
92.000000
119.000000
142.000000
156.000000
192.000000
223.000000
256.000000
281.000000
304.000000
333.000000
362.000000
382.000000
395.000000
415.000000
426.000000
436.000000
437.000000
435.000000
438.000000
440.000000
437.000000
417.000000
402.000000
381.000000
365.000000
355.000000
323.000000
298.000000
276.000000
247.000000
224.000000
207.000000
190.000000
155.000000
128.000000
107.000000
91.000000
81.000000
72.000000
61.000000
45.000000
32.000000
20.000000
15.000000
20.000000
24.000000
17.000000
15.000000
10.000000
4.000000
2.000000
-6.000000
-23.000000
-42.000000
-58.000000
-76.000000
-98.000000
-125.000000
-154.000000
-171.000000
-192.000000
-210.000000
-227.000000
-243.000000
-240.000000
-243.000000
-246.000000
-246.000000
-246.000000
-252.000000
-255.000000
-253.000000
-251.000000
-245.000000
-239.000000
-230.000000
-221.000000
-216.000000
-218.000000
-201.000000
-187.000000
-173.000000
-158.000000
-140.000000
-133.000000
-133.000000
-127.000000
-128.000000
-126.000000
-118.000000
-115.000000
-124.000000
-134.000000
-134.000000
-129.000000
-122.000000
-121.000000
-132.000000
-135.000000
-130.000000
-134.000000
-139.000000
-137.000000
-145.000000
-153.000000
-146.000000
-141.000000
-138.000000
-129.000000
-120.000000
-113.000000
-92.000000
-62.000000
-39.000000
-6.000000
25.000000
50.000000
80.000000
106.000000
138.000000
164.000000
187.000000
208.000000
232.000000
235.000000
243.000000
262.000000
270.000000
283.000000
283.000000
285.000000
284.000000
281.000000
275.000000
268.000000
256.000000
242.000000
229.000000
202.000000
185.000000
169.000000
149.000000
123.000000
99.000000
85.000000
73.000000
72.000000
66.000000
58.000000
55.000000
56.000000
52.000000
51.000000
58.000000
64.000000
56.000000
55.000000
47.000000
43.000000
50.000000
41.000000
45.000000
50.000000
39.000000
33.000000
26.000000
22.000000
20.000000
18.000000
14.000000
8.000000
-3.000000
-17.000000
-28.000000
-45.000000
-58.000000
-59.000000
-57.000000
-54.000000
-57.000000
-69.000000
-75.000000
-65.000000
-55.000000
-47.000000
-34.000000
-30.000000
-38.000000
-38.000000
-42.000000
-45.000000
-40.000000
-40.000000
-45.000000
-42.000000
-43.000000
-35.000000
-27.000000
-29.000000
-24.000000
-28.000000
-37.000000
-49.000000
-56.000000
-64.000000
-73.000000
-96.000000
-111.000000
-120.000000
-134.000000
-132.000000
-129.000000
-134.000000
-141.000000
-145.000000
-143.000000
-136.000000
-133.000000
-133.000000
-136.000000
-145.000000
-146.000000
-138.000000
-130.000000
-116.000000
-102.000000
-94.000000
-90.000000
-79.000000
-75.000000
-55.000000
-36.000000
-26.000000
-23.000000
-30.000000
-29.000000
-26.000000
-20.000000
-10.000000
-2.000000
5.000000
8.000000
13.000000
14.000000
23.000000
30.000000
30.000000
36.000000
39.000000
43.000000
42.000000
37.000000
34.000000
23.000000
21.000000
33.000000
41.000000
57.000000
68.000000
67.000000
71.000000
71.000000
75.000000
95.000000
103.000000
105.000000
103.000000
102.000000
98.000000
98.000000
100.000000
102.000000
111.000000
114.000000
122.000000
122.000000
130.000000
131.000000
134.000000
138.000000
129.000000
134.000000
133.000000
133.000000
130.000000
124.000000
125.000000
118.000000
130.000000
133.000000
128.000000
127.000000
130.000000
133.000000
136.000000
135.000000
128.000000
114.000000
114.000000
108.000000
95.000000
95.000000
90.000000
79.000000
71.000000
65.000000
54.000000
49.000000
38.000000
22.000000
8.000000
-15.000000
-30.000000
-46.000000
-69.000000
-90.000000
-115.000000
-134.000000
-154.000000
-159.000000
-165.000000
-172.000000
-177.000000
-187.000000
-192.000000
-196.000000
-200.000000
-205.000000
-213.000000
-220.000000
-221.000000
-227.000000
-232.000000
-227.000000
-225.000000
-220.000000
-212.000000
-203.000000
-192.000000
-183.000000
-172.000000
-162.000000
-161.000000
-154.000000
-161.000000
-161.000000
-156.000000
-159.000000
-155.000000
-158.000000
-161.000000
-156.000000
-153.000000
-140.000000
-126.000000
-120.000000
-97.000000
-87.000000
-85.000000
-80.000000
-69.000000
-48.000000
-34.000000
-14.000000
1.000000
23.000000
37.000000
59.000000
83.000000
100.000000
135.000000
154.000000
168.000000
183.000000
193.000000
196.000000
194.000000
194.000000
198.000000
207.000000
212.000000
209.000000
201.000000
199.000000
193.000000
188.000000
189.000000
188.000000
183.000000
175.000000
168.000000
160.000000
159.000000
145.000000
140.000000
140.000000
131.000000
126.000000
122.000000
117.000000
109.000000
111.000000
118.000000
122.000000
127.000000
134.000000
139.000000
136.000000
141.000000
150.000000
153.000000
161.000000
152.000000
142.000000
131.000000
112.000000
109.000000
95.000000
86.000000
67.000000
52.000000
37.000000
13.000000
1.000000
-16.000000
-26.000000
-41.000000
-62.000000
-92.000000
-107.000000
-113.000000
-129.000000
-134.000000
-149.000000
-166.000000
-166.000000
-173.000000
-180.000000
-182.000000
-183.000000
-188.000000
-192.000000
-194.000000
-189.000000
-195.000000
-202.000000
-207.000000
-206.000000
-216.000000
-218.000000
-209.000000
-214.000000
-211.000000
-212.000000
-211.000000
-207.000000
-204.000000
-198.000000
-198.000000
-193.000000
-190.000000
-191.000000
-185.000000
-183.000000
-174.000000
-162.000000
-148.000000
-139.000000
-124.000000
-114.000000
-102.000000
-86.000000
-76.000000
-54.000000
-36.000000
-24.000000
-10.000000
5.000000
17.000000
32.000000
48.000000
63.000000
80.000000
91.000000
101.000000
106.000000
114.000000
119.000000
127.000000
126.000000
128.000000
132.000000
134.000000
143.000000
141.000000
147.000000
148.000000
143.000000
157.000000
151.000000
154.000000
156.000000
149.000000
154.000000
150.000000
147.000000
151.000000
154.000000
157.000000
151.000000
155.000000
172.000000
177.000000
186.000000
200.000000
208.000000
211.000000
208.000000
207.000000
216.000000
213.000000
207.000000
199.000000
192.000000
178.000000
162.000000
157.000000
150.000000
133.000000
120.000000
107.000000
89.000000
70.000000
53.000000
37.000000
6.000000
-14.000000
-30.000000
-45.000000
-58.000000
-70.000000
-77.000000
-87.000000
-95.000000
-104.000000
-107.000000
-107.000000
-109.000000
-121.000000
-133.000000
-141.000000
-151.000000
-164.000000
-168.000000
-175.000000
-184.000000
-190.000000
-207.000000
-212.000000
-208.000000
-206.000000
-214.000000
-225.000000
-233.000000
-239.000000
-239.000000
-247.000000
-249.000000
-248.000000
-257.000000
-256.000000
-259.000000
-248.000000
-229.000000
-224.000000
-205.000000
-193.000000
-184.000000
-162.000000
-148.000000
-136.000000
-122.000000
-111.000000
-106.000000
-95.000000
-83.000000
-66.000000
-44.000000
-31.000000
-18.000000
4.000000
18.000000
31.000000
51.000000
64.000000
73.000000
80.000000
86.000000
86.000000
86.000000
96.000000
102.000000
98.000000
100.000000
107.000000
107.000000
110.000000
119.000000
123.000000
131.000000
134.000000
138.000000
147.000000
148.000000
154.000000
159.000000
158.000000
161.000000
165.000000
165.000000
172.000000
180.000000
185.000000
192.000000
196.000000
199.000000
206.000000
215.000000
222.000000
223.000000
221.000000
210.000000
200.000000
196.000000
184.000000
182.000000
174.000000
155.000000
150.000000
144.000000
133.000000
127.000000
121.000000
115.000000
97.000000
79.000000
72.000000
62.000000
49.000000
38.000000
30.000000
12.000000
2.000000
-4.000000
-6.000000
-10.000000
-23.000000
-34.000000
-47.000000
-51.000000
-58.000000
-63.000000
-73.000000
-83.000000
-91.000000
-109.000000
-122.000000
-127.000000
-131.000000
-139.000000
-159.000000
-173.000000
-183.000000
-197.000000
-199.000000
-201.000000
-204.000000
-206.000000
-214.000000
-223.000000
-232.000000
-235.000000
-241.000000
-248.000000
-254.000000
-252.000000
-248.000000
-252.000000
-251.000000
-240.000000
-225.000000
-207.000000
-196.000000
-181.000000
-158.000000
-149.000000
-138.000000
-126.000000
-115.000000
-93.000000
-84.000000
-73.000000
-58.000000
-49.000000
-36.000000
-23.000000
-10.000000
6.000000
12.000000
23.000000
30.000000
33.000000
36.000000
33.000000
35.000000
40.000000
45.000000
56.000000
67.000000
69.000000
72.000000
84.000000
95.000000
106.000000
121.000000
136.000000
138.000000
148.000000
148.000000
149.000000
159.000000
170.000000
178.000000
181.000000
187.000000
200.000000
207.000000
215.000000
222.000000
223.000000
228.000000
239.000000
234.000000
228.000000
226.000000
210.000000
203.000000
198.000000
196.000000
198.000000
200.000000
192.000000
185.000000
176.000000
170.000000
161.000000
157.000000
154.000000
142.000000
125.000000
107.000000
95.000000
87.000000
85.000000
77.000000
66.000000
54.000000
42.000000
26.000000
13.000000
11.000000
-7.000000
-28.000000
-45.000000
-65.000000
-74.000000
-84.000000
-104.000000
-114.000000
-129.000000
-135.000000
-141.000000
-158.000000
-166.000000
-176.000000
-182.000000
-193.000000
-199.000000
-202.000000
-203.000000
-209.000000
-222.000000
-225.000000
-233.000000
-226.000000
-224.000000
-224.000000
-221.000000
-214.000000
-208.000000
-210.000000
-194.000000
-179.000000
-174.000000
-162.000000
-152.000000
-150.000000
-143.000000
-131.000000
-122.000000
-113.000000
-106.000000
-101.000000
-95.000000
-85.000000
-80.000000
-71.000000
-67.000000
-59.000000
-57.000000
-55.000000
-52.000000
-51.000000
-48.000000
-42.000000
-32.000000
-29.000000
-24.000000
-20.000000
-13.000000
-2.000000
6.000000
20.000000
24.000000
32.000000
38.000000
41.000000
51.000000
69.000000
83.000000
85.000000
97.000000
103.000000
114.000000
126.000000
134.000000
146.000000
153.000000
164.000000
173.000000
176.000000
183.000000
187.000000
182.000000
184.000000
185.000000
183.000000
176.000000
181.000000
172.000000
160.000000
153.000000
152.000000
156.000000
160.000000
158.000000
155.000000
149.000000
145.000000
144.000000
137.000000
134.000000
133.000000
131.000000
134.000000
128.000000
123.000000
122.000000
113.000000
111.000000
102.000000
101.000000
95.000000
84.000000
70.000000
48.000000
37.000000
25.000000
19.000000
3.000000
-10.000000
-22.000000
-39.000000
-57.000000
-62.000000
-74.000000
-85.000000
-92.000000
-105.000000
-118.000000
-134.000000
