2.000000
1.000000
1.000000
-1.000000
4.000000
1.000000
0.000000
3.000000
0.000000
-2.000000
-6.000000
1.000000
1.000000
3.000000
2.000000
-3.000000
5.000000
0.000000
3.000000
4.000000
3.000000
6.000000
4.000000
5.000000
1.000000
-4.000000
-4.000000
-7.000000
-4.000000
-3.000000
-4.000000
-5.000000
-3.000000
-3.000000
0.000000
4.000000
7.000000
12.000000
9.000000
3.000000
2.000000
1.000000
0.000000
4.000000
1.000000
-1.000000
-1.000000
-2.000000
-4.000000
-12.000000
-3.000000
3.000000
-3.000000
-8.000000
-6.000000
-9.000000
-1.000000
1.000000
-3.000000
-4.000000
-8.000000
-4.000000
2.000000
1.000000
1.000000
2.000000
0.000000
10.000000
6.000000
5.000000
6.000000
5.000000
9.000000
7.000000
12.000000
9.000000
4.000000
2.000000
8.000000
4.000000
-2.000000
2.000000
0.000000
0.000000
-1.000000
2.000000
3.000000
1.000000
2.000000
-5.000000
-12.000000
-7.000000
-12.000000
-6.000000
-6.000000
-4.000000
5.000000
0.000000
-11.000000
-10.000000
-2.000000
-6.000000
-10.000000
-4.000000
1.000000
-4.000000
-2.000000
-1.000000
0.000000
8.000000
3.000000
1.000000
1.000000
6.000000
4.000000
6.000000
2.000000
-4.000000
-1.000000
-2.000000
-3.000000
-3.000000
1.000000
-2.000000
-6.000000
-6.000000
-6.000000
-7.000000
-4.000000
-8.000000
-13.000000
-4.000000
-4.000000
-7.000000
5.000000
2.000000
-12.000000
2.000000
0.000000
1.000000
6.000000
-3.000000
2.000000
2.000000
6.000000
3.000000
2.000000
3.000000
2.000000
0.000000
-4.000000
2.000000
3.000000
6.000000
0.000000
-6.000000
-1.000000
6.000000
4.000000
4.000000
7.000000
3.000000
5.000000
7.000000
6.000000
3.000000
2.000000
6.000000
2.000000
3.000000
2.000000
-1.000000
-3.000000
-8.000000
-6.000000
-4.000000
-8.000000
-5.000000
0.000000
4.000000
4.000000
-1.000000
-3.000000
-7.000000
-1.000000
6.000000
5.000000
4.000000
6.000000
5.000000
5.000000
5.000000
7.000000
6.000000
3.000000
8.000000
5.000000
2.000000
-1.000000
3.000000
-1.000000
-3.000000
0.000000
-4.000000
0.000000
4.000000
0.000000
-5.000000
-3.000000
2.000000
-3.000000
-2.000000
-7.000000
-5.000000
-1.000000
-4.000000
2.000000
-1.000000
-2.000000
-1.000000
1.000000
2.000000
2.000000
1.000000
2.000000
2.000000
-3.000000
-4.000000
-2.000000
8.000000
3.000000
8.000000
10.000000
0.000000
4.000000
-4.000000
-5.000000
-4.000000
-10.000000
-5.000000
-8.000000
-12.000000
-10.000000
-14.000000
-4.000000
-3.000000
-11.000000
-4.000000
1.000000
-1.000000
0.000000
1.000000
0.000000
-3.000000
-1.000000
1.000000
-7.000000
-4.000000
1.000000
0.000000
3.000000
6.000000
6.000000
3.000000
3.000000
8.000000
2.000000
4.000000
4.000000
5.000000
7.000000
-3.000000
-3.000000
-2.000000
4.000000
-4.000000
-5.000000
-1.000000
-3.000000
-5.000000
2.000000
-3.000000
-8.000000
5.000000
-1.000000
0.000000
7.000000
-4.000000
3.000000
3.000000
0.000000
2.000000
5.000000
6.000000
6.000000
1.000000
-2.000000
-1.000000
0.000000
1.000000
-1.000000
-2.000000
-4.000000
-2.000000
2.000000
3.000000
0.000000
2.000000
-3.000000
1.000000
3.000000
-1.000000
1.000000
6.000000
5.000000
4.000000
1.000000
2.000000
5.000000
1.000000
6.000000
0.000000
2.000000
3.000000
-6.000000
-2.000000
-5.000000
-8.000000
-3.000000
-6.000000
-8.000000
-1.000000
-6.000000
1.000000
3.000000
-4.000000
-6.000000
-3.000000
-3.000000
-1.000000
2.000000
-7.000000
-4.000000
-4.000000
-3.000000
-4.000000
-2.000000
-4.000000
-2.000000
3.000000
-8.000000
-5.000000
3.000000
6.000000
-2.000000
1.000000
4.000000
0.000000
3.000000
-5.000000
-1.000000
-1.000000
3.000000
-3.000000
2.000000
0.000000
0.000000
6.000000
-3.000000
2.000000
-1.000000
-2.000000
2.000000
4.000000
4.000000
5.000000
4.000000
5.000000
5.000000
4.000000
3.000000
3.000000
-4.000000
-2.000000
1.000000
-4.000000
-2.000000
4.000000
10.000000
10.000000
9.000000
4.000000
1.000000
4.000000
4.000000
7.000000
7.000000
0.000000
-1.000000
5.000000
8.000000
9.000000
5.000000
4.000000
1.000000
1.000000
3.000000
4.000000
0.000000
-3.000000
7.000000
8.000000
0.000000
2.000000
6.000000
-3.000000
2.000000
-1.000000
2.000000
1.000000
0.000000
12.000000
5.000000
-1.000000
-2.000000
-6.000000
-8.000000
-3.000000
-11.000000
-5.000000
-3.000000
-7.000000
-2.000000
5.000000
4.000000
3.000000
6.000000
3.000000
2.000000
6.000000
9.000000
5.000000
8.000000
7.000000
4.000000
2.000000
6.000000
3.000000
-6.000000
-6.000000
-4.000000
-5.000000
-6.000000
-8.000000
-2.000000
2.000000
-4.000000
-9.000000
-8.000000
-14.000000
-11.000000
-11.000000
-8.000000
-6.000000
-13.000000
-10.000000
-13.000000
-4.000000
-4.000000
-9.000000
-4.000000
-5.000000
-5.000000
0.000000
-4.000000
0.000000
3.000000
1.000000
1.000000
3.000000
3.000000
1.000000
3.000000
8.000000
12.000000
5.000000
0.000000
-7.000000
-2.000000
0.000000
8.000000
8.000000
8.000000
-1.000000
-2.000000
0.000000
-7.000000
1.000000
-4.000000
-6.000000
-6.000000
-4.000000
-4.000000
-2.000000
-3.000000
1.000000
1.000000
1.000000
6.000000
2.000000
10.000000
7.000000
5.000000
1.000000
-3.000000
7.000000
2.000000
3.000000
1.000000
9.000000
8.000000
3.000000
2.000000
8.000000
14.000000
7.000000
10.000000
7.000000
10.000000
11.000000
6.000000
3.000000
5.000000
-2.000000
1.000000
3.000000
0.000000
7.000000
-1.000000
6.000000
0.000000
-2.000000
0.000000
-2.000000
3.000000
-3.000000
1.000000
-3.000000
-7.000000
-4.000000
0.000000
0.000000
-3.000000
-6.000000
-6.000000
-8.000000
-7.000000
-5.000000
-8.000000
-4.000000
-4.000000
-3.000000
-1.000000
-3.000000
2.000000
2.000000
4.000000
6.000000
7.000000
9.000000
9.000000
11.000000
7.000000
8.000000
0.000000
0.000000
7.000000
6.000000
-1.000000
-6.000000
-3.000000
1.000000
2.000000
3.000000
-3.000000
2.000000
-2.000000
1.000000
2.000000
-4.000000
3.000000
4.000000
5.000000
6.000000
4.000000
-2.000000
-4.000000
-3.000000
1.000000
-2.000000
2.000000
2.000000
1.000000
1.000000
-3.000000
-1.000000
2.000000
-4.000000
0.000000
-3.000000
-11.000000
-8.000000
-15.000000
-5.000000
-2.000000
-5.000000
-4.000000
-3.000000
3.000000
-2.000000
-1.000000
-3.000000
-1.000000
4.000000
-3.000000
-5.000000
-5.000000
-1.000000
6.000000
3.000000
-2.000000
0.000000
-1.000000
-1.000000
0.000000
-7.000000
-2.000000
-2.000000
-5.000000
-2.000000
-2.000000
-8.000000
-9.000000
-1.000000
2.000000
4.000000
3.000000
6.000000
7.000000
10.000000
8.000000
5.000000
1.000000
0.000000
5.000000
0.000000
-2.000000
0.000000
-2.000000
-2.000000
2.000000
-1.000000
-5.000000
-4.000000
-4.000000
-6.000000
-7.000000
-9.000000
-8.000000
-2.000000
0.000000
-3.000000
4.000000
-3.000000
3.000000
3.000000
2.000000
8.000000
2.000000
5.000000
5.000000
2.000000
5.000000
2.000000
4.000000
4.000000
-7.000000
-7.000000
-7.000000
-3.000000
-4.000000
-5.000000
2.000000
2.000000
-3.000000
1.000000
4.000000
2.000000
0.000000
2.000000
7.000000
1.000000
4.000000
-1.000000
-4.000000
5.000000
-4.000000
-3.000000
1.000000
4.000000
2.000000
11.000000
7.000000
-3.000000
0.000000
-1.000000
8.000000
1.000000
-3.000000
9.000000
6.000000
3.000000
2.000000
4.000000
3.000000
-5.000000
-2.000000
-8.000000
-4.000000
-8.000000
-13.000000
-8.000000
-9.000000
-6.000000
-8.000000
-1.000000
0.000000
-1.000000
-3.000000
0.000000
-2.000000
-6.000000
0.000000
4.000000
1.000000
-2.000000
-1.000000
-3.000000
-5.000000
-2.000000
-3.000000
-2.000000
-2.000000
-6.000000
-3.000000
-5.000000
-5.000000
-3.000000
-1.000000
-6.000000
-2.000000
-7.000000
-9.000000
-5.000000
-4.000000
1.000000
-6.000000
-2.000000
1.000000
1.000000
3.000000
2.000000
-8.000000
1.000000
3.000000
-6.000000
3.000000
-2.000000
1.000000
1.000000
-2.000000
-8.000000
-1.000000
7.000000
5.000000
11.000000
8.000000
8.000000
8.000000
3.000000
-1.000000
1.000000
-4.000000
3.000000
1.000000
-1.000000
7.000000
7.000000
2.000000
2.000000
2.000000
3.000000
-4.000000
0.000000
9.000000
8.000000
12.000000
8.000000
2.000000
-5.000000
-4.000000
0.000000
2.000000
-1.000000
-5.000000
-4.000000
-4.000000
2.000000
8.000000
1.000000
-5.000000
-4.000000
-1.000000
1.000000
3.000000
2.000000
0.000000
4.000000
-6.000000
-2.000000
3.000000
-5.000000
-4.000000
-1.000000
-4.000000
-9.000000
0.000000
1.000000
-2.000000
-7.000000
-2.000000
1.000000
-4.000000
0.000000
-2.000000
-7.000000
-4.000000
-2.000000
-3.000000
-5.000000
5.000000
5.000000
12.000000
4.000000
-3.000000
15.000000
1.000000
4.000000
5.000000
4.000000
3.000000
3.000000
4.000000
-3.000000
1.000000
-6.000000
0.000000
0.000000
-1.000000
-2.000000
-3.000000
-3.000000
-5.000000
-4.000000
-4.000000
0.000000
-8.000000
-3.000000
1.000000
-6.000000
-12.000000
-9.000000
-7.000000
-6.000000
0.000000
2.000000
7.000000
7.000000
1.000000
2.000000
10.000000
10.000000
6.000000
7.000000
4.000000
4.000000
1.000000
5.000000
-3.000000
-3.000000
1.000000
0.000000
-6.000000
-9.000000
-3.000000
-4.000000
-3.000000
6.000000
1.000000
-4.000000
0.000000
0.000000
2.000000
-4.000000
0.000000
4.000000
5.000000
1.000000
2.000000
7.000000
8.000000
8.000000
2.000000
7.000000
9.000000
6.000000
8.000000
4.000000
2.000000
7.000000
7.000000
10.000000
7.000000
4.000000
3.000000
4.000000
11.000000
9.000000
3.000000
4.000000
-4.000000
-8.000000
-1.000000
-2.000000
-7.000000
-5.000000
-6.000000
-2.000000
-2.000000
-5.000000
1.000000
2.000000
5.000000
7.000000
4.000000
5.000000
8.000000
8.000000
4.000000
9.000000
12.000000
10.000000
4.000000
6.000000
0.000000
1.000000
5.000000
-1.000000
0.000000
2.000000
-1.000000
-3.000000
-2.000000
-3.000000
1.000000
0.000000
3.000000
-5.000000
0.000000
6.000000
3.000000
4.000000
10.000000
2.000000
-1.000000
7.000000
4.000000
-5.000000
-4.000000
-2.000000
-8.000000
0.000000
-3.000000
-10.000000
-6.000000
-9.000000
-5.000000
-4.000000
-7.000000
-1.000000
-5.000000
0.000000
0.000000
-6.000000
0.000000
-5.000000
1.000000
7.000000
2.000000
4.000000
5.000000
11.000000
10.000000
19.000000
16.000000
9.000000
7.000000
4.000000
8.000000
4.000000
3.000000
-9.000000
1.000000
2.000000
-5.000000
1.000000
1.000000
7.000000
2.000000
2.000000
-1.000000
3.000000
7.000000
3.000000
4.000000
9.000000
10.000000
5.000000
6.000000
6.000000
7.000000
3.000000
-2.000000
-1.000000
-4.000000
-7.000000
-7.000000
2.000000
4.000000
4.000000
5.000000
3.000000
0.000000
-5.000000
2.000000
-2.000000
-2.000000
-4.000000
3.000000
-1.000000
0.000000
6.000000
3.000000
7.000000
4.000000
3.000000
-4.000000
2.000000
-5.000000
0.000000
-2.000000
-6.000000
1.000000
-2.000000
1.000000
-1.000000
3.000000
6.000000
5.000000
9.000000
1.000000
-1.000000
9.000000
6.000000
-1.000000
1.000000
-5.000000
-6.000000
-3.000000
-3.000000
0.000000
0.000000
0.000000
-2.000000
0.000000
6.000000
3.000000
-2.000000
1.000000
-3.000000
7.000000
3.000000
-3.000000
5.000000
-3.000000
4.000000
7.000000
7.000000
-1.000000
1.000000
2.000000
1.000000
12.000000
8.000000
8.000000
3.000000
1.000000
5.000000
5.000000
2.000000
-7.000000
-8.000000
-3.000000
-2.000000
0.000000
-2.000000
2.000000
-4.000000
-7.000000
-7.000000
-7.000000
0.000000
-6.000000
-6.000000
-6.000000
-7.000000
-3.000000
1.000000
-8.000000
-7.000000
-11.000000
-1.000000
2.000000
2.000000
7.000000
-3.000000
0.000000
-2.000000
4.000000
1.000000
-2.000000
-4.000000
-5.000000
0.000000
-2.000000
-4.000000
-9.000000
0.000000
3.000000
-2.000000
3.000000
-2.000000
5.000000
1.000000
-3.000000
6.000000
6.000000
5.000000
3.000000
0.000000
9.000000
1.000000
-5.000000
1.000000
2.000000
-1.000000
2.000000
0.000000
-7.000000
-8.000000
-6.000000
-3.000000
-3.000000
-3.000000
-4.000000
0.000000
5.000000
5.000000
5.000000
8.000000
1.000000
1.000000
0.000000
5.000000
7.000000
8.000000
4.000000
-1.000000
3.000000
-1.000000
-2.000000
0.000000
1.000000
-4.000000
-3.000000
3.000000
9.000000
4.000000
-1.000000
3.000000
6.000000
5.000000
7.000000
3.000000
-1.000000
-2.000000
-5.000000
-1.000000
-1.000000
-5.000000
-3.000000
-8.000000
-8.000000
-5.000000
-3.000000
-4.000000
-4.000000
-2.000000
4.000000
2.000000
0.000000
4.000000
1.000000
0.000000
-1.000000
-2.000000
-3.000000
-1.000000
0.000000
-7.000000
-6.000000
-7.000000
-13.000000
-4.000000
-7.000000
-6.000000
-6.000000
-3.000000
-5.000000
-8.000000
-6.000000
-2.000000
-5.000000
-4.000000
-3.000000
-8.000000
-4.000000
-5.000000
-6.000000
-9.000000
-6.000000
-14.000000
-17.000000
-10.000000
-6.000000
-5.000000
-12.000000
-10.000000
-9.000000
-12.000000
-11.000000
-4.000000
-5.000000
-3.000000
0.000000
5.000000
0.000000
0.000000
2.000000
-3.000000
0.000000
-4.000000
-9.000000
-6.000000
-7.000000
-4.000000
-1.000000
-1.000000
-1.000000
-7.000000
-5.000000
-3.000000
-7.000000
0.000000
-1.000000
2.000000
5.000000
-5.000000
-2.000000
-5.000000
-2.000000
3.000000
1.000000
0.000000
7.000000
10.000000
10.000000
5.000000
4.000000
0.000000
2.000000
8.000000
2.000000
2.000000
-3.000000
4.000000
-3.000000
-4.000000
2.000000
-6.000000
-4.000000
-2.000000
0.000000
-1.000000
0.000000
-2.000000
5.000000
10.000000
7.000000
9.000000
6.000000
4.000000
1.000000
1.000000
4.000000
5.000000
8.000000
5.000000
-2.000000
-2.000000
-6.000000
-8.000000
-1.000000
-4.000000
-8.000000
-5.000000
-10.000000
-7.000000
-9.000000
-2.000000
-1.000000
-5.000000
-3.000000
-9.000000
-3.000000
-4.000000
-3.000000
0.000000
2.000000
4.000000
1.000000
-2.000000
6.000000
5.000000
-1.000000
-2.000000
-5.000000
-5.000000
2.000000
-7.000000
-5.000000
2.000000
-7.000000
-5.000000
-6.000000
-13.000000
-3.000000
-3.000000
2.000000
0.000000
-2.000000
0.000000
-1.000000
2.000000
1.000000
2.000000
2.000000
-2.000000
-2.000000
0.000000
-7.000000
-4.000000
-3.000000
-10.000000
-2.000000
4.000000
-2.000000
-5.000000
1.000000
-7.000000
-5.000000
-2.000000
-2.000000
1.000000
-2.000000
1.000000
-5.000000
-8.000000
-3.000000
-4.000000
-7.000000
-6.000000
-9.000000
-6.000000
-5.000000
-12.000000
-4.000000
-2.000000
-7.000000
0.000000
-3.000000
1.000000
9.000000
4.000000
6.000000
6.000000
8.000000
-1.000000
-5.000000
-2.000000
-2.000000
-5.000000
-11.000000
-8.000000
-6.000000
-10.000000
-8.000000
-1.000000
0.000000
-7.000000
-5.000000
-1.000000
-7.000000
-1.000000
-4.000000
-4.000000
-10.000000
-5.000000
-5.000000
3.000000
2.000000
4.000000
3.000000
-2.000000
-5.000000
-4.000000
6.000000
3.000000
3.000000
4.000000
7.000000
12.000000
5.000000
2.000000
0.000000
-5.000000
-5.000000
1.000000
3.000000
-6.000000
-1.000000
-1.000000
-1.000000
4.000000
-8.000000
-3.000000
-6.000000
-4.000000
3.000000
-4.000000
1.000000
6.000000
4.000000
10.000000
7.000000
3.000000
1.000000
-1.000000
4.000000
1.000000
3.000000
7.000000
8.000000
3.000000
1.000000
5.000000
4.000000
-2.000000
-7.000000
-5.000000
2.000000
7.000000
-4.000000
-8.000000
0.000000
-3.000000
-5.000000
-3.000000
0.000000
2.000000
2.000000
6.000000
11.000000
0.000000
1.000000
2.000000
1.000000
4.000000
-2.000000
-1.000000
-1.000000
-5.000000
-7.000000
-4.000000
-1.000000
-7.000000
-7.000000
-3.000000
-10.000000
-5.000000
-2.000000
-3.000000
-3.000000
-4.000000
-7.000000
-5.000000
2.000000
0.000000
-5.000000
-7.000000
-5.000000
3.000000
7.000000
1.000000
4.000000
8.000000
11.000000
8.000000
2.000000
3.000000
-2.000000
2.000000
6.000000
0.000000
-1.000000
1.000000
-6.000000
-2.000000
-5.000000
-10.000000
-8.000000
-4.000000
-2.000000
0.000000
1.000000
-2.000000
2.000000
4.000000
4.000000
7.000000
4.000000
2.000000
4.000000
2.000000
3.000000
7.000000
8.000000
1.000000
2.000000
-1.000000
6.000000
2.000000
1.000000
6.000000
1.000000
2.000000
-4.000000
-5.000000
-10.000000
-3.000000
-1.000000
-4.000000
-2.000000
-5.000000
-1.000000
0.000000
-4.000000
0.000000
-6.000000
-4.000000
-2.000000
-3.000000
-3.000000
1.000000
0.000000
2.000000
2.000000
1.000000
2.000000
6.000000
8.000000
4.000000
2.000000
6.000000
6.000000
-3.000000
5.000000
4.000000
7.000000
8.000000
3.000000
7.000000
1.000000
-3.000000
2.000000
3.000000
8.000000
2.000000
-2.000000
-3.000000
4.000000
-3.000000
-4.000000
4.000000
-3.000000
-4.000000
0.000000
0.000000
4.000000
0.000000
-2.000000
4.000000
-2.000000
-1.000000
3.000000
2.000000
-4.000000
-1.000000
-1.000000
-1.000000
0.000000
3.000000
1.000000
-2.000000
6.000000
5.000000
11.000000
8.000000
8.000000
10.000000
3.000000
4.000000
8.000000
2.000000
8.000000
0.000000
-5.000000
1.000000
-6.000000
-7.000000
-2.000000
-6.000000
-6.000000
2.000000
2.000000
-4.000000
-2.000000
-9.000000
-3.000000
-9.000000
-15.000000
-3.000000
0.000000
1.000000
-2.000000
0.000000
-3.000000
-5.000000
-8.000000
0.000000
1.000000
0.000000
2.000000
2.000000
9.000000
8.000000
4.000000
1.000000
4.000000
2.000000
-2.000000
3.000000
-1.000000
-2.000000
4.000000
-1.000000
-5.000000
-5.000000
-4.000000
-7.000000
-4.000000
7.000000
2.000000
0.000000
-2.000000
-4.000000
6.000000
13.000000
10.000000
9.000000
7.000000
4.000000
-1.000000
2.000000
3.000000
2.000000
3.000000
2.000000
4.000000
2.000000
-2.000000
11.000000
8.000000
4.000000
8.000000
6.000000
8.000000
13.000000
13.000000
14.000000
16.000000
10.000000
8.000000
4.000000
6.000000
-1.000000
0.000000
0.000000
-4.000000
-2.000000
5.000000
-5.000000
2.000000
0.000000
-5.000000
4.000000
-4.000000
-1.000000
0.000000
-1.000000
6.000000
5.000000
4.000000
2.000000
-1.000000
-7.000000
-4.000000
-1.000000
-1.000000
0.000000
-4.000000
-6.000000
3.000000
2.000000
3.000000
4.000000
1.000000
3.000000
-2.000000
0.000000
2.000000
4.000000
1.000000
7.000000
8.000000
3.000000
3.000000
-6.000000
-7.000000
-8.000000
-6.000000
-7.000000
-6.000000
-12.000000
-8.000000
-9.000000
-6.000000
-4.000000
-8.000000
-5.000000
1.000000
0.000000
0.000000
0.000000
4.000000
6.000000
1.000000
2.000000
2.000000
10.000000
12.000000
13.000000
5.000000
6.000000
6.000000
4.000000
6.000000
0.000000
5.000000
4.000000
6.000000
7.000000
2.000000
9.000000
2.000000
1.000000
2.000000
-8.000000
-1.000000
-2.000000
0.000000
1.000000
-2.000000
-5.000000
-6.000000
-8.000000
-2.000000
3.000000
-1.000000
5.000000
-1.000000
-2.000000
-2.000000
-5.000000
-1.000000
5.000000
1.000000
-4.000000
3.000000
7.000000
8.000000
4.000000
-3.000000
-3.000000
2.000000
3.000000
3.000000
4.000000
1.000000
-4.000000
1.000000
3.000000
7.000000
12.000000
-1.000000
6.000000
9.000000
9.000000
12.000000
7.000000
7.000000
4.000000
6.000000
-2.000000
-3.000000
1.000000
-9.000000
-10.000000
-9.000000
-9.000000
-9.000000
-8.000000
-5.000000
0.000000
1.000000
0.000000
-2.000000
0.000000
-7.000000
3.000000
3.000000
-2.000000
0.000000
-4.000000
4.000000
-3.000000
2.000000
0.000000
-3.000000
6.000000
3.000000
5.000000
0.000000
-9.000000
-1.000000
3.000000
-3.000000
-3.000000
-2.000000
-5.000000
-7.000000
4.000000
1.000000
-7.000000
-3.000000
-8.000000
-11.000000
-8.000000
-8.000000
-2.000000
-2.000000
-3.000000
-5.000000
-3.000000
2.000000
1.000000
4.000000
7.000000
1.000000
9.000000
9.000000
4.000000
4.000000
-2.000000
4.000000
-1.000000
-6.000000
0.000000
-3.000000
-3.000000
-8.000000
-7.000000
-4.000000
-7.000000
0.000000
-4.000000
-2.000000
1.000000
-2.000000
-6.000000
-4.000000
-3.000000
-3.000000
1.000000
-2.000000
2.000000
2.000000
1.000000
-1.000000
-1.000000
-4.000000
-6.000000
-3.000000
0.000000
-1.000000
-1.000000
1.000000
-2.000000
-1.000000
7.000000
0.000000
1.000000
-1.000000
-5.000000
-2.000000
1.000000
5.000000
2.000000
2.000000
-1.000000
-1.000000
5.000000
4.000000
4.000000
1.000000
1.000000
0.000000
-9.000000
-1.000000
0.000000
4.000000
0.000000
3.000000
6.000000
3.000000
4.000000
0.000000
7.000000
-2.000000
-6.000000
-1.000000
-7.000000
-6.000000
-3.000000
-10.000000
-4.000000
-8.000000
-12.000000
-10.000000
-3.000000
3.000000
5.000000
12.000000
4.000000
4.000000
7.000000
7.000000
0.000000
3.000000
11.000000
9.000000
5.000000
4.000000
5.000000
7.000000
6.000000
-3.000000
-1.000000
-1.000000
-2.000000
-3.000000
-6.000000
-6.000000
-12.000000
-10.000000
-6.000000
-12.000000
-13.000000
-7.000000
-7.000000
0.000000
2.000000
-1.000000
-4.000000
0.000000
-2.000000
4.000000
6.000000
2.000000
-4.000000
-3.000000
2.000000
0.000000
4.000000
-1.000000
-2.000000
1.000000
-10.000000
-12.000000
-2.000000
3.000000
3.000000
1.000000
3.000000
-4.000000
-11.000000
-13.000000
-11.000000
-11.000000
-7.000000
-8.000000
-15.000000
-6.000000
-8.000000
-3.000000
7.000000
0.000000
-5.000000
-8.000000
-16.000000
-8.000000
-4.000000
-7.000000
-4.000000
-2.000000
-9.000000
-3.000000
-9.000000
2.000000
1.000000
-10.000000
-3.000000
1.000000
1.000000
2.000000
2.000000
6.000000
4.000000
1.000000
8.000000
3.000000
5.000000
1.000000
8.000000
3.000000
4.000000
-1.000000
-3.000000
2.000000
-3.000000
-5.000000
-6.000000
-4.000000
-8.000000
-3.000000
-4.000000
-3.000000
5.000000
-4.000000
-2.000000
6.000000
-5.000000
4.000000
0.000000
-7.000000
0.000000
-4.000000
-1.000000
6.000000
6.000000
1.000000
4.000000
4.000000
3.000000
3.000000
1.000000
8.000000
5.000000
2.000000
1.000000
4.000000
13.000000
6.000000
8.000000
6.000000
6.000000
2.000000
5.000000
1.000000
2.000000
2.000000
1.000000
-2.000000
-10.000000
0.000000
-3.000000
-2.000000
2.000000
-6.000000
-11.000000
-3.000000
-5.000000
-8.000000
-2.000000
0.000000
-3.000000
-4.000000
-2.000000
-4.000000
-6.000000
-1.000000
-1.000000
0.000000
4.000000
-2.000000
-4.000000
-3.000000
-2.000000
-2.000000
-6.000000
-5.000000
6.000000
7.000000
6.000000
10.000000
11.000000
9.000000
8.000000
7.000000
8.000000
4.000000
3.000000
3.000000
0.000000
2.000000
1.000000
-3.000000
-4.000000
-8.000000
-6.000000
-3.000000
0.000000
-2.000000
-1.000000
-3.000000
-11.000000
-4.000000
-3.000000
-5.000000
-6.000000
0.000000
3.000000
3.000000
6.000000
5.000000
6.000000
-3.000000
8.000000
10.000000
0.000000
1.000000
-11.000000
-4.000000
-5.000000
-6.000000
-3.000000
-2.000000
1.000000
0.000000
0.000000
0.000000
0.000000
-1.000000
-4.000000
3.000000
-4.000000
-4.000000
-7.000000
1.000000
3.000000
-13.000000
-8.000000
-10.000000
-6.000000
-13.000000
-10.000000
-9.000000
-6.000000
-11.000000
-11.000000
-7.000000
-18.000000
-15.000000
3.000000
15.000000
14.000000
19.000000
22.000000
19.000000
16.000000
13.000000
2.000000
7.000000
1.000000
15.000000
17.000000
19.000000
17.000000
5.000000
-11.000000
-11.000000
-7.000000
-15.000000
8.000000
19.000000
15.000000
0.000000
-11.000000
4.000000
5.000000
5.000000
19.000000
15.000000
-8.000000
-20.000000
-15.000000
-10.000000
1.000000
-3.000000
11.000000
7.000000
1.000000
25.000000
32.000000
18.000000
6.000000
1.000000
-21.000000
-5.000000
-1.000000
-3.000000
-8.000000
-15.000000
-6.000000
-2.000000
-1.000000
14.000000
19.000000
-5.000000
0.000000
13.000000
0.000000
5.000000
9.000000
3.000000
-25.000000
-42.000000
-40.000000
-19.000000
-5.000000
31.000000
30.000000
10.000000
20.000000
6.000000
8.000000
1.000000
33.000000
19.000000
12.000000
-4.000000
0.000000
3.000000
-53.000000
-1.000000
17.000000
-14.000000
-7.000000
3.000000
10.000000
-46.000000
-22.000000
-14.000000
25.000000
-66.000000
-51.000000
31.000000
-90.000000
6.000000
11.000000
95.000000
21.000000
-20.000000
-8.000000
-7.000000
-34.000000
-13.000000
158.000000
9.000000
45.000000
5.000000
-36.000000
6.000000
-67.000000
62.000000
107.000000
36.000000
24.000000
59.000000
-46.000000
-45.000000
37.000000
-38.000000
70.000000
-74.000000
-3.000000
34.000000
-114.000000
-25.000000
-41.000000
-38.000000
-46.000000
8.000000
-75.000000
-10.000000
-109.000000
-55.000000
47.000000
-55.000000
57.000000
35.000000
24.000000
31.000000
4.000000
26.000000
67.000000
40.000000
50.000000
129.000000
34.000000
29.000000
12.000000
-23.000000
81.000000
-29.000000
43.000000
46.000000
5.000000
-82.000000
-32.000000
-15.000000
-35.000000
-29.000000
-59.000000
38.000000
-225.000000
-267.000000
-133.000000
-13.000000
10.000000
108.000000
253.000000
91.000000
-160.000000
-211.000000
5.000000
46.000000
58.000000
297.000000
309.000000
42.000000
-193.000000
-101.000000
-41.000000
-61.000000
109.000000
321.000000
301.000000
-95.000000
-97.000000
-60.000000
-144.000000
-106.000000
107.000000
231.000000
26.000000
-91.000000
-87.000000
-83.000000
-389.000000
-356.000000
-83.000000
-82.000000
31.000000
118.000000
176.000000
31.000000
-192.000000
-82.000000
22.000000
-52.000000
61.000000
326.000000
272.000000
199.000000
34.000000
-65.000000
-24.000000
-132.000000
216.000000
384.000000
212.000000
136.000000
19.000000
-94.000000
-156.000000
-126.000000
19.000000
265.000000
85.000000
25.000000
-244.000000
-771.000000
-693.000000
-470.000000
102.000000
416.000000
321.000000
202.000000
-140.000000
-497.000000
-459.000000
-154.000000
85.000000
484.000000
569.000000
474.000000
172.000000
-411.000000
-336.000000
-134.000000
173.000000
587.000000
576.000000
409.000000
21.000000
-276.000000
-283.000000
-153.000000
-75.000000
301.000000
402.000000
186.000000
-13.000000
-433.000000
-429.000000
-338.000000
-37.000000
302.000000
200.000000
-67.000000
-287.000000
-431.000000
-501.000000
-309.000000
-54.000000
162.000000
153.000000
96.000000
56.000000
-309.000000
-424.000000
-239.000000
127.000000
441.000000
520.000000
554.000000
139.000000
-489.000000
-687.000000
-418.000000
-59.000000
401.000000
734.000000
778.000000
271.000000
-454.000000
-544.000000
-506.000000
-332.000000
176.000000
492.000000
441.000000
-20.000000
-480.000000
-399.000000
-376.000000
-267.000000
190.000000
306.000000
145.000000
93.000000
30.000000
109.000000
4.000000
-47.000000
318.000000
281.000000
47.000000
28.000000
-253.000000
-270.000000
-80.000000
97.000000
477.000000
189.000000
-25.000000
-19.000000
-156.000000
-163.000000
53.000000
208.000000
384.000000
368.000000
215.000000
196.000000
-195.000000
-178.000000
99.000000
187.000000
233.000000
99.000000
11.000000
3.000000
-155.000000
-72.000000
-65.000000
-122.000000
-76.000000
86.000000
87.000000
-94.000000
-222.000000
-211.000000
-17.000000
-57.000000
66.000000
-49.000000
-172.000000
-190.000000
-173.000000
12.000000
-8.000000
11.000000
104.000000
50.000000
-22.000000
-100.000000
-70.000000
73.000000
154.000000
245.000000
186.000000
24.000000
-163.000000
-58.000000
-179.000000
-58.000000
-145.000000
-156.000000
54.000000
-92.000000
23.000000
-225.000000
-361.000000
-305.000000
-248.000000
-145.000000
-11.000000
-69.000000
-71.000000
-133.000000
-312.000000
-206.000000
-236.000000
-264.000000
36.000000
-38.000000
36.000000
1.000000
-80.000000
220.000000
89.000000
163.000000
164.000000
61.000000
-7.000000
122.000000
73.000000
178.000000
93.000000
40.000000
293.000000
66.000000
50.000000
64.000000
-29.000000
43.000000
-36.000000
41.000000
165.000000
-39.000000
13.000000
81.000000
-98.000000
-177.000000
-106.000000
-7.000000
210.000000
104.000000
156.000000
171.000000
-96.000000
-11.000000
131.000000
216.000000
223.000000
199.000000
230.000000
208.000000
-7.000000
93.000000
227.000000
154.000000
247.000000
225.000000
89.000000
-32.000000
-62.000000
176.000000
313.000000
287.000000
269.000000
195.000000
10.000000
-8.000000
131.000000
221.000000
331.000000
334.000000
393.000000
302.000000
83.000000
70.000000
144.000000
213.000000
299.000000
340.000000
157.000000
-40.000000
-235.000000
-222.000000
-152.000000
-286.000000
-356.000000
-522.000000
-777.000000
-905.000000
-1005.000000
-984.000000
-946.000000
-935.000000
-842.000000
-866.000000
-1039.000000
-1079.000000
-1053.000000
-949.000000
-719.000000
-617.000000
-483.000000
-431.000000
-399.000000
-216.000000
-86.000000
4.000000
131.000000
245.000000
356.000000
396.000000
275.000000
217.000000
208.000000
273.000000
496.000000
608.000000
529.000000
383.000000
185.000000
157.000000
193.000000
201.000000
309.000000
272.000000
175.000000
73.000000
-63.000000
-95.000000
-63.000000
0.000000
148.000000
110.000000
48.000000
21.000000
109.000000
303.000000
429.000000
556.000000
574.000000
587.000000
679.000000
851.000000
961.000000
1100.000000
1101.000000
1281.000000
1383.000000
1421.000000
1512.000000
1394.000000
1344.000000
1301.000000
1204.000000
1254.000000
1202.000000
1111.000000
1083.000000
843.000000
612.000000
367.000000
195.000000
193.000000
302.000000
175.000000
134.000000
-230.000000
-719.000000
-1122.000000
-1611.000000
-1809.000000
-1877.000000
-1867.000000
-1677.000000
-1613.000000
-1895.000000
-2016.000000
-2226.000000
-2257.000000
-2050.000000
-1948.000000
-1724.000000
-1657.000000
-1788.000000
-1531.000000
-1292.000000
-971.000000
-457.000000
-190.000000
-47.000000
-95.000000
-261.000000
-150.000000
76.000000
281.000000
702.000000
824.000000
768.000000
732.000000
608.000000
577.000000
520.000000
360.000000
318.000000
146.000000
-111.000000
-203.000000
-416.000000
-561.000000
-666.000000
-717.000000
-780.000000
-896.000000
-1097.000000
-1289.000000
-1445.000000
-1569.000000
-1412.000000
-1096.000000
-780.000000
-451.000000
-170.000000
22.000000
250.000000
470.000000
748.000000
1141.000000
1396.000000
1746.000000
2137.000000
2349.000000
2618.000000
2679.000000
2712.000000
2695.000000
2504.000000
2374.000000
2278.000000
2083.000000
1852.000000
1621.000000
1267.000000
971.000000
754.000000
611.000000
533.000000
175.000000
-241.000000
-531.000000
-774.000000
-727.000000
-555.000000
-404.000000
-372.000000
-428.000000
-470.000000
-348.000000
-337.000000
-159.000000
178.000000
451.000000
694.000000
747.000000
799.000000
815.000000
880.000000
1115.000000
1300.000000
1426.000000
1333.000000
1227.000000
965.000000
323.000000
-322.000000
-1083.000000
-1490.000000
-1607.000000
-1523.000000
-1369.000000
-1500.000000
-1885.000000
-2267.000000
-2602.000000
-2816.000000
-2777.000000
-2720.000000
-2538.000000
-2465.000000
-2460.000000
-2272.000000
-1999.000000
-1467.000000
-781.000000
-239.000000
11.000000
-56.000000
-186.000000
-227.000000
5.000000
327.000000
783.000000
1121.000000
1276.000000
1334.000000
1165.000000
917.000000
670.000000
487.000000
476.000000
434.000000
299.000000
89.000000
-288.000000
-597.000000
-777.000000
-837.000000
-834.000000
-866.000000
-983.000000
-1186.000000
-1461.000000
-1599.000000
-1541.000000
-1276.000000
-882.000000
-502.000000
-242.000000
-124.000000
-98.000000
62.000000
259.000000
521.000000
869.000000
1218.000000
1544.000000
1774.000000
1969.000000
2074.000000
2111.000000
2073.000000
2124.000000
2044.000000
1905.000000
1682.000000
1444.000000
1270.000000
1098.000000
1082.000000
1107.000000
1009.000000
796.000000
477.000000
128.000000
-171.000000
-359.000000
-277.000000
-131.000000
-91.000000
-70.000000
-209.000000
-295.000000
-381.000000
-417.000000
-238.000000
-170.000000
-19.000000
112.000000
180.000000
269.000000
213.000000
305.000000
485.000000
636.000000
805.000000
900.000000
864.000000
707.000000
527.000000
407.000000
448.000000
423.000000
606.000000
677.000000
623.000000
408.000000
207.000000
155.000000
91.000000
49.000000
-117.000000
-443.000000
-1004.000000
-1443.000000
-1629.000000
-1530.000000
-1325.000000
-1009.000000
-874.000000
-989.000000
-1361.000000
-1697.000000
-1944.000000
-2069.000000
-1982.000000
-1797.000000
-1629.000000
-1573.000000
-1515.000000
-1389.000000
-1253.000000
-1093.000000
-839.000000
-664.000000
-520.000000
-510.000000
-430.000000
-372.000000
-299.000000
-97.000000
229.000000
495.000000
691.000000
761.000000
668.000000
483.000000
250.000000
208.000000
235.000000
265.000000
268.000000
196.000000
28.000000
-186.000000
-350.000000
-437.000000
-507.000000
-585.000000
-655.000000
-721.000000
-813.000000
-868.000000
-789.000000
-654.000000
-438.000000
-184.000000
23.000000
187.000000
257.000000
327.000000
416.000000
592.000000
841.000000
1199.000000
1533.000000
1731.000000
1838.000000
1795.000000
1740.000000
1728.000000
1754.000000
1866.000000
1882.000000
1770.000000
1598.000000
1281.000000
991.000000
784.000000
651.000000
519.000000
446.000000
266.000000
144.000000
-46.000000
-228.000000
-232.000000
-349.000000
-314.000000
-236.000000
-183.000000
-141.000000
-200.000000
-232.000000
-216.000000
-201.000000
-41.000000
154.000000
216.000000
204.000000
205.000000
176.000000
230.000000
300.000000
495.000000
584.000000
476.000000
346.000000
94.000000
-1.000000
-14.000000
182.000000
478.000000
557.000000
626.000000
610.000000
506.000000
504.000000
438.000000
439.000000
394.000000
158.000000
-122.000000
-459.000000
-843.000000
-957.000000
-906.000000
-729.000000
-535.000000
-625.000000
-872.000000
-1271.000000
-1728.000000
-1963.000000
-2078.000000
-2075.000000
-1934.000000
-1916.000000
-1843.000000
-1833.000000
-1791.000000
-1591.000000
-1331.000000
-1078.000000
-891.000000
-820.000000
-793.000000
-671.000000
-497.000000
-142.000000
259.000000
612.000000
922.000000
1082.000000
1089.000000
961.000000
775.000000
692.000000
667.000000
720.000000
750.000000
679.000000
443.000000
162.000000
-86.000000
-305.000000
-494.000000
-688.000000
-866.000000
-1156.000000
-1353.000000
-1537.000000
-1572.000000
-1471.000000
-1307.000000
-1051.000000
-864.000000
-790.000000
-676.000000
-565.000000
-429.000000
-142.000000
107.000000
478.000000
801.000000
1080.000000
1425.000000
1615.000000
1807.000000
1967.000000
2020.000000
2071.000000
2043.000000
1987.000000
1950.000000
1892.000000
1794.000000
1737.000000
1609.000000
1433.000000
1266.000000
901.000000
621.000000
310.000000
71.000000
25.000000
-14.000000
-25.000000
-93.000000
-197.000000
-294.000000
-296.000000
-364.000000
-254.000000
-91.000000
5.000000
158.000000
162.000000
246.000000
404.000000
601.000000
1018.000000
1183.000000
1218.000000
1136.000000
1038.000000
1044.000000
1093.000000
1284.000000
1355.000000
1490.000000
1408.000000
1398.000000
1307.000000
1123.000000
1039.000000
765.000000
323.000000
-439.000000
-1365.000000
-2127.000000
-2559.000000
-2551.000000
-2272.000000
-2009.000000
-2124.000000
-2433.000000
-2916.000000
-3332.000000
-3421.000000
-3391.000000
-3062.000000
-2824.000000
-2659.000000
-2555.000000
-2353.000000
-1975.000000
-1351.000000
-675.000000
-149.000000
204.000000
252.000000
264.000000
397.000000
564.000000
991.000000
1374.000000
1727.000000
1992.000000
1946.000000
1812.000000
1489.000000
1102.000000
792.000000
589.000000
355.000000
164.000000
-230.000000
-689.000000
-1137.000000
-1545.000000
-1757.000000
-1869.000000
-2081.000000
-2336.000000
-2677.000000
-2882.000000
-2870.000000
-2628.000000
-2155.000000
-1662.000000
-1206.000000
-841.000000
-463.000000
-155.000000
264.000000
723.000000
1283.000000
1857.000000
2410.000000
2904.000000
3295.000000
3583.000000
3734.000000
3786.000000
3683.000000
3454.000000
3166.000000
2814.000000
2413.000000
1998.000000
1655.000000
1445.000000
1190.000000
904.000000
471.000000
-76.000000
-633.000000
-985.000000
-1161.000000
-1126.000000
-1100.000000
-1009.000000
-887.000000
-805.000000
-657.000000
-482.000000
-250.000000
-56.000000
138.000000
349.000000
611.000000
846.000000
1196.000000
1561.000000
1856.000000
2070.000000
2222.000000
2287.000000
2340.000000
2254.000000
2258.000000
2235.000000
2173.000000
2075.000000
1932.000000
1630.000000
1315.000000
926.000000
499.000000
-84.000000
-1202.000000
-2382.000000
-3711.000000
-4646.000000
-4936.000000
-4632.000000
-4094.000000
-3637.000000
-3742.000000
-4004.000000
-4384.000000
-4464.000000
-4023.000000
-3333.000000
-2580.000000
-1999.000000
-1677.000000
-1292.000000
-748.000000
-28.000000
965.000000
1684.000000
2122.000000
2165.000000
2006.000000
1760.000000
1768.000000
1834.000000
2144.000000
2306.000000
2312.000000
2077.000000
1548.000000
818.000000
96.000000
-536.000000
-903.000000
-1086.000000
-1309.000000
-1555.000000
-2143.000000
-2705.000000
-3179.000000
-3382.000000
-3373.000000
-3244.000000
-3195.000000
-3194.000000
-3215.000000
-2963.000000
-2466.000000
-1704.000000
-793.000000
56.000000
690.000000
1111.000000
1404.000000
1736.000000
2180.000000
2726.000000
3359.000000
3865.000000
4209.000000
4306.000000
4309.000000
4187.000000
3993.000000
3736.000000
3385.000000
2814.000000
2098.000000
1360.000000
694.000000
198.000000
-122.000000
-298.000000
-540.000000
-957.000000
-1532.000000
-2043.000000
-2411.000000
-2418.000000
-2171.000000
-1687.000000
-1229.000000
-829.000000
-442.000000
-88.000000
309.000000
702.000000
1118.000000
1485.000000
1777.000000
2022.000000
2246.000000
2409.000000
2679.000000
2884.000000
3137.000000
3211.000000
3100.000000
2806.000000
2496.000000
2136.000000
1932.000000
1640.000000
1390.000000
1046.000000
656.000000
365.000000
20.000000
-317.000000
-888.000000
-1662.000000
-2850.000000
-4017.000000
-5134.000000
-5571.000000
-5449.000000
-4760.000000
-4066.000000
-3571.000000
-3488.000000
-3493.000000
-3409.000000
-3006.000000
-2340.000000
-1673.000000
-1042.000000
-603.000000
-285.000000
170.000000
733.000000
1384.000000
2195.000000
2574.000000
2735.000000
2422.000000
2016.000000
1614.000000
1491.000000
1498.000000
1639.000000
1558.000000
1317.000000
799.000000
58.000000
-645.000000
-1312.000000
-1749.000000
-1968.000000
-2106.000000
-2339.000000
-2617.000000
-3058.000000
-3321.000000
-3440.000000
-3383.000000
-3265.000000
-3138.000000
-3090.000000
-2924.000000
-2636.000000
-2035.000000
-1276.000000
-462.000000
398.000000
1057.000000
1512.000000
1878.000000
2126.000000
2422.000000
2793.000000
3175.000000
3587.000000
3845.000000
4010.000000
3979.000000
3860.000000
3527.000000
3090.000000
2518.000000
1890.000000
1283.000000
788.000000
443.000000
189.000000
39.000000
-140.000000
-377.000000
-758.000000
-1205.000000
-1618.000000
-1919.000000
-1956.000000
-1773.000000
-1445.000000
-946.000000
-485.000000
38.000000
486.000000
878.000000
1206.000000
1511.000000
1787.000000
2115.000000
2437.000000
2709.000000
3005.000000
3216.000000
3385.000000
3368.000000
3192.000000
2847.000000
2436.000000
2025.000000
1758.000000
1542.000000
1294.000000
994.000000
637.000000
249.000000
-33.000000
-373.000000
-839.000000
-1655.000000
-3054.000000
-4506.000000
-5759.000000
-6299.000000
-5807.000000
-4777.000000
-3746.000000
-3113.000000
-3164.000000
-3340.000000
-3419.000000
-3011.000000
-2080.000000
-1156.000000
-321.000000
143.000000
297.000000
587.000000
1011.000000
1588.000000
2353.000000
2653.000000
2525.000000
2013.000000
1339.000000
822.000000
725.000000
888.000000
1207.000000
1315.000000
1084.000000
465.000000
-467.000000
-1351.000000
-1985.000000
-2272.000000
-2142.000000
-1987.000000
-2049.000000
-2195.000000
-2594.000000
-2828.000000
-2832.000000
-2717.000000
-2590.000000
-2522.000000
-2595.000000
-2543.000000
-2314.000000
-1731.000000
-948.000000
46.000000
964.000000
1643.000000
1993.000000
2020.000000
1896.000000
1793.000000
2014.000000
2469.000000
3067.000000
3637.000000
3926.000000
3895.000000
3655.000000
3163.000000
2662.000000
2138.000000
1586.000000
1032.000000
552.000000
133.000000
-91.000000
-237.000000
-222.000000
-375.000000
-655.000000
-1059.000000
-1529.000000
-1854.000000
-2030.000000
-1915.000000
-1551.000000
-967.000000
-275.000000
411.000000
988.000000
1364.000000
1654.000000
1971.000000
2283.000000
2685.000000
3005.000000
3287.000000
3446.000000
3463.000000
3368.000000
3231.000000
2915.000000
2616.000000
2260.000000
1871.000000
1480.000000
1065.000000
683.000000
354.000000
22.000000
-104.000000
-317.000000
-762.000000
-1604.000000
-3145.000000
-4842.000000
-6287.000000
-6881.000000
-6303.000000
-4974.000000
-3736.000000
-2933.000000
-2918.000000
-3223.000000
-3338.000000
-2923.000000
-1928.000000
-859.000000
47.000000
615.000000
783.000000
1034.000000
1509.000000
2102.000000
2873.000000
3153.000000
2860.000000
2158.000000
1255.000000
488.000000
316.000000
456.000000
861.000000
1099.000000
953.000000
327.000000
-782.000000
-1875.000000
-2695.000000
-3054.000000
-2883.000000
-2547.000000
-2444.000000
-2410.000000
-2671.000000
-2747.000000
-2536.000000
-2231.000000
-1965.000000
-1877.000000
-1994.000000
-2128.000000
-1994.000000
-1407.000000
-523.000000
533.000000
1606.000000
2290.000000
2621.000000
2593.000000
2301.000000
1980.000000
1835.000000
1877.000000
2113.000000
2506.000000
2814.000000
3006.000000
3103.000000
2904.000000
2524.000000
1994.000000
1392.000000
751.000000
230.000000
-102.000000
-275.000000
-248.000000
-80.000000
-39.000000
-149.000000
-447.000000
-960.000000
-1439.000000
-1778.000000
-1891.000000
-1629.000000
-1116.000000
-343.000000
425.000000
1083.000000
1626.000000
1943.000000
2373.000000
2699.000000
3068.000000
3304.000000
3467.000000
3541.000000
3506.000000
3379.000000
3119.000000
2678.000000
2182.000000
1820.000000
1405.000000
1161.000000
778.000000
340.000000
-149.000000
-528.000000
-684.000000
-600.000000
-718.000000
-1137.000000
-2611.000000
-4457.000000
-6292.000000
-7257.000000
-6837.000000
-5336.000000
-3818.000000
-2757.000000
-2592.000000
-3076.000000
-3188.000000
-2887.000000
-1812.000000
-652.000000
394.000000
902.000000
1042.000000
1134.000000
1580.000000
2121.000000
3021.000000
3365.000000
3014.000000
2171.000000
1056.000000
91.000000
-159.000000
-27.000000
360.000000
703.000000
603.000000
83.000000
-932.000000
-1903.000000
-2748.000000
-3016.000000
-2888.000000
-2565.000000
-2494.000000
-2442.000000
-2584.000000
-2478.000000
-2050.000000
-1616.000000
-1344.000000
-1312.000000
-1568.000000
-1802.000000
-1678.000000
-1172.000000
-271.000000
744.000000
1723.000000
2267.000000
2494.000000
2356.000000
2156.000000
1960.000000
1898.000000
1903.000000
1970.000000
2095.000000
2265.000000
2482.000000
2702.000000
2793.000000
2633.000000
2272.000000
1588.000000
841.000000
149.000000
-313.000000
-481.000000
-394.000000
-256.000000
-208.000000
-453.000000
-863.000000
-1342.000000
-1736.000000
-1929.000000
-1858.000000
-1524.000000
-1078.000000
-378.000000
282.000000
1048.000000
1782.000000
2417.000000
3039.000000
3407.000000
3581.000000
3524.000000
3442.000000
3365.000000
3328.000000
3271.000000
3057.000000
2556.000000
1959.000000
1278.000000
697.000000
219.000000
-112.000000
-482.000000
-735.000000
-1053.000000
-1158.000000
-1002.000000
-467.000000
20.000000
18.000000
-715.000000
-2763.000000
-4640.000000
-6260.000000
-6300.000000
-5293.000000
-3513.000000
-2385.000000
-1941.000000
-2332.000000
-2748.000000
-2707.000000
-1890.000000
-669.000000
259.000000
746.000000
476.000000
65.000000
164.000000
951.000000
1986.000000
3105.000000
3167.000000
2445.000000
1217.000000
172.000000
-471.000000
-202.000000
236.000000
775.000000
746.000000
296.000000
-675.000000
-1754.000000
-2247.000000
-2433.000000
-2158.000000
-1797.000000
-1859.000000
-2254.000000
-2470.000000
-2597.000000
-2167.000000
-1504.000000
-1003.000000
-895.000000
-1152.000000
-1519.000000
-1781.000000
-1567.000000
-807.000000
162.000000
1195.000000
2007.000000
2209.000000
2088.000000
1757.000000
1378.000000
1209.000000
1265.000000
1289.000000
1327.000000
1412.000000
1530.000000
1751.000000
2037.000000
2296.000000
2255.000000
1981.000000
1404.000000
757.000000
257.000000
135.000000
281.000000
508.000000
585.000000
290.000000
-303.000000
-888.000000
-1430.000000
-1822.000000
-1901.000000
-1871.000000
-1570.000000
-1132.000000
-416.000000
390.000000
1358.000000
2400.000000
3269.000000
3797.000000
3994.000000
3901.000000
3747.000000
3816.000000
3899.000000
3755.000000
3409.000000
2681.000000
1737.000000
1049.000000
488.000000
236.000000
-47.000000
-186.000000
-642.000000
-974.000000
-1166.000000
-758.000000
-542.000000
-473.000000
-1563.000000
-3907.000000
-5979.000000
-7525.000000
-7080.000000
-5379.000000
-3133.000000
-1902.000000
-1449.000000
-1927.000000
-2203.000000
-2019.000000
-764.000000
541.000000
1550.000000
2007.000000
1582.000000
1059.000000
1299.000000
2087.000000
3136.000000
3855.000000
3235.000000
1771.000000
17.000000
-1293.000000
-1926.000000
-1679.000000
-1179.000000
-700.000000
-845.000000
-1201.000000
-2153.000000
-2902.000000
-2894.000000
-2640.000000
-2083.000000
-1576.000000
-1645.000000
-1724.000000
-1504.000000
-1063.000000
-222.000000
447.000000
776.000000
429.000000
-263.000000
-903.000000
-1390.000000
-1206.000000
-456.000000
285.000000
1044.000000
1432.000000
1374.000000
1272.000000
1121.000000
854.000000
551.000000
21.000000
-541.000000
-713.000000
-326.000000
707.000000
1976.000000
3011.000000
3435.000000
3129.000000
2408.000000
1658.000000
1075.000000
871.000000
808.000000
708.000000
528.000000
73.000000
-319.000000
-731.000000
-1131.000000
-1466.000000
-1978.000000
-2411.000000
-2588.000000
-2351.000000
-1588.000000
-410.000000
1013.000000
2394.000000
3574.000000
4406.000000
4777.000000
4698.000000
4551.000000
4146.000000
3818.000000
3485.000000
2845.000000
2107.000000
1383.000000
724.000000
298.000000
126.000000
-50.000000
-403.000000
-795.000000
-1238.000000
-1649.000000
-1484.000000
-688.000000
85.000000
606.000000
119.000000
-2022.000000
-4202.000000
-5881.000000
-6134.000000
-4927.000000
-3110.000000
-2037.000000
-1823.000000
-2136.000000
-2489.000000
-2275.000000
-1051.000000
305.000000
1118.000000
1374.000000
782.000000
25.000000
248.000000
1271.000000
2468.000000
3411.000000
3158.000000
1810.000000
234.000000
-940.000000
-1555.000000
-1326.000000
-774.000000
-392.000000
-667.000000
-1146.000000
-1847.000000
-2330.000000
-1969.000000
-1470.000000
-1154.000000
-1026.000000
-1338.000000
-1724.000000
-1638.000000
-1197.000000
-490.000000
112.000000
403.000000
-13.000000
-737.000000
-1246.000000
-1508.000000
-1180.000000
-500.000000
13.000000
378.000000
552.000000
645.000000
727.000000
877.000000
964.000000
854.000000
525.000000
27.000000
-247.000000
-14.000000
905.000000
2210.000000
3278.000000
3631.000000
3419.000000
2706.000000
2057.000000
1542.000000
1141.000000
733.000000
254.000000
-305.000000
-1018.000000
-1487.000000
-1773.000000
-1906.000000
-1840.000000
-1907.000000
-2157.000000
-2208.000000
-1886.000000
-1026.000000
180.000000
1650.000000
2984.000000
4036.000000
4811.000000
5183.000000
5072.000000
4831.000000
4365.000000
3636.000000
2849.000000
1848.000000
753.000000
19.000000
-435.000000
-657.000000
-678.000000
-638.000000
-736.000000
-864.000000
-903.000000
-960.000000
-786.000000
-102.000000
705.000000
960.000000
905.000000
-710.000000
-2665.000000
-4159.000000
-4825.000000
-4292.000000
-3158.000000
-2369.000000
-2380.000000
-2593.000000
-2890.000000
-2635.000000
-1693.000000
-308.000000
563.000000
926.000000
644.000000
12.000000
158.000000
1027.000000
2169.000000
2888.000000
2886.000000
1855.000000
532.000000
-453.000000
-1011.000000
-970.000000
-571.000000
-365.000000
-778.000000
-1317.000000
-1799.000000
-1945.000000
-1489.000000
-942.000000
-813.000000
-856.000000
-1131.000000
-1467.000000
-1433.000000
-1043.000000
-486.000000
-23.000000
206.000000
-216.000000
-842.000000
-1046.000000
-1134.000000
-842.000000
-469.000000
-380.000000
-238.000000
-87.000000
72.000000
384.000000
719.000000
1005.000000
1005.000000
608.000000
-2.000000
-369.000000
91.000000
1087.000000
2373.000000
3259.000000
3466.000000
3221.000000
2709.000000
2115.000000
1715.000000
1354.000000
889.000000
228.000000
-677.000000
-1499.000000
-1894.000000
-1773.000000
-1568.000000
-1426.000000
-1626.000000
-1925.000000
-1986.000000
-1601.000000
-659.000000
549.000000
1944.000000
3067.000000
3886.000000
4455.000000
4823.000000
4864.000000
4705.000000
4149.000000
3235.000000
2209.000000
1072.000000
25.000000
-744.000000
-1118.000000
-1338.000000
-1264.000000
-1174.000000
-1136.000000
-917.000000
-731.000000
-489.000000
-147.000000
503.000000
1211.000000
1204.000000
761.000000
-1100.000000
-3078.000000
-4331.000000
-4707.000000
-4206.000000
-3159.000000
-2690.000000
-2762.000000
-2747.000000
-2932.000000
-2450.000000
-1322.000000
-4.000000
563.000000
667.000000
156.000000
-158.000000
495.000000
1598.000000
2674.000000
3019.000000
2793.000000
1713.000000
395.000000
-528.000000
-958.000000
-967.000000
-587.000000
-765.000000
-1438.000000
-1741.000000
-1782.000000
-1424.000000
-844.000000
-461.000000
-541.000000
-668.000000
-929.000000
-1139.000000
-964.000000
-343.000000
234.000000
329.000000
250.000000
-252.000000
-668.000000
-600.000000
-640.000000
-673.000000
-479.000000
-587.000000
-552.000000
-398.000000
-170.000000
393.000000
869.000000
1164.000000
970.000000
498.000000
160.000000
102.000000
670.000000
1644.000000
2589.000000
3287.000000
3374.000000
3103.000000
2741.000000
2346.000000
2103.000000
1539.000000
753.000000
-178.000000
-1166.000000
-1732.000000
-1912.000000
-1784.000000
-1545.000000
-1551.000000
-1752.000000
-1903.000000
-1752.000000
-1144.000000
-144.000000
951.000000
1926.000000
2783.000000
3429.000000
3945.000000
4494.000000
4676.000000
4514.000000
3802.000000
2584.000000
1196.000000
-2.000000
-910.000000
-1525.000000
-1690.000000
-1740.000000
-1628.000000
-1315.000000
-986.000000
-629.000000
-202.000000
158.000000
432.000000
721.000000
1204.000000
1381.000000
1245.000000
625.000000
-1065.000000
-2556.000000
-3549.000000
-4113.000000
-3759.000000
-3288.000000
-3389.000000
-3448.000000
-3488.000000
-3340.000000
-2609.000000
-1515.000000
-517.000000
158.000000
396.000000
203.000000
234.000000
689.000000
1586.000000
2181.000000
2334.000000
2123.000000
1194.000000
437.000000
111.000000
-110.000000
90.000000
247.000000
-295.000000
-876.000000
-1300.000000
-1467.000000
-1275.000000
-871.000000
-573.000000
-571.000000
-569.000000
-852.000000
-1048.000000
-799.000000
-376.000000
-209.000000
-249.000000
-470.000000
-894.000000
-876.000000
-767.000000
-623.000000
-262.000000
-25.000000
-29.000000
63.000000
96.000000
467.000000
946.000000
1157.000000
1116.000000
737.000000
454.000000
367.000000
731.000000
1460.000000
2199.000000
2830.000000
2939.000000
2719.000000
2519.000000
2223.000000
2050.000000
1626.000000
871.000000
85.000000
-809.000000
-1407.000000
-1646.000000
-1721.000000
-1627.000000
-1701.000000
-1855.000000
-1852.000000
-1607.000000
-1018.000000
-164.000000
787.000000
1577.000000
2254.000000
2822.000000
3221.000000
3800.000000
4085.000000
3955.000000
3457.000000
2469.000000
1390.000000
359.000000
-475.000000
-1134.000000
-1520.000000
-1726.000000
-1858.000000
-1773.000000
-1401.000000
-874.000000
-326.000000
160.000000
440.000000
712.000000
1069.000000
1613.000000
1619.000000
1459.000000
329.000000
-1695.000000
-3160.000000
-4316.000000
-4551.000000
-4145.000000
-3787.000000
-3856.000000
-3597.000000
-3538.000000
-3108.000000
-2108.000000
-877.000000
207.000000
652.000000
455.000000
42.000000
303.000000
935.000000
1957.000000
2390.000000
2519.000000
2153.000000
1123.000000
577.000000
222.000000
217.000000
349.000000
36.000000
-751.000000
-1352.000000
-1608.000000
-1532.000000
-1122.000000
-549.000000
-320.000000
-490.000000
-747.000000
-1143.000000
-937.000000
-397.000000
-42.000000
23.000000
-81.000000
-304.000000
-581.000000
-481.000000
-335.000000
-5.000000
341.000000
267.000000
75.000000
105.000000
315.000000
753.000000
1052.000000
1100.000000
966.000000
561.000000
325.000000
379.000000
871.000000
1609.000000
2337.000000
2651.000000
2661.000000
2648.000000
2342.000000
2116.000000
1967.000000
1431.000000
863.000000
95.000000
-807.000000
-1258.000000
-1520.000000
-1650.000000
-1784.000000
-1934.000000
-2019.000000
-1917.000000
-1584.000000
-980.000000
-117.000000
757.000000
1479.000000
2063.000000
2568.000000
3154.000000
3770.000000
3928.000000
3774.000000
3156.000000
2120.000000
1174.000000
142.000000
-516.000000
-1057.000000
-1377.000000
-1681.000000
-1912.000000
-1791.000000
-1404.000000
-903.000000
-378.000000
168.000000
531.000000
981.000000
1433.000000
1824.000000
1788.000000
1370.000000
8.000000
-1949.000000
-3324.000000
-4324.000000
-4420.000000
-4066.000000
-3842.000000
-3858.000000
-3672.000000
-3473.000000
-3061.000000
-1919.000000
-820.000000
38.000000
328.000000
132.000000
-31.000000
401.000000
1096.000000
1959.000000
2335.000000
2332.000000
1855.000000
929.000000
576.000000
434.000000
552.000000
620.000000
201.000000
-519.000000
-1015.000000
-1169.000000
-1163.000000
-761.000000
-451.000000
-547.000000
-848.000000
-1163.000000
-1319.000000
-864.000000
-341.000000
-70.000000
-45.000000
-267.000000
-608.000000
-912.000000
-849.000000
-667.000000
-282.000000
-9.000000
-74.000000
37.000000
286.000000
693.000000
1244.000000
1437.000000
1422.000000
1158.000000
724.000000
429.000000
529.000000
978.000000
1605.000000
2235.000000
2454.000000
2542.000000
2599.000000
2421.000000
2305.000000
2031.000000
1442.000000
871.000000
93.000000
-655.000000
-1068.000000
-1440.000000
-1638.000000
-1833.000000
-2022.000000
-2096.000000
-1924.000000
-1595.000000
-1059.000000
-324.000000
333.000000
1037.000000
1725.000000
2393.000000
3100.000000
3710.000000
3897.000000
3749.000000
3187.000000
2447.000000
1597.000000
798.000000
149.000000
-557.000000
-987.000000
-1468.000000
-1746.000000
-1621.000000
-1307.000000
-971.000000
-508.000000
-154.000000
177.000000
621.000000
888.000000
1240.000000
1184.000000
732.000000
-578.000000
-2238.000000
-3480.000000
-4124.000000
-4092.000000
-3734.000000
-3378.000000
-3217.000000
-2840.000000
-2622.000000
-2173.000000
-1267.000000
-321.000000
367.000000
388.000000
125.000000
-108.000000
282.000000
847.000000
1438.000000
1578.000000
1487.000000
929.000000
150.000000
-31.000000
-21.000000
331.000000
412.000000
147.000000
-443.000000
-702.000000
-782.000000
-723.000000
-305.000000
-66.000000
-200.000000
-506.000000
-736.000000
-821.000000
-299.000000
-20.000000
62.000000
-84.000000
-564.000000
-1038.000000
-1462.000000
-1440.000000
-1168.000000
-744.000000
-592.000000
-483.000000
-280.000000
97.000000
652.000000
1138.000000
1430.000000
1416.000000
1128.000000
701.000000
645.000000
992.000000
1593.000000
2217.000000
2716.000000
2907.000000
2935.000000
2846.000000
2535.000000
2446.000000
2140.000000
1533.000000
761.000000
-163.000000
-825.000000
-1186.000000
-1457.000000
-1682.000000
-1900.000000
-2159.000000
-2327.000000
-2282.000000
-1910.000000
-1324.000000
-522.000000
131.000000
782.000000
1524.000000
2243.000000
3042.000000
3695.000000
4009.000000
3867.000000
3287.000000
2465.000000
1715.000000
1113.000000
573.000000
55.000000
-487.000000
-1026.000000
-1434.000000
-1675.000000
-1613.000000
-1159.000000
-767.000000
-499.000000
-283.000000
-146.000000
86.000000
490.000000
859.000000
877.000000
696.000000
-367.000000
-1896.000000
-2835.000000
-3341.000000
-3261.000000
-2874.000000
-2923.000000
-3004.000000
-2845.000000
-2742.000000
-2338.000000
-1398.000000
-423.000000
237.000000
196.000000
-232.000000
-512.000000
-236.000000
202.000000
509.000000
535.000000
373.000000
21.000000
-338.000000
-98.000000
451.000000
1058.000000
1373.000000
1126.000000
643.000000
331.000000
139.000000
34.000000
208.000000
221.000000
-90.000000
-457.000000
-683.000000
-581.000000
-191.000000
35.000000
-203.000000
-642.000000
-1296.000000
-1993.000000
-2344.000000
-2233.000000
-1917.000000
-1508.000000
-1305.000000
-1073.000000
-525.000000
73.000000
752.000000
1303.000000
1569.000000
1616.000000
1417.000000
1170.000000
1380.000000
1879.000000
2358.000000
2820.000000
2979.000000
3021.000000
3042.000000
2891.000000
2649.000000
2564.000000
2136.000000
1442.000000
561.000000
-370.000000
-912.000000
-1293.000000
-1603.000000
-1930.000000
-2169.000000
-2428.000000
-2534.000000
-2441.000000
-2050.000000
-1300.000000
-590.000000
85.000000
797.000000
1557.000000
2334.000000
3030.000000
3497.000000
3742.000000
3693.000000
3346.000000
2813.000000
2230.000000
1756.000000
1096.000000
515.000000
-230.000000
-826.000000
-1261.000000
-1661.000000
-1687.000000
-1516.000000
-1291.000000
-1084.000000
-909.000000
-776.000000
-376.000000
7.000000
267.000000
518.000000
493.000000
-282.000000
-1149.000000
-1818.000000
-2194.000000
-1883.000000
-1934.000000
-2164.000000
-2145.000000
-2153.000000
-2096.000000
-1886.000000
-1204.000000
-503.000000
50.000000
-261.000000
-851.000000
-1059.000000
-972.000000
-848.000000
-833.000000
-773.000000
-659.000000
-731.000000
-809.000000
-383.000000
276.000000
1164.000000
1450.000000
1314.000000
1189.000000
955.000000
828.000000
655.000000
902.000000
928.000000
750.000000
506.000000
199.000000
326.000000
420.000000
85.000000
-389.000000
-985.000000
-1807.000000
-2576.000000
-3057.000000
-3061.000000
-2864.000000
-2560.000000
-2318.000000
-1874.000000
-1146.000000
-604.000000
22.000000
618.000000
1184.000000
1477.000000
1481.000000
1717.000000
2162.000000
2707.000000
3063.000000
3273.000000
3486.000000
3630.000000
3540.000000
3230.000000
3020.000000
2814.000000
2170.000000
1272.000000
306.000000
-533.000000
-1060.000000
-1620.000000
-1986.000000
-2183.000000
-2335.000000
-2435.000000
-2562.000000
-2322.000000
-1896.000000
-1359.000000
-717.000000
-135.000000
504.000000
1040.000000
1604.000000
2178.000000
2746.000000
3185.000000
3334.000000
3291.000000
3053.000000
2604.000000
2067.000000
1477.000000
897.000000
345.000000
-334.000000
-842.000000
-1201.000000
-1371.000000
-1340.000000
-1198.000000
-1074.000000
-978.000000
-852.000000
-865.000000
-712.000000
-420.000000
-222.000000
91.000000
238.000000
-156.000000
-517.000000
-725.000000
-836.000000
-742.000000
-890.000000
-1310.000000
-1456.000000
-1621.000000
-1850.000000
-1664.000000
-1159.000000
-641.000000
-380.000000
-914.000000
-1433.000000
-1675.000000
-1805.000000
-1876.000000
-1857.000000
-1755.000000
-1529.000000
-1463.000000
-1295.000000
-497.000000
415.000000
1208.000000
1571.000000
1645.000000
1611.000000
1551.000000
1382.000000
1367.000000
1631.000000
1599.000000
1407.000000
1141.000000
969.000000
921.000000
797.000000
356.000000
-138.000000
-837.000000
-1795.000000
-2636.000000
-3178.000000
-3359.000000
-3321.000000
-3186.000000
-2978.000000
-2485.000000
-1924.000000
-1324.000000
-522.000000
233.000000
862.000000
1200.000000
1388.000000
1715.000000
2126.000000
2467.000000
2756.000000
3114.000000
3443.000000
3595.000000
3592.000000
3514.000000
3375.000000
3040.000000
2293.000000
1415.000000
562.000000
-148.000000
-722.000000
-1212.000000
-1418.000000
-1439.000000
-1510.000000
-1492.000000
-1419.000000
-1228.000000
-916.000000
-688.000000
-551.000000
-388.000000
-189.000000
-11.000000
376.000000
884.000000
1386.000000
1865.000000
2107.000000
2179.000000
2171.000000
2006.000000
1636.000000
1111.000000
532.000000
-91.000000
-556.000000
-818.000000
-966.000000
-888.000000
-784.000000
-810.000000
-779.000000
-820.000000
-781.000000
-740.000000
-723.000000
-654.000000
-580.000000
-417.000000
-171.000000
246.000000
752.000000
1009.000000
857.000000
526.000000
202.000000
-77.000000
-329.000000
-634.000000
-843.000000
-937.000000
-1208.000000
-1656.000000
-1819.000000
-1747.000000
-1646.000000
-1783.000000
-2087.000000
-2225.000000
-2248.000000
-2207.000000
-2148.000000
-1765.000000
-1161.000000
-750.000000
-533.000000
-191.000000
331.000000
835.000000
1199.000000
1413.000000
1577.000000
1655.000000
1480.000000
1205.000000
1205.000000
1257.000000
1160.000000
1012.000000
793.000000
631.000000
332.000000
-48.000000
-376.000000
-680.000000
-1062.000000
-1553.000000
-1982.000000
-2152.000000
-2108.000000
-2013.000000
-1665.000000
-1116.000000
-640.000000
-293.000000
33.000000
338.000000
654.000000
825.000000
789.000000
885.000000
1089.000000
1215.000000
1332.000000
1588.000000
1921.000000
2149.000000
2115.000000
1877.000000
1621.000000
1392.000000
1057.000000
730.000000
534.000000
419.000000
308.000000
167.000000
183.000000
267.000000
378.000000
447.000000
363.000000
260.000000
75.000000
-189.000000
-261.000000
-194.000000
-85.000000
-5.000000
39.000000
112.000000
182.000000
208.000000
172.000000
172.000000
159.000000
-67.000000
-337.000000
-580.000000
-762.000000
-844.000000
-914.000000
-882.000000
-721.000000
-500.000000
-349.000000
-197.000000
35.000000
180.000000
291.000000
390.000000
426.000000
487.000000
433.000000
358.000000
347.000000
407.000000
520.000000
575.000000
679.000000
749.000000
676.000000
486.000000
294.000000
76.000000
-249.000000
-620.000000
-1056.000000
-1391.000000
-1469.000000
-1488.000000
-1426.000000
-1153.000000
-935.000000
-763.000000
-620.000000
-586.000000
-463.000000
-306.000000
-247.000000
-308.000000
-221.000000
-162.000000
-10.000000
156.000000
228.000000
377.000000
403.000000
317.000000
208.000000
83.000000
11.000000
-42.000000
-258.000000
-411.000000
-526.000000
-630.000000
-662.000000
-634.000000
-564.000000
-450.000000
-277.000000
-186.000000
28.000000
304.000000
494.000000
583.000000
598.000000
545.000000
459.000000
398.000000
284.000000
212.000000
192.000000
179.000000
102.000000
29.000000
-89.000000
-227.000000
-360.000000
-514.000000
-699.000000
-890.000000
-944.000000
-960.000000
-880.000000
-739.000000
-544.000000
-233.000000
101.000000
405.000000
595.000000
776.000000
918.000000
972.000000
991.000000
1001.000000
1001.000000
1056.000000
1085.000000
1069.000000
1099.000000
1062.000000
935.000000
762.000000
528.000000
311.000000
95.000000
-133.000000
-364.000000
-609.000000
-839.000000
-1016.000000
-1128.000000
-1084.000000
-984.000000
-873.000000
-690.000000
-561.000000
-342.000000
-86.000000
190.000000
432.000000
627.000000
677.000000
690.000000
698.000000
716.000000
795.000000
849.000000
880.000000
883.000000
815.000000
698.000000
574.000000
411.000000
213.000000
7.000000
-264.000000
-488.000000
-665.000000
-763.000000
-782.000000
-650.000000
-441.000000
-276.000000
-55.000000
25.000000
134.000000
255.000000
335.000000
434.000000
559.000000
615.000000
645.000000
689.000000
648.000000
643.000000
582.000000
445.000000
272.000000
116.000000
-152.000000
-327.000000
-474.000000
-630.000000
-659.000000
-784.000000
-857.000000
-892.000000
-950.000000
-937.000000
-885.000000
-771.000000
-594.000000
-384.000000
-201.000000
-5.000000
192.000000
310.000000
411.000000
485.000000
441.000000
369.000000
249.000000
132.000000
113.000000
55.000000
-42.000000
-184.000000
-295.000000
-437.000000
-594.000000
-712.000000
-859.000000
-924.000000
-998.000000
-1137.000000
-1184.000000
-1114.000000
-966.000000
-757.000000
-607.000000
-488.000000
-367.000000
-225.000000
-139.000000
-35.000000
121.000000
201.000000
322.000000
357.000000
338.000000
401.000000
433.000000
472.000000
511.000000
459.000000
420.000000
355.000000
267.000000
170.000000
43.000000
-63.000000
-193.000000
-292.000000
-392.000000
-397.000000
-338.000000
-248.000000
-122.000000
-33.000000
154.000000
373.000000
555.000000
709.000000
810.000000
816.000000
808.000000
773.000000
698.000000
702.000000
740.000000
715.000000
667.000000
657.000000
557.000000
498.000000
382.000000
162.000000
25.000000
-148.000000
-282.000000
-399.000000
-422.000000
-330.000000
-192.000000
-47.000000
96.000000
250.000000
392.000000
524.000000
618.000000
697.000000
790.000000
827.000000
812.000000
849.000000
871.000000
834.000000
751.000000
575.000000
446.000000
289.000000
103.000000
-72.000000
-194.000000
-265.000000
-395.000000
-517.000000
-619.000000
-640.000000
-631.000000
-670.000000
-676.000000
-592.000000
-519.000000
-417.000000
-296.000000
-176.000000
33.000000
151.000000
177.000000
206.000000
182.000000
100.000000
34.000000
-28.000000
-49.000000
-39.000000
-161.000000
-273.000000
-336.000000
-371.000000
-398.000000
-440.000000
-512.000000
-566.000000
-643.000000
-774.000000
-844.000000
-847.000000
-807.000000
-744.000000
-695.000000
-680.000000
-654.000000
-587.000000
-511.000000
-371.000000
-239.000000
-158.000000
-89.000000
-56.000000
-52.000000
-64.000000
-81.000000
-94.000000
-49.000000
4.000000
56.000000
85.000000
112.000000
124.000000
87.000000
12.000000
-117.000000
-186.000000
-256.000000
-304.000000
-339.000000
-374.000000
-317.000000
-176.000000
-49.000000
148.000000
337.000000
432.000000
502.000000
472.000000
446.000000
455.000000
513.000000
517.000000
526.000000
542.000000
512.000000
542.000000
558.000000
555.000000
494.000000
381.000000
237.000000
70.000000
-62.000000
-148.000000
-186.000000
-166.000000
-115.000000
-91.000000
44.000000
179.000000
278.000000
358.000000
445.000000
524.000000
582.000000
639.000000
594.000000
630.000000
647.000000
563.000000
488.000000
391.000000
347.000000
260.000000
155.000000
50.000000
-23.000000
-64.000000
-122.000000
-230.000000
-276.000000
-289.000000
-307.000000
-289.000000
-265.000000
-188.000000
-105.000000
14.000000
79.000000
148.000000
221.000000
214.000000
221.000000
181.000000
124.000000
70.000000
45.000000
4.000000
-54.000000
-127.000000
-224.000000
-267.000000
-305.000000
-352.000000
-353.000000
-320.000000
-339.000000
-353.000000
-433.000000
-476.000000
-480.000000
-544.000000
-587.000000
-599.000000
-565.000000
-528.000000
-455.000000
-388.000000
-274.000000
-144.000000
-83.000000
-30.000000
11.000000
17.000000
-19.000000
-83.000000
-147.000000
-156.000000
-191.000000
-177.000000
-123.000000
-70.000000
-25.000000
-30.000000
-38.000000
-36.000000
-43.000000
-139.000000
-199.000000
-243.000000
-272.000000
-284.000000
-263.000000
-215.000000
-123.000000
-43.000000
-9.000000
57.000000
146.000000
182.000000
215.000000
266.000000
297.000000
328.000000
357.000000
342.000000
379.000000
396.000000
334.000000
293.000000
248.000000
189.000000
122.000000
34.000000
-25.000000
-44.000000
-65.000000
-45.000000
-19.000000
41.000000
129.000000
176.000000
234.000000
306.000000
309.000000
335.000000
375.000000
404.000000
441.000000
458.000000
434.000000
433.000000
394.000000
326.000000
285.000000
234.000000
195.000000
118.000000
46.000000
-8.000000
-28.000000
-63.000000
-75.000000
-91.000000
-60.000000
-24.000000
-12.000000
34.000000
92.000000
148.000000
171.000000
208.000000
201.000000
183.000000
143.000000
83.000000
40.000000
-7.000000
-54.000000
-115.000000
-165.000000
-229.000000
-278.000000
-312.000000
-286.000000
-237.000000
-206.000000
-165.000000
-157.000000
-151.000000
-173.000000
-187.000000
-221.000000
-214.000000
-256.000000
-337.000000
-370.000000
-392.000000
-347.000000
-299.000000
-235.000000
-184.000000
-120.000000
-93.000000
-111.000000
-141.000000
-177.000000
-233.000000
-293.000000
-364.000000
-413.000000
-370.000000
-320.000000
-230.000000
-159.000000
-121.000000
-72.000000
-23.000000
2.000000
-8.000000
-41.000000
-83.000000
-103.000000
-108.000000
-103.000000
-42.000000
26.000000
91.000000
126.000000
138.000000
152.000000
156.000000
115.000000
107.000000
85.000000
72.000000
65.000000
36.000000
53.000000
99.000000
141.000000
149.000000
176.000000
176.000000
138.000000
112.000000
70.000000
80.000000
111.000000
135.000000
172.000000
205.000000
223.000000
262.000000
281.000000
304.000000
313.000000
266.000000
210.000000
181.000000
152.000000
109.000000
124.000000
121.000000
117.000000
115.000000
43.000000
20.000000
48.000000
37.000000
31.000000
47.000000
53.000000
80.000000
121.000000
149.000000
208.000000
254.000000
229.000000
190.000000
192.000000
219.000000
242.000000
217.000000
188.000000
126.000000
35.000000
-40.000000
-119.000000
-141.000000
-119.000000
-163.000000
-251.000000
-337.000000
-385.000000
-410.000000
-392.000000
-349.000000
-299.000000
-195.000000
-134.000000
-112.000000
-38.000000
19.000000
61.000000
79.000000
32.000000
-39.000000
-99.000000
-135.000000
-152.000000
-96.000000
-19.000000
38.000000
71.000000
93.000000
63.000000
-2.000000
-95.000000
-210.000000
-298.000000
-404.000000
-493.000000
-531.000000
-506.000000
-425.000000
-341.000000
-273.000000
-211.000000
-130.000000
-88.000000
-58.000000
-63.000000
-59.000000
-30.000000
5.000000
52.000000
105.000000
177.000000
232.000000
282.000000
303.000000
286.000000
262.000000
229.000000
171.000000
98.000000
23.000000
-43.000000
-61.000000
-73.000000
-63.000000
-33.000000
-13.000000
15.000000
34.000000
24.000000
42.000000
83.000000
95.000000
111.000000
92.000000
95.000000
109.000000
147.000000
211.000000
247.000000
298.000000
301.000000
279.000000
263.000000
231.000000
197.000000
150.000000
94.000000
35.000000
-20.000000
-77.000000
-105.000000
-120.000000
-124.000000
-118.000000
-95.000000
-77.000000
-36.000000
14.000000
30.000000
101.000000
149.000000
167.000000
200.000000
204.000000
215.000000
235.000000
239.000000
221.000000
203.000000
164.000000
81.000000
36.000000
-31.000000
-78.000000
-97.000000
-169.000000
-233.000000
-288.000000
-325.000000
-327.000000
-294.000000
-256.000000
-208.000000
-166.000000
-120.000000
-79.000000
-33.000000
-17.000000
-27.000000
-61.000000
-132.000000
-163.000000
-187.000000
-182.000000
-162.000000
-120.000000
-64.000000
-19.000000
17.000000
17.000000
31.000000
40.000000
7.000000
-49.000000
-109.000000
-146.000000
-151.000000
-174.000000
-171.000000
-138.000000
-112.000000
-79.000000
-84.000000
-59.000000
-6.000000
52.000000
78.000000
86.000000
113.000000
102.000000
113.000000
140.000000
152.000000
175.000000
174.000000
149.000000
146.000000
145.000000
113.000000
67.000000
23.000000
-40.000000
-90.000000
-123.000000
-136.000000
-104.000000
-84.000000
-74.000000
-31.000000
14.000000
80.000000
120.000000
168.000000
211.000000
220.000000
218.000000
211.000000
213.000000
221.000000
224.000000
211.000000
189.000000
180.000000
152.000000
100.000000
66.000000
37.000000
16.000000
-6.000000
-48.000000
-81.000000
-124.000000
-156.000000
-191.000000
-222.000000
-214.000000
-187.000000
-135.000000
-67.000000
-2.000000
61.000000
136.000000
196.000000
218.000000
223.000000
212.000000
171.000000
147.000000
123.000000
72.000000
36.000000
4.000000
-24.000000
-63.000000
-88.000000
-122.000000
-159.000000
-189.000000
-253.000000
-288.000000
-300.000000
-268.000000
-208.000000
-152.000000
-74.000000
-17.000000
47.000000
100.000000
109.000000
109.000000
90.000000
15.000000
-68.000000
-147.000000
-200.000000
-192.000000
-178.000000
-128.000000
-85.000000
-34.000000
-15.000000
-34.000000
-55.000000
-70.000000
-95.000000
-145.000000
-183.000000
-227.000000
-221.000000
-211.000000
-187.000000
-157.000000
-103.000000
-64.000000
-41.000000
-13.000000
-15.000000
8.000000
32.000000
64.000000
109.000000
161.000000
195.000000
226.000000
260.000000
277.000000
309.000000
310.000000
295.000000
251.000000
175.000000
75.000000
0.000000
-69.000000
-106.000000
-118.000000
-134.000000
-111.000000
-103.000000
-78.000000
-39.000000
-2.000000
42.000000
87.000000
137.000000
163.000000
188.000000
194.000000
208.000000
226.000000
222.000000
200.000000
188.000000
166.000000
128.000000
93.000000
76.000000
96.000000
123.000000
122.000000
88.000000
75.000000
48.000000
6.000000
-42.000000
-83.000000
-98.000000
-121.000000
-158.000000
-150.000000
-112.000000
-47.000000
24.000000
69.000000
114.000000
161.000000
174.000000
153.000000
140.000000
116.000000
85.000000
35.000000
-25.000000
-63.000000
-85.000000
-122.000000
-127.000000
-145.000000
-172.000000
-184.000000
-202.000000
-206.000000
-175.000000
-157.000000
-127.000000
-76.000000
-44.000000
-12.000000
26.000000
64.000000
81.000000
68.000000
-7.000000
-78.000000
-136.000000
-194.000000
-228.000000
-244.000000
-227.000000
-200.000000
-186.000000
-163.000000
-145.000000
-116.000000
-91.000000
-102.000000
-132.000000
-151.000000
-179.000000
-189.000000
-178.000000
-153.000000
-115.000000
-76.000000
-65.000000
-65.000000
-55.000000
-54.000000
-53.000000
-40.000000
-46.000000
-31.000000
15.000000
54.000000
111.000000
178.000000
231.000000
263.000000
273.000000
241.000000
210.000000
177.000000
119.000000
57.000000
-4.000000
-56.000000
-88.000000
-90.000000
-98.000000
-71.000000
-40.000000
-15.000000
20.000000
53.000000
92.000000
124.000000
152.000000
165.000000
158.000000
167.000000
176.000000
179.000000
177.000000
166.000000
149.000000
118.000000
87.000000
45.000000
15.000000
14.000000
10.000000
11.000000
38.000000
46.000000
59.000000
74.000000
87.000000
101.000000
122.000000
113.000000
81.000000
67.000000
47.000000
49.000000
61.000000
69.000000
85.000000
108.000000
116.000000
110.000000
92.000000
73.000000
45.000000
-6.000000
-57.000000
-107.000000
-133.000000
-161.000000
-179.000000
-187.000000
-182.000000
-162.000000
-134.000000
-112.000000
-77.000000
-31.000000
7.000000
39.000000
58.000000
83.000000
83.000000
88.000000
73.000000
33.000000
-12.000000
-85.000000
-161.000000
-195.000000
-207.000000
-216.000000
-212.000000
-207.000000
-201.000000
-169.000000
-159.000000
-146.000000
-112.000000
-101.000000
-108.000000
-120.000000
-117.000000
-89.000000
-52.000000
-24.000000
-16.000000
-23.000000
-42.000000
-82.000000
-101.000000
-115.000000
-134.000000
-130.000000
-136.000000
-123.000000
-95.000000
-58.000000
1.000000
67.000000
113.000000
139.000000
132.000000
102.000000
77.000000
37.000000
5.000000
-23.000000
-37.000000
-49.000000
-40.000000
-24.000000
-12.000000
22.000000
38.000000
75.000000
99.000000
114.000000
127.000000
144.000000
153.000000
146.000000
137.000000
117.000000
127.000000
135.000000
132.000000
117.000000
93.000000
75.000000
70.000000
50.000000
20.000000
24.000000
9.000000
2.000000
11.000000
18.000000
42.000000
73.000000
97.000000
115.000000
125.000000
121.000000
128.000000
124.000000
125.000000
129.000000
116.000000
100.000000
94.000000
82.000000
58.000000
57.000000
46.000000
48.000000
40.000000
29.000000
19.000000
-8.000000
-22.000000
-52.000000
-76.000000
-109.000000
-139.000000
-142.000000
-136.000000
-105.000000
-51.000000
6.000000
52.000000
78.000000
86.000000
94.000000
84.000000
59.000000
0.000000
-42.000000
-96.000000
-155.000000
-182.000000
-176.000000
-149.000000
-126.000000
-111.000000
-107.000000
-97.000000
-93.000000
-99.000000
-114.000000
-122.000000
-127.000000
-133.000000
-113.000000
-69.000000
-21.000000
26.000000
68.000000
76.000000
72.000000
40.000000
-11.000000
-61.000000
-124.000000
-177.000000
-211.000000
-216.000000
-195.000000
-165.000000
-107.000000
-49.000000
8.000000
65.000000
75.000000
75.000000
56.000000
16.000000
-10.000000
-36.000000
-56.000000
-64.000000
-46.000000
-32.000000
-5.000000
30.000000
44.000000
71.000000
84.000000
96.000000
87.000000
61.000000
62.000000
43.000000
7.000000
-11.000000
-30.000000
-20.000000
-3.000000
-11.000000
-7.000000
10.000000
31.000000
27.000000
22.000000
26.000000
32.000000
39.000000
18.000000
3.000000
8.000000
31.000000
37.000000
59.000000
106.000000
138.000000
161.000000
172.000000
178.000000
182.000000
174.000000
142.000000
108.000000
77.000000
40.000000
6.000000
-2.000000
-2.000000
11.000000
29.000000
47.000000
64.000000
60.000000
42.000000
13.000000
-18.000000
-37.000000
-58.000000
-69.000000
-44.000000
-10.000000
39.000000
80.000000
123.000000
162.000000
183.000000
160.000000
133.000000
96.000000
35.000000
-34.000000
-89.000000
-118.000000
-126.000000
-103.000000
-77.000000
-38.000000
-6.000000
6.000000
-15.000000
-42.000000
-70.000000
-99.000000
-132.000000
-161.000000
-169.000000
-151.000000
-109.000000
-55.000000
13.000000
60.000000
85.000000
66.000000
21.000000
-28.000000
-82.000000
-117.000000
-142.000000
-172.000000
-184.000000
-176.000000
-145.000000
-99.000000
-46.000000
10.000000
48.000000
47.000000
40.000000
23.000000
-7.000000
-23.000000
-44.000000
-67.000000
-91.000000
-100.000000
-111.000000
-104.000000
-75.000000
-52.000000
-18.000000
6.000000
15.000000
25.000000
27.000000
8.000000
-2.000000
-15.000000
-46.000000
-72.000000
-86.000000
-86.000000
-70.000000
-47.000000
-26.000000
12.000000
32.000000
47.000000
63.000000
55.000000
46.000000
29.000000
-8.000000
-28.000000
-34.000000
-24.000000
3.000000
42.000000
71.000000
117.000000
155.000000
171.000000
188.000000
184.000000
151.000000
113.000000
72.000000
26.000000
14.000000
12.000000
41.000000
72.000000
107.000000
148.000000
173.000000
169.000000
123.000000
94.000000
38.000000
-11.000000
-54.000000
-74.000000
-71.000000
-48.000000
7.000000
70.000000
119.000000
152.000000
167.000000
146.000000
115.000000
64.000000
3.000000
-50.000000
-85.000000
-98.000000
-87.000000
-55.000000
1.000000
64.000000
93.000000
103.000000
86.000000
64.000000
18.000000
-31.000000
-79.000000
-128.000000
-145.000000
-135.000000
-94.000000
-52.000000
0.000000
42.000000
56.000000
44.000000
9.000000
-24.000000
-63.000000
-106.000000
-141.000000
-164.000000
-167.000000
-158.000000
-128.000000
-85.000000
-42.000000
-11.000000
3.000000
12.000000
14.000000
3.000000
-4.000000
-21.000000
-33.000000
-43.000000
-67.000000
-86.000000
-95.000000
-87.000000
-81.000000
-59.000000
-48.000000
-39.000000
-19.000000
-5.000000
-12.000000
-4.000000
-10.000000
-24.000000
-30.000000
-48.000000
-51.000000
-49.000000
-41.000000
-37.000000
-21.000000
8.000000
25.000000
41.000000
53.000000
60.000000
49.000000
12.000000
-32.000000
-64.000000
-81.000000
-98.000000
-92.000000
-56.000000
-18.000000
24.000000
66.000000
101.000000
130.000000
146.000000
135.000000
113.000000
67.000000
28.000000
11.000000
10.000000
21.000000
52.000000
91.000000
119.000000
152.000000
168.000000
168.000000
137.000000
87.000000
28.000000
-26.000000
-64.000000
-74.000000
-66.000000
-30.000000
21.000000
65.000000
104.000000
133.000000
147.000000
140.000000
101.000000
50.000000
7.000000
-21.000000
-37.000000
-33.000000
2.000000
40.000000
77.000000
104.000000
113.000000
103.000000
76.000000
39.000000
-2.000000
-48.000000
-74.000000
-95.000000
-95.000000
-77.000000
-40.000000
-2.000000
7.000000
19.000000
0.000000
-20.000000
-43.000000
-79.000000
-93.000000
-96.000000
-95.000000
-81.000000
-56.000000
-29.000000
-3.000000
28.000000
39.000000
26.000000
24.000000
1.000000
-27.000000
-51.000000
-65.000000
-71.000000
-73.000000
-72.000000
-68.000000
-63.000000
-65.000000
-58.000000
-56.000000
-59.000000
-56.000000
-55.000000
-50.000000
-54.000000
-43.000000
-36.000000
-34.000000
-35.000000
-49.000000
-54.000000
-68.000000
-83.000000
-99.000000
-105.000000
-94.000000
-76.000000
-51.000000
-21.000000
4.000000
7.000000
11.000000
7.000000
-17.000000
-36.000000
-55.000000
-65.000000
-53.000000
-46.000000
-18.000000
18.000000
65.000000
89.000000
92.000000
90.000000
68.000000
46.000000
7.000000
-28.000000
-45.000000
-39.000000
-16.000000
16.000000
62.000000
93.000000
111.000000
119.000000
108.000000
77.000000
37.000000
-1.000000
-37.000000
-49.000000
-47.000000
-29.000000
15.000000
71.000000
123.000000
155.000000
153.000000
129.000000
108.000000
64.000000
21.000000
-5.000000
-9.000000
2.000000
11.000000
35.000000
67.000000
98.000000
112.000000
112.000000
96.000000
63.000000
31.000000
-6.000000
-31.000000
-32.000000
-25.000000
-10.000000
5.000000
36.000000
54.000000
63.000000
55.000000
29.000000
8.000000
-21.000000
-42.000000
-50.000000
-49.000000
-36.000000
-18.000000
-4.000000
23.000000
33.000000
37.000000
24.000000
2.000000
-39.000000
-67.000000
-90.000000
-103.000000
-94.000000
-95.000000
-82.000000
-58.000000
-28.000000
-20.000000
-7.000000
-10.000000
-17.000000
-27.000000
-38.000000
-48.000000
-49.000000
-35.000000
-37.000000
-27.000000
-18.000000
-11.000000
-17.000000
-22.000000
-33.000000
-50.000000
-61.000000
-61.000000
-64.000000
-61.000000
-45.000000
-32.000000
-20.000000
-13.000000
-17.000000
-25.000000
-39.000000
-51.000000
-58.000000
-56.000000
-48.000000
-26.000000
-3.000000
16.000000
46.000000
59.000000
66.000000
46.000000
17.000000
-12.000000
-39.000000
-60.000000
-68.000000
-46.000000
-24.000000
13.000000
37.000000
58.000000
72.000000
77.000000
68.000000
44.000000
18.000000
-10.000000
-28.000000
-39.000000
-31.000000
-2.000000
30.000000
62.000000
88.000000
94.000000
85.000000
72.000000
59.000000
38.000000
14.000000
9.000000
3.000000
4.000000
19.000000
32.000000
60.000000
76.000000
65.000000
42.000000
23.000000
-7.000000
-26.000000
-28.000000
-25.000000
-1.000000
18.000000
42.000000
64.000000
78.000000
79.000000
67.000000
36.000000
5.000000
-24.000000
-50.000000
-51.000000
-45.000000
-24.000000
0.000000
31.000000
61.000000
73.000000
76.000000
69.000000
50.000000
16.000000
-19.000000
-47.000000
-76.000000
-83.000000
-80.000000
-62.000000
-42.000000
-26.000000
-14.000000
-6.000000
1.000000
-3.000000
-14.000000
-29.000000
-32.000000
-49.000000
-53.000000
-51.000000
-36.000000
-29.000000
-14.000000
-5.000000
-6.000000
-11.000000
-30.000000
-41.000000
-54.000000
-55.000000
-64.000000
-62.000000
-51.000000
-37.000000
-24.000000
-18.000000
-8.000000
-11.000000
-14.000000
-27.000000
-37.000000
-38.000000
-31.000000
-18.000000
-16.000000
-8.000000
6.000000
7.000000
4.000000
-16.000000
-33.000000
-51.000000
-61.000000
-62.000000
-63.000000
-43.000000
-23.000000
4.000000
31.000000
52.000000
49.000000
39.000000
27.000000
19.000000
6.000000
-10.000000
-16.000000
-3.000000
12.000000
36.000000
60.000000
81.000000
93.000000
81.000000
72.000000
50.000000
35.000000
8.000000
-9.000000
-18.000000
-21.000000
1.000000
25.000000
54.000000
82.000000
93.000000
87.000000
73.000000
54.000000
38.000000
29.000000
21.000000
22.000000
24.000000
35.000000
54.000000
66.000000
61.000000
62.000000
53.000000
24.000000
3.000000
-15.000000
-24.000000
-24.000000
-13.000000
-1.000000
16.000000
41.000000
56.000000
64.000000
55.000000
45.000000
30.000000
7.000000
-15.000000
-31.000000
-55.000000
-64.000000
-58.000000
-44.000000
-24.000000
-15.000000
-9.000000
-6.000000
5.000000
2.000000
1.000000
-9.000000
-27.000000
-27.000000
-31.000000
-25.000000
-16.000000
-8.000000
-12.000000
-15.000000
-12.000000
-24.000000
-29.000000
-50.000000
-65.000000
-76.000000
-82.000000
-70.000000
-54.000000
-39.000000
-23.000000
-11.000000
-4.000000
2.000000
10.000000
12.000000
6.000000
6.000000
0.000000
-7.000000
-8.000000
-6.000000
-7.000000
-12.000000
-25.000000
-47.000000
-64.000000
-67.000000
-81.000000
-87.000000
-68.000000
-58.000000
-37.000000
-22.000000
-8.000000
7.000000
18.000000
21.000000
14.000000
18.000000
18.000000
10.000000
6.000000
8.000000
11.000000
19.000000
16.000000
13.000000
3.000000
1.000000
-1.000000
-4.000000
3.000000
11.000000
19.000000
26.000000
38.000000
58.000000
70.000000
78.000000
82.000000
79.000000
76.000000
71.000000
62.000000
44.000000
34.000000
17.000000
7.000000
-4.000000
-8.000000
-12.000000
-21.000000
-24.000000
-26.000000
-17.000000
-20.000000
-11.000000
1.000000
15.000000
37.000000
56.000000
75.000000
82.000000
87.000000
86.000000
75.000000
60.000000
45.000000
35.000000
17.000000
-1.000000
-19.000000
-28.000000
-23.000000
-24.000000
-23.000000
-27.000000
-36.000000
-36.000000
-36.000000
-30.000000
-19.000000
-2.000000
6.000000
9.000000
27.000000
37.000000
41.000000
44.000000
37.000000
20.000000
2.000000
-16.000000
-36.000000
-53.000000
-69.000000
-79.000000
-75.000000
-73.000000
-63.000000
-49.000000
-39.000000
-30.000000
-17.000000
4.000000
9.000000
15.000000
13.000000
10.000000
13.000000
18.000000
12.000000
2.000000
-11.000000
-27.000000
-43.000000
-55.000000
-63.000000
-63.000000
-63.000000
-60.000000
-52.000000
-41.000000
-26.000000
-14.000000
-2.000000
0.000000
-4.000000
1.000000
0.000000
7.000000
11.000000
20.000000
21.000000
24.000000
28.000000
14.000000
5.000000
-13.000000
-35.000000
-52.000000
-70.000000
-68.000000
-53.000000
-36.000000
-12.000000
7.000000
36.000000
56.000000
76.000000
83.000000
84.000000
77.000000
71.000000
68.000000
60.000000
59.000000
56.000000
55.000000
43.000000
29.000000
6.000000
-14.000000
-41.000000
-60.000000
-73.000000
-78.000000
-68.000000
-47.000000
-24.000000
14.000000
51.000000
78.000000
101.000000
108.000000
104.000000
89.000000
66.000000
45.000000
22.000000
-2.000000
-12.000000
-18.000000
-20.000000
-14.000000
-6.000000
-3.000000
-10.000000
-18.000000
-27.000000
-33.000000
-40.000000
-40.000000
-32.000000
-20.000000
-5.000000
11.000000
30.000000
49.000000
60.000000
56.000000
47.000000
34.000000
13.000000
0.000000
-17.000000
-23.000000
-30.000000
-42.000000
-51.000000
-42.000000
-32.000000
-28.000000
-21.000000
-20.000000
-20.000000
-22.000000
-21.000000
-17.000000
-3.000000
3.000000
5.000000
11.000000
11.000000
2.000000
-15.000000
-29.000000
-42.000000
-56.000000
-65.000000
-71.000000
-69.000000
-60.000000
-48.000000
-28.000000
-15.000000
-5.000000
-2.000000
-3.000000
0.000000
-2.000000
4.000000
10.000000
20.000000
32.000000
41.000000
47.000000
50.000000
45.000000
24.000000
1.000000
-26.000000
-57.000000
-78.000000
-76.000000
-69.000000
-59.000000
-37.000000
-8.000000
28.000000
57.000000
69.000000
74.000000
81.000000
71.000000
58.000000
48.000000
37.000000
38.000000
32.000000
31.000000
30.000000
32.000000
22.000000
7.000000
-2.000000
-19.000000
-25.000000
-34.000000
-32.000000
-18.000000
-2.000000
15.000000
40.000000
62.000000
79.000000
81.000000
73.000000
66.000000
55.000000
46.000000
24.000000
11.000000
7.000000
4.000000
3.000000
4.000000
6.000000
4.000000
-2.000000
-20.000000
-36.000000
-42.000000
-58.000000
-62.000000
-56.000000
-50.000000
-36.000000
-19.000000
1.000000
23.000000
40.000000
32.000000
31.000000
31.000000
19.000000
4.000000
-1.000000
-6.000000
-1.000000
2.000000
-6.000000
1.000000
-8.000000
-7.000000
-19.000000
-35.000000
-48.000000
-60.000000
-64.000000
-69.000000
-56.000000
-41.000000
-20.000000
-7.000000
7.000000
4.000000
-1.000000
-10.000000
-21.000000
-27.000000
-45.000000
-39.000000
-40.000000
-28.000000
-9.000000
4.000000
16.000000
13.000000
11.000000
-6.000000
-23.000000
-40.000000
-49.000000
-55.000000
-51.000000
-31.000000
-9.000000
10.000000
22.000000
29.000000
28.000000
23.000000
9.000000
-7.000000
-29.000000
-30.000000
-24.000000
-13.000000
11.000000
35.000000
53.000000
68.000000
71.000000
58.000000
49.000000
24.000000
-6.000000
-27.000000
-38.000000
-34.000000
-28.000000
-10.000000
9.000000
25.000000
30.000000
27.000000
26.000000
23.000000
5.000000
-15.000000
-15.000000
-14.000000
3.000000
22.000000
53.000000
70.000000
74.000000
80.000000
70.000000
66.000000
40.000000
14.000000
-9.000000
-24.000000
-31.000000
-23.000000
-18.000000
0.000000
15.000000
5.000000
9.000000
3.000000
-10.000000
-38.000000
-42.000000
-48.000000
-41.000000
-39.000000
-21.000000
13.000000
28.000000
53.000000
49.000000
61.000000
44.000000
35.000000
22.000000
16.000000
30.000000
34.000000
58.000000
57.000000
62.000000
29.000000
4.000000
-38.000000
-70.000000
-132.000000
-201.000000
-195.000000
-181.000000
-124.000000
-96.000000
-4.000000
70.000000
126.000000
137.000000
126.000000
136.000000
78.000000
33.000000
-56.000000
-50.000000
-67.000000
-57.000000
-40.000000
-4.000000
68.000000
65.000000
69.000000
19.000000
19.000000
-57.000000
-106.000000
-151.000000
-153.000000
-121.000000
-117.000000
-42.000000
7.000000
93.000000
97.000000
120.000000
102.000000
66.000000
11.000000
-54.000000
-69.000000
-89.000000
-59.000000
-53.000000
21.000000
80.000000
137.000000
139.000000
131.000000
101.000000
16.000000
-73.000000
-169.000000
-198.000000
-234.000000
-210.000000
-178.000000
-63.000000
33.000000
116.000000
184.000000
220.000000
247.000000
188.000000
126.000000
35.000000
-7.000000
-79.000000
-110.000000
-120.000000
-102.000000
-74.000000
-62.000000
-23.000000
-15.000000
4.000000
-29.000000
-31.000000
-46.000000
-50.000000
-58.000000
-35.000000
24.000000
48.000000
91.000000
108.000000
160.000000
144.000000
118.000000
72.000000
42.000000
-2.000000
-84.000000
-115.000000
-131.000000
-98.000000
-95.000000
-58.000000
0.000000
76.000000
112.000000
116.000000
138.000000
130.000000
101.000000
34.000000
-1.000000
-46.000000
-79.000000
-111.000000
-110.000000
-81.000000
-67.000000
-33.000000
-15.000000
30.000000
38.000000
49.000000
48.000000
49.000000
37.000000
7.000000
18.000000
11.000000
31.000000
10.000000
29.000000
35.000000
44.000000
39.000000
20.000000
27.000000
4.000000
-9.000000
-40.000000
-34.000000
-33.000000
-25.000000
-19.000000
-5.000000
19.000000
19.000000
19.000000
5.000000
-11.000000
-46.000000
-79.000000
-106.000000
-110.000000
-102.000000
-87.000000
-58.000000
-10.000000
47.000000
72.000000
103.000000
107.000000
100.000000
74.000000
45.000000
14.000000
-14.000000
-36.000000
-47.000000
-34.000000
-22.000000
-11.000000
-21.000000
-2.000000
-14.000000
-27.000000
-55.000000
-63.000000
-65.000000
-75.000000
-68.000000
-65.000000
-36.000000
-30.000000
-4.000000
-9.000000
-7.000000
-21.000000
-28.000000
-31.000000
-35.000000
-17.000000
-9.000000
32.000000
42.000000
74.000000
80.000000
94.000000
79.000000
44.000000
12.000000
-31.000000
-49.000000
-89.000000
-88.000000
-97.000000
-69.000000
-53.000000
-30.000000
-3.000000
10.000000
22.000000
3.000000
13.000000
-7.000000
2.000000
3.000000
20.000000
42.000000
67.000000
95.000000
108.000000
126.000000
108.000000
92.000000
37.000000
0.000000
-43.000000
-76.000000
-95.000000
-96.000000
-76.000000
-63.000000
-7.000000
23.000000
62.000000
70.000000
75.000000
57.000000
36.000000
19.000000
-13.000000
-14.000000
-19.000000
4.000000
16.000000
54.000000
78.000000
83.000000
82.000000
67.000000
43.000000
-3.000000
-36.000000
-67.000000
-72.000000
-83.000000
-62.000000
-29.000000
12.000000
42.000000
58.000000
66.000000
57.000000
48.000000
2.000000
-31.000000
-59.000000
-73.000000
-75.000000
-55.000000
-20.000000
16.000000
47.000000
60.000000
97.000000
100.000000
82.000000
49.000000
22.000000
-3.000000
-35.000000
-57.000000
-71.000000
-54.000000
-59.000000
-56.000000
-42.000000
-28.000000
-15.000000
-21.000000
-33.000000
-37.000000
-36.000000
-50.000000
-42.000000
-24.000000
0.000000
-5.000000
11.000000
41.000000
58.000000
64.000000
41.000000
48.000000
23.000000
7.000000
-21.000000
-23.000000
-28.000000
-44.000000
-50.000000
-63.000000
-31.000000
-31.000000
-31.000000
-45.000000
-34.000000
-33.000000
-44.000000
-26.000000
-26.000000
-13.000000
-24.000000
-14.000000
3.000000
22.000000
30.000000
33.000000
47.000000
58.000000
68.000000
52.000000
67.000000
60.000000
49.000000
14.000000
-9.000000
-25.000000
-51.000000
-62.000000
-80.000000
-70.000000
-70.000000
-52.000000
-42.000000
-14.000000
10.000000
28.000000
38.000000
47.000000
62.000000
47.000000
45.000000
29.000000
38.000000
33.000000
19.000000
15.000000
4.000000
8.000000
2.000000
16.000000
9.000000
5.000000
2.000000
-8.000000
-1.000000
-9.000000
-15.000000
-13.000000
-5.000000
-15.000000
-11.000000
-5.000000
7.000000
10.000000
-4.000000
-4.000000
1.000000
3.000000
-2.000000
16.000000
32.000000
39.000000
41.000000
41.000000
55.000000
56.000000
33.000000
14.000000
3.000000
-14.000000
-29.000000
-43.000000
-36.000000
-38.000000
-32.000000
-24.000000
-10.000000
15.000000
18.000000
24.000000
24.000000
30.000000
24.000000
9.000000
-1.000000
-14.000000
-25.000000
-31.000000
-39.000000
-28.000000
-12.000000
-4.000000
9.000000
23.000000
45.000000
43.000000
39.000000
24.000000
15.000000
-2.000000
-24.000000
-30.000000
-28.000000
-17.000000
-21.000000
-6.000000
-10.000000
-1.000000
1.000000
-14.000000
-26.000000
-46.000000
-49.000000
-57.000000
-46.000000
-38.000000
-16.000000
10.000000
25.000000
39.000000
48.000000
58.000000
55.000000
41.000000
16.000000
6.000000
-3.000000
-17.000000
-29.000000
-30.000000
-22.000000
-25.000000
-23.000000
-16.000000
-3.000000
2.000000
-8.000000
-13.000000
-12.000000
-10.000000
-24.000000
-29.000000
-24.000000
-11.000000
2.000000
13.000000
27.000000
52.000000
58.000000
42.000000
35.000000
27.000000
1.000000
-36.000000
-59.000000
-59.000000
-52.000000
-57.000000
-35.000000
0.000000
30.000000
37.000000
44.000000
60.000000
49.000000
29.000000
-5.000000
-23.000000
-26.000000
-29.000000
-33.000000
-20.000000
5.000000
20.000000
25.000000
27.000000
37.000000
23.000000
16.000000
-22.000000
-35.000000
-42.000000
-44.000000
-28.000000
-23.000000
0.000000
3.000000
32.000000
42.000000
52.000000
43.000000
26.000000
15.000000
-1.000000
-7.000000
-15.000000
-7.000000
-10.000000
4.000000
14.000000
35.000000
31.000000
24.000000
10.000000
-15.000000
-24.000000
-47.000000
-53.000000
-57.000000
-39.000000
-24.000000
-3.000000
36.000000
67.000000
84.000000
73.000000
54.000000
34.000000
12.000000
-25.000000
-39.000000
-53.000000
-58.000000
-39.000000
-24.000000
14.000000
41.000000
55.000000
42.000000
28.000000
16.000000
-15.000000
-40.000000
-60.000000
-58.000000
-58.000000
-42.000000
-15.000000
28.000000
51.000000
57.000000
54.000000
44.000000
42.000000
8.000000
-17.000000
-37.000000
-37.000000
-35.000000
-22.000000
6.000000
24.000000
36.000000
37.000000
40.000000
30.000000
15.000000
-17.000000
-44.000000
-66.000000
-76.000000
-69.000000
-67.000000
-40.000000
-19.000000
14.000000
37.000000
59.000000
78.000000
80.000000
70.000000
33.000000
12.000000
-17.000000
-27.000000
-49.000000
-56.000000
-54.000000
-39.000000
-16.000000
3.000000
35.000000
29.000000
30.000000
4.000000
2.000000
-7.000000
-29.000000
-45.000000
-51.000000
-35.000000
-28.000000
1.000000
11.000000
31.000000
32.000000
28.000000
21.000000
11.000000
5.000000
-10.000000
-15.000000
-28.000000
-15.000000
-6.000000
20.000000
32.000000
33.000000
31.000000
28.000000
31.000000
13.000000
5.000000
-26.000000
-39.000000
-47.000000
-42.000000
-37.000000
-20.000000
-3.000000
6.000000
16.000000
19.000000
32.000000
15.000000
5.000000
-9.000000
-25.000000
-34.000000
-42.000000
-29.000000
-17.000000
-1.000000
15.000000
30.000000
44.000000
59.000000
51.000000
41.000000
35.000000
22.000000
5.000000
-11.000000
-13.000000
-25.000000
-20.000000
-23.000000
-10.000000
-8.000000
-13.000000
-12.000000
-16.000000
-10.000000
-24.000000
-17.000000
-20.000000
-9.000000
6.000000
12.000000
35.000000
52.000000
63.000000
52.000000
42.000000
20.000000
11.000000
-17.000000
-38.000000
-48.000000
-53.000000
-41.000000
-37.000000
-11.000000
-4.000000
9.000000
12.000000
3.000000
-1.000000
-1.000000
-3.000000
-8.000000
-8.000000
-3.000000
11.000000
18.000000
31.000000
21.000000
26.000000
21.000000
15.000000
7.000000
-1.000000
5.000000
-15.000000
-20.000000
-31.000000
-23.000000
-25.000000
-35.000000
-35.000000
-36.000000
-20.000000
-19.000000
-15.000000
-11.000000
-2.000000
1.000000
-1.000000
6.000000
15.000000
28.000000
37.000000
44.000000
44.000000
48.000000
34.000000
20.000000
5.000000
-11.000000
-31.000000
-40.000000
-36.000000
-30.000000
-21.000000
-11.000000
2.000000
2.000000
-8.000000
-23.000000
-23.000000
-31.000000
-32.000000
-38.000000
-30.000000
-2.000000
5.000000
18.000000
23.000000
31.000000
21.000000
8.000000
-1.000000
-7.000000
-3.000000
-2.000000
8.000000
28.000000
42.000000
42.000000
37.000000
35.000000
34.000000
10.000000
-21.000000
-41.000000
-51.000000
-56.000000
-55.000000
-47.000000
-39.000000
-18.000000
2.000000
16.000000
31.000000
39.000000
44.000000
38.000000
28.000000
12.000000
-2.000000
-9.000000
-12.000000
-3.000000
5.000000
15.000000
33.000000
45.000000
49.000000
43.000000
34.000000
18.000000
-6.000000
-27.000000
-36.000000
-37.000000
-47.000000
-34.000000
-17.000000
0.000000
3.000000
-1.000000
7.000000
9.000000
9.000000
-2.000000
2.000000
18.000000
26.000000
26.000000
27.000000
31.000000
36.000000
17.000000
-2.000000
-4.000000
-16.000000
-21.000000
-24.000000
-9.000000
0.000000
-2.000000
-5.000000
-12.000000
-10.000000
-27.000000
-27.000000
-26.000000
-18.000000
-4.000000
9.000000
26.000000
40.000000
49.000000
38.000000
28.000000
6.000000
-19.000000
-37.000000
-43.000000
-42.000000
-35.000000
-31.000000
-18.000000
8.000000
22.000000
28.000000
21.000000
19.000000
13.000000
-6.000000
-24.000000
