-5.000000
-11.000000
-10.000000
-13.000000
-18.000000
-22.000000
-22.000000
-16.000000
-12.000000
-5.000000
-5.000000
1.000000
1.000000
7.000000
7.000000
9.000000
5.000000
9.000000
3.000000
-1.000000
8.000000
0.000000
0.000000
-6.000000
-4.000000
0.000000
-6.000000
-1.000000
4.000000
-5.000000
2.000000
3.000000
5.000000
3.000000
5.000000
4.000000
2.000000
0.000000
-1.000000
-2.000000
-5.000000
-1.000000
-7.000000
-4.000000
-4.000000
-1.000000
-4.000000
-5.000000
-3.000000
-9.000000
-4.000000
-1.000000
3.000000
3.000000
12.000000
8.000000
5.000000
12.000000
13.000000
14.000000
13.000000
17.000000
9.000000
12.000000
11.000000
8.000000
13.000000
18.000000
9.000000
5.000000
10.000000
10.000000
13.000000
11.000000
9.000000
4.000000
5.000000
-4.000000
1.000000
1.000000
-3.000000
3.000000
0.000000
0.000000
-7.000000
-6.000000
-2.000000
-4.000000
-2.000000
-3.000000
-6.000000
-9.000000
-9.000000
0.000000
-4.000000
-11.000000
0.000000
-1.000000
3.000000
-5.000000
-4.000000
0.000000
1.000000
-2.000000
-5.000000
-2.000000
-10.000000
-2.000000
1.000000
-2.000000
-3.000000
-6.000000
0.000000
3.000000
0.000000
4.000000
5.000000
5.000000
4.000000
1.000000
4.000000
2.000000
6.000000
0.000000
-3.000000
0.000000
-6.000000
-9.000000
-4.000000
-2.000000
-11.000000
-8.000000
-4.000000
0.000000
3.000000
-3.000000
-5.000000
1.000000
0.000000
1.000000
4.000000
4.000000
9.000000
7.000000
-2.000000
1.000000
1.000000
1.000000
-1.000000
-2.000000
-7.000000
-6.000000
-3.000000
0.000000
1.000000
-2.000000
0.000000
0.000000
3.000000
5.000000
5.000000
-3.000000
-4.000000
-3.000000
-8.000000
-4.000000
2.000000
-5.000000
-5.000000
-6.000000
-10.000000
-8.000000
-10.000000
-4.000000
-1.000000
-7.000000
-3.000000
-3.000000
-1.000000
2.000000
-3.000000
-2.000000
0.000000
1.000000
1.000000
4.000000
-4.000000
2.000000
5.000000
-2.000000
-1.000000
-6.000000
-11.000000
-9.000000
-4.000000
-8.000000
-9.000000
-9.000000
-5.000000
-4.000000
-6.000000
3.000000
6.000000
7.000000
6.000000
6.000000
5.000000
4.000000
1.000000
4.000000
9.000000
-1.000000
1.000000
6.000000
0.000000
-2.000000
-9.000000
-2.000000
2.000000
2.000000
2.000000
2.000000
10.000000
6.000000
13.000000
12.000000
18.000000
17.000000
8.000000
4.000000
-4.000000
-4.000000
-7.000000
-13.000000
-12.000000
-4.000000
-13.000000
-8.000000
-6.000000
2.000000
6.000000
0.000000
6.000000
4.000000
3.000000
-1.000000
-9.000000
3.000000
3.000000
-6.000000
0.000000
4.000000
7.000000
3.000000
-2.000000
-1.000000
2.000000
2.000000
1.000000
0.000000
1.000000
4.000000
6.000000
6.000000
10.000000
9.000000
8.000000
9.000000
5.000000
4.000000
-1.000000
3.000000
-1.000000
0.000000
-3.000000
-6.000000
-5.000000
-4.000000
1.000000
-7.000000
5.000000
5.000000
4.000000
7.000000
4.000000
15.000000
10.000000
3.000000
6.000000
2.000000
1.000000
-2.000000
0.000000
2.000000
-5.000000
-3.000000
-1.000000
-7.000000
-6.000000
-6.000000
-6.000000
-3.000000
-4.000000
-7.000000
-1.000000
1.000000
4.000000
3.000000
4.000000
8.000000
-2.000000
-1.000000
-4.000000
-4.000000
2.000000
-7.000000
-8.000000
2.000000
-5.000000
-10.000000
-6.000000
-13.000000
-12.000000
-9.000000
-7.000000
-6.000000
-8.000000
-4.000000
5.000000
3.000000
6.000000
4.000000
5.000000
0.000000
-2.000000
5.000000
-7.000000
-2.000000
-7.000000
-10.000000
-3.000000
-9.000000
-4.000000
1.000000
3.000000
4.000000
2.000000
7.000000
6.000000
3.000000
12.000000
4.000000
7.000000
8.000000
4.000000
6.000000
10.000000
9.000000
3.000000
7.000000
2.000000
-1.000000
3.000000
-2.000000
5.000000
3.000000
-2.000000
5.000000
4.000000
5.000000
5.000000
-4.000000
-3.000000
-3.000000
-7.000000
-2.000000
2.000000
0.000000
-6.000000
-1.000000
-7.000000
-3.000000
4.000000
-1.000000
-4.000000
2.000000
3.000000
-4.000000
0.000000
-3.000000
1.000000
3.000000
2.000000
6.000000
4.000000
7.000000
7.000000
2.000000
4.000000
-1.000000
-5.000000
-5.000000
-6.000000
-4.000000
-7.000000
-9.000000
-6.000000
1.000000
9.000000
5.000000
3.000000
9.000000
-1.000000
-3.000000
-1.000000
1.000000
-4.000000
-6.000000
-1.000000
-3.000000
-4.000000
-3.000000
-2.000000
-1.000000
-8.000000
-8.000000
-5.000000
-10.000000
-4.000000
1.000000
0.000000
6.000000
6.000000
7.000000
11.000000
13.000000
7.000000
3.000000
0.000000
0.000000
6.000000
-4.000000
-12.000000
-9.000000
-5.000000
-7.000000
-5.000000
-4.000000
-5.000000
2.000000
5.000000
6.000000
9.000000
7.000000
7.000000
1.000000
2.000000
8.000000
4.000000
6.000000
3.000000
2.000000
6.000000
4.000000
10.000000
10.000000
3.000000
5.000000
7.000000
2.000000
-5.000000
1.000000
-2.000000
-3.000000
0.000000
-8.000000
-6.000000
-8.000000
-5.000000
-6.000000
-6.000000
-2.000000
-8.000000
-7.000000
1.000000
-4.000000
-6.000000
3.000000
-4.000000
5.000000
-2.000000
-4.000000
-6.000000
-8.000000
0.000000
-3.000000
-4.000000
-1.000000
5.000000
3.000000
8.000000
8.000000
6.000000
8.000000
2.000000
3.000000
3.000000
1.000000
0.000000
2.000000
4.000000
3.000000
-3.000000
-6.000000
4.000000
5.000000
6.000000
8.000000
5.000000
1.000000
-3.000000
-5.000000
-4.000000
-1.000000
-3.000000
3.000000
5.000000
5.000000
8.000000
12.000000
6.000000
9.000000
6.000000
-4.000000
-4.000000
-1.000000
3.000000
3.000000
10.000000
6.000000
6.000000
7.000000
-2.000000
-2.000000
-2.000000
-2.000000
-6.000000
-8.000000
-5.000000
-6.000000
-1.000000
4.000000
7.000000
8.000000
3.000000
1.000000
2.000000
0.000000
1.000000
3.000000
2.000000
-5.000000
-5.000000
-3.000000
-8.000000
-1.000000
1.000000
-3.000000
-2.000000
1.000000
4.000000
2.000000
5.000000
5.000000
-2.000000
-1.000000
5.000000
-1.000000
3.000000
-1.000000
-9.000000
-6.000000
-5.000000
-9.000000
-14.000000
-4.000000
-5.000000
2.000000
2.000000
-1.000000
-3.000000
-6.000000
-2.000000
-12.000000
0.000000
2.000000
0.000000
4.000000
6.000000
3.000000
3.000000
2.000000
0.000000
1.000000
2.000000
1.000000
-4.000000
-6.000000
-3.000000
-5.000000
-7.000000
-8.000000
-6.000000
-2.000000
-5.000000
3.000000
-5.000000
-5.000000
0.000000
-4.000000
1.000000
-2.000000
-5.000000
-11.000000
-8.000000
-5.000000
-1.000000
-4.000000
4.000000
2.000000
-2.000000
5.000000
0.000000
1.000000
5.000000
4.000000
1.000000
8.000000
8.000000
3.000000
8.000000
7.000000
3.000000
1.000000
1.000000
-7.000000
-2.000000
-5.000000
-2.000000
0.000000
-4.000000
1.000000
-6.000000
-3.000000
2.000000
9.000000
6.000000
7.000000
7.000000
8.000000
15.000000
4.000000
9.000000
10.000000
2.000000
8.000000
4.000000
14.000000
6.000000
7.000000
2.000000
3.000000
4.000000
6.000000
6.000000
3.000000
7.000000
0.000000
-1.000000
0.000000
4.000000
10.000000
3.000000
5.000000
0.000000
-9.000000
-1.000000
-8.000000
-9.000000
-7.000000
-6.000000
-4.000000
-6.000000
-8.000000
-10.000000
-5.000000
-1.000000
-2.000000
-1.000000
0.000000
-3.000000
-3.000000
-2.000000
-4.000000
-4.000000
-9.000000
-5.000000
-4.000000
-8.000000
-16.000000
-8.000000
-12.000000
-21.000000
-6.000000
-1.000000
-4.000000
-6.000000
-3.000000
-3.000000
-12.000000
-10.000000
-4.000000
-7.000000
4.000000
10.000000
6.000000
10.000000
10.000000
-1.000000
3.000000
1.000000
-4.000000
-8.000000
-9.000000
-10.000000
-4.000000
0.000000
-11.000000
-1.000000
0.000000
1.000000
11.000000
5.000000
2.000000
2.000000
7.000000
4.000000
6.000000
5.000000
-5.000000
-7.000000
-5.000000
0.000000
-7.000000
-9.000000
-5.000000
-1.000000
-1.000000
-1.000000
8.000000
8.000000
9.000000
12.000000
22.000000
15.000000
11.000000
14.000000
8.000000
8.000000
9.000000
7.000000
4.000000
0.000000
-4.000000
-3.000000
-9.000000
-7.000000
-11.000000
-16.000000
-5.000000
-5.000000
-8.000000
-3.000000
6.000000
-1.000000
2.000000
3.000000
-7.000000
1.000000
-2.000000
-6.000000
-8.000000
-17.000000
-16.000000
-10.000000
-12.000000
-12.000000
-8.000000
-5.000000
-13.000000
-7.000000
0.000000
-8.000000
-4.000000
-3.000000
-2.000000
1.000000
9.000000
7.000000
3.000000
7.000000
8.000000
4.000000
4.000000
7.000000
8.000000
13.000000
-3.000000
-5.000000
3.000000
-2.000000
2.000000
5.000000
5.000000
7.000000
0.000000
-3.000000
5.000000
6.000000
8.000000
6.000000
8.000000
0.000000
3.000000
2.000000
0.000000
11.000000
4.000000
3.000000
-4.000000
-4.000000
0.000000
-1.000000
-3.000000
-1.000000
5.000000
5.000000
1.000000
-3.000000
2.000000
3.000000
-1.000000
1.000000
-1.000000
0.000000
-7.000000
-8.000000
-8.000000
-7.000000
-3.000000
-1.000000
-9.000000
-11.000000
-4.000000
-5.000000
9.000000
8.000000
4.000000
2.000000
-3.000000
2.000000
3.000000
10.000000
5.000000
1.000000
2.000000
-1.000000
-3.000000
-1.000000
3.000000
-5.000000
-2.000000
-4.000000
-1.000000
5.000000
-1.000000
4.000000
9.000000
4.000000
4.000000
12.000000
14.000000
9.000000
1.000000
4.000000
1.000000
-3.000000
1.000000
1.000000
0.000000
2.000000
-2.000000
2.000000
12.000000
11.000000
6.000000
6.000000
5.000000
3.000000
-4.000000
-1.000000
-2.000000
-6.000000
-3.000000
-1.000000
0.000000
1.000000
2.000000
0.000000
-1.000000
-7.000000
-8.000000
-7.000000
-5.000000
-6.000000
-7.000000
-10.000000
-9.000000
-5.000000
-6.000000
-7.000000
-4.000000
-2.000000
-6.000000
-6.000000
0.000000
2.000000
-2.000000
-4.000000
-1.000000
0.000000
-1.000000
-2.000000
-2.000000
-5.000000
-5.000000
-2.000000
-10.000000
-5.000000
-5.000000
-6.000000
0.000000
-2.000000
-5.000000
-3.000000
0.000000
-1.000000
0.000000
0.000000
-1.000000
-4.000000
-2.000000
3.000000
7.000000
4.000000
0.000000
0.000000
-1.000000
-1.000000
-2.000000
-2.000000
-3.000000
2.000000
6.000000
5.000000
12.000000
7.000000
2.000000
5.000000
2.000000
-1.000000
1.000000
1.000000
1.000000
-1.000000
0.000000
-1.000000
-1.000000
-4.000000
-8.000000
-1.000000
5.000000
3.000000
1.000000
-2.000000
6.000000
3.000000
-1.000000
8.000000
4.000000
6.000000
7.000000
7.000000
6.000000
13.000000
7.000000
-1.000000
7.000000
9.000000
6.000000
5.000000
3.000000
5.000000
5.000000
2.000000
1.000000
-2.000000
1.000000
4.000000
-4.000000
1.000000
3.000000
10.000000
7.000000
5.000000
8.000000
-2.000000
3.000000
1.000000
3.000000
-1.000000
-4.000000
0.000000
10.000000
12.000000
9.000000
8.000000
2.000000
3.000000
-4.000000
-4.000000
3.000000
-1.000000
0.000000
4.000000
6.000000
7.000000
3.000000
9.000000
6.000000
-2.000000
-5.000000
-7.000000
-2.000000
0.000000
-10.000000
-5.000000
-10.000000
-13.000000
-4.000000
-10.000000
-4.000000
0.000000
0.000000
0.000000
2.000000
0.000000
-6.000000
-1.000000
-2.000000
3.000000
0.000000
-3.000000
-1.000000
0.000000
-3.000000
-4.000000
2.000000
5.000000
5.000000
-3.000000
0.000000
4.000000
-2.000000
-6.000000
-8.000000
-7.000000
-7.000000
-9.000000
-2.000000
1.000000
0.000000
-1.000000
-3.000000
-2.000000
-2.000000
-2.000000
-9.000000
-15.000000
-12.000000
-6.000000
-6.000000
-1.000000
1.000000
-6.000000
0.000000
5.000000
2.000000
-3.000000
-1.000000
2.000000
2.000000
-2.000000
1.000000
1.000000
4.000000
8.000000
3.000000
1.000000
-7.000000
-8.000000
0.000000
-5.000000
-2.000000
1.000000
-10.000000
-7.000000
2.000000
1.000000
10.000000
3.000000
-8.000000
-2.000000
-1.000000
-6.000000
-5.000000
-5.000000
-3.000000
-2.000000
3.000000
5.000000
5.000000
4.000000
4.000000
10.000000
9.000000
5.000000
7.000000
6.000000
-2.000000
11.000000
7.000000
5.000000
4.000000
-6.000000
3.000000
6.000000
3.000000
1.000000
4.000000
2.000000
4.000000
2.000000
3.000000
2.000000
3.000000
3.000000
1.000000
-1.000000
-4.000000
-1.000000
-1.000000
-1.000000
7.000000
7.000000
9.000000
10.000000
10.000000
0.000000
1.000000
3.000000
5.000000
-1.000000
-2.000000
-4.000000
-7.000000
-2.000000
-7.000000
0.000000
-5.000000
-6.000000
-5.000000
-8.000000
-5.000000
-7.000000
-6.000000
-4.000000
1.000000
5.000000
3.000000
5.000000
-1.000000
-4.000000
0.000000
-3.000000
-8.000000
-3.000000
0.000000
-2.000000
2.000000
-2.000000
0.000000
1.000000
-7.000000
-9.000000
-9.000000
-12.000000
-12.000000
-18.000000
-19.000000
0.000000
1.000000
-1.000000
-7.000000
-6.000000
0.000000
-2.000000
5.000000
-5.000000
-6.000000
-6.000000
-9.000000
-1.000000
0.000000
1.000000
4.000000
3.000000
4.000000
4.000000
-2.000000
5.000000
7.000000
3.000000
-1.000000
0.000000
5.000000
7.000000
9.000000
3.000000
3.000000
5.000000
7.000000
10.000000
6.000000
3.000000
5.000000
-3.000000
6.000000
-1.000000
-9.000000
0.000000
-6.000000
0.000000
-2.000000
-8.000000
0.000000
-2.000000
-5.000000
3.000000
-3.000000
-13.000000
-7.000000
-2.000000
-4.000000
-6.000000
-4.000000
-10.000000
-7.000000
-6.000000
-6.000000
0.000000
-4.000000
2.000000
4.000000
4.000000
3.000000
-5.000000
-1.000000
-1.000000
4.000000
2.000000
4.000000
4.000000
-1.000000
3.000000
4.000000
-2.000000
1.000000
-1.000000
-10.000000
-4.000000
1.000000
-2.000000
-3.000000
-3.000000
1.000000
-2.000000
5.000000
-1.000000
0.000000
1.000000
-7.000000
-11.000000
-2.000000
2.000000
-4.000000
4.000000
7.000000
4.000000
5.000000
1.000000
3.000000
5.000000
-5.000000
3.000000
3.000000
2.000000
2.000000
2.000000
5.000000
8.000000
8.000000
4.000000
6.000000
-3.000000
1.000000
3.000000
3.000000
3.000000
-1.000000
-10.000000
-8.000000
-7.000000
-7.000000
-1.000000
-6.000000
-4.000000
-5.000000
-11.000000
-8.000000
-2.000000
-2.000000
3.000000
-5.000000
-4.000000
-2.000000
-2.000000
-5.000000
-4.000000
-2.000000
-5.000000
5.000000
-1.000000
0.000000
4.000000
-5.000000
1.000000
-6.000000
-9.000000
1.000000
-1.000000
2.000000
-6.000000
0.000000
2.000000
-6.000000
-11.000000
-12.000000
-7.000000
-3.000000
-7.000000
-5.000000
2.000000
4.000000
1.000000
5.000000
11.000000
8.000000
8.000000
4.000000
-1.000000
-1.000000
2.000000
-6.000000
-5.000000
3.000000
6.000000
6.000000
6.000000
8.000000
5.000000
1.000000
4.000000
6.000000
2.000000
3.000000
3.000000
5.000000
11.000000
15.000000
10.000000
10.000000
6.000000
-1.000000
-2.000000
-1.000000
1.000000
-5.000000
0.000000
1.000000
3.000000
1.000000
-8.000000
-2.000000
-2.000000
-3.000000
-7.000000
-12.000000
-5.000000
-5.000000
0.000000
-5.000000
-5.000000
0.000000
-6.000000
-1.000000
-1.000000
3.000000
1.000000
-4.000000
-4.000000
4.000000
-2.000000
-2.000000
1.000000
-2.000000
3.000000
3.000000
3.000000
-1.000000
-3.000000
-13.000000
-8.000000
-4.000000
-4.000000
-1.000000
-3.000000
0.000000
0.000000
2.000000
3.000000
3.000000
0.000000
4.000000
10.000000
8.000000
6.000000
-4.000000
-1.000000
2.000000
2.000000
0.000000
-2.000000
-4.000000
-12.000000
-6.000000
-1.000000
4.000000
2.000000
2.000000
7.000000
6.000000
-2.000000
-2.000000
-2.000000
2.000000
1.000000
3.000000
4.000000
-4.000000
-6.000000
-4.000000
-4.000000
-5.000000
0.000000
-6.000000
-4.000000
-9.000000
-10.000000
-3.000000
4.000000
0.000000
-2.000000
-2.000000
-6.000000
2.000000
3.000000
6.000000
7.000000
-1.000000
-5.000000
-5.000000
-8.000000
-3.000000
-4.000000
-2.000000
-7.000000
-12.000000
-7.000000
-3.000000
0.000000
-9.000000
0.000000
2.000000
6.000000
2.000000
4.000000
-1.000000
-6.000000
1.000000
-4.000000
4.000000
-2.000000
-5.000000
1.000000
3.000000
9.000000
6.000000
0.000000
1.000000
5.000000
8.000000
1.000000
-3.000000
4.000000
10.000000
14.000000
9.000000
9.000000
13.000000
9.000000
10.000000
8.000000
2.000000
9.000000
12.000000
14.000000
9.000000
13.000000
20.000000
17.000000
15.000000
6.000000
-9.000000
-12.000000
-2.000000
14.000000
18.000000
9.000000
-2.000000
-8.000000
1.000000
7.000000
9.000000
2.000000
3.000000
4.000000
11.000000
11.000000
0.000000
-9.000000
-19.000000
-18.000000
-20.000000
-22.000000
-26.000000
-16.000000
-8.000000
0.000000
13.000000
28.000000
23.000000
7.000000
4.000000
2.000000
-7.000000
-18.000000
-25.000000
-14.000000
4.000000
13.000000
19.000000
10.000000
1.000000
-2.000000
2.000000
-4.000000
-2.000000
-5.000000
-5.000000
-1.000000
-3.000000
-6.000000
-5.000000
-3.000000
1.000000
21.000000
12.000000
7.000000
5.000000
-4.000000
1.000000
-1.000000
-3.000000
-9.000000
-15.000000
-34.000000
-34.000000
-26.000000
-15.000000
3.000000
13.000000
5.000000
-5.000000
-9.000000
-15.000000
-21.000000
-18.000000
-14.000000
-11.000000
1.000000
8.000000
18.000000
12.000000
12.000000
23.000000
24.000000
27.000000
26.000000
23.000000
15.000000
2.000000
-12.000000
-18.000000
-13.000000
9.000000
17.000000
12.000000
-7.000000
-24.000000
-20.000000
-7.000000
3.000000
-7.000000
-24.000000
-30.000000
-8.000000
19.000000
16.000000
8.000000
3.000000
0.000000
15.000000
23.000000
15.000000
1.000000
0.000000
5.000000
5.000000
4.000000
0.000000
0.000000
5.000000
5.000000
-1.000000
-9.000000
-5.000000
10.000000
20.000000
13.000000
-5.000000
-3.000000
9.000000
21.000000
22.000000
22.000000
15.000000
6.000000
4.000000
-12.000000
-4.000000
15.000000
27.000000
17.000000
-14.000000
-26.000000
6.000000
46.000000
18.000000
-146.000000
-313.000000
-326.000000
-112.000000
208.000000
356.000000
258.000000
-24.000000
-218.000000
-196.000000
-26.000000
127.000000
128.000000
43.000000
-21.000000
-8.000000
77.000000
125.000000
117.000000
54.000000
-79.000000
-195.000000
-241.000000
-134.000000
56.000000
209.000000
216.000000
69.000000
-90.000000
-163.000000
-94.000000
25.000000
122.000000
165.000000
163.000000
128.000000
60.000000
-15.000000
-43.000000
-6.000000
56.000000
9.000000
-216.000000
-393.000000
-373.000000
-52.000000
273.000000
346.000000
107.000000
-267.000000
-405.000000
-234.000000
82.000000
277.000000
210.000000
53.000000
-58.000000
-48.000000
45.000000
92.000000
89.000000
50.000000
28.000000
21.000000
35.000000
61.000000
97.000000
114.000000
41.000000
-132.000000
-278.000000
-302.000000
-142.000000
97.000000
253.000000
279.000000
193.000000
61.000000
-45.000000
-119.000000
-138.000000
-105.000000
-32.000000
38.000000
94.000000
120.000000
61.000000
28.000000
-7.000000
-49.000000
-135.000000
-236.000000
-227.000000
-145.000000
69.000000
226.000000
209.000000
27.000000
-269.000000
-414.000000
-349.000000
-72.000000
231.000000
308.000000
206.000000
76.000000
57.000000
69.000000
69.000000
3.000000
-84.000000
-66.000000
79.000000
231.000000
259.000000
98.000000
-35.000000
-47.000000
10.000000
12.000000
-91.000000
-132.000000
-75.000000
100.000000
276.000000
239.000000
-24.000000
-262.000000
-254.000000
-31.000000
95.000000
78.000000
-47.000000
-88.000000
-30.000000
29.000000
16.000000
-65.000000
-185.000000
-235.000000
-198.000000
-67.000000
44.000000
109.000000
88.000000
-1.000000
-130.000000
-298.000000
-328.000000
-187.000000
69.000000
74.000000
-90.000000
-97.000000
128.000000
423.000000
438.000000
207.000000
-40.000000
-113.000000
122.000000
378.000000
463.000000
324.000000
-3.000000
-63.000000
43.000000
116.000000
45.000000
-96.000000
-126.000000
-130.000000
-43.000000
90.000000
-47.000000
-209.000000
-216.000000
-88.000000
-59.000000
-133.000000
-170.000000
-197.000000
-117.000000
67.000000
156.000000
75.000000
-108.000000
-260.000000
-262.000000
-125.000000
31.000000
50.000000
-9.000000
-152.000000
-159.000000
-72.000000
58.000000
48.000000
-44.000000
2.000000
107.000000
226.000000
329.000000
267.000000
213.000000
137.000000
215.000000
261.000000
107.000000
16.000000
-55.000000
56.000000
155.000000
122.000000
37.000000
-183.000000
-263.000000
-103.000000
-30.000000
-29.000000
-185.000000
-307.000000
-281.000000
-87.000000
136.000000
-22.000000
-284.000000
-213.000000
-6.000000
110.000000
61.000000
21.000000
16.000000
35.000000
114.000000
162.000000
178.000000
69.000000
-22.000000
-45.000000
76.000000
16.000000
-182.000000
-99.000000
28.000000
-39.000000
-51.000000
-27.000000
31.000000
-85.000000
54.000000
55.000000
-171.000000
-42.000000
264.000000
340.000000
99.000000
-72.000000
133.000000
206.000000
236.000000
78.000000
-171.000000
-99.000000
23.000000
174.000000
241.000000
17.000000
-286.000000
-296.000000
17.000000
84.000000
-204.000000
-303.000000
-244.000000
-40.000000
154.000000
183.000000
-175.000000
-453.000000
-254.000000
116.000000
136.000000
-26.000000
-154.000000
-41.000000
157.000000
324.000000
155.000000
-92.000000
-216.000000
-216.000000
42.000000
273.000000
238.000000
71.000000
-5.000000
55.000000
67.000000
128.000000
111.000000
-33.000000
-77.000000
-14.000000
113.000000
187.000000
205.000000
132.000000
-99.000000
-262.000000
-274.000000
-150.000000
77.000000
131.000000
-22.000000
-187.000000
-161.000000
-63.000000
4.000000
-34.000000
-179.000000
-210.000000
-94.000000
28.000000
116.000000
93.000000
60.000000
15.000000
107.000000
179.000000
14.000000
-109.000000
-43.000000
119.000000
272.000000
267.000000
118.000000
-154.000000
-251.000000
-120.000000
5.000000
28.000000
0.000000
-88.000000
-170.000000
-101.000000
-4.000000
37.000000
49.000000
-32.000000
-132.000000
-138.000000
-57.000000
81.000000
141.000000
209.000000
80.000000
-102.000000
-24.000000
78.000000
20.000000
-57.000000
-75.000000
28.000000
29.000000
45.000000
15.000000
-54.000000
-39.000000
-8.000000
0.000000
-4.000000
-68.000000
-171.000000
-90.000000
112.000000
219.000000
100.000000
-60.000000
-124.000000
-118.000000
-139.000000
41.000000
129.000000
159.000000
63.000000
-114.000000
-150.000000
-17.000000
137.000000
200.000000
41.000000
-143.000000
-259.000000
-136.000000
207.000000
310.000000
111.000000
-176.000000
-229.000000
3.000000
212.000000
204.000000
27.000000
-169.000000
-71.000000
66.000000
45.000000
26.000000
55.000000
34.000000
76.000000
68.000000
44.000000
-62.000000
-47.000000
131.000000
145.000000
-35.000000
-121.000000
-106.000000
-51.000000
-50.000000
-83.000000
-79.000000
-45.000000
6.000000
-93.000000
-214.000000
-176.000000
-57.000000
115.000000
205.000000
-41.000000
-343.000000
-311.000000
33.000000
291.000000
184.000000
-59.000000
-283.000000
-298.000000
11.000000
277.000000
181.000000
-30.000000
-129.000000
-92.000000
-39.000000
113.000000
147.000000
-12.000000
-80.000000
54.000000
97.000000
-68.000000
-194.000000
-10.000000
220.000000
231.000000
-8.000000
-288.000000
-225.000000
31.000000
214.000000
164.000000
-6.000000
-253.000000
-257.000000
60.000000
368.000000
221.000000
-15.000000
-129.000000
-6.000000
151.000000
230.000000
183.000000
-3.000000
21.000000
197.000000
173.000000
14.000000
-42.000000
16.000000
102.000000
181.000000
151.000000
-118.000000
-195.000000
-18.000000
109.000000
-6.000000
-56.000000
-58.000000
-75.000000
-88.000000
-32.000000
164.000000
251.000000
102.000000
-159.000000
-256.000000
77.000000
353.000000
282.000000
228.000000
78.000000
-8.000000
46.000000
201.000000
194.000000
8.000000
-36.000000
84.000000
80.000000
121.000000
38.000000
-115.000000
-132.000000
2.000000
27.000000
-230.000000
-353.000000
-172.000000
-11.000000
8.000000
-54.000000
-250.000000
-412.000000
-345.000000
-133.000000
-76.000000
-210.000000
-377.000000
-343.000000
-234.000000
-170.000000
-187.000000
-263.000000
-320.000000
-284.000000
-157.000000
-62.000000
-79.000000
-131.000000
-225.000000
-197.000000
-98.000000
-31.000000
-64.000000
-180.000000
-194.000000
-49.000000
123.000000
149.000000
6.000000
-52.000000
-12.000000
1.000000
58.000000
171.000000
157.000000
-55.000000
-111.000000
117.000000
237.000000
276.000000
196.000000
27.000000
-77.000000
46.000000
350.000000
407.000000
234.000000
148.000000
189.000000
340.000000
438.000000
388.000000
367.000000
300.000000
326.000000
490.000000
667.000000
491.000000
96.000000
194.000000
668.000000
624.000000
205.000000
66.000000
231.000000
429.000000
482.000000
448.000000
347.000000
195.000000
268.000000
374.000000
399.000000
375.000000
230.000000
202.000000
372.000000
418.000000
229.000000
68.000000
144.000000
236.000000
120.000000
70.000000
-107.000000
-332.000000
-390.000000
-490.000000
-580.000000
-661.000000
-707.000000
-662.000000
-764.000000
-879.000000
-996.000000
-1105.000000
-1051.000000
-1041.000000
-1131.000000
-1186.000000
-1099.000000
-970.000000
-841.000000
-762.000000
-779.000000
-818.000000
-762.000000
-673.000000
-647.000000
-505.000000
-316.000000
-145.000000
-1.000000
85.000000
140.000000
131.000000
106.000000
151.000000
251.000000
388.000000
472.000000
448.000000
413.000000
358.000000
379.000000
373.000000
328.000000
256.000000
151.000000
106.000000
103.000000
99.000000
108.000000
34.000000
-47.000000
-98.000000
-217.000000
-190.000000
-131.000000
-64.000000
-64.000000
-27.000000
129.000000
203.000000
247.000000
268.000000
272.000000
376.000000
505.000000
601.000000
637.000000
750.000000
803.000000
824.000000
874.000000
905.000000
806.000000
770.000000
848.000000
848.000000
715.000000
637.000000
665.000000
626.000000
570.000000
481.000000
338.000000
194.000000
213.000000
160.000000
114.000000
102.000000
74.000000
-4.000000
86.000000
219.000000
121.000000
-138.000000
-190.000000
-79.000000
28.000000
113.000000
45.000000
95.000000
16.000000
-45.000000
41.000000
165.000000
250.000000
66.000000
-84.000000
55.000000
150.000000
225.000000
151.000000
13.000000
-119.000000
-189.000000
-155.000000
-245.000000
-477.000000
-634.000000
-660.000000
-471.000000
-300.000000
-505.000000
-828.000000
-1079.000000
-1089.000000
-876.000000
-793.000000
-900.000000
-1096.000000
-1194.000000
-1054.000000
-903.000000
-737.000000
-715.000000
-837.000000
-977.000000
-897.000000
-741.000000
-580.000000
-386.000000
-275.000000
-220.000000
-216.000000
-137.000000
-108.000000
-86.000000
42.000000
120.000000
195.000000
255.000000
245.000000
272.000000
258.000000
273.000000
287.000000
195.000000
119.000000
40.000000
50.000000
79.000000
44.000000
7.000000
-23.000000
-92.000000
-179.000000
-211.000000
-196.000000
-201.000000
-154.000000
-34.000000
12.000000
105.000000
101.000000
85.000000
135.000000
300.000000
442.000000
403.000000
422.000000
584.000000
745.000000
865.000000
913.000000
942.000000
769.000000
686.000000
858.000000
1044.000000
1102.000000
921.000000
765.000000
784.000000
809.000000
755.000000
687.000000
621.000000
463.000000
362.000000
295.000000
272.000000
326.000000
267.000000
176.000000
-109.000000
-252.000000
-175.000000
-61.000000
-84.000000
-185.000000
-242.000000
-248.000000
-269.000000
-125.000000
23.000000
-34.000000
-212.000000
-227.000000
81.000000
235.000000
70.000000
70.000000
132.000000
124.000000
236.000000
489.000000
543.000000
287.000000
143.000000
265.000000
391.000000
338.000000
250.000000
55.000000
-337.000000
-515.000000
-426.000000
-318.000000
-401.000000
-568.000000
-740.000000
-953.000000
-1006.000000
-1118.000000
-1222.000000
-1384.000000
-1473.000000
-1364.000000
-1317.000000
-1289.000000
-1228.000000
-1187.000000
-1171.000000
-1113.000000
-970.000000
-918.000000
-894.000000
-734.000000
-460.000000
-191.000000
-46.000000
84.000000
157.000000
112.000000
168.000000
319.000000
435.000000
523.000000
597.000000
660.000000
660.000000
638.000000
609.000000
550.000000
413.000000
224.000000
124.000000
85.000000
65.000000
72.000000
-14.000000
-166.000000
-347.000000
-474.000000
-505.000000
-552.000000
-534.000000
-526.000000
-485.000000
-463.000000
-399.000000
-257.000000
-174.000000
-55.000000
11.000000
109.000000
275.000000
375.000000
566.000000
848.000000
1093.000000
1157.000000
1106.000000
1141.000000
1186.000000
1263.000000
1385.000000
1465.000000
1468.000000
1349.000000
1223.000000
1103.000000
1059.000000
1020.000000
825.000000
524.000000
381.000000
331.000000
259.000000
277.000000
217.000000
45.000000
-113.000000
-213.000000
-284.000000
-296.000000
-283.000000
-286.000000
-264.000000
-173.000000
-35.000000
56.000000
111.000000
115.000000
94.000000
126.000000
231.000000
356.000000
424.000000
557.000000
628.000000
640.000000
695.000000
788.000000
782.000000
697.000000
542.000000
418.000000
436.000000
393.000000
71.000000
-361.000000
-705.000000
-800.000000
-637.000000
-550.000000
-712.000000
-1209.000000
-1620.000000
-1816.000000
-1829.000000
-1872.000000
-2056.000000
-2193.000000
-2291.000000
-2122.000000
-1842.000000
-1721.000000
-1698.000000
-1720.000000
-1681.000000
-1497.000000
-1259.000000
-973.000000
-725.000000
-400.000000
-37.000000
301.000000
527.000000
536.000000
507.000000
549.000000
726.000000
996.000000
1164.000000
1266.000000
1212.000000
1033.000000
879.000000
784.000000
666.000000
418.000000
100.000000
-121.000000
-237.000000
-223.000000
-238.000000
-365.000000
-677.000000
-1084.000000
-1269.000000
-1341.000000
-1270.000000
-1169.000000
-1053.000000
-897.000000
-756.000000
-619.000000
-484.000000
-305.000000
-113.000000
32.000000
218.000000
499.000000
872.000000
1243.000000
1507.000000
1785.000000
1859.000000
1848.000000
1882.000000
1960.000000
2090.000000
2144.000000
2158.000000
2089.000000
1950.000000
1791.000000
1531.000000
1174.000000
946.000000
793.000000
742.000000
463.000000
168.000000
12.000000
-55.000000
-68.000000
-272.000000
-530.000000
-699.000000
-759.000000
-692.000000
-570.000000
-504.000000
-513.000000
-445.000000
-151.000000
81.000000
182.000000
186.000000
248.000000
353.000000
516.000000
814.000000
925.000000
906.000000
920.000000
1086.000000
1292.000000
1277.000000
1304.000000
1182.000000
994.000000
776.000000
440.000000
-17.000000
-592.000000
-992.000000
-900.000000
-612.000000
-405.000000
-793.000000
-1593.000000
-2290.000000
-2692.000000
-2627.000000
-2557.000000
-2648.000000
-2913.000000
-2968.000000
-2581.000000
-2155.000000
-1928.000000
-1994.000000
-2190.000000
-2212.000000
-1953.000000
-1422.000000
-883.000000
-414.000000
75.000000
462.000000
810.000000
908.000000
825.000000
715.000000
792.000000
1257.000000
1693.000000
1947.000000
1870.000000
1594.000000
1277.000000
1016.000000
864.000000
634.000000
209.000000
-214.000000
-387.000000
-298.000000
-220.000000
-373.000000
-818.000000
-1470.000000
-1950.000000
-2137.000000
-1945.000000
-1643.000000
-1383.000000
-1260.000000
-1226.000000
-1015.000000
-783.000000
-618.000000
-481.000000
-278.000000
79.000000
514.000000
1022.000000
1553.000000
1872.000000
2041.000000
2084.000000
2095.000000
2209.000000
2311.000000
2477.000000
2643.000000
2792.000000
2790.000000
2566.000000
2209.000000
1795.000000
1371.000000
1091.000000
945.000000
730.000000
427.000000
166.000000
51.000000
-106.000000
-401.000000
-756.000000
-1086.000000
-1299.000000
-1278.000000
-1056.000000
-833.000000
-718.000000
-660.000000
-576.000000
-575.000000
-536.000000
-341.000000
1.000000
239.000000
376.000000
642.000000
1018.000000
1194.000000
1153.000000
1174.000000
1223.000000
1300.000000
1300.000000
1381.000000
1571.000000
1703.000000
1679.000000
1449.000000
922.000000
108.000000
-732.000000
-1149.000000
-980.000000
-527.000000
-223.000000
-466.000000
-1137.000000
-1954.000000
-2542.000000
-2742.000000
-2816.000000
-2936.000000
-3107.000000
-3064.000000
-2669.000000
-2169.000000
-1843.000000
-1898.000000
-2159.000000
-2375.000000
-2369.000000
-1960.000000
-1342.000000
-662.000000
8.000000
510.000000
838.000000
808.000000
598.000000
465.000000
591.000000
1028.000000
1527.000000
1893.000000
1941.000000
1769.000000
1527.000000
1257.000000
988.000000
625.000000
180.000000
-195.000000
-327.000000
-149.000000
26.000000
-70.000000
-556.000000
-1311.000000
-2004.000000
-2412.000000
-2278.000000
-1846.000000
-1436.000000
-1225.000000
-1186.000000
-1116.000000
-1098.000000
-1019.000000
-834.000000
-603.000000
-273.000000
100.000000
605.000000
1199.000000
1676.000000
2026.000000
2095.000000
2018.000000
1935.000000
1976.000000
2250.000000
2598.000000
2943.000000
3017.000000
2841.000000
2480.000000
1999.000000
1631.000000
1357.000000
1143.000000
990.000000
812.000000
590.000000
282.000000
92.000000
-97.000000
-398.000000
-778.000000
-1084.000000
-1162.000000
-1095.000000
-894.000000
-663.000000
-590.000000
-556.000000
-516.000000
-457.000000
-409.000000
-318.000000
-77.000000
227.000000
650.000000
891.000000
983.000000
960.000000
952.000000
1086.000000
1296.000000
1402.000000
1404.000000
1441.000000
1598.000000
1615.000000
1435.000000
947.000000
228.000000
-499.000000
-850.000000
-594.000000
-198.000000
-93.000000
-463.000000
-1144.000000
-1836.000000
-2303.000000
-2497.000000
-2613.000000
-2721.000000
-2817.000000
-2800.000000
-2496.000000
-2216.000000
-2098.000000
-2236.000000
-2427.000000
-2398.000000
-2234.000000
-1880.000000
-1384.000000
-795.000000
-192.000000
234.000000
506.000000
429.000000
249.000000
250.000000
558.000000
1157.000000
1622.000000
1865.000000
1787.000000
1524.000000
1333.000000
1162.000000
996.000000
731.000000
408.000000
155.000000
16.000000
82.000000
44.000000
-225.000000
-741.000000
-1421.000000
-1935.000000
-2194.000000
-2015.000000
-1665.000000
-1348.000000
-1169.000000
-1224.000000
-1359.000000
-1466.000000
-1353.000000
-1030.000000
-592.000000
-71.000000
354.000000
716.000000
1042.000000
1308.000000
1631.000000
1834.000000
1912.000000
1898.000000
1998.000000
2325.000000
2711.000000
3023.000000
3041.000000
2770.000000
2340.000000
1899.000000
1614.000000
1428.000000
1320.000000
1239.000000
1063.000000
817.000000
511.000000
77.000000
-361.000000
-706.000000
-901.000000
-911.000000
-774.000000
-662.000000
-690.000000
-770.000000
-764.000000
-628.000000
-506.000000
-490.000000
-480.000000
-265.000000
34.000000
411.000000
789.000000
1010.000000
1056.000000
922.000000
926.000000
1147.000000
1413.000000
1628.000000
1787.000000
1929.000000
2004.000000
1931.000000
1542.000000
682.000000
-318.000000
-1030.000000
-940.000000
-239.000000
255.000000
49.000000
-911.000000
-1945.000000
-2665.000000
-2876.000000
-2941.000000
-3151.000000
-3286.000000
-3181.000000
-2695.000000
-2265.000000
-2233.000000
-2543.000000
-2892.000000
-2835.000000
-2452.000000
-2035.000000
-1522.000000
-910.000000
-53.000000
685.000000
1028.000000
814.000000
281.000000
116.000000
496.000000
1323.000000
2059.000000
2343.000000
2223.000000
1868.000000
1552.000000
1282.000000
900.000000
482.000000
109.000000
11.000000
88.000000
167.000000
39.000000
-461.000000
-1138.000000
-1939.000000
-2569.000000
-2861.000000
-2775.000000
-2291.000000
-1682.000000
-1229.000000
-1162.000000
-1391.000000
-1642.000000
-1692.000000
-1372.000000
-834.000000
-222.000000
411.000000
989.000000
1553.000000
1909.000000
2049.000000
1994.000000
1879.000000
1978.000000
2321.000000
2896.000000
3405.000000
3634.000000
3501.000000
3072.000000
2560.000000
2047.000000
1673.000000
1442.000000
1318.000000
1251.000000
1122.000000
860.000000
411.000000
-149.000000
-698.000000
-1076.000000
-1220.000000
-1230.000000
-1191.000000
-1046.000000
-737.000000
-454.000000
-440.000000
-625.000000
-800.000000
-746.000000
-414.000000
94.000000
614.000000
1020.000000
1309.000000
1453.000000
1531.000000
1468.000000
1378.000000
1441.000000
1741.000000
2100.000000
2349.000000
2391.000000
2172.000000
1556.000000
474.000000
-592.000000
-1164.000000
-898.000000
-306.000000
-28.000000
-611.000000
-1708.000000
-2646.000000
-3116.000000
-3328.000000
-3662.000000
-4010.000000
-3932.000000
-3340.000000
-2614.000000
-2345.000000
-2684.000000
-3173.000000
-3224.000000
-2689.000000
-2129.000000
-1632.000000
-1097.000000
-236.000000
788.000000
1503.000000
1528.000000
956.000000
458.000000
624.000000
1442.000000
2346.000000
2813.000000
2787.000000
2441.000000
1990.000000
1496.000000
888.000000
335.000000
-7.000000
-98.000000
-88.000000
-122.000000
-386.000000
-931.000000
-1667.000000
-2446.000000
-3129.000000
-3545.000000
-3510.000000
-3061.000000
-2410.000000
-1915.000000
-1684.000000
-1694.000000
-1799.000000
-1757.000000
-1502.000000
-945.000000
-204.000000
641.000000
1490.000000
2164.000000
2594.000000
2676.000000
2585.000000
2516.000000
2596.000000
2977.000000
3514.000000
4042.000000
4198.000000
3953.000000
3398.000000
2665.000000
2083.000000
1705.000000
1524.000000
1372.000000
1086.000000
736.000000
278.000000
-155.000000
-620.000000
-1101.000000
-1475.000000
-1704.000000
-1639.000000
-1411.000000
-1089.000000
-851.000000
-781.000000
-736.000000
-689.000000
-576.000000
-347.000000
2.000000
567.000000
1174.000000
1676.000000
1906.000000
1870.000000
1800.000000
1772.000000
1921.000000
2172.000000
2391.000000
2631.000000
2721.000000
2637.000000
2044.000000
758.000000
-673.000000
-1582.000000
-1257.000000
-433.000000
-59.000000
-755.000000
-2204.000000
-3276.000000
-3779.000000
-3852.000000
-4174.000000
-4704.000000
-4739.000000
-4076.000000
-2997.000000
-2591.000000
-3015.000000
-3558.000000
-3608.000000
-2906.000000
-2168.000000
-1566.000000
-948.000000
-51.000000
1135.000000
1874.000000
1861.000000
1239.000000
851.000000
1190.000000
2006.000000
2894.000000
3264.000000
3244.000000
2948.000000
2383.000000
1645.000000
799.000000
230.000000
-28.000000
-124.000000
-203.000000
-466.000000
-804.000000
-1370.000000
-2168.000000
-3080.000000
-3944.000000
-4241.000000
-3943.000000
-3224.000000
-2592.000000
-2353.000000
-2334.000000
-2376.000000
-2241.000000
-1916.000000
-1377.000000
-531.000000
451.000000
1437.000000
2124.000000
2481.000000
2675.000000
2855.000000
3171.000000
3440.000000
3675.000000
3946.000000
4265.000000
4585.000000
4604.000000
4209.000000
3387.000000
2558.000000
2085.000000
1900.000000
1823.000000
1522.000000
1002.000000
361.000000
-313.000000
-872.000000
-1341.000000
-1637.000000
-1803.000000
-1808.000000
-1618.000000
-1382.000000
-1144.000000
-1070.000000
-1047.000000
-1007.000000
-836.000000
-356.000000
317.000000
1017.000000
1517.000000
1742.000000
1819.000000
1842.000000
2052.000000
2342.000000
2610.000000
2722.000000
2724.000000
2860.000000
3038.000000
3065.000000
2384.000000
796.000000
-1026.000000
-1971.000000
-1440.000000
-313.000000
40.000000
-1000.000000
-2837.000000
-4156.000000
-4635.000000
-4651.000000
-4822.000000
-4990.000000
-4643.000000
-3812.000000
-3107.000000
-3205.000000
-3819.000000
-4106.000000
-3602.000000
-2611.000000
-1855.000000
-1346.000000
-595.000000
567.000000
1716.000000
2161.000000
1801.000000
1192.000000
1137.000000
1789.000000
2754.000000
3565.000000
3861.000000
3595.000000
2890.000000
1884.000000
982.000000
464.000000
359.000000
328.000000
61.000000
-490.000000
-1122.000000
-1593.000000
-2118.000000
-2893.000000
-3865.000000
-4601.000000
-4610.000000
-3977.000000
-3140.000000
-2607.000000
-2603.000000
-2848.000000
-3008.000000
-2771.000000
-2182.000000
-1232.000000
22.000000
1264.000000
2208.000000
2596.000000
2646.000000
2737.000000
3107.000000
3614.000000
4036.000000
4322.000000
4527.000000
4779.000000
4887.000000
4632.000000
3955.000000
3078.000000
2355.000000
1982.000000
1854.000000
1682.000000
1295.000000
651.000000
-141.000000
-931.000000
-1586.000000
-1924.000000
-1957.000000
-1832.000000
-1720.000000
-1634.000000
-1537.000000
-1396.000000
-1152.000000
-888.000000
-623.000000
-227.000000
349.000000
1099.000000
1780.000000
2168.000000
2188.000000
2096.000000
2203.000000
2562.000000
3051.000000
3369.000000
3465.000000
3422.000000
3400.000000
3147.000000
2365.000000
832.000000
-740.000000
-1527.000000
-1144.000000
-304.000000
-228.000000
-1376.000000
-3227.000000
-4596.000000
-5186.000000
-5264.000000
-5271.000000
-5212.000000
-4748.000000
-3935.000000
-3408.000000
-3543.000000
-4146.000000
-4319.000000
-3855.000000
-2828.000000
-1908.000000
-1079.000000
-75.000000
967.000000
1740.000000
1862.000000
1555.000000
1264.000000
1504.000000
2272.000000
3178.000000
3920.000000
4130.000000
3708.000000
2836.000000
1610.000000
693.000000
316.000000
458.000000
553.000000
257.000000
-473.000000
-1310.000000
-1962.000000
-2606.000000
-3365.000000
-4082.000000
-4595.000000
-4530.000000
-3980.000000
-3319.000000
-2883.000000
-2884.000000
-3015.000000
-2973.000000
-2538.000000
-1837.000000
-849.000000
306.000000
1409.000000
2219.000000
2649.000000
2818.000000
3086.000000
3531.000000
4119.000000
4564.000000
4714.000000
4677.000000
4643.000000
4608.000000
4358.000000
3836.000000
3162.000000
2521.000000
2078.000000
1694.000000
1296.000000
747.000000
47.000000
-677.000000
-1294.000000
-1760.000000
-2014.000000
-2031.000000
-1920.000000
-1851.000000
-1838.000000
-1781.000000
-1563.000000
-1166.000000
-760.000000
-260.000000
248.000000
836.000000
1368.000000
1868.000000
2188.000000
2441.000000
2549.000000
2680.000000
2868.000000
3156.000000
3421.000000
3585.000000
3524.000000
3351.000000
2916.000000
2138.000000
872.000000
-726.000000
-1725.000000
-1687.000000
-860.000000
-652.000000
-1628.000000
-3565.000000
-5022.000000
-5503.000000
-5433.000000
-5370.000000
-5315.000000
-5035.000000
-4241.000000
-3602.000000
-3559.000000
-3994.000000
-4060.000000
-3469.000000
-2388.000000
-1423.000000
-818.000000
10.000000
961.000000
1727.000000
1975.000000
1897.000000
1759.000000
2055.000000
2538.000000
3089.000000
3523.000000
3748.000000
3367.000000
2631.000000
1595.000000
757.000000
420.000000
448.000000
374.000000
-40.000000
-847.000000
-1733.000000
-2359.000000
-2868.000000
-3331.000000
-3773.000000
-4060.000000
-4208.000000
-3942.000000
-3603.000000
-3212.000000
-2991.000000
-2886.000000
-2730.000000
-2243.000000
-1433.000000
-427.000000
642.000000
1501.000000
2045.000000
2379.000000
2722.000000
3236.000000
3857.000000
4349.000000
4597.000000
4556.000000
4424.000000
4286.000000
4222.000000
4007.000000
3620.000000
3079.000000
2439.000000
1854.000000
1267.000000
792.000000
316.000000
-200.000000
-806.000000
-1414.000000
-1836.000000
-2033.000000
-2022.000000
-1903.000000
-1837.000000
-1793.000000
-1723.000000
-1400.000000
-883.000000
-364.000000
97.000000
383.000000
848.000000
1380.000000
2010.000000
2516.000000
2754.000000
2837.000000
2874.000000
2990.000000
3263.000000
3439.000000
3536.000000
3365.000000
3275.000000
3102.000000
2550.000000
1342.000000
-616.000000
-1945.000000
-2020.000000
-991.000000
-435.000000
-1385.000000
-3431.000000
-5099.000000
-5520.000000
-5204.000000
-5138.000000
-5156.000000
-5097.000000
-4278.000000
-3523.000000
-3491.000000
-3948.000000
-4141.000000
-3387.000000
-2211.000000
-1164.000000
-640.000000
-46.000000
866.000000
1532.000000
1724.000000
1661.000000
1563.000000
2023.000000
2445.000000
2900.000000
3162.000000
3327.000000
3042.000000
2313.000000
1412.000000
529.000000
265.000000
433.000000
377.000000
-1.000000
-910.000000
-1787.000000
-2350.000000
-2706.000000
-2995.000000
-3406.000000
-3623.000000
-3882.000000
-3773.000000
-3450.000000
-3045.000000
-2663.000000
-2519.000000
-2330.000000
-1924.000000
-1301.000000
-330.000000
646.000000
1612.000000
2128.000000
2364.000000
2605.000000
3111.000000
3888.000000
4404.000000
4601.000000
4350.000000
4038.000000
3959.000000
3937.000000
3912.000000
3628.000000
3052.000000
2396.000000
1683.000000
1010.000000
379.000000
25.000000
-355.000000
-783.000000
-1255.000000
-1842.000000
-2109.000000
-2174.000000
-2207.000000
-2138.000000
-2071.000000
-1877.000000
-1494.000000
-920.000000
-424.000000
-26.000000
388.000000
681.000000
1265.000000
1722.000000
2106.000000
2540.000000
2797.000000
2958.000000
2972.000000
3055.000000
3202.000000
3257.000000
3204.000000
2898.000000
2860.000000
2503.000000
1645.000000
144.000000
-1707.000000
-2329.000000
-1761.000000
-798.000000
-1021.000000
-2724.000000
-4662.000000
-5518.000000
-5216.000000
-5008.000000
-5086.000000
-4958.000000
-4543.000000
-3533.000000
-3272.000000
-3623.000000
-3864.000000
-3466.000000
-2314.000000
-1157.000000
-440.000000
-110.000000
596.000000
1364.000000
1603.000000
1761.000000
1731.000000
1974.000000
2591.000000
2824.000000
3106.000000
3260.000000
3102.000000
2394.000000
1576.000000
894.000000
595.000000
844.000000
735.000000
132.000000
-617.000000
-1630.000000
-2140.000000
-2332.000000
-2529.000000
-2756.000000
-3021.000000
-3313.000000
-3560.000000
-3358.000000
-3044.000000
-2618.000000
-2279.000000
-2243.000000
-1865.000000
-1096.000000
-257.000000
642.000000
1322.000000
1814.000000
2126.000000
2507.000000
2964.000000
3574.000000
4175.000000
4328.000000
4222.000000
3882.000000
3549.000000
3540.000000
3597.000000
3491.000000
3001.000000
2234.000000
1456.000000
792.000000
322.000000
-44.000000
-281.000000
-646.000000
-1237.000000
-1760.000000
-2096.000000
-2083.000000
-2022.000000
-1994.000000
-1809.000000
-1536.000000
-1110.000000
-743.000000
-381.000000
-34.000000
418.000000
936.000000
1391.000000
1857.000000
2239.000000
2557.000000
2890.000000
2830.000000
2801.000000
2871.000000
3136.000000
3343.000000
3232.000000
2929.000000
2239.000000
1256.000000
-352.000000
-1575.000000
-1689.000000
-1103.000000
-646.000000
-1416.000000
-3209.000000
-4756.000000
-5439.000000
-5226.000000
-5024.000000
-4734.000000
-4574.000000
-3986.000000
-3439.000000
-3620.000000
-3920.000000
-3852.000000
-2963.000000
-1672.000000
-725.000000
-172.000000
282.000000
852.000000
1208.000000
1429.000000
1762.000000
1936.000000
2413.000000
2681.000000
2911.000000
3042.000000
2957.000000
2516.000000
1874.000000
1203.000000
764.000000
667.000000
674.000000
237.000000
-372.000000
-1173.000000
-1894.000000
-2259.000000
-2539.000000
-2536.000000
-2548.000000
-2753.000000
-3132.000000
-3333.000000
-3264.000000
-2917.000000
-2372.000000
-1811.000000
-1324.000000
-788.000000
-479.000000
-15.000000
605.000000
1282.000000
2073.000000
2703.000000
3148.000000
3430.000000
3683.000000
3863.000000
3935.000000
3924.000000
3731.000000
3596.000000
3533.000000
3264.000000
2998.000000
2451.000000
1733.000000
1051.000000
463.000000
114.000000
-201.000000
-498.000000
-1017.000000
-1496.000000
-1889.000000
-2211.000000
-2162.000000
-1974.000000
-1714.000000
-1389.000000
-1129.000000
-922.000000
-797.000000
-567.000000
-177.000000
515.000000
1339.000000
1852.000000
2158.000000
2141.000000
2050.000000
2174.000000
2497.000000
2806.000000
3006.000000
2941.000000
2825.000000
2704.000000
2629.000000
2143.000000
1252.000000
-115.000000
-1638.000000
-2074.000000
-1516.000000
-780.000000
-997.000000
-2614.000000
-4458.000000
-5456.000000
-5298.000000
-4896.000000
-4473.000000
-4089.000000
-3926.000000
-3478.000000
-3581.000000
-3907.000000
-3882.000000
-3133.000000
-1826.000000
-703.000000
-191.000000
-142.000000
216.000000
848.000000
1150.000000
1648.000000
1945.000000
2249.000000
2626.000000
2650.000000
2752.000000
2713.000000
2502.000000
1822.000000
1402.000000
1152.000000
1075.000000
1193.000000
764.000000
-122.000000
-950.000000
-1730.000000
-1926.000000
-1798.000000
-1755.000000
-1898.000000
-2281.000000
-2791.000000
-3294.000000
-3031.000000
-2609.000000
-1970.000000
-1410.000000
-1224.000000
-891.000000
-520.000000
-143.000000
453.000000
1212.000000
1974.000000
2539.000000
3036.000000
3235.000000
3445.000000
3691.000000
3649.000000
3787.000000
3745.000000
3658.000000
3595.000000
3318.000000
2850.000000
2271.000000
1753.000000
1206.000000
817.000000
490.000000
97.000000
-168.000000
-689.000000
-1297.000000
-1740.000000
-2030.000000
-2011.000000
-1760.000000
-1486.000000
-1184.000000
-964.000000
-856.000000
-861.000000
-688.000000
-385.000000
203.000000
1082.000000
1659.000000
2068.000000
2028.000000
1716.000000
1636.000000
1806.000000
2248.000000
2638.000000
2680.000000
2421.000000
2223.000000
2249.000000
1761.000000
696.000000
-1067.000000
-2313.000000
-1957.000000
-985.000000
-507.000000
-1580.000000
-3495.000000
-4856.000000
-5136.000000
-4792.000000
-4777.000000
-4404.000000
-4035.000000
-3345.000000
-2999.000000
-3572.000000
-4114.000000
-3822.000000
-2634.000000
-1173.000000
-314.000000
-153.000000
-191.000000
194.000000
582.000000
1011.000000
1758.000000
2075.000000
2390.000000
2321.000000
2229.000000
2318.000000
2433.000000
2124.000000
1615.000000
1269.000000
1040.000000
1002.000000
937.000000
355.000000
-348.000000
-1030.000000
-1635.000000
-1690.000000
-1624.000000
-1527.000000
-1667.000000
-2124.000000
-2753.000000
-3036.000000
-2649.000000
-2067.000000
-1347.000000
-941.000000
-782.000000
-538.000000
-360.000000
56.000000
829.000000
1733.000000
2483.000000
2913.000000
3084.000000
3261.000000
3521.000000
3682.000000
3672.000000
3785.000000
3792.000000
3814.000000
3673.000000
3173.000000
2620.000000
2058.000000
1575.000000
1228.000000
969.000000
608.000000
235.000000
-306.000000
-1032.000000
-1554.000000
-1737.000000
-1789.000000
-1707.000000
-1667.000000
-1599.000000
-1340.000000
-1194.000000
-1079.000000
-869.000000
-528.000000
-219.000000
289.000000
759.000000
1212.000000
1571.000000
1646.000000
1680.000000
1669.000000
1789.000000
1918.000000
2171.000000
2208.000000
2082.000000
1968.000000
1716.000000
1508.000000
1104.000000
357.000000
-572.000000
-1792.000000
-2250.000000
-1958.000000
-1377.000000
-1680.000000
-3023.000000
-4368.000000
-5058.000000
-4671.000000
-4312.000000
-4097.000000
-3877.000000
-3749.000000
-3294.000000
-3158.000000
-3332.000000
-3342.000000
-2762.000000
-1710.000000
-939.000000
-526.000000
-526.000000
-177.000000
506.000000
809.000000
1240.000000
1578.000000
1787.000000
1974.000000
1999.000000
2114.000000
2165.000000
2160.000000
1716.000000
1420.000000
1271.000000
1056.000000
1005.000000
675.000000
21.000000
-495.000000
-942.000000
-1102.000000
-1109.000000
-1158.000000
-1348.000000
-1691.000000
-2079.000000
-2498.000000
-2171.000000
-1685.000000
-1217.000000
-947.000000
-891.000000
-675.000000
-339.000000
66.000000
653.000000
1467.000000
2111.000000
2423.000000
2520.000000
2548.000000
2833.000000
3375.000000
3652.000000
3712.000000
3519.000000
3258.000000
3201.000000
3091.000000
2800.000000
2427.000000
2151.000000
1745.000000
1270.000000
769.000000
306.000000
105.000000
-201.000000
-712.000000
-1142.000000
-1367.000000
-1431.000000
-1334.000000
-1264.000000
-1079.000000
-865.000000
-622.000000
-596.000000
-435.000000
-209.000000
129.000000
745.000000
1093.000000
1461.000000
1534.000000
1547.000000
1495.000000
1461.000000
1595.000000
1776.000000
1879.000000
1737.000000
1513.000000
1647.000000
1358.000000
548.000000
-1006.000000
-2351.000000
-2143.000000
-1399.000000
-796.000000
-1651.000000
-3187.000000
-4460.000000
-4793.000000
-4374.000000
-4287.000000
-4002.000000
-3782.000000
-3451.000000
-3003.000000
-3409.000000
-3707.000000
-3549.000000
-2657.000000
-1572.000000
-908.000000
-599.000000
-679.000000
-417.000000
-155.000000
152.000000
1010.000000
1352.000000
1606.000000
1522.000000
1393.000000
1487.000000
1520.000000
1565.000000
1254.000000
1142.000000
900.000000
696.000000
666.000000
309.000000
-88.000000
-394.000000
-823.000000
-899.000000
-1011.000000
-848.000000
-938.000000
-1268.000000
-1780.000000
-2095.000000
-1597.000000
-1081.000000
-608.000000
-432.000000
-440.000000
-335.000000
-187.000000
225.000000
945.000000
1696.000000
2362.000000
2576.000000
2683.000000
2580.000000
2662.000000
3056.000000
3417.000000
3653.000000
3466.000000
3214.000000
2965.000000
2699.000000
2440.000000
2148.000000
1911.000000
1542.000000
1111.000000
815.000000
504.000000
111.000000
-371.000000
-704.000000
-785.000000
-873.000000
-918.000000
-988.000000
-871.000000
-758.000000
-649.000000
-343.000000
-93.000000
141.000000
235.000000
398.000000
615.000000
932.000000
1244.000000
1400.000000
1452.000000
1272.000000
1093.000000
1256.000000
1382.000000
1411.000000
1220.000000
1027.000000
902.000000
852.000000
888.000000
347.000000
-437.000000
-1831.000000
-2568.000000
-2098.000000
-1329.000000
-1128.000000
-2296.000000
-3714.000000
-4706.000000
-4560.000000
-3954.000000
-3607.000000
-3208.000000
-3237.000000
-3112.000000
-3049.000000
-3365.000000
-3429.000000
-3015.000000
-2034.000000
-1263.000000
-938.000000
-887.000000
-910.000000
-462.000000
-200.000000
249.000000
929.000000
1224.000000
1357.000000
1115.000000
1137.000000
1219.000000
1405.000000
1285.000000
1008.000000
864.000000
704.000000
640.000000
528.000000
111.000000
-282.000000
-632.000000
-809.000000
-740.000000
-691.000000
-623.000000
-963.000000
-1492.000000
-1999.000000
-1842.000000
-1176.000000
-508.000000
-260.000000
-415.000000
-478.000000
-238.000000
197.000000
842.000000
1635.000000
2218.000000
2525.000000
2428.000000
2344.000000
2567.000000
3046.000000
3419.000000
3479.000000
3317.000000
2940.000000
2808.000000
2718.000000
2599.000000
2412.000000
2060.000000
1626.000000
1198.000000
874.000000
628.000000
557.000000
269.000000
-249.000000
-658.000000
-801.000000
-754.000000
-655.000000
-662.000000
-555.000000
-380.000000
-243.000000
-143.000000
104.000000
346.000000
478.000000
669.000000
802.000000
1105.000000
1254.000000
1199.000000
1029.000000
910.000000
849.000000
1011.000000
1151.000000
1046.000000
857.000000
625.000000
564.000000
501.000000
604.000000
195.000000
-337.000000
-1486.000000
-2436.000000
-2116.000000
-1392.000000
-967.000000
-2030.000000
-3413.000000
-4432.000000
-4175.000000
-3345.000000
-3066.000000
-2796.000000
-3039.000000
-3170.000000
-3089.000000
-3292.000000
-3256.000000
-2823.000000
-1806.000000
-1221.000000
-1118.000000
-1287.000000
-1449.000000
-812.000000
-368.000000
66.000000
702.000000
1017.000000
1036.000000
739.000000
739.000000
805.000000
1153.000000
1174.000000
964.000000
906.000000
731.000000
646.000000
595.000000
326.000000
-125.000000
-357.000000
-420.000000
-240.000000
-181.000000
-289.000000
-829.000000
-1407.000000
-1802.000000
-1563.000000
-727.000000
-299.000000
-367.000000
-783.000000
-880.000000
-540.000000
30.000000
769.000000
1470.000000
1918.000000
1931.000000
1760.000000
1833.000000
2177.000000
2711.000000
3053.000000
3103.000000
2950.000000
2713.000000
2688.000000
2699.000000
2571.000000
2308.000000
2066.000000
1808.000000
1484.000000
1185.000000
1042.000000
922.000000
530.000000
-64.000000
-445.000000
-401.000000
-291.000000
-179.000000
-217.000000
-230.000000
-293.000000
-313.000000
-70.000000
273.000000
606.000000
683.000000
826.000000
887.000000
930.000000
933.000000
978.000000
1069.000000
1004.000000
984.000000
1104.000000
1111.000000
972.000000
679.000000
621.000000
574.000000
642.000000
659.000000
204.000000
-606.000000
-2006.000000
-2339.000000
-1726.000000
-962.000000
-1249.000000
-2645.000000
-3806.000000
-4276.000000
-3715.000000
-3223.000000
-3056.000000
-3044.000000
-3276.000000
-3121.000000
-3058.000000
-3230.000000
-3153.000000
-2599.000000
-1788.000000
-1459.000000
-1484.000000
-1464.000000
-1185.000000
-616.000000
-284.000000
242.000000
808.000000
846.000000
723.000000
513.000000
793.000000
1052.000000
1285.000000
1153.000000
835.000000
629.000000
509.000000
590.000000
594.000000
263.000000
4.000000
-197.000000
-201.000000
-212.000000
-303.000000
-423.000000
-966.000000
-1374.000000
-1519.000000
-982.000000
-521.000000
-485.000000
-647.000000
-782.000000
-454.000000
-83.000000
372.000000
951.000000
1450.000000
1737.000000
1759.000000
1727.000000
1772.000000
2143.000000
2638.000000
2880.000000
2822.000000
2578.000000
2368.000000
2450.000000
2392.000000
2217.000000
2067.000000
1881.000000
1608.000000
1357.000000
1157.000000
967.000000
745.000000
328.000000
-26.000000
-85.000000
-33.000000
-18.000000
14.000000
-66.000000
-210.000000
-197.000000
-27.000000
279.000000
674.000000
774.000000
791.000000
775.000000
750.000000
881.000000
1164.000000
1345.000000
1160.000000
1008.000000
848.000000
870.000000
1030.000000
892.000000
852.000000
747.000000
787.000000
582.000000
40.000000
-961.000000
-2068.000000
-1860.000000
-1347.000000
-814.000000
-1560.000000
-2990.000000
-3945.000000
-4046.000000
-3401.000000
-3163.000000
-2977.000000
-3127.000000
-3330.000000
-3046.000000
-3192.000000
-3061.000000
-2804.000000
-2193.000000
-1610.000000
-1465.000000
-1478.000000
-1563.000000
-1070.000000
-576.000000
-177.000000
460.000000
715.000000
679.000000
498.000000
356.000000
617.000000
956.000000
1220.000000
1072.000000
919.000000
591.000000
281.000000
273.000000
231.000000
154.000000
137.000000
-8.000000
-120.000000
-268.000000
-503.000000
-784.000000
-992.000000
-1089.000000
-1069.000000
-742.000000
-618.000000
-623.000000
-653.000000
-649.000000
-343.000000
-4.000000
486.000000
1004.000000
1515.000000
1677.000000
1576.000000
1564.000000
1797.000000
2347.000000
2806.000000
2919.000000
2809.000000
2486.000000
2198.000000
2185.000000
2319.000000
2353.000000
2261.000000
1976.000000
1582.000000
1263.000000
917.000000
697.000000
593.000000
353.000000
92.000000
65.000000
56.000000
-84.000000
-242.000000
-370.000000
-308.000000
-85.000000
74.000000
315.000000
588.000000
678.000000
553.000000
527.000000
611.000000
771.000000
1050.000000
1119.000000
1057.000000
853.000000
624.000000
704.000000
746.000000
831.000000
688.000000
573.000000
503.000000
348.000000
478.000000
154.000000
-332.000000
-1531.000000
-2063.000000
-1679.000000
-1095.000000
-995.000000
-2133.000000
-3310.000000
-3872.000000
-3526.000000
-2997.000000
-2882.000000
-2841.000000
-3150.000000
-3010.000000
-2820.000000
-3033.000000
-2971.000000
-2686.000000
-2015.000000
-1567.000000
-1348.000000
-1348.000000
-1196.000000
-730.000000
-505.000000
-11.000000
595.000000
763.000000
783.000000
655.000000
761.000000
968.000000
1244.000000
1176.000000
1042.000000
888.000000
673.000000
583.000000
606.000000
395.000000
234.000000
64.000000
-186.000000
-279.000000
-367.000000
-426.000000
-822.000000
-1199.000000
-1455.000000
-1085.000000
-641.000000
-581.000000
-707.000000
-809.000000
-552.000000
-155.000000
356.000000
828.000000
1207.000000
1373.000000
1333.000000
1447.000000
1697.000000
2172.000000
2596.000000
2719.000000
2460.000000
2172.000000
2057.000000
2166.000000
2382.000000
2414.000000
2384.000000
2115.000000
1579.000000
1042.000000
857.000000
904.000000
917.000000
696.000000
407.000000
137.000000
-2.000000
-207.000000
-259.000000
-201.000000
-184.000000
-88.000000
67.000000
357.000000
583.000000
635.000000
488.000000
297.000000
422.000000
769.000000
1201.000000
1351.000000
1049.000000
691.000000
553.000000
589.000000
707.000000
846.000000
945.000000
866.000000
634.000000
431.000000
29.000000
-310.000000
-1210.000000
-1669.000000
-1432.000000
-1012.000000
-981.000000
-1994.000000
-3081.000000
-3826.000000
-3568.000000
-3008.000000
-2830.000000
-2628.000000
-2842.000000
-2830.000000
-2779.000000
-3045.000000
-2983.000000
-2551.000000
-1644.000000
-1263.000000
-1147.000000
-1305.000000
-1376.000000
-932.000000
-597.000000
-92.000000
538.000000
734.000000
567.000000
363.000000
464.000000
666.000000
1060.000000
1059.000000
813.000000
681.000000
485.000000
468.000000
470.000000
351.000000
70.000000
-13.000000
-146.000000
-159.000000
-115.000000
-131.000000
-501.000000
-961.000000
-1287.000000
-1161.000000
-603.000000
-381.000000
-407.000000
-534.000000
-566.000000
-377.000000
-42.000000
547.000000
1053.000000
1393.000000
1439.000000
1345.000000
1551.000000
1830.000000
2295.000000
2588.000000
2513.000000
2325.000000
2140.000000
2209.000000
2341.000000
2330.000000
2257.000000
1968.000000
1646.000000
1227.000000
1032.000000
1030.000000
905.000000
636.000000
270.000000
-38.000000
-187.000000
-297.000000
-271.000000
-308.000000
-383.000000
-429.000000
-353.000000
-135.000000
7.000000
152.000000
276.000000
318.000000
285.000000
360.000000
604.000000
851.000000
777.000000
677.000000
547.000000
540.000000
664.000000
782.000000
916.000000
897.000000
714.000000
591.000000
474.000000
569.000000
341.000000
211.000000
-403.000000
-1364.000000
-1509.000000
-1377.000000
-990.000000
-1567.000000
-2555.000000
-3340.000000
-3380.000000
-2856.000000
-2860.000000
-2798.000000
-2910.000000
-3067.000000
-2763.000000
-2758.000000
-2773.000000
-2734.000000
-2236.000000
-1757.000000
-1384.000000
-1103.000000
-1060.000000
-674.000000
-360.000000
-169.000000
372.000000
893.000000
1026.000000
930.000000
921.000000
1059.000000
1191.000000
1340.000000
1054.000000
898.000000
748.000000
671.000000
637.000000
579.000000
327.000000
110.000000
-80.000000
-205.000000
-380.000000
-504.000000
-748.000000
-1167.000000
-1186.000000
-1046.000000
-731.000000
-743.000000
-869.000000
-878.000000
-627.000000
-137.000000
188.000000
458.000000
807.000000
967.000000
1184.000000
1342.000000
1458.000000
1722.000000
2055.000000
2266.000000
2147.000000
2067.000000
2094.000000
2048.000000
2193.000000
2129.000000
2077.000000
1924.000000
1579.000000
1280.000000
1126.000000
1155.000000
947.000000
690.000000
380.000000
60.000000
-90.000000
-129.000000
-219.000000
-282.000000
-297.000000
-248.000000
-195.000000
15.000000
243.000000
357.000000
320.000000
100.000000
171.000000
693.000000
1070.000000
1107.000000
816.000000
562.000000
504.000000
705.000000
1057.000000
1104.000000
970.000000
762.000000
530.000000
730.000000
652.000000
458.000000
-290.000000
-1281.000000
-1478.000000
-1348.000000
-728.000000
-1251.000000
-2274.000000
-3165.000000
-3437.000000
-3054.000000
-3015.000000
-2784.000000
-2655.000000
-2636.000000
-2464.000000
-2874.000000
-2934.000000
-2777.000000
-2094.000000
-1403.000000
-1129.000000
-1156.000000
-1354.000000
-994.000000
-612.000000
-238.000000
336.000000
668.000000
662.000000
496.000000
503.000000
822.000000
1138.000000
1177.000000
751.000000
638.000000
524.000000
523.000000
601.000000
569.000000
283.000000
-2.000000
-172.000000
-234.000000
-182.000000
-185.000000
-402.000000
-775.000000
-1122.000000
-1290.000000
-974.000000
-573.000000
-448.000000
-472.000000
-489.000000
-420.000000
-200.000000
157.000000
704.000000
1100.000000
1347.000000
1353.000000
1424.000000
1661.000000
1915.000000
2158.000000
2288.000000
2190.000000
2076.000000
1980.000000
2138.000000
2199.000000
2023.000000
1770.000000
1364.000000
1219.000000
1091.000000
1065.000000
920.000000
583.000000
252.000000
-88.000000
-175.000000
-207.000000
-249.000000
-187.000000
-290.000000
-329.000000
-349.000000
-164.000000
47.000000
137.000000
204.000000
172.000000
366.000000
471.000000
574.000000
707.000000
708.000000
584.000000
465.000000
445.000000
575.000000
773.000000
883.000000
745.000000
603.000000
509.000000
489.000000
648.000000
692.000000
511.000000
205.000000
-465.000000
-1321.000000
-1495.000000
-1199.000000
-884.000000
-1314.000000
-2304.000000
-3224.000000
-3253.000000
-2743.000000
-2494.000000
-2376.000000
-2526.000000
-2759.000000
-2562.000000
-2477.000000
-2583.000000
-2488.000000
-2057.000000
-1561.000000
-1149.000000
-945.000000
-932.000000
-663.000000
-370.000000
-115.000000
405.000000
987.000000
1068.000000
1021.000000
986.000000
954.000000
983.000000
955.000000
896.000000
953.000000
932.000000
793.000000
565.000000
416.000000
191.000000
20.000000
-25.000000
-127.000000
-189.000000
-345.000000
-566.000000
-974.000000
-1345.000000
-1116.000000
-756.000000
-510.000000
-592.000000
-763.000000
-659.000000
-305.000000
57.000000
266.000000
693.000000
969.000000
1036.000000
1280.000000
1376.000000
1473.000000
1713.000000
1877.000000
1911.000000
1947.000000
2002.000000
1957.000000
2096.000000
2003.000000
1680.000000
1576.000000
1445.000000
1209.000000
1215.000000
1168.000000
842.000000
429.000000
25.000000
-241.000000
-198.000000
-148.000000
-252.000000
-303.000000
-420.000000
-607.000000
-541.000000
-361.000000
-230.000000
-51.000000
79.000000
186.000000
296.000000
325.000000
336.000000
429.000000
465.000000
468.000000
660.000000
782.000000
827.000000
798.000000
659.000000
664.000000
789.000000
885.000000
924.000000
924.000000
701.000000
348.000000
73.000000
-643.000000
-1259.000000
-1239.000000
-1072.000000
-946.000000
-1533.000000
-2473.000000
-3082.000000
-2771.000000
-2433.000000
-2319.000000
-2241.000000
-2403.000000
-2480.000000
-2235.000000
-2330.000000
-2397.000000
-2141.000000
-1719.000000
-1310.000000
-915.000000
-834.000000
-777.000000
-386.000000
-182.000000
-15.000000
484.000000
964.000000
990.000000
1041.000000
849.000000
816.000000
882.000000
905.000000
877.000000
1008.000000
1011.000000
745.000000
487.000000
369.000000
181.000000
183.000000
92.000000
-115.000000
-353.000000
-538.000000
-651.000000
-847.000000
-929.000000
-982.000000
-912.000000
-832.000000
-754.000000
-693.000000
-329.000000
-62.000000
16.000000
103.000000
451.000000
725.000000
1007.000000
1212.000000
1211.000000
1304.000000
1487.000000
1657.000000
1878.000000
2016.000000
1882.000000
1752.000000
1764.000000
1677.000000
1620.000000
1665.000000
1432.000000
1101.000000
886.000000
709.000000
574.000000
408.000000
104.000000
-120.000000
-200.000000
-298.000000
-373.000000
-374.000000
-404.000000
-495.000000
-387.000000
-299.000000
-158.000000
-5.000000
107.000000
224.000000
201.000000
274.000000
453.000000
541.000000
530.000000
470.000000
535.000000
712.000000
785.000000
773.000000
673.000000
771.000000
690.000000
693.000000
713.000000
614.000000
326.000000
89.000000
-578.000000
-1116.000000
-1169.000000
-1000.000000
-938.000000
-1432.000000
-2194.000000
-2751.000000
-2484.000000
-2228.000000
-2132.000000
-2016.000000
-2060.000000
-2211.000000
-2053.000000
-2101.000000
-2024.000000
-1707.000000
-1288.000000
-1065.000000
-818.000000
-786.000000
-681.000000
-300.000000
10.000000
161.000000
535.000000
819.000000
752.000000
785.000000
753.000000
763.000000
824.000000
818.000000
737.000000
832.000000
793.000000
579.000000
345.000000
244.000000
80.000000
144.000000
109.000000
7.000000
-153.000000
-303.000000
-575.000000
-828.000000
-904.000000
-798.000000
-542.000000
-506.000000
-580.000000
-579.000000
-397.000000
-196.000000
-20.000000
154.000000
461.000000
735.000000
941.000000
972.000000
1021.000000
1139.000000
1412.000000
1653.000000
1704.000000
1700.000000
1680.000000
1630.000000
1592.000000
1514.000000
1458.000000
1381.000000
1190.000000
941.000000
770.000000
669.000000
464.000000
195.000000
-68.000000
-270.000000
-227.000000
-240.000000
-333.000000
-434.000000
-480.000000
-446.000000
-398.000000
-307.000000
-257.000000
-103.000000
36.000000
86.000000
243.000000
309.000000
332.000000
335.000000
282.000000
314.000000
395.000000
629.000000
657.000000
601.000000
489.000000
441.000000
535.000000
640.000000
612.000000
608.000000
543.000000
447.000000
203.000000
-71.000000
-524.000000
-1049.000000
-1120.000000
-1004.000000
-926.000000
-1260.000000
-1867.000000
-2315.000000
-2226.000000
-2029.000000
-1926.000000
-1958.000000
-1924.000000
-2018.000000
-1873.000000
-1831.000000
-1935.000000
-1837.000000
-1540.000000
-1156.000000
-710.000000
-520.000000
-440.000000
-250.000000
-23.000000
176.000000
493.000000
927.000000
952.000000
932.000000
827.000000
817.000000
908.000000
984.000000
851.000000
804.000000
702.000000
586.000000
516.000000
511.000000
343.000000
88.000000
-117.000000
-271.000000
-338.000000
-340.000000
-472.000000
-671.000000
-835.000000
-960.000000
-862.000000
-681.000000
-439.000000
-365.000000
-254.000000
-187.000000
-99.000000
79.000000
396.000000
689.000000
926.000000
997.000000
1052.000000
1178.000000
1410.000000
1531.000000
1555.000000
1566.000000
1544.000000
1581.000000
1601.000000
1597.000000
1444.000000
1226.000000
1002.000000
837.000000
766.000000
671.000000
507.000000
310.000000
79.000000
-154.000000
-300.000000
-298.000000
-246.000000
-281.000000
-339.000000
-409.000000
-395.000000
-308.000000
-190.000000
-45.000000
110.000000
182.000000
116.000000
160.000000
242.000000
359.000000
435.000000
532.000000
502.000000
501.000000
587.000000
609.000000
674.000000
665.000000
554.000000
525.000000
580.000000
545.000000
359.000000
134.000000
-401.000000
-978.000000
-1126.000000
-985.000000
-794.000000
-1005.000000
-1622.000000
-2193.000000
-2139.000000
-1939.000000
-1782.000000
-1716.000000
-1746.000000
-1850.000000
-1722.000000
-1723.000000
-1757.000000
-1667.000000
-1461.000000
-1238.000000
-891.000000
-714.000000
-633.000000
-346.000000
-171.000000
-114.000000
98.000000
460.000000
669.000000
799.000000
760.000000
687.000000
708.000000
765.000000
677.000000
798.000000
853.000000
815.000000
686.000000
571.000000
440.000000
314.000000
222.000000
60.000000
-63.000000
-149.000000
-377.000000
-577.000000
-735.000000
-831.000000
-821.000000
-735.000000
-666.000000
-667.000000
-508.000000
-386.000000
-252.000000
-135.000000
75.000000
345.000000
687.000000
827.000000
838.000000
949.000000
1175.000000
1365.000000
1479.000000
1512.000000
1485.000000
1457.000000
1486.000000
1488.000000
1485.000000
1309.000000
992.000000
775.000000
672.000000
641.000000
568.000000
447.000000
177.000000
-128.000000
-330.000000
-351.000000
-344.000000
-294.000000
-320.000000
-365.000000
-366.000000
-440.000000
-431.000000
-299.000000
-109.000000
59.000000
182.000000
288.000000
227.000000
189.000000
244.000000
267.000000
379.000000
486.000000
539.000000
644.000000
637.000000
508.000000
469.000000
510.000000
530.000000
525.000000
625.000000
521.000000
342.000000
43.000000
-523.000000
-874.000000
-864.000000
-708.000000
-654.000000
-925.000000
-1434.000000
-1761.000000
-1696.000000
-1643.000000
-1652.000000
-1542.000000
-1561.000000
-1535.000000
-1487.000000
-1566.000000
-1658.000000
-1563.000000
-1387.000000
-1151.000000
-840.000000
-650.000000
-481.000000
-231.000000
-104.000000
-53.000000
179.000000
462.000000
616.000000
762.000000
848.000000
827.000000
806.000000
732.000000
640.000000
700.000000
772.000000
720.000000
703.000000
599.000000
361.000000
109.000000
-25.000000
-132.000000
-220.000000
-252.000000
-405.000000
-580.000000
-723.000000
-913.000000
-926.000000
-819.000000
-706.000000
-533.000000
-357.000000
-264.000000
-247.000000
-95.000000
142.000000
405.000000
698.000000
858.000000
995.000000
1131.000000
1211.000000
1295.000000
1356.000000
1402.000000
1463.000000
1512.000000
1474.000000
1365.000000
1199.000000
1004.000000
835.000000
671.000000
547.000000
533.000000
470.000000
279.000000
63.000000
-204.000000
-439.000000
-459.000000
-402.000000
-348.000000
-268.000000
-353.000000
-470.000000
-434.000000
-389.000000
-318.000000
-129.000000
49.000000
147.000000
291.000000
311.000000
225.000000
263.000000
296.000000
322.000000
459.000000
566.000000
544.000000
615.000000
547.000000
395.000000
418.000000
487.000000
479.000000
495.000000
444.000000
262.000000
89.000000
-231.000000
-649.000000
-692.000000
-548.000000
-554.000000
-714.000000
-1076.000000
-1367.000000
-1394.000000
-1305.000000
-1397.000000
-1429.000000
-1379.000000
-1398.000000
-1367.000000
-1417.000000
-1569.000000
-1506.000000
-1319.000000
-1171.000000
-977.000000
-758.000000
-563.000000
-341.000000
-174.000000
-102.000000
55.000000
317.000000
453.000000
567.000000
691.000000
722.000000
786.000000
767.000000
723.000000
705.000000
735.000000
714.000000
648.000000
584.000000
421.000000
236.000000
81.000000
-122.000000
-269.000000
-367.000000
-490.000000
-623.000000
-750.000000
-822.000000
-826.000000
-753.000000
-683.000000
-615.000000
-516.000000
-387.000000
-274.000000
-89.000000
91.000000
276.000000
443.000000
571.000000
715.000000
821.000000
959.000000
1109.000000
1211.000000
1265.000000
1233.000000
1220.000000
1204.000000
1158.000000
1082.000000
960.000000
883.000000
756.000000
634.000000
524.000000
410.000000
239.000000
88.000000
-40.000000
-131.000000
-164.000000
-196.000000
-267.000000
-306.000000
-337.000000
-364.000000
-319.000000
-265.000000
-238.000000
-152.000000
-25.000000
37.000000
102.000000
98.000000
92.000000
130.000000
223.000000
242.000000
290.000000
339.000000
315.000000
363.000000
423.000000
451.000000
456.000000
508.000000
514.000000
521.000000
552.000000
474.000000
397.000000
307.000000
74.000000
-106.000000
-194.000000
-222.000000
-296.000000
-408.000000
-621.000000
-838.000000
-862.000000
-888.000000
-972.000000
-1073.000000
-1188.000000
-1246.000000
-1207.000000
-1199.000000
-1269.000000
-1295.000000
-1242.000000
-1168.000000
-981.000000
-785.000000
-662.000000
-495.000000
-305.000000
-173.000000
-31.000000
80.000000
159.000000
310.000000
487.000000
555.000000
637.000000
675.000000
606.000000
566.000000
542.000000
532.000000
517.000000
507.000000
342.000000
171.000000
-1.000000
-180.000000
-255.000000
-311.000000
-443.000000
-616.000000
-707.000000
-751.000000
-704.000000
-654.000000
-606.000000
-570.000000
-510.000000
-438.000000
-312.000000
-151.000000
-25.000000
120.000000
250.000000
362.000000
499.000000
577.000000
722.000000
855.000000
872.000000
885.000000
882.000000
942.000000
962.000000
964.000000
884.000000
777.000000
700.000000
579.000000
539.000000
529.000000
419.000000
346.000000
277.000000
199.000000
126.000000
86.000000
44.000000
-1.000000
-3.000000
-43.000000
-17.000000
34.000000
-8.000000
-75.000000
-76.000000
-107.000000
-82.000000
-34.000000
8.000000
-20.000000
-63.000000
-139.000000
-150.000000
-84.000000
-41.000000
42.000000
152.000000
189.000000
203.000000
243.000000
312.000000
388.000000
437.000000
462.000000
472.000000
487.000000
457.000000
391.000000
296.000000
175.000000
92.000000
85.000000
29.000000
-75.000000
-219.000000
-372.000000
-502.000000
-628.000000
-720.000000
-774.000000
-806.000000
-883.000000
-1009.000000
-1090.000000
-1120.000000
-1077.000000
-988.000000
-960.000000
-918.000000
-843.000000
-724.000000
-596.000000
-508.000000
-396.000000
-312.000000
-206.000000
-123.000000
-55.000000
32.000000
79.000000
108.000000
162.000000
184.000000
200.000000
236.000000
265.000000
230.000000
171.000000
130.000000
94.000000
74.000000
-9.000000
-88.000000
-149.000000
-199.000000
-268.000000
-280.000000
-284.000000
-336.000000
-367.000000
-366.000000
-322.000000
-241.000000
-178.000000
-98.000000
-67.000000
-79.000000
-86.000000
-1.000000
129.000000
225.000000
281.000000
283.000000
300.000000
336.000000
396.000000
464.000000
538.000000
553.000000
560.000000
582.000000
600.000000
615.000000
635.000000
604.000000
561.000000
538.000000
566.000000
612.000000
607.000000
533.000000
449.000000
437.000000
441.000000
433.000000
393.000000
334.000000
288.000000
255.000000
162.000000
35.000000
-27.000000
-32.000000
-38.000000
-65.000000
-109.000000
-128.000000
-111.000000
-74.000000
-65.000000
-32.000000
14.000000
63.000000
145.000000
249.000000
293.000000
312.000000
336.000000
356.000000
413.000000
502.000000
574.000000
591.000000
563.000000
465.000000
376.000000
351.000000
293.000000
204.000000
124.000000
8.000000
-112.000000
-226.000000
-322.000000
-459.000000
-583.000000
-693.000000
-777.000000
-790.000000
-813.000000
-902.000000
-975.000000
-1015.000000
-1044.000000
-1014.000000
-962.000000
-881.000000
-821.000000
-768.000000
-740.000000
-717.000000
-621.000000
-533.000000
-412.000000
-303.000000
-274.000000
-253.000000
-227.000000
-154.000000
-92.000000
-19.000000
34.000000
57.000000
90.000000
74.000000
65.000000
68.000000
56.000000
46.000000
55.000000
26.000000
-23.000000
-95.000000
-151.000000
-188.000000
-211.000000
-219.000000
-197.000000
-153.000000
-160.000000
-218.000000
-273.000000
-308.000000
-248.000000
-149.000000
-73.000000
-34.000000
-32.000000
-16.000000
-11.000000
54.000000
130.000000
245.000000
368.000000
460.000000
534.000000
591.000000
615.000000
607.000000
629.000000
664.000000
731.000000
811.000000
828.000000
766.000000
688.000000
631.000000
620.000000
629.000000
621.000000
566.000000
521.000000
471.000000
389.000000
318.000000
243.000000
177.000000
139.000000
124.000000
102.000000
75.000000
74.000000
53.000000
19.000000
-9.000000
-7.000000
71.000000
152.000000
199.000000
175.000000
138.000000
166.000000
225.000000
322.000000
388.000000
409.000000
424.000000
385.000000
378.000000
366.000000
361.000000
342.000000
239.000000
130.000000
37.000000
-16.000000
-96.000000
-183.000000
-307.000000
-407.000000
-457.000000
-526.000000
-629.000000
-709.000000
-792.000000
-865.000000
-887.000000
-948.000000
-1007.000000
-989.000000
-966.000000
-965.000000
-917.000000
-872.000000
-832.000000
-737.000000
-627.000000
-581.000000
-488.000000
-448.000000
-483.000000
-392.000000
-290.000000
-217.000000
-116.000000
-67.000000
-80.000000
-57.000000
6.000000
40.000000
106.000000
153.000000
122.000000
102.000000
74.000000
4.000000
-30.000000
-23.000000
-61.000000
-94.000000
-109.000000
-179.000000
-199.000000
-215.000000
-235.000000
-248.000000
-255.000000
-269.000000
-274.000000
-236.000000
-224.000000
-216.000000
-169.000000
-109.000000
-32.000000
64.000000
150.000000
241.000000
328.000000
441.000000
502.000000
582.000000
645.000000
689.000000
731.000000
785.000000
808.000000
802.000000
809.000000
801.000000
768.000000
760.000000
726.000000
702.000000
688.000000
642.000000
561.000000
523.000000
499.000000
446.000000
410.000000
347.000000
274.000000
245.000000
253.000000
241.000000
232.000000
205.000000
190.000000
182.000000
177.000000
150.000000
150.000000
172.000000
188.000000
219.000000
276.000000
271.000000
249.000000
213.000000
216.000000
281.000000
292.000000
298.000000
265.000000
223.000000
137.000000
61.000000
15.000000
-52.000000
-86.000000
-134.000000
-187.000000
-246.000000
-337.000000
-398.000000
-454.000000
-526.000000
-630.000000
-705.000000
-712.000000
-755.000000
-825.000000
-886.000000
-952.000000
-952.000000
-921.000000
-873.000000
-832.000000
-807.000000
-770.000000
-733.000000
-670.000000
-634.000000
-613.000000
-536.000000
-472.000000
-424.000000
-362.000000
-318.000000
-267.000000
-210.000000
-151.000000
-100.000000
-7.000000
70.000000
76.000000
63.000000
31.000000
4.000000
18.000000
13.000000
-28.000000
-65.000000
-89.000000
-144.000000
-169.000000
-168.000000
-176.000000
-175.000000
-191.000000
-219.000000
-226.000000
-225.000000
-221.000000
-206.000000
-194.000000
-169.000000
-117.000000
-49.000000
24.000000
94.000000
171.000000
260.000000
319.000000
374.000000
453.000000
559.000000
628.000000
656.000000
660.000000
675.000000
712.000000
749.000000
774.000000
786.000000
770.000000
762.000000
759.000000
741.000000
712.000000
674.000000
634.000000
567.000000
523.000000
478.000000
458.000000
458.000000
430.000000
383.000000
324.000000
302.000000
298.000000
299.000000
311.000000
299.000000
271.000000
217.000000
186.000000
179.000000
179.000000
189.000000
197.000000
201.000000
200.000000
187.000000
182.000000
164.000000
139.000000
114.000000
123.000000
106.000000
60.000000
-5.000000
-74.000000
-122.000000
-161.000000
-198.000000
-254.000000
-286.000000
-341.000000
-411.000000
-478.000000
-564.000000
-638.000000
-673.000000
-704.000000
-767.000000
-824.000000
-856.000000
-868.000000
-859.000000
-867.000000
-892.000000
-870.000000
-824.000000
-776.000000
-725.000000
-682.000000
-660.000000
-626.000000
-584.000000
-543.000000
-463.000000
-382.000000
-319.000000
-257.000000
-212.000000
-183.000000
-136.000000
-92.000000
-97.000000
-83.000000
-55.000000
-52.000000
-36.000000
-42.000000
-70.000000
-79.000000
-87.000000
-99.000000
-71.000000
-45.000000
-61.000000
-94.000000
-105.000000
-118.000000
-93.000000
-87.000000
-107.000000
-117.000000
-106.000000
-101.000000
-85.000000
-26.000000
28.000000
109.000000
172.000000
208.000000
233.000000
305.000000
380.000000
474.000000
560.000000
596.000000
646.000000
681.000000
702.000000
736.000000
754.000000
777.000000
801.000000
831.000000
833.000000
811.000000
760.000000
709.000000
697.000000
680.000000
655.000000
625.000000
614.000000
598.000000
572.000000
490.000000
400.000000
362.000000
361.000000
371.000000
350.000000
287.000000
225.000000
186.000000
173.000000
143.000000
132.000000
157.000000
166.000000
169.000000
148.000000
126.000000
104.000000
81.000000
47.000000
44.000000
61.000000
44.000000
-7.000000
-64.000000
-129.000000
-156.000000
-160.000000
-174.000000
-207.000000
-253.000000
-297.000000
-358.000000
-406.000000
-480.000000
-530.000000
-557.000000
-609.000000
-670.000000
-720.000000
-766.000000
-792.000000
-815.000000
-813.000000
-815.000000
-804.000000
-776.000000
-759.000000
-720.000000
-714.000000
-708.000000
-673.000000
-629.000000
-586.000000
-545.000000
-499.000000
-454.000000
-418.000000
-364.000000
-329.000000
-291.000000
-219.000000
-163.000000
-113.000000
-84.000000
-81.000000
-66.000000
-52.000000
-26.000000
-21.000000
-22.000000
-38.000000
-82.000000
-94.000000
-108.000000
-130.000000
-122.000000
-130.000000
-136.000000
-147.000000
-167.000000
-175.000000
-163.000000
-108.000000
-69.000000
-15.000000
22.000000
45.000000
85.000000
114.000000
167.000000
254.000000
340.000000
418.000000
484.000000
541.000000
595.000000
661.000000
709.000000
756.000000
788.000000
816.000000
844.000000
865.000000
869.000000
834.000000
802.000000
782.000000
760.000000
761.000000
747.000000
723.000000
678.000000
610.000000
544.000000
504.000000
484.000000
444.000000
419.000000
369.000000
315.000000
261.000000
218.000000
207.000000
186.000000
170.000000
171.000000
164.000000
150.000000
123.000000
98.000000
103.000000
98.000000
83.000000
75.000000
70.000000
66.000000
34.000000
-1.000000
-44.000000
-83.000000
-99.000000
-127.000000
-145.000000
-191.000000
-256.000000
-318.000000
-393.000000
-459.000000
-502.000000
-516.000000
-536.000000
-603.000000
-680.000000
-755.000000
-794.000000
-805.000000
-805.000000
-814.000000
-816.000000
-792.000000
-786.000000
-770.000000
-754.000000
-733.000000
-692.000000
-645.000000
-579.000000
-520.000000
-471.000000
-439.000000
-422.000000
-388.000000
-350.000000
-294.000000
-223.000000
-171.000000
-136.000000
-104.000000
-93.000000
-88.000000
-87.000000
-85.000000
-64.000000
-50.000000
-57.000000
-74.000000
-85.000000
-122.000000
-156.000000
-186.000000
-175.000000
-136.000000
-109.000000
-114.000000
-138.000000
-142.000000
-129.000000
-90.000000
-52.000000
-31.000000
15.000000
81.000000
125.000000
160.000000
197.000000
259.000000
344.000000
423.000000
502.000000
564.000000
617.000000
669.000000
703.000000
735.000000
756.000000
808.000000
847.000000
851.000000
838.000000
825.000000
817.000000
792.000000
779.000000
746.000000
718.000000
675.000000
616.000000
580.000000
526.000000
481.000000
459.000000
399.000000
343.000000
307.000000
274.000000
249.000000
231.000000
193.000000
157.000000
158.000000
156.000000
138.000000
133.000000
108.000000
72.000000
85.000000
85.000000
94.000000
102.000000
74.000000
39.000000
21.000000
-2.000000
-44.000000
-66.000000
-97.000000
-145.000000
-170.000000
-204.000000
-251.000000
-297.000000
-362.000000
-417.000000
-449.000000
-469.000000
-493.000000
-522.000000
-580.000000
-649.000000
-686.000000
-698.000000
-705.000000
-709.000000
-697.000000
-686.000000
-671.000000
-675.000000
-680.000000
-660.000000
-634.000000
-615.000000
-571.000000
-534.000000
-508.000000
-492.000000
-490.000000
-475.000000
-441.000000
-378.000000
-315.000000
-266.000000
-239.000000
-208.000000
-180.000000
-183.000000
-184.000000
-166.000000
-135.000000
-113.000000
-123.000000
-154.000000
-186.000000
-194.000000
-188.000000
-164.000000
-164.000000
-161.000000
-143.000000
-121.000000
-108.000000
-94.000000
-80.000000
-46.000000
-20.000000
8.000000
47.000000
86.000000
135.000000
177.000000
240.000000
298.000000
366.000000
423.000000
481.000000
537.000000
592.000000
639.000000
683.000000
713.000000
729.000000
750.000000
760.000000
761.000000
766.000000
768.000000
761.000000
758.000000
740.000000
707.000000
676.000000
648.000000
600.000000
568.000000
533.000000
489.000000
446.000000
398.000000
349.000000
311.000000
282.000000
255.000000
231.000000
199.000000
171.000000
150.000000
136.000000
123.000000
97.000000
88.000000
87.000000
90.000000
98.000000
88.000000
72.000000
55.000000
41.000000
24.000000
5.000000
-14.000000
-53.000000
-94.000000
-138.000000
-168.000000
-192.000000
-227.000000
-267.000000
-307.000000
-338.000000
-371.000000
-405.000000
-419.000000
-448.000000
-494.000000
-536.000000
-567.000000
-593.000000
-607.000000
-627.000000
-636.000000
-637.000000
-651.000000
-652.000000
-626.000000
-604.000000
-600.000000
-581.000000
-560.000000
-542.000000
-524.000000
-493.000000
-477.000000
-435.000000
-405.000000
-378.000000
-355.000000
-340.000000
-299.000000
-241.000000
-195.000000
-180.000000
-167.000000
-165.000000
-157.000000
-143.000000
-142.000000
-125.000000
-116.000000
-120.000000
-143.000000
-150.000000
-140.000000
-133.000000
-114.000000
-96.000000
-81.000000
-54.000000
-30.000000
-18.000000
3.000000
20.000000
48.000000
93.000000
163.000000
211.000000
251.000000
297.000000
334.000000
383.000000
443.000000
492.000000
545.000000
592.000000
616.000000
639.000000
653.000000
656.000000
678.000000
714.000000
726.000000
737.000000
733.000000
715.000000
695.000000
670.000000
634.000000
599.000000
579.000000
550.000000
506.000000
451.000000
397.000000
345.000000
319.000000
319.000000
306.000000
287.000000
255.000000
224.000000
193.000000
166.000000
143.000000
124.000000
118.000000
114.000000
113.000000
92.000000
56.000000
40.000000
32.000000
44.000000
55.000000
54.000000
47.000000
15.000000
-32.000000
-83.000000
-130.000000
-165.000000
-173.000000
-203.000000
-246.000000
-289.000000
-338.000000
-391.000000
-417.000000
-442.000000
-462.000000
-476.000000
-516.000000
-567.000000
-604.000000
-613.000000
-624.000000
-638.000000
-640.000000
-643.000000
-630.000000
-607.000000
-593.000000
-582.000000
-561.000000
-539.000000
-509.000000
-463.000000
-435.000000
-409.000000
-384.000000
-380.000000
-356.000000
-317.000000
-270.000000
-210.000000
-182.000000
-161.000000
-167.000000
-171.000000
-160.000000
-154.000000
-133.000000
-122.000000
-133.000000
-149.000000
-160.000000
-175.000000
-167.000000
-153.000000
-138.000000
-114.000000
-99.000000
-99.000000
-81.000000
-62.000000
-59.000000
-39.000000
-20.000000
23.000000
74.000000
117.000000
157.000000
172.000000
206.000000
262.000000
324.000000
388.000000
441.000000
469.000000
492.000000
520.000000
545.000000
569.000000
597.000000
619.000000
634.000000
649.000000
640.000000
636.000000
632.000000
622.000000
612.000000
600.000000
577.000000
550.000000
537.000000
506.000000
474.000000
440.000000
400.000000
377.000000
372.000000
347.000000
318.000000
287.000000
254.000000
229.000000
202.000000
173.000000
159.000000
159.000000
145.000000
138.000000
113.000000
99.000000
100.000000
104.000000
111.000000
102.000000
81.000000
61.000000
49.000000
27.000000
-12.000000
-53.000000
-87.000000
-120.000000
-151.000000
-171.000000
-200.000000
-239.000000
-281.000000
-317.000000
-346.000000
-377.000000
-405.000000
-432.000000
-464.000000
-490.000000
-514.000000
-537.000000
-554.000000
-562.000000
-562.000000
-559.000000
-541.000000
-537.000000
-523.000000
-499.000000
-490.000000
-476.000000
-463.000000
-447.000000
-427.000000
-402.000000
-382.000000
-363.000000
-339.000000
-326.000000
-318.000000
-292.000000
-273.000000
-255.000000
-233.000000
-231.000000
-236.000000
-225.000000
-223.000000
-220.000000
-219.000000
-211.000000
-200.000000
-196.000000
-193.000000
-191.000000
-165.000000
-157.000000
-145.000000
-120.000000
-107.000000
-83.000000
-47.000000
-9.000000
17.000000
51.000000
95.000000
138.000000
177.000000
208.000000
248.000000
282.000000
323.000000
357.000000
392.000000
427.000000
454.000000
476.000000
500.000000
524.000000
544.000000
572.000000
592.000000
603.000000
604.000000
598.000000
594.000000
592.000000
574.000000
560.000000
546.000000
527.000000
513.000000
479.000000
449.000000
442.000000
419.000000
387.000000
362.000000
334.000000
312.000000
291.000000
269.000000
236.000000
218.000000
200.000000
189.000000
180.000000
165.000000
150.000000
136.000000
121.000000
119.000000
117.000000
122.000000
117.000000
86.000000
48.000000
20.000000
7.000000
-5.000000
-22.000000
-56.000000
-88.000000
-142.000000
-184.000000
-211.000000
-243.000000
-272.000000
-292.000000
-327.000000
-363.000000
-387.000000
-431.000000
-457.000000
-473.000000
-484.000000
-497.000000
-514.000000
-517.000000
-532.000000
-538.000000
-545.000000
-530.000000
-512.000000
-493.000000
-481.000000
-477.000000
-477.000000
-465.000000
-435.000000
-411.000000
-398.000000
-383.000000
-373.000000
-365.000000
-351.000000
-336.000000
-313.000000
-298.000000
-286.000000
-274.000000
-259.000000
-244.000000
-240.000000
-233.000000
-231.000000
-221.000000
-205.000000
-191.000000
-181.000000
-186.000000
-190.000000
-172.000000
-143.000000
-120.000000
-87.000000
-58.000000
-36.000000
-33.000000
-6.000000
23.000000
63.000000
124.000000
159.000000
188.000000
213.000000
245.000000
272.000000
311.000000
356.000000
400.000000
447.000000
471.000000
495.000000
498.000000
509.000000
526.000000
527.000000
543.000000
546.000000
558.000000
556.000000
540.000000
519.000000
498.000000
491.000000
494.000000
493.000000
485.000000
466.000000
428.000000
398.000000
370.000000
353.000000
345.000000
348.000000
336.000000
317.000000
284.000000
264.000000
254.000000
249.000000
250.000000
250.000000
229.000000
201.000000
193.000000
163.000000
151.000000
138.000000
124.000000
113.000000
90.000000
65.000000
39.000000
7.000000
-34.000000
-56.000000
-82.000000
-100.000000
-127.000000
-177.000000
-219.000000
-263.000000
-295.000000
-318.000000
-334.000000
-336.000000
-359.000000
-392.000000
-424.000000
-458.000000
-477.000000
-468.000000
-473.000000
-473.000000
-473.000000
-494.000000
-504.000000
-517.000000
-508.000000
-492.000000
-479.000000
-465.000000
-452.000000
-439.000000
-440.000000
-443.000000
-436.000000
-423.000000
-396.000000
-363.000000
-349.000000
-343.000000
-341.000000
-337.000000
-308.000000
-288.000000
-269.000000
-253.000000
-247.000000
-238.000000
-232.000000
-222.000000
-207.000000
-197.000000
-177.000000
-151.000000
-128.000000
-109.000000
-92.000000
-69.000000
-37.000000
-5.000000
21.000000
50.000000
79.000000
113.000000
141.000000
159.000000
183.000000
227.000000
269.000000
309.000000
350.000000
369.000000
400.000000
428.000000
445.000000
468.000000
477.000000
499.000000
513.000000
509.000000
510.000000
518.000000
518.000000
520.000000
523.000000
511.000000
504.000000
492.000000
486.000000
468.000000
452.000000
432.000000
410.000000
395.000000
378.000000
369.000000
352.000000
339.000000
325.000000
312.000000
302.000000
282.000000
268.000000
253.000000
223.000000
195.000000
182.000000
161.000000
137.000000
119.000000
99.000000
70.000000
42.000000
19.000000
-4.000000
-19.000000
-33.000000
-52.000000
-83.000000
-125.000000
-155.000000
-184.000000
-210.000000
-219.000000
-236.000000
-265.000000
-293.000000
-325.000000
-356.000000
-371.000000
-388.000000
-409.000000
-423.000000
-439.000000
-441.000000
-453.000000
-464.000000
-470.000000
-473.000000
-471.000000
-463.000000
-458.000000
-456.000000
-451.000000
-457.000000
-457.000000
-449.000000
-446.000000
-433.000000
-420.000000
-416.000000
-403.000000
-396.000000
-386.000000
-361.000000
-336.000000
-314.000000
-300.000000
-294.000000
-282.000000
-261.000000
-243.000000
-229.000000
-216.000000
-192.000000
-173.000000
-145.000000
-111.000000
-86.000000
-59.000000
-33.000000
-5.000000
32.000000
59.000000
74.000000
106.000000
125.000000
145.000000
165.000000
190.000000
216.000000
245.000000
276.000000
301.000000
319.000000
341.000000
363.000000
388.000000
405.000000
422.000000
438.000000
443.000000
459.000000
456.000000
452.000000
464.000000
467.000000
466.000000
470.000000
464.000000
464.000000
456.000000
447.000000
433.000000
418.000000
411.000000
396.000000
387.000000
377.000000
356.000000
328.000000
308.000000
296.000000
278.000000
265.000000
241.000000
218.000000
204.000000
188.000000
166.000000
139.000000
114.000000
104.000000
87.000000
58.000000
26.000000
14.000000
-9.000000
-36.000000
-58.000000
-84.000000
-95.000000
-118.000000
-141.000000
-165.000000
-174.000000
-192.000000
-206.000000
-221.000000
-239.000000
-259.000000
-286.000000
-299.000000
-312.000000
-315.000000
-318.000000
-330.000000
-338.000000
-349.000000
-354.000000
-357.000000
-366.000000
-362.000000
-354.000000
-346.000000
-337.000000
-339.000000
-337.000000
-341.000000
-329.000000
-304.000000
-290.000000
-264.000000
-248.000000
-239.000000
-228.000000
-212.000000
-205.000000
-202.000000
-181.000000
-170.000000
-163.000000
-149.000000
-145.000000
-136.000000
-129.000000
-121.000000
-98.000000
-80.000000
-62.000000
-42.000000
-39.000000
-36.000000
-25.000000
-10.000000
-7.000000
9.000000
30.000000
48.000000
62.000000
74.000000
84.000000
95.000000
124.000000
150.000000
171.000000
185.000000
193.000000
205.000000
224.000000
235.000000
257.000000
287.000000
300.000000
312.000000
321.000000
324.000000
330.000000
339.000000
340.000000
336.000000
328.000000
313.000000
301.000000
290.000000
284.000000
268.000000
263.000000
263.000000
255.000000
251.000000
225.000000
203.000000
184.000000
166.000000
144.000000
131.000000
125.000000
109.000000
99.000000
86.000000
76.000000
70.000000
69.000000
67.000000
53.000000
46.000000
26.000000
3.000000
-13.000000
-31.000000
-37.000000
-57.000000
-80.000000
-85.000000
-89.000000
-84.000000
-101.000000
-116.000000
-127.000000
-146.000000
-156.000000
-173.000000
-203.000000
-220.000000
-223.000000
-239.000000
-246.000000
-255.000000
-255.000000
-249.000000
-245.000000
-247.000000
-236.000000
-233.000000
-236.000000
-230.000000
-235.000000
-234.000000
-235.000000
-219.000000
-215.000000
-205.000000
-188.000000
-181.000000
-170.000000
-153.000000
-130.000000
-126.000000
-122.000000
-113.000000
-114.000000
-93.000000
-84.000000
-92.000000
-80.000000
-72.000000
-67.000000
-55.000000
-43.000000
-34.000000
-34.000000
-34.000000
-30.000000
-20.000000
-20.000000
-25.000000
-22.000000
-17.000000
-5.000000
1.000000
7.000000
21.000000
29.000000
35.000000
41.000000
61.000000
74.000000
73.000000
74.000000
74.000000
95.000000
110.000000
122.000000
127.000000
128.000000
148.000000
163.000000
186.000000
195.000000
189.000000
194.000000
198.000000
204.000000
204.000000
204.000000
196.000000
189.000000
191.000000
194.000000
199.000000
192.000000
176.000000
157.000000
155.000000
153.000000
130.000000
97.000000
88.000000
81.000000
86.000000
80.000000
59.000000
49.000000
45.000000
53.000000
57.000000
67.000000
44.000000
34.000000
36.000000
28.000000
33.000000
12.000000
5.000000
7.000000
12.000000
26.000000
15.000000
-9.000000
-17.000000
-30.000000
-33.000000
-27.000000
-35.000000
-49.000000
-66.000000
-62.000000
-56.000000
-61.000000
-67.000000
-78.000000
-82.000000
-73.000000
-48.000000
-52.000000
-69.000000
-82.000000
-86.000000
-59.000000
-40.000000
-41.000000
-51.000000
-54.000000
-42.000000
-15.000000
8.000000
10.000000
-2.000000
-13.000000
-3.000000
8.000000
1.000000
-13.000000
-27.000000
-15.000000
6.000000
9.000000
-9.000000
-36.000000
-55.000000
-49.000000
-25.000000
-27.000000
-42.000000
-58.000000
-73.000000
-70.000000
-60.000000
-75.000000
-100.000000
-115.000000
-108.000000
-83.000000
-69.000000
-104.000000
-179.000000
-201.000000
-139.000000
-57.000000
-33.000000
-92.000000
-155.000000
-155.000000
-82.000000
-16.000000
-25.000000
-75.000000
-114.000000
-70.000000
29.000000
74.000000
25.000000
-54.000000
-77.000000
-12.000000
65.000000
73.000000
9.000000
-47.000000
-41.000000
33.000000
95.000000
82.000000
9.000000
-58.000000
-61.000000
-10.000000
31.000000
8.000000
-43.000000
-82.000000
-53.000000
15.000000
56.000000
24.000000
-47.000000
-75.000000
-33.000000
31.000000
45.000000
0.000000
-43.000000
-36.000000
27.000000
95.000000
111.000000
83.000000
44.000000
54.000000
103.000000
134.000000
119.000000
78.000000
53.000000
83.000000
118.000000
127.000000
117.000000
74.000000
59.000000
80.000000
109.000000
113.000000
75.000000
32.000000
38.000000
83.000000
116.000000
100.000000
49.000000
21.000000
36.000000
86.000000
105.000000
72.000000
32.000000
24.000000
69.000000
121.000000
117.000000
59.000000
17.000000
34.000000
75.000000
92.000000
63.000000
5.000000
-15.000000
19.000000
61.000000
66.000000
18.000000
-41.000000
-49.000000
-9.000000
11.000000
-16.000000
-59.000000
-80.000000
-76.000000
-48.000000
-31.000000
-64.000000
-106.000000
-118.000000
-105.000000
-81.000000
-79.000000
-121.000000
-153.000000
-148.000000
-122.000000
-100.000000
-107.000000
-131.000000
-153.000000
-139.000000
-109.000000
-93.000000
-112.000000
-149.000000
-156.000000
-119.000000
-89.000000
-104.000000
-128.000000
-141.000000
-125.000000
-92.000000
-65.000000
-75.000000
-101.000000
-105.000000
-75.000000
-41.000000
-47.000000
-81.000000
-112.000000
-96.000000
-61.000000
-36.000000
-38.000000
-53.000000
-60.000000
-31.000000
18.000000
36.000000
26.000000
-6.000000
-14.000000
22.000000
64.000000
75.000000
50.000000
32.000000
39.000000
70.000000
102.000000
110.000000
73.000000
46.000000
70.000000
111.000000
140.000000
128.000000
94.000000
85.000000
108.000000
134.000000
150.000000
136.000000
105.000000
107.000000
133.000000
175.000000
172.000000
142.000000
128.000000
140.000000
171.000000
177.000000
167.000000
138.000000
127.000000
131.000000
155.000000
146.000000
114.000000
94.000000
98.000000
128.000000
132.000000
114.000000
80.000000
55.000000
60.000000
78.000000
78.000000
49.000000
21.000000
16.000000
27.000000
36.000000
20.000000
-27.000000
-52.000000
-51.000000
-33.000000
-18.000000
-33.000000
-61.000000
-85.000000
-81.000000
-57.000000
-50.000000
-80.000000
-120.000000
-132.000000
-121.000000
-96.000000
-100.000000
-128.000000
-156.000000
-163.000000
-145.000000
-129.000000
-129.000000
-161.000000
-181.000000
-175.000000
-148.000000
-137.000000
-148.000000
-164.000000
-185.000000
-182.000000
-158.000000
-143.000000
-148.000000
-169.000000
-196.000000
-191.000000
-168.000000
-139.000000
-136.000000
-162.000000
-166.000000
-153.000000
-116.000000
-93.000000
-103.000000
-124.000000
-128.000000
-90.000000
-43.000000
-22.000000
-33.000000
-42.000000
-34.000000
-9.000000
22.000000
36.000000
38.000000
25.000000
28.000000
55.000000
75.000000
74.000000
58.000000
56.000000
59.000000
69.000000
82.000000
89.000000
89.000000
94.000000
105.000000
116.000000
130.000000
140.000000
134.000000
132.000000
134.000000
140.000000
142.000000
146.000000
167.000000
169.000000
163.000000
167.000000
166.000000
181.000000
189.000000
184.000000
177.000000
162.000000
154.000000
151.000000
155.000000
146.000000
130.000000
128.000000
130.000000
125.000000
111.000000
100.000000
86.000000
78.000000
86.000000
83.000000
58.000000
45.000000
39.000000
34.000000
28.000000
12.000000
-3.000000
-1.000000
8.000000
10.000000
-3.000000
-24.000000
-24.000000
-24.000000
-23.000000
-31.000000
-54.000000
-69.000000
-67.000000
-75.000000
-78.000000
-83.000000
-93.000000
-90.000000
-96.000000
-111.000000
-125.000000
-127.000000
-135.000000
-140.000000
-151.000000
-151.000000
-131.000000
-130.000000
-131.000000
-142.000000
-157.000000
-165.000000
-161.000000
-155.000000
-164.000000
-175.000000
-172.000000
-162.000000
-161.000000
-160.000000
-159.000000
-168.000000
-165.000000
-157.000000
-152.000000
-138.000000
-131.000000
-126.000000
-117.000000
