-9.000000
-2.000000
-15.000000
-13.000000
-8.000000
-1.000000
-3.000000
-13.000000
-10.000000
-10.000000
-6.000000
-11.000000
-12.000000
-11.000000
-8.000000
-1.000000
-4.000000
-2.000000
-4.000000
7.000000
4.000000
-2.000000
3.000000
4.000000
-4.000000
-7.000000
-11.000000
-11.000000
-3.000000
5.000000
5.000000
4.000000
12.000000
1.000000
-8.000000
-2.000000
-12.000000
-10.000000
-3.000000
-9.000000
-4.000000
-7.000000
-5.000000
4.000000
0.000000
8.000000
10.000000
1.000000
0.000000
6.000000
-4.000000
-16.000000
-9.000000
-7.000000
2.000000
11.000000
-5.000000
1.000000
8.000000
-1.000000
8.000000
3.000000
1.000000
-2.000000
-8.000000
3.000000
10.000000
9.000000
10.000000
9.000000
11.000000
21.000000
13.000000
5.000000
2.000000
0.000000
-6.000000
-7.000000
0.000000
-2.000000
4.000000
5.000000
1.000000
8.000000
-1.000000
1.000000
-2.000000
-6.000000
-1.000000
-9.000000
-6.000000
-2.000000
2.000000
5.000000
6.000000
4.000000
0.000000
0.000000
-4.000000
-12.000000
-7.000000
-3.000000
-4.000000
-11.000000
-11.000000
-6.000000
-9.000000
-2.000000
-1.000000
3.000000
5.000000
0.000000
-5.000000
-9.000000
-4.000000
2.000000
7.000000
7.000000
6.000000
2.000000
-2.000000
9.000000
5.000000
-3.000000
-3.000000
-6.000000
-12.000000
-9.000000
-1.000000
-1.000000
3.000000
0.000000
2.000000
1.000000
2.000000
-6.000000
-6.000000
-3.000000
-13.000000
-7.000000
-11.000000
-6.000000
-11.000000
-9.000000
-5.000000
-8.000000
-7.000000
-10.000000
-3.000000
-3.000000
-7.000000
-7.000000
-5.000000
2.000000
3.000000
-2.000000
5.000000
6.000000
9.000000
2.000000
5.000000
-3.000000
-5.000000
-7.000000
-9.000000
-1.000000
-2.000000
-1.000000
-7.000000
7.000000
0.000000
-1.000000
1.000000
0.000000
1.000000
-10.000000
-3.000000
-4.000000
4.000000
0.000000
2.000000
12.000000
8.000000
3.000000
-2.000000
-9.000000
-9.000000
-2.000000
-7.000000
-5.000000
-8.000000
-10.000000
-6.000000
-3.000000
-7.000000
-13.000000
-18.000000
-21.000000
-9.000000
-8.000000
-8.000000
1.000000
7.000000
9.000000
1.000000
-2.000000
5.000000
6.000000
4.000000
2.000000
5.000000
-5.000000
-3.000000
-3.000000
-9.000000
-10.000000
-4.000000
5.000000
9.000000
5.000000
-1.000000
1.000000
11.000000
9.000000
3.000000
1.000000
1.000000
-2.000000
9.000000
7.000000
3.000000
4.000000
6.000000
10.000000
11.000000
13.000000
-4.000000
-1.000000
-2.000000
-10.000000
-4.000000
-3.000000
2.000000
8.000000
6.000000
3.000000
6.000000
7.000000
-1.000000
0.000000
-1.000000
-8.000000
-5.000000
-3.000000
-7.000000
-10.000000
-10.000000
-6.000000
1.000000
-2.000000
-2.000000
0.000000
0.000000
2.000000
-6.000000
0.000000
7.000000
4.000000
9.000000
-3.000000
-1.000000
1.000000
-4.000000
-11.000000
-3.000000
-5.000000
7.000000
4.000000
-5.000000
3.000000
8.000000
5.000000
4.000000
-1.000000
-6.000000
3.000000
-2.000000
0.000000
3.000000
-1.000000
0.000000
7.000000
8.000000
11.000000
12.000000
11.000000
9.000000
0.000000
2.000000
6.000000
5.000000
-1.000000
10.000000
12.000000
12.000000
13.000000
11.000000
13.000000
6.000000
1.000000
8.000000
9.000000
0.000000
5.000000
5.000000
2.000000
3.000000
0.000000
2.000000
1.000000
3.000000
-1.000000
1.000000
-9.000000
-6.000000
7.000000
1.000000
-4.000000
4.000000
12.000000
11.000000
9.000000
5.000000
3.000000
7.000000
13.000000
1.000000
-3.000000
-2.000000
0.000000
1.000000
-9.000000
-10.000000
-11.000000
-8.000000
-9.000000
-6.000000
-11.000000
-7.000000
-7.000000
-1.000000
0.000000
-1.000000
-4.000000
3.000000
8.000000
4.000000
-1.000000
-7.000000
2.000000
6.000000
5.000000
6.000000
8.000000
9.000000
6.000000
1.000000
4.000000
17.000000
13.000000
13.000000
1.000000
-11.000000
-7.000000
-8.000000
-4.000000
-11.000000
-7.000000
-5.000000
-10.000000
-11.000000
-7.000000
-8.000000
-11.000000
4.000000
-1.000000
2.000000
0.000000
-8.000000
1.000000
5.000000
-2.000000
-5.000000
0.000000
-4.000000
-2.000000
-2.000000
-4.000000
1.000000
0.000000
2.000000
3.000000
2.000000
-1.000000
-4.000000
-3.000000
-8.000000
-7.000000
-3.000000
-3.000000
-7.000000
4.000000
9.000000
10.000000
8.000000
9.000000
13.000000
6.000000
6.000000
-1.000000
-4.000000
-8.000000
-8.000000
-12.000000
-15.000000
4.000000
1.000000
5.000000
13.000000
4.000000
-3.000000
-3.000000
6.000000
-6.000000
-5.000000
0.000000
-3.000000
4.000000
2.000000
-2.000000
8.000000
13.000000
15.000000
18.000000
15.000000
21.000000
9.000000
11.000000
16.000000
6.000000
7.000000
2.000000
1.000000
-4.000000
-3.000000
11.000000
8.000000
4.000000
2.000000
9.000000
12.000000
15.000000
11.000000
10.000000
6.000000
2.000000
-2.000000
-2.000000
5.000000
-3.000000
2.000000
-7.000000
-7.000000
-2.000000
4.000000
6.000000
9.000000
8.000000
8.000000
3.000000
2.000000
15.000000
6.000000
-3.000000
-5.000000
-6.000000
-4.000000
4.000000
2.000000
1.000000
7.000000
6.000000
4.000000
6.000000
5.000000
4.000000
5.000000
0.000000
-5.000000
-11.000000
-12.000000
-9.000000
-8.000000
-4.000000
-12.000000
-7.000000
1.000000
-1.000000
2.000000
8.000000
5.000000
5.000000
-2.000000
-8.000000
-9.000000
-14.000000
-19.000000
-11.000000
-5.000000
-4.000000
-3.000000
-2.000000
-8.000000
-3.000000
11.000000
6.000000
-8.000000
-15.000000
-12.000000
-10.000000
-9.000000
-19.000000
-18.000000
-15.000000
-15.000000
-12.000000
-7.000000
-2.000000
1.000000
2.000000
3.000000
13.000000
14.000000
10.000000
1.000000
-5.000000
-6.000000
-7.000000
-9.000000
-14.000000
-13.000000
1.000000
8.000000
7.000000
7.000000
5.000000
2.000000
5.000000
-3.000000
-9.000000
-9.000000
-10.000000
-14.000000
-12.000000
-15.000000
-14.000000
-8.000000
-1.000000
3.000000
2.000000
11.000000
9.000000
9.000000
14.000000
5.000000
3.000000
-2.000000
-11.000000
-4.000000
-2.000000
-2.000000
-3.000000
3.000000
8.000000
10.000000
11.000000
14.000000
14.000000
11.000000
17.000000
14.000000
0.000000
-3.000000
-6.000000
-8.000000
-11.000000
-18.000000
-13.000000
-12.000000
-5.000000
-2.000000
0.000000
8.000000
4.000000
8.000000
8.000000
11.000000
6.000000
-6.000000
-5.000000
-9.000000
7.000000
0.000000
0.000000
8.000000
2.000000
10.000000
9.000000
12.000000
13.000000
6.000000
0.000000
1.000000
0.000000
0.000000
-5.000000
-1.000000
-2.000000
-1.000000
14.000000
17.000000
15.000000
12.000000
8.000000
9.000000
10.000000
12.000000
-1.000000
-5.000000
-5.000000
-4.000000
-11.000000
-21.000000
-20.000000
-15.000000
-5.000000
-6.000000
-7.000000
-2.000000
3.000000
-1.000000
-2.000000
1.000000
-6.000000
-1.000000
-6.000000
-8.000000
-3.000000
-13.000000
-14.000000
-8.000000
-5.000000
2.000000
3.000000
-2.000000
0.000000
1.000000
4.000000
0.000000
-9.000000
-10.000000
-5.000000
-5.000000
-10.000000
-8.000000
-7.000000
-10.000000
1.000000
1.000000
1.000000
6.000000
9.000000
15.000000
15.000000
8.000000
0.000000
2.000000
0.000000
6.000000
5.000000
-4.000000
-8.000000
-11.000000
-8.000000
-4.000000
4.000000
9.000000
8.000000
0.000000
-3.000000
-2.000000
1.000000
-1.000000
-5.000000
5.000000
2.000000
0.000000
7.000000
0.000000
-11.000000
-3.000000
-1.000000
0.000000
6.000000
6.000000
3.000000
-6.000000
-6.000000
-11.000000
-6.000000
-7.000000
-3.000000
8.000000
-2.000000
-8.000000
-6.000000
-3.000000
2.000000
-3.000000
-2.000000
-4.000000
-9.000000
-6.000000
-7.000000
-2.000000
-2.000000
-7.000000
-4.000000
-1.000000
-2.000000
3.000000
5.000000
-2.000000
0.000000
-3.000000
-7.000000
-2.000000
-1.000000
-2.000000
4.000000
6.000000
9.000000
9.000000
-4.000000
0.000000
6.000000
-2.000000
-3.000000
5.000000
2.000000
0.000000
1.000000
-1.000000
-15.000000
-13.000000
-3.000000
2.000000
1.000000
-15.000000
-9.000000
2.000000
-4.000000
0.000000
-1.000000
-2.000000
2.000000
2.000000
0.000000
-1.000000
3.000000
2.000000
6.000000
0.000000
1.000000
5.000000
11.000000
18.000000
15.000000
0.000000
-10.000000
-1.000000
7.000000
15.000000
7.000000
8.000000
3.000000
9.000000
4.000000
-1.000000
8.000000
1.000000
3.000000
8.000000
6.000000
5.000000
2.000000
-4.000000
0.000000
-3.000000
-4.000000
-4.000000
-3.000000
-3.000000
4.000000
8.000000
3.000000
4.000000
0.000000
1.000000
2.000000
1.000000
-3.000000
-6.000000
-5.000000
-4.000000
5.000000
5.000000
-3.000000
0.000000
-6.000000
-4.000000
-2.000000
0.000000
2.000000
0.000000
0.000000
-6.000000
-4.000000
-11.000000
-12.000000
-7.000000
-13.000000
-13.000000
-12.000000
-6.000000
-3.000000
-5.000000
4.000000
7.000000
7.000000
9.000000
6.000000
8.000000
15.000000
7.000000
4.000000
7.000000
5.000000
13.000000
7.000000
2.000000
-3.000000
3.000000
3.000000
5.000000
7.000000
-2.000000
6.000000
6.000000
-2.000000
-11.000000
-10.000000
-3.000000
0.000000
-2.000000
-5.000000
-1.000000
-5.000000
-4.000000
0.000000
4.000000
2.000000
5.000000
9.000000
5.000000
0.000000
-6.000000
-12.000000
0.000000
3.000000
5.000000
9.000000
4.000000
9.000000
10.000000
6.000000
2.000000
10.000000
17.000000
6.000000
-1.000000
-8.000000
-7.000000
-3.000000
-7.000000
-10.000000
-7.000000
-2.000000
-6.000000
-5.000000
-2.000000
-10.000000
-5.000000
-5.000000
-13.000000
1.000000
0.000000
-6.000000
-8.000000
-4.000000
-7.000000
0.000000
7.000000
2.000000
5.000000
3.000000
4.000000
7.000000
16.000000
9.000000
5.000000
6.000000
5.000000
7.000000
-6.000000
-15.000000
-12.000000
-9.000000
-5.000000
2.000000
6.000000
4.000000
0.000000
4.000000
0.000000
-1.000000
5.000000
4.000000
4.000000
6.000000
2.000000
-5.000000
-10.000000
-9.000000
-1.000000
1.000000
3.000000
6.000000
0.000000
2.000000
2.000000
3.000000
3.000000
9.000000
2.000000
1.000000
-3.000000
-13.000000
-8.000000
-11.000000
2.000000
0.000000
1.000000
6.000000
5.000000
5.000000
1.000000
6.000000
5.000000
7.000000
-3.000000
-6.000000
-6.000000
-8.000000
-2.000000
-1.000000
-3.000000
3.000000
10.000000
14.000000
12.000000
5.000000
7.000000
9.000000
5.000000
3.000000
-6.000000
-1.000000
-2.000000
-11.000000
-2.000000
-3.000000
-4.000000
1.000000
2.000000
1.000000
6.000000
8.000000
-2.000000
-1.000000
-4.000000
1.000000
5.000000
6.000000
10.000000
13.000000
14.000000
16.000000
13.000000
13.000000
19.000000
20.000000
15.000000
9.000000
8.000000
0.000000
-3.000000
-3.000000
-3.000000
-2.000000
7.000000
2.000000
-3.000000
-9.000000
-8.000000
-1.000000
1.000000
7.000000
4.000000
8.000000
-2.000000
-7.000000
-5.000000
-5.000000
-2.000000
-2.000000
-5.000000
-6.000000
-10.000000
-13.000000
-7.000000
-13.000000
-11.000000
-8.000000
-6.000000
-8.000000
-11.000000
-6.000000
-4.000000
-7.000000
-7.000000
1.000000
-2.000000
-1.000000
0.000000
2.000000
4.000000
-2.000000
0.000000
3.000000
1.000000
1.000000
-3.000000
-13.000000
-17.000000
-16.000000
-12.000000
-11.000000
-6.000000
-2.000000
-9.000000
-9.000000
-6.000000
3.000000
0.000000
6.000000
11.000000
11.000000
12.000000
10.000000
3.000000
2.000000
1.000000
2.000000
4.000000
2.000000
10.000000
6.000000
0.000000
1.000000
1.000000
10.000000
4.000000
3.000000
11.000000
14.000000
5.000000
0.000000
1.000000
-2.000000
4.000000
-7.000000
-2.000000
10.000000
1.000000
-1.000000
-8.000000
-3.000000
-3.000000
-3.000000
-3.000000
-3.000000
-7.000000
-8.000000
-8.000000
-5.000000
4.000000
1.000000
4.000000
2.000000
0.000000
-8.000000
1.000000
3.000000
0.000000
-1.000000
6.000000
10.000000
6.000000
1.000000
-6.000000
-1.000000
2.000000
2.000000
3.000000
0.000000
-3.000000
1.000000
-10.000000
-9.000000
0.000000
-2.000000
4.000000
3.000000
0.000000
4.000000
4.000000
-1.000000
-1.000000
6.000000
11.000000
15.000000
14.000000
11.000000
7.000000
2.000000
3.000000
2.000000
-2.000000
2.000000
8.000000
3.000000
-1.000000
1.000000
-3.000000
3.000000
0.000000
-8.000000
-9.000000
-7.000000
-7.000000
-1.000000
8.000000
0.000000
-7.000000
-7.000000
-4.000000
-9.000000
-10.000000
-1.000000
0.000000
0.000000
8.000000
5.000000
4.000000
3.000000
2.000000
-4.000000
-5.000000
-4.000000
4.000000
4.000000
-4.000000
-10.000000
-12.000000
-8.000000
-10.000000
-9.000000
-6.000000
-8.000000
-6.000000
5.000000
-6.000000
-9.000000
3.000000
13.000000
6.000000
-2.000000
-3.000000
-3.000000
5.000000
-4.000000
-4.000000
7.000000
7.000000
3.000000
3.000000
9.000000
6.000000
1.000000
4.000000
2.000000
-1.000000
-1.000000
-4.000000
-4.000000
-1.000000
-3.000000
-5.000000
-1.000000
0.000000
-2.000000
11.000000
16.000000
9.000000
7.000000
7.000000
6.000000
6.000000
10.000000
9.000000
14.000000
13.000000
8.000000
9.000000
9.000000
9.000000
0.000000
1.000000
7.000000
7.000000
9.000000
4.000000
-6.000000
-3.000000
1.000000
-5.000000
-13.000000
-11.000000
-6.000000
-3.000000
0.000000
7.000000
8.000000
3.000000
5.000000
6.000000
0.000000
-3.000000
-8.000000
-5.000000
-5.000000
-7.000000
-2.000000
-5.000000
-5.000000
-5.000000
-11.000000
-5.000000
0.000000
-1.000000
3.000000
-2.000000
-7.000000
-10.000000
-6.000000
-7.000000
-8.000000
-2.000000
-2.000000
-6.000000
-5.000000
-1.000000
-5.000000
-6.000000
-11.000000
-13.000000
-10.000000
-10.000000
-11.000000
-9.000000
-12.000000
-13.000000
-6.000000
-8.000000
-5.000000
-4.000000
-6.000000
-3.000000
2.000000
-3.000000
5.000000
17.000000
16.000000
13.000000
1.000000
-2.000000
-1.000000
-1.000000
1.000000
0.000000
-3.000000
1.000000
1.000000
4.000000
6.000000
8.000000
13.000000
9.000000
4.000000
0.000000
-8.000000
-5.000000
0.000000
-5.000000
0.000000
0.000000
-1.000000
-3.000000
-3.000000
-1.000000
-3.000000
3.000000
3.000000
1.000000
3.000000
5.000000
0.000000
0.000000
4.000000
-7.000000
-5.000000
-4.000000
-4.000000
2.000000
7.000000
11.000000
4.000000
5.000000
6.000000
11.000000
5.000000
-1.000000
10.000000
5.000000
5.000000
10.000000
2.000000
6.000000
5.000000
3.000000
-5.000000
-9.000000
-3.000000
0.000000
-5.000000
-5.000000
-6.000000
-7.000000
-6.000000
0.000000
-4.000000
-7.000000
-3.000000
-3.000000
-5.000000
0.000000
7.000000
4.000000
10.000000
8.000000
2.000000
8.000000
7.000000
3.000000
-2.000000
-5.000000
-2.000000
-5.000000
-4.000000
2.000000
-1.000000
-4.000000
0.000000
-8.000000
-7.000000
-8.000000
-2.000000
3.000000
1.000000
0.000000
0.000000
0.000000
7.000000
4.000000
-7.000000
-6.000000
-5.000000
-8.000000
-4.000000
-3.000000
1.000000
-2.000000
-6.000000
-2.000000
0.000000
-2.000000
-4.000000
-8.000000
-7.000000
4.000000
-1.000000
-4.000000
3.000000
9.000000
2.000000
4.000000
8.000000
-1.000000
6.000000
8.000000
-1.000000
11.000000
8.000000
-1.000000
0.000000
-5.000000
-1.000000
-7.000000
-9.000000
-7.000000
-5.000000
1.000000
4.000000
0.000000
3.000000
14.000000
7.000000
9.000000
6.000000
-2.000000
4.000000
7.000000
10.000000
8.000000
8.000000
-1.000000
-4.000000
2.000000
1.000000
0.000000
9.000000
6.000000
2.000000
2.000000
-1.000000
0.000000
-6.000000
4.000000
8.000000
0.000000
3.000000
5.000000
1.000000
1.000000
5.000000
-3.000000
2.000000
7.000000
9.000000
-7.000000
-16.000000
-16.000000
-8.000000
2.000000
-12.000000
-7.000000
-6.000000
-2.000000
1.000000
-4.000000
-3.000000
-8.000000
-1.000000
3.000000
5.000000
3.000000
3.000000
4.000000
-1.000000
3.000000
2.000000
-1.000000
8.000000
12.000000
4.000000
1.000000
-6.000000
-1.000000
-1.000000
-6.000000
1.000000
6.000000
8.000000
-1.000000
5.000000
-10.000000
-10.000000
-2.000000
-9.000000
2.000000
2.000000
-1.000000
-1.000000
-8.000000
-8.000000
-5.000000
-2.000000
-4.000000
-5.000000
-3.000000
-3.000000
-7.000000
-11.000000
-3.000000
8.000000
10.000000
13.000000
10.000000
3.000000
-2.000000
1.000000
0.000000
3.000000
3.000000
3.000000
-3.000000
-13.000000
-11.000000
-3.000000
6.000000
3.000000
5.000000
9.000000
0.000000
-3.000000
-7.000000
-4.000000
-4.000000
1.000000
7.000000
0.000000
-1.000000
-2.000000
-6.000000
-6.000000
-6.000000
-3.000000
8.000000
8.000000
3.000000
1.000000
-4.000000
-2.000000
2.000000
1.000000
1.000000
7.000000
6.000000
4.000000
6.000000
6.000000
13.000000
6.000000
0.000000
7.000000
5.000000
10.000000
1.000000
1.000000
-6.000000
-6.000000
-2.000000
-6.000000
5.000000
-3.000000
-6.000000
-8.000000
-11.000000
-5.000000
-4.000000
-5.000000
-4.000000
-8.000000
-6.000000
-8.000000
-8.000000
-3.000000
1.000000
5.000000
2.000000
6.000000
-2.000000
-4.000000
-7.000000
-1.000000
1.000000
6.000000
4.000000
2.000000
5.000000
-6.000000
-7.000000
-4.000000
2.000000
2.000000
-3.000000
-2.000000
-1.000000
-2.000000
0.000000
3.000000
1.000000
1.000000
6.000000
3.000000
0.000000
0.000000
-5.000000
-4.000000
-5.000000
-1.000000
3.000000
6.000000
1.000000
-3.000000
2.000000
0.000000
6.000000
3.000000
-2.000000
1.000000
4.000000
2.000000
5.000000
5.000000
2.000000
5.000000
5.000000
3.000000
4.000000
13.000000
7.000000
3.000000
15.000000
11.000000
9.000000
3.000000
-6.000000
5.000000
2.000000
6.000000
13.000000
12.000000
12.000000
5.000000
-2.000000
1.000000
-1.000000
-2.000000
-4.000000
-3.000000
-2.000000
-9.000000
-9.000000
-8.000000
-6.000000
-5.000000
-4.000000
6.000000
-5.000000
-12.000000
2.000000
-5.000000
-5.000000
-3.000000
-4.000000
3.000000
-3.000000
-4.000000
7.000000
-7.000000
-8.000000
-2.000000
-11.000000
-1.000000
4.000000
-3.000000
-7.000000
-10.000000
-11.000000
-7.000000
0.000000
-2.000000
-9.000000
-11.000000
-9.000000
-9.000000
-6.000000
-7.000000
-8.000000
-5.000000
1.000000
4.000000
6.000000
8.000000
4.000000
5.000000
-2.000000
0.000000
6.000000
3.000000
6.000000
-4.000000
-2.000000
-3.000000
-2.000000
0.000000
2.000000
10.000000
3.000000
-1.000000
-4.000000
5.000000
-3.000000
-6.000000
-6.000000
-2.000000
-5.000000
-4.000000
0.000000
-3.000000
-1.000000
-7.000000
-3.000000
2.000000
2.000000
5.000000
-2.000000
-3.000000
2.000000
4.000000
1.000000
10.000000
5.000000
2.000000
5.000000
5.000000
5.000000
7.000000
7.000000
0.000000
7.000000
3.000000
-5.000000
5.000000
3.000000
5.000000
12.000000
6.000000
7.000000
6.000000
2.000000
7.000000
4.000000
1.000000
1.000000
7.000000
10.000000
6.000000
8.000000
0.000000
2.000000
1.000000
-2.000000
4.000000
2.000000
6.000000
7.000000
7.000000
8.000000
1.000000
-4.000000
-1.000000
-3.000000
-5.000000
-4.000000
0.000000
0.000000
-7.000000
-4.000000
-3.000000
2.000000
1.000000
2.000000
3.000000
-3.000000
-8.000000
-10.000000
-10.000000
-9.000000
-11.000000
-11.000000
-9.000000
-9.000000
-7.000000
-4.000000
-4.000000
4.000000
4.000000
0.000000
2.000000
2.000000
7.000000
4.000000
-4.000000
-4.000000
0.000000
-1.000000
-1.000000
-1.000000
-10.000000
-9.000000
-6.000000
-5.000000
5.000000
1.000000
-4.000000
0.000000
2.000000
1.000000
-1.000000
-1.000000
2.000000
4.000000
-1.000000
-1.000000
-2.000000
3.000000
-4.000000
-2.000000
-2.000000
-4.000000
2.000000
-5.000000
4.000000
2.000000
6.000000
-1.000000
-2.000000
-4.000000
-3.000000
-7.000000
-9.000000
-1.000000
1.000000
-1.000000
0.000000
3.000000
2.000000
12.000000
6.000000
7.000000
-1.000000
-9.000000
-7.000000
-3.000000
4.000000
-2.000000
-5.000000
-2.000000
-3.000000
-12.000000
-6.000000
-4.000000
-9.000000
-1.000000
-5.000000
-4.000000
-2.000000
-1.000000
6.000000
-1.000000
5.000000
1.000000
-2.000000
6.000000
5.000000
9.000000
12.000000
5.000000
3.000000
-3.000000
-7.000000
0.000000
3.000000
-1.000000
4.000000
7.000000
4.000000
13.000000
6.000000
4.000000
1.000000
-3.000000
4.000000
1.000000
1.000000
4.000000
3.000000
4.000000
-2.000000
0.000000
-1.000000
-4.000000
-1.000000
-4.000000
-3.000000
0.000000
6.000000
6.000000
3.000000
4.000000
2.000000
1.000000
4.000000
3.000000
1.000000
3.000000
2.000000
-8.000000
1.000000
4.000000
5.000000
9.000000
3.000000
2.000000
13.000000
13.000000
7.000000
4.000000
-3.000000
2.000000
9.000000
2.000000
5.000000
2.000000
-7.000000
-2.000000
-6.000000
4.000000
1.000000
-1.000000
2.000000
-9.000000
-7.000000
-7.000000
-4.000000
-4.000000
-11.000000
-14.000000
-9.000000
-6.000000
-7.000000
-5.000000
-5.000000
-2.000000
2.000000
-2.000000
-6.000000
-16.000000
-10.000000
-1.000000
-8.000000
-15.000000
-8.000000
-2.000000
-3.000000
-3.000000
-8.000000
0.000000
5.000000
-1.000000
4.000000
4.000000
9.000000
13.000000
9.000000
3.000000
7.000000
7.000000
3.000000
4.000000
-1.000000
-4.000000
-4.000000
-2.000000
-8.000000
-12.000000
-9.000000
-9.000000
-11.000000
-8.000000
-12.000000
-6.000000
5.000000
-4.000000
-4.000000
-4.000000
-6.000000
-1.000000
-1.000000
-2.000000
-2.000000
-1.000000
4.000000
7.000000
3.000000
5.000000
4.000000
4.000000
3.000000
5.000000
-2.000000
-4.000000
4.000000
5.000000
1.000000
6.000000
8.000000
1.000000
-2.000000
4.000000
6.000000
9.000000
11.000000
11.000000
7.000000
0.000000
-3.000000
-1.000000
-2.000000
-5.000000
-4.000000
-8.000000
0.000000
-1.000000
2.000000
0.000000
-1.000000
6.000000
6.000000
10.000000
6.000000
7.000000
6.000000
4.000000
2.000000
2.000000
10.000000
6.000000
-1.000000
4.000000
7.000000
8.000000
7.000000
2.000000
7.000000
4.000000
-2.000000
-1.000000
-1.000000
0.000000
-7.000000
-6.000000
0.000000
-7.000000
-8.000000
-7.000000
-2.000000
-3.000000
3.000000
-3.000000
-2.000000
-3.000000
-2.000000
4.000000
1.000000
-1.000000
-3.000000
6.000000
5.000000
3.000000
0.000000
-2.000000
-3.000000
5.000000
4.000000
3.000000
2.000000
-2.000000
-2.000000
0.000000
6.000000
-2.000000
2.000000
3.000000
5.000000
2.000000
-6.000000
-2.000000
-3.000000
-2.000000
-4.000000
-7.000000
-3.000000
-8.000000
-4.000000
-8.000000
-6.000000
-5.000000
-5.000000
-2.000000
-6.000000
-5.000000
-8.000000
-9.000000
-8.000000
-4.000000
-8.000000
1.000000
4.000000
5.000000
2.000000
1.000000
2.000000
-4.000000
5.000000
-3.000000
5.000000
7.000000
5.000000
10.000000
8.000000
4.000000
-3.000000
3.000000
-1.000000
-1.000000
5.000000
-7.000000
-5.000000
-9.000000
-2.000000
-4.000000
-6.000000
3.000000
4.000000
10.000000
2.000000
-6.000000
-14.000000
-2.000000
5.000000
6.000000
7.000000
0.000000
-2.000000
-6.000000
-3.000000
0.000000
-4.000000
3.000000
-1.000000
-2.000000
5.000000
6.000000
11.000000
5.000000
8.000000
3.000000
-1.000000
3.000000
-2.000000
-3.000000
-4.000000
2.000000
-8.000000
-13.000000
-7.000000
0.000000
3.000000
1.000000
4.000000
-1.000000
2.000000
3.000000
1.000000
1.000000
0.000000
3.000000
-1.000000
2.000000
5.000000
6.000000
12.000000
10.000000
2.000000
2.000000
0.000000
-3.000000
1.000000
4.000000
5.000000
0.000000
3.000000
1.000000
-1.000000
-6.000000
-11.000000
-3.000000
-3.000000
3.000000
5.000000
-3.000000
7.000000
0.000000
2.000000
6.000000
-2.000000
9.000000
10.000000
2.000000
-1.000000
2.000000
0.000000
4.000000
8.000000
7.000000
4.000000
11.000000
13.000000
2.000000
9.000000
8.000000
6.000000
1.000000
6.000000
6.000000
-3.000000
-1.000000
-3.000000
-8.000000
-13.000000
-15.000000
-13.000000
-13.000000
-21.000000
-16.000000
-1.000000
-4.000000
-12.000000
-9.000000
-8.000000
-2.000000
-5.000000
-9.000000
-6.000000
-2.000000
4.000000
-2.000000
-4.000000
-4.000000
-2.000000
0.000000
-1.000000
8.000000
8.000000
1.000000
-1.000000
-6.000000
0.000000
7.000000
8.000000
9.000000
8.000000
12.000000
6.000000
6.000000
-4.000000
1.000000
5.000000
4.000000
10.000000
4.000000
-5.000000
-3.000000
-2.000000
-3.000000
3.000000
1.000000
4.000000
3.000000
1.000000
-3.000000
-9.000000
-5.000000
-7.000000
-3.000000
2.000000
6.000000
3.000000
5.000000
0.000000
-6.000000
-4.000000
-4.000000
-3.000000
1.000000
2.000000
-5.000000
-9.000000
3.000000
6.000000
-2.000000
7.000000
13.000000
17.000000
17.000000
11.000000
10.000000
5.000000
0.000000
-1.000000
2.000000
2.000000
7.000000
9.000000
4.000000
-8.000000
-19.000000
-19.000000
-16.000000
-7.000000
3.000000
7.000000
7.000000
0.000000
-8.000000
-13.000000
-13.000000
0.000000
7.000000
11.000000
0.000000
-7.000000
-19.000000
-19.000000
-8.000000
-9.000000
-4.000000
-3.000000
-2.000000
-5.000000
-12.000000
-15.000000
-7.000000
2.000000
12.000000
17.000000
11.000000
1.000000
0.000000
3.000000
-2.000000
-7.000000
-3.000000
11.000000
12.000000
8.000000
2.000000
-3.000000
-5.000000
-9.000000
-13.000000
-7.000000
10.000000
12.000000
7.000000
-2.000000
-5.000000
-1.000000
4.000000
6.000000
8.000000
6.000000
-3.000000
-7.000000
-13.000000
-14.000000
-5.000000
4.000000
7.000000
10.000000
14.000000
-9.000000
-19.000000
-24.000000
-16.000000
6.000000
19.000000
22.000000
21.000000
17.000000
-1.000000
-12.000000
-11.000000
4.000000
7.000000
12.000000
17.000000
11.000000
3.000000
-6.000000
-18.000000
-24.000000
-25.000000
-17.000000
2.000000
10.000000
13.000000
2.000000
-9.000000
-11.000000
-13.000000
-4.000000
9.000000
11.000000
9.000000
6.000000
-6.000000
-21.000000
-19.000000
-9.000000
2.000000
14.000000
14.000000
12.000000
-6.000000
-21.000000
-19.000000
-7.000000
14.000000
28.000000
33.000000
24.000000
10.000000
0.000000
-5.000000
-1.000000
8.000000
13.000000
20.000000
16.000000
5.000000
-4.000000
-14.000000
-26.000000
-24.000000
-13.000000
0.000000
2.000000
-3.000000
-6.000000
-15.000000
-9.000000
-8.000000
2.000000
4.000000
7.000000
8.000000
-4.000000
-7.000000
-12.000000
-22.000000
-10.000000
0.000000
-6.000000
-2.000000
-7.000000
-10.000000
-14.000000
-11.000000
4.000000
21.000000
35.000000
30.000000
18.000000
-2.000000
-12.000000
-7.000000
3.000000
26.000000
34.000000
32.000000
15.000000
-5.000000
-19.000000
-24.000000
-11.000000
-2.000000
-2.000000
-5.000000
-15.000000
-15.000000
-6.000000
-5.000000
-5.000000
-2.000000
4.000000
3.000000
3.000000
4.000000
-3.000000
-19.000000
-39.000000
-43.000000
-16.000000
21.000000
54.000000
49.000000
11.000000
-74.000000
-150.000000
-137.000000
-63.000000
62.000000
154.000000
181.000000
116.000000
-21.000000
-144.000000
-170.000000
-76.000000
52.000000
189.000000
225.000000
146.000000
10.000000
-122.000000
-145.000000
-84.000000
47.000000
160.000000
169.000000
94.000000
-25.000000
-100.000000
-117.000000
-56.000000
26.000000
79.000000
80.000000
25.000000
-29.000000
-73.000000
-70.000000
-53.000000
-22.000000
-24.000000
-52.000000
-51.000000
-61.000000
-35.000000
-11.000000
13.000000
9.000000
-25.000000
-56.000000
-71.000000
-45.000000
-4.000000
46.000000
61.000000
72.000000
49.000000
17.000000
3.000000
-7.000000
0.000000
14.000000
42.000000
54.000000
59.000000
43.000000
23.000000
11.000000
-12.000000
-12.000000
-7.000000
0.000000
-2.000000
-7.000000
-26.000000
-55.000000
-47.000000
-22.000000
-6.000000
-21.000000
-55.000000
-100.000000
-108.000000
-74.000000
-1.000000
67.000000
56.000000
-6.000000
-162.000000
-272.000000
-230.000000
-42.000000
191.000000
337.000000
327.000000
131.000000
-88.000000
-271.000000
-247.000000
-36.000000
244.000000
464.000000
448.000000
231.000000
-85.000000
-278.000000
-264.000000
-46.000000
191.000000
274.000000
199.000000
-24.000000
-197.000000
-255.000000
-166.000000
2.000000
126.000000
111.000000
-24.000000
-218.000000
-377.000000
-335.000000
-173.000000
39.000000
154.000000
125.000000
-13.000000
-165.000000
-244.000000
-263.000000
-190.000000
-123.000000
-30.000000
101.000000
170.000000
224.000000
223.000000
168.000000
58.000000
-36.000000
-37.000000
68.000000
233.000000
347.000000
373.000000
295.000000
160.000000
-8.000000
-129.000000
-124.000000
12.000000
177.000000
234.000000
142.000000
-43.000000
-171.000000
-236.000000
-230.000000
-179.000000
-115.000000
-37.000000
53.000000
87.000000
-33.000000
-158.000000
-333.000000
-385.000000
-283.000000
-134.000000
80.000000
199.000000
229.000000
151.000000
57.000000
-84.000000
-144.000000
-128.000000
10.000000
269.000000
331.000000
280.000000
162.000000
115.000000
162.000000
203.000000
183.000000
89.000000
55.000000
37.000000
125.000000
146.000000
98.000000
97.000000
38.000000
-1.000000
-111.000000
-183.000000
-184.000000
-80.000000
-19.000000
-48.000000
-164.000000
-320.000000
-318.000000
-282.000000
-167.000000
-112.000000
-73.000000
-155.000000
-216.000000
-166.000000
-96.000000
38.000000
40.000000
70.000000
31.000000
29.000000
75.000000
124.000000
225.000000
251.000000
264.000000
127.000000
-25.000000
-113.000000
-35.000000
187.000000
340.000000
396.000000
239.000000
52.000000
-136.000000
-139.000000
-48.000000
44.000000
172.000000
153.000000
108.000000
-45.000000
-155.000000
-219.000000
-191.000000
-100.000000
-58.000000
-56.000000
-198.000000
-235.000000
-241.000000
-174.000000
-91.000000
-105.000000
-110.000000
-139.000000
-101.000000
-76.000000
-33.000000
-23.000000
-2.000000
42.000000
25.000000
57.000000
54.000000
80.000000
109.000000
125.000000
84.000000
6.000000
-25.000000
4.000000
130.000000
174.000000
143.000000
26.000000
-105.000000
-170.000000
-193.000000
-148.000000
-90.000000
29.000000
75.000000
48.000000
-113.000000
-286.000000
-322.000000
-235.000000
-63.000000
30.000000
89.000000
35.000000
-1.000000
-56.000000
-96.000000
-84.000000
-49.000000
83.000000
138.000000
174.000000
80.000000
26.000000
53.000000
115.000000
246.000000
260.000000
265.000000
165.000000
128.000000
111.000000
106.000000
147.000000
127.000000
207.000000
177.000000
156.000000
61.000000
-20.000000
12.000000
31.000000
103.000000
35.000000
-9.000000
-51.000000
-18.000000
81.000000
128.000000
172.000000
113.000000
116.000000
94.000000
96.000000
123.000000
207.000000
345.000000
370.000000
335.000000
217.000000
159.000000
127.000000
181.000000
268.000000
315.000000
302.000000
181.000000
55.000000
-128.000000
-178.000000
-160.000000
-92.000000
-47.000000
-112.000000
-189.000000
-350.000000
-499.000000
-645.000000
-677.000000
-651.000000
-631.000000
-623.000000
-697.000000
-728.000000
-751.000000
-710.000000
-661.000000
-653.000000
-651.000000
-654.000000
-657.000000
-663.000000
-601.000000
-483.000000
-317.000000
-200.000000
-131.000000
-118.000000
-137.000000
-140.000000
-109.000000
-7.000000
97.000000
245.000000
328.000000
364.000000
377.000000
347.000000
370.000000
369.000000
375.000000
371.000000
377.000000
343.000000
287.000000
264.000000
256.000000
302.000000
270.000000
206.000000
141.000000
111.000000
125.000000
166.000000
199.000000
219.000000
266.000000
267.000000
284.000000
287.000000
342.000000
514.000000
713.000000
801.000000
751.000000
737.000000
768.000000
869.000000
938.000000
971.000000
1052.000000
1016.000000
979.000000
966.000000
950.000000
969.000000
1003.000000
1032.000000
938.000000
757.000000
536.000000
416.000000
360.000000
275.000000
265.000000
201.000000
58.000000
-121.000000
-311.000000
-436.000000
-566.000000
-790.000000
-1039.000000
-1278.000000
-1470.000000
-1512.000000
-1471.000000
-1449.000000
-1430.000000
-1449.000000
-1552.000000
-1668.000000
-1831.000000
-1893.000000
-1742.000000
-1540.000000
-1317.000000
-1105.000000
-962.000000
-805.000000
-630.000000
-536.000000
-425.000000
-324.000000
-274.000000
-140.000000
-8.000000
153.000000
313.000000
395.000000
480.000000
562.000000
603.000000
586.000000
569.000000
431.000000
300.000000
209.000000
91.000000
82.000000
65.000000
75.000000
65.000000
-33.000000
-202.000000
-398.000000
-558.000000
-669.000000
-671.000000
-676.000000
-648.000000
-576.000000
-496.000000
-357.000000
-184.000000
6.000000
170.000000
240.000000
211.000000
276.000000
454.000000
681.000000
986.000000
1300.000000
1538.000000
1634.000000
1625.000000
1537.000000
1420.000000
1321.000000
1290.000000
1393.000000
1328.000000
1154.000000
1059.000000
890.000000
817.000000
692.000000
564.000000
439.000000
116.000000
-136.000000
-282.000000
-347.000000
-522.000000
-518.000000
-301.000000
-184.000000
-68.000000
-261.000000
-346.000000
-387.000000
-478.000000
-278.000000
-201.000000
-86.000000
100.000000
279.000000
398.000000
317.000000
335.000000
408.000000
654.000000
689.000000
574.000000
590.000000
382.000000
404.000000
378.000000
427.000000
607.000000
593.000000
586.000000
282.000000
-123.000000
-564.000000
-845.000000
-940.000000
-1013.000000
-886.000000
-903.000000
-882.000000
-972.000000
-1234.000000
-1401.000000
-1607.000000
-1673.000000
-1712.000000
-1670.000000
-1588.000000
-1457.000000
-1254.000000
-1050.000000
-779.000000
-620.000000
-567.000000
-590.000000
-584.000000
-564.000000
-501.000000
-395.000000
-230.000000
35.000000
221.000000
389.000000
420.000000
357.000000
308.000000
260.000000
214.000000
128.000000
120.000000
94.000000
168.000000
183.000000
137.000000
172.000000
73.000000
-4.000000
-131.000000
-307.000000
-439.000000
-504.000000
-499.000000
-443.000000
-322.000000
-217.000000
-54.000000
29.000000
23.000000
74.000000
66.000000
63.000000
135.000000
215.000000
378.000000
609.000000
835.000000
1115.000000
1243.000000
1270.000000
1340.000000
1344.000000
1286.000000
1223.000000
1205.000000
1167.000000
1208.000000
1216.000000
1274.000000
1262.000000
1109.000000
986.000000
797.000000
587.000000
319.000000
203.000000
148.000000
143.000000
126.000000
58.000000
46.000000
-84.000000
-122.000000
-164.000000
-192.000000
-305.000000
-403.000000
-380.000000
-382.000000
-241.000000
-175.000000
0.000000
87.000000
39.000000
-27.000000
-128.000000
-115.000000
-149.000000
-23.000000
76.000000
226.000000
290.000000
239.000000
298.000000
246.000000
314.000000
353.000000
370.000000
341.000000
253.000000
219.000000
179.000000
179.000000
36.000000
-49.000000
-186.000000
-363.000000
-492.000000
-698.000000
-751.000000
-836.000000
-907.000000
-953.000000
-1059.000000
-1201.000000
-1338.000000
-1402.000000
-1472.000000
-1466.000000
-1454.000000
-1395.000000
-1289.000000
-1201.000000
-1041.000000
-916.000000
-843.000000
-744.000000
-667.000000
-576.000000
-472.000000
-372.000000
-215.000000
-61.000000
77.000000
196.000000
282.000000
311.000000
338.000000
336.000000
292.000000
320.000000
316.000000
349.000000
331.000000
244.000000
220.000000
166.000000
125.000000
59.000000
-14.000000
-89.000000
-166.000000
-256.000000
-340.000000
-377.000000
-382.000000
-285.000000
-180.000000
-146.000000
-165.000000
-207.000000
-228.000000
-194.000000
-121.000000
72.000000
289.000000
451.000000
636.000000
725.000000
843.000000
907.000000
971.000000
1138.000000
1226.000000
1323.000000
1293.000000
1223.000000
1147.000000
1125.000000
1156.000000
1137.000000
1132.000000
951.000000
866.000000
702.000000
524.000000
420.000000
256.000000
272.000000
207.000000
161.000000
80.000000
35.000000
-15.000000
-6.000000
56.000000
-17.000000
14.000000
-118.000000
-83.000000
7.000000
-2.000000
93.000000
87.000000
110.000000
98.000000
156.000000
169.000000
241.000000
294.000000
297.000000
445.000000
354.000000
428.000000
530.000000
586.000000
701.000000
665.000000
664.000000
622.000000
588.000000
495.000000
419.000000
181.000000
-189.000000
-483.000000
-816.000000
-935.000000
-954.000000
-972.000000
-985.000000
-1250.000000
-1627.000000
-1977.000000
-2261.000000
-2382.000000
-2324.000000
-2140.000000
-1973.000000
-1859.000000
-1798.000000
-1683.000000
-1470.000000
-1263.000000
-999.000000
-802.000000
-684.000000
-555.000000
-419.000000
-196.000000
64.000000
378.000000
669.000000
896.000000
994.000000
942.000000
878.000000
771.000000
703.000000
639.000000
581.000000
552.000000
501.000000
432.000000
270.000000
84.000000
-167.000000
-417.000000
-637.000000
-871.000000
-1057.000000
-1243.000000
-1333.000000
-1306.000000
-1186.000000
-1005.000000
-784.000000
-623.000000
-618.000000
-656.000000
-699.000000
-637.000000
-452.000000
-146.000000
331.000000
866.000000
1298.000000
1634.000000
1854.000000
1942.000000
2043.000000
2082.000000
2092.000000
2084.000000
2074.000000
2135.000000
2210.000000
2220.000000
2144.000000
2018.000000
1684.000000
1268.000000
843.000000
433.000000
214.000000
-17.000000
-146.000000
-225.000000
-285.000000
-320.000000
-447.000000
-562.000000
-698.000000
-653.000000
-620.000000
-537.000000
-444.000000
-332.000000
-45.000000
90.000000
226.000000
328.000000
488.000000
749.000000
1009.000000
1135.000000
1074.000000
1022.000000
985.000000
1099.000000
1199.000000
1309.000000
1456.000000
1490.000000
1457.000000
1317.000000
1179.000000
1016.000000
840.000000
496.000000
-73.000000
-801.000000
-1582.000000
-2048.000000
-2222.000000
-2088.000000
-1941.000000
-2038.000000
-2356.000000
-2952.000000
-3520.000000
-3920.000000
-4019.000000
-3797.000000
-3359.000000
-2839.000000
-2405.000000
-2000.000000
-1633.000000
-1227.000000
-764.000000
-398.000000
-142.000000
45.000000
266.000000
559.000000
920.000000
1367.000000
1823.000000
2210.000000
2405.000000
2354.000000
2119.000000
1703.000000
1291.000000
939.000000
595.000000
289.000000
-17.000000
-245.000000
-463.000000
-736.000000
-1055.000000
-1394.000000
-1804.000000
-2243.000000
-2615.000000
-2975.000000
-3150.000000
-3072.000000
-2732.000000
-2171.000000
-1567.000000
-1017.000000
-571.000000
-294.000000
-155.000000
-5.000000
171.000000
558.000000
1177.000000
1908.000000
2724.000000
3375.000000
3805.000000
4043.000000
4007.000000
3789.000000
3521.000000
3162.000000
2834.000000
2616.000000
2456.000000
2369.000000
2193.000000
1872.000000
1422.000000
824.000000
73.000000
-652.000000
-1290.000000
-1758.000000
-1941.000000
-1971.000000
-1815.000000
-1646.000000
-1514.000000
-1347.000000
-1234.000000
-1132.000000
-967.000000
-708.000000
-388.000000
-22.000000
344.000000
740.000000
1184.000000
1664.000000
2129.000000
2542.000000
2767.000000
2748.000000
2601.000000
2354.000000
2211.000000
2088.000000
2065.000000
2083.000000
2016.000000
1965.000000
1757.000000
1618.000000
1240.000000
636.000000
-238.000000
-1484.000000
-2624.000000
-3619.000000
-3963.000000
-3782.000000
-3310.000000
-2930.000000
-2936.000000
-3271.000000
-3992.000000
-4569.000000
-4940.000000
-4868.000000
-4318.000000
-3574.000000
-2619.000000
-1729.000000
-882.000000
-74.000000
617.000000
1112.000000
1354.000000
1380.000000
1357.000000
1471.000000
1703.000000
2137.000000
2625.000000
3013.000000
3192.000000
3099.000000
2654.000000
1958.000000
1189.000000
373.000000
-305.000000
-971.000000
-1540.000000
-1956.000000
-2312.000000
-2517.000000
-2712.000000
-2916.000000
-3164.000000
-3516.000000
-3907.000000
-4265.000000
-4434.000000
-4312.000000
-3762.000000
-2874.000000
-1784.000000
-600.000000
436.000000
1207.000000
1698.000000
1912.000000
2065.000000
2286.000000
2640.000000
3199.000000
3806.000000
4415.000000
4882.000000
5134.000000
5095.000000
4732.000000
4124.000000
3279.000000
2392.000000
1514.000000
821.000000
398.000000
187.000000
141.000000
25.000000
-263.000000
-771.000000
-1458.000000
-2159.000000
-2662.000000
-2877.000000
-2734.000000
-2317.000000
-1753.000000
-1113.000000
-562.000000
-60.000000
327.000000
685.000000
964.000000
1225.000000
1520.000000
1771.000000
2127.000000
2518.000000
3000.000000
3394.000000
3596.000000
3607.000000
3353.000000
2988.000000
2543.000000
2103.000000
1694.000000
1284.000000
901.000000
646.000000
459.000000
357.000000
260.000000
-63.000000
-690.000000
-1814.000000
-3067.000000
-4262.000000
-4948.000000
-4940.000000
-4361.000000
-3505.000000
-2941.000000
-2653.000000
-2899.000000
-3268.000000
-3594.000000
-3735.000000
-3451.000000
-2971.000000
-2230.000000
-1417.000000
-529.000000
355.000000
1167.000000
1798.000000
2104.000000
2059.000000
1697.000000
1349.000000
1123.000000
1158.000000
1430.000000
1818.000000
2168.000000
2337.000000
2166.000000
1621.000000
854.000000
-73.000000
-883.000000
-1581.000000
-2150.000000
-2540.000000
-2801.000000
-2866.000000
-2841.000000
-2868.000000
-2962.000000
-3157.000000
-3473.000000
-3771.000000
-3990.000000
-3967.000000
-3553.000000
-2724.000000
-1548.000000
-228.000000
1034.000000
2004.000000
2671.000000
2956.000000
3012.000000
3065.000000
3155.000000
3497.000000
3896.000000
4341.000000
4677.000000
4739.000000
4594.000000
4121.000000
3498.000000
2672.000000
1773.000000
929.000000
158.000000
-369.000000
-712.000000
-830.000000
-878.000000
-984.000000
-1194.000000
-1596.000000
-2010.000000
-2381.000000
-2545.000000
-2411.000000
-2055.000000
-1501.000000
-857.000000
-209.000000
416.000000
971.000000
1458.000000
1864.000000
2078.000000
2204.000000
2262.000000
2315.000000
2464.000000
2701.000000
3020.000000
3253.000000
3347.000000
3173.000000
2768.000000
2236.000000
1611.000000
1148.000000
703.000000
360.000000
77.000000
-175.000000
-244.000000
-237.000000
-109.000000
-175.000000
-545.000000
-1405.000000
-2674.000000
-3861.000000
-4676.000000
-4682.000000
-4001.000000
-2995.000000
-2116.000000
-1790.000000
-2024.000000
-2650.000000
-3305.000000
-3689.000000
-3674.000000
-3181.000000
-2420.000000
-1513.000000
-624.000000
207.000000
929.000000
1457.000000
1830.000000
1885.000000
1707.000000
1435.000000
1212.000000
1182.000000
1412.000000
1818.000000
2237.000000
2516.000000
2447.000000
2022.000000
1303.000000
393.000000
-555.000000
-1439.000000
-2175.000000
-2723.000000
-3054.000000
-3196.000000
-3185.000000
-3183.000000
-3218.000000
-3311.000000
-3540.000000
-3803.000000
-4062.000000
-4145.000000
-3866.000000
-3140.000000
-1981.000000
-538.000000
939.000000
2143.000000
3014.000000
3460.000000
3573.000000
3569.000000
3532.000000
3604.000000
3731.000000
3922.000000
4131.000000
4292.000000
4342.000000
4169.000000
3698.000000
2864.000000
1805.000000
607.000000
-468.000000
-1248.000000
-1637.000000
-1616.000000
-1380.000000
-1132.000000
-1083.000000
-1282.000000
-1654.000000
-2041.000000
-2243.000000
-2201.000000
-1844.000000
-1272.000000
-572.000000
206.000000
953.000000
1656.000000
2217.000000
2603.000000
2771.000000
2777.000000
2732.000000
2675.000000
2764.000000
2929.000000
3144.000000
3354.000000
3329.000000
3116.000000
2667.000000
2086.000000
1421.000000
760.000000
178.000000
-317.000000
-586.000000
-731.000000
-681.000000
-663.000000
-791.000000
-1247.000000
-2245.000000
-3358.000000
-4384.000000
-4865.000000
-4619.000000
-3864.000000
-3067.000000
-2417.000000
-2100.000000
-2177.000000
-2320.000000
-2478.000000
-2506.000000
-2326.000000
-1967.000000
-1505.000000
-917.000000
-226.000000
583.000000
1380.000000
2037.000000
2394.000000
2286.000000
1961.000000
1509.000000
1090.000000
950.000000
1043.000000
1242.000000
1439.000000
1540.000000
1312.000000
861.000000
262.000000
-488.000000
-1280.000000
-2068.000000
-2759.000000
-3299.000000
-3590.000000
-3636.000000
-3523.000000
-3314.000000
-3121.000000
-3012.000000
-3053.000000
-3203.000000
-3342.000000
-3273.000000
-2781.000000
-1929.000000
-703.000000
700.000000
2026.000000
3093.000000
3799.000000
4086.000000
4059.000000
3872.000000
3611.000000
3337.000000
3188.000000
3174.000000
3265.000000
3435.000000
3479.000000
3240.000000
2610.000000
1740.000000
650.000000
-398.000000
-1240.000000
-1733.000000
-1828.000000
-1647.000000
-1252.000000
-931.000000
-818.000000
-911.000000
-1134.000000
-1333.000000
-1410.000000
-1289.000000
-965.000000
-434.000000
230.000000
987.000000
1755.000000
2412.000000
2943.000000
3293.000000
3349.000000
3157.000000
2846.000000
2552.000000
2408.000000
2424.000000
2521.000000
2562.000000
2472.000000
2183.000000
1740.000000
1113.000000
460.000000
-157.000000
-654.000000
-982.000000
-1105.000000
-1033.000000
-783.000000
-643.000000
-756.000000
-1387.000000
-2488.000000
-3517.000000
-4260.000000
-4278.000000
-3771.000000
-2951.000000
-2368.000000
-1990.000000
-1893.000000
-2021.000000
-2107.000000
-2187.000000
-2137.000000
-2045.000000
-1844.000000
-1552.000000
-1062.000000
-279.000000
764.000000
1787.000000
2549.000000
2740.000000
2411.000000
1819.000000
1192.000000
763.000000
707.000000
944.000000
1186.000000
1343.000000
1231.000000
799.000000
207.000000
-421.000000
-1103.000000
-1822.000000
-2564.000000
-3259.000000
-3794.000000
-4031.000000
-3939.000000
-3657.000000
-3191.000000
-2820.000000
-2639.000000
-2664.000000
-2840.000000
-2930.000000
-2703.000000
-1990.000000
-881.000000
531.000000
1957.000000
3174.000000
4084.000000
4538.000000
4598.000000
4469.000000
4166.000000
3863.000000
3439.000000
2981.000000
2466.000000
1978.000000
1689.000000
1525.000000
1470.000000
1307.000000
916.000000
172.000000
-776.000000
-1734.000000
-2362.000000
-2456.000000
-2072.000000
-1389.000000
-636.000000
-127.000000
89.000000
123.000000
-5.000000
-53.000000
-13.000000
143.000000
389.000000
771.000000
1283.000000
1945.000000
2718.000000
3428.000000
3841.000000
3857.000000
3447.000000
2680.000000
1992.000000
1495.000000
1335.000000
1377.000000
1517.000000
1492.000000
1270.000000
910.000000
297.000000
-259.000000
-739.000000
-1080.000000
-1162.000000
-1061.000000
-839.000000
-635.000000
-509.000000
-777.000000
-1587.000000
-2396.000000
-3166.000000
-3413.000000
-3070.000000
-2439.000000
-1994.000000
-1770.000000
-1759.000000
-2068.000000
-2257.000000
-2313.000000
-2280.000000
-2093.000000
-1829.000000
-1625.000000
-1369.000000
-860.000000
-49.000000
866.000000
1755.000000
2268.000000
2219.000000
1905.000000
1497.000000
1103.000000
957.000000
974.000000
983.000000
981.000000
853.000000
509.000000
98.000000
-289.000000
-779.000000
-1374.000000
-2051.000000
-2879.000000
-3545.000000
-3957.000000
-4023.000000
-3751.000000
-3263.000000
-2749.000000
-2404.000000
-2247.000000
-2348.000000
-2440.000000
-2217.000000
-1627.000000
-737.000000
486.000000
1712.000000
2847.000000
3872.000000
4563.000000
4755.000000
4595.000000
4142.000000
3393.000000
2623.000000
1875.000000
1238.000000
1011.000000
1114.000000
1354.000000
1500.000000
1310.000000
743.000000
-56.000000
-844.000000
-1502.000000
-1789.000000
-1748.000000
-1429.000000
-910.000000
-391.000000
5.000000
253.000000
393.000000
397.000000
319.000000
255.000000
247.000000
302.000000
702.000000
1332.000000
2078.000000
2986.000000
3783.000000
4185.000000
4165.000000
3825.000000
3061.000000
2335.000000
1771.000000
1312.000000
967.000000
690.000000
477.000000
244.000000
-13.000000
-336.000000
-675.000000
-1028.000000
-1278.000000
-1357.000000
-1236.000000
-908.000000
-437.000000
-4.000000
-157.000000
-1052.000000
-2095.000000
-3006.000000
-3352.000000
-2821.000000
-2019.000000
-1631.000000
-1482.000000
-1621.000000
-2122.000000
-2428.000000
-2491.000000
-2373.000000
-2078.000000
-1785.000000
-1659.000000
-1619.000000
-1193.000000
-232.000000
1019.000000
2188.000000
2791.000000
2714.000000
2213.000000
1651.000000
1124.000000
840.000000
791.000000
719.000000
626.000000
426.000000
15.000000
-374.000000
-667.000000
-1007.000000
-1573.000000
-2351.000000
-3231.000000
-3985.000000
-4379.000000
-4281.000000
-3771.000000
-3094.000000
-2358.000000
-1835.000000
-1670.000000
-1785.000000
-1803.000000
-1539.000000
-913.000000
-69.000000
957.000000
1993.000000
2933.000000
3882.000000
4485.000000
4535.000000
4141.000000
3539.000000
2649.000000
1792.000000
1137.000000
674.000000
544.000000
801.000000
1110.000000
1129.000000
879.000000
369.000000
-251.000000
-814.000000
-1262.000000
-1542.000000
-1694.000000
-1651.000000
-1309.000000
-834.000000
-372.000000
84.000000
454.000000
631.000000
702.000000
796.000000
886.000000
1057.000000
1444.000000
2092.000000
2804.000000
3566.000000
4282.000000
4605.000000
4550.000000
4119.000000
3377.000000
2349.000000
1407.000000
525.000000
-181.000000
-614.000000
-899.000000
-982.000000
-1101.000000
-1173.000000
-1253.000000
-1286.000000
-1196.000000
-1057.000000
-779.000000
-244.000000
516.000000
1169.000000
1582.000000
1215.000000
-75.000000
-1189.000000
-2096.000000
-2484.000000
-2185.000000
-1782.000000
-1801.000000
-1951.000000
-2160.000000
-2715.000000
-3102.000000
-3311.000000
-3283.000000
-3076.000000
-2768.000000
-2426.000000
-1898.000000
-841.000000
663.000000
2187.000000
3167.000000
3388.000000
2943.000000
2344.000000
1766.000000
1274.000000
1029.000000
892.000000
669.000000
344.000000
-17.000000
-541.000000
-939.000000
-1086.000000
-1381.000000
-2066.000000
-2931.000000
-3852.000000
-4553.000000
-4681.000000
-4281.000000
-3572.000000
-2686.000000
-1879.000000
-1445.000000
-1298.000000
-1227.000000
-1017.000000
-505.000000
224.000000
872.000000
1601.000000
2354.000000
3068.000000
3682.000000
4028.000000
3948.000000
3414.000000
2698.000000
1692.000000
637.000000
-84.000000
-371.000000
-160.000000
297.000000
716.000000
821.000000
642.000000
294.000000
-98.000000
-491.000000
-1008.000000
-1365.000000
-1537.000000
-1523.000000
-1097.000000
-477.000000
176.000000
761.000000
1189.000000
1350.000000
1333.000000
1269.000000
1268.000000
1484.000000
1906.000000
2583.000000
3357.000000
4006.000000
4374.000000
4446.000000
4064.000000
3336.000000
2406.000000
1273.000000
114.000000
-807.000000
-1356.000000
-1718.000000
-1797.000000
-1603.000000
-1440.000000
-1217.000000
-973.000000
-681.000000
-557.000000
-349.000000
199.000000
863.000000
1638.000000
2280.000000
2486.000000
1476.000000
133.000000
-1004.000000
-1972.000000
-2328.000000
-2229.000000
-2308.000000
-2744.000000
-2872.000000
-3186.000000
-3574.000000
-3740.000000
-3630.000000
-3235.000000
-2799.000000
-2395.000000
-2097.000000
-1397.000000
-96.000000
1644.000000
3031.000000
3736.000000
3689.000000
3168.000000
2644.000000
2029.000000
1407.000000
974.000000
742.000000
268.000000
-256.000000
-787.000000
-1225.000000
-1315.000000
-1190.000000
-1418.000000
-2194.000000
-3160.000000
-3997.000000
-4474.000000
-4457.000000
-3906.000000
-3007.000000
-2107.000000
-1480.000000
-1058.000000
-866.000000
-722.000000
-251.000000
417.000000
834.000000
1247.000000
1871.000000
2342.000000
2747.000000
3196.000000
3269.000000
2976.000000
2601.000000
1974.000000
1086.000000
354.000000
-70.000000
-187.000000
-11.000000
189.000000
385.000000
417.000000
333.000000
264.000000
42.000000
-470.000000
-938.000000
-1195.000000
-1410.000000
-1284.000000
-866.000000
-415.000000
23.000000
559.000000
1017.000000
1257.000000
1448.000000
1747.000000
2000.000000
2222.000000
2631.000000
3035.000000
3304.000000
3581.000000
3714.000000
3432.000000
2913.000000
2105.000000
1100.000000
92.000000
-831.000000
-1509.000000
-1822.000000
-1971.000000
-1940.000000
-1591.000000
-1142.000000
-752.000000
-156.000000
490.000000
731.000000
1250.000000
1941.000000
2471.000000
2799.000000
2880.000000
1898.000000
107.000000
-1184.000000
-2330.000000
-2940.000000
-2993.000000
-2908.000000
-3222.000000
-3379.000000
-3454.000000
-3865.000000
-3979.000000
-3791.000000
-3196.000000
-2615.000000
-2097.000000
-1753.000000
-1087.000000
236.000000
1935.000000
3361.000000
4035.000000
4076.000000
3506.000000
2894.000000
2214.000000
1433.000000
839.000000
598.000000
132.000000
-552.000000
-1085.000000
-1457.000000
-1457.000000
-1217.000000
-1242.000000
-1846.000000
-2714.000000
-3529.000000
-4026.000000
-4158.000000
-3776.000000
-2913.000000
-1966.000000
-1383.000000
-1006.000000
-744.000000
-540.000000
-160.000000
404.000000
820.000000
1013.000000
1468.000000
1864.000000
2087.000000
2332.000000
2659.000000
2637.000000
2389.000000
1975.000000
1228.000000
554.000000
140.000000
54.000000
129.000000
239.000000
315.000000
376.000000
287.000000
144.000000
58.000000
-297.000000
-754.000000
-1087.000000
-1386.000000
-1528.000000
-1315.000000
-1021.000000
-542.000000
108.000000
683.000000
1192.000000
1581.000000
1892.000000
2157.000000
2446.000000
2663.000000
2872.000000
3025.000000
3171.000000
3266.000000
3071.000000
2645.000000
1938.000000
976.000000
6.000000
-876.000000
-1584.000000
-2018.000000
-2136.000000
-2060.000000
-1744.000000
-1261.000000
-747.000000
-252.000000
415.000000
1031.000000
1493.000000
2163.000000
2816.000000
3077.000000
3101.000000
2649.000000
871.000000
-753.000000
-1868.000000
-2877.000000
-3214.000000
-3080.000000
-3330.000000
-3577.000000
-3351.000000
-3571.000000
-3711.000000
-3471.000000
-2963.000000
-2327.000000
-1864.000000
-1527.000000
-1068.000000
-89.000000
1448.000000
3036.000000
3792.000000
4097.000000
3992.000000
3361.000000
2701.000000
1984.000000
1169.000000
639.000000
280.000000
-519.000000
-1185.000000
-1524.000000
-1556.000000
-1254.000000
-1035.000000
-1330.000000
-2043.000000
-2874.000000
-3622.000000
-3948.000000
-3792.000000
-3201.000000
-2376.000000
-1671.000000
-1182.000000
-714.000000
-290.000000
21.000000
426.000000
895.000000
1080.000000
1320.000000
1588.000000
1683.000000
1925.000000
2346.000000
2412.000000
2232.000000
1979.000000
1349.000000
921.000000
648.000000
262.000000
191.000000
256.000000
24.000000
-49.000000
-53.000000
-296.000000
-270.000000
-300.000000
-706.000000
-976.000000
-1165.000000
-1407.000000
-1320.000000
-1180.000000
-958.000000
-391.000000
115.000000
636.000000
1213.000000
1721.000000
2194.000000
2583.000000
2733.000000
2831.000000
2860.000000
2736.000000
2753.000000
2506.000000
1998.000000
1487.000000
736.000000
-118.000000
-700.000000
-1182.000000
-1553.000000
-1685.000000
-1817.000000
-1677.000000
-1274.000000
-843.000000
-358.000000
386.000000
1073.000000
1644.000000
2361.000000
2879.000000
3114.000000
3147.000000
2906.000000
1478.000000
-453.000000
-1847.000000
-3092.000000
-3744.000000
-3629.000000
-3527.000000
-3702.000000
-3333.000000
-3140.000000
-3321.000000
-3171.000000
-2786.000000
-2227.000000
-1739.000000
-1343.000000
-1050.000000
-375.000000
879.000000
2467.000000
3521.000000
3981.000000
4149.000000
3614.000000
2915.000000
2249.000000
1450.000000
798.000000
485.000000
-120.000000
-855.000000
-1216.000000
-1437.000000
-1283.000000
-1006.000000
-1044.000000
-1490.000000
-2270.000000
-3092.000000
-3578.000000
-3651.000000
-3335.000000
-2656.000000
-2123.000000
-1627.000000
-1027.000000
-575.000000
-225.000000
224.000000
793.000000
1194.000000
1444.000000
1646.000000
1726.000000
1821.000000
2257.000000
2534.000000
2189.000000
1895.000000
1521.000000
838.000000
486.000000
278.000000
-25.000000
-12.000000
12.000000
-256.000000
-409.000000
-516.000000
-548.000000
-386.000000
-501.000000
-713.000000
-830.000000
-1110.000000
-1244.000000
-1103.000000
-998.000000
-571.000000
-12.000000
380.000000
852.000000
1251.000000
1638.000000
2140.000000
2448.000000
2598.000000
2725.000000
2547.000000
2404.000000
2352.000000
1976.000000
1581.000000
1070.000000
291.000000
-295.000000
-723.000000
-1166.000000
-1339.000000
-1447.000000
-1484.000000
-1200.000000
-933.000000
-597.000000
-103.000000
582.000000
1228.000000
1838.000000
2379.000000
2859.000000
3071.000000
3044.000000
2464.000000
651.000000
-990.000000
-2279.000000
-3431.000000
-3791.000000
-3651.000000
-3749.000000
-3478.000000
-2935.000000
-3092.000000
-3082.000000
-2785.000000
-2437.000000
-1837.000000
-1465.000000
-1331.000000
-967.000000
-59.000000
1336.000000
2782.000000
3579.000000
4127.000000
4177.000000
3571.000000
3026.000000
2299.000000
1458.000000
993.000000
597.000000
-247.000000
-790.000000
-1068.000000
-1215.000000
-988.000000
-845.000000
-1084.000000
-1733.000000
-2525.000000
-3211.000000
-3580.000000
-3638.000000
-3280.000000
-2687.000000
-2227.000000
-1639.000000
-1054.000000
-584.000000
-75.000000
694.000000
1297.000000
1507.000000
1778.000000
1928.000000
1967.000000
2246.000000
2537.000000
2311.000000
2114.000000
1854.000000
1272.000000
880.000000
568.000000
281.000000
236.000000
122.000000
-191.000000
-392.000000
-652.000000
-836.000000
-727.000000
-838.000000
-1002.000000
-1095.000000
-1331.000000
-1462.000000
-1370.000000
-1164.000000
-783.000000
-342.000000
56.000000
557.000000
943.000000
1412.000000
1970.000000
2282.000000
2552.000000
2736.000000
2631.000000
2494.000000
2429.000000
2101.000000
1683.000000
1163.000000
378.000000
-260.000000
-718.000000
-1054.000000
-1281.000000
-1417.000000
-1496.000000
-1455.000000
-1256.000000
-1000.000000
-615.000000
-88.000000
616.000000
1241.000000
1823.000000
2401.000000
2916.000000
3244.000000
3226.000000
2329.000000
593.000000
-1035.000000
-2424.000000
-3389.000000
-3657.000000
-3591.000000
-3603.000000
-3235.000000
-2923.000000
-3108.000000
-3057.000000
-2834.000000
-2542.000000
-2096.000000
-1794.000000
-1754.000000
-1282.000000
-192.000000
1250.000000
2656.000000
3574.000000
4098.000000
4055.000000
3600.000000
3096.000000
2435.000000
1802.000000
1539.000000
1075.000000
279.000000
-260.000000
-706.000000
-921.000000
-731.000000
-751.000000
-1247.000000
-1928.000000
-2741.000000
-3449.000000
-3790.000000
-3793.000000
-3384.000000
-2847.000000
-2341.000000
-1791.000000
-1359.000000
-875.000000
-108.000000
740.000000
1301.000000
1787.000000
2156.000000
2291.000000
2463.000000
2704.000000
2803.000000
2598.000000
2332.000000
1895.000000
1265.000000
821.000000
577.000000
351.000000
203.000000
122.000000
-210.000000
-581.000000
-862.000000
-1064.000000
-1066.000000
-1059.000000
-1162.000000
-1229.000000
-1313.000000
-1295.000000
-993.000000
-705.000000
-349.000000
100.000000
333.000000
620.000000
988.000000
1239.000000
1653.000000
2156.000000
2334.000000
2438.000000
2516.000000
2316.000000
2197.000000
1942.000000
1467.000000
923.000000
266.000000
-383.000000
-788.000000
-1134.000000
-1372.000000
-1371.000000
-1502.000000
-1503.000000
-1270.000000
-991.000000
-616.000000
-154.000000
364.000000
990.000000
1570.000000
2126.000000
2828.000000
3296.000000
3411.000000
3131.000000
1814.000000
106.000000
-1230.000000
-2409.000000
-3163.000000
-3338.000000
-3573.000000
-3632.000000
-3371.000000
-3447.000000
-3611.000000
-3387.000000
-3152.000000
-2705.000000
-2224.000000
-2149.000000
-1802.000000
-875.000000
375.000000
1752.000000
2877.000000
3548.000000
3948.000000
3943.000000
3633.000000
3181.000000
2732.000000
2375.000000
1977.000000
1243.000000
495.000000
-103.000000
-568.000000
-676.000000
-806.000000
-1324.000000
-1982.000000
-2748.000000
-3563.000000
-4046.000000
-4153.000000
-3946.000000
-3484.000000
-2889.000000
-2434.000000
-1928.000000
-1267.000000
-491.000000
359.000000
1166.000000
1789.000000
2204.000000
2519.000000
2664.000000
2773.000000
2902.000000
2886.000000
2727.000000
2397.000000
1880.000000
1370.000000
951.000000
600.000000
354.000000
79.000000
-263.000000
-597.000000
-892.000000
-1126.000000
-1228.000000
-1256.000000
-1278.000000
-1216.000000
-1160.000000
-1075.000000
-869.000000
-554.000000
-237.000000
52.000000
278.000000
513.000000
771.000000
975.000000
1209.000000
1620.000000
1895.000000
2067.000000
2243.000000
2130.000000
1935.000000
1802.000000
1486.000000
970.000000
594.000000
113.000000
-387.000000
-708.000000
-1022.000000
-1229.000000
-1337.000000
-1373.000000
-1349.000000
-1153.000000
-969.000000
-590.000000
-61.000000
464.000000
1127.000000
1728.000000
2265.000000
2779.000000
3189.000000
3188.000000
2827.000000
1854.000000
429.000000
-807.000000
-1931.000000
-2750.000000
-3044.000000
-3328.000000
-3550.000000
-3451.000000
-3581.000000
-3859.000000
-3739.000000
-3560.000000
-3170.000000
-2568.000000
-2318.000000
-1923.000000
-1039.000000
-34.000000
1101.000000
2208.000000
2886.000000
3491.000000
3755.000000
3622.000000
3511.000000
3287.000000
3016.000000
2779.000000
2146.000000
1307.000000
649.000000
-72.000000
-586.000000
-867.000000
-1492.000000
-2119.000000
-2658.000000
-3404.000000
-3944.000000
-4115.000000
-4153.000000
-3857.000000
-3343.000000
-3000.000000
-2441.000000
-1583.000000
-824.000000
-42.000000
862.000000
1564.000000
2226.000000
2752.000000
2919.000000
3061.000000
3259.000000
3206.000000
3016.000000
2683.000000
2106.000000
1624.000000
1170.000000
562.000000
188.000000
-114.000000
-504.000000
-650.000000
-791.000000
-1046.000000
-1079.000000
-1113.000000
-1234.000000
-1017.000000
-857.000000
-775.000000
-494.000000
-228.000000
-124.000000
59.000000
141.000000
242.000000
422.000000
566.000000
841.000000
1094.000000
1324.000000
1595.000000
1764.000000
1751.000000
1812.000000
1724.000000
1420.000000
1213.000000
912.000000
501.000000
141.000000
-208.000000
-529.000000
-781.000000
-993.000000
-1141.000000
-1148.000000
-1136.000000
-980.000000
-709.000000
-311.000000
115.000000
618.000000
1099.000000
1483.000000
1947.000000
2287.000000
2419.000000
2427.000000
2206.000000
1325.000000
319.000000
-579.000000
-1518.000000
-2062.000000
-2455.000000
-2995.000000
-3134.000000
-3190.000000
-3521.000000
-3694.000000
-3669.000000
-3562.000000
-3023.000000
-2601.000000
-2353.000000
-1743.000000
-1028.000000
-164.000000
849.000000
1647.000000
2375.000000
3072.000000
3280.000000
3420.000000
3431.000000
3139.000000
2992.000000
2701.000000
1981.000000
1336.000000
661.000000
-96.000000
-474.000000
-880.000000
-1487.000000
-1852.000000
-2381.000000
-3079.000000
-3456.000000
-3779.000000
-3902.000000
-3543.000000
-3176.000000
-2753.000000
-2020.000000
-1423.000000
-825.000000
-19.000000
665.000000
1316.000000
1949.000000
2191.000000
2422.000000
2668.000000
2627.000000
2657.000000
2607.000000
2316.000000
2113.000000
1727.000000
1176.000000
861.000000
527.000000
208.000000
128.000000
-78.000000
-319.000000
-405.000000
-676.000000
-777.000000
-611.000000
-582.000000
-440.000000
-278.000000
-377.000000
-357.000000
-287.000000
-427.000000
-392.000000
-235.000000
-191.000000
-50.000000
136.000000
256.000000
517.000000
830.000000
1085.000000
1263.000000
1304.000000
1319.000000
1287.000000
1103.000000
917.000000
728.000000
422.000000
155.000000
-101.000000
-382.000000
-463.000000
-388.000000
-269.000000
-144.000000
-48.000000
63.000000
194.000000
234.000000
271.000000
425.000000
567.000000
783.000000
998.000000
1172.000000
1386.000000
1650.000000
1626.000000
1086.000000
354.000000
-369.000000
-1049.000000
-1565.000000
-1957.000000
-2362.000000
-2512.000000
-2545.000000
-2767.000000
-2893.000000
-2744.000000
-2503.000000
-2086.000000
-1759.000000
-1709.000000
-1477.000000
-1043.000000
-506.000000
226.000000
941.000000
1614.000000
2171.000000
2359.000000
2403.000000
2444.000000
2309.000000
2186.000000
1978.000000
1448.000000
1003.000000
651.000000
181.000000
-17.000000
-170.000000
-490.000000
-726.000000
-1148.000000
-1677.000000
-1955.000000
-2137.000000
-2238.000000
-2051.000000
-1996.000000
-1964.000000
-1691.000000
-1551.000000
-1402.000000
-1023.000000
-670.000000
-335.000000
45.000000
224.000000
431.000000
684.000000
716.000000
822.000000
946.000000
954.000000
1061.000000
1116.000000
1006.000000
1131.000000
1284.000000
1238.000000
1332.000000
1378.000000
1304.000000
1306.000000
1226.000000
993.000000
874.000000
726.000000
474.000000
315.000000
96.000000
-172.000000
-385.000000
-621.000000
-856.000000
-1018.000000
-1123.000000
-1182.000000
-1101.000000
-936.000000
-707.000000
-468.000000
-227.000000
46.000000
231.000000
321.000000
392.000000
425.000000
412.000000
455.000000
472.000000
465.000000
622.000000
761.000000
825.000000
982.000000
1114.000000
1071.000000
1037.000000
898.000000
501.000000
206.000000
-33.000000
-298.000000
-361.000000
-293.000000
-257.000000
-53.000000
175.000000
246.000000
328.000000
410.000000
436.000000
414.000000
161.000000
-220.000000
-476.000000
-665.000000
-771.000000
-808.000000
-853.000000
-778.000000
-675.000000
-773.000000
-871.000000
-883.000000
-883.000000
-753.000000
-650.000000
-702.000000
-649.000000
-510.000000
-366.000000
-166.000000
37.000000
140.000000
216.000000
212.000000
117.000000
100.000000
104.000000
114.000000
160.000000
173.000000
126.000000
143.000000
175.000000
233.000000
379.000000
501.000000
571.000000
550.000000
409.000000
215.000000
46.000000
-119.000000
-289.000000
-441.000000
-599.000000
-666.000000
-798.000000
-952.000000
-1098.000000
-1204.000000
-1307.000000
-1399.000000
-1487.000000
-1526.000000
-1377.000000
-1198.000000
-943.000000
-600.000000
-230.000000
94.000000
391.000000
634.000000
895.000000
1207.000000
1447.000000
1630.000000
1837.000000
1948.000000
1983.000000
1991.000000
1872.000000
1647.000000
1408.000000
1059.000000
620.000000
254.000000
-67.000000
-318.000000
-436.000000
-501.000000
-550.000000
-543.000000
-575.000000
-614.000000
-686.000000
-810.000000
-906.000000
-962.000000
-1021.000000
-957.000000
-781.000000
-511.000000
-119.000000
249.000000
556.000000
835.000000
1005.000000
1094.000000
1098.000000
984.000000
820.000000
642.000000
411.000000
277.000000
229.000000
171.000000
219.000000
248.000000
238.000000
280.000000
261.000000
121.000000
47.000000
-59.000000
-176.000000
-251.000000
-295.000000
-255.000000
-147.000000
-44.000000
65.000000
244.000000
455.000000
682.000000
784.000000
777.000000
719.000000
589.000000
414.000000
241.000000
66.000000
-41.000000
-57.000000
-87.000000
-192.000000
-265.000000
-327.000000
-394.000000
-478.000000
-601.000000
-773.000000
-912.000000
-946.000000
-989.000000
-946.000000
-747.000000
-470.000000
-189.000000
107.000000
269.000000
363.000000
438.000000
368.000000
206.000000
35.000000
-155.000000
-331.000000
-414.000000
-481.000000
-490.000000
-403.000000
-355.000000
-357.000000
-428.000000
-566.000000
-717.000000
-824.000000
-926.000000
-995.000000
-970.000000
-893.000000
-723.000000
-525.000000
-337.000000
-141.000000
67.000000
190.000000
208.000000
143.000000
67.000000
4.000000
-16.000000
11.000000
26.000000
37.000000
72.000000
85.000000
49.000000
41.000000
42.000000
52.000000
128.000000
201.000000
229.000000
272.000000
285.000000
293.000000
299.000000
259.000000
180.000000
144.000000
128.000000
159.000000
206.000000
274.000000
350.000000
430.000000
526.000000
626.000000
660.000000
646.000000
636.000000
532.000000
439.000000
355.000000
207.000000
94.000000
63.000000
16.000000
-28.000000
-54.000000
-85.000000
-38.000000
50.000000
96.000000
124.000000
116.000000
109.000000
139.000000
172.000000
200.000000
280.000000
327.000000
364.000000
417.000000
467.000000
557.000000
666.000000
770.000000
806.000000
739.000000
592.000000
455.000000
330.000000
230.000000
221.000000
185.000000
130.000000
68.000000
-71.000000
-220.000000
-257.000000
-276.000000
-354.000000
-399.000000
-464.000000
-480.000000
-422.000000
-307.000000
-154.000000
55.000000
259.000000
301.000000
289.000000
242.000000
164.000000
55.000000
-60.000000
-200.000000
-338.000000
-416.000000
-525.000000
-558.000000
-495.000000
-440.000000
-441.000000
-479.000000
-561.000000
-648.000000
-704.000000
-761.000000
-775.000000
-772.000000
-712.000000
-657.000000
-568.000000
-467.000000
-359.000000
-231.000000
-164.000000
-151.000000
-180.000000
-216.000000
-241.000000
-202.000000
-204.000000
-240.000000
-228.000000
-255.000000
-298.000000
-345.000000
-399.000000
-396.000000
-383.000000
-399.000000
-357.000000
-295.000000
-211.000000
-104.000000
-59.000000
-28.000000
44.000000
101.000000
87.000000
128.000000
211.000000
290.000000
360.000000
397.000000
417.000000
419.000000
450.000000
467.000000
435.000000
404.000000
386.000000
302.000000
222.000000
193.000000
127.000000
51.000000
35.000000
28.000000
6.000000
49.000000
111.000000
161.000000
254.000000
305.000000
291.000000
295.000000
319.000000
294.000000
311.000000
358.000000
371.000000
400.000000
444.000000
484.000000
560.000000
654.000000
695.000000
708.000000
707.000000
632.000000
523.000000
408.000000
330.000000
304.000000
268.000000
248.000000
244.000000
245.000000
209.000000
156.000000
81.000000
28.000000
-42.000000
-133.000000
-153.000000
-153.000000
-105.000000
-11.000000
96.000000
155.000000
232.000000
221.000000
88.000000
-18.000000
-158.000000
-301.000000
-406.000000
-463.000000
-487.000000
-459.000000
-406.000000
-343.000000
-254.000000
-216.000000
-180.000000
-195.000000
-250.000000
-317.000000
-401.000000
-465.000000
-479.000000
-454.000000
-408.000000
-354.000000
-317.000000
-275.000000
-284.000000
-343.000000
-358.000000
-337.000000
-367.000000
-389.000000
-379.000000
-370.000000
-327.000000
-301.000000
-289.000000
-251.000000
-202.000000
-183.000000
-204.000000
-232.000000
-226.000000
-208.000000
-182.000000
-118.000000
-59.000000
-68.000000
-66.000000
-70.000000
-80.000000
-36.000000
14.000000
37.000000
108.000000
144.000000
122.000000
93.000000
83.000000
82.000000
78.000000
79.000000
58.000000
12.000000
-58.000000
-86.000000
-83.000000
-57.000000
-8.000000
7.000000
3.000000
45.000000
91.000000
157.000000
264.000000
350.000000
430.000000
489.000000
464.000000
416.000000
373.000000
292.000000
231.000000
217.000000
178.000000
177.000000
235.000000
279.000000
328.000000
367.000000
328.000000
236.000000
205.000000
153.000000
91.000000
81.000000
110.000000
143.000000
203.000000
280.000000
338.000000
406.000000
472.000000
457.000000
390.000000
328.000000
258.000000
215.000000
210.000000
236.000000
286.000000
315.000000
292.000000
255.000000
185.000000
68.000000
-42.000000
-176.000000
-320.000000
-425.000000
-495.000000
-509.000000
-444.000000
-346.000000
-250.000000
-156.000000
-112.000000
-86.000000
-104.000000
-126.000000
-132.000000
-171.000000
-227.000000
-255.000000
-299.000000
-320.000000
-275.000000
-283.000000
-275.000000
-246.000000
-312.000000
-381.000000
-378.000000
-382.000000
-364.000000
-309.000000
-294.000000
-242.000000
-192.000000
-216.000000
-224.000000
-198.000000
-163.000000
-135.000000
-143.000000
-152.000000
-122.000000
-59.000000
-5.000000
9.000000
23.000000
65.000000
97.000000
100.000000
97.000000
118.000000
158.000000
177.000000
142.000000
62.000000
-12.000000
-54.000000
-76.000000
-119.000000
-164.000000
-204.000000
-243.000000
-251.000000
-240.000000
-213.000000
-141.000000
-47.000000
43.000000
114.000000
178.000000
254.000000
358.000000
446.000000
497.000000
516.000000
491.000000
481.000000
440.000000
371.000000
281.000000
186.000000
91.000000
6.000000
-49.000000
-58.000000
-40.000000
5.000000
45.000000
43.000000
2.000000
-25.000000
-33.000000
-22.000000
25.000000
67.000000
132.000000
232.000000
333.000000
434.000000
525.000000
553.000000
548.000000
507.000000
398.000000
291.000000
270.000000
246.000000
217.000000
211.000000
166.000000
115.000000
83.000000
4.000000
-71.000000
-125.000000
-217.000000
-316.000000
-402.000000
-434.000000
-390.000000
-298.000000
-223.000000
-135.000000
-64.000000
-44.000000
-46.000000
-69.000000
-80.000000
-72.000000
-105.000000
-133.000000
-152.000000
-185.000000
-187.000000
-120.000000
-93.000000
-107.000000
-115.000000
-205.000000
-320.000000
-388.000000
-453.000000
-487.000000
-429.000000
-407.000000
-387.000000
-325.000000
-254.000000
-167.000000
-96.000000
-57.000000
-27.000000
-27.000000
-56.000000
-44.000000
-34.000000
-12.000000
71.000000
120.000000
149.000000
195.000000
214.000000
250.000000
261.000000
215.000000
180.000000
130.000000
29.000000
-44.000000
-80.000000
-134.000000
-137.000000
-144.000000
-215.000000
-251.000000
-271.000000
-317.000000
-317.000000
-298.000000
-300.000000
-248.000000
-155.000000
-41.000000
93.000000
238.000000
383.000000
507.000000
579.000000
589.000000
548.000000
464.000000
379.000000
291.000000
180.000000
99.000000
33.000000
4.000000
13.000000
16.000000
25.000000
30.000000
7.000000
-24.000000
-75.000000
-154.000000
-175.000000
-168.000000
-132.000000
-33.000000
56.000000
143.000000
277.000000
392.000000
467.000000
528.000000
535.000000
507.000000
462.000000
386.000000
300.000000
226.000000
181.000000
141.000000
103.000000
49.000000
13.000000
-27.000000
-81.000000
-136.000000
-190.000000
-248.000000
-310.000000
-324.000000
-303.000000
-266.000000
-213.000000
-127.000000
-70.000000
-10.000000
32.000000
23.000000
-2.000000
-42.000000
-92.000000
-152.000000
-195.000000
-197.000000
-179.000000
-164.000000
-168.000000
-170.000000
-179.000000
-171.000000
-186.000000
-221.000000
-232.000000
-245.000000
-254.000000
-248.000000
-240.000000
-220.000000
-151.000000
-92.000000
-58.000000
-27.000000
-18.000000
-5.000000
13.000000
20.000000
19.000000
22.000000
39.000000
52.000000
70.000000
82.000000
118.000000
147.000000
142.000000
94.000000
48.000000
-5.000000
-56.000000
-90.000000
-141.000000
-154.000000
-155.000000
-169.000000
-194.000000
-193.000000
-174.000000
-146.000000
-131.000000
-123.000000
-87.000000
-45.000000
25.000000
104.000000
189.000000
282.000000
333.000000
360.000000
364.000000
356.000000
314.000000
269.000000
223.000000
166.000000
110.000000
52.000000
14.000000
-14.000000
-23.000000
-33.000000
-54.000000
-71.000000
-77.000000
-122.000000
-147.000000
-145.000000
-141.000000
-108.000000
-48.000000
27.000000
110.000000
215.000000
299.000000
370.000000
437.000000
445.000000
443.000000
416.000000
376.000000
332.000000
263.000000
188.000000
138.000000
65.000000
-19.000000
-59.000000
-117.000000
-172.000000
-198.000000
-233.000000
-253.000000
-241.000000
-231.000000
-208.000000
-168.000000
-120.000000
-51.000000
3.000000
59.000000
104.000000
101.000000
70.000000
18.000000
-64.000000
-134.000000
-162.000000
-191.000000
-213.000000
-212.000000
-229.000000
-243.000000
-237.000000
-248.000000
-252.000000
-252.000000
-275.000000
-274.000000
-286.000000
-300.000000
-274.000000
-230.000000
-170.000000
-110.000000
-60.000000
-38.000000
-11.000000
16.000000
29.000000
74.000000
108.000000
140.000000
188.000000
221.000000
245.000000
265.000000
263.000000
252.000000
243.000000
207.000000
163.000000
99.000000
34.000000
-8.000000
-46.000000
-94.000000
-129.000000
-153.000000
-197.000000
-216.000000
-217.000000
-226.000000
-208.000000
-155.000000
-101.000000
-31.000000
44.000000
110.000000
192.000000
269.000000
317.000000
341.000000
338.000000
312.000000
261.000000
205.000000
148.000000
91.000000
56.000000
31.000000
11.000000
-12.000000
-12.000000
-23.000000
-51.000000
-76.000000
-93.000000
-121.000000
-137.000000
-143.000000
-148.000000
-124.000000
-91.000000
-54.000000
5.000000
73.000000
141.000000
183.000000
205.000000
208.000000
204.000000
195.000000
177.000000
176.000000
178.000000
156.000000
133.000000
102.000000
56.000000
16.000000
-35.000000
-77.000000
-114.000000
-141.000000
-169.000000
-191.000000
-185.000000
-165.000000
-132.000000
-100.000000
-59.000000
-24.000000
13.000000
30.000000
18.000000
-3.000000
-46.000000
-94.000000
-135.000000
-159.000000
-181.000000
-186.000000
-164.000000
-158.000000
-133.000000
-99.000000
-73.000000
-63.000000
-77.000000
-92.000000
-124.000000
-149.000000
-159.000000
-166.000000
-162.000000
-138.000000
-110.000000
-105.000000
-103.000000
-102.000000
-81.000000
-50.000000
-26.000000
-17.000000
11.000000
53.000000
107.000000
165.000000
219.000000
279.000000
310.000000
294.000000
251.000000
203.000000
128.000000
58.000000
10.000000
-33.000000
-63.000000
-66.000000
-72.000000
-68.000000
-56.000000
-60.000000
-68.000000
-77.000000
-72.000000
-66.000000
-55.000000
-9.000000
61.000000
122.000000
182.000000
233.000000
264.000000
272.000000
238.000000
170.000000
104.000000
54.000000
9.000000
-12.000000
-31.000000
-29.000000
11.000000
36.000000
66.000000
92.000000
95.000000
83.000000
73.000000
54.000000
-4.000000
-48.000000
-53.000000
-44.000000
-22.000000
-1.000000
30.000000
68.000000
113.000000
149.000000
152.000000
151.000000
142.000000
113.000000
76.000000
32.000000
-6.000000
-18.000000
-25.000000
-32.000000
-25.000000
-49.000000
-64.000000
-63.000000
-82.000000
-65.000000
-44.000000
-51.000000
-43.000000
-29.000000
-36.000000
-16.000000
10.000000
13.000000
21.000000
-4.000000
-59.000000
-114.000000
-156.000000
-188.000000
-204.000000
-215.000000
-214.000000
-218.000000
-217.000000
-178.000000
-147.000000
-117.000000
-77.000000
-63.000000
-66.000000
-74.000000
-102.000000
-110.000000
-94.000000
-98.000000
-107.000000
-116.000000
-125.000000
-130.000000
-127.000000
-121.000000
-114.000000
-91.000000
-79.000000
-72.000000
-40.000000
34.000000
110.000000
182.000000
238.000000
265.000000
271.000000
252.000000
205.000000
142.000000
96.000000
49.000000
-12.000000
-48.000000
-67.000000
-79.000000
-55.000000
-38.000000
-40.000000
-39.000000
-42.000000
-44.000000
-50.000000
-41.000000
-22.000000
13.000000
57.000000
107.000000
148.000000
173.000000
206.000000
195.000000
156.000000
108.000000
32.000000
-34.000000
-72.000000
-108.000000
-122.000000
-94.000000
-58.000000
-22.000000
26.000000
79.000000
115.000000
144.000000
156.000000
141.000000
121.000000
102.000000
81.000000
68.000000
64.000000
70.000000
88.000000
98.000000
120.000000
139.000000
143.000000
140.000000
101.000000
56.000000
9.000000
-46.000000
-64.000000
-71.000000
-67.000000
-32.000000
0.000000
30.000000
73.000000
99.000000
119.000000
141.000000
131.000000
94.000000
55.000000
16.000000
-11.000000
-25.000000
-42.000000
-50.000000
-63.000000
-92.000000
-120.000000
-158.000000
-177.000000
-198.000000
-226.000000
-240.000000
-249.000000
-236.000000
-202.000000
-150.000000
-99.000000
-45.000000
-6.000000
2.000000
3.000000
-1.000000
-11.000000
-26.000000
-37.000000
-59.000000
-82.000000
-108.000000
-112.000000
-102.000000
-96.000000
-83.000000
-78.000000
-81.000000
-73.000000
-60.000000
-45.000000
-4.000000
52.000000
88.000000
117.000000
137.000000
132.000000
111.000000
87.000000
33.000000
-32.000000
-65.000000
-83.000000
-96.000000
-95.000000
-67.000000
-47.000000
-7.000000
15.000000
16.000000
24.000000
18.000000
19.000000
23.000000
25.000000
44.000000
67.000000
99.000000
126.000000
132.000000
127.000000
113.000000
86.000000
42.000000
-9.000000
-61.000000
-99.000000
-133.000000
-162.000000
-159.000000
-130.000000
-77.000000
-23.000000
33.000000
84.000000
129.000000
159.000000
177.000000
192.000000
191.000000
191.000000
192.000000
187.000000
183.000000
187.000000
178.000000
181.000000
171.000000
137.000000
81.000000
24.000000
-37.000000
-93.000000
-139.000000
-180.000000
-175.000000
-168.000000
-125.000000
-57.000000
7.000000
74.000000
145.000000
191.000000
203.000000
217.000000
191.000000
160.000000
137.000000
112.000000
86.000000
64.000000
33.000000
3.000000
-25.000000
-76.000000
-114.000000
-154.000000
-197.000000
-224.000000
-241.000000
-250.000000
-226.000000
-174.000000
-136.000000
-94.000000
-54.000000
-50.000000
-48.000000
-56.000000
-67.000000
-63.000000
-66.000000
-53.000000
-51.000000
-50.000000
-33.000000
-13.000000
-9.000000
-6.000000
2.000000
-8.000000
-6.000000
-1.000000
-9.000000
-1.000000
21.000000
23.000000
43.000000
44.000000
30.000000
28.000000
14.000000
-19.000000
-51.000000
-68.000000
-88.000000
-75.000000
-67.000000
-52.000000
-36.000000
-22.000000
-16.000000
-19.000000
-16.000000
-30.000000
-30.000000
-29.000000
-24.000000
-12.000000
13.000000
36.000000
67.000000
101.000000
112.000000
104.000000
70.000000
30.000000
-19.000000
-64.000000
-110.000000
-138.000000
-150.000000
-150.000000
-126.000000
-108.000000
-72.000000
-14.000000
38.000000
78.000000
120.000000
142.000000
145.000000
156.000000
166.000000
177.000000
177.000000
193.000000
204.000000
206.000000
195.000000
174.000000
145.000000
95.000000
45.000000
-26.000000
-92.000000
-130.000000
-155.000000
-160.000000
-141.000000
-103.000000
-46.000000
22.000000
83.000000
142.000000
182.000000
202.000000
202.000000
179.000000
159.000000
140.000000
121.000000
106.000000
90.000000
71.000000
47.000000
13.000000
-36.000000
-85.000000
-123.000000
-174.000000
-216.000000
-239.000000
-239.000000
-200.000000
-155.000000
-100.000000
-42.000000
5.000000
27.000000
23.000000
-7.000000
-25.000000
-42.000000
-60.000000
-63.000000
-73.000000
-51.000000
-13.000000
30.000000
65.000000
99.000000
113.000000
98.000000
62.000000
9.000000
-37.000000
-77.000000
-93.000000
-93.000000
-82.000000
-76.000000
-61.000000
-44.000000
-36.000000
-25.000000
-23.000000
-32.000000
-48.000000
-60.000000
-83.000000
-90.000000
-69.000000
-49.000000
-30.000000
-15.000000
-13.000000
-19.000000
-27.000000
-43.000000
-57.000000
-60.000000
-61.000000
-55.000000
-38.000000
-8.000000
16.000000
39.000000
58.000000
63.000000
41.000000
11.000000
-30.000000
-79.000000
-120.000000
-147.000000
-173.000000
-167.000000
-136.000000
-113.000000
-69.000000
-17.000000
38.000000
84.000000
117.000000
139.000000
156.000000
165.000000
162.000000
167.000000
175.000000
198.000000
211.000000
209.000000
207.000000
186.000000
151.000000
100.000000
23.000000
-40.000000
-90.000000
-129.000000
-135.000000
-113.000000
-71.000000
-9.000000
71.000000
129.000000
174.000000
196.000000
184.000000
159.000000
128.000000
96.000000
71.000000
65.000000
66.000000
81.000000
93.000000
103.000000
96.000000
65.000000
29.000000
-28.000000
-82.000000
-131.000000
-167.000000
-178.000000
-162.000000
-134.000000
-94.000000
-54.000000
-28.000000
-3.000000
-11.000000
-31.000000
-51.000000
-74.000000
-90.000000
-91.000000
-80.000000
-43.000000
3.000000
56.000000
115.000000
143.000000
139.000000
125.000000
89.000000
32.000000
-12.000000
-60.000000
-93.000000
-108.000000
-112.000000
-103.000000
-87.000000
-71.000000
-48.000000
-33.000000
-29.000000
-35.000000
-55.000000
-76.000000
-99.000000
-109.000000
-117.000000
-113.000000
-112.000000
-111.000000
-92.000000
-73.000000
-56.000000
-44.000000
-40.000000
-48.000000
-41.000000
-33.000000
-20.000000
3.000000
10.000000
27.000000
33.000000
20.000000
4.000000
-34.000000
-77.000000
-108.000000
-148.000000
-181.000000
-195.000000
-178.000000
-151.000000
-104.000000
-41.000000
10.000000
65.000000
98.000000
115.000000
122.000000
127.000000
116.000000
108.000000
105.000000
102.000000
106.000000
108.000000
113.000000
111.000000
92.000000
61.000000
21.000000
-8.000000
-35.000000
-59.000000
-67.000000
-50.000000
-10.000000
43.000000
112.000000
170.000000
220.000000
252.000000
247.000000
226.000000
189.000000
152.000000
116.000000
93.000000
73.000000
59.000000
64.000000
58.000000
56.000000
41.000000
11.000000
-19.000000
-60.000000
-107.000000
-137.000000
-145.000000
-134.000000
-111.000000
-72.000000
-33.000000
7.000000
36.000000
60.000000
66.000000
56.000000
39.000000
20.000000
1.000000
-22.000000
-24.000000
-15.000000
0.000000
30.000000
46.000000
52.000000
48.000000
35.000000
12.000000
-20.000000
-37.000000
-61.000000
-76.000000
-85.000000
-88.000000
-72.000000
-60.000000
-28.000000
-6.000000
1.000000
13.000000
12.000000
4.000000
-11.000000
-24.000000
-58.000000
-80.000000
-97.000000
-119.000000
-123.000000
-129.000000
-127.000000
-116.000000
-98.000000
-87.000000
-80.000000
-55.000000
-44.000000
-32.000000
-17.000000
-16.000000
-11.000000
-16.000000
-32.000000
-60.000000
-87.000000
-108.000000
-130.000000
-144.000000
-147.000000
-141.000000
-123.000000
-92.000000
-60.000000
-20.000000
14.000000
39.000000
63.000000
69.000000
67.000000
61.000000
53.000000
54.000000
58.000000
73.000000
79.000000
87.000000
78.000000
57.000000
29.000000
-5.000000
-26.000000
-66.000000
-79.000000
-78.000000
-70.000000
-27.000000
33.000000
89.000000
147.000000
184.000000
211.000000
218.000000
209.000000
193.000000
166.000000
141.000000
121.000000
113.000000
109.000000
112.000000
109.000000
84.000000
69.000000
36.000000
-9.000000
-40.000000
-66.000000
-83.000000
-91.000000
-81.000000
-58.000000
-28.000000
3.000000
41.000000
66.000000
83.000000
95.000000
96.000000
88.000000
78.000000
74.000000
69.000000
69.000000
57.000000
53.000000
54.000000
42.000000
30.000000
17.000000
-3.000000
-23.000000
-46.000000
-75.000000
-86.000000
-84.000000
-88.000000
-78.000000
-62.000000
-45.000000
-14.000000
-2.000000
12.000000
30.000000
42.000000
35.000000
17.000000
6.000000
-16.000000
-43.000000
-71.000000
-98.000000
-116.000000
-132.000000
-138.000000
-138.000000
-132.000000
-108.000000
-85.000000
-66.000000
-43.000000
-16.000000
11.000000
27.000000
22.000000
3.000000
-18.000000
-49.000000
-88.000000
-120.000000
-151.000000
-183.000000
-186.000000
-185.000000
-172.000000
-142.000000
-112.000000
-68.000000
-33.000000
-15.000000
-7.000000
0.000000
7.000000
17.000000
26.000000
36.000000
57.000000
76.000000
85.000000
89.000000
83.000000
70.000000
38.000000
4.000000
-34.000000
-82.000000
-101.000000
-119.000000
-96.000000
-51.000000
-15.000000
42.000000
81.000000
127.000000
148.000000
150.000000
145.000000
132.000000
114.000000
95.000000
81.000000
76.000000
87.000000
101.000000
116.000000
115.000000
109.000000
86.000000
54.000000
25.000000
-8.000000
-31.000000
-46.000000
-54.000000
-49.000000
-29.000000
-1.000000
31.000000
61.000000
85.000000
94.000000
95.000000
100.000000
93.000000
89.000000
86.000000
80.000000
76.000000
69.000000
67.000000
65.000000
51.000000
42.000000
33.000000
20.000000
7.000000
-13.000000
-28.000000
-24.000000
-18.000000
-6.000000
2.000000
15.000000
34.000000
42.000000
45.000000
35.000000
31.000000
19.000000
-4.000000
-22.000000
-42.000000
-55.000000
-63.000000
-71.000000
-77.000000
-86.000000
-93.000000
-96.000000
-97.000000
-100.000000
-101.000000
-90.000000
-76.000000
-48.000000
-25.000000
1.000000
16.000000
20.000000
12.000000
-13.000000
-29.000000
-62.000000
-97.000000
-127.000000
-147.000000
-159.000000
-160.000000
-145.000000
-120.000000
-98.000000
-82.000000
-63.000000
-58.000000
-56.000000
-56.000000
-56.000000
-39.000000
-21.000000
7.000000
34.000000
53.000000
70.000000
77.000000
72.000000
48.000000
10.000000
-31.000000
-75.000000
-110.000000
-121.000000
-116.000000
-88.000000
-53.000000
-14.000000
30.000000
57.000000
81.000000
98.000000
99.000000
83.000000
70.000000
55.000000
46.000000
39.000000
37.000000
40.000000
41.000000
51.000000
50.000000
42.000000
31.000000
18.000000
6.000000
-5.000000
-12.000000
-14.000000
-12.000000
1.000000
20.000000
49.000000
74.000000
86.000000
101.000000
102.000000
104.000000
100.000000
85.000000
71.000000
53.000000
56.000000
55.000000
52.000000
57.000000
62.000000
61.000000
51.000000
40.000000
34.000000
27.000000
15.000000
2.000000
8.000000
16.000000
29.000000
59.000000
74.000000
92.000000
107.000000
112.000000
95.000000
67.000000
32.000000
0.000000
-26.000000
-59.000000
-72.000000
-79.000000
-75.000000
-70.000000
-61.000000
-56.000000
-56.000000
-57.000000
-58.000000
-57.000000
-56.000000
-37.000000
-18.000000
0.000000
21.000000
33.000000
32.000000
33.000000
18.000000
-16.000000
-50.000000
-78.000000
-116.000000
-127.000000
-136.000000
-137.000000
-123.000000
-112.000000
-91.000000
-87.000000
-75.000000
-71.000000
-59.000000
-47.000000
-38.000000
-28.000000
-10.000000
10.000000
24.000000
33.000000
31.000000
19.000000
4.000000
-22.000000
-52.000000
-67.000000
-79.000000
-81.000000
-73.000000
-51.000000
-33.000000
-7.000000
15.000000
41.000000
61.000000
73.000000
68.000000
52.000000
38.000000
13.000000
3.000000
-7.000000
-13.000000
-19.000000
-11.000000
-11.000000
-10.000000
-1.000000
8.000000
18.000000
12.000000
14.000000
14.000000
11.000000
17.000000
24.000000
38.000000
54.000000
65.000000
77.000000
79.000000
86.000000
71.000000
59.000000
49.000000
29.000000
13.000000
4.000000
-5.000000
-7.000000
1.000000
12.000000
29.000000
37.000000
46.000000
55.000000
56.000000
56.000000
59.000000
63.000000
63.000000
66.000000
71.000000
83.000000
94.000000
97.000000
87.000000
71.000000
60.000000
28.000000
2.000000
-26.000000
-60.000000
-78.000000
-94.000000
-101.000000
-97.000000
-92.000000
-74.000000
-55.000000
-39.000000
-21.000000
-2.000000
15.000000
28.000000
39.000000
59.000000
64.000000
63.000000
65.000000
51.000000
35.000000
10.000000
-15.000000
-45.000000
-76.000000
-97.000000
-123.000000
-139.000000
-143.000000
-139.000000
-123.000000
-108.000000
-89.000000
-67.000000
-47.000000
-29.000000
-18.000000
-2.000000
6.000000
9.000000
7.000000
-6.000000
-12.000000
-22.000000
-34.000000
-46.000000
-50.000000
-54.000000
-59.000000
-41.000000
-17.000000
-10.000000
-1.000000
12.000000
22.000000
27.000000
30.000000
30.000000
19.000000
16.000000
6.000000
0.000000
-5.000000
-8.000000
-9.000000
-7.000000
-10.000000
-9.000000
-8.000000
-13.000000
-9.000000
-6.000000
-4.000000
8.000000
12.000000
11.000000
19.000000
36.000000
50.000000
57.000000
70.000000
70.000000
65.000000
61.000000
61.000000
57.000000
45.000000
30.000000
16.000000
8.000000
-4.000000
-10.000000
-11.000000
-8.000000
-1.000000
7.000000
9.000000
18.000000
28.000000
29.000000
35.000000
41.000000
46.000000
56.000000
61.000000
74.000000
92.000000
98.000000
104.000000
103.000000
91.000000
75.000000
51.000000
23.000000
-7.000000
-27.000000
-50.000000
-65.000000
-70.000000
-69.000000
-69.000000
-55.000000
-52.000000
-36.000000
-18.000000
-14.000000
7.000000
19.000000
33.000000
42.000000
56.000000
60.000000
54.000000
47.000000
28.000000
11.000000
-13.000000
-46.000000
-75.000000
-94.000000
-104.000000
-113.000000
-110.000000
-99.000000
-89.000000
-69.000000
-48.000000
-32.000000
-8.000000
5.000000
9.000000
14.000000
14.000000
5.000000
2.000000
-16.000000
-26.000000
-43.000000
-55.000000
-58.000000
-61.000000
-51.000000
-47.000000
-31.000000
-11.000000
-4.000000
7.000000
12.000000
13.000000
22.000000
25.000000
20.000000
15.000000
5.000000
-6.000000
-12.000000
-18.000000
-27.000000
-36.000000
-36.000000
-40.000000
-35.000000
-28.000000
-20.000000
0.000000
6.000000
16.000000
22.000000
20.000000
23.000000
18.000000
22.000000
26.000000
24.000000
31.000000
33.000000
35.000000
32.000000
28.000000
32.000000
32.000000
17.000000
4.000000
-5.000000
2.000000
6.000000
14.000000
27.000000
29.000000
37.000000
40.000000
40.000000
26.000000
23.000000
17.000000
11.000000
8.000000
18.000000
27.000000
39.000000
58.000000
67.000000
75.000000
79.000000
72.000000
52.000000
29.000000
2.000000
-18.000000
-35.000000
-56.000000
-61.000000
-66.000000
-64.000000
-52.000000
-35.000000
-21.000000
-7.000000
8.000000
15.000000
26.000000
38.000000
39.000000
43.000000
44.000000
38.000000
38.000000
28.000000
15.000000
-2.000000
-16.000000
-30.000000
-46.000000
-63.000000
-76.000000
-83.000000
-82.000000
-81.000000
-66.000000
-48.000000
-34.000000
-19.000000
-5.000000
6.000000
11.000000
11.000000
0.000000
-2.000000
-7.000000
-23.000000
-26.000000
-38.000000
-40.000000
-39.000000
-41.000000
-28.000000
-15.000000
-13.000000
-12.000000
-7.000000
1.000000
3.000000
5.000000
6.000000
6.000000
8.000000
4.000000
6.000000
-2.000000
-9.000000
-9.000000
-23.000000
-20.000000
-18.000000
-12.000000
0.000000
9.000000
17.000000
18.000000
23.000000
20.000000
12.000000
-7.000000
-7.000000
-10.000000
-13.000000
-12.000000
-13.000000
1.000000
5.000000
11.000000
17.000000
18.000000
15.000000
12.000000
12.000000
9.000000
16.000000
28.000000
30.000000
41.000000
48.000000
52.000000
54.000000
45.000000
37.000000
25.000000
15.000000
-3.000000
-6.000000
-15.000000
-9.000000
6.000000
19.000000
42.000000
59.000000
84.000000
83.000000
79.000000
72.000000
53.000000
30.000000
10.000000
-11.000000
-25.000000
-27.000000
-27.000000
-21.000000
-16.000000
-3.000000
-7.000000
-4.000000
-11.000000
-15.000000
-18.000000
-25.000000
-26.000000
-24.000000
-13.000000
-12.000000
-3.000000
8.000000
9.000000
7.000000
8.000000
3.000000
3.000000
-8.000000
-20.000000
-25.000000
-34.000000
-39.000000
-38.000000
-37.000000
-37.000000
-32.000000
-25.000000
-16.000000
-21.000000
-19.000000
-14.000000
-21.000000
-22.000000
-33.000000
-36.000000
-34.000000
-29.000000
-26.000000
-21.000000
-14.000000
-5.000000
6.000000
5.000000
5.000000
3.000000
-7.000000
-10.000000
-13.000000
-22.000000
-27.000000
-30.000000
-25.000000
-25.000000
-31.000000
-25.000000
-18.000000
-27.000000
-19.000000
-12.000000
-1.000000
11.000000
12.000000
22.000000
29.000000
27.000000
25.000000
17.000000
4.000000
-10.000000
-19.000000
-26.000000
-25.000000
-17.000000
-6.000000
1.000000
14.000000
36.000000
45.000000
53.000000
53.000000
54.000000
51.000000
37.000000
31.000000
20.000000
8.000000
-3.000000
-2.000000
-8.000000
-12.000000
-10.000000
-9.000000
-7.000000
-2.000000
4.000000
10.000000
25.000000
33.000000
41.000000
61.000000
73.000000
77.000000
83.000000
83.000000
84.000000
69.000000
50.000000
37.000000
27.000000
5.000000
-11.000000
-12.000000
-20.000000
-20.000000
-28.000000
-28.000000
-24.000000
-24.000000
-22.000000
-17.000000
-14.000000
-7.000000
0.000000
8.000000
7.000000
5.000000
13.000000
23.000000
27.000000
32.000000
39.000000
44.000000
48.000000
29.000000
6.000000
-13.000000
-49.000000
-74.000000
-125.000000
-150.000000
-138.000000
-118.000000
-80.000000
-51.000000
20.000000
73.000000
109.000000
102.000000
85.000000
66.000000
21.000000
-13.000000
-65.000000
-61.000000
-58.000000
-38.000000
5.000000
32.000000
67.000000
72.000000
54.000000
18.000000
-22.000000
-65.000000
-110.000000
-138.000000
-143.000000
-117.000000
-89.000000
-48.000000
-8.000000
35.000000
64.000000
60.000000
36.000000
8.000000
-10.000000
-35.000000
-67.000000
-76.000000
-68.000000
-53.000000
-43.000000
-33.000000
-16.000000
5.000000
23.000000
37.000000
42.000000
60.000000
70.000000
73.000000
64.000000
50.000000
35.000000
7.000000
-19.000000
-40.000000
-41.000000
-29.000000
-5.000000
19.000000
48.000000
62.000000
67.000000
37.000000
-10.000000
-55.000000
-91.000000
-138.000000
-163.000000
-142.000000
-84.000000
-4.000000
54.000000
123.000000
161.000000
184.000000
155.000000
100.000000
22.000000
-40.000000
-55.000000
-66.000000
-50.000000
-10.000000
80.000000
148.000000
181.000000
170.000000
143.000000
99.000000
10.000000
-65.000000
-121.000000
-122.000000
-108.000000
-66.000000
-4.000000
59.000000
113.000000
125.000000
108.000000
66.000000
20.000000
-44.000000
-107.000000
-140.000000
-136.000000
-113.000000
-90.000000
-54.000000
-8.000000
28.000000
46.000000
42.000000
55.000000
69.000000
85.000000
94.000000
87.000000
79.000000
51.000000
8.000000
-54.000000
-104.000000
-132.000000
-140.000000
-106.000000
-50.000000
29.000000
105.000000
160.000000
182.000000
152.000000
96.000000
5.000000
-101.000000
-186.000000
-223.000000
-205.000000
-147.000000
-60.000000
37.000000
131.000000
166.000000
160.000000
103.000000
-13.000000
-114.000000
-209.000000
-269.000000
-273.000000
-208.000000
-101.000000
20.000000
127.000000
210.000000
245.000000
211.000000
134.000000
28.000000
-74.000000
-148.000000
-176.000000
-172.000000
-119.000000
-42.000000
35.000000
92.000000
111.000000
107.000000
63.000000
3.000000
-57.000000
-101.000000
-109.000000
-89.000000
-54.000000
-11.000000
40.000000
83.000000
99.000000
96.000000
64.000000
41.000000
14.000000
-6.000000
-9.000000
-3.000000
13.000000
31.000000
40.000000
30.000000
11.000000
-19.000000
-49.000000
-69.000000
-69.000000
-69.000000
-40.000000
0.000000
28.000000
46.000000
52.000000
49.000000
37.000000
21.000000
10.000000
22.000000
36.000000
68.000000
104.000000
133.000000
139.000000
107.000000
69.000000
3.000000
-74.000000
-139.000000
-199.000000
-211.000000
-189.000000
-131.000000
-54.000000
34.000000
111.000000
155.000000
182.000000
154.000000
105.000000
38.000000
-27.000000
-67.000000
-87.000000
-86.000000
-57.000000
-3.000000
45.000000
88.000000
107.000000
90.000000
57.000000
8.000000
-48.000000
-96.000000
-129.000000
-126.000000
-94.000000
-44.000000
8.000000
57.000000
96.000000
114.000000
102.000000
74.000000
20.000000
-41.000000
-90.000000
-125.000000
-145.000000
-151.000000
-126.000000
-84.000000
-31.000000
15.000000
54.000000
76.000000
82.000000
83.000000
60.000000
35.000000
9.000000
-9.000000
-20.000000
-23.000000
-15.000000
3.000000
21.000000
39.000000
50.000000
49.000000
35.000000
7.000000
-21.000000
-53.000000
-87.000000
-111.000000
-118.000000
-108.000000
-87.000000
-65.000000
-41.000000
-6.000000
15.000000
32.000000
39.000000
37.000000
33.000000
21.000000
26.000000
29.000000
34.000000
47.000000
60.000000
86.000000
107.000000
111.000000
105.000000
89.000000
63.000000
28.000000
-18.000000
-61.000000
-87.000000
-109.000000
-118.000000
-107.000000
-84.000000
-50.000000
-9.000000
27.000000
54.000000
72.000000
73.000000
67.000000
37.000000
14.000000
-6.000000
-32.000000
-30.000000
-37.000000
-27.000000
-10.000000
4.000000
18.000000
27.000000
30.000000
33.000000
26.000000
8.000000
-1.000000
-3.000000
-10.000000
-11.000000
-13.000000
-12.000000
8.000000
6.000000
8.000000
1.000000
9.000000
14.000000
4.000000
-1.000000
-15.000000
-13.000000
-22.000000
-37.000000
-48.000000
-48.000000
-42.000000
-30.000000
-8.000000
16.000000
36.000000
45.000000
31.000000
17.000000
-6.000000
-34.000000
-68.000000
-94.000000
-83.000000
-73.000000
-43.000000
-1.000000
37.000000
76.000000
89.000000
84.000000
62.000000
11.000000
