10.000000
5.000000
1.000000
-1.000000
0.000000
3.000000
-1.000000
-5.000000
-5.000000
-2.000000
2.000000
2.000000
3.000000
-3.000000
-1.000000
-4.000000
-1.000000
-5.000000
-15.000000
-8.000000
-4.000000
-5.000000
-4.000000
-5.000000
-11.000000
-6.000000
-7.000000
-3.000000
-1.000000
3.000000
-2.000000
-1.000000
1.000000
3.000000
8.000000
7.000000
5.000000
4.000000
6.000000
4.000000
7.000000
-1.000000
-2.000000
-2.000000
1.000000
7.000000
5.000000
3.000000
5.000000
3.000000
0.000000
6.000000
-1.000000
-4.000000
2.000000
-2.000000
3.000000
4.000000
7.000000
7.000000
0.000000
4.000000
8.000000
9.000000
9.000000
5.000000
5.000000
6.000000
8.000000
8.000000
5.000000
0.000000
-1.000000
5.000000
-3.000000
2.000000
3.000000
0.000000
3.000000
-4.000000
-5.000000
4.000000
-1.000000
-3.000000
-9.000000
-6.000000
-2.000000
-2.000000
-5.000000
-4.000000
-4.000000
-5.000000
-7.000000
-5.000000
2.000000
4.000000
5.000000
-6.000000
-1.000000
-1.000000
-7.000000
0.000000
3.000000
3.000000
-1.000000
7.000000
6.000000
3.000000
-1.000000
-7.000000
0.000000
2.000000
2.000000
4.000000
6.000000
6.000000
1.000000
-1.000000
-2.000000
-3.000000
0.000000
-2.000000
-1.000000
1.000000
-2.000000
0.000000
1.000000
-4.000000
-6.000000
-5.000000
-7.000000
-3.000000
1.000000
-5.000000
-3.000000
1.000000
-1.000000
-1.000000
-5.000000
-5.000000
-3.000000
1.000000
4.000000
3.000000
1.000000
-1.000000
-3.000000
-2.000000
0.000000
-3.000000
-2.000000
1.000000
-2.000000
0.000000
-6.000000
-1.000000
0.000000
-6.000000
-1.000000
-2.000000
-1.000000
2.000000
4.000000
-6.000000
-4.000000
-3.000000
-7.000000
1.000000
-1.000000
5.000000
1.000000
3.000000
10.000000
5.000000
5.000000
0.000000
-3.000000
0.000000
-3.000000
4.000000
4.000000
-2.000000
-1.000000
1.000000
1.000000
4.000000
1.000000
-6.000000
-4.000000
2.000000
1.000000
2.000000
0.000000
-5.000000
-3.000000
-8.000000
-7.000000
-5.000000
-6.000000
2.000000
3.000000
-1.000000
0.000000
-1.000000
3.000000
3.000000
1.000000
1.000000
7.000000
-1.000000
-2.000000
5.000000
2.000000
7.000000
4.000000
-1.000000
4.000000
1.000000
-1.000000
3.000000
7.000000
6.000000
2.000000
0.000000
1.000000
-5.000000
-10.000000
-8.000000
-14.000000
-9.000000
-5.000000
-10.000000
-5.000000
-7.000000
-6.000000
-6.000000
1.000000
0.000000
-2.000000
2.000000
2.000000
0.000000
-3.000000
4.000000
5.000000
1.000000
4.000000
-3.000000
-7.000000
-3.000000
-4.000000
2.000000
0.000000
-3.000000
-7.000000
-6.000000
-1.000000
-2.000000
3.000000
0.000000
-3.000000
-4.000000
2.000000
6.000000
0.000000
3.000000
1.000000
0.000000
2.000000
-2.000000
1.000000
2.000000
7.000000
9.000000
6.000000
-3.000000
0.000000
2.000000
0.000000
1.000000
4.000000
4.000000
2.000000
6.000000
-2.000000
2.000000
8.000000
7.000000
9.000000
5.000000
3.000000
0.000000
6.000000
5.000000
4.000000
8.000000
11.000000
6.000000
1.000000
5.000000
8.000000
4.000000
2.000000
3.000000
0.000000
-4.000000
5.000000
6.000000
12.000000
8.000000
5.000000
8.000000
2.000000
2.000000
7.000000
10.000000
3.000000
1.000000
0.000000
2.000000
2.000000
-2.000000
-3.000000
1.000000
0.000000
1.000000
2.000000
7.000000
7.000000
3.000000
-5.000000
-12.000000
-4.000000
-3.000000
0.000000
-1.000000
3.000000
4.000000
8.000000
10.000000
1.000000
6.000000
0.000000
3.000000
6.000000
3.000000
6.000000
3.000000
3.000000
4.000000
-1.000000
-8.000000
-7.000000
2.000000
-1.000000
0.000000
0.000000
0.000000
-2.000000
-7.000000
2.000000
1.000000
-1.000000
-1.000000
-7.000000
-5.000000
-7.000000
-6.000000
-5.000000
-7.000000
-4.000000
-5.000000
-5.000000
-11.000000
-6.000000
1.000000
-4.000000
-9.000000
-8.000000
-10.000000
-14.000000
-10.000000
-10.000000
-9.000000
-7.000000
-2.000000
-1.000000
-6.000000
-10.000000
-14.000000
-3.000000
-1.000000
-6.000000
-2.000000
-5.000000
-2.000000
-2.000000
-5.000000
4.000000
-4.000000
-5.000000
-5.000000
-6.000000
-4.000000
-6.000000
-1.000000
-1.000000
-2.000000
-5.000000
5.000000
2.000000
2.000000
10.000000
8.000000
5.000000
11.000000
16.000000
12.000000
8.000000
8.000000
15.000000
8.000000
6.000000
7.000000
8.000000
12.000000
9.000000
11.000000
12.000000
8.000000
10.000000
12.000000
2.000000
5.000000
5.000000
-1.000000
3.000000
1.000000
3.000000
3.000000
2.000000
3.000000
5.000000
-2.000000
-3.000000
2.000000
10.000000
11.000000
8.000000
7.000000
7.000000
4.000000
3.000000
5.000000
3.000000
2.000000
1.000000
-2.000000
1.000000
7.000000
3.000000
5.000000
14.000000
7.000000
1.000000
6.000000
2.000000
8.000000
1.000000
1.000000
0.000000
-5.000000
-5.000000
-7.000000
-3.000000
-1.000000
1.000000
-3.000000
-2.000000
1.000000
3.000000
1.000000
-3.000000
1.000000
0.000000
-5.000000
4.000000
3.000000
-2.000000
3.000000
-2.000000
0.000000
-3.000000
-3.000000
-1.000000
-8.000000
-8.000000
-6.000000
-8.000000
-5.000000
-1.000000
-4.000000
-3.000000
-9.000000
-6.000000
-1.000000
3.000000
-2.000000
-6.000000
-4.000000
-1.000000
2.000000
-1.000000
-5.000000
-6.000000
-7.000000
-7.000000
1.000000
1.000000
-2.000000
-8.000000
-12.000000
-4.000000
3.000000
-3.000000
-1.000000
4.000000
-3.000000
5.000000
4.000000
0.000000
1.000000
-4.000000
-7.000000
-2.000000
-1.000000
0.000000
1.000000
-5.000000
-4.000000
-8.000000
-4.000000
-3.000000
-5.000000
-6.000000
-5.000000
-1.000000
5.000000
3.000000
5.000000
11.000000
6.000000
5.000000
10.000000
13.000000
9.000000
12.000000
9.000000
2.000000
8.000000
10.000000
8.000000
6.000000
11.000000
12.000000
9.000000
9.000000
7.000000
13.000000
5.000000
4.000000
-1.000000
2.000000
5.000000
5.000000
7.000000
4.000000
10.000000
3.000000
6.000000
3.000000
-3.000000
6.000000
4.000000
5.000000
1.000000
-5.000000
0.000000
1.000000
-5.000000
-5.000000
-3.000000
-2.000000
-4.000000
-11.000000
-3.000000
-6.000000
-11.000000
-6.000000
-6.000000
-8.000000
-5.000000
-1.000000
-3.000000
0.000000
-5.000000
-2.000000
-2.000000
-6.000000
-5.000000
4.000000
1.000000
-5.000000
2.000000
-1.000000
4.000000
0.000000
-1.000000
2.000000
-1.000000
-1.000000
1.000000
5.000000
6.000000
-5.000000
-3.000000
-7.000000
-7.000000
-2.000000
-5.000000
-6.000000
-8.000000
-8.000000
-4.000000
-3.000000
1.000000
-4.000000
-4.000000
-1.000000
-2.000000
0.000000
-7.000000
0.000000
-4.000000
-3.000000
0.000000
-8.000000
-16.000000
-10.000000
-2.000000
1.000000
4.000000
2.000000
6.000000
2.000000
-3.000000
0.000000
-3.000000
1.000000
5.000000
-7.000000
-5.000000
-5.000000
-8.000000
-1.000000
-5.000000
-3.000000
-1.000000
2.000000
3.000000
4.000000
4.000000
-3.000000
-2.000000
-5.000000
3.000000
6.000000
2.000000
0.000000
-2.000000
-6.000000
-4.000000
1.000000
-2.000000
1.000000
10.000000
4.000000
-3.000000
-1.000000
-2.000000
0.000000
-1.000000
-4.000000
-5.000000
-8.000000
-10.000000
-6.000000
-6.000000
-8.000000
2.000000
-1.000000
0.000000
4.000000
3.000000
2.000000
5.000000
4.000000
4.000000
0.000000
7.000000
9.000000
1.000000
3.000000
-2.000000
-7.000000
-6.000000
1.000000
-5.000000
-3.000000
0.000000
-2.000000
-6.000000
-7.000000
-4.000000
-9.000000
-2.000000
-3.000000
-8.000000
-5.000000
-6.000000
-2.000000
-6.000000
-7.000000
-6.000000
-2.000000
-5.000000
-10.000000
-5.000000
-4.000000
-2.000000
-2.000000
-2.000000
0.000000
-9.000000
-4.000000
-3.000000
-4.000000
-1.000000
-4.000000
5.000000
-2.000000
-1.000000
-1.000000
-10.000000
-7.000000
-3.000000
-3.000000
-7.000000
-3.000000
2.000000
0.000000
0.000000
3.000000
-5.000000
-3.000000
0.000000
-6.000000
1.000000
1.000000
0.000000
0.000000
2.000000
0.000000
5.000000
2.000000
-2.000000
-3.000000
-9.000000
1.000000
3.000000
-3.000000
0.000000
-1.000000
0.000000
-4.000000
-7.000000
-9.000000
-11.000000
-5.000000
-5.000000
2.000000
4.000000
2.000000
2.000000
-2.000000
6.000000
8.000000
2.000000
8.000000
8.000000
0.000000
2.000000
-1.000000
-7.000000
-1.000000
-5.000000
-8.000000
-7.000000
-10.000000
-6.000000
2.000000
3.000000
8.000000
3.000000
2.000000
7.000000
3.000000
5.000000
5.000000
1.000000
10.000000
7.000000
3.000000
7.000000
0.000000
0.000000
-4.000000
1.000000
2.000000
2.000000
8.000000
4.000000
4.000000
11.000000
9.000000
-1.000000
5.000000
4.000000
-3.000000
-4.000000
-8.000000
1.000000
-4.000000
-11.000000
-5.000000
-7.000000
-4.000000
-5.000000
-10.000000
-9.000000
-5.000000
-3.000000
-4.000000
-6.000000
-6.000000
-10.000000
-8.000000
-3.000000
-4.000000
-4.000000
-3.000000
-8.000000
-7.000000
-5.000000
3.000000
0.000000
-1.000000
3.000000
-3.000000
-4.000000
-6.000000
-5.000000
1.000000
-2.000000
1.000000
5.000000
-3.000000
-2.000000
-6.000000
-3.000000
-7.000000
-14.000000
-3.000000
2.000000
5.000000
2.000000
-4.000000
-3.000000
-5.000000
-12.000000
-3.000000
-4.000000
-8.000000
-3.000000
-4.000000
-3.000000
-4.000000
-5.000000
0.000000
-4.000000
-7.000000
-2.000000
0.000000
2.000000
-5.000000
1.000000
-1.000000
-4.000000
-6.000000
-5.000000
-4.000000
0.000000
-4.000000
-7.000000
2.000000
-3.000000
-6.000000
-7.000000
-12.000000
-10.000000
-6.000000
-1.000000
2.000000
-3.000000
-3.000000
-3.000000
-2.000000
4.000000
4.000000
-2.000000
-2.000000
8.000000
3.000000
6.000000
0.000000
-2.000000
9.000000
3.000000
-2.000000
-2.000000
6.000000
5.000000
6.000000
7.000000
7.000000
9.000000
5.000000
12.000000
8.000000
3.000000
8.000000
2.000000
2.000000
3.000000
5.000000
4.000000
4.000000
2.000000
4.000000
10.000000
9.000000
2.000000
3.000000
6.000000
-3.000000
8.000000
12.000000
6.000000
6.000000
16.000000
12.000000
10.000000
16.000000
17.000000
20.000000
16.000000
13.000000
13.000000
16.000000
13.000000
15.000000
16.000000
12.000000
11.000000
8.000000
16.000000
19.000000
10.000000
8.000000
8.000000
8.000000
1.000000
-3.000000
-1.000000
1.000000
2.000000
-1.000000
-2.000000
-2.000000
2.000000
-5.000000
-3.000000
4.000000
2.000000
3.000000
5.000000
2.000000
1.000000
2.000000
0.000000
2.000000
3.000000
4.000000
1.000000
2.000000
-1.000000
-4.000000
2.000000
0.000000
2.000000
4.000000
-4.000000
-1.000000
-4.000000
-2.000000
-5.000000
-6.000000
-7.000000
-3.000000
-4.000000
-10.000000
-3.000000
-6.000000
-6.000000
-3.000000
3.000000
1.000000
0.000000
-1.000000
-1.000000
-9.000000
-3.000000
1.000000
1.000000
2.000000
-6.000000
-4.000000
-4.000000
-16.000000
-7.000000
-4.000000
-7.000000
-1.000000
1.000000
3.000000
-2.000000
1.000000
0.000000
1.000000
2.000000
3.000000
7.000000
6.000000
7.000000
7.000000
4.000000
0.000000
1.000000
3.000000
4.000000
-2.000000
5.000000
4.000000
-1.000000
-1.000000
-6.000000
4.000000
2.000000
-3.000000
4.000000
1.000000
1.000000
4.000000
1.000000
7.000000
7.000000
6.000000
13.000000
9.000000
6.000000
2.000000
2.000000
0.000000
-4.000000
4.000000
6.000000
2.000000
2.000000
3.000000
5.000000
3.000000
4.000000
4.000000
5.000000
6.000000
7.000000
10.000000
5.000000
7.000000
11.000000
11.000000
6.000000
10.000000
9.000000
7.000000
9.000000
2.000000
4.000000
-1.000000
6.000000
2.000000
1.000000
0.000000
0.000000
-2.000000
1.000000
7.000000
-6.000000
-2.000000
-2.000000
-1.000000
5.000000
1.000000
-3.000000
-6.000000
-5.000000
-9.000000
-4.000000
-7.000000
-4.000000
5.000000
0.000000
3.000000
4.000000
-2.000000
-6.000000
-6.000000
-4.000000
-4.000000
-2.000000
2.000000
6.000000
-4.000000
-2.000000
-4.000000
-8.000000
-1.000000
-2.000000
1.000000
5.000000
1.000000
-3.000000
-5.000000
0.000000
1.000000
0.000000
-3.000000
-2.000000
-6.000000
-4.000000
1.000000
5.000000
3.000000
4.000000
2.000000
-6.000000
3.000000
-2.000000
6.000000
7.000000
3.000000
2.000000
-4.000000
6.000000
1.000000
3.000000
6.000000
-4.000000
-3.000000
-2.000000
1.000000
-5.000000
-4.000000
-4.000000
-5.000000
1.000000
-9.000000
1.000000
-3.000000
0.000000
2.000000
-4.000000
1.000000
-1.000000
1.000000
5.000000
7.000000
0.000000
-5.000000
-1.000000
3.000000
-1.000000
-2.000000
-2.000000
-1.000000
2.000000
-3.000000
-3.000000
1.000000
7.000000
1.000000
0.000000
3.000000
-1.000000
1.000000
-1.000000
-1.000000
1.000000
1.000000
0.000000
2.000000
3.000000
2.000000
6.000000
-1.000000
5.000000
-1.000000
1.000000
7.000000
2.000000
8.000000
7.000000
5.000000
6.000000
6.000000
5.000000
2.000000
-1.000000
0.000000
2.000000
3.000000
2.000000
-5.000000
3.000000
1.000000
0.000000
5.000000
-5.000000
-4.000000
1.000000
-2.000000
-2.000000
2.000000
5.000000
5.000000
-2.000000
3.000000
5.000000
-2.000000
5.000000
0.000000
-3.000000
1.000000
-5.000000
-10.000000
-7.000000
-4.000000
0.000000
-4.000000
-5.000000
9.000000
1.000000
2.000000
6.000000
0.000000
-4.000000
-2.000000
-2.000000
-6.000000
-1.000000
-5.000000
-6.000000
0.000000
1.000000
-3.000000
2.000000
0.000000
1.000000
0.000000
-3.000000
-2.000000
-2.000000
-2.000000
-7.000000
-5.000000
-17.000000
-11.000000
-4.000000
-6.000000
-4.000000
-2.000000
-4.000000
-7.000000
-2.000000
-7.000000
-3.000000
-7.000000
-6.000000
-4.000000
-6.000000
1.000000
0.000000
3.000000
4.000000
-2.000000
-4.000000
-1.000000
-2.000000
-1.000000
3.000000
-1.000000
-5.000000
-5.000000
1.000000
-5.000000
-7.000000
-6.000000
-12.000000
-7.000000
-2.000000
-10.000000
-10.000000
-12.000000
-14.000000
-9.000000
-12.000000
-6.000000
-7.000000
-6.000000
-9.000000
-9.000000
-2.000000
2.000000
5.000000
7.000000
4.000000
-1.000000
10.000000
10.000000
4.000000
-3.000000
-2.000000
-1.000000
-2.000000
4.000000
-7.000000
0.000000
2.000000
-4.000000
7.000000
3.000000
-1.000000
2.000000
4.000000
3.000000
2.000000
3.000000
10.000000
6.000000
-5.000000
-3.000000
-1.000000
-2.000000
9.000000
13.000000
10.000000
8.000000
2.000000
5.000000
-1.000000
-6.000000
3.000000
-2.000000
7.000000
3.000000
-6.000000
0.000000
1.000000
0.000000
1.000000
-7.000000
-7.000000
-5.000000
-7.000000
-1.000000
-2.000000
2.000000
-2.000000
-6.000000
-3.000000
-5.000000
-6.000000
-10.000000
-8.000000
-10.000000
-10.000000
-1.000000
5.000000
-1.000000
-1.000000
3.000000
1.000000
4.000000
2.000000
-4.000000
-5.000000
-2.000000
-4.000000
-9.000000
-3.000000
-7.000000
-6.000000
-1.000000
-3.000000
-3.000000
-4.000000
-2.000000
-5.000000
-5.000000
-4.000000
3.000000
-4.000000
0.000000
6.000000
-1.000000
5.000000
0.000000
-2.000000
1.000000
1.000000
-1.000000
0.000000
0.000000
1.000000
-7.000000
-1.000000
-1.000000
-9.000000
-14.000000
-10.000000
-2.000000
-9.000000
-5.000000
-2.000000
-3.000000
-2.000000
-2.000000
6.000000
6.000000
4.000000
9.000000
6.000000
11.000000
8.000000
9.000000
10.000000
2.000000
-1.000000
1.000000
1.000000
-2.000000
-3.000000
2.000000
-5.000000
-8.000000
-2.000000
-13.000000
-7.000000
-1.000000
-10.000000
-5.000000
-4.000000
-2.000000
0.000000
-7.000000
-2.000000
0.000000
0.000000
4.000000
6.000000
6.000000
3.000000
6.000000
3.000000
1.000000
6.000000
7.000000
1.000000
2.000000
8.000000
2.000000
-2.000000
-5.000000
-1.000000
1.000000
-1.000000
3.000000
2.000000
-5.000000
0.000000
0.000000
-4.000000
-4.000000
-5.000000
0.000000
3.000000
11.000000
11.000000
12.000000
9.000000
9.000000
12.000000
10.000000
9.000000
10.000000
3.000000
1.000000
4.000000
3.000000
4.000000
4.000000
-2.000000
-5.000000
1.000000
-5.000000
0.000000
-4.000000
-8.000000
-5.000000
-7.000000
-3.000000
-4.000000
1.000000
-3.000000
-6.000000
-2.000000
-6.000000
-4.000000
-4.000000
-6.000000
-4.000000
-6.000000
-1.000000
1.000000
-2.000000
4.000000
1.000000
3.000000
4.000000
2.000000
1.000000
2.000000
1.000000
0.000000
0.000000
-5.000000
-2.000000
-3.000000
-7.000000
-7.000000
-2.000000
-2.000000
-6.000000
1.000000
0.000000
-8.000000
-7.000000
1.000000
-7.000000
-1.000000
9.000000
4.000000
2.000000
0.000000
4.000000
5.000000
13.000000
12.000000
-3.000000
0.000000
-5.000000
4.000000
3.000000
3.000000
-1.000000
-9.000000
1.000000
-7.000000
-4.000000
-1.000000
-1.000000
-3.000000
-2.000000
0.000000
1.000000
0.000000
0.000000
0.000000
-6.000000
7.000000
0.000000
-2.000000
-3.000000
-3.000000
-1.000000
-2.000000
0.000000
-2.000000
0.000000
4.000000
0.000000
-5.000000
-8.000000
-4.000000
-3.000000
-4.000000
2.000000
2.000000
4.000000
5.000000
2.000000
4.000000
2.000000
0.000000
-2.000000
0.000000
2.000000
-1.000000
0.000000
10.000000
10.000000
-4.000000
-2.000000
-6.000000
1.000000
-3.000000
-1.000000
5.000000
-2.000000
-3.000000
5.000000
6.000000
-4.000000
3.000000
5.000000
5.000000
3.000000
8.000000
8.000000
3.000000
-2.000000
-4.000000
5.000000
-1.000000
-2.000000
-5.000000
-4.000000
0.000000
2.000000
1.000000
1.000000
2.000000
-9.000000
0.000000
7.000000
4.000000
-2.000000
0.000000
1.000000
-1.000000
1.000000
-3.000000
3.000000
-11.000000
-13.000000
2.000000
-8.000000
3.000000
1.000000
-9.000000
-3.000000
-5.000000
1.000000
-4.000000
3.000000
4.000000
-2.000000
1.000000
-12.000000
6.000000
5.000000
-4.000000
-3.000000
0.000000
-2.000000
-3.000000
3.000000
3.000000
6.000000
-7.000000
4.000000
3.000000
8.000000
7.000000
1.000000
11.000000
-2.000000
-1.000000
0.000000
2.000000
-1.000000
8.000000
5.000000
-11.000000
2.000000
9.000000
-9.000000
0.000000
21.000000
4.000000
6.000000
10.000000
37.000000
15.000000
-8.000000
27.000000
15.000000
13.000000
17.000000
18.000000
27.000000
-14.000000
37.000000
0.000000
-15.000000
21.000000
-12.000000
23.000000
-105.000000
71.000000
38.000000
-59.000000
30.000000
-64.000000
28.000000
-76.000000
33.000000
27.000000
-56.000000
28.000000
-43.000000
2.000000
-21.000000
25.000000
37.000000
-49.000000
20.000000
38.000000
19.000000
-16.000000
11.000000
85.000000
-11.000000
-11.000000
68.000000
11.000000
40.000000
16.000000
44.000000
21.000000
27.000000
69.000000
-1.000000
19.000000
44.000000
29.000000
-9.000000
5.000000
66.000000
30.000000
-38.000000
9.000000
3.000000
17.000000
-20.000000
-15.000000
5.000000
-65.000000
-5.000000
-41.000000
-27.000000
-39.000000
-25.000000
-49.000000
-92.000000
-20.000000
-30.000000
-44.000000
-72.000000
-28.000000
-40.000000
-67.000000
-53.000000
-18.000000
-19.000000
-47.000000
-29.000000
-44.000000
-21.000000
-12.000000
0.000000
-34.000000
-5.000000
1.000000
-6.000000
0.000000
2.000000
39.000000
5.000000
5.000000
17.000000
34.000000
28.000000
25.000000
34.000000
28.000000
24.000000
25.000000
38.000000
41.000000
42.000000
19.000000
25.000000
7.000000
34.000000
21.000000
20.000000
24.000000
6.000000
30.000000
0.000000
24.000000
12.000000
24.000000
7.000000
-1.000000
16.000000
4.000000
12.000000
1.000000
4.000000
-14.000000
-3.000000
7.000000
2.000000
-4.000000
6.000000
-6.000000
0.000000
-2.000000
3.000000
13.000000
-12.000000
4.000000
-8.000000
17.000000
20.000000
13.000000
9.000000
15.000000
20.000000
4.000000
14.000000
12.000000
20.000000
7.000000
11.000000
-9.000000
6.000000
18.000000
5.000000
-19.000000
-12.000000
19.000000
-16.000000
-13.000000
-2.000000
20.000000
-34.000000
-44.000000
-19.000000
-20.000000
-24.000000
-45.000000
-34.000000
-47.000000
-45.000000
-39.000000
-68.000000
-54.000000
-52.000000
-56.000000
-124.000000
-143.000000
-15.000000
-68.000000
-102.000000
-89.000000
-72.000000
-75.000000
-134.000000
-18.000000
-46.000000
-52.000000
-35.000000
-40.000000
15.000000
-1.000000
86.000000
51.000000
27.000000
127.000000
161.000000
142.000000
119.000000
231.000000
279.000000
178.000000
232.000000
306.000000
299.000000
281.000000
275.000000
336.000000
287.000000
295.000000
305.000000
277.000000
279.000000
261.000000
245.000000
153.000000
187.000000
227.000000
119.000000
35.000000
52.000000
57.000000
-25.000000
-120.000000
-92.000000
-134.000000
-235.000000
-250.000000
-302.000000
-319.000000
-382.000000
-404.000000
-443.000000
-495.000000
-462.000000
-519.000000
-564.000000
-579.000000
-547.000000
-534.000000
-617.000000
-555.000000
-499.000000
-497.000000
-506.000000
-483.000000
-382.000000
-379.000000
-332.000000
-279.000000
-213.000000
-156.000000
-134.000000
-36.000000
-10.000000
100.000000
185.000000
193.000000
247.000000
324.000000
406.000000
434.000000
483.000000
579.000000
595.000000
595.000000
627.000000
673.000000
727.000000
705.000000
704.000000
702.000000
692.000000
690.000000
670.000000
663.000000
581.000000
560.000000
519.000000
431.000000
444.000000
395.000000
308.000000
203.000000
147.000000
98.000000
-44.000000
2.000000
-143.000000
-200.000000
-298.000000
-391.000000
-396.000000
-555.000000
-490.000000
-632.000000
-662.000000
-721.000000
-783.000000
-747.000000
-841.000000
-823.000000
-842.000000
-843.000000
-860.000000
-802.000000
-794.000000
-797.000000
-715.000000
-648.000000
-624.000000
-598.000000
-453.000000
-425.000000
-329.000000
-309.000000
-179.000000
-73.000000
-28.000000
102.000000
150.000000
250.000000
317.000000
378.000000
494.000000
582.000000
678.000000
708.000000
700.000000
803.000000
856.000000
986.000000
896.000000
913.000000
980.000000
975.000000
948.000000
888.000000
1057.000000
918.000000
846.000000
799.000000
831.000000
768.000000
707.000000
651.000000
530.000000
521.000000
361.000000
379.000000
151.000000
179.000000
135.000000
24.000000
-252.000000
-316.000000
25.000000
-446.000000
-458.000000
-534.000000
-537.000000
-716.000000
-810.000000
-621.000000
-864.000000
-832.000000
-958.000000
-1007.000000
-1033.000000
-958.000000
-920.000000
-1105.000000
-1131.000000
-988.000000
-904.000000
-1125.000000
-1148.000000
-845.000000
-825.000000
-1060.000000
-918.000000
-764.000000
-791.000000
-738.000000
-662.000000
-661.000000
-595.000000
-440.000000
-423.000000
-400.000000
-262.000000
-92.000000
-179.000000
-138.000000
108.000000
313.000000
222.000000
200.000000
407.000000
567.000000
690.000000
665.000000
765.000000
865.000000
1018.000000
1081.000000
1093.000000
1181.000000
1374.000000
1380.000000
1336.000000
1444.000000
1519.000000
1634.000000
1459.000000
1594.000000
1561.000000
1497.000000
1514.000000
1423.000000
1528.000000
1383.000000
1352.000000
909.000000
761.000000
1142.000000
965.000000
703.000000
396.000000
260.000000
115.000000
-58.000000
-40.000000
-258.000000
-484.000000
-668.000000
-908.000000
-1055.000000
-1183.000000
-1178.000000
-1327.000000
-1636.000000
-1645.000000
-1613.000000
-1802.000000
-2058.000000
-1932.000000
-1687.000000
-1878.000000
-1992.000000
-1858.000000
-1868.000000
-1728.000000
-1626.000000
-1530.000000
-1507.000000
-1358.000000
-1048.000000
-1095.000000
-977.000000
-816.000000
-529.000000
-505.000000
-437.000000
-19.000000
15.000000
-11.000000
-6.000000
307.000000
498.000000
452.000000
498.000000
550.000000
584.000000
630.000000
729.000000
660.000000
650.000000
745.000000
710.000000
547.000000
531.000000
722.000000
712.000000
514.000000
506.000000
628.000000
567.000000
537.000000
571.000000
699.000000
734.000000
721.000000
739.000000
833.000000
973.000000
1111.000000
1176.000000
1234.000000
1230.000000
1503.000000
1553.000000
1578.000000
1812.000000
1785.000000
1896.000000
1664.000000
1988.000000
2016.000000
1894.000000
1901.000000
1552.000000
1722.000000
1526.000000
1505.000000
1298.000000
949.000000
873.000000
464.000000
407.000000
24.000000
-138.000000
-399.000000
-838.000000
-1123.000000
-1357.000000
-1639.000000
-1892.000000
-2167.000000
-2367.000000
-2566.000000
-2826.000000
-3005.000000
-3232.000000
-3172.000000
-3212.000000
-3298.000000
-3317.000000
-3370.000000
-3197.000000
-3155.000000
-2943.000000
-2792.000000
-2668.000000
-2375.000000
-2171.000000
-1913.000000
-1672.000000
-1372.000000
-1021.000000
-799.000000
-469.000000
-114.000000
80.000000
300.000000
565.000000
922.000000
1077.000000
1273.000000
1426.000000
1534.000000
1639.000000
1742.000000
1848.000000
1744.000000
1859.000000
1859.000000
1736.000000
1595.000000
1603.000000
1581.000000
1333.000000
1249.000000
1167.000000
1053.000000
859.000000
807.000000
726.000000
604.000000
531.000000
449.000000
383.000000
351.000000
426.000000
426.000000
395.000000
356.000000
548.000000
571.000000
609.000000
820.000000
895.000000
967.000000
973.000000
1245.000000
1360.000000
1429.000000
1628.000000
1544.000000
1611.000000
1614.000000
1792.000000
1765.000000
1740.000000
1706.000000
1362.000000
1449.000000
1233.000000
1341.000000
1023.000000
709.000000
507.000000
174.000000
103.000000
-287.000000
-456.000000
-708.000000
-1101.000000
-1344.000000
-1687.000000
-1856.000000
-2122.000000
-2272.000000
-2543.000000
-2709.000000
-2854.000000
-3067.000000
-3208.000000
-3197.000000
-3132.000000
-3169.000000
-3161.000000
-3202.000000
-3019.000000
-2942.000000
-2698.000000
-2556.000000
-2364.000000
-2038.000000
-1890.000000
-1622.000000
-1338.000000
-996.000000
-767.000000
-488.000000
-149.000000
125.000000
380.000000
580.000000
763.000000
1075.000000
1304.000000
1375.000000
1479.000000
1501.000000
1749.000000
1739.000000
1773.000000
1745.000000
1713.000000
1695.000000
1477.000000
1424.000000
1414.000000
1375.000000
1136.000000
967.000000
788.000000
697.000000
614.000000
484.000000
419.000000
284.000000
239.000000
75.000000
-6.000000
41.000000
201.000000
122.000000
96.000000
237.000000
278.000000
364.000000
416.000000
652.000000
834.000000
1042.000000
1008.000000
1193.000000
1328.000000
1539.000000
1756.000000
1791.000000
1987.000000
1818.000000
2077.000000
2004.000000
2083.000000
2251.000000
1992.000000
1707.000000
1590.000000
1813.000000
1526.000000
1410.000000
955.000000
699.000000
463.000000
224.000000
14.000000
-358.000000
-566.000000
-1032.000000
-1278.000000
-1670.000000
-1972.000000
-2103.000000
-2392.000000
-2644.000000
-2919.000000
-2965.000000
-3369.000000
-3467.000000
-3453.000000
-3405.000000
-3437.000000
-3533.000000
-3493.000000
-3467.000000
-3262.000000
-3079.000000
-2839.000000
-2704.000000
-2489.000000
-2217.000000
-1926.000000
-1693.000000
-1344.000000
-1031.000000
-753.000000
-446.000000
-89.000000
197.000000
352.000000
620.000000
917.000000
1235.000000
1337.000000
1397.000000
1597.000000
1667.000000
1817.000000
1864.000000
1800.000000
1806.000000
1805.000000
1715.000000
1635.000000
1505.000000
1513.000000
1365.000000
1205.000000
1004.000000
852.000000
909.000000
665.000000
536.000000
489.000000
411.000000
259.000000
218.000000
209.000000
218.000000
330.000000
241.000000
279.000000
402.000000
521.000000
585.000000
839.000000
914.000000
1016.000000
1318.000000
1341.000000
1487.000000
1715.000000
2144.000000
1884.000000
2078.000000
2276.000000
2168.000000
2310.000000
2411.000000
2513.000000
2294.000000
1963.000000
1796.000000
1882.000000
1832.000000
1681.000000
1203.000000
818.000000
345.000000
290.000000
115.000000
-427.000000
-728.000000
-1004.000000
-1481.000000
-2007.000000
-2242.000000
-2330.000000
-2812.000000
-2978.000000
-3242.000000
-3445.000000
-3784.000000
-3927.000000
-3950.000000
-3972.000000
-3924.000000
-3843.000000
-4000.000000
-4022.000000
-3705.000000
-3485.000000
-3211.000000
-3087.000000
-2797.000000
-2500.000000
-2224.000000
-1807.000000
-1486.000000
-1150.000000
-865.000000
-480.000000
-112.000000
217.000000
497.000000
772.000000
917.000000
1327.000000
1597.000000
1557.000000
1744.000000
1819.000000
2137.000000
1986.000000
2030.000000
1969.000000
1966.000000
1990.000000
1836.000000
1696.000000
1452.000000
1633.000000
1381.000000
1106.000000
952.000000
911.000000
794.000000
523.000000
499.000000
504.000000
350.000000
178.000000
249.000000
199.000000
321.000000
315.000000
385.000000
441.000000
604.000000
896.000000
767.000000
1074.000000
1230.000000
1516.000000
1615.000000
1642.000000
2272.000000
2023.000000
2436.000000
2313.000000
2465.000000
2678.000000
2552.000000
2826.000000
2764.000000
2649.000000
2430.000000
1921.000000
2093.000000
2225.000000
2075.000000
1559.000000
791.000000
643.000000
392.000000
196.000000
-118.000000
-623.000000
-989.000000
-1585.000000
-1932.000000
-2268.000000
-2706.000000
-2739.000000
-3214.000000
-3469.000000
-3765.000000
-4049.000000
-4272.000000
-4467.000000
-4342.000000
-4224.000000
-4470.000000
-4467.000000
-4496.000000
-4218.000000
-4021.000000
-3805.000000
-3520.000000
-3393.000000
-3111.000000
-2704.000000
-2309.000000
-1900.000000
-1694.000000
-1285.000000
-927.000000
-496.000000
-47.000000
230.000000
473.000000
671.000000
1189.000000
1488.000000
1502.000000
1631.000000
1903.000000
2065.000000
2145.000000
2184.000000
2121.000000
2037.000000
2080.000000
2212.000000
1931.000000
1788.000000
1767.000000
1662.000000
1474.000000
1159.000000
1239.000000
1113.000000
933.000000
866.000000
707.000000
656.000000
549.000000
603.000000
540.000000
551.000000
698.000000
726.000000
680.000000
878.000000
1024.000000
1218.000000
1213.000000
1473.000000
1722.000000
1670.000000
2028.000000
2141.000000
2451.000000
2493.000000
2435.000000
2590.000000
2565.000000
2874.000000
2965.000000
2733.000000
2705.000000
2465.000000
2179.000000
1859.000000
2280.000000
2126.000000
1575.000000
874.000000
500.000000
287.000000
118.000000
-164.000000
-663.000000
-1227.000000
-1640.000000
-2046.000000
-2478.000000
-2817.000000
-3015.000000
-3275.000000
-3732.000000
-4173.000000
-4211.000000
-4444.000000
-4743.000000
-4696.000000
-4636.000000
-4666.000000
-4862.000000
-4694.000000
-4610.000000
-4336.000000
-4130.000000
-3881.000000
-3643.000000
-3362.000000
-2925.000000
-2548.000000
-2240.000000
-1784.000000
-1449.000000
-1070.000000
-667.000000
-116.000000
261.000000
443.000000
712.000000
1069.000000
1490.000000
1836.000000
1818.000000
1979.000000
2165.000000
2359.000000
2442.000000
2392.000000
2465.000000
2459.000000
2365.000000
2232.000000
2072.000000
2138.000000
2143.000000
1827.000000
1552.000000
1458.000000
1362.000000
1314.000000
1091.000000
984.000000
897.000000
840.000000
688.000000
640.000000
708.000000
743.000000
784.000000
708.000000
900.000000
961.000000
1061.000000
1166.000000
1425.000000
1556.000000
1625.000000
1736.000000
1904.000000
2360.000000
2260.000000
2460.000000
2227.000000
2408.000000
2675.000000
2750.000000
2872.000000
2536.000000
2452.000000
2090.000000
1722.000000
2117.000000
2342.000000
1716.000000
987.000000
422.000000
321.000000
96.000000
-16.000000
-510.000000
-1184.000000
-1588.000000
-1969.000000
-2468.000000
-2770.000000
-3143.000000
-3266.000000
-3720.000000
-4093.000000
-4383.000000
-4536.000000
-4784.000000
-4938.000000
-4722.000000
-4734.000000
-4983.000000
-4947.000000
-4790.000000
-4548.000000
-4238.000000
-4030.000000
-3815.000000
-3603.000000
-3156.000000
-2634.000000
-2316.000000
-1929.000000
-1583.000000
-1187.000000
-682.000000
-166.000000
278.000000
489.000000
704.000000
1167.000000
1496.000000
1988.000000
2081.000000
2037.000000
2371.000000
2457.000000
2770.000000
2519.000000
2611.000000
2662.000000
2569.000000
2562.000000
2242.000000
2229.000000
2176.000000
2078.000000
1781.000000
1491.000000
1454.000000
1314.000000
1183.000000
954.000000
896.000000
807.000000
642.000000
500.000000
554.000000
619.000000
597.000000
613.000000
575.000000
819.000000
851.000000
957.000000
1204.000000
1278.000000
1520.000000
1468.000000
1945.000000
2013.000000
2287.000000
2341.000000
2138.000000
2479.000000
2510.000000
2951.000000
2708.000000
2867.000000
2447.000000
2187.000000
2008.000000
1898.000000
2800.000000
1831.000000
1382.000000
539.000000
400.000000
460.000000
-26.000000
10.000000
-1158.000000
-1269.000000
-1818.000000
-2317.000000
-2601.000000
-3031.000000
-3080.000000
-3692.000000
-3893.000000
-4385.000000
-4473.000000
-4746.000000
-4937.000000
-4751.000000
-4798.000000
-4914.000000
-5073.000000
-4806.000000
-4737.000000
-4339.000000
-4184.000000
-3968.000000
-3698.000000
-3373.000000
-2830.000000
-2518.000000
-2149.000000
-1812.000000
-1396.000000
-896.000000
-325.000000
120.000000
280.000000
515.000000
799.000000
1428.000000
1866.000000
2033.000000
1948.000000
2117.000000
2439.000000
2561.000000
2644.000000
2605.000000
2642.000000
2724.000000
2471.000000
2287.000000
2244.000000
2348.000000
2295.000000
1797.000000
1585.000000
1512.000000
1494.000000
1264.000000
1114.000000
951.000000
872.000000
676.000000
559.000000
535.000000
619.000000
631.000000
534.000000
601.000000
624.000000
830.000000
885.000000
1044.000000
1301.000000
1370.000000
1355.000000
1562.000000
2160.000000
2170.000000
2346.000000
2131.000000
2298.000000
2477.000000
2842.000000
3006.000000
2788.000000
2933.000000
2045.000000
2156.000000
1863.000000
2806.000000
2613.000000
1539.000000
1090.000000
319.000000
827.000000
343.000000
155.000000
-383.000000
-1172.000000
-1279.000000
-2020.000000
-2299.000000
-2713.000000
-2834.000000
-3209.000000
-3755.000000
-4017.000000
-4442.000000
-4523.000000
-4892.000000
-4713.000000
-4756.000000
-4876.000000
-5213.000000
-5014.000000
-4839.000000
-4624.000000
-4318.000000
-4364.000000
-3986.000000
-3811.000000
-3281.000000
-2818.000000
-2585.000000
-2245.000000
-1913.000000
-1364.000000
-842.000000
-264.000000
26.000000
85.000000
418.000000
1010.000000
1434.000000
1945.000000
1817.000000
1877.000000
2212.000000
2427.000000
2606.000000
2471.000000
2639.000000
2677.000000
2648.000000
2349.000000
2170.000000
2269.000000
2421.000000
2138.000000
1619.000000
1486.000000
1537.000000
1391.000000
1160.000000
1035.000000
926.000000
853.000000
638.000000
495.000000
651.000000
671.000000
632.000000
599.000000
706.000000
888.000000
937.000000
1074.000000
1256.000000
1534.000000
1617.000000
1631.000000
1815.000000
2453.000000
2505.000000
2445.000000
2419.000000
2494.000000
2934.000000
2993.000000
3148.000000
3030.000000
2980.000000
2251.000000
1804.000000
2331.000000
3123.000000
2353.000000
1367.000000
702.000000
501.000000
689.000000
354.000000
-109.000000
-896.000000
-1225.000000
-1602.000000
-2315.000000
-2663.000000
-2977.000000
-3083.000000
-3696.000000
-4126.000000
-4286.000000
-4652.000000
-4906.000000
-5174.000000
-4875.000000
-5039.000000
-5254.000000
-5366.000000
-5102.000000
-4916.000000
-4714.000000
-4546.000000
-4358.000000
-4060.000000
-3654.000000
-3203.000000
-2860.000000
-2462.000000
-2091.000000
-1749.000000
-1264.000000
-601.000000
2.000000
141.000000
287.000000
634.000000
1267.000000
1729.000000
2128.000000
1995.000000
2011.000000
2413.000000
2749.000000
2719.000000
2547.000000
2787.000000
2894.000000
2776.000000
2395.000000
2267.000000
2389.000000
2466.000000
2155.000000
1731.000000
1522.000000
1514.000000
1389.000000
1237.000000
1043.000000
928.000000
814.000000
546.000000
576.000000
636.000000
679.000000
595.000000
553.000000
774.000000
827.000000
981.000000
906.000000
1383.000000
1479.000000
1470.000000
1694.000000
1832.000000
2375.000000
2392.000000
2311.000000
2301.000000
2683.000000
2890.000000
2776.000000
2901.000000
2582.000000
3130.000000
2778.000000
1506.000000
1727.000000
2745.000000
2616.000000
1377.000000
631.000000
346.000000
245.000000
364.000000
-156.000000
-984.000000
-1360.000000
-1726.000000
-2401.000000
-2684.000000
-2964.000000
-3190.000000
-3762.000000
-4374.000000
-4170.000000
-4320.000000
-4938.000000
-5465.000000
-4943.000000
-4711.000000
-5083.000000
-5231.000000
-5126.000000
-4646.000000
-4469.000000
-4469.000000
-4099.000000
-3770.000000
-3322.000000
-2991.000000
-2815.000000
-2172.000000
-1494.000000
-1380.000000
-1345.000000
-566.000000
346.000000
528.000000
641.000000
540.000000
1160.000000
1993.000000
2182.000000
2087.000000
2020.000000
2298.000000
2574.000000
2682.000000
2471.000000
2569.000000
2627.000000
2497.000000
2301.000000
2038.000000
2113.000000
1870.000000
1772.000000
1689.000000
1461.000000
1080.000000
893.000000
914.000000
871.000000
902.000000
445.000000
325.000000
481.000000
508.000000
412.000000
374.000000
555.000000
847.000000
960.000000
704.000000
800.000000
1149.000000
1766.000000
1570.000000
1714.000000
2000.000000
2120.000000
2452.000000
2347.000000
2751.000000
2486.000000
2799.000000
2919.000000
2993.000000
3097.000000
2961.000000
2815.000000
1615.000000
1856.000000
2993.000000
2543.000000
1697.000000
924.000000
785.000000
210.000000
118.000000
168.000000
-535.000000
-911.000000
-1625.000000
-2080.000000
-2520.000000
-2726.000000
-2943.000000
-3417.000000
-3857.000000
-4073.000000
-4041.000000
-4674.000000
-5100.000000
-4707.000000
-4547.000000
-4810.000000
-5183.000000
-4809.000000
-4614.000000
-4459.000000
-4349.000000
-4120.000000
-3830.000000
-3636.000000
-3065.000000
-2712.000000
-2433.000000
-2058.000000
-1695.000000
-1412.000000
-944.000000
-133.000000
160.000000
139.000000
312.000000
884.000000
1506.000000
1682.000000
1613.000000
1956.000000
1957.000000
2265.000000
2409.000000
2204.000000
2421.000000
2508.000000
2436.000000
1993.000000
2121.000000
2188.000000
1880.000000
1785.000000
1719.000000
1497.000000
1115.000000
1085.000000
1042.000000
995.000000
916.000000
515.000000
470.000000
564.000000
490.000000
465.000000
573.000000
502.000000
605.000000
704.000000
845.000000
1049.000000
1007.000000
1276.000000
1519.000000
1519.000000
1926.000000
2025.000000
2211.000000
2292.000000
2678.000000
2660.000000
2487.000000
2909.000000
2825.000000
3038.000000
3230.000000
3394.000000
2947.000000
1657.000000
1628.000000
2756.000000
3036.000000
2170.000000
1232.000000
628.000000
213.000000
377.000000
416.000000
-470.000000
-1080.000000
-1240.000000
-1852.000000
-2379.000000
-2756.000000
-2937.000000
-3512.000000
-3874.000000
-3784.000000
-4071.000000
-4622.000000
-5194.000000
-4938.000000
-4634.000000
-4919.000000
-5107.000000
-5011.000000
-4811.000000
-4633.000000
-4483.000000
-4347.000000
-3936.000000
-3740.000000
-3395.000000
-3008.000000
-2508.000000
-2020.000000
-1875.000000
-1824.000000
-1234.000000
-126.000000
226.000000
182.000000
216.000000
558.000000
1384.000000
1931.000000
1893.000000
1833.000000
1882.000000
2367.000000
2709.000000
2439.000000
2457.000000
2568.000000
2502.000000
2514.000000
2398.000000
2098.000000
1984.000000
2108.000000
2093.000000
1755.000000
1244.000000
1165.000000
1096.000000
1163.000000
1191.000000
853.000000
475.000000
449.000000
590.000000
515.000000
520.000000
619.000000
662.000000
652.000000
534.000000
647.000000
1112.000000
1296.000000
1487.000000
1195.000000
1370.000000
1900.000000
1810.000000
2457.000000
2312.000000
2375.000000
2318.000000
2473.000000
2874.000000
2617.000000
3020.000000
3049.000000
2879.000000
2683.000000
905.000000
1801.000000
3172.000000
2396.000000
1756.000000
366.000000
426.000000
78.000000
490.000000
189.000000
-1164.000000
-1150.000000
-1563.000000
-2142.000000
-2573.000000
-2981.000000
-2862.000000
-3521.000000
-3699.000000
-4072.000000
-4357.000000
-4926.000000
-4861.000000
-4302.000000
-4599.000000
-5156.000000
-5037.000000
-4668.000000
-4602.000000
-4318.000000
-4475.000000
-3843.000000
-3734.000000
-3528.000000
-3012.000000
-2908.000000
-2141.000000
-1759.000000
-1676.000000
-1478.000000
-859.000000
183.000000
334.000000
379.000000
226.000000
873.000000
1820.000000
2005.000000
1861.000000
1717.000000
1980.000000
2766.000000
2636.000000
2351.000000
2186.000000
2564.000000
2782.000000
2425.000000
2115.000000
1898.000000
2022.000000
1973.000000
2016.000000
1479.000000
948.000000
1086.000000
1147.000000
1130.000000
907.000000
455.000000
339.000000
603.000000
502.000000
371.000000
404.000000
477.000000
690.000000
452.000000
468.000000
724.000000
1154.000000
1369.000000
1266.000000
1101.000000
1364.000000
2038.000000
2147.000000
2367.000000
2143.000000
2092.000000
2670.000000
2675.000000
2761.000000
2611.000000
2988.000000
3312.000000
2901.000000
1944.000000
787.000000
2619.000000
3240.000000
2226.000000
1292.000000
238.000000
484.000000
220.000000
793.000000
-400.000000
-1322.000000
-914.000000
-1706.000000
-2142.000000
-2607.000000
-2826.000000
-3121.000000
-3503.000000
-3729.000000
-4141.000000
-4343.000000
-4942.000000
-4498.000000
-4407.000000
-4916.000000
-5163.000000
-4756.000000
-4423.000000
-4577.000000
-4495.000000
-4538.000000
-3786.000000
-3570.000000
-3339.000000
-3077.000000
-2845.000000
-2038.000000
-1711.000000
-1751.000000
-1523.000000
-596.000000
295.000000
306.000000
135.000000
191.000000
1064.000000
1892.000000
1889.000000
1710.000000
1613.000000
2132.000000
2780.000000
2485.000000
2131.000000
2298.000000
2608.000000
2612.000000
2290.000000
2025.000000
1971.000000
1993.000000
2148.000000
1929.000000
1224.000000
1087.000000
1313.000000
1280.000000
1151.000000
836.000000
430.000000
615.000000
717.000000
605.000000
502.000000
403.000000
755.000000
846.000000
479.000000
422.000000
960.000000
1381.000000
1424.000000
1147.000000
1175.000000
1641.000000
1992.000000
2408.000000
2193.000000
1826.000000
2265.000000
2629.000000
2555.000000
2660.000000
2666.000000
2850.000000
2967.000000
2637.000000
868.000000
1193.000000
3161.000000
2484.000000
1810.000000
526.000000
182.000000
85.000000
316.000000
288.000000
-1069.000000
-1058.000000
-1496.000000
-2043.000000
-2355.000000
-2919.000000
-2922.000000
-3347.000000
-3553.000000
-4043.000000
-4061.000000
-4750.000000
-4837.000000
-4149.000000
-4674.000000
-5007.000000
-4968.000000
-4505.000000
-4386.000000
-4356.000000
-4653.000000
-4140.000000
-3283.000000
-3457.000000
-3138.000000
-2893.000000
-2399.000000
-1575.000000
-1593.000000
-1450.000000
-1042.000000
-113.000000
481.000000
511.000000
206.000000
645.000000
1793.000000
2022.000000
1894.000000
1825.000000
1846.000000
2654.000000
2801.000000
2476.000000
2434.000000
2508.000000
2723.000000
2507.000000
2230.000000
2163.000000
2113.000000
2055.000000
2112.000000
1588.000000
1066.000000
1177.000000
1228.000000
1149.000000
939.000000
427.000000
355.000000
639.000000
548.000000
297.000000
179.000000
358.000000
684.000000
424.000000
190.000000
513.000000
856.000000
1134.000000
1211.000000
991.000000
1164.000000
1577.000000
2001.000000
2170.000000
1801.000000
1873.000000
2262.000000
2491.000000
2614.000000
2500.000000
2612.000000
2889.000000
2792.000000
2046.000000
428.000000
2395.000000
2950.000000
2277.000000
1314.000000
245.000000
479.000000
-183.000000
719.000000
-34.000000
-1018.000000
-900.000000
-1637.000000
-1986.000000
-2598.000000
-2651.000000
-2798.000000
-3173.000000
-3371.000000
-3911.000000
-3996.000000
-4898.000000
-4058.000000
-3982.000000
-4579.000000
-4902.000000
-4531.000000
-4178.000000
-4185.000000
-4257.000000
-4280.000000
-3452.000000
-3183.000000
-3220.000000
-2790.000000
-2719.000000
-1900.000000
-1548.000000
-1526.000000
-1312.000000
-593.000000
236.000000
335.000000
308.000000
185.000000
999.000000
1780.000000
1757.000000
1742.000000
1558.000000
1911.000000
2548.000000
2231.000000
2140.000000
2124.000000
2345.000000
2335.000000
2174.000000
1741.000000
1772.000000
1791.000000
1759.000000
1712.000000
1069.000000
786.000000
993.000000
1103.000000
914.000000
548.000000
194.000000
314.000000
599.000000
389.000000
186.000000
273.000000
503.000000
588.000000
307.000000
373.000000
748.000000
1129.000000
1279.000000
1128.000000
1126.000000
1551.000000
1772.000000
2283.000000
2087.000000
1818.000000
2287.000000
2567.000000
2682.000000
2567.000000
2713.000000
2878.000000
2837.000000
2780.000000
1747.000000
1194.000000
2782.000000
2584.000000
2120.000000
1143.000000
632.000000
427.000000
-26.000000
645.000000
-247.000000
-678.000000
-947.000000
-1703.000000
-2069.000000
-2657.000000
-2389.000000
-2736.000000
-3010.000000
-3541.000000
-4037.000000
-4095.000000
-4490.000000
-3714.000000
-4215.000000
-4711.000000
-4733.000000
-4307.000000
-4136.000000
-4256.000000
-4124.000000
-4052.000000
-3373.000000
-3326.000000
-3199.000000
-2872.000000
-2590.000000
-1758.000000
-1803.000000
-1495.000000
-1228.000000
-525.000000
64.000000
112.000000
253.000000
298.000000
1113.000000
1400.000000
1649.000000
1652.000000
1460.000000
2099.000000
2217.000000
2110.000000
2084.000000
2230.000000
2336.000000
2065.000000
2026.000000
1724.000000
1914.000000
1867.000000
1833.000000
1540.000000
989.000000
1002.000000
1059.000000
1189.000000
877.000000
627.000000
402.000000
455.000000
628.000000
448.000000
363.000000
400.000000
674.000000
616.000000
346.000000
510.000000
903.000000
1278.000000
1082.000000
1150.000000
1217.000000
1521.000000
1980.000000
1983.000000
2150.000000
1944.000000
2161.000000
2582.000000
2277.000000
2694.000000
2701.000000
2790.000000
2761.000000
2566.000000
1993.000000
733.000000
2374.000000
2674.000000
2060.000000
1266.000000
562.000000
121.000000
-350.000000
397.000000
-249.000000
-584.000000
-877.000000
-1866.000000
-2418.000000
-2821.000000
-2434.000000
-2594.000000
-2893.000000
-3595.000000
-4078.000000
-4106.000000
-4544.000000
-3814.000000
-4072.000000
-4434.000000
-4594.000000
-4348.000000
-4071.000000
-4109.000000
-3883.000000
-3910.000000
-3338.000000
-3077.000000
-3075.000000
-2563.000000
-2437.000000
-1715.000000
-1561.000000
-1409.000000
-862.000000
-369.000000
177.000000
227.000000
305.000000
460.000000
1095.000000
1691.000000
1699.000000
1712.000000
1406.000000
1811.000000
2254.000000
2204.000000
2220.000000
2079.000000
2032.000000
1833.000000
1826.000000
1729.000000
1848.000000
1686.000000
1624.000000
1281.000000
738.000000
821.000000
954.000000
965.000000
744.000000
442.000000
244.000000
281.000000
438.000000
326.000000
316.000000
348.000000
463.000000
495.000000
305.000000
560.000000
900.000000
1159.000000
1208.000000
1109.000000
1203.000000
1423.000000
1936.000000
2254.000000
2139.000000
1992.000000
2148.000000
2479.000000
2219.000000
2751.000000
2813.000000
2949.000000
2754.000000
2545.000000
1837.000000
692.000000
2521.000000
2579.000000
2187.000000
1427.000000
618.000000
81.000000
-509.000000
487.000000
-49.000000
-429.000000
-651.000000
-1710.000000
-2305.000000
-2864.000000
-2356.000000
-2409.000000
-2489.000000
-3223.000000
-3847.000000
-4013.000000
-4564.000000
-3709.000000
-3732.000000
-4050.000000
-4280.000000
-4181.000000
-4015.000000
-4051.000000
-3720.000000
-3810.000000
-3246.000000
-2911.000000
-3032.000000
-2546.000000
-2516.000000
-1804.000000
-1656.000000
-1497.000000
-1005.000000
-480.000000
80.000000
2.000000
-29.000000
94.000000
848.000000
1510.000000
1477.000000
1579.000000
1085.000000
1318.000000
1916.000000
1982.000000
2036.000000
1970.000000
1858.000000
1560.000000
1542.000000
1553.000000
1827.000000
1763.000000
1674.000000
1230.000000
558.000000
702.000000
1064.000000
1181.000000
1044.000000
696.000000
291.000000
192.000000
449.000000
653.000000
737.000000
690.000000
676.000000
655.000000
404.000000
693.000000
1208.000000
1412.000000
1499.000000
1340.000000
1252.000000
1550.000000
2033.000000
2269.000000
2338.000000
2138.000000
2229.000000
2313.000000
2403.000000
2692.000000
2653.000000
2983.000000
2717.000000
2589.000000
1654.000000
1020.000000
2125.000000
2158.000000
2274.000000
1429.000000
902.000000
51.000000
-549.000000
-43.000000
-516.000000
-229.000000
-448.000000
-1388.000000
-2312.000000
-3056.000000
-2895.000000
-2806.000000
-2409.000000
-2885.000000
-3421.000000
-4066.000000
-4742.000000
-4243.000000
-4188.000000
-3925.000000
-3877.000000
-3771.000000
-4021.000000
-4267.000000
-4184.000000
-3937.000000
-3092.000000
-2745.000000
-2593.000000
-2487.000000
-2507.000000
-2018.000000
-1969.000000
-1413.000000
-888.000000
-168.000000
222.000000
96.000000
38.000000
-72.000000
628.000000
1307.000000
1827.000000
1914.000000
1402.000000
1469.000000
1487.000000
1624.000000
1946.000000
2232.000000
2308.000000
1839.000000
1513.000000
1204.000000
1432.000000
1637.000000
1819.000000
1492.000000
930.000000
689.000000
586.000000
826.000000
974.000000
857.000000
599.000000
363.000000
327.000000
306.000000
390.000000
609.000000
786.000000
707.000000
463.000000
646.000000
919.000000
1165.000000
1302.000000
1232.000000
1298.000000
1425.000000
1762.000000
1956.000000
2001.000000
2069.000000
2174.000000
2192.000000
2219.000000
2329.000000
2300.000000
2328.000000
2457.000000
2480.000000
2304.000000
1658.000000
1247.000000
1549.000000
1162.000000
1294.000000
1291.000000
1028.000000
405.000000
-433.000000
-926.000000
-1439.000000
-1013.000000
-696.000000
-911.000000
-1596.000000
-2470.000000
-3000.000000
-3549.000000
-3269.000000
-2927.000000
-2732.000000
-2940.000000
-3533.000000
-3825.000000
-4330.000000
-4220.000000
-3825.000000
-3238.000000
-2943.000000
-2977.000000
-3085.000000
-3398.000000
-3201.000000
-2928.000000
-2492.000000
-1717.000000
-1286.000000
-1030.000000
-1335.000000
-1386.000000
-1163.000000
-513.000000
137.000000
526.000000
807.000000
663.000000
668.000000
734.000000
900.000000
1299.000000
1534.000000
1779.000000
1674.000000
1518.000000
1477.000000
1438.000000
1541.000000
1437.000000
1444.000000
1329.000000
1402.000000
1330.000000
1211.000000
899.000000
566.000000
629.000000
718.000000
773.000000
752.000000
672.000000
490.000000
210.000000
141.000000
226.000000
451.000000
710.000000
796.000000
650.000000
479.000000
579.000000
751.000000
1003.000000
1240.000000
1226.000000
1272.000000
1353.000000
1573.000000
1729.000000
1835.000000
1944.000000
1986.000000
2075.000000
1944.000000
2095.000000
2076.000000
2099.000000
2186.000000
2100.000000
2077.000000
2075.000000
1516.000000
1063.000000
995.000000
832.000000
1113.000000
1020.000000
977.000000
303.000000
-556.000000
-1045.000000
-1346.000000
-1145.000000
-967.000000
-908.000000
-1343.000000
-1967.000000
-2599.000000
-3140.000000
-3162.000000
-3000.000000
-2615.000000
-2746.000000
-2952.000000
-3133.000000
-3487.000000
-3681.000000
-3636.000000
-3314.000000
-3131.000000
-2813.000000
-2630.000000
-2535.000000
-2537.000000
-2596.000000
-2554.000000
-2219.000000
-1686.000000
-1273.000000
-1022.000000
-767.000000
-747.000000
-681.000000
-540.000000
-124.000000
183.000000
426.000000
698.000000
693.000000
885.000000
886.000000
862.000000
1097.000000
1182.000000
1250.000000
1229.000000
1311.000000
1293.000000
1214.000000
1176.000000
1029.000000
1128.000000
980.000000
1113.000000
1043.000000
872.000000
796.000000
662.000000
720.000000
749.000000
840.000000
740.000000
663.000000
591.000000
547.000000
600.000000
671.000000
1034.000000
1053.000000
995.000000
1046.000000
1008.000000
1051.000000
1109.000000
1357.000000
1558.000000
1727.000000
1869.000000
1732.000000
1766.000000
1732.000000
1747.000000
1979.000000
1966.000000
2113.000000
2059.000000
1942.000000
1840.000000
1699.000000
1530.000000
1459.000000
1467.000000
1466.000000
1016.000000
829.000000
590.000000
224.000000
192.000000
-32.000000
-14.000000
-333.000000
-649.000000
-1108.000000
-1565.000000
-1602.000000
-1780.000000
-1677.000000
-1889.000000
-2110.000000
-2392.000000
-2749.000000
-2896.000000
-2988.000000
-2763.000000
-2934.000000
-2736.000000
-2798.000000
-2882.000000
-3036.000000
-3004.000000
-2686.000000
-2599.000000
-2378.000000
-2415.000000
-2146.000000
-1991.000000
-1847.000000
-1603.000000
-1552.000000
-1189.000000
-1083.000000
-826.000000
-655.000000
-523.000000
-231.000000
-135.000000
115.000000
155.000000
312.000000
461.000000
592.000000
751.000000
704.000000
793.000000
907.000000
931.000000
944.000000
945.000000
993.000000
948.000000
999.000000
950.000000
939.000000
859.000000
809.000000
849.000000
759.000000
763.000000
748.000000
744.000000
730.000000
661.000000
614.000000
596.000000
784.000000
758.000000
810.000000
762.000000
777.000000
876.000000
871.000000
964.000000
896.000000
1207.000000
1222.000000
1323.000000
1335.000000
1249.000000
1434.000000
1403.000000
1549.000000
1552.000000
1605.000000
1705.000000
1541.000000
1629.000000
1532.000000
1455.000000
1528.000000
1493.000000
1403.000000
1275.000000
1262.000000
1127.000000
1000.000000
787.000000
423.000000
503.000000
265.000000
213.000000
100.000000
-57.000000
-275.000000
-624.000000
-665.000000
-1135.000000
-1152.000000
-1259.000000
-1364.000000
-1475.000000
-1676.000000
-1685.000000
-1941.000000
-2024.000000
-2175.000000
-2238.000000
-2264.000000
-2359.000000
-2107.000000
-2200.000000
-2205.000000
-2306.000000
-2234.000000
-2161.000000
-2086.000000
-1914.000000
-1943.000000
-1698.000000
-1650.000000
-1582.000000
-1438.000000
-1302.000000
-1054.000000
-1009.000000
-868.000000
-818.000000
-690.000000
-457.000000
-292.000000
-72.000000
-78.000000
65.000000
91.000000
222.000000
326.000000
334.000000
464.000000
529.000000
636.000000
706.000000
713.000000
790.000000
777.000000
740.000000
674.000000
752.000000
746.000000
825.000000
905.000000
784.000000
787.000000
754.000000
749.000000
732.000000
799.000000
708.000000
777.000000
791.000000
872.000000
905.000000
809.000000
920.000000
854.000000
884.000000
933.000000
1019.000000
1167.000000
1199.000000
1163.000000
1078.000000
1052.000000
1167.000000
1260.000000
1375.000000
1316.000000
1315.000000
1377.000000
1236.000000
1286.000000
1298.000000
1257.000000
1285.000000
1194.000000
1174.000000
1027.000000
995.000000
991.000000
887.000000
890.000000
711.000000
396.000000
391.000000
249.000000
71.000000
74.000000
-28.000000
-143.000000
-414.000000
-546.000000
-804.000000
-951.000000
-915.000000
-1120.000000
-1172.000000
-1312.000000
-1459.000000
-1489.000000
-1722.000000
-1745.000000
-1868.000000
-1903.000000
-1946.000000
-1896.000000
-1917.000000
-2053.000000
-1980.000000
-2073.000000
-2060.000000
-2054.000000
-1961.000000
-1865.000000
-1773.000000
-1637.000000
-1667.000000
-1581.000000
-1474.000000
-1332.000000
-1250.000000
-1169.000000
-1009.000000
-906.000000
-612.000000
-519.000000
-354.000000
-279.000000
-233.000000
-126.000000
-73.000000
94.000000
276.000000
475.000000
595.000000
611.000000
609.000000
628.000000
716.000000
794.000000
858.000000
917.000000
1020.000000
1018.000000
1009.000000
1050.000000
917.000000
930.000000
916.000000
985.000000
1045.000000
1111.000000
1003.000000
951.000000
875.000000
795.000000
831.000000
811.000000
993.000000
948.000000
943.000000
852.000000
810.000000
791.000000
695.000000
865.000000
833.000000
911.000000
954.000000
940.000000
936.000000
896.000000
953.000000
860.000000
869.000000
939.000000
944.000000
1059.000000
1103.000000
1048.000000
884.000000
786.000000
787.000000
758.000000
846.000000
890.000000
899.000000
767.000000
468.000000
359.000000
270.000000
190.000000
283.000000
171.000000
61.000000
-67.000000
-277.000000
-481.000000
-637.000000
-664.000000
-792.000000
-932.000000
-998.000000
-1120.000000
-1286.000000
-1462.000000
-1513.000000
-1616.000000
-1733.000000
-1812.000000
-1839.000000
-1842.000000
-1955.000000
-2000.000000
-2021.000000
-1992.000000
-1971.000000
-1977.000000
-1965.000000
-1885.000000
-1763.000000
-1659.000000
-1572.000000
-1471.000000
-1325.000000
-1226.000000
-1179.000000
-999.000000
-858.000000
-675.000000
-441.000000
-271.000000
-106.000000
-94.000000
29.000000
123.000000
264.000000
445.000000
529.000000
755.000000
820.000000
884.000000
879.000000
885.000000
933.000000
924.000000
989.000000
1040.000000
1117.000000
1082.000000
1026.000000
944.000000
832.000000
843.000000
803.000000
842.000000
863.000000
804.000000
786.000000
665.000000
625.000000
434.000000
457.000000
581.000000
647.000000
676.000000
613.000000
505.000000
494.000000
544.000000
545.000000
616.000000
672.000000
804.000000
818.000000
863.000000
849.000000
878.000000
949.000000
920.000000
1006.000000
983.000000
1085.000000
1210.000000
1176.000000
1163.000000
1041.000000
1046.000000
1044.000000
1067.000000
1089.000000
1014.000000
1007.000000
872.000000
601.000000
529.000000
413.000000
307.000000
295.000000
165.000000
65.000000
-189.000000
-335.000000
-557.000000
-804.000000
-860.000000
-1057.000000
-1108.000000
-1237.000000
-1419.000000
-1527.000000
-1747.000000
-1842.000000
-1988.000000
-2033.000000
-2172.000000
-2189.000000
-2128.000000
-2247.000000
-2209.000000
-2272.000000
-2213.000000
-2175.000000
-2136.000000
-2085.000000
-2002.000000
-1818.000000
-1758.000000
-1559.000000
-1438.000000
-1290.000000
-1169.000000
-1033.000000
-804.000000
-664.000000
-435.000000
-269.000000
-108.000000
49.000000
186.000000
347.000000
435.000000
631.000000
689.000000
783.000000
918.000000
944.000000
1052.000000
1058.000000
1176.000000
1206.000000
1113.000000
1103.000000
1029.000000
1022.000000
1069.000000
1134.000000
1069.000000
935.000000
819.000000
615.000000
619.000000
622.000000
737.000000
773.000000
631.000000
570.000000
371.000000
301.000000
303.000000
397.000000
506.000000
566.000000
612.000000
562.000000
511.000000
462.000000
507.000000
566.000000
776.000000
874.000000
945.000000
1011.000000
963.000000
1007.000000
898.000000
1075.000000
1107.000000
1237.000000
1343.000000
1207.000000
1274.000000
1066.000000
1120.000000
1144.000000
1138.000000
1214.000000
1007.000000
953.000000
808.000000
743.000000
545.000000
383.000000
387.000000
168.000000
73.000000
-52.000000
-207.000000
-407.000000
-611.000000
-869.000000
-1099.000000
-1108.000000
-1263.000000
-1312.000000
-1476.000000
-1677.000000
-1819.000000
-2033.000000
-2012.000000
-2152.000000
-2106.000000
-2209.000000
-2249.000000
-2208.000000
-2320.000000
-2180.000000
-2191.000000
-2111.000000
-2057.000000
-1999.000000
-1888.000000
-1773.000000
-1509.000000
-1461.000000
-1303.000000
-1133.000000
-975.000000
-763.000000
-645.000000
-388.000000
-283.000000
-130.000000
72.000000
228.000000
310.000000
427.000000
635.000000
704.000000
819.000000
869.000000
944.000000
1000.000000
978.000000
1065.000000
1009.000000
1039.000000
1004.000000
906.000000
910.000000
824.000000
862.000000
791.000000
755.000000
609.000000
484.000000
476.000000
390.000000
455.000000
386.000000
390.000000
338.000000
257.000000
256.000000
167.000000
280.000000
310.000000
421.000000
434.000000
353.000000
511.000000
482.000000
595.000000
619.000000
712.000000
810.000000
930.000000
1077.000000
1047.000000
1157.000000
1164.000000
1147.000000
1207.000000
1256.000000
1326.000000
1332.000000
1413.000000
1423.000000
1356.000000
1294.000000
1192.000000
1122.000000
945.000000
961.000000
900.000000
837.000000
817.000000
683.000000
373.000000
27.000000
-70.000000
-249.000000
-259.000000
-253.000000
-390.000000
-528.000000
-926.000000
-1133.000000
-1411.000000
-1491.000000
-1484.000000
-1499.000000
-1483.000000
-1689.000000
-1762.000000
-1986.000000
-2074.000000
-2099.000000
-2144.000000
-2021.000000
-1994.000000
-1902.000000
-1968.000000
-1976.000000
-1913.000000
-1882.000000
-1696.000000
-1572.000000
-1421.000000
-1379.000000
-1202.000000
-1081.000000
-988.000000
-822.000000
-712.000000
-505.000000
-378.000000
-196.000000
-47.000000
95.000000
233.000000
280.000000
384.000000
405.000000
548.000000
628.000000
710.000000
851.000000
832.000000
915.000000
870.000000
785.000000
753.000000
678.000000
757.000000
781.000000
814.000000
798.000000
656.000000
571.000000
489.000000
429.000000
331.000000
387.000000
483.000000
465.000000
401.000000
290.000000
209.000000
243.000000
270.000000
323.000000
373.000000
424.000000
507.000000
511.000000
497.000000
521.000000
608.000000
681.000000
805.000000
887.000000
956.000000
973.000000
971.000000
1016.000000
995.000000
1133.000000
1185.000000
1250.000000
1220.000000
1124.000000
1107.000000
1073.000000
1144.000000
1072.000000
1029.000000
946.000000
852.000000
764.000000
668.000000
639.000000
532.000000
495.000000
346.000000
172.000000
-42.000000
-185.000000
-155.000000
-305.000000
-308.000000
-509.000000
-676.000000
-844.000000
-1058.000000
-1127.000000
-1284.000000
-1196.000000
-1234.000000
-1324.000000
-1476.000000
-1692.000000
-1754.000000
-1833.000000
-1738.000000
-1688.000000
-1693.000000
-1706.000000
-1789.000000
-1760.000000
-1803.000000
-1687.000000
-1604.000000
-1485.000000
-1372.000000
-1345.000000
-1255.000000
-1181.000000
-1031.000000
-981.000000
-856.000000
-668.000000
-498.000000
-322.000000
-306.000000
-164.000000
-135.000000
-4.000000
162.000000
289.000000
455.000000
518.000000
609.000000
536.000000
577.000000
623.000000
746.000000
878.000000
919.000000
864.000000
773.000000
774.000000
727.000000
745.000000
724.000000
724.000000
713.000000
672.000000
670.000000
511.000000
463.000000
390.000000
420.000000
445.000000
433.000000
492.000000
412.000000
333.000000
251.000000
270.000000
331.000000
462.000000
583.000000
572.000000
506.000000
458.000000
476.000000
510.000000
602.000000
727.000000
793.000000
922.000000
900.000000
860.000000
826.000000
824.000000
864.000000
866.000000
943.000000
1006.000000
1119.000000
1133.000000
1011.000000
856.000000
702.000000
634.000000
687.000000
757.000000
802.000000
811.000000
706.000000
492.000000
262.000000
33.000000
-165.000000
-88.000000
26.000000
-4.000000
-45.000000
-272.000000
-561.000000
-912.000000
-1057.000000
-1097.000000
-1011.000000
-832.000000
-908.000000
-1105.000000
-1417.000000
-1671.000000
-1820.000000
-1813.000000
-1654.000000
-1512.000000
-1421.000000
-1543.000000
-1678.000000
-1876.000000
-1965.000000
-1847.000000
-1644.000000
-1413.000000
-1330.000000
-1253.000000
-1307.000000
-1277.000000
-1241.000000
-1172.000000
-920.000000
-632.000000
-442.000000
-403.000000
-383.000000
-306.000000
-192.000000
-19.000000
199.000000
356.000000
430.000000
526.000000
543.000000
593.000000
653.000000
719.000000
840.000000
890.000000
887.000000
810.000000
789.000000
847.000000
873.000000
887.000000
802.000000
759.000000
669.000000
529.000000
505.000000
463.000000
544.000000
573.000000
512.000000
348.000000
205.000000
177.000000
162.000000
231.000000
321.000000
372.000000
341.000000
279.000000
191.000000
114.000000
223.000000
445.000000
668.000000
691.000000
645.000000
560.000000
491.000000
578.000000
755.000000
967.000000
1129.000000
1205.000000
1159.000000
1004.000000
941.000000
1008.000000
1160.000000
1367.000000
1390.000000
1336.000000
1134.000000
1020.000000
954.000000
929.000000
1008.000000
1061.000000
1037.000000
840.000000
545.000000
211.000000
165.000000
178.000000
189.000000
132.000000
-74.000000
-287.000000
-709.000000
-936.000000
-1074.000000
-1013.000000
-899.000000
-1045.000000
-1278.000000
-1687.000000
-1911.000000
-1973.000000
-1901.000000
-1768.000000
-1761.000000
-1837.000000
-2062.000000
-2176.000000
-2238.000000
-2188.000000
-1943.000000
-1743.000000
-1675.000000
-1747.000000
-1761.000000
-1715.000000
-1533.000000
-1296.000000
-1098.000000
-925.000000
-820.000000
-716.000000
-693.000000
-585.000000
-347.000000
-106.000000
164.000000
292.000000
354.000000
342.000000
382.000000
531.000000
656.000000
835.000000
956.000000
1027.000000
969.000000
790.000000
764.000000
795.000000
948.000000
1054.000000
969.000000
822.000000
679.000000
587.000000
491.000000
495.000000
534.000000
560.000000
519.000000
374.000000
212.000000
101.000000
111.000000
219.000000
268.000000
287.000000
255.000000
224.000000
184.000000
177.000000
234.000000
356.000000
561.000000
639.000000
640.000000
598.000000
651.000000
808.000000
916.000000
1123.000000
1210.000000
1250.000000
1240.000000
1242.000000
1341.000000
1425.000000
1640.000000
1694.000000
1671.000000
1520.000000
1352.000000
1331.000000
1391.000000
1536.000000
1563.000000
1497.000000
1352.000000
1057.000000
693.000000
352.000000
424.000000
523.000000
610.000000
477.000000
31.000000
-399.000000
-880.000000
-1020.000000
-1112.000000
-950.000000
-906.000000
-1152.000000
-1529.000000
-2073.000000
-2281.000000
-2329.000000
-2131.000000
-1956.000000
-2046.000000
-2274.000000
-2579.000000
-2626.000000
-2684.000000
-2470.000000
-2259.000000
-2116.000000
-2051.000000
-2114.000000
-2121.000000
-2042.000000
-1783.000000
-1559.000000
-1317.000000
-1110.000000
-996.000000
-878.000000
-816.000000
-665.000000
-438.000000
-182.000000
142.000000
302.000000
345.000000
297.000000
367.000000
505.000000
690.000000
887.000000
940.000000
951.000000
914.000000
813.000000
780.000000
824.000000
964.000000
943.000000
831.000000
726.000000
630.000000
598.000000
560.000000
548.000000
472.000000
413.000000
352.000000
298.000000
268.000000
193.000000
210.000000
211.000000
196.000000
225.000000
222.000000
290.000000
328.000000
361.000000
376.000000
503.000000
683.000000
754.000000
803.000000
815.000000
922.000000
1083.000000
1236.000000
1434.000000
1478.000000
1564.000000
1557.000000
1606.000000
1671.000000
1767.000000
1894.000000
1902.000000
1963.000000
1833.000000
1776.000000
1685.000000
1659.000000
1649.000000
1537.000000
1578.000000
1380.000000
1194.000000
770.000000
486.000000
507.000000
414.000000
468.000000
143.000000
-156.000000
-644.000000
-975.000000
-1085.000000
-1172.000000
-1073.000000
-1300.000000
-1642.000000
-2074.000000
-2371.000000
-2384.000000
-2315.000000
-2148.000000
-2274.000000
-2505.000000
-2805.000000
-2888.000000
-2736.000000
-2648.000000
-2425.000000
-2403.000000
-2377.000000
-2434.000000
-2369.000000
-2178.000000
-1921.000000
-1633.000000
-1592.000000
-1454.000000
-1304.000000
-1106.000000
-901.000000
-798.000000
-513.000000
-347.000000
-108.000000
51.000000
130.000000
193.000000
281.000000
491.000000
678.000000
775.000000
801.000000
805.000000
797.000000
771.000000
811.000000
914.000000
981.000000
966.000000
792.000000
625.000000
605.000000
709.000000
702.000000
656.000000
508.000000
368.000000
322.000000
340.000000
359.000000
366.000000
303.000000
273.000000
200.000000
211.000000
265.000000
400.000000
485.000000
421.000000
404.000000
443.000000
649.000000
860.000000
894.000000
891.000000
953.000000
1112.000000
1224.000000
1343.000000
1481.000000
1519.000000
1619.000000
1623.000000
1706.000000
1750.000000
1858.000000
1927.000000
1891.000000
1844.000000
1758.000000
1755.000000
1750.000000
1726.000000
1615.000000
1474.000000
1449.000000
1270.000000
1023.000000
619.000000
576.000000
610.000000
504.000000
364.000000
-82.000000
-414.000000
-797.000000
-922.000000
-1018.000000
-1068.000000
-1066.000000
-1455.000000
-1863.000000
-2275.000000
-2376.000000
-2259.000000
-2188.000000
-2155.000000
-2506.000000
-2809.000000
-2977.000000
-2804.000000
-2685.000000
-2598.000000
-2513.000000
-2576.000000
-2572.000000
-2627.000000
-2453.000000
-2170.000000
-1885.000000
-1717.000000
-1765.000000
-1627.000000
-1461.000000
-1186.000000
-981.000000
-815.000000
-561.000000
-458.000000
-188.000000
-57.000000
44.000000
152.000000
338.000000
583.000000
628.000000
707.000000
738.000000
794.000000
895.000000
919.000000
1002.000000
1030.000000
1103.000000
972.000000
823.000000
798.000000
889.000000
992.000000
910.000000
794.000000
608.000000
550.000000
619.000000
653.000000
663.000000
523.000000
456.000000
427.000000
405.000000
494.000000
542.000000
659.000000
638.000000
569.000000
508.000000
635.000000
893.000000
981.000000
1000.000000
993.000000
1077.000000
1224.000000
1338.000000
1435.000000
1440.000000
1520.000000
1544.000000
1631.000000
1687.000000
1746.000000
1829.000000
1773.000000
1762.000000
1652.000000
1617.000000
1608.000000
1599.000000
1553.000000
1339.000000
1307.000000
1221.000000
1061.000000
745.000000
385.000000
422.000000
377.000000
314.000000
15.000000
-367.000000
-682.000000
-972.000000
-1056.000000
-1210.000000
-1181.000000
-1342.000000
-1744.000000
-2102.000000
-2389.000000
-2343.000000
-2316.000000
-2265.000000
-2422.000000
-2706.000000
-2951.000000
-2987.000000
-2735.000000
-2707.000000
-2626.000000
-2637.000000
-2640.000000
-2629.000000
-2608.000000
-2372.000000
-2115.000000
-1824.000000
-1819.000000
-1809.000000
-1626.000000
-1371.000000
-1071.000000
-970.000000
-730.000000
-533.000000
-351.000000
-135.000000
-33.000000
115.000000
220.000000
520.000000
683.000000
754.000000
836.000000
841.000000
1006.000000
1042.000000
1098.000000
1132.000000
1194.000000
1239.000000
1087.000000
1049.000000
1045.000000
1175.000000
1116.000000
992.000000
894.000000
751.000000
811.000000
845.000000
885.000000
733.000000
648.000000
598.000000
590.000000
647.000000
616.000000
711.000000
719.000000
731.000000
657.000000
690.000000
895.000000
1003.000000
1063.000000
933.000000
1005.000000
1151.000000
1332.000000
1463.000000
1445.000000
1487.000000
1487.000000
1591.000000
1606.000000
1692.000000
1767.000000
1795.000000
1808.000000
1681.000000
1639.000000
1572.000000
1608.000000
1577.000000
1454.000000
1361.000000
1230.000000
1214.000000
972.000000
693.000000
340.000000
277.000000
368.000000
204.000000
-38.000000
-463.000000
-745.000000
-1002.000000
-1166.000000
-1297.000000
-1370.000000
-1410.000000
-1820.000000
-2185.000000
-2475.000000
-2523.000000
-2383.000000
-2444.000000
-2540.000000
-2811.000000
-2983.000000
-3070.000000
-2915.000000
-2849.000000
-2858.000000
-2735.000000
-2740.000000
-2675.000000
-2690.000000
-2564.000000
-2289.000000
-2014.000000
-1874.000000
-1879.000000
-1630.000000
-1381.000000
-1112.000000
-983.000000
-844.000000
-555.000000
-357.000000
-83.000000
45.000000
204.000000
348.000000
569.000000
795.000000
830.000000
934.000000
979.000000
1170.000000
1265.000000
1249.000000
1288.000000
1285.000000
1400.000000
1264.000000
1227.000000
1205.000000
1268.000000
1267.000000
1084.000000
1040.000000
884.000000
928.000000
916.000000
875.000000
766.000000
620.000000
639.000000
604.000000
690.000000
588.000000
575.000000
613.000000
612.000000
644.000000
569.000000
765.000000
852.000000
932.000000
875.000000
890.000000
1070.000000
1160.000000
1344.000000
1282.000000
1351.000000
1470.000000
1544.000000
1634.000000
1601.000000
1685.000000
1669.000000
1780.000000
1747.000000
1685.000000
1665.000000
1586.000000
1582.000000
1409.000000
1381.000000
1286.000000
1255.000000
1095.000000
822.000000
498.000000
140.000000
329.000000
258.000000
52.000000
-297.000000
-696.000000
-890.000000
-1182.000000
-1236.000000
-1459.000000
-1442.000000
-1637.000000
-2072.000000
-2345.000000
-2568.000000
-2422.000000
-2465.000000
-2543.000000
-2702.000000
-2870.000000
-2976.000000
-2975.000000
-2764.000000
-2856.000000
-2725.000000
-2663.000000
-2574.000000
-2537.000000
-2519.000000
-2241.000000
-2030.000000
-1728.000000
-1743.000000
-1631.000000
-1358.000000
-1085.000000
-839.000000
-809.000000
-527.000000
-332.000000
-122.000000
100.000000
230.000000
390.000000
501.000000
749.000000
816.000000
892.000000
941.000000
1049.000000
1202.000000
1188.000000
1192.000000
1129.000000
1225.000000
1250.000000
1134.000000
1082.000000
1059.000000
1116.000000
970.000000
931.000000
848.000000
752.000000
768.000000
703.000000
693.000000
553.000000
561.000000
570.000000
569.000000
569.000000
477.000000
550.000000
594.000000
677.000000
617.000000
622.000000
815.000000
909.000000
971.000000
937.000000
1059.000000
1139.000000
1276.000000
1425.000000
1363.000000
1466.000000
1527.000000
1651.000000
1626.000000
1606.000000
1693.000000
1703.000000
1804.000000
1671.000000
1627.000000
1527.000000
1487.000000
1452.000000
1257.000000
1212.000000
1106.000000
1032.000000
782.000000
579.000000
273.000000
-16.000000
137.000000
-30.000000
-255.000000
-631.000000
-898.000000
-1059.000000
-1320.000000
-1420.000000
-1655.000000
-1602.000000
-1832.000000
-2152.000000
-2382.000000
-2551.000000
-2363.000000
-2477.000000
-2541.000000
-2675.000000
-2759.000000
-2799.000000
-2790.000000
-2583.000000
-2658.000000
-2503.000000
-2442.000000
-2339.000000
-2285.000000
-2228.000000
-1911.000000
-1714.000000
-1491.000000
-1502.000000
-1365.000000
-1072.000000
-819.000000
-608.000000
-587.000000
-310.000000
-127.000000
56.000000
241.000000
346.000000
532.000000
601.000000
814.000000
827.000000
882.000000
966.000000
1073.000000
1238.000000
1142.000000
1137.000000
1108.000000
1149.000000
1153.000000
1032.000000
1055.000000
1043.000000
1046.000000
894.000000
815.000000
772.000000
706.000000
726.000000
680.000000
648.000000
532.000000
513.000000
535.000000
546.000000
537.000000
469.000000
551.000000
577.000000
606.000000
601.000000
647.000000
859.000000
857.000000
844.000000
876.000000
982.000000
1119.000000
1195.000000
1307.000000
1290.000000
1326.000000
1383.000000
1428.000000
1494.000000
1469.000000
1531.000000
1527.000000
1519.000000
1446.000000
1366.000000
1374.000000
1296.000000
1187.000000
994.000000
971.000000
917.000000
770.000000
647.000000
390.000000
168.000000
-126.000000
-94.000000
-163.000000
-407.000000
-636.000000
-954.000000
-1085.000000
-1322.000000
-1425.000000
-1590.000000
-1659.000000
-1731.000000
-2058.000000
-2221.000000
-2313.000000
-2268.000000
-2359.000000
-2460.000000
-2432.000000
-2517.000000
-2518.000000
-2538.000000
-2382.000000
-2393.000000
-2325.000000
-2168.000000
-2121.000000
-1979.000000
-1934.000000
-1747.000000
-1558.000000
-1371.000000
-1261.000000
-1197.000000
-878.000000
-684.000000
-555.000000
-471.000000
-266.000000
-6.000000
84.000000
265.000000
351.000000
476.000000
555.000000
734.000000
814.000000
838.000000
948.000000
986.000000
1048.000000
1039.000000
1054.000000
1048.000000
1047.000000
1100.000000
996.000000
989.000000
967.000000
925.000000
854.000000
803.000000
829.000000
720.000000
742.000000
728.000000
672.000000
593.000000
591.000000
649.000000
643.000000
611.000000
594.000000
608.000000
666.000000
687.000000
699.000000
749.000000
870.000000
886.000000
859.000000
906.000000
1015.000000
1066.000000
1088.000000
1153.000000
1216.000000
1182.000000
1247.000000
1328.000000
1300.000000
1266.000000
1244.000000
1278.000000
1217.000000
1243.000000
1145.000000
1108.000000
1053.000000
874.000000
787.000000
686.000000
662.000000
539.000000
382.000000
276.000000
73.000000
-116.000000
-401.000000
-324.000000
-475.000000
-682.000000
-785.000000
-1073.000000
-1162.000000
-1434.000000
-1461.000000
-1522.000000
-1544.000000
-1633.000000
-1933.000000
-1970.000000
-2162.000000
-2085.000000
-2067.000000
-2092.000000
-1979.000000
-2167.000000
-2146.000000
-2176.000000
-2031.000000
-1990.000000
-1870.000000
-1704.000000
-1754.000000
-1635.000000
-1669.000000
-1403.000000
-1170.000000
-1104.000000
-976.000000
-936.000000
-688.000000
-620.000000
-432.000000
-292.000000
-125.000000
74.000000
-6.000000
191.000000
266.000000
463.000000
574.000000
597.000000
721.000000
694.000000
830.000000
834.000000
921.000000
923.000000
916.000000
1017.000000
911.000000
968.000000
905.000000
969.000000
980.000000
897.000000
912.000000
826.000000
849.000000
777.000000
814.000000
791.000000
751.000000
784.000000
670.000000
723.000000
700.000000
729.000000
733.000000
741.000000
749.000000
711.000000
773.000000
775.000000
862.000000
850.000000
870.000000
889.000000
876.000000
927.000000
938.000000
1023.000000
1007.000000
1043.000000
997.000000
971.000000
1021.000000
955.000000
987.000000
948.000000
949.000000
821.000000
805.000000
768.000000
672.000000
644.000000
508.000000
478.000000
334.000000
283.000000
190.000000
43.000000
-30.000000
-238.000000
-342.000000
-602.000000
-555.000000
-603.000000
-785.000000
-873.000000
-1161.000000
-1223.000000
-1400.000000
-1363.000000
-1477.000000
-1546.000000
-1554.000000
-1801.000000
-1805.000000
-1932.000000
-1797.000000
-1806.000000
-1910.000000
-1825.000000
-1915.000000
-1849.000000
-1891.000000
-1688.000000
-1671.000000
-1615.000000
-1481.000000
-1564.000000
-1356.000000
-1303.000000
-1102.000000
-979.000000
-880.000000
-755.000000
-747.000000
-506.000000
-392.000000
-185.000000
-145.000000
-68.000000
141.000000
126.000000
355.000000
432.000000
550.000000
580.000000
613.000000
713.000000
738.000000
890.000000
841.000000
927.000000
928.000000
863.000000
908.000000
874.000000
995.000000
959.000000
931.000000
895.000000
839.000000
826.000000
752.000000
850.000000
782.000000
773.000000
739.000000
650.000000
680.000000
660.000000
694.000000
677.000000
671.000000
628.000000
624.000000
698.000000
697.000000
724.000000
692.000000
749.000000
803.000000
739.000000
754.000000
840.000000
910.000000
902.000000
891.000000
878.000000
881.000000
904.000000
903.000000
893.000000
878.000000
851.000000
824.000000
754.000000
704.000000
704.000000
628.000000
583.000000
487.000000
337.000000
279.000000
258.000000
199.000000
16.000000
-68.000000
-202.000000
-288.000000
-456.000000
-585.000000
-491.000000
-680.000000
-795.000000
-968.000000
-1094.000000
-1164.000000
-1241.000000
-1216.000000
-1403.000000
-1367.000000
-1536.000000
-1609.000000
-1587.000000
-1664.000000
-1584.000000
-1681.000000
-1596.000000
-1645.000000
-1650.000000
-1640.000000
-1572.000000
-1433.000000
-1508.000000
-1339.000000
-1310.000000
-1219.000000
-1131.000000
-1054.000000
-879.000000
-841.000000
-687.000000
-679.000000
-503.000000
-390.000000
-302.000000
-158.000000
-104.000000
43.000000
91.000000
196.000000
294.000000
364.000000
408.000000
462.000000
565.000000
611.000000
637.000000
673.000000
707.000000
731.000000
721.000000
736.000000
769.000000
782.000000
769.000000
780.000000
771.000000
732.000000
679.000000
705.000000
713.000000
740.000000
693.000000
653.000000
646.000000
619.000000
634.000000
648.000000
690.000000
660.000000
619.000000
617.000000
669.000000
721.000000
691.000000
697.000000
754.000000
742.000000
736.000000
750.000000
811.000000
845.000000
826.000000
797.000000
804.000000
814.000000
828.000000
794.000000
798.000000
795.000000
748.000000
677.000000
643.000000
646.000000
577.000000
541.000000
463.000000
374.000000
302.000000
217.000000
138.000000
81.000000
-3.000000
-130.000000
-194.000000
-293.000000
-406.000000
-505.000000
-635.000000
-626.000000
-703.000000
-823.000000
-937.000000
-1034.000000
-1103.000000
-1175.000000
-1147.000000
-1232.000000
-1240.000000
-1276.000000
-1404.000000
-1415.000000
-1445.000000
-1363.000000
-1347.000000
-1324.000000
-1342.000000
-1370.000000
-1330.000000
-1301.000000
-1157.000000
-1165.000000
-1057.000000
-999.000000
-998.000000
-889.000000
-817.000000
-673.000000
-627.000000
-501.000000
-459.000000
-391.000000
-242.000000
-176.000000
-51.000000
-31.000000
92.000000
154.000000
201.000000
296.000000
348.000000
420.000000
433.000000
528.000000
510.000000
527.000000
590.000000
591.000000
645.000000
630.000000
641.000000
599.000000
621.000000
649.000000
620.000000
628.000000
578.000000
585.000000
566.000000
570.000000
596.000000
536.000000
549.000000
559.000000
534.000000
508.000000
523.000000
569.000000
562.000000
581.000000
579.000000
584.000000
615.000000
621.000000
639.000000
636.000000
702.000000
732.000000
713.000000
715.000000
736.000000
765.000000
750.000000
777.000000
724.000000
734.000000
747.000000
718.000000
673.000000
618.000000
623.000000
564.000000
549.000000
483.000000
423.000000
360.000000
291.000000
243.000000
119.000000
104.000000
63.000000
-19.000000
-141.000000
-224.000000
-291.000000
-404.000000
-431.000000
-518.000000
-570.000000
-679.000000
-756.000000
-830.000000
-898.000000
-907.000000
-976.000000
-1005.000000
-1088.000000
-1089.000000
-1157.000000
-1194.000000
-1147.000000
-1188.000000
-1165.000000
-1201.000000
-1171.000000
-1171.000000
-1146.000000
-1091.000000
-1090.000000
-1024.000000
-1008.000000
-931.000000
-920.000000
-851.000000
-773.000000
-745.000000
-645.000000
-587.000000
-507.000000
-457.000000
-365.000000
-287.000000
-266.000000
-188.000000
-130.000000
-18.000000
54.000000
85.000000
153.000000
191.000000
256.000000
263.000000
332.000000
378.000000
425.000000
478.000000
440.000000
495.000000
496.000000
514.000000
531.000000
504.000000
543.000000
545.000000
580.000000
539.000000
550.000000
555.000000
546.000000
575.000000
550.000000
586.000000
576.000000
589.000000
572.000000
583.000000
591.000000
590.000000
627.000000
605.000000
654.000000
646.000000
643.000000
671.000000
682.000000
717.000000
710.000000
736.000000
723.000000
737.000000
737.000000
733.000000
752.000000
724.000000
715.000000
701.000000
687.000000
639.000000
610.000000
590.000000
556.000000
532.000000
437.000000
405.000000
361.000000
287.000000
234.000000
186.000000
157.000000
65.000000
-28.000000
-115.000000
-140.000000
-184.000000
-277.000000
-332.000000
-426.000000
-495.000000
-566.000000
-623.000000
-672.000000
-712.000000
-744.000000
-857.000000
-898.000000
-964.000000
-975.000000
-995.000000
-1026.000000
-1035.000000
-1094.000000
-1089.000000
-1133.000000
-1106.000000
-1099.000000
-1081.000000
-1043.000000
-1081.000000
-1037.000000
-1032.000000
-980.000000
-942.000000
-896.000000
-842.000000
-822.000000
-760.000000
-729.000000
-625.000000
-579.000000
-501.000000
-462.000000
-436.000000
-359.000000
-284.000000
-172.000000
-127.000000
-59.000000
-39.000000
5.000000
89.000000
128.000000
216.000000
247.000000
293.000000
309.000000
319.000000
378.000000
416.000000
441.000000
447.000000
503.000000
506.000000
505.000000
518.000000
537.000000
564.000000
556.000000
575.000000
571.000000
588.000000
605.000000
606.000000
605.000000
579.000000
604.000000
611.000000
648.000000
675.000000
662.000000
680.000000
680.000000
687.000000
690.000000
731.000000
778.000000
758.000000
751.000000
757.000000
790.000000
789.000000
760.000000
756.000000
754.000000
756.000000
728.000000
699.000000
675.000000
672.000000
635.000000
579.000000
555.000000
503.000000
460.000000
414.000000
365.000000
287.000000
225.000000
160.000000
79.000000
37.000000
-53.000000
-98.000000
-193.000000
-259.000000
-348.000000
-429.000000
-445.000000
-535.000000
-581.000000
-680.000000
-693.000000
-769.000000
-883.000000
-872.000000
-931.000000
-923.000000
-997.000000
-1003.000000
-1048.000000
-1106.000000
-1079.000000
-1124.000000
-1050.000000
-1109.000000
-1081.000000
-1101.000000
-1082.000000
-1030.000000
-1067.000000
-987.000000
-977.000000
-874.000000
-902.000000
-850.000000
-746.000000
-751.000000
-648.000000
-628.000000
-510.000000
-484.000000
-432.000000
-365.000000
-329.000000
-194.000000
-211.000000
-107.000000
-63.000000
13.000000
33.000000
41.000000
167.000000
184.000000
252.000000
238.000000
308.000000
358.000000
342.000000
421.000000
425.000000
502.000000
497.000000
514.000000
519.000000
540.000000
601.000000
562.000000
628.000000
600.000000
600.000000
603.000000
643.000000
692.000000
661.000000
680.000000
689.000000
734.000000
714.000000
731.000000
761.000000
739.000000
792.000000
770.000000
780.000000
782.000000
806.000000
784.000000
748.000000
769.000000
730.000000
748.000000
716.000000
711.000000
663.000000
614.000000
616.000000
559.000000
524.000000
497.000000
490.000000
415.000000
335.000000
305.000000
247.000000
226.000000
154.000000
89.000000
1.000000
-49.000000
-85.000000
-154.000000
-202.000000
-287.000000
-338.000000
-416.000000
-461.000000
-492.000000
-564.000000
-578.000000
-637.000000
-675.000000
-735.000000
-782.000000
-777.000000
-804.000000
-803.000000
-861.000000
-880.000000
-918.000000
-924.000000
-927.000000
-952.000000
-907.000000
-925.000000
-929.000000
-958.000000
-949.000000
-904.000000
-882.000000
-844.000000
-845.000000
-791.000000
-780.000000
-733.000000
-691.000000
-666.000000
-598.000000
-566.000000
-504.000000
-480.000000
-433.000000
-378.000000
-314.000000
-262.000000
-231.000000
-172.000000
-141.000000
-62.000000
11.000000
43.000000
93.000000
144.000000
198.000000
239.000000
294.000000
352.000000
386.000000
418.000000
436.000000
475.000000
528.000000
563.000000
605.000000
616.000000
629.000000
652.000000
667.000000
698.000000
733.000000
748.000000
763.000000
766.000000
764.000000
786.000000
816.000000
820.000000
823.000000
799.000000
800.000000
801.000000
796.000000
786.000000
781.000000
763.000000
713.000000
703.000000
675.000000
668.000000
647.000000
604.000000
569.000000
534.000000
496.000000
454.000000
411.000000
379.000000
335.000000
281.000000
219.000000
174.000000
140.000000
107.000000
63.000000
-7.000000
-63.000000
-109.000000
-157.000000
-192.000000
-234.000000
-289.000000
-328.000000
-358.000000
-414.000000
-477.000000
-492.000000
-521.000000
-539.000000
-586.000000
-619.000000
-615.000000
-672.000000
-705.000000
-734.000000
-743.000000
-743.000000
-763.000000
-770.000000
-826.000000
-816.000000
-819.000000
-825.000000
-803.000000
-832.000000
-803.000000
-817.000000
-800.000000
-795.000000
-782.000000
-729.000000
-704.000000
-683.000000
-694.000000
-641.000000
-613.000000
-573.000000
-528.000000
-495.000000
-436.000000
-425.000000
-380.000000
-352.000000
-279.000000
-211.000000
-183.000000
-113.000000
-79.000000
-13.000000
23.000000
86.000000
163.000000
198.000000
251.000000
292.000000
352.000000
386.000000
427.000000
469.000000
503.000000
553.000000
568.000000
610.000000
648.000000
688.000000
704.000000
728.000000
756.000000
771.000000
805.000000
808.000000
828.000000
831.000000
838.000000
846.000000
842.000000
837.000000
841.000000
832.000000
798.000000
792.000000
767.000000
746.000000
723.000000
696.000000
658.000000
628.000000
596.000000
548.000000
524.000000
474.000000
430.000000
390.000000
339.000000
282.000000
239.000000
199.000000
146.000000
105.000000
26.000000
-19.000000
-60.000000
-101.000000
-153.000000
-202.000000
-233.000000
-278.000000
-310.000000
-370.000000
-382.000000
-415.000000
-451.000000
-499.000000
-529.000000
-535.000000
-555.000000
-581.000000
-623.000000
-611.000000
-646.000000
-646.000000
-668.000000
-693.000000
-662.000000
-689.000000
-670.000000
-689.000000
-685.000000
-707.000000
-698.000000
-674.000000
-690.000000
-655.000000
-681.000000
-651.000000
-652.000000
-635.000000
-621.000000
-594.000000
-545.000000
-552.000000
-528.000000
-526.000000
-458.000000
-422.000000
-391.000000
-342.000000
-336.000000
-277.000000
-260.000000
-215.000000
-161.000000
-103.000000
-57.000000
-39.000000
12.000000
37.000000
108.000000
162.000000
207.000000
250.000000
270.000000
320.000000
362.000000
414.000000
429.000000
473.000000
532.000000
544.000000
588.000000
607.000000
650.000000
668.000000
681.000000
689.000000
711.000000
742.000000
733.000000
752.000000
754.000000
751.000000
753.000000
733.000000
734.000000
731.000000
713.000000
693.000000
683.000000
658.000000
636.000000
607.000000
583.000000
550.000000
499.000000
473.000000
437.000000
404.000000
345.000000
301.000000
254.000000
205.000000
157.000000
104.000000
73.000000
24.000000
-18.000000
-74.000000
-102.000000
-139.000000
-199.000000
-231.000000
-272.000000
-275.000000
-324.000000
-366.000000
-399.000000
-422.000000
-432.000000
-473.000000
-471.000000
-498.000000
-507.000000
-523.000000
-540.000000
-546.000000
-569.000000
-554.000000
-561.000000
-552.000000
-558.000000
-565.000000
-552.000000
-559.000000
-541.000000
-545.000000
-522.000000
-526.000000
-530.000000
-510.000000
-510.000000
-481.000000
-477.000000
-463.000000
-447.000000
-431.000000
-415.000000
-411.000000
-367.000000
-354.000000
-333.000000
-314.000000
-281.000000
-251.000000
-244.000000
-206.000000
-183.000000
-137.000000
-117.000000
-92.000000
-55.000000
-27.000000
24.000000
33.000000
60.000000
96.000000
126.000000
181.000000
206.000000
251.000000
275.000000
304.000000
330.000000
366.000000
399.000000
421.000000
472.000000
478.000000
495.000000
517.000000
537.000000
555.000000
563.000000
581.000000
567.000000
589.000000
588.000000
603.000000
604.000000
595.000000
610.000000
586.000000
596.000000
575.000000
579.000000
567.000000
534.000000
516.000000
475.000000
488.000000
455.000000
420.000000
379.000000
340.000000
311.000000
256.000000
227.000000
191.000000
177.000000
129.000000
78.000000
48.000000
-7.000000
-28.000000
-67.000000
-93.000000
-119.000000
-158.000000
-200.000000
-242.000000
-255.000000
-289.000000
-310.000000
-344.000000
-371.000000
-383.000000
-421.000000
-427.000000
-441.000000
-449.000000
-459.000000
-463.000000
-462.000000
-479.000000
-475.000000
-481.000000
-470.000000
-477.000000
-474.000000
-458.000000
-471.000000
-460.000000
-459.000000
-452.000000
-438.000000
-440.000000
-432.000000
-428.000000
-405.000000
-399.000000
-393.000000
-375.000000
-365.000000
-342.000000
-330.000000
-311.000000
-294.000000
-281.000000
-257.000000
-228.000000
-208.000000
-183.000000
-165.000000
-152.000000
-119.000000
-87.000000
-60.000000
-31.000000
-1.000000
22.000000
38.000000
60.000000
106.000000
139.000000
157.000000
189.000000
219.000000
236.000000
258.000000
289.000000
309.000000
340.000000
357.000000
361.000000
375.000000
401.000000
421.000000
430.000000
445.000000
454.000000
450.000000
458.000000
471.000000
475.000000
484.000000
483.000000
465.000000
447.000000
453.000000
461.000000
447.000000
433.000000
432.000000
402.000000
374.000000
360.000000
345.000000
333.000000
304.000000
288.000000
261.000000
224.000000
196.000000
177.000000
147.000000
118.000000
89.000000
52.000000
23.000000
8.000000
-22.000000
-59.000000
-77.000000
-104.000000
-139.000000
-155.000000
-167.000000
-189.000000
-210.000000
-232.000000
-260.000000
-262.000000
-266.000000
-275.000000
-295.000000
-304.000000
-318.000000
-326.000000
-315.000000
-324.000000
-317.000000
-324.000000
-313.000000
-318.000000
-325.000000
-322.000000
-306.000000
-301.000000
-304.000000
-304.000000
-301.000000
-284.000000
-280.000000
-277.000000
-262.000000
-252.000000
-251.000000
-252.000000
-235.000000
-225.000000
-213.000000
-211.000000
-200.000000
-183.000000
-187.000000
-159.000000
-154.000000
-143.000000
-137.000000
-121.000000
-91.000000
-86.000000
-58.000000
-57.000000
-38.000000
-8.000000
-1.000000
15.000000
25.000000
61.000000
67.000000
77.000000
86.000000
103.000000
134.000000
132.000000
158.000000
162.000000
180.000000
198.000000
201.000000
223.000000
215.000000
239.000000
238.000000
250.000000
257.000000
258.000000
273.000000
257.000000
267.000000
255.000000
266.000000
269.000000
266.000000
259.000000
243.000000
251.000000
234.000000
235.000000
237.000000
235.000000
230.000000
207.000000
202.000000
180.000000
168.000000
158.000000
148.000000
136.000000
109.000000
99.000000
82.000000
61.000000
49.000000
31.000000
15.000000
5.000000
-4.000000
-19.000000
-31.000000
-48.000000
-64.000000
-79.000000
-82.000000
-83.000000
-110.000000
-118.000000
-114.000000
-127.000000
-126.000000
-141.000000
-144.000000
-139.000000
-150.000000
-154.000000
-158.000000
-161.000000
-156.000000
-153.000000
-156.000000
-152.000000
-154.000000
-159.000000
-165.000000
-155.000000
-146.000000
-146.000000
-142.000000
-151.000000
-155.000000
-157.000000
-144.000000
-143.000000
-148.000000
-145.000000
-144.000000
-140.000000
-137.000000
-125.000000
-123.000000
-111.000000
-109.000000
-119.000000
-112.000000
-105.000000
-86.000000
-90.000000
-79.000000
-73.000000
-77.000000
-53.000000
-57.000000
-32.000000
-30.000000
-26.000000
-18.000000
-14.000000
0.000000
-2.000000
21.000000
27.000000
49.000000
56.000000
59.000000
68.000000
75.000000
86.000000
93.000000
108.000000
100.000000
109.000000
116.000000
118.000000
128.000000
126.000000
143.000000
137.000000
135.000000
139.000000
146.000000
162.000000
153.000000
154.000000
139.000000
151.000000
151.000000
139.000000
147.000000
153.000000
150.000000
128.000000
124.000000
116.000000
124.000000
121.000000
114.000000
107.000000
90.000000
75.000000
64.000000
69.000000
64.000000
60.000000
47.000000
42.000000
36.000000
24.000000
12.000000
9.000000
4.000000
-16.000000
-18.000000
-28.000000
-21.000000
-33.000000
-39.000000
-35.000000
-40.000000
-50.000000
-55.000000
-58.000000
-58.000000
-53.000000
-70.000000
-69.000000
-68.000000
-66.000000
-64.000000
-58.000000
-51.000000
-52.000000
-57.000000
-64.000000
-60.000000
-60.000000
-75.000000
-74.000000
-74.000000
-72.000000
-74.000000
-82.000000
-79.000000
-75.000000
-77.000000
-85.000000
-83.000000
-78.000000
-77.000000
-79.000000
-80.000000
-78.000000
-75.000000
-75.000000
-77.000000
-67.000000
-65.000000
-66.000000
-66.000000
-77.000000
-70.000000
-69.000000
-66.000000
-53.000000
-60.000000
-64.000000
-59.000000
-51.000000
-48.000000
-35.000000
-28.000000
-24.000000
-18.000000
-31.000000
-19.000000
-7.000000
3.000000
6.000000
11.000000
11.000000
19.000000
27.000000
27.000000
46.000000
47.000000
47.000000
49.000000
62.000000
72.000000
72.000000
75.000000
82.000000
82.000000
85.000000
96.000000
103.000000
108.000000
102.000000
100.000000
102.000000
96.000000
101.000000
100.000000
105.000000
98.000000
84.000000
81.000000
81.000000
81.000000
83.000000
78.000000
70.000000
74.000000
52.000000
47.000000
51.000000
46.000000
44.000000
31.000000
38.000000
25.000000
24.000000
18.000000
11.000000
17.000000
9.000000
10.000000
-2.000000
0.000000
-1.000000
-3.000000
-8.000000
-10.000000
-16.000000
-16.000000
-9.000000
-13.000000
-11.000000
-17.000000
-16.000000
-23.000000
-32.000000
-30.000000
-37.000000
-42.000000
-53.000000
-56.000000
-54.000000
-60.000000
-63.000000
-67.000000
-73.000000
-82.000000
-86.000000
-91.000000
-88.000000
-88.000000
-97.000000
-108.000000
-104.000000
-105.000000
-111.000000
-104.000000
-101.000000
-98.000000
-102.000000
-116.000000
-107.000000
-101.000000
-100.000000
-100.000000
-103.000000
-97.000000
-91.000000
-82.000000
-68.000000
-68.000000
-64.000000
-55.000000
-54.000000
-45.000000
-49.000000
-35.000000
-21.000000
-17.000000
-8.000000
-4.000000
13.000000
22.000000
28.000000
32.000000
44.000000
46.000000
58.000000
69.000000
74.000000
91.000000
91.000000
100.000000
99.000000
101.000000
118.000000
125.000000
132.000000
123.000000
126.000000
123.000000
122.000000
129.000000
114.000000
130.000000
119.000000
112.000000
106.000000
104.000000
110.000000
98.000000
98.000000
90.000000
88.000000
79.000000
78.000000
72.000000
61.000000
66.000000
52.000000
51.000000
46.000000
43.000000
41.000000
29.000000
40.000000
18.000000
23.000000
20.000000
13.000000
17.000000
1.000000
9.000000
-3.000000
-4.000000
1.000000
2.000000
-4.000000
-18.000000
-20.000000
-30.000000
-32.000000
-32.000000
-37.000000
-49.000000
-55.000000
-58.000000
-75.000000
-65.000000
-70.000000
-68.000000
-74.000000
-96.000000
-102.000000
-104.000000
-91.000000
-92.000000
-97.000000
-105.000000
-110.000000
-113.000000
-114.000000
-103.000000
-97.000000
-95.000000
-106.000000
-105.000000
-114.000000
-101.000000
-80.000000
-80.000000
-74.000000
-82.000000
-80.000000
-71.000000
-63.000000
-52.000000
-46.000000
-41.000000
-39.000000
-41.000000
-32.000000
-19.000000
-5.000000
0.000000
-2.000000
1.000000
3.000000
14.000000
35.000000
37.000000
40.000000
49.000000
44.000000
54.000000
58.000000
71.000000
71.000000
75.000000
77.000000
75.000000
84.000000
88.000000
99.000000
99.000000
94.000000
103.000000
101.000000
97.000000
100.000000
102.000000
100.000000
99.000000
97.000000
92.000000
101.000000
94.000000
94.000000
80.000000
74.000000
77.000000
75.000000
80.000000
71.000000
62.000000
48.000000
47.000000
44.000000
36.000000
37.000000
31.000000
25.000000
15.000000
12.000000
8.000000
11.000000
6.000000
-2.000000
-3.000000
-13.000000
-14.000000
-22.000000
-25.000000
-28.000000
-31.000000
-39.000000
-55.000000
-56.000000
-59.000000
-59.000000
-62.000000
-75.000000
-72.000000
-79.000000
-87.000000
-85.000000
-95.000000
-90.000000
-96.000000
-103.000000
-105.000000
-110.000000
-103.000000
-101.000000
-103.000000
-105.000000
-102.000000
-99.000000
-98.000000
-96.000000
-95.000000
-94.000000
-91.000000
-84.000000
-87.000000
-78.000000
-69.000000
-65.000000
-61.000000
-65.000000
-60.000000
-51.000000
-46.000000
-45.000000
-50.000000
-40.000000
-35.000000
-29.000000
-21.000000
-12.000000
-6.000000
-4.000000
-3.000000
1.000000
7.000000
10.000000
20.000000
25.000000
34.000000
30.000000
40.000000
46.000000
55.000000
63.000000
63.000000
75.000000
71.000000
76.000000
83.000000
98.000000
101.000000
100.000000
105.000000
105.000000
113.000000
111.000000
115.000000
112.000000
118.000000
124.000000
112.000000
125.000000
120.000000
120.000000
117.000000
108.000000
113.000000
101.000000
107.000000
101.000000
98.000000
87.000000
81.000000
85.000000
73.000000
73.000000
64.000000
61.000000
46.000000
33.000000
26.000000
26.000000
28.000000
8.000000
4.000000
-4.000000
-7.000000
-18.000000
-26.000000
-19.000000
-33.000000
-40.000000
-57.000000
-54.000000
-56.000000
-59.000000
-62.000000
-74.000000
-77.000000
-80.000000
-84.000000
-85.000000
-90.000000
-96.000000
-99.000000
-98.000000
-105.000000
-111.000000
-107.000000
-102.000000
-104.000000
-110.000000
-112.000000
-111.000000
-102.000000
-104.000000
-107.000000
-106.000000
-105.000000
-99.000000
-108.000000
-101.000000
-92.000000
-93.000000
-88.000000
-91.000000
-85.000000
-76.000000
-69.000000
-69.000000
-64.000000
-70.000000
-58.000000
-54.000000
-56.000000
-43.000000
-45.000000
-43.000000
-42.000000
-41.000000
-27.000000
-23.000000
-16.000000
-10.000000
-14.000000
-6.000000
0.000000
12.000000
27.000000
33.000000
40.000000
41.000000
46.000000
55.000000
63.000000
77.000000
89.000000
84.000000
88.000000
99.000000
102.000000
115.000000
120.000000
119.000000
118.000000
114.000000
119.000000
124.000000
127.000000
122.000000
127.000000
118.000000
117.000000
124.000000
119.000000
128.000000
114.000000
109.000000
101.000000
98.000000
102.000000
94.000000
96.000000
83.000000
75.000000
64.000000
62.000000
60.000000
55.000000
49.000000
40.000000
31.000000
23.000000
20.000000
17.000000
7.000000
6.000000
-3.000000
-6.000000
-10.000000
-12.000000
-14.000000
-25.000000
-31.000000
-45.000000
-46.000000
-44.000000
-43.000000
-41.000000
-51.000000
-56.000000
-62.000000
-70.000000
-62.000000
-60.000000
-66.000000
-68.000000
-79.000000
-83.000000
-86.000000
-88.000000
-84.000000
-82.000000
-89.000000
-90.000000
-97.000000
-92.000000
-88.000000
-97.000000
-95.000000
-101.000000
-99.000000
-103.000000
-102.000000
-91.000000
-90.000000
-89.000000
-91.000000
-89.000000
-84.000000
-81.000000
-78.000000
-73.000000
-75.000000
-72.000000
-73.000000
-68.000000
-54.000000
-51.000000
-45.000000
-40.000000
-32.000000
-25.000000
-23.000000
-13.000000
-9.000000
-6.000000
1.000000
7.000000
17.000000
25.000000
30.000000
34.000000
44.000000
46.000000
52.000000
64.000000
73.000000
76.000000
73.000000
84.000000
85.000000
92.000000
93.000000
96.000000
98.000000
96.000000
98.000000
98.000000
104.000000
98.000000
101.000000
95.000000
92.000000
91.000000
90.000000
97.000000
87.000000
81.000000
73.000000
71.000000
69.000000
64.000000
57.000000
56.000000
58.000000
45.000000
46.000000
39.000000
44.000000
43.000000
33.000000
31.000000
24.000000
29.000000
23.000000
17.000000
16.000000
14.000000
8.000000
4.000000
0.000000
-2.000000
0.000000
-9.000000
-12.000000
-19.000000
-20.000000
-16.000000
-24.000000
-26.000000
-38.000000
-38.000000
-37.000000
-46.000000
-46.000000
-48.000000
-50.000000
-55.000000
-62.000000
-62.000000
-64.000000
-61.000000
-63.000000
-67.000000
-73.000000
-79.000000
-77.000000
-79.000000
-74.000000
-75.000000
-72.000000
-75.000000
-72.000000
-73.000000
-72.000000
-64.000000
-70.000000
-72.000000
-71.000000
-68.000000
-62.000000
-60.000000
-55.000000
-52.000000
-50.000000
-45.000000
-45.000000
-44.000000
-40.000000
-34.000000
-29.000000
-27.000000
-19.000000
-12.000000
-8.000000
-4.000000
8.000000
12.000000
23.000000
24.000000
24.000000
30.000000
33.000000
42.000000
40.000000
41.000000
46.000000
55.000000
53.000000
