-14.000000
-6.000000
-5.000000
-1.000000
1.000000
-4.000000
2.000000
0.000000
1.000000
-1.000000
11.000000
17.000000
15.000000
13.000000
13.000000
20.000000
20.000000
18.000000
15.000000
20.000000
21.000000
22.000000
15.000000
5.000000
0.000000
-5.000000
-9.000000
-12.000000
-6.000000
-7.000000
-2.000000
7.000000
9.000000
16.000000
14.000000
14.000000
17.000000
16.000000
23.000000
14.000000
20.000000
25.000000
13.000000
10.000000
9.000000
5.000000
3.000000
6.000000
3.000000
10.000000
4.000000
1.000000
0.000000
-11.000000
-8.000000
-14.000000
-16.000000
-14.000000
-16.000000
-15.000000
-13.000000
-18.000000
-10.000000
-9.000000
-18.000000
-17.000000
-19.000000
-25.000000
-25.000000
-20.000000
-14.000000
-12.000000
-10.000000
-10.000000
-13.000000
-9.000000
-2.000000
-7.000000
-7.000000
-6.000000
-10.000000
-6.000000
-18.000000
-15.000000
-11.000000
-1.000000
2.000000
2.000000
10.000000
11.000000
13.000000
18.000000
16.000000
6.000000
7.000000
5.000000
13.000000
18.000000
20.000000
24.000000
22.000000
27.000000
27.000000
21.000000
19.000000
12.000000
11.000000
15.000000
10.000000
8.000000
10.000000
15.000000
19.000000
11.000000
15.000000
14.000000
7.000000
9.000000
8.000000
11.000000
9.000000
9.000000
10.000000
5.000000
7.000000
1.000000
4.000000
7.000000
5.000000
0.000000
4.000000
3.000000
0.000000
1.000000
-9.000000
-13.000000
-9.000000
-11.000000
-14.000000
-15.000000
-11.000000
-9.000000
-7.000000
-5.000000
-8.000000
-7.000000
-4.000000
-6.000000
-3.000000
-9.000000
-6.000000
-6.000000
-11.000000
-12.000000
-15.000000
-10.000000
-13.000000
-17.000000
-16.000000
-10.000000
-12.000000
-4.000000
-1.000000
4.000000
0.000000
2.000000
5.000000
-2.000000
-2.000000
-1.000000
0.000000
-7.000000
6.000000
3.000000
5.000000
4.000000
9.000000
11.000000
13.000000
16.000000
5.000000
10.000000
11.000000
7.000000
-3.000000
5.000000
-8.000000
-10.000000
1.000000
-7.000000
0.000000
1.000000
7.000000
4.000000
5.000000
6.000000
-2.000000
-3.000000
-1.000000
4.000000
2.000000
2.000000
2.000000
6.000000
6.000000
13.000000
16.000000
12.000000
13.000000
11.000000
8.000000
4.000000
-2.000000
-9.000000
-14.000000
-15.000000
-19.000000
-16.000000
-13.000000
-16.000000
-8.000000
3.000000
0.000000
-3.000000
5.000000
-1.000000
-4.000000
-8.000000
-3.000000
-9.000000
-4.000000
-6.000000
-9.000000
-3.000000
-7.000000
4.000000
1.000000
0.000000
5.000000
1.000000
4.000000
7.000000
4.000000
9.000000
6.000000
3.000000
-2.000000
-9.000000
-5.000000
1.000000
5.000000
-2.000000
10.000000
7.000000
1.000000
3.000000
-8.000000
3.000000
1.000000
-6.000000
6.000000
2.000000
6.000000
7.000000
0.000000
-6.000000
-5.000000
-1.000000
-13.000000
-10.000000
-11.000000
-13.000000
-9.000000
-6.000000
-5.000000
-4.000000
-1.000000
-5.000000
1.000000
5.000000
13.000000
15.000000
17.000000
16.000000
13.000000
12.000000
-1.000000
-7.000000
-17.000000
-25.000000
-30.000000
-30.000000
-26.000000
-28.000000
-23.000000
-21.000000
-15.000000
-11.000000
2.000000
10.000000
4.000000
13.000000
15.000000
13.000000
3.000000
-4.000000
-5.000000
-15.000000
-20.000000
-18.000000
-18.000000
-12.000000
-10.000000
-8.000000
-10.000000
-9.000000
-3.000000
-6.000000
-3.000000
-3.000000
-11.000000
-10.000000
-3.000000
-3.000000
3.000000
9.000000
12.000000
10.000000
11.000000
11.000000
10.000000
5.000000
3.000000
3.000000
-2.000000
-2.000000
0.000000
1.000000
6.000000
6.000000
4.000000
-1.000000
1.000000
-2.000000
-6.000000
-4.000000
-9.000000
-10.000000
-16.000000
-11.000000
-6.000000
-4.000000
-5.000000
-6.000000
2.000000
3.000000
9.000000
14.000000
13.000000
20.000000
16.000000
11.000000
12.000000
6.000000
4.000000
4.000000
-4.000000
-3.000000
-9.000000
-15.000000
-14.000000
-13.000000
-14.000000
-4.000000
-1.000000
-10.000000
-9.000000
-3.000000
0.000000
-3.000000
-3.000000
-7.000000
-4.000000
8.000000
11.000000
9.000000
7.000000
9.000000
11.000000
14.000000
10.000000
11.000000
17.000000
7.000000
11.000000
8.000000
1.000000
1.000000
-3.000000
-1.000000
2.000000
7.000000
2.000000
3.000000
7.000000
8.000000
6.000000
4.000000
1.000000
-3.000000
-7.000000
-3.000000
-9.000000
-11.000000
-1.000000
-8.000000
-5.000000
-2.000000
-8.000000
-5.000000
-4.000000
-5.000000
-7.000000
-3.000000
-6.000000
-9.000000
-10.000000
-8.000000
6.000000
2.000000
6.000000
17.000000
11.000000
15.000000
13.000000
6.000000
9.000000
8.000000
-6.000000
-19.000000
-22.000000
-28.000000
-25.000000
-25.000000
-26.000000
-16.000000
-15.000000
-3.000000
4.000000
4.000000
8.000000
11.000000
14.000000
10.000000
4.000000
-5.000000
-6.000000
-11.000000
-13.000000
-12.000000
-13.000000
-10.000000
-8.000000
-8.000000
-4.000000
6.000000
6.000000
0.000000
4.000000
3.000000
-2.000000
1.000000
-2.000000
-4.000000
-6.000000
-6.000000
1.000000
0.000000
12.000000
15.000000
11.000000
9.000000
6.000000
11.000000
8.000000
4.000000
4.000000
3.000000
11.000000
6.000000
7.000000
12.000000
10.000000
16.000000
13.000000
6.000000
10.000000
1.000000
3.000000
5.000000
-7.000000
-7.000000
-10.000000
-5.000000
-10.000000
-9.000000
2.000000
4.000000
10.000000
23.000000
26.000000
18.000000
26.000000
15.000000
19.000000
14.000000
3.000000
9.000000
-1.000000
0.000000
0.000000
-8.000000
-5.000000
-2.000000
1.000000
4.000000
-3.000000
-5.000000
-11.000000
-3.000000
-1.000000
-2.000000
-2.000000
-6.000000
-5.000000
-3.000000
2.000000
1.000000
5.000000
7.000000
8.000000
13.000000
7.000000
3.000000
0.000000
0.000000
-3.000000
-5.000000
-2.000000
-4.000000
1.000000
8.000000
7.000000
1.000000
2.000000
0.000000
-3.000000
-5.000000
3.000000
-5.000000
-5.000000
-7.000000
-8.000000
3.000000
4.000000
3.000000
-3.000000
0.000000
3.000000
4.000000
4.000000
-1.000000
-4.000000
-2.000000
0.000000
-2.000000
1.000000
-1.000000
0.000000
0.000000
-4.000000
-1.000000
-5.000000
1.000000
-3.000000
1.000000
5.000000
0.000000
0.000000
8.000000
7.000000
-3.000000
-3.000000
5.000000
8.000000
4.000000
6.000000
8.000000
9.000000
11.000000
15.000000
14.000000
8.000000
6.000000
4.000000
2.000000
4.000000
-5.000000
-4.000000
-4.000000
-10.000000
-4.000000
-8.000000
-3.000000
1.000000
0.000000
0.000000
4.000000
9.000000
5.000000
0.000000
7.000000
6.000000
8.000000
-1.000000
2.000000
-2.000000
-10.000000
-3.000000
-4.000000
-6.000000
-8.000000
-11.000000
-5.000000
0.000000
1.000000
-5.000000
0.000000
7.000000
3.000000
6.000000
11.000000
12.000000
16.000000
2.000000
3.000000
6.000000
-8.000000
-3.000000
-6.000000
-12.000000
-16.000000
-16.000000
-9.000000
-11.000000
-9.000000
4.000000
9.000000
10.000000
10.000000
13.000000
17.000000
14.000000
7.000000
9.000000
6.000000
2.000000
3.000000
0.000000
1.000000
0.000000
-1.000000
-3.000000
2.000000
0.000000
3.000000
3.000000
3.000000
1.000000
-1.000000
2.000000
-2.000000
-4.000000
-5.000000
1.000000
3.000000
2.000000
1.000000
-1.000000
0.000000
0.000000
1.000000
0.000000
0.000000
-9.000000
-7.000000
-2.000000
-6.000000
-6.000000
-13.000000
-13.000000
-12.000000
-5.000000
-4.000000
3.000000
1.000000
-3.000000
-2.000000
-3.000000
-5.000000
-7.000000
-1.000000
-4.000000
-6.000000
-8.000000
-9.000000
-2.000000
-4.000000
-2.000000
-2.000000
-4.000000
-3.000000
-3.000000
-2.000000
2.000000
3.000000
3.000000
6.000000
2.000000
4.000000
-2.000000
2.000000
-6.000000
-4.000000
8.000000
-4.000000
-2.000000
-6.000000
-1.000000
0.000000
-2.000000
-2.000000
-6.000000
-6.000000
1.000000
6.000000
6.000000
7.000000
4.000000
12.000000
10.000000
6.000000
1.000000
-10.000000
-2.000000
-1.000000
-11.000000
-6.000000
-10.000000
-7.000000
-3.000000
-7.000000
-2.000000
5.000000
6.000000
7.000000
16.000000
14.000000
14.000000
15.000000
9.000000
8.000000
6.000000
-1.000000
-4.000000
-1.000000
1.000000
-9.000000
-7.000000
-3.000000
-2.000000
2.000000
4.000000
0.000000
0.000000
0.000000
6.000000
14.000000
12.000000
19.000000
17.000000
9.000000
10.000000
7.000000
2.000000
0.000000
0.000000
-3.000000
-5.000000
-12.000000
-15.000000
-15.000000
-10.000000
-6.000000
-5.000000
-4.000000
-5.000000
1.000000
1.000000
-4.000000
3.000000
5.000000
6.000000
4.000000
-4.000000
-1.000000
-3.000000
-1.000000
-6.000000
-8.000000
-7.000000
-7.000000
-8.000000
-7.000000
-2.000000
-1.000000
-2.000000
-4.000000
2.000000
-4.000000
-8.000000
-14.000000
-12.000000
-7.000000
-4.000000
-6.000000
-9.000000
-5.000000
-2.000000
-4.000000
0.000000
6.000000
-1.000000
-5.000000
-6.000000
-14.000000
-12.000000
-8.000000
-12.000000
-5.000000
-5.000000
-8.000000
-1.000000
3.000000
10.000000
4.000000
3.000000
11.000000
4.000000
-2.000000
4.000000
3.000000
0.000000
2.000000
-1.000000
-3.000000
-6.000000
-4.000000
-7.000000
-7.000000
-10.000000
-7.000000
-7.000000
-6.000000
-1.000000
-4.000000
0.000000
1.000000
1.000000
3.000000
1.000000
4.000000
5.000000
-1.000000
0.000000
-1.000000
-5.000000
-9.000000
-2.000000
-1.000000
-9.000000
-7.000000
-4.000000
-4.000000
6.000000
4.000000
3.000000
7.000000
10.000000
9.000000
2.000000
3.000000
2.000000
-5.000000
0.000000
2.000000
-3.000000
-3.000000
3.000000
1.000000
-3.000000
1.000000
3.000000
10.000000
9.000000
11.000000
6.000000
8.000000
10.000000
9.000000
9.000000
2.000000
-5.000000
-8.000000
-6.000000
-8.000000
-5.000000
-10.000000
-8.000000
-5.000000
-3.000000
-4.000000
-1.000000
4.000000
3.000000
2.000000
8.000000
7.000000
5.000000
4.000000
3.000000
7.000000
3.000000
5.000000
1.000000
0.000000
-3.000000
2.000000
-5.000000
-7.000000
-6.000000
-9.000000
-2.000000
-3.000000
6.000000
-1.000000
4.000000
10.000000
11.000000
9.000000
3.000000
10.000000
5.000000
4.000000
1.000000
-2.000000
-5.000000
-8.000000
-8.000000
-8.000000
-9.000000
-5.000000
-7.000000
-11.000000
-4.000000
0.000000
2.000000
-3.000000
-3.000000
-4.000000
-5.000000
-12.000000
-11.000000
-4.000000
-2.000000
-2.000000
5.000000
9.000000
0.000000
5.000000
4.000000
6.000000
6.000000
10.000000
1.000000
1.000000
-1.000000
-3.000000
-2.000000
-4.000000
4.000000
-3.000000
2.000000
4.000000
11.000000
17.000000
13.000000
8.000000
9.000000
4.000000
-4.000000
-9.000000
-8.000000
-15.000000
-14.000000
-11.000000
-9.000000
-9.000000
-7.000000
-5.000000
1.000000
12.000000
11.000000
7.000000
10.000000
6.000000
3.000000
4.000000
2.000000
3.000000
5.000000
7.000000
0.000000
-4.000000
8.000000
6.000000
1.000000
11.000000
4.000000
6.000000
10.000000
7.000000
5.000000
5.000000
-2.000000
0.000000
5.000000
0.000000
8.000000
7.000000
6.000000
11.000000
2.000000
-2.000000
12.000000
2.000000
-6.000000
-8.000000
-8.000000
-6.000000
-6.000000
1.000000
-4.000000
1.000000
2.000000
3.000000
3.000000
5.000000
3.000000
-1.000000
4.000000
3.000000
-1.000000
-3.000000
-2.000000
-5.000000
-1.000000
-4.000000
1.000000
1.000000
1.000000
-3.000000
-5.000000
-4.000000
-1.000000
1.000000
-3.000000
-2.000000
-8.000000
-7.000000
-8.000000
-8.000000
-9.000000
-3.000000
3.000000
1.000000
10.000000
12.000000
8.000000
2.000000
-1.000000
0.000000
-1.000000
-4.000000
-9.000000
-11.000000
-9.000000
-12.000000
-7.000000
-12.000000
-8.000000
-1.000000
-3.000000
0.000000
-4.000000
0.000000
0.000000
3.000000
-2.000000
0.000000
0.000000
-3.000000
-8.000000
-1.000000
3.000000
-2.000000
-2.000000
4.000000
11.000000
9.000000
9.000000
7.000000
4.000000
10.000000
7.000000
2.000000
7.000000
4.000000
-1.000000
-2.000000
3.000000
0.000000
4.000000
4.000000
-1.000000
-5.000000
-6.000000
-2.000000
3.000000
6.000000
3.000000
2.000000
2.000000
2.000000
-1.000000
3.000000
7.000000
9.000000
-1.000000
-3.000000
0.000000
-4.000000
-3.000000
1.000000
-9.000000
-6.000000
-1.000000
-5.000000
2.000000
1.000000
0.000000
9.000000
11.000000
15.000000
20.000000
12.000000
17.000000
18.000000
17.000000
9.000000
2.000000
-2.000000
0.000000
2.000000
-10.000000
-8.000000
-2.000000
-10.000000
-10.000000
-7.000000
-2.000000
5.000000
-1.000000
7.000000
8.000000
3.000000
0.000000
4.000000
1.000000
-3.000000
-3.000000
3.000000
4.000000
0.000000
6.000000
1.000000
6.000000
7.000000
1.000000
1.000000
-6.000000
-4.000000
1.000000
4.000000
7.000000
2.000000
3.000000
7.000000
10.000000
3.000000
-3.000000
-11.000000
-12.000000
-5.000000
-10.000000
1.000000
-5.000000
-7.000000
-4.000000
-2.000000
-5.000000
-11.000000
1.000000
-6.000000
-5.000000
-5.000000
0.000000
4.000000
2.000000
4.000000
-1.000000
5.000000
4.000000
0.000000
5.000000
2.000000
4.000000
4.000000
-1.000000
-5.000000
2.000000
0.000000
-2.000000
-5.000000
-11.000000
-9.000000
-9.000000
1.000000
1.000000
-2.000000
8.000000
8.000000
6.000000
3.000000
6.000000
13.000000
21.000000
23.000000
10.000000
-1.000000
-7.000000
-7.000000
3.000000
-2.000000
6.000000
1.000000
-4.000000
1.000000
-1.000000
-2.000000
1.000000
8.000000
16.000000
17.000000
13.000000
4.000000
8.000000
12.000000
2.000000
-3.000000
-13.000000
-19.000000
-20.000000
-12.000000
-6.000000
-3.000000
-3.000000
-11.000000
-5.000000
-1.000000
-1.000000
-1.000000
2.000000
12.000000
18.000000
11.000000
14.000000
2.000000
-2.000000
-2.000000
-5.000000
2.000000
-5.000000
0.000000
-3.000000
-4.000000
3.000000
-8.000000
-15.000000
-12.000000
1.000000
4.000000
6.000000
0.000000
-7.000000
-5.000000
-8.000000
-9.000000
2.000000
0.000000
-8.000000
-4.000000
2.000000
9.000000
5.000000
1.000000
4.000000
-1.000000
3.000000
-2.000000
-5.000000
-10.000000
-10.000000
8.000000
21.000000
16.000000
12.000000
1.000000
-12.000000
-16.000000
-8.000000
5.000000
10.000000
10.000000
11.000000
2.000000
1.000000
-3.000000
-17.000000
-19.000000
-21.000000
-17.000000
-15.000000
-6.000000
-3.000000
4.000000
14.000000
19.000000
17.000000
0.000000
-8.000000
-9.000000
-6.000000
0.000000
-3.000000
5.000000
6.000000
7.000000
1.000000
-11.000000
-15.000000
-13.000000
-9.000000
-7.000000
0.000000
5.000000
18.000000
29.000000
23.000000
18.000000
14.000000
5.000000
-7.000000
0.000000
-4.000000
-18.000000
-25.000000
-27.000000
-5.000000
6.000000
2.000000
-8.000000
-13.000000
-7.000000
6.000000
11.000000
9.000000
0.000000
-5.000000
-4.000000
1.000000
0.000000
-4.000000
-7.000000
-5.000000
0.000000
4.000000
7.000000
-3.000000
-6.000000
-8.000000
-5.000000
-3.000000
0.000000
-7.000000
-1.000000
8.000000
14.000000
10.000000
10.000000
7.000000
-1.000000
-10.000000
-17.000000
-13.000000
6.000000
13.000000
19.000000
17.000000
9.000000
9.000000
0.000000
-1.000000
-7.000000
-8.000000
3.000000
7.000000
12.000000
5.000000
-4.000000
4.000000
8.000000
21.000000
18.000000
-7.000000
-34.000000
-27.000000
2.000000
29.000000
41.000000
23.000000
-5.000000
-31.000000
-28.000000
-16.000000
-4.000000
6.000000
11.000000
15.000000
5.000000
-8.000000
3.000000
14.000000
31.000000
25.000000
11.000000
9.000000
15.000000
8.000000
-4.000000
-21.000000
-24.000000
-8.000000
24.000000
37.000000
6.000000
-47.000000
-69.000000
-39.000000
-7.000000
-5.000000
-17.000000
-16.000000
6.000000
29.000000
15.000000
-9.000000
-22.000000
23.000000
80.000000
83.000000
-78.000000
-291.000000
-341.000000
-136.000000
238.000000
401.000000
299.000000
-32.000000
-256.000000
-230.000000
-49.000000
121.000000
111.000000
15.000000
-31.000000
13.000000
84.000000
51.000000
-6.000000
-5.000000
91.000000
138.000000
12.000000
-241.000000
-368.000000
-179.000000
204.000000
432.000000
299.000000
-87.000000
-370.000000
-333.000000
-33.000000
227.000000
230.000000
46.000000
-134.000000
-148.000000
-62.000000
27.000000
35.000000
15.000000
31.000000
57.000000
56.000000
19.000000
-19.000000
-23.000000
-4.000000
11.000000
-27.000000
-85.000000
-87.000000
7.000000
146.000000
209.000000
147.000000
-2.000000
-130.000000
-172.000000
-112.000000
-2.000000
69.000000
49.000000
-6.000000
-18.000000
-12.000000
24.000000
19.000000
-6.000000
-54.000000
-111.000000
-108.000000
-49.000000
27.000000
74.000000
61.000000
18.000000
-19.000000
-41.000000
-20.000000
19.000000
56.000000
61.000000
47.000000
29.000000
15.000000
20.000000
14.000000
2.000000
-6.000000
-25.000000
-26.000000
4.000000
43.000000
72.000000
53.000000
-33.000000
-100.000000
-133.000000
-85.000000
-35.000000
37.000000
68.000000
55.000000
6.000000
-39.000000
-75.000000
-79.000000
-28.000000
51.000000
96.000000
56.000000
-9.000000
-43.000000
-14.000000
41.000000
62.000000
26.000000
-9.000000
-40.000000
-33.000000
-10.000000
47.000000
72.000000
68.000000
47.000000
3.000000
-113.000000
-177.000000
-137.000000
20.000000
158.000000
177.000000
95.000000
-33.000000
-150.000000
-189.000000
-144.000000
-45.000000
10.000000
9.000000
37.000000
71.000000
85.000000
21.000000
-57.000000
-67.000000
-25.000000
52.000000
142.000000
137.000000
14.000000
-105.000000
-73.000000
55.000000
124.000000
61.000000
-73.000000
-122.000000
-40.000000
114.000000
169.000000
82.000000
-87.000000
-162.000000
-92.000000
-7.000000
31.000000
-12.000000
-10.000000
46.000000
62.000000
-2.000000
-74.000000
-106.000000
-53.000000
8.000000
51.000000
-1.000000
-57.000000
-36.000000
73.000000
109.000000
77.000000
-29.000000
-58.000000
-35.000000
43.000000
81.000000
63.000000
24.000000
-1.000000
10.000000
18.000000
-33.000000
-112.000000
-86.000000
22.000000
126.000000
97.000000
24.000000
-116.000000
-212.000000
-156.000000
-19.000000
94.000000
71.000000
-44.000000
-18.000000
13.000000
60.000000
41.000000
51.000000
-7.000000
-84.000000
-94.000000
96.000000
222.000000
110.000000
-56.000000
-132.000000
6.000000
110.000000
133.000000
-2.000000
-198.000000
-283.000000
-73.000000
195.000000
264.000000
-37.000000
-287.000000
-215.000000
59.000000
142.000000
51.000000
-125.000000
-67.000000
80.000000
225.000000
179.000000
-144.000000
-420.000000
-329.000000
114.000000
312.000000
131.000000
-130.000000
-35.000000
124.000000
273.000000
64.000000
-148.000000
-210.000000
26.000000
272.000000
319.000000
22.000000
-180.000000
-149.000000
191.000000
223.000000
-45.000000
-325.000000
-229.000000
-15.000000
133.000000
46.000000
-120.000000
-236.000000
-203.000000
26.000000
1.000000
-116.000000
-186.000000
80.000000
277.000000
186.000000
-89.000000
-183.000000
-137.000000
2.000000
88.000000
93.000000
43.000000
75.000000
103.000000
156.000000
112.000000
31.000000
-156.000000
-123.000000
14.000000
-1.000000
42.000000
138.000000
117.000000
-73.000000
-42.000000
60.000000
1.000000
-190.000000
-152.000000
-35.000000
35.000000
90.000000
8.000000
-48.000000
-111.000000
-115.000000
-51.000000
16.000000
20.000000
-50.000000
-38.000000
156.000000
141.000000
-38.000000
-107.000000
-62.000000
-38.000000
18.000000
111.000000
247.000000
95.000000
-45.000000
-49.000000
40.000000
209.000000
109.000000
14.000000
-151.000000
-220.000000
-93.000000
186.000000
210.000000
39.000000
-326.000000
-191.000000
96.000000
144.000000
-77.000000
-293.000000
-212.000000
29.000000
150.000000
235.000000
-63.000000
-255.000000
-158.000000
121.000000
373.000000
174.000000
-153.000000
-243.000000
16.000000
349.000000
381.000000
12.000000
-216.000000
-375.000000
10.000000
437.000000
358.000000
-97.000000
-433.000000
-166.000000
261.000000
335.000000
64.000000
-442.000000
-487.000000
-9.000000
319.000000
282.000000
-130.000000
-410.000000
-210.000000
247.000000
420.000000
-20.000000
-564.000000
-395.000000
74.000000
500.000000
369.000000
-177.000000
-446.000000
-184.000000
342.000000
409.000000
-47.000000
-367.000000
-260.000000
113.000000
397.000000
176.000000
-119.000000
-234.000000
-99.000000
155.000000
91.000000
-53.000000
-144.000000
-89.000000
160.000000
187.000000
-14.000000
-240.000000
-212.000000
84.000000
130.000000
-21.000000
-205.000000
-231.000000
-11.000000
295.000000
216.000000
-70.000000
-327.000000
-166.000000
109.000000
265.000000
186.000000
-85.000000
-139.000000
64.000000
248.000000
196.000000
-7.000000
-152.000000
-96.000000
155.000000
348.000000
130.000000
-230.000000
-291.000000
6.000000
208.000000
169.000000
-112.000000
-203.000000
-140.000000
83.000000
141.000000
67.000000
-61.000000
-119.000000
-59.000000
18.000000
10.000000
-50.000000
-10.000000
49.000000
79.000000
7.000000
-59.000000
-3.000000
118.000000
103.000000
-17.000000
-120.000000
-46.000000
71.000000
159.000000
34.000000
-147.000000
-204.000000
-14.000000
160.000000
164.000000
-77.000000
-276.000000
-203.000000
57.000000
196.000000
-23.000000
-307.000000
-349.000000
-108.000000
150.000000
175.000000
-72.000000
-273.000000
-244.000000
-1.000000
85.000000
-66.000000
-267.000000
-253.000000
-22.000000
236.000000
146.000000
-108.000000
-238.000000
-95.000000
175.000000
295.000000
165.000000
-130.000000
-207.000000
70.000000
419.000000
450.000000
166.000000
-142.000000
-97.000000
164.000000
339.000000
241.000000
43.000000
4.000000
94.000000
147.000000
171.000000
47.000000
-63.000000
13.000000
240.000000
357.000000
169.000000
-35.000000
-3.000000
191.000000
383.000000
299.000000
-20.000000
-123.000000
24.000000
301.000000
399.000000
179.000000
-58.000000
-90.000000
110.000000
322.000000
183.000000
-33.000000
-53.000000
19.000000
66.000000
68.000000
-11.000000
-181.000000
-297.000000
-132.000000
-4.000000
-111.000000
-332.000000
-521.000000
-451.000000
-339.000000
-351.000000
-462.000000
-658.000000
-695.000000
-658.000000
-625.000000
-510.000000
-596.000000
-780.000000
-833.000000
-716.000000
-535.000000
-514.000000
-574.000000
-614.000000
-655.000000
-491.000000
-323.000000
-293.000000
-307.000000
-422.000000
-340.000000
-137.000000
61.000000
177.000000
88.000000
51.000000
135.000000
180.000000
252.000000
239.000000
272.000000
266.000000
310.000000
550.000000
650.000000
520.000000
416.000000
334.000000
451.000000
537.000000
464.000000
501.000000
452.000000
523.000000
621.000000
752.000000
846.000000
561.000000
290.000000
465.000000
794.000000
945.000000
605.000000
422.000000
652.000000
909.000000
1111.000000
953.000000
614.000000
528.000000
646.000000
1062.000000
1277.000000
958.000000
713.000000
761.000000
1147.000000
1066.000000
590.000000
398.000000
548.000000
744.000000
777.000000
515.000000
372.000000
232.000000
207.000000
203.000000
-238.000000
-869.000000
-1346.000000
-1278.000000
-815.000000
-658.000000
-913.000000
-1325.000000
-1659.000000
-1825.000000
-1981.000000
-1956.000000
-2030.000000
-2186.000000
-2179.000000
-1899.000000
-1577.000000
-1339.000000
-1332.000000
-1308.000000
-1365.000000
-1417.000000
-1294.000000
-1100.000000
-721.000000
-416.000000
-112.000000
167.000000
328.000000
295.000000
142.000000
67.000000
189.000000
360.000000
574.000000
676.000000
654.000000
582.000000
546.000000
493.000000
334.000000
56.000000
-195.000000
-347.000000
-313.000000
-198.000000
-119.000000
-139.000000
-425.000000
-705.000000
-944.000000
-893.000000
-696.000000
-445.000000
-322.000000
-244.000000
-122.000000
48.000000
301.000000
536.000000
619.000000
528.000000
606.000000
935.000000
1442.000000
1745.000000
1852.000000
1873.000000
1910.000000
1894.000000
1816.000000
1562.000000
1490.000000
1586.000000
1926.000000
1943.000000
1559.000000
1043.000000
907.000000
1087.000000
982.000000
360.000000
-173.000000
-147.000000
144.000000
443.000000
203.000000
-95.000000
-450.000000
-469.000000
-303.000000
-221.000000
-461.000000
-641.000000
-291.000000
369.000000
494.000000
165.000000
-152.000000
-24.000000
373.000000
533.000000
413.000000
289.000000
364.000000
625.000000
755.000000
382.000000
-277.000000
-901.000000
-749.000000
-332.000000
-150.000000
-501.000000
-1007.000000
-1335.000000
-1485.000000
-1540.000000
-1700.000000
-2130.000000
-2425.000000
-2363.000000
-2098.000000
-1726.000000
-1613.000000
-1695.000000
-1787.000000
-1776.000000
-1752.000000
-1712.000000
-1530.000000
-1202.000000
-895.000000
-409.000000
14.000000
308.000000
316.000000
168.000000
100.000000
199.000000
498.000000
857.000000
1038.000000
987.000000
920.000000
848.000000
971.000000
947.000000
647.000000
151.000000
-164.000000
-185.000000
-17.000000
137.000000
64.000000
-310.000000
-684.000000
-945.000000
-1025.000000
-929.000000
-807.000000
-723.000000
-669.000000
-625.000000
-475.000000
-240.000000
-50.000000
18.000000
-75.000000
-39.000000
241.000000
780.000000
1234.000000
1453.000000
1465.000000
1483.000000
1629.000000
1883.000000
1984.000000
1883.000000
1815.000000
1845.000000
2013.000000
2111.000000
1951.000000
1634.000000
1410.000000
1325.000000
1202.000000
836.000000
598.000000
579.000000
621.000000
555.000000
436.000000
220.000000
-131.000000
-309.000000
-211.000000
-199.000000
-227.000000
-287.000000
-318.000000
-51.000000
169.000000
132.000000
-82.000000
-100.000000
-15.000000
55.000000
220.000000
452.000000
422.000000
465.000000
611.000000
805.000000
833.000000
673.000000
345.000000
-267.000000
-829.000000
-886.000000
-606.000000
-268.000000
-114.000000
-523.000000
-1089.000000
-1539.000000
-1771.000000
-1962.000000
-2140.000000
-2356.000000
-2492.000000
-2374.000000
-1969.000000
-1773.000000
-1737.000000
-1866.000000
-2010.000000
-2063.000000
-2094.000000
-1962.000000
-1609.000000
-1101.000000
-484.000000
-21.000000
143.000000
113.000000
-45.000000
-32.000000
100.000000
415.000000
749.000000
1073.000000
1297.000000
1362.000000
1293.000000
1208.000000
1013.000000
721.000000
376.000000
37.000000
-60.000000
66.000000
283.000000
331.000000
40.000000
-562.000000
-1163.000000
-1457.000000
-1391.000000
-1200.000000
-1097.000000
-1123.000000
-985.000000
-721.000000
-502.000000
-399.000000
-439.000000
-583.000000
-605.000000
-289.000000
240.000000
885.000000
1437.000000
1766.000000
1842.000000
1847.000000
1730.000000
1746.000000
1923.000000
2177.000000
2402.000000
2541.000000
2595.000000
2494.000000
2239.000000
2000.000000
1806.000000
1503.000000
1037.000000
633.000000
514.000000
563.000000
729.000000
751.000000
543.000000
86.000000
-512.000000
-887.000000
-706.000000
-532.000000
-440.000000
-470.000000
-309.000000
-74.000000
135.000000
88.000000
-146.000000
-253.000000
-211.000000
30.000000
501.000000
786.000000
767.000000
885.000000
1188.000000
1427.000000
1332.000000
1027.000000
717.000000
260.000000
-288.000000
-650.000000
-610.000000
-235.000000
-65.000000
-239.000000
-959.000000
-1733.000000
-2282.000000
-2576.000000
-2624.000000
-2729.000000
-3004.000000
-3070.000000
-2731.000000
-2320.000000
-2183.000000
-2306.000000
-2509.000000
-2600.000000
-2495.000000
-2217.000000
-1795.000000
-1218.000000
-590.000000
78.000000
547.000000
590.000000
423.000000
244.000000
387.000000
894.000000
1402.000000
1690.000000
1833.000000
1836.000000
1780.000000
1698.000000
1545.000000
1149.000000
527.000000
-40.000000
-323.000000
-148.000000
130.000000
37.000000
-411.000000
-1153.000000
-1805.000000
-2159.000000
-2195.000000
-2055.000000
-1970.000000
-1909.000000
-1721.000000
-1381.000000
-1035.000000
-880.000000
-851.000000
-830.000000
-691.000000
-291.000000
252.000000
985.000000
1767.000000
2271.000000
2524.000000
2599.000000
2545.000000
2504.000000
2633.000000
2991.000000
3277.000000
3372.000000
3287.000000
3151.000000
3014.000000
2693.000000
2207.000000
1672.000000
1141.000000
760.000000
569.000000
527.000000
541.000000
322.000000
-48.000000
-414.000000
-705.000000
-1078.000000
-1319.000000
-1146.000000
-751.000000
-562.000000
-416.000000
-300.000000
-140.000000
-81.000000
17.000000
176.000000
319.000000
509.000000
801.000000
1234.000000
1675.000000
1897.000000
1851.000000
1868.000000
1940.000000
1752.000000
934.000000
-103.000000
-884.000000
-1041.000000
-435.000000
212.000000
-2.000000
-1028.000000
-2311.000000
-3054.000000
-3244.000000
-3281.000000
-3670.000000
-4206.000000
-4268.000000
-3733.000000
-3007.000000
-2652.000000
-2911.000000
-3347.000000
-3446.000000
-3152.000000
-2580.000000
-2065.000000
-1571.000000
-830.000000
189.000000
1142.000000
1428.000000
1028.000000
540.000000
611.000000
1359.000000
2236.000000
2711.000000
2654.000000
2393.000000
2352.000000
2403.000000
2237.000000
1645.000000
638.000000
-275.000000
-543.000000
-339.000000
-76.000000
-169.000000
-803.000000
-1777.000000
-2732.000000
-3307.000000
-3485.000000
-3268.000000
-2949.000000
-2642.000000
-2350.000000
-2057.000000
-1761.000000
-1421.000000
-1227.000000
-1011.000000
-730.000000
-340.000000
313.000000
1241.000000
2255.000000
3080.000000
3570.000000
3694.000000
3533.000000
3406.000000
3528.000000
3966.000000
4470.000000
4642.000000
4486.000000
4022.000000
3520.000000
3045.000000
2604.000000
2064.000000
1472.000000
873.000000
427.000000
252.000000
182.000000
-67.000000
-456.000000
-859.000000
-1278.000000
-1629.000000
-1854.000000
-1708.000000
-1243.000000
-800.000000
-590.000000
-489.000000
-373.000000
-186.000000
10.000000
147.000000
346.000000
751.000000
1288.000000
1781.000000
2085.000000
2254.000000
2362.000000
2517.000000
2360.000000
1378.000000
-76.000000
-1202.000000
-1062.000000
22.000000
840.000000
411.000000
-1093.000000
-2617.000000
-3371.000000
-3482.000000
-3656.000000
-4302.000000
-4927.000000
-4865.000000
-3952.000000
-2985.000000
-2842.000000
-3468.000000
-4038.000000
-4035.000000
-3577.000000
-3091.000000
-2650.000000
-1858.000000
-519.000000
962.000000
1843.000000
1752.000000
941.000000
416.000000
788.000000
1883.000000
2840.000000
3212.000000
3122.000000
2967.000000
2979.000000
2917.000000
2487.000000
1592.000000
429.000000
-476.000000
-754.000000
-495.000000
-152.000000
-243.000000
-930.000000
-2093.000000
-3344.000000
-4265.000000
-4473.000000
-4013.000000
-3307.000000
-2780.000000
-2465.000000
-2295.000000
-2102.000000
-1782.000000
-1380.000000
-964.000000
-563.000000
-136.000000
542.000000
1647.000000
2944.000000
3982.000000
4399.000000
4242.000000
3825.000000
3574.000000
3804.000000
4447.000000
5058.000000
5215.000000
4875.000000
4352.000000
3731.000000
3092.000000
2402.000000
1666.000000
1065.000000
585.000000
235.000000
35.000000
-108.000000
-295.000000
-639.000000
-1199.000000
-1820.000000
-2332.000000
-2375.000000
-1939.000000
-1269.000000
-797.000000
-664.000000
-550.000000
-341.000000
-186.000000
-61.000000
107.000000
469.000000
1060.000000
1628.000000
2035.000000
2298.000000
2621.000000
3005.000000
3050.000000
2206.000000
513.000000
-1119.000000
-1413.000000
-281.000000
1095.000000
1240.000000
-164.000000
-2037.000000
-3240.000000
-3540.000000
-3582.000000
-4158.000000
-5031.000000
-5318.000000
-4565.000000
-3389.000000
-2856.000000
-3269.000000
-4007.000000
-4273.000000
-3994.000000
-3616.000000
-3279.000000
-2622.000000
-1313.000000
468.000000
1809.000000
2018.000000
1199.000000
313.000000
407.000000
1514.000000
2764.000000
3411.000000
3434.000000
3312.000000
3335.000000
3355.000000
2978.000000
2077.000000
920.000000
-17.000000
-390.000000
-203.000000
110.000000
88.000000
-424.000000
-1439.000000
-2740.000000
-3902.000000
-4495.000000
-4321.000000
-3640.000000
-2908.000000
-2488.000000
-2422.000000
-2449.000000
-2330.000000
-1980.000000
-1484.000000
-995.000000
-518.000000
188.000000
1292.000000
2604.000000
3638.000000
4140.000000
4079.000000
3714.000000
3489.000000
3706.000000
4364.000000
5146.000000
5593.000000
5416.000000
4778.000000
3942.000000
3217.000000
2646.000000
2161.000000
1673.000000
1170.000000
704.000000
366.000000
135.000000
-151.000000
-673.000000
-1208.000000
-1719.000000
-2163.000000
-2283.000000
-1961.000000
-1476.000000
-1091.000000
-964.000000
-919.000000
-820.000000
-614.000000
-371.000000
-134.000000
302.000000
790.000000
1217.000000
1555.000000
1890.000000
2247.000000
2633.000000
2888.000000
2566.000000
1172.000000
-527.000000
-1254.000000
-473.000000
936.000000
1450.000000
349.000000
-1495.000000
-2892.000000
-3273.000000
-3255.000000
-3588.000000
-4420.000000
-5064.000000
-4718.000000
-3668.000000
-2958.000000
-3174.000000
-3882.000000
-4181.000000
-3887.000000
-3505.000000
-3279.000000
-2904.000000
-1837.000000
-144.000000
1348.000000
1826.000000
1188.000000
257.000000
181.000000
1148.000000
2461.000000
3133.000000
3107.000000
2944.000000
3008.000000
3190.000000
3002.000000
2260.000000
1195.000000
230.000000
-256.000000
-184.000000
127.000000
241.000000
-195.000000
-1161.000000
-2428.000000
-3633.000000
-4325.000000
-4186.000000
-3386.000000
-2562.000000
-2169.000000
-2197.000000
-2379.000000
-2350.000000
-2002.000000
-1481.000000
-953.000000
-419.000000
230.000000
1172.000000
2344.000000
3372.000000
3912.000000
3917.000000
3632.000000
3367.000000
3436.000000
3945.000000
4711.000000
5275.000000
5271.000000
4748.000000
3915.000000
3068.000000
2392.000000
1951.000000
1649.000000
1324.000000
889.000000
474.000000
208.000000
9.000000
-289.000000
-781.000000
-1400.000000
-1898.000000
-1937.000000
-1558.000000
-1064.000000
-716.000000
-585.000000
-451.000000
-230.000000
-140.000000
-151.000000
-82.000000
254.000000
793.000000
1401.000000
1810.000000
1967.000000
2105.000000
2452.000000
2615.000000
1886.000000
183.000000
-1474.000000
-1743.000000
-552.000000
849.000000
951.000000
-503.000000
-2426.000000
-3615.000000
-3802.000000
-3736.000000
-4249.000000
-5051.000000
-5161.000000
-4160.000000
-2956.000000
-2637.000000
-3299.000000
-4037.000000
-4063.000000
-3579.000000
-3182.000000
-2892.000000
-2235.000000
-853.000000
967.000000
2209.000000
2122.000000
1019.000000
127.000000
413.000000
1716.000000
2963.000000
3401.000000
3242.000000
3077.000000
3041.000000
2862.000000
2246.000000
1235.000000
190.000000
-499.000000
-599.000000
-295.000000
-38.000000
-206.000000
-865.000000
-1955.000000
-3245.000000
-4324.000000
-4649.000000
-4050.000000
-2974.000000
-2133.000000
-1780.000000
-1803.000000
-1880.000000
-1785.000000
-1423.000000
-886.000000
-222.000000
594.000000
1596.000000
2754.000000
3771.000000
4297.000000
4323.000000
4113.000000
3872.000000
3757.000000
3912.000000
4383.000000
4958.000000
5227.000000
4891.000000
4035.000000
2980.000000
2038.000000
1371.000000
992.000000
771.000000
544.000000
225.000000
-152.000000
-471.000000
-780.000000
-1188.000000
-1601.000000
-1825.000000
-1738.000000
-1397.000000
-954.000000
-593.000000
-402.000000
-288.000000
-57.000000
323.000000
675.000000
836.000000
1001.000000
1379.000000
1894.000000
2196.000000
2351.000000
2579.000000
2866.000000
2472.000000
936.000000
-1042.000000
-2073.000000
-1402.000000
118.000000
801.000000
-325.000000
-2498.000000
-4105.000000
-4420.000000
-4146.000000
-4506.000000
-5551.000000
-6077.000000
-5226.000000
-3690.000000
-2994.000000
-3522.000000
-4333.000000
-4313.000000
-3495.000000
-2767.000000
-2560.000000
-2279.000000
-1193.000000
652.000000
2215.000000
2521.000000
1638.000000
671.000000
795.000000
2003.000000
3280.000000
3791.000000
3614.000000
3244.000000
2929.000000
2541.000000
1992.000000
1270.000000
534.000000
-182.000000
-781.000000
-1047.000000
-1038.000000
-1068.000000
-1446.000000
-2360.000000
-3674.000000
-4820.000000
-5089.000000
-4248.000000
-2984.000000
-2168.000000
-2089.000000
-2243.000000
-2091.000000
-1594.000000
-994.000000
-379.000000
324.000000
1272.000000
2407.000000
3568.000000
4468.000000
4812.000000
4736.000000
4615.000000
4666.000000
4802.000000
4984.000000
5311.000000
5609.000000
5499.000000
4746.000000
3578.000000
2513.000000
1812.000000
1405.000000
1089.000000
651.000000
67.000000
-501.000000
-877.000000
-1079.000000
-1373.000000
-1937.000000
-2419.000000
-2379.000000
-1744.000000
-922.000000
-363.000000
-251.000000
-365.000000
-348.000000
-51.000000
513.000000
1152.000000
1707.000000
2225.000000
2750.000000
3034.000000
2903.000000
2587.000000
2624.000000
2979.000000
2689.000000
997.000000
-1223.000000
-2272.000000
-1385.000000
159.000000
369.000000
-1498.000000
-4103.000000
-5713.000000
-5804.000000
-5357.000000
-5526.000000
-6247.000000
-6359.000000
-5336.000000
-4138.000000
-3969.000000
-4732.000000
-5111.000000
-4300.000000
-3032.000000
-2336.000000
-2072.000000
-1421.000000
126.000000
1971.000000
2989.000000
2658.000000
1647.000000
1125.000000
1764.000000
3077.000000
4042.000000
4152.000000
3796.000000
3304.000000
2579.000000
1575.000000
618.000000
135.000000
-39.000000
-409.000000
-1076.000000
-1679.000000
-1983.000000
-2110.000000
-2538.000000
-3544.000000
-4867.000000
-5652.000000
-5237.000000
-3790.000000
-2285.000000
-1623.000000
-1718.000000
-1799.000000
-1514.000000
-931.000000
-194.000000
733.000000
1923.000000
3142.000000
4125.000000
4816.000000
5159.000000
5198.000000
5150.000000
5152.000000
5169.000000
5146.000000
5257.000000
5600.000000
5774.000000
5150.000000
3667.000000
2071.000000
1111.000000
828.000000
828.000000
643.000000
149.000000
-540.000000
-1249.000000
-1725.000000
-1964.000000
-2226.000000
-2435.000000
-2255.000000
-1565.000000
-798.000000
-319.000000
-105.000000
99.000000
421.000000
756.000000
1144.000000
1697.000000
2300.000000
2863.000000
3322.000000
3612.000000
3589.000000
3312.000000
3120.000000
3002.000000
2153.000000
155.000000
-1835.000000
-2208.000000
-959.000000
62.000000
-761.000000
-3177.000000
-5402.000000
-6293.000000
-6225.000000
-6215.000000
-6783.000000
-7241.000000
-6527.000000
-4833.000000
-3665.000000
-4116.000000
-5218.000000
-5168.000000
-3682.000000
-2188.000000
-1647.000000
-1327.000000
-155.000000
1633.000000
2881.000000
2915.000000
2158.000000
1521.000000
1616.000000
2539.000000
3603.000000
3989.000000
3656.000000
3154.000000
2619.000000
1712.000000
420.000000
-541.000000
-769.000000
-750.000000
-1116.000000
-1738.000000
-2146.000000
-2409.000000
-2942.000000
-3871.000000
-4805.000000
-5319.000000
-5143.000000
-4193.000000
-2816.000000
-1851.000000
-1667.000000
-1748.000000
-1428.000000
-715.000000
8.000000
807.000000
2042.000000
3520.000000
4627.000000
5130.000000
5332.000000
5476.000000
5462.000000
5366.000000
5361.000000
5492.000000
5650.000000
5766.000000
5883.000000
5535.000000
4262.000000
2476.000000
1115.000000
588.000000
510.000000
413.000000
220.000000
-165.000000
-918.000000
-1860.000000
-2484.000000
-2627.000000
-2568.000000
-2357.000000
-1766.000000
-841.000000
-79.000000
229.000000
370.000000
594.000000
820.000000
1095.000000
1748.000000
2704.000000
3527.000000
3905.000000
3933.000000
3778.000000
3540.000000
3451.000000
3297.000000
2192.000000
-282.000000
-2653.000000
-2866.000000
-947.000000
452.000000
-816.000000
-4016.000000
-6598.000000
-7294.000000
-6907.000000
-6772.000000
-7253.000000
-7483.000000
-6505.000000
-4766.000000
-3883.000000
-4624.000000
-5661.000000
-5137.000000
-3161.000000
-1644.000000
-1395.000000
-1067.000000
514.000000
2619.000000
3680.000000
3264.000000
2277.000000
1711.000000
1873.000000
2678.000000
3703.000000
4271.000000
3981.000000
3094.000000
1817.000000
348.000000
-761.000000
-991.000000
-608.000000
-673.000000
-1618.000000
-2560.000000
-2702.000000
-2510.000000
-2971.000000
-4201.000000
-5357.000000
-5684.000000
-4977.000000
-3483.000000
-1897.000000
-1041.000000
-1226.000000
-1691.000000
-1496.000000
-588.000000
623.000000
1910.000000
3289.000000
4412.000000
4844.000000
4842.000000
5037.000000
5522.000000
5847.000000
5832.000000
5685.000000
5539.000000
5425.000000
5403.000000
5419.000000
4954.000000
3606.000000
1928.000000
921.000000
731.000000
697.000000
359.000000
-169.000000
-810.000000
-1672.000000
-2453.000000
-2577.000000
-2067.000000
-1549.000000
-1304.000000
-1074.000000
-728.000000
-367.000000
55.000000
722.000000
1452.000000
1832.000000
2007.000000
2491.000000
3287.000000
3821.000000
3918.000000
3773.000000
3513.000000
3289.000000
3337.000000
3430.000000
2387.000000
-355.000000
-3146.000000
-3644.000000
-1932.000000
-684.000000
-1887.000000
-4643.000000
-6735.000000
-7216.000000
-6952.000000
-7023.000000
-7642.000000
-7874.000000
-6764.000000
-4839.000000
-3862.000000
-4506.000000
-5248.000000
-4396.000000
-2418.000000
-1239.000000
-1218.000000
-745.000000
997.000000
2839.000000
3499.000000
3068.000000
2395.000000
2033.000000
2070.000000
2474.000000
3081.000000
3451.000000
3262.000000
2584.000000
1369.000000
-304.000000
-1532.000000
-1624.000000
-1137.000000
-1285.000000
-2277.000000
-3071.000000
-2975.000000
-2720.000000
-3244.000000
-4349.000000
-5173.000000
-5236.000000
-4412.000000
-2913.000000
-1401.000000
-674.000000
-910.000000
-1277.000000
-936.000000
49.000000
1205.000000
2434.000000
3660.000000
4531.000000
4898.000000
5013.000000
5258.000000
5503.000000
5509.000000
5411.000000
5433.000000
5475.000000
5406.000000
5389.000000
5346.000000
4717.000000
3273.000000
1712.000000
926.000000
938.000000
1021.000000
788.000000
289.000000
-480.000000
-1423.000000
-2048.000000
-1989.000000
-1479.000000
-1082.000000
-839.000000
-432.000000
112.000000
486.000000
790.000000
1238.000000
1664.000000
1950.000000
2268.000000
2861.000000
3579.000000
3978.000000
3974.000000
3720.000000
3267.000000
2848.000000
2816.000000
2561.000000
748.000000
-2229.000000
-4036.000000
-3187.000000
-1211.000000
-1084.000000
-3548.000000
-6474.000000
-7808.000000
-7655.000000
-7233.000000
-7308.000000
-7568.000000
-6970.000000
-5344.000000
-4050.000000
-4163.000000
-5026.000000
-4830.000000
-3060.000000
-1331.000000
-952.000000
-834.000000
461.000000
2336.000000
3288.000000
2988.000000
2229.000000
1793.000000
1737.000000
1917.000000
2436.000000
3036.000000
3166.000000
2563.000000
1293.000000
-414.000000
-1779.000000
-1999.000000
-1376.000000
-1148.000000
-1961.000000
-3031.000000
-3275.000000
-2955.000000
-3025.000000
-3817.000000
-4673.000000
-4939.000000
-4396.000000
-3135.000000
-1647.000000
-675.000000
-630.000000
-954.000000
-856.000000
-158.000000
949.000000
2221.000000
3464.000000
4405.000000
4673.000000
4574.000000
4691.000000
5108.000000
5519.000000
5723.000000
5619.000000
5237.000000
4832.000000
4715.000000
4850.000000
4733.000000
3797.000000
2393.000000
1449.000000
1192.000000
1159.000000
945.000000
488.000000
-201.000000
-974.000000
-1529.000000
-1484.000000
-904.000000
-439.000000
-331.000000
-259.000000
-59.000000
257.000000
716.000000
1395.000000
1985.000000
2236.000000
2353.000000
2695.000000
3302.000000
3670.000000
3641.000000
3448.000000
3055.000000
2579.000000
2513.000000
2932.000000
2402.000000
-358.000000
-3652.000000
-4730.000000
-3058.000000
-1227.000000
-1848.000000
-4366.000000
-6629.000000
-7409.000000
-7295.000000
-7106.000000
-7179.000000
-7141.000000
-6004.000000
-4212.000000
-3423.000000
-4144.000000
-4808.000000
-3742.000000
-1593.000000
-508.000000
-785.000000
-506.000000
1105.000000
2569.000000
2891.000000
2464.000000
1898.000000
1467.000000
1176.000000
1331.000000
2052.000000
2627.000000
2376.000000
1382.000000
-79.000000
-1718.000000
-2523.000000
-2013.000000
-1249.000000
-1398.000000
-2475.000000
-3415.000000
-3540.000000
-3320.000000
-3395.000000
-3709.000000
-4004.000000
-4241.000000
-3941.000000
-2742.000000
-1336.000000
-618.000000
-743.000000
-1005.000000
-683.000000
229.000000
1507.000000
2831.000000
3838.000000
4168.000000
3979.000000
3945.000000
4324.000000
4900.000000
5457.000000
5657.000000
5326.000000
4593.000000
4099.000000
4187.000000
4455.000000
4187.000000
3137.000000
2016.000000
1434.000000
1251.000000
1179.000000
951.000000
445.000000
-272.000000
-817.000000
-931.000000
-650.000000
-179.000000
116.000000
269.000000
498.000000
709.000000
1011.000000
1524.000000
2075.000000
2372.000000
2533.000000
2843.000000
3213.000000
3501.000000
3561.000000
3475.000000
3316.000000
2833.000000
2319.000000
2401.000000
2547.000000
1103.000000
-2010.000000
-4313.000000
-4093.000000
-2084.000000
-1119.000000
-2663.000000
-5269.000000
-6932.000000
-7241.000000
-6885.000000
-6586.000000
-6524.000000
-5996.000000
-4382.000000
-3154.000000
-3472.000000
-4448.000000
-4292.000000
-2467.000000
-585.000000
-197.000000
-351.000000
551.000000
1933.000000
2439.000000
2250.000000
1800.000000
1251.000000
929.000000
815.000000
1214.000000
1901.000000
2072.000000
1297.000000
-76.000000
-1778.000000
-2990.000000
-2737.000000
-1718.000000
-1459.000000
-2119.000000
-3064.000000
-3588.000000
-3701.000000
-3712.000000
-3707.000000
-3685.000000
-3823.000000
-3964.000000
-3258.000000
-1995.000000
-1134.000000
-900.000000
-931.000000
-824.000000
-350.000000
612.000000
1981.000000
3172.000000
3764.000000
3720.000000
3613.000000
3773.000000
4086.000000
4732.000000
5452.000000
5506.000000
4677.000000
3793.000000
3665.000000
3986.000000
4079.000000
3584.000000
2714.000000
1913.000000
1249.000000
933.000000
952.000000
852.000000
327.000000
-267.000000
-533.000000
-509.000000
-218.000000
229.000000
511.000000
585.000000
632.000000
907.000000
1545.000000
2206.000000
2479.000000
2486.000000
2656.000000
2912.000000
3129.000000
3493.000000
3655.000000
3525.000000
3032.000000
2347.000000
2207.000000
2597.000000
2163.000000
-340.000000
-3347.000000
-4427.000000
-3100.000000
-1133.000000
-1373.000000
-3794.000000
-6124.000000
-6994.000000
-6773.000000
-6408.000000
-6316.000000
-6137.000000
-4851.000000
-3181.000000
-2930.000000
-3808.000000
-4271.000000
-3188.000000
-1191.000000
-158.000000
-327.000000
19.000000
1354.000000
2255.000000
2299.000000
1960.000000
1409.000000
1022.000000
844.000000
881.000000
1384.000000
1895.000000
1672.000000
588.000000
-1026.000000
-2591.000000
-2966.000000
-2015.000000
-1352.000000
-1663.000000
-2497.000000
-3260.000000
-3580.000000
-3557.000000
-3330.000000
-3129.000000
-3209.000000
-3618.000000
-3605.000000
-2597.000000
-1538.000000
-1087.000000
-942.000000
-801.000000
-485.000000
109.000000
1126.000000
2233.000000
3000.000000
3270.000000
3231.000000
3329.000000
3569.000000
3982.000000
4861.000000
5393.000000
4792.000000
3629.000000
3114.000000
3415.000000
3820.000000
3769.000000
3157.000000
2363.000000
1597.000000
892.000000
690.000000
761.000000
524.000000
117.000000
-76.000000
-164.000000
-226.000000
-3.000000
288.000000
416.000000
507.000000
761.000000
1443.000000
2236.000000
2550.000000
2465.000000
2460.000000
2657.000000
2828.000000
3190.000000
3564.000000
3561.000000
3254.000000
2688.000000
2227.000000
2354.000000
2409.000000
1081.000000
-1956.000000
-4256.000000
-4197.000000
-2113.000000
-662.000000
-1982.000000
-4719.000000
-6577.000000
-7056.000000
-6751.000000
-6315.000000
-5870.000000
-5177.000000
-3615.000000
-2703.000000
-3307.000000
-4203.000000
-3991.000000
-2248.000000
-284.000000
246.000000
2.000000
659.000000
1713.000000
1999.000000
1973.000000
1873.000000
1448.000000
1163.000000
922.000000
1015.000000
1628.000000
1954.000000
1240.000000
-102.000000
-1721.000000
-2790.000000
-2364.000000
-1259.000000
-1123.000000
-1794.000000
-2735.000000
-3513.000000
-3691.000000
-3388.000000
-2982.000000
-2778.000000
-3057.000000
-3525.000000
-3283.000000
-2279.000000
-1517.000000
-1216.000000
-1013.000000
-802.000000
-384.000000
325.000000
1226.000000
2066.000000
2739.000000
3079.000000
3055.000000
3120.000000
3444.000000
4089.000000
4935.000000
5045.000000
4163.000000
3281.000000
3215.000000
3620.000000
3931.000000
3744.000000
2941.000000
2063.000000
1381.000000
870.000000
835.000000
979.000000
796.000000
394.000000
71.000000
-260.000000
-200.000000
276.000000
597.000000
646.000000
690.000000
1010.000000
1684.000000
2240.000000
2368.000000
2238.000000
2301.000000
2544.000000
2952.000000
3354.000000
3511.000000
3201.000000
2617.000000
2101.000000
1957.000000
2273.000000
2459.000000
1140.000000
-1946.000000
-4294.000000
-4073.000000
-2047.000000
-725.000000
-1970.000000
-4698.000000
-6430.000000
-6725.000000
-6389.000000
-5910.000000
-5401.000000
-4961.000000
-3734.000000
-2902.000000
-3497.000000
-4253.000000
-3759.000000
-2151.000000
-384.000000
63.000000
-352.000000
205.000000
1334.000000
1635.000000
1589.000000
1657.000000
1361.000000
1196.000000
1137.000000
1085.000000
1518.000000
1879.000000
1133.000000
-98.000000
-1386.000000
-2174.000000
-1696.000000
-694.000000
-778.000000
-1652.000000
-2544.000000
-3160.000000
-3163.000000
-2799.000000
-2664.000000
-2686.000000
-2908.000000
-3253.000000
-3074.000000
-2288.000000
-1621.000000
-1326.000000
-1170.000000
-911.000000
-411.000000
310.000000
998.000000
1677.000000
2309.000000
2698.000000
2783.000000
2910.000000
3401.000000
4051.000000
4475.000000
4361.000000
3666.000000
3065.000000
3220.000000
3783.000000
4078.000000
3752.000000
2848.000000
1893.000000
1333.000000
1001.000000
920.000000
1151.000000
1127.000000
654.000000
166.000000
-207.000000
-207.000000
171.000000
508.000000
642.000000
786.000000
1039.000000
1464.000000
1917.000000
1925.000000
1843.000000
2026.000000
2435.000000
2946.000000
3273.000000
3251.000000
2803.000000
2273.000000
1787.000000
1810.000000
2309.000000
2571.000000
1846.000000
-663.000000
-3604.000000
-4373.000000
-2865.000000
-911.000000
-1032.000000
-3244.000000
-5632.000000
-6469.000000
-6145.000000
-5732.000000
-5235.000000
-4949.000000
-4357.000000
-3256.000000
-3062.000000
-3664.000000
-3750.000000
-2779.000000
-1295.000000
-405.000000
-452.000000
-364.000000
753.000000
1489.000000
1387.000000
1319.000000
1233.000000
1013.000000
1029.000000
1081.000000
1338.000000
1759.000000
1507.000000
386.000000
-756.000000
-1590.000000
-1584.000000
-744.000000
-298.000000
-957.000000
-1839.000000
-2446.000000
-2738.000000
-2566.000000
-2345.000000
-2354.000000
-2578.000000
-2866.000000
-2974.000000
-2491.000000
-1756.000000
-1489.000000
-1536.000000
-1290.000000
-826.000000
-145.000000
560.000000
1125.000000
1529.000000
2111.000000
2388.000000
2390.000000
2781.000000
3482.000000
4042.000000
4247.000000
3779.000000
3091.000000
3071.000000
3640.000000
3923.000000
3883.000000
3362.000000
2344.000000
1717.000000
1324.000000
1099.000000
1159.000000
1221.000000
862.000000
326.000000
-60.000000
-297.000000
-42.000000
393.000000
353.000000
392.000000
662.000000
1087.000000
1524.000000
1650.000000
1671.000000
1773.000000
2086.000000
2416.000000
2815.000000
3030.000000
2865.000000
2491.000000
2190.000000
2062.000000
2166.000000
2403.000000
2385.000000
1126.000000
-1542.000000
-3475.000000
-3210.000000
-1541.000000
-533.000000
-1664.000000
-4024.000000
-5653.000000
-5967.000000
-5505.000000
-5030.000000
-4713.000000
-4723.000000
-3877.000000
-3014.000000
-3315.000000
-3958.000000
-3806.000000
-2644.000000
-1283.000000
-713.000000
-678.000000
-160.000000
634.000000
631.000000
542.000000
828.000000
909.000000
1021.000000
1117.000000
1135.000000
1282.000000
1446.000000
915.000000
2.000000
-831.000000
-1313.000000
-917.000000
-222.000000
-477.000000
-1219.000000
-1802.000000
-2200.000000
-2456.000000
-2401.000000
-2407.000000
-2423.000000
-2413.000000
-2753.000000
-2858.000000
-2465.000000
-2054.000000
-1769.000000
-1583.000000
-1215.000000
-696.000000
58.000000
555.000000
932.000000
1589.000000
2038.000000
2318.000000
2665.000000
3214.000000
3780.000000
3971.000000
3817.000000
3459.000000
3368.000000
3561.000000
3851.000000
4028.000000
3681.000000
2983.000000
2248.000000
1750.000000
1341.000000
1180.000000
1288.000000
1237.000000
730.000000
82.000000
-248.000000
-304.000000
-199.000000
-28.000000
157.000000
509.000000
718.000000
875.000000
1081.000000
1276.000000
1324.000000
1621.000000
2110.000000
2335.000000
2524.000000
2606.000000
2436.000000
2238.000000
2126.000000
2164.000000
2274.000000
2361.000000
2179.000000
1504.000000
-230.000000
-2675.000000
-3376.000000
-2098.000000
-569.000000
-781.000000
-2764.000000
-4914.000000
-5758.000000
-5475.000000
-5084.000000
-4769.000000
-4360.000000
-3982.000000
-3034.000000
-2829.000000
-3670.000000
-4289.000000
-3604.000000
-2053.000000
-913.000000
-544.000000
-540.000000
-69.000000
319.000000
158.000000
322.000000
756.000000
941.000000
1116.000000
1187.000000
1301.000000
1218.000000
944.000000
241.000000
-308.000000
-592.000000
-554.000000
-138.000000
15.000000
-507.000000
-1201.000000
-1792.000000
-2232.000000
-2354.000000
-2113.000000
-1842.000000
-1953.000000
-2394.000000
-2709.000000
-2579.000000
-2282.000000
-2171.000000
-2027.000000
-1369.000000
-510.000000
133.000000
330.000000
428.000000
695.000000
1256.000000
2028.000000
2522.000000
2894.000000
3254.000000
3482.000000
3572.000000
3377.000000
3203.000000
3409.000000
3901.000000
4048.000000
3721.000000
3211.000000
2586.000000
2115.000000
1872.000000
1736.000000
1722.000000
1563.000000
1148.000000
519.000000
56.000000
-224.000000
-115.000000
230.000000
431.000000
544.000000
560.000000
728.000000
918.000000
1065.000000
1265.000000
1395.000000
1550.000000
1848.000000
2230.000000
2421.000000
2263.000000
1970.000000
1756.000000
1886.000000
2186.000000
2368.000000
2250.000000
1010.000000
-1337.000000
-2803.000000
-2318.000000
-922.000000
-218.000000
-1374.000000
-3552.000000
-5039.000000
-5334.000000
-5076.000000
-4480.000000
-3946.000000
-3861.000000
-3370.000000
-2998.000000
-3638.000000
-4265.000000
-3925.000000
-2794.000000
-1443.000000
-851.000000
-1046.000000
-812.000000
-275.000000
-295.000000
-239.000000
193.000000
357.000000
562.000000
900.000000
899.000000
863.000000
765.000000
137.000000
-411.000000
-608.000000
-621.000000
-187.000000
273.000000
-123.000000
-965.000000
-1505.000000
-1793.000000
-1735.000000
-1346.000000
-1271.000000
-1680.000000
-2073.000000
-2440.000000
-2309.000000
-1781.000000
-1547.000000
-1609.000000
-1543.000000
-1060.000000
-447.000000
262.000000
635.000000
613.000000
980.000000
1575.000000
2065.000000
2484.000000
2833.000000
3084.000000
3172.000000
3210.000000
3039.000000
3181.000000
3583.000000
3782.000000
3781.000000
3463.000000
2775.000000
2194.000000
1973.000000
1830.000000
1792.000000
1845.000000
1565.000000
894.000000
230.000000
-151.000000
-35.000000
345.000000
525.000000
619.000000
702.000000
616.000000
541.000000
782.000000
1184.000000
1350.000000
1424.000000
1587.000000
1736.000000
1866.000000
1856.000000
1775.000000
1710.000000
1648.000000
1739.000000
1936.000000
2024.000000
1768.000000
1350.000000
697.000000
-772.000000
-2348.000000
-2395.000000
-1334.000000
-453.000000
-1216.000000
-3121.000000
-4700.000000
-4943.000000
-4453.000000
-3997.000000
-3630.000000
-3557.000000
-3529.000000
-3053.000000
-3234.000000
-3916.000000
-3997.000000
-3066.000000
-1827.000000
-1111.000000
-1139.000000
-1228.000000
-874.000000
-707.000000
-727.000000
-174.000000
541.000000
673.000000
621.000000
361.000000
196.000000
223.000000
255.000000
86.000000
-16.000000
-138.000000
-177.000000
-103.000000
-192.000000
-700.000000
-946.000000
-1099.000000
-1356.000000
-1573.000000
-1521.000000
-1403.000000
-1562.000000
-1997.000000
-2450.000000
-2375.000000
-1946.000000
-1532.000000
-1050.000000
-412.000000
-80.000000
-94.000000
-166.000000
175.000000
978.000000
1989.000000
2540.000000
2588.000000
2510.000000
2578.000000
2854.000000
3310.000000
3481.000000
3506.000000
3622.000000
3769.000000
3670.000000
3345.000000
3015.000000
2698.000000
2500.000000
2221.000000
1947.000000
1868.000000
1522.000000
879.000000
406.000000
319.000000
435.000000
443.000000
450.000000
494.000000
669.000000
754.000000
647.000000
744.000000
905.000000
992.000000
1155.000000
1396.000000
1497.000000
1543.000000
1704.000000
1728.000000
1557.000000
1461.000000
1512.000000
1761.000000
1823.000000
1653.000000
1450.000000
996.000000
-478.000000
-2210.000000
-2447.000000
-1508.000000
-612.000000
-1097.000000
-2744.000000
-4250.000000
-4718.000000
-4470.000000
-4071.000000
-3644.000000
-3479.000000
-3375.000000
-2932.000000
-3264.000000
-4031.000000
-4111.000000
-3114.000000
-1897.000000
-1266.000000
-1331.000000
-1408.000000
-1005.000000
-846.000000
-892.000000
-373.000000
262.000000
437.000000
402.000000
201.000000
42.000000
132.000000
197.000000
34.000000
-99.000000
-374.000000
-461.000000
-186.000000
-25.000000
-421.000000
-930.000000
-1371.000000
-1610.000000
-1512.000000
-1223.000000
-1217.000000
-1502.000000
-2053.000000
-2444.000000
-2216.000000
-1618.000000
-1095.000000
-803.000000
-537.000000
-322.000000
-164.000000
90.000000
545.000000
1231.000000
1923.000000
2218.000000
2273.000000
2464.000000
2833.000000
3038.000000
3202.000000
3247.000000
3259.000000
3446.000000
3790.000000
3856.000000
3583.000000
3078.000000
2476.000000
2226.000000
2113.000000
1887.000000
1801.000000
1707.000000
1169.000000
433.000000
61.000000
11.000000
194.000000
488.000000
509.000000
564.000000
601.000000
478.000000
482.000000
736.000000
805.000000
849.000000
1116.000000
1432.000000
1563.000000
1647.000000
1627.000000
1485.000000
1441.000000
1398.000000
1480.000000
1688.000000
1705.000000
1599.000000
1564.000000
1009.000000
-419.000000
-2082.000000
-2358.000000
-1556.000000
-647.000000
-930.000000
-2364.000000
-3787.000000
-4390.000000
-4340.000000
-3919.000000
-3495.000000
-3257.000000
-3249.000000
-2936.000000
-3087.000000
-3730.000000
-3912.000000
-3356.000000
-2318.000000
-1454.000000
-1210.000000
-1348.000000
-1300.000000
-1271.000000
-1191.000000
-515.000000
310.000000
403.000000
288.000000
71.000000
-3.000000
176.000000
363.000000
167.000000
68.000000
-92.000000
-202.000000
-69.000000
91.000000
-220.000000
-656.000000
-1019.000000
-1472.000000
-1482.000000
-1109.000000
-913.000000
-1037.000000
-1552.000000
-2179.000000
-2233.000000
-1812.000000
-1165.000000
-580.000000
-114.000000
-167.000000
-313.000000
-229.000000
203.000000
966.000000
1771.000000
2237.000000
2368.000000
2323.000000
2337.000000
2587.000000
2973.000000
3272.000000
3388.000000
3455.000000
3509.000000
3560.000000
3452.000000
3086.000000
2452.000000
1918.000000
1806.000000
1987.000000
2034.000000
1677.000000
973.000000
284.000000
-26.000000
-50.000000
55.000000
179.000000
258.000000
339.000000
413.000000
272.000000
66.000000
69.000000
416.000000
757.000000
1090.000000
1246.000000
1375.000000
1403.000000
1203.000000
1244.000000
1426.000000
1536.000000
1564.000000
1524.000000
1493.000000
1313.000000
1292.000000
1105.000000
592.000000
-578.000000
-2054.000000
-2117.000000
-1326.000000
-781.000000
-1282.000000
-2507.000000
-3677.000000
-4158.000000
-4017.000000
-3729.000000
-3308.000000
-2985.000000
-3074.000000
-2861.000000
-3011.000000
-3619.000000
-3605.000000
-2727.000000
-1782.000000
-1278.000000
-1364.000000
-1592.000000
-1391.000000
-986.000000
-693.000000
-101.000000
393.000000
103.000000
-175.000000
-165.000000
-10.000000
318.000000
561.000000
387.000000
98.000000
-215.000000
-314.000000
-99.000000
109.000000
-262.000000
-692.000000
-916.000000
-942.000000
-748.000000
-550.000000
-796.000000
-1417.000000
-1952.000000
-1991.000000
-1489.000000
-827.000000
-352.000000
-277.000000
-373.000000
-552.000000
-473.000000
18.000000
955.000000
1780.000000
2205.000000
2257.000000
2075.000000
2044.000000
2389.000000
2797.000000
3209.000000
3604.000000
3754.000000
3571.000000
3344.000000
3066.000000
2649.000000
2432.000000
2235.000000
2054.000000
2032.000000
1864.000000
1418.000000
903.000000
256.000000
-278.000000
-260.000000
33.000000
112.000000
137.000000
39.000000
-223.000000
-338.000000
-228.000000
-20.000000
348.000000
607.000000
704.000000
925.000000
1082.000000
1022.000000
1106.000000
1249.000000
1315.000000
1338.000000
1419.000000
1416.000000
1391.000000
1204.000000
904.000000
791.000000
850.000000
791.000000
415.000000
-655.000000
-1944.000000
-2186.000000
-1611.000000
-963.000000
-1323.000000
-2404.000000
-3508.000000
-3876.000000
-3767.000000
-3526.000000
-3145.000000
-2830.000000
-2913.000000
-2873.000000
-3126.000000
-3373.000000
-3253.000000
-2635.000000
-1949.000000
-1537.000000
-1478.000000
-1548.000000
-1199.000000
-780.000000
-605.000000
-344.000000
-14.000000
-73.000000
-46.000000
162.000000
432.000000
486.000000
345.000000
-76.000000
-131.000000
44.000000
201.000000
308.000000
377.000000
-49.000000
-624.000000
-921.000000
-922.000000
-742.000000
-476.000000
-542.000000
-948.000000
-1338.000000
-1533.000000
-1238.000000
-703.000000
-300.000000
-305.000000
-158.000000
90.000000
317.000000
606.000000
1056.000000
1379.000000
1743.000000
2043.000000
2227.000000
2405.000000
2662.000000
2867.000000
3034.000000
3178.000000
3046.000000
2834.000000
2845.000000
2827.000000
2705.000000
2609.000000
2262.000000
1815.000000
1445.000000
1156.000000
938.000000
850.000000
650.000000
315.000000
70.000000
-117.000000
-243.000000
-177.000000
-95.000000
-30.000000
146.000000
262.000000
309.000000
427.000000
626.000000
771.000000
884.000000
939.000000
1112.000000
1265.000000
1312.000000
1210.000000
1031.000000
891.000000
890.000000
974.000000
1013.000000
939.000000
876.000000
631.000000
163.000000
-890.000000
-1971.000000
-1918.000000
-1209.000000
-765.000000
-1309.000000
-2463.000000
-3445.000000
-3654.000000
-3461.000000
-3266.000000
-2983.000000
-2783.000000
-2920.000000
-2794.000000
-2910.000000
-3222.000000
-3177.000000
-2572.000000
-2002.000000
-1584.000000
-1531.000000
-1551.000000
-1279.000000
-988.000000
-956.000000
-609.000000
-127.000000
-126.000000
-149.000000
-10.000000
102.000000
170.000000
182.000000
50.000000
166.000000
263.000000
193.000000
136.000000
243.000000
-53.000000
-354.000000
-495.000000
-443.000000
-334.000000
-175.000000
-271.000000
-614.000000
-959.000000
-1100.000000
-889.000000
-400.000000
-79.000000
6.000000
128.000000
189.000000
224.000000
358.000000
926.000000
1537.000000
2016.000000
2159.000000
2128.000000
2135.000000
2316.000000
2512.000000
2763.000000
2966.000000
3085.000000
2995.000000
2865.000000
2651.000000
2296.000000
2085.000000
1902.000000
1736.000000
1540.000000
1319.000000
1018.000000
643.000000
266.000000
-72.000000
-170.000000
-80.000000
-117.000000
-203.000000
-206.000000
-105.000000
-27.000000
148.000000
154.000000
147.000000
238.000000
405.000000
638.000000
972.000000
1073.000000
942.000000
784.000000
640.000000
606.000000
908.000000
1197.000000
1237.000000
1039.000000
696.000000
378.000000
477.000000
650.000000
458.000000
-120.000000
-1131.000000
-1689.000000
-1577.000000
-1114.000000
-1352.000000
-2053.000000
-2865.000000
-3356.000000
-3379.000000
-3154.000000
-3096.000000
-2842.000000
-2879.000000
-2855.000000
-2938.000000
-3031.000000
-3147.000000
-2765.000000
-2163.000000
-1863.000000
-1910.000000
-1907.000000
-1612.000000
-1034.000000
-532.000000
-366.000000
-151.000000
-168.000000
-119.000000
37.000000
437.000000
646.000000
723.000000
592.000000
471.000000
254.000000
297.000000
332.000000
538.000000
452.000000
146.000000
-101.000000
-146.000000
-117.000000
-154.000000
-259.000000
-492.000000
-737.000000
-846.000000
-708.000000
-474.000000
-199.000000
-173.000000
-89.000000
24.000000
284.000000
578.000000
1010.000000
1350.000000
1561.000000
1619.000000
1695.000000
1924.000000
2329.000000
2692.000000
2850.000000
2809.000000
2569.000000
2392.000000
2368.000000
2459.000000
2458.000000
2335.000000
2005.000000
1592.000000
1233.000000
936.000000
781.000000
724.000000
529.000000
235.000000
14.000000
-148.000000
-188.000000
-250.000000
-279.000000
-300.000000
-100.000000
96.000000
227.000000
307.000000
224.000000
197.000000
363.000000
607.000000
811.000000
1041.000000
1005.000000
746.000000
518.000000
466.000000
483.000000
823.000000
1001.000000
1024.000000
913.000000
726.000000
361.000000
85.000000
-471.000000
-1198.000000
-1339.000000
-1037.000000
-849.000000
-1144.000000
-1969.000000
-2922.000000
-3263.000000
-3177.000000
-2931.000000
-2660.000000
-2378.000000
-2564.000000
-2528.000000
-2759.000000
-3128.000000
-3291.000000
-2855.000000
-2281.000000
-1653.000000
-1449.000000
-1567.000000
-1548.000000
-1264.000000
-1087.000000
-684.000000
-126.000000
148.000000
335.000000
366.000000
383.000000
428.000000
588.000000
476.000000
526.000000
556.000000
648.000000
700.000000
852.000000
662.000000
335.000000
-71.000000
-227.000000
-47.000000
276.000000
276.000000
-20.000000
-492.000000
-893.000000
-899.000000
-521.000000
-12.000000
179.000000
160.000000
14.000000
45.000000
147.000000
516.000000
1043.000000
1554.000000
1725.000000
1601.000000
1511.000000
1783.000000
2134.000000
2310.000000
2276.000000
2153.000000
2006.000000
2040.000000
2169.000000
2140.000000
1970.000000
1558.000000
1180.000000
1024.000000
1000.000000
950.000000
857.000000
600.000000
131.000000
-237.000000
-320.000000
-254.000000
-14.000000
83.000000
-7.000000
-70.000000
-118.000000
-72.000000
134.000000
386.000000
473.000000
518.000000
605.000000
593.000000
611.000000
540.000000
440.000000
485.000000
654.000000
815.000000
892.000000
848.000000
625.000000
444.000000
485.000000
593.000000
649.000000
398.000000
-306.000000
-1112.000000
-1433.000000
-1268.000000
-1007.000000
-1100.000000
-1661.000000
-2320.000000
-2648.000000
-2760.000000
-2768.000000
-2610.000000
-2460.000000
-2428.000000
-2419.000000
-2557.000000
-2754.000000
-2737.000000
-2448.000000
-2203.000000
-1964.000000
-1774.000000
-1522.000000
-1019.000000
-590.000000
-474.000000
-401.000000
-239.000000
-124.000000
98.000000
461.000000
735.000000
922.000000
937.000000
622.000000
406.000000
405.000000
522.000000
735.000000
957.000000
837.000000
510.000000
216.000000
-25.000000
-81.000000
54.000000
29.000000
-189.000000
-395.000000
-551.000000
-514.000000
-312.000000
-260.000000
-368.000000
-331.000000
-180.000000
101.000000
432.000000
691.000000
846.000000
978.000000
1052.000000
1086.000000
1294.000000
1597.000000
1878.000000
2060.000000
2001.000000
1763.000000
1621.000000
1627.000000
1817.000000
1901.000000
1797.000000
1505.000000
1177.000000
972.000000
878.000000
855.000000
737.000000
523.000000
276.000000
88.000000
25.000000
82.000000
98.000000
148.000000
98.000000
30.000000
70.000000
237.000000
356.000000
446.000000
470.000000
472.000000
521.000000
578.000000
633.000000
661.000000
637.000000
515.000000
495.000000
531.000000
608.000000
651.000000
617.000000
483.000000
419.000000
335.000000
164.000000
-245.000000
-787.000000
-1128.000000
-1099.000000
-960.000000
-1111.000000
-1521.000000
-2048.000000
-2332.000000
-2450.000000
-2479.000000
-2547.000000
-2459.000000
-2364.000000
-2233.000000
-2206.000000
-2283.000000
-2410.000000
-2278.000000
-2108.000000
-1813.000000
-1558.000000
-1327.000000
-1073.000000
-770.000000
-514.000000
-386.000000
-189.000000
-81.000000
-4.000000
103.000000
282.000000
507.000000
753.000000
732.000000
628.000000
511.000000
456.000000
401.000000
536.000000
690.000000
719.000000
560.000000
319.000000
113.000000
66.000000
10.000000
-108.000000
-176.000000
-273.000000
-298.000000
-264.000000
-169.000000
-191.000000
-244.000000
-202.000000
-29.000000
193.000000
431.000000
613.000000
810.000000
901.000000
923.000000
953.000000
1078.000000
1305.000000
1487.000000
1631.000000
1627.000000
1559.000000
1475.000000
1413.000000
1372.000000
1358.000000
1327.000000
1261.000000
1181.000000
1101.000000
986.000000
844.000000
670.000000
532.000000
437.000000
384.000000
389.000000
385.000000
332.000000
199.000000
91.000000
68.000000
155.000000
301.000000
417.000000
467.000000
398.000000
291.000000
234.000000
277.000000
340.000000
381.000000
314.000000
227.000000
164.000000
165.000000
198.000000
210.000000
212.000000
186.000000
177.000000
127.000000
-57.000000
-299.000000
-601.000000
-839.000000
-874.000000
-882.000000
-943.000000
-1190.000000
-1448.000000
-1642.000000
-1776.000000
-1877.000000
-1946.000000
-1895.000000
-1816.000000
-1775.000000
-1704.000000
-1752.000000
-1853.000000
-1909.000000
-1910.000000
-1737.000000
-1516.000000
-1301.000000
-1074.000000
-823.000000
-680.000000
-621.000000
-495.000000
-417.000000
-339.000000
-155.000000
64.000000
293.000000
476.000000
480.000000
447.000000
459.000000
420.000000
392.000000
529.000000
630.000000
636.000000
564.000000
462.000000
310.000000
228.000000
101.000000
-52.000000
-126.000000
-187.000000
-182.000000
-108.000000
-98.000000
-215.000000
-237.000000
-104.000000
35.000000
139.000000
231.000000
274.000000
399.000000
507.000000
601.000000
771.000000
1005.000000
1155.000000
1226.000000
1216.000000
1089.000000
1057.000000
1198.000000
1364.000000
1460.000000
1515.000000
1451.000000
1322.000000
1182.000000
1027.000000
992.000000
1063.000000
1066.000000
976.000000
853.000000
723.000000
584.000000
473.000000
306.000000
145.000000
113.000000
127.000000
199.000000
266.000000
270.000000
153.000000
1.000000
-158.000000
-190.000000
-37.000000
164.000000
205.000000
100.000000
-138.000000
-340.000000
-346.000000
-227.000000
-85.000000
-12.000000
48.000000
9.000000
12.000000
44.000000
34.000000
-5.000000
-72.000000
-250.000000
-333.000000
-371.000000
-441.000000
-565.000000
-713.000000
-899.000000
-1082.000000
-1117.000000
-1142.000000
-1130.000000
-1133.000000
-1260.000000
-1432.000000
-1515.000000
-1634.000000
-1643.000000
-1574.000000
-1502.000000
-1499.000000
-1481.000000
-1488.000000
-1440.000000
-1199.000000
-947.000000
-776.000000
-601.000000
-512.000000
-420.000000
-266.000000
-190.000000
-132.000000
-30.000000
93.000000
166.000000
321.000000
410.000000
383.000000
372.000000
347.000000
299.000000
331.000000
380.000000
370.000000
323.000000
178.000000
-11.000000
-134.000000
-144.000000
-130.000000
-71.000000
12.000000
8.000000
-22.000000
-17.000000
10.000000
89.000000
177.000000
236.000000
314.000000
467.000000
609.000000
653.000000
693.000000
717.000000
820.000000
971.000000
1068.000000
1137.000000
1205.000000
1265.000000
1257.000000
1201.000000
1171.000000
1128.000000
1212.000000
1258.000000
1189.000000
1083.000000
963.000000
913.000000
915.000000
879.000000
741.000000
570.000000
445.000000
408.000000
404.000000
406.000000
312.000000
203.000000
85.000000
27.000000
39.000000
105.000000
121.000000
33.000000
-120.000000
-209.000000
-220.000000
-192.000000
-112.000000
-93.000000
-83.000000
-102.000000
-85.000000
-16.000000
133.000000
254.000000
312.000000
301.000000
195.000000
-8.000000
-96.000000
-154.000000
-206.000000
-255.000000
-397.000000
-533.000000
-648.000000
-756.000000
-887.000000
-954.000000
-1041.000000
-1162.000000
-1273.000000
-1366.000000
-1506.000000
-1555.000000
-1611.000000
-1677.000000
-1709.000000
-1713.000000
-1661.000000
-1530.000000
-1384.000000
-1261.000000
-1123.000000
-1000.000000
-916.000000
-793.000000
-681.000000
-599.000000
-517.000000
-432.000000
-358.000000
-235.000000
-93.000000
16.000000
120.000000
175.000000
215.000000
305.000000
352.000000
374.000000
357.000000
318.000000
257.000000
179.000000
152.000000
168.000000
224.000000
189.000000
92.000000
56.000000
85.000000
145.000000
229.000000
247.000000
247.000000
260.000000
316.000000
392.000000
469.000000
513.000000
560.000000
662.000000
754.000000
813.000000
929.000000
1079.000000
1147.000000
1173.000000
1127.000000
1119.000000
1198.000000
1304.000000
1333.000000
1316.000000
1253.000000
1151.000000
1096.000000
1085.000000
1036.000000
976.000000
903.000000
792.000000
687.000000
549.000000
400.000000
299.000000
243.000000
159.000000
109.000000
91.000000
79.000000
20.000000
-61.000000
-128.000000
-178.000000
-179.000000
-161.000000
-118.000000
-28.000000
48.000000
91.000000
95.000000
110.000000
134.000000
187.000000
305.000000
343.000000
316.000000
237.000000
78.000000
-110.000000
-275.000000
-407.000000
-498.000000
-525.000000
-590.000000
-746.000000
-882.000000
-1014.000000
-1116.000000
-1131.000000
-1180.000000
-1293.000000
-1426.000000
-1557.000000
-1679.000000
-1685.000000
-1635.000000
-1587.000000
-1562.000000
-1544.000000
-1527.000000
-1385.000000
-1213.000000
-1059.000000
-906.000000
-826.000000
-800.000000
-758.000000
-649.000000
-559.000000
-447.000000
-347.000000
-254.000000
-144.000000
-18.000000
112.000000
308.000000
438.000000
465.000000
455.000000
461.000000
457.000000
471.000000
488.000000
477.000000
445.000000
357.000000
245.000000
223.000000
250.000000
298.000000
322.000000
251.000000
166.000000
133.000000
195.000000
275.000000
319.000000
321.000000
277.000000
296.000000
366.000000
458.000000
602.000000
746.000000
900.000000
985.000000
1024.000000
1030.000000
1059.000000
1141.000000
1193.000000
1227.000000
1255.000000
1227.000000
1191.000000
1118.000000
1014.000000
906.000000
817.000000
772.000000
752.000000
718.000000
626.000000
458.000000
302.000000
180.000000
104.000000
88.000000
98.000000
96.000000
75.000000
26.000000
-40.000000
-92.000000
-75.000000
-38.000000
13.000000
90.000000
108.000000
119.000000
155.000000
206.000000
239.000000
199.000000
146.000000
149.000000
190.000000
230.000000
146.000000
-5.000000
-208.000000
-417.000000
-538.000000
-577.000000
-576.000000
-618.000000
-702.000000
-851.000000
-985.000000
-1074.000000
-1133.000000
-1178.000000
-1228.000000
-1334.000000
-1456.000000
-1498.000000
-1518.000000
-1525.000000
-1502.000000
-1519.000000
-1505.000000
-1446.000000
-1312.000000
-1163.000000
-1003.000000
-893.000000
-873.000000
-842.000000
-767.000000
-630.000000
-457.000000
-302.000000
-202.000000
-134.000000
-58.000000
68.000000
224.000000
425.000000
545.000000
607.000000
629.000000
613.000000
599.000000
607.000000
577.000000
519.000000
433.000000
351.000000
304.000000
318.000000
315.000000
254.000000
179.000000
108.000000
113.000000
191.000000
256.000000
262.000000
261.000000
254.000000
259.000000
303.000000
395.000000
510.000000
679.000000
776.000000
809.000000
825.000000
866.000000
914.000000
1010.000000
1057.000000
1040.000000
1001.000000
967.000000
933.000000
915.000000
877.000000
803.000000
756.000000
700.000000
632.000000
565.000000
504.000000
401.000000
334.000000
279.000000
232.000000
185.000000
104.000000
26.000000
2.000000
-2.000000
-7.000000
2.000000
31.000000
53.000000
45.000000
21.000000
-34.000000
-36.000000
16.000000
121.000000
173.000000
192.000000
164.000000
128.000000
111.000000
93.000000
65.000000
12.000000
-108.000000
-248.000000
-341.000000
-366.000000
-419.000000
-522.000000
-636.000000
-773.000000
-851.000000
-902.000000
-938.000000
-986.000000
-1065.000000
-1178.000000
-1280.000000
-1344.000000
-1379.000000
-1385.000000
-1355.000000
-1374.000000
-1407.000000
-1353.000000
-1225.000000
-1060.000000
-916.000000
-801.000000
-702.000000
-605.000000
-520.000000
-411.000000
-276.000000
-124.000000
-47.000000
48.000000
150.000000
244.000000
363.000000
480.000000
550.000000
576.000000
575.000000
551.000000
541.000000
551.000000
521.000000
444.000000
369.000000
261.000000
176.000000
154.000000
169.000000
190.000000
206.000000
172.000000
135.000000
121.000000
117.000000
146.000000
223.000000
288.000000
310.000000
323.000000
370.000000
440.000000
510.000000
538.000000
564.000000
617.000000
678.000000
761.000000
827.000000
837.000000
778.000000
717.000000
694.000000
710.000000
753.000000
752.000000
719.000000
655.000000
564.000000
487.000000
458.000000
438.000000
414.000000
368.000000
309.000000
233.000000
172.000000
137.000000
121.000000
122.000000
98.000000
70.000000
40.000000
18.000000
0.000000
-17.000000
-30.000000
-56.000000
-83.000000
-52.000000
-18.000000
10.000000
6.000000
-43.000000
-93.000000
-104.000000
-81.000000
-57.000000
-83.000000
-181.000000
-291.000000
-380.000000
-442.000000
-509.000000
-561.000000
-606.000000
-669.000000
-711.000000
-761.000000
-808.000000
-825.000000
-847.000000
-917.000000
-980.000000
-1018.000000
-1020.000000
-1000.000000
-1006.000000
-1045.000000
-1046.000000
-986.000000
-901.000000
-809.000000
-732.000000
-682.000000
-624.000000
-531.000000
-471.000000
-385.000000
-287.000000
-208.000000
-162.000000
-108.000000
-76.000000
-14.000000
104.000000
204.000000
286.000000
359.000000
399.000000
415.000000
445.000000
449.000000
444.000000
456.000000
425.000000
357.000000
330.000000
312.000000
302.000000
295.000000
269.000000
251.000000
263.000000
271.000000
277.000000
263.000000
228.000000
198.000000
204.000000
202.000000
224.000000
276.000000
322.000000
375.000000
406.000000
449.000000
492.000000
551.000000
607.000000
637.000000
669.000000
680.000000
702.000000
732.000000
712.000000
699.000000
654.000000
622.000000
618.000000
605.000000
591.000000
568.000000
514.000000
439.000000
380.000000
320.000000
243.000000
212.000000
186.000000
149.000000
107.000000
57.000000
5.000000
-23.000000
-16.000000
-27.000000
-34.000000
-70.000000
-96.000000
-76.000000
-56.000000
-62.000000
-90.000000
-126.000000
-148.000000
-152.000000
-134.000000
-140.000000
-165.000000
-212.000000
-268.000000
-313.000000
-340.000000
-387.000000
-436.000000
-491.000000
-552.000000
-597.000000
-603.000000
-577.000000
-565.000000
-568.000000
-615.000000
-658.000000
-654.000000
-671.000000
-682.000000
-676.000000
-695.000000
-703.000000
-709.000000
-685.000000
-684.000000
-682.000000
-651.000000
-622.000000
-571.000000
-516.000000
-467.000000
-372.000000
-313.000000
-278.000000
-264.000000
-253.000000
-210.000000
-148.000000
-45.000000
40.000000
101.000000
139.000000
173.000000
206.000000
217.000000
238.000000
272.000000
288.000000
283.000000
273.000000
243.000000
218.000000
205.000000
188.000000
180.000000
172.000000
163.000000
160.000000
166.000000
152.000000
117.000000
103.000000
119.000000
159.000000
194.000000
212.000000
229.000000
267.000000
309.000000
376.000000
449.000000
488.000000
510.000000
531.000000
557.000000
594.000000
628.000000
641.000000
646.000000
624.000000
579.000000
544.000000
540.000000
549.000000
554.000000
535.000000
483.000000
415.000000
340.000000
279.000000
240.000000
222.000000
191.000000
144.000000
103.000000
77.000000
58.000000
42.000000
24.000000
3.000000
-22.000000
-29.000000
-29.000000
-50.000000
-91.000000
-147.000000
-204.000000
-236.000000
-238.000000
-235.000000
-228.000000
-218.000000
-226.000000
-234.000000
-241.000000
-238.000000
-223.000000
-199.000000
-199.000000
-218.000000
-249.000000
-275.000000
-301.000000
-305.000000
-286.000000
-264.000000
-231.000000
-230.000000
-248.000000
-284.000000
-318.000000
-361.000000
-384.000000
-412.000000
-477.000000
-517.000000
-531.000000
-553.000000
-570.000000
-585.000000
-598.000000
-587.000000
-530.000000
-482.000000
-431.000000
-375.000000
-357.000000
-347.000000
-308.000000
-279.000000
-234.000000
-164.000000
-110.000000
-66.000000
-6.000000
41.000000
93.000000
159.000000
186.000000
186.000000
173.000000
177.000000
178.000000
193.000000
189.000000
158.000000
119.000000
94.000000
94.000000
104.000000
96.000000
78.000000
84.000000
115.000000
122.000000
134.000000
152.000000
149.000000
153.000000
180.000000
227.000000
278.000000
347.000000
381.000000
413.000000
440.000000
447.000000
453.000000
472.000000
506.000000
529.000000
543.000000
535.000000
504.000000
497.000000
492.000000
493.000000
480.000000
446.000000
400.000000
382.000000
373.000000
355.000000
298.000000
229.000000
155.000000
88.000000
68.000000
44.000000
31.000000
-2.000000
-41.000000
-86.000000
-112.000000
-123.000000
-123.000000
-123.000000
-139.000000
-176.000000
-209.000000
-212.000000
-178.000000
-119.000000
-88.000000
-56.000000
-27.000000
-7.000000
9.000000
31.000000
62.000000
96.000000
120.000000
108.000000
57.000000
12.000000
-27.000000
-56.000000
-85.000000
-132.000000
-171.000000
-188.000000
-211.000000
-241.000000
-281.000000
-339.000000
-418.000000
-489.000000
-547.000000
-586.000000
-591.000000
-604.000000
-626.000000
-645.000000
-650.000000
-639.000000
-590.000000
-538.000000
-490.000000
-424.000000
-359.000000
-318.000000
-300.000000
-289.000000
-286.000000
-250.000000
-205.000000
-158.000000
-99.000000
-53.000000
-30.000000
-21.000000
-7.000000
19.000000
46.000000
77.000000
85.000000
94.000000
88.000000
66.000000
48.000000
25.000000
25.000000
29.000000
41.000000
47.000000
54.000000
65.000000
78.000000
83.000000
81.000000
77.000000
95.000000
107.000000
125.000000
126.000000
146.000000
195.000000
223.000000
254.000000
278.000000
307.000000
347.000000
383.000000
389.000000
406.000000
420.000000
438.000000
446.000000
442.000000
426.000000
413.000000
406.000000
388.000000
343.000000
288.000000
228.000000
198.000000
183.000000
155.000000
126.000000
88.000000
48.000000
4.000000
-18.000000
-14.000000
-6.000000
9.000000
13.000000
4.000000
-6.000000
-11.000000
11.000000
48.000000
75.000000
93.000000
122.000000
155.000000
181.000000
211.000000
227.000000
238.000000
254.000000
263.000000
266.000000
279.000000
267.000000
235.000000
172.000000
106.000000
45.000000
6.000000
-18.000000
-44.000000
-79.000000
-127.000000
-168.000000
-204.000000
-250.000000
-295.000000
-338.000000
-378.000000
-409.000000
-437.000000
-463.000000
-465.000000
-464.000000
-468.000000
-480.000000
-482.000000
-466.000000
-426.000000
-383.000000
-362.000000
-334.000000
-323.000000
-313.000000
-281.000000
-253.000000
-225.000000
-194.000000
-179.000000
-147.000000
-99.000000
-55.000000
-29.000000
-14.000000
-26.000000
-10.000000
20.000000
27.000000
10.000000
0.000000
-9.000000
-13.000000
-14.000000
-30.000000
-46.000000
-56.000000
-66.000000
-64.000000
-60.000000
-74.000000
-71.000000
-65.000000
-62.000000
-56.000000
-27.000000
0.000000
37.000000
71.000000
93.000000
115.000000
147.000000
163.000000
183.000000
207.000000
228.000000
234.000000
226.000000
221.000000
207.000000
222.000000
225.000000
225.000000
230.000000
223.000000
210.000000
202.000000
190.000000
178.000000
165.000000
136.000000
118.000000
116.000000
132.000000
148.000000
164.000000
173.000000
167.000000
171.000000
205.000000
235.000000
253.000000
255.000000
240.000000
215.000000
195.000000
186.000000
190.000000
197.000000
198.000000
198.000000
189.000000
181.000000
171.000000
177.000000
175.000000
158.000000
148.000000
134.000000
118.000000
98.000000
69.000000
28.000000
-15.000000
-38.000000
-38.000000
-28.000000
-29.000000
-50.000000
-77.000000
-121.000000
-171.000000
-210.000000
-246.000000
-270.000000
-306.000000
-357.000000
-398.000000
-425.000000
-428.000000
-434.000000
-427.000000
-417.000000
-409.000000
-385.000000
-345.000000
-309.000000
-280.000000
-266.000000
-260.000000
-237.000000
-205.000000
-166.000000
-137.000000
-122.000000
-139.000000
-139.000000
-111.000000
-70.000000
-39.000000
-24.000000
-35.000000
-51.000000
-63.000000
-71.000000
-62.000000
-54.000000
-65.000000
-95.000000
-122.000000
-147.000000
-147.000000
-114.000000
-80.000000
-61.000000
-53.000000
-61.000000
-49.000000
-16.000000
4.000000
16.000000
20.000000
24.000000
47.000000
64.000000
74.000000
70.000000
67.000000
71.000000
59.000000
64.000000
91.000000
117.000000
139.000000
142.000000
130.000000
133.000000
152.000000
183.000000
214.000000
225.000000
221.000000
216.000000
231.000000
251.000000
275.000000
301.000000
314.000000
315.000000
299.000000
290.000000
294.000000
291.000000
289.000000
264.000000
244.000000
224.000000
202.000000
175.000000
142.000000
124.000000
102.000000
98.000000
113.000000
127.000000
129.000000
116.000000
102.000000
100.000000
111.000000
130.000000
153.000000
161.000000
147.000000
126.000000
111.000000
91.000000
70.000000
51.000000
31.000000
21.000000
11.000000
-13.000000
-48.000000
-71.000000
-125.000000
-176.000000
-208.000000
-230.000000
-243.000000
-251.000000
-269.000000
-299.000000
-312.000000
-326.000000
-330.000000
-305.000000
-282.000000
-283.000000
-262.000000
-256.000000
-251.000000
-221.000000
-190.000000
-179.000000
-176.000000
-178.000000
-180.000000
-163.000000
-141.000000
-134.000000
-134.000000
-120.000000
-118.000000
-107.000000
-86.000000
-82.000000
-78.000000
-74.000000
-90.000000
-78.000000
-64.000000
-48.000000
-48.000000
-66.000000
-82.000000
-89.000000
-83.000000
-80.000000
-74.000000
-83.000000
-87.000000
-89.000000
-84.000000
-64.000000
-57.000000
-60.000000
-59.000000
-68.000000
-66.000000
-60.000000
-50.000000
-26.000000
0.000000
4.000000
16.000000
36.000000
56.000000
94.000000
135.000000
169.000000
189.000000
209.000000
222.000000
237.000000
248.000000
261.000000
262.000000
271.000000
273.000000
272.000000
278.000000
270.000000
245.000000
208.000000
183.000000
163.000000
170.000000
175.000000
173.000000
150.000000
133.000000
120.000000
114.000000
128.000000
132.000000
149.000000
165.000000
166.000000
177.000000
183.000000
194.000000
184.000000
177.000000
170.000000
168.000000
179.000000
171.000000
152.000000
113.000000
67.000000
13.000000
-6.000000
-15.000000
-27.000000
-42.000000
-74.000000
-112.000000
-148.000000
-164.000000
-174.000000
-173.000000
-171.000000
-166.000000
-168.000000
-183.000000
-204.000000
-211.000000
-210.000000
-212.000000
-212.000000
-218.000000
-220.000000
-211.000000
-195.000000
-194.000000
-196.000000
-207.000000
-211.000000
-201.000000
-181.000000
-174.000000
-173.000000
-178.000000
-176.000000
-174.000000
-174.000000
-154.000000
-135.000000
-119.000000
-93.000000
-81.000000
-91.000000
-84.000000
-82.000000
-74.000000
-78.000000
-87.000000
-110.000000
-122.000000
-126.000000
-143.000000
-147.000000
-141.000000
-137.000000
-137.000000
-124.000000
-118.000000
-121.000000
-115.000000
-108.000000
-99.000000
-82.000000
-68.000000
-54.000000
-35.000000
-8.000000
26.000000
64.000000
96.000000
135.000000
161.000000
177.000000
194.000000
214.000000
235.000000
255.000000
262.000000
257.000000
244.000000
230.000000
235.000000
235.000000
241.000000
247.000000
244.000000
232.000000
226.000000
226.000000
226.000000
215.000000
199.000000
193.000000
197.000000
210.000000
213.000000
208.000000
197.000000
184.000000
180.000000
191.000000
195.000000
192.000000
180.000000
142.000000
104.000000
85.000000
72.000000
63.000000
55.000000
35.000000
11.000000
3.000000
-15.000000
-28.000000
-32.000000
-42.000000
-52.000000
-53.000000
-46.000000
-54.000000
-62.000000
-69.000000
-84.000000
-93.000000
-94.000000
-99.000000
-103.000000
-104.000000
-123.000000
-150.000000
-175.000000
-207.000000
-227.000000
-236.000000
-245.000000
-257.000000
-259.000000
-258.000000
-257.000000
-248.000000
-245.000000
-246.000000
-243.000000
-222.000000
-201.000000
-187.000000
-175.000000
-190.000000
-186.000000
-169.000000
-143.000000
-110.000000
-80.000000
-78.000000
-86.000000
-79.000000
-91.000000
-93.000000
-83.000000
-85.000000
-81.000000
-73.000000
-77.000000
-77.000000
-79.000000
-83.000000
-73.000000
-64.000000
-44.000000
-25.000000
-1.000000
24.000000
23.000000
26.000000
31.000000
47.000000
69.000000
91.000000
124.000000
137.000000
144.000000
149.000000
152.000000
166.000000
180.000000
215.000000
230.000000
225.000000
223.000000
215.000000
220.000000
230.000000
235.000000
235.000000
242.000000
260.000000
276.000000
279.000000
279.000000
268.000000
256.000000
242.000000
244.000000
249.000000
250.000000
244.000000
218.000000
182.000000
144.000000
130.000000
117.000000
106.000000
88.000000
77.000000
67.000000
49.000000
29.000000
16.000000
7.000000
5.000000
6.000000
10.000000
8.000000
3.000000
-5.000000
-19.000000
-27.000000
-44.000000
-53.000000
-53.000000
-59.000000
-75.000000
-100.000000
-124.000000
-144.000000
-156.000000
-156.000000
-168.000000
-173.000000
-190.000000
-218.000000
-244.000000
-269.000000
-275.000000
-280.000000
-285.000000
-287.000000
-284.000000
-281.000000
-276.000000
-271.000000
-270.000000
-266.000000
-249.000000
-241.000000
-232.000000
-222.000000
-213.000000
-211.000000
-210.000000
-195.000000
-181.000000
-151.000000
-124.000000
-97.000000
-73.000000
-67.000000
-66.000000
-61.000000
-54.000000
-38.000000
-28.000000
-17.000000
-11.000000
-7.000000
-8.000000
-3.000000
2.000000
12.000000
35.000000
57.000000
78.000000
84.000000
101.000000
111.000000
116.000000
121.000000
130.000000
129.000000
135.000000
150.000000
167.000000
189.000000
200.000000
204.000000
204.000000
218.000000
228.000000
236.000000
257.000000
273.000000
278.000000
283.000000
272.000000
258.000000
248.000000
258.000000
267.000000
282.000000
279.000000
261.000000
241.000000
210.000000
193.000000
166.000000
153.000000
136.000000
113.000000
93.000000
72.000000
60.000000
31.000000
10.000000
15.000000
15.000000
28.000000
35.000000
30.000000
22.000000
10.000000
-7.000000
-22.000000
-23.000000
-20.000000
-18.000000
-30.000000
-50.000000
-72.000000
-97.000000
-112.000000
-122.000000
-126.000000
-124.000000
-122.000000
-131.000000
-152.000000
-172.000000
-201.000000
-209.000000
-213.000000
-211.000000
-206.000000
-210.000000
-218.000000
-230.000000
-252.000000
-270.000000
-263.000000
-257.000000
-246.000000
-244.000000
-239.000000
-247.000000
-255.000000
-246.000000
-240.000000
-216.000000
-190.000000
-162.000000
-139.000000
-119.000000
-110.000000
-106.000000
-87.000000
-73.000000
-49.000000
-19.000000
0.000000
23.000000
30.000000
41.000000
41.000000
56.000000
79.000000
96.000000
123.000000
130.000000
138.000000
140.000000
130.000000
144.000000
156.000000
161.000000
174.000000
177.000000
190.000000
207.000000
208.000000
203.000000
198.000000
197.000000
206.000000
218.000000
226.000000
224.000000
216.000000
204.000000
199.000000
196.000000
185.000000
185.000000
182.000000
175.000000
159.000000
144.000000
129.000000
117.000000
100.000000
75.000000
70.000000
46.000000
31.000000
24.000000
13.000000
6.000000
-4.000000
-17.000000
-16.000000
-14.000000
-19.000000
-14.000000
-22.000000
-26.000000
-35.000000
-46.000000
-55.000000
-62.000000
-77.000000
-99.000000
-113.000000
-129.000000
-154.000000
-157.000000
-159.000000
-167.000000
-170.000000
-175.000000
-183.000000
-186.000000
-189.000000
-203.000000
-206.000000
-220.000000
-218.000000
-209.000000
-206.000000
-194.000000
-190.000000
-193.000000
-198.000000
-200.000000
-193.000000
-183.000000
-171.000000
-161.000000
-171.000000
-171.000000
-170.000000
-172.000000
-159.000000
-150.000000
-134.000000
-120.000000
-101.000000
-73.000000
-60.000000
-46.000000
-29.000000
-17.000000
-6.000000
11.000000
31.000000
62.000000
76.000000
82.000000
90.000000
99.000000
109.000000
124.000000
145.000000
151.000000
167.000000
171.000000
162.000000
160.000000
171.000000
172.000000
173.000000
177.000000
177.000000
186.000000
197.000000
206.000000
208.000000
206.000000
209.000000
215.000000
229.000000
238.000000
248.000000
251.000000
234.000000
239.000000
237.000000
236.000000
229.000000
214.000000
195.000000
171.000000
149.000000
123.000000
103.000000
73.000000
49.000000
20.000000
-2.000000
-17.000000
-31.000000
-41.000000
-46.000000
-56.000000
-68.000000
-64.000000
-75.000000
-81.000000
-75.000000
-76.000000
-95.000000
-100.000000
-113.000000
-121.000000
-117.000000
-122.000000
-130.000000
-139.000000
-154.000000
-164.000000
-164.000000
-168.000000
-170.000000
-172.000000
-186.000000
-184.000000
-182.000000
-193.000000
-178.000000
-178.000000
-179.000000
-178.000000
-171.000000
-170.000000
-161.000000
-154.000000
-164.000000
-172.000000
-176.000000
-178.000000
-181.000000
-177.000000
-169.000000
-161.000000
-164.000000
-154.000000
-141.000000
-122.000000
-105.000000
-76.000000
-68.000000
-65.000000
-58.000000
-57.000000
-46.000000
-26.000000
-9.000000
10.000000
27.000000
35.000000
55.000000
73.000000
94.000000
113.000000
130.000000
138.000000
152.000000
169.000000
171.000000
174.000000
164.000000
159.000000
160.000000
168.000000
171.000000
170.000000
173.000000
158.000000
157.000000
164.000000
162.000000
163.000000
164.000000
167.000000
176.000000
177.000000
173.000000
183.000000
190.000000
206.000000
217.000000
212.000000
207.000000
196.000000
181.000000
172.000000
160.000000
143.000000
129.000000
100.000000
77.000000
60.000000
46.000000
21.000000
5.000000
-14.000000
-27.000000
-35.000000
-57.000000
-73.000000
-84.000000
-89.000000
-96.000000
-90.000000
-92.000000
-100.000000
-112.000000
-128.000000
-144.000000
-149.000000
-165.000000
-175.000000
-184.000000
-197.000000
-199.000000
-196.000000
-199.000000
-202.000000
-209.000000
-211.000000
-198.000000
-189.000000
-179.000000
-171.000000
-173.000000
-171.000000
-160.000000
-153.000000
-141.000000
-125.000000
-113.000000
-117.000000
-109.000000
-108.000000
-107.000000
-95.000000
-92.000000
-93.000000
-90.000000
-82.000000
-68.000000
-57.000000
-62.000000
-65.000000
-50.000000
-35.000000
-13.000000
12.000000
18.000000
24.000000
39.000000
56.000000
69.000000
74.000000
80.000000
90.000000
103.000000
117.000000
138.000000
141.000000
139.000000
148.000000
165.000000
175.000000
185.000000
179.000000
166.000000
167.000000
157.000000
171.000000
179.000000
174.000000
169.000000
167.000000
176.000000
181.000000
180.000000
162.000000
149.000000
152.000000
153.000000
164.000000
161.000000
155.000000
149.000000
155.000000
163.000000
157.000000
143.000000
122.000000
106.000000
95.000000
96.000000
82.000000
58.000000
25.000000
-2.000000
-12.000000
-8.000000
-11.000000
-28.000000
-64.000000
-78.000000
-81.000000
-78.000000
-78.000000
-99.000000
-113.000000
-120.000000
-104.000000
-91.000000
-90.000000
-129.000000
-161.000000
-177.000000
-172.000000
-147.000000
-153.000000
-180.000000
-202.000000
-197.000000
-177.000000
-155.000000
-167.000000
-189.000000
-202.000000
-184.000000
-152.000000
-137.000000
-159.000000
-207.000000
-229.000000
-191.000000
-119.000000
-78.000000
-85.000000
-133.000000
-149.000000
-124.000000
-71.000000
-45.000000
-58.000000
-98.000000
-99.000000
-46.000000
16.000000
29.000000
-9.000000
-51.000000
-54.000000
8.000000
70.000000
93.000000
58.000000
34.000000
39.000000
77.000000
134.000000
118.000000
79.000000
58.000000
65.000000
110.000000
149.000000
136.000000
92.000000
69.000000
84.000000
143.000000
178.000000
160.000000
110.000000
68.000000
78.000000
119.000000
144.000000
130.000000
96.000000
77.000000
111.000000
153.000000
169.000000
149.000000
101.000000
85.000000
110.000000
158.000000
173.000000
153.000000
111.000000
86.000000
101.000000
129.000000
138.000000
109.000000
67.000000
44.000000
48.000000
64.000000
64.000000
24.000000
-14.000000
-26.000000
-5.000000
13.000000
5.000000
-31.000000
-72.000000
-80.000000
-61.000000
-37.000000
-41.000000
-61.000000
-78.000000
-78.000000
-67.000000
-55.000000
-65.000000
-93.000000
-110.000000
-104.000000
-82.000000
-71.000000
-86.000000
-109.000000
-126.000000
-118.000000
-97.000000
-89.000000
-102.000000
-122.000000
-125.000000
-113.000000
-100.000000
-100.000000
-114.000000
-123.000000
-116.000000
-82.000000
-59.000000
-65.000000
-81.000000
-96.000000
-104.000000
-84.000000
-72.000000
-82.000000
-101.000000
-112.000000
-89.000000
-69.000000
-43.000000
-43.000000
-59.000000
-65.000000
-51.000000
-15.000000
3.000000
-2.000000
-15.000000
-26.000000
-10.000000
17.000000
39.000000
39.000000
30.000000
31.000000
43.000000
59.000000
67.000000
50.000000
32.000000
41.000000
56.000000
76.000000
79.000000
60.000000
36.000000
31.000000
45.000000
56.000000
57.000000
53.000000
49.000000
62.000000
80.000000
88.000000
75.000000
59.000000
51.000000
62.000000
86.000000
98.000000
83.000000
62.000000
64.000000
79.000000
108.000000
125.000000
110.000000
97.000000
88.000000
91.000000
108.000000
102.000000
84.000000
72.000000
63.000000
72.000000
75.000000
71.000000
52.000000
23.000000
17.000000
16.000000
23.000000
21.000000
19.000000
14.000000
8.000000
9.000000
2.000000
-6.000000
-19.000000
-30.000000
-31.000000
-31.000000
-28.000000
-37.000000
-43.000000
-53.000000
-43.000000
-42.000000
-60.000000
-65.000000
-71.000000
-69.000000
-61.000000
-66.000000
-80.000000
-92.000000
-97.000000
-87.000000
-75.000000
-74.000000
-80.000000
-85.000000
-97.000000
-91.000000
-94.000000
-103.000000
-114.000000
-134.000000
-130.000000
-127.000000
-125.000000
-126.000000
-129.000000
-127.000000
-118.000000
-102.000000
-87.000000
-78.000000
-71.000000
-64.000000
-58.000000
-38.000000
-25.000000
-22.000000
-17.000000
-9.000000
3.000000
15.000000
14.000000
5.000000
-10.000000
-20.000000
-15.000000
1.000000
13.000000
17.000000
22.000000
20.000000
23.000000
33.000000
37.000000
41.000000
34.000000
39.000000
49.000000
64.000000
75.000000
72.000000
60.000000
50.000000
64.000000
80.000000
92.000000
87.000000
78.000000
73.000000
86.000000
101.000000
114.000000
118.000000
108.000000
117.000000
121.000000
129.000000
131.000000
119.000000
101.000000
100.000000
115.000000
128.000000
132.000000
122.000000
94.000000
81.000000
73.000000
79.000000
83.000000
72.000000
61.000000
50.000000
47.000000
50.000000
47.000000
30.000000
19.000000
12.000000
15.000000
24.000000
15.000000
-10.000000
-30.000000
-45.000000
-52.000000
-47.000000
-51.000000
-66.000000
-78.000000
-97.000000
-99.000000
-90.000000
-89.000000
-82.000000
-87.000000
-80.000000
-70.000000
-55.000000
-60.000000
-88.000000
-108.000000
-125.000000
-122.000000
-116.000000
-120.000000
-134.000000
-151.000000
-159.000000
-149.000000
-142.000000
-135.000000
-139.000000
-138.000000
-126.000000
-100.000000
-85.000000
-92.000000
-99.000000
-109.000000
-90.000000
-68.000000
-49.000000
-39.000000
-42.000000
-42.000000
-32.000000
-20.000000
-12.000000
-19.000000
-21.000000
-27.000000
-14.000000
4.000000
4.000000
5.000000
-3.000000
11.000000
26.000000
56.000000
72.000000
77.000000
83.000000
73.000000
87.000000
94.000000
99.000000
100.000000
91.000000
86.000000
78.000000
78.000000
82.000000
85.000000
80.000000
75.000000
90.000000
100.000000
112.000000
116.000000
104.000000
100.000000
92.000000
90.000000
93.000000
98.000000
92.000000
98.000000
97.000000
96.000000
107.000000
102.000000
91.000000
87.000000
84.000000
88.000000
84.000000
71.000000
59.000000
40.000000
46.000000
51.000000
45.000000
31.000000
19.000000
13.000000
13.000000
14.000000
4.000000
-10.000000
-26.000000
-35.000000
-34.000000
-35.000000
-50.000000
-68.000000
-82.000000
-87.000000
-76.000000
-63.000000
-59.000000
-65.000000
-63.000000
-60.000000
-53.000000
-59.000000
-68.000000
-79.000000
-88.000000
-76.000000
-80.000000
-79.000000
-91.000000
-118.000000
-117.000000
-115.000000
-107.000000
-106.000000
-113.000000
-115.000000
-113.000000
-95.000000
-85.000000
-84.000000
-92.000000
-94.000000
-85.000000
-73.000000
-58.000000
-57.000000
-64.000000
-67.000000
-62.000000
-44.000000
-31.000000
-21.000000
-29.000000
-33.000000
-27.000000
-17.000000
-10.000000
-17.000000
-16.000000
-8.000000
10.000000
34.000000
48.000000
49.000000
46.000000
54.000000
67.000000
79.000000
94.000000
87.000000
84.000000
85.000000
86.000000
103.000000
95.000000
89.000000
77.000000
79.000000
93.000000
99.000000
106.000000
97.000000
87.000000
87.000000
89.000000
95.000000
94.000000
77.000000
78.000000
73.000000
78.000000
84.000000
73.000000
73.000000
69.000000
69.000000
81.000000
76.000000
68.000000
55.000000
46.000000
42.000000
34.000000
36.000000
31.000000
32.000000
29.000000
26.000000
22.000000
20.000000
16.000000
12.000000
-2.000000
-9.000000
-11.000000
-22.000000
-21.000000
-30.000000
-39.000000
-50.000000
-56.000000
-54.000000
-51.000000
-42.000000
-48.000000
-57.000000
-68.000000
-71.000000
-65.000000
-64.000000
-68.000000
-80.000000
-84.000000
-85.000000
-81.000000
-84.000000
-88.000000
-93.000000
-101.000000
-90.000000
-77.000000
-73.000000
-76.000000
-81.000000
-82.000000
-80.000000
-68.000000
-65.000000
-70.000000
-78.000000
-80.000000
-72.000000
-69.000000
-66.000000
-65.000000
-63.000000
-49.000000
-36.000000
-33.000000
-28.000000
-41.000000
-47.000000
-43.000000
-34.000000
-24.000000
-18.000000
-12.000000
-11.000000
4.000000
15.000000
31.000000
29.000000
26.000000
30.000000
39.000000
57.000000
63.000000
74.000000
64.000000
64.000000
70.000000
68.000000
83.000000
85.000000
81.000000
73.000000
67.000000
70.000000
68.000000
71.000000
70.000000
57.000000
60.000000
71.000000
69.000000
66.000000
