1
1
2
1
1
1
1
0
0
-1
-1
-1
0
0
0
0
1
2
3
2
2
1
0
-1
-1
-2
-2
-2
-2
-2
0
-1
1
1
0
1
1
2
1
1
0
1
1
0
1
0
0
-1
-1
-2
-3
-3
-3
-3
-3
-2
-1
1
0
2
2
2
2
1
1
1
0
0
-1
0
-1
0
-1
-1
-2
-1
-1
-2
-2
-2
0
-1
0
1
2
2
3
3
2
2
2
2
0
0
0
0
-1
0
0
-1
-1
-1
0
0
0
0
-1
-1
0
-1
0
0
1
0
0
2
1
1
0
1
0
-1
0
-1
-1
-1
-1
0
-1
-1
0
-1
-1
-1
-1
-1
0
0
0
0
0
1
1
1
2
2
1
1
1
-1
-1
-1
-1
-1
-1
-1
1
0
-1
0
0
-1
0
0
0
0
0
1
1
1
1
2
0
0
0
0
-1
-1
0
-1
-1
0
1
1
1
1
0
1
1
0
0
0
0
-1
0
0
-1
-1
-1
-2
-2
-3
-2
-1
-1
-2
-1
-1
0
-1
1
0
0
0
-1
-1
-1
0
0
1
1
1
1
1
1
0
1
0
-1
-1
0
0
0
0
1
1
1
2
2
2
2
1
0
0
1
1
1
1
1
2
2
1
1
-1
-1
-1
-2
-2
-2
-1
-1
0
0
0
0
0
-1
0
-2
-3
-2
-2
-2
-2
-1
0
0
0
0
0
-1
-1
-2
-1
-1
-1
0
0
0
1
1
0
1
0
-1
-1
-2
-2
-1
-1
-1
0
0
1
1
1
2
2
1
1
2
1
2
2
2
3
3
2
1
2
2
1
-1
0
0
0
1
0
1
2
2
2
2
1
0
0
-1
-2
-3
-2
-2
-2
-2
-2
-2
0
0
-1
0
-1
-1
-2
-1
-1
-1
-2
-1
0
-1
1
0
0
-1
-1
-2
-2
-3
-3
-2
-1
0
0
1
1
1
0
0
0
-1
-2
-2
-1
-2
0
0
1
2
3
3
1
2
1
0
0
1
1
1
2
3
2
3
2
1
2
0
1
0
0
0
0
1
2
1
1
1
1
0
-1
-3
-2
-2
-3
-4
-2
-2
-2
-2
-1
-1
-1
0
-1
0
0
0
0
0
-1
-1
-1
-2
-2
-1
-1
-1
-1
0
-1
0
0
1
1
1
1
0
1
1
2
0
0
0
0
0
-1
-2
-1
-1
0
0
1
0
2
2
2
2
3
2
2
2
2
3
2
3
2
1
0
0
-1
-1
-2
-2
-2
-2
-1
-1
-1
0
-1
-1
-2
-2
-3
-3
-2
-3
-2
-1
-1
0
1
1
2
2
2
1
2
1
2
1
2
2
2
2
2
1
0
0
0
0
0
1
2
3
3
3
4
4
3
2
1
0
0
-1
-3
-4
-4
-3
-4
-3
-3
-3
-3
-3
-4
-4
-4
-4
-3
-3
-3
-2
-2
-1
-1
-1
-1
-2
-3
-2
-2
-1
-2
-1
-1
2
2
2
3
4
4
5
4
4
3
3
3
3
3
2
2
2
3
2
3
3
2
3
3
2
1
1
-1
0
-2
-2
-1
-2
-1
-1
-1
0
-1
-1
-2
-1
-2
1
2
6
9
12
14
14
13
11
9
6
4
4
3
4
5
6
7
7
5
2
1
-2
-4
-6
-7
-8
-8
-5
-5
-6
-6
-8
-10
-13
-16
-18
-20
-21
-22
-22
-24
-26
-29
-33
-37
-40
-44
-46
-47
-46
-44
-41
-38
-36
-33
-30
-28
-27
-26
-23
-19
-15
-9
-6
1
6
10
13
15
17
20
22
25
29
35
42
50
59
69
76
85
91
97
102
107
112
116
119
121
122
121
116
110
104
97
88
80
72
63
56
51
45
38
30
21
14
4
-5
-14
-24
-31
-38
-45
-50
-55
-60
-64
-72
-79
-84
-90
-94
-97
-98
-99
-97
-95
-90
-70
-62
-72
-66
-67
-69
-68
-70
-70
-75
-77
-84
-91
-102
-112
-125
-139
-152
-166
-179
-192
-203
-214
-221
-226
-229
-231
-231
-230
-225
-219
-210
-200
-190
-179
-168
-157
-146
-132
-120
-104
-86
-65
-41
-12
20
56
95
138
182
232
281
334
388
445
503
557
610
656
695
727
752
767
773
772
764
751
735
713
692
666
635
598
555
507
452
391
322
248
171
94
18
-59
-135
-213
-292
-369
-444
-516
-583
-645
-700
-743
-776
-801
-817
-829
-834
-835
-833
-826
-815
-801
-782
-757
-722
-676
-622
-560
-493
-419
-342
-266
-192
-121
-53
13
76
133
187
235
277
313
338
352
356
348
335
317
288
243
196
142
83
24
-41
-106
-173
-236
-296
-353
-407
-458
-503
-540
-567
-583
-587
-582
-564
-536
-493
-439
-375
-302
-219
-125
-21
89
205
326
453
584
717
848
976
1095
1208
1312
1406
1489
1559
1617
1666
1703
1727
1738
1730
1703
1652
1579
1482
1360
1217
1055
881
696
503
308
114
-78
-264
-445
-617
-779
-934
-1079
-1210
-1331
-1441
-1538
-1624
-1692
-1746
-1789
-1820
-1837
-1843
-1836
-1815
-1782
-1734
-1673
-1597
-1502
-1390
-1261
-1117
-955
-777
-584
-377
-164
53
269
478
680
867
1040
1191
1321
1431
1519
1588
1631
1650
1638
1597
1533
1446
1341
1224
1095
959
818
676
532
387
239
88
-69
-228
-389
-549
-704
-849
-975
-1089
-1191
-1279
-1356
-1424
-1485
-1540
-1587
-1629
-1664
-1691
-1702
-1698
-1671
-1621
-1553
-1464
-1359
-1235
-1094
-935
-758
-560
-342
-105
152
422
698
975
1244
1500
1736
1948
2129
2282
2404
2499
2569
2612
2639
2644
2635
2608
2568
2516
2453
2374
2278
2162
2025
1866
1687
1493
1283
1058
823
579
328
75
-175
-421
-663
-896
-1121
-1334
-1533
-1718
-1885
-2034
-2162
-2267
-2352
-2413
-2454
-2473
-2475
-2459
-2425
-2376
-2307
-2221
-2118
-1995
-1859
-1708
-1544
-1367
-1181
-989
-794
-601
-412
-231
-58
105
259
404
543
676
804
929
1050
1164
1269
1361
1437
1500
1548
1583
1603
1608
1597
1572
1531
1474
1396
1300
1179
1041
888
728
565
406
258
123
2
-105
-204
-294
-386
-484
-588
-697
-807
-912
-1005
-1081
-1137
-1174
-1192
-1195
-1194
-1194
-1202
-1220
-1245
-1274
-1299
-1312
-1308
-1283
-1229
-1146
-1037
-903
-748
-576
-397
-211
-24
167
357
545
729
903
1066
1213
1344
1457
1553
1634
1698
1752
1798
1838
1872
1901
1922
1932
1928
1908
1872
1819
1747
1659
1554
1438
1309
1169
1019
862
701
535
366
194
21
-152
-327
-500
-673
-847
-1019
-1189
-1351
-1502
-1643
-1769
-1873
-1954
-2009
-2035
-2033
-2005
-1956
-1889
-1804
-1708
-1600
-1489
-1372
-1257
-1144
-1032
-923
-819
-716
-617
-515
-412
-304
-191
-69
60
195
335
473
608
733
846
946
1029
1094
1143
1178
1199
1210
1211
1204
1186
1157
1116
1057
983
892
786
668
542
409
275
144
22
-91
-195
-291
-380
-463
-543
-617
-685
-745
-798
-847
-892
-928
-962
-992
-1023
-1053
-1080
-1101
-1111
-1106
-1078
-1024
-943
-831
-693
-535
-362
-181
1
180
350
510
662
804
938
1064
1182
1290
1383
1461
1525
1577
1614
1643
1666
1685
1699
1706
1704
1688
1653
1594
1507
1394
1257
1100
931
761
595
440
298
167
43
-83
-210
-344
-484
-630
-783
-938
-1088
-1230
-1360
-1479
-1588
-1690
-1782
-1867
-1937
-1989
-2016
-2013
-1974
-1899
-1791
-1654
-1499
-1333
-1164
-1005
-857
-723
-601
-484
-369
-249
-122
11
150
287
416
531
630
710
775
831
885
942
1002
1067
1136
1202
1260
1303
1325
1328
1308
1270
1216
1155
1086
1012
932
846
750
634
502
349
184
11
-164
-333
-490
-630
-752
-855
-948
-1033
-1116
-1200
-1283
-1365
-1443
-1510
-1560
-1591
-1599
-1579
-1535
-1467
-1377
-1267
-1136
-987
-819
-636
-433
-220
0
216
423
612
780
926
1051
1160
1257
1346
1432
1519
1609
1702
1796
1883
1956
2013
2047
2058
2047
2010
1951
1870
1769
1646
1499
1331
1148
951
749
544
343
151
-29
-197
-351
-497
-639
-780
-922
-1068
-1217
-1368
-1512
-1645
-1765
-1862
-1938
-1993
-2027
-2044
-2049
-2037
-2012
-1976
-1924
-1852
-1758
-1642
-1508
-1358
-1199
-1036
-873
-716
-563
-416
-271
-125
24
177
335
497
659
813
960
1093
1210
1311
1397
1469
1529
1581
1624
1659
1681
1689
1678
1644
1589
1511
1413
1300
1177
1045
906
762
615
465
311
155
-2
-157
-307
-445
-573
-688
-799
-905
-1010
-1118
-1230
-1346
-1465
-1581
-1691
-1786
-1857
-1893
-1895
-1857
-1779
-1665
-1519
-1349
-1160
-955
-742
-524
-306
-90
118
314
500
669
819
951
1066
1165
1257
1341
1420
1495
1569
1641
1705
1761
1803
1828
1830
1811
1770
1709
1630
1536
1430
1316
1197
1072
940
799
650
490
324
151
-26
-206
-385
-561
-732
-895
-1049
-1194
-1328
-1454
-1568
-1668
-1752
-1819
-1871
-1906
-1921
-1917
-1894
-1853
-1797
-1726
-1640
-1539
-1428
-1304
-1169
-1027
-873
-712
-547
-377
-203
-30
145
315
480
640
792
938
1078
1208
1330
1439
1535
1620
1692
1751
1797
1827
1840
1834
1806
1755
1679
1582
1461
1319
1157
981
793
594
389
188
-10
-198
-376
-543
-699
-843
-978
-1104
-1222
-1329
-1429
-1524
-1617
-1703
-1785
-1859
-1927
-1981
-2014
-2024
-2002
-1949
-1859
-1735
-1579
-1394
-1187
-961
-723
-479
-236
-1
225
442
648
844
1027
1199
1356
1500
1629
1742
1839
1918
1975
2017
2043
2055
2055
2038
2007
1960
1896
1818
1723
1616
1495
1360
1217
1063
899
724
543
352
154
-46
-247
-444
-640
-828
-1010
-1178
-1330
-1465
-1584
-1686
-1770
-1837
-1890
-1929
-1953
-1960
-1952
-1925
-1882
-1821
-1743
-1648
-1538
-1415
-1278
-1131
-975
-813
-645
-474
-301
-129
38
201
357
504
642
768
885
988
1081
1163
1233
1293
1343
1383
1415
1440
1459
1468
1465
1451
1426
1390
1340
1277
1197
1102
993
868
728
576
411
241
72
-94
-254
-404
-542
-665
-772
-864
-940
-1003
-1058
-1108
-1152
-1195
-1238
-1279
-1317
-1349
-1371
-1378
-1366
-1333
-1278
-1200
-1104
-992
-866
-726
-578
-428
-276
-131
9
144
269
385
492
592
684
770
848
923
991
1053
1111
1161
1204
1236
1257
1266
1265
1252
1230
1201
1162
1118
1068
1016
955
889
813
730
635
531
418
298
175
47
-79
-200
-313
-415
-505
-584
-652
-710
-762
-809
-855
-899
-944
-991
-1040
-1088
-1134
-1175
-1208
-1228
-1237
-1230
-1207
-1170
-1121
-1058
-987
-909
-827
-740
-649
-558
-465
-370
-276
-182
-88
8
105
199
292
384
476
565
652
735
817
893
968
1040
1108
1172
1227
1272
1306
1325
1331
1319
1289
1240
1175
1090
991
878
757
633
509
389
277
172
75
-16
-102
-187
-272
-363
-463
-569
-686
-803
-926
-1045
-1159
-1259
-1341
-1401
-1436
-1447
-1435
-1402
-1348
-1279
-1196
-1106
-1009
-908
-806
-703
-597
-488
-379
-264
-146
-23
103
233
363
492
616
735
843
943
1031
1108
1174
1230
1276
1312
1339
1355
1361
1352
1330
1290
1232
1159
1070
966
850
722
589
452
318
187
61
-57
-169
-273
-373
-464
-553
-636
-718
-799
-876
-951
-1020
-1083
-1139
-1181
-1211
-1226
-1226
-1210
-1182
-1140
-1087
-1022
-946
-863
-774
-678
-578
-472
-365
-257
-149
-39
66
169
269
362
448
527
600
669
732
792
848
903
954
1001
1045
1084
1114
1134
1142
1133
1109
1067
1005
928
831
720
597
468
334
200
70
-56
-174
-285
-387
-481
-567
-650
-730
-805
-881
-954
-1024
-1086
-1140
-1184
-1213
-1228
-1228
-1216
-1190
-1150
-1093
-1020
-935
-836
-725
-605
-476
-341
-202
-66
70
202
332
457
573
681
779
868
943
1010
1065
1110
1144
1168
1185
1193
1195
1189
1173
1147
1110
1066
1014
951
879
796
702
597
486
368
249
128
9
-108
-226
-336
-443
-542
-631
-710
-777
-836
-883
-919
-948
-968
-981
-986
-985
-977
-967
-955
-937
-917
-890
-856
-813
-760
-700
-636
-566
-494
-418
-341
-260
-176
-90
-4
79
158
235
304
364
415
456
490
518
545
570
596
622
649
674
697
715
730
742
750
755
752
744
728
701
671
634
594
548
495
436
375
312
250
189
133
78
23
-31
-84
-139
-192
-247
-303
-363
-432
-504
-576
-644
-703
-753
-792
-823
-848
-860
-862
-852
-837
-823
-810
-797
-783
-762
-724
-672
-606
-534
-450
-354
-250
-141
-40
60
144
217
273
319
367
415
474
534
606
676
742
809
858
900
921
924
911
885
853
809
769
729
691
653
603
548
483
418
356
290
225
162
107
56
7
-42
-96
-157
-223
-301
-383
-453
-518
-578
-635
-693
-736
-756
-754
-735
-699
-658
-626
-603
-593
-590
-584
-574
-553
-522
-486
-443
-390
-330
-270
-203
-136
-63
-2
40
67
90
117
154
195
245
310
372
428
469
502
525
542
552
538
509
472
444
434
433
438
431
409
373
322
270
225
195
176
155
133
113
83
40
-13
-61
-85
-96
-107
-134
-166
-196
-212
-214
-204
-179
-156
-146
-155
-183
-217
-248
-285
-313
-337
-351
-363
-374
-374
-372
-384
-417
-453
-478
-484
-465
-423
-351
-237
-102
26
102
112
67
23
15
36
75
70
-34
-306
-716
-1031
-910
-291
575
1380
1819
1848
1547
1015
546
354
495
769
927
882
647
393
210
216
420
690
891
872
619
219
-199
-551
-816
-970
-1010
-916
-715
-465
-205
0
100
73
-71
-329
-620
-873
-1037
-1063
-991
-872
-725
-541
-307
-33
217
372
361
198
-81
-370
-587
-699
-659
-505
-268
-3
234
425
548
597
558
458
342
200
63
-66
-138
-138
-85
26
182
377
528
614
590
498
394
292
234
199
198
244
367
565
781
974
1109
1146
1073
859
538
160
-237
-629
-1054
-1512
-1944
-2212
-2206
-1995
-1721
-1485
-1246
-896
-511
-187
9
157
314
432
498
517
565
628
702
793
931
1134
1364
1557
1643
1611
1507
1367
1176
846
365
-180
-662
-1044
-1350
-1561
-1661
-1602
-1412
-1136
-833
-586
-446
-390
-397
-482
-629
-789
-821
-679
-383
-30
342
727
1082
1365
1526
1540
1405
1149
812
436
60
-251
-438
-459
-339
-122
126
353
485
505
410
222
-20
-304
-549
-700
-723
-629
-449
-224
6
202
332
380
361
275
159
67
-7
-39
-20
68
257
489
683
755
696
519
248
-36
-348
-635
-918
-1192
-1359
-1355
-1166
-865
-494
-18
674
1476
2226
2809
3228
3535
3654
3471
2851
1687
-133
-2501
-5133
-7755
-9903
-11094
-10903
-9426
-7350
-5047
-2407
854
4255
6946
8407
8826
8586
7640
6052
4055
2210
836
70
-91
286
1055
1899
2540
2621
1918
484
-1354
-3288
-5127
-6686
-7539
-7265
-5802
-3507
-792
2008
4606
6640
7733
7698
6570
4609
2189
-175
-2125
-3335
-3659
-3084
-1837
-369
945
1881
2254
1845
546
-1481
-3728
-5686
-6890
-7123
-6335
-4665
-2283
566
3417
5750
7105
7411
6728
5164
2950
530
-1584
-3056
-3808
-3790
-3063
-1844
-473
687
1388
1465
917
-84
-1257
-2378
-3239
-3596
-3270
-2279
-863
654
2057
3086
3589
3467
2700
1529
190
-957
-1666
-1825
-1415
-549
655
1906
2949
3544
3566
3006
1880
429
-1118
-2376
-3155
-3415
-3158
-2523
-1575
-520
439
1133
1552
1826
2170
2685
3300
3963
4572
4996
5255
5121
4330
2600
-412
-4338
-8709
-13121
-16955
-19145
-18622
-15393
-10617
-5667
-668
4797
10097
14073
15594
14725
12499
9409
5849
2080
-1280
-3508
-4223
-3724
-2562
-1096
246
1141
1088
-92
-2081
-4191
-5878
-6698
-6495
-5163
-2475
1365
5685
9478
11912
12765
12180
10165
6908
2825
-1370
-4941
-7311
-8301
-7886
-6245
-3785
-953
1460
2792
2951
2257
1017
-464
-2048
-3210
-3393
-2508
-804
1221
3123
4624
5470
5380
4206
2002
-724
-3407
-5601
-7038
-7535
-6967
-5349
-3045
-646
1346
2566
3029
2957
2413
1438
289
-834
-1528
-1645
-1370
-705
107
896
1521
1745
1530
931
134
-686
-1369
-1802
-1831
-1294
-396
625
1615
2438
3018
3206
2783
1805
469
-963
-2145
-2951
-3338
-3268
-2763
-1852
-625
625
1728
2569
2975
2849
2165
1034
-80
-775
-920
-452
527
1918
3587
5356
6769
7533
7403
6131
3899
674
-3593
-8358
-12774
-16148
-18316
-19328
-18435
-14437
-7858
-666
5257
9094
11903
13793
14169
12512
8961
5070
1876
-189
-1747
-2906
-3299
-2680
-1478
-809
-915
-1573
-2572
-3804
-5023
-6010
-6043
-4728
-1987
1748
5548
9008
11989
14238
14903
13451
10165
5822
1247
-3141
-7027
-9832
-11311
-11254
-9788
-7576
-5014
-2346
204
2330
3610
3968
3960
3950
4066
4096
3996
3950
4049
4149
3844
2828
1054
-1115
-3300
-5075
-6292
-6922
-6753
-5667
-3880
-1601
552
2198
3323
3717
3805
3591
2934
2045
931
-168
-893
-1483
-1971
-2353
-2801
-3211
-3487
-3559
-3458
-3050
-2425
-1484
-245
1124
2693
3992
4646
4696
4132
3067
1690
41
-1714
-3270
-4318
-4567
-4002
-2973
-1692
-272
1049
2059
2413
2066
1250
111
-956
-1589
-1853
-1824
-1440
-844
-36
786
1218
1446
1326
932
703
545
650
1104
1744
2659
3592
4192
4477
4116
2273
-917
-4760
-8625
-11790
-14574
-16154
-14750
-10549
-4445
1818
6340
9625
11866
12790
12530
10281
6663
3167
496
-1466
-2669
-3155
-2907
-1672
-644
-145
188
-196
-1106
-2063
-3088
-3621
-3378
-2179
283
3197
5654
7707
9361
10033
9456
7397
4224
755
-2727
-5823
-7888
-9052
-9208
-8070
-6180
-3814
-1407
830
3037
4707
5349
5278
4819
4193
3551
2664
1656
777
169
-129
-344
-768
-1378
-1975
-2616
-3401
-4061
-4025
-3127
-1674
-71
1014
1759
2409
3095
3993
4297
3886
2966
1945
757
-739
-2318
-3939
-5008
-5630
-5632
-4832
-3658
-2284
-672
952
2164
2981
3374
3395
2899
1974
931
-15
-738
-1402
-1881
-2205
-2372
-2305
-2105
-1772
-1595
-1664
-1755
-1901
-1970
-1919
-1649
-1034
-294
537
1303
1729
1862
1704
1260
691
18
-450
-447
-39
757
1677
2609
3549
4284
4836
4975
4198
2313
-707
-4370
-7998
-11564
-15063
-17037
-15874
-11466
-4891
1325
5690
9045
11470
13011
13687
12177
8890
5308
2349
297
-1336
-2956
-3795
-3323
-2842
-2519
-2080
-1996
-2052
-2016
-1949
-1463
-643
707
3330
6188
8157
9307
9907
9926
8966
6471
2907
-773
-4364
-7431
-9458
-10641
-10943
-10054
-8162
-5421
-2402
566
3506
5832
6984
7155
6816
6339
5683
4461
2847
1246
-22
-913
-1756
-2914
-4242
-5232
-5602
-5495
-5213
-4631
-3239
-1008
1660
4247
6106
7149
7281
6596
5216
3161
933
-1083
-2809
-4336
-5631
-6413
-6395
-5662
-4687
-3658
-2502
-1226
302
1902
3266
4196
4568
4602
4335
3548
2310
787
-863
-2543
-4057
-5062
-5529
-5354
-4769
-3954
-2827
-1527
-54
1320
2216
2434
1943
1062
202
-407
-755
-952
-1010
-918
-840
-777
-529
-450
-482
-507
-604
-309
382
1330
2602
3786
4562
5048
4920
3968
1866
-1136
-4449
-7754
-10934
-14270
-15822
-13998
-9394
-2890
3236
7450
10334
11834
12314
11998
10058
6696
3196
703
-1023
-2195
-3160
-3643
-2967
-2417
-2339
-1967
-1839
-1888
-1471
-732
356
1763
3671
6212
8693
10027
10124
9726
8709
6834
3989
196
-3529
-6595
-8930
-9969
-10110
-9724
-8378
-6160
-3278
-125
2782
5443
7577
8690
8715
7821
6360
4438
2125
-404
-2832
-4760
-6060
-6722
-6916
-6772
-6092
-4833
-3243
-1641
-195
1442
3360
5289
6897
7407
6915
6024
4769
3366
1648
-671
-3096
-5147
-6816
-7748
-8017
-7963
-7017
-5286
-3255
-880
1386
3176
4794
5898
6140
5829
4858
3137
1069
-1140
-3226
-4680
-5465
-5632
-5157
-4216
-2898
-1174
448
1497
1800
1361
783
279
-207
-593
-949
-969
-327
622
1499
2063
2014
1457
545
-636
-1787
-2504
-2487
-1631
-39
1785
3528
5070
6121
6234
4910
2301
-1195
-5122
-8783
-12201
-15328
-17043
-15710
-10653
-3243
3940
8803
11458
12142
11425
10498
8707
5645
2073
-801
-2350
-2699
-2685
-2428
-1377
-583
-777
-1234
-1561
-1994
-2235
-1970
-987
466
2209
4786
7961
10383
11175
10623
9227
7231
4622
1430
-1963
-5172
-7940
-9416
-9394
-8468
-7011
-5133
-2635
419
3533
6280
8357
9318
9148
8127
6614
4727
2517
102
-2289
-4154
-5351
-6062
-6389
-6503
-6457
-5976
-4934
-3321
-1461
224
1666
3321
5286
6877
7747
7438
6025
4236
1797
-920
-3385
-6011
-8072
-9136
-9342
-8629
-7457
-6003
-3984
-1647
380
2243
4099
5471
6221
6362
5770
4728
3253
1277
-942
-3440
-5901
-7531
-7968
-7379
-6051
-4264
-2243
-108
1723
2922
3537
3429
2705
1615
358
-638
-1107
-888
-67
901
1587
1991
2025
1604
616
-831
-2008
-2380
-1757
-629
877
2454
3852
5460
6389
5971
3885
176
-3518
-6422
-8805
-11000
-13155
-13531
-10655
-5111
1212
5907
8041
8310
7715
6926
5904
4327
2384
833
107
-418
-770
-947
-881
-418
-673
-1547
-2069
-2181
-1774
-718
539
1634
2722
4238
6144
7806
8311
7573
6440
5133
3714
1950
-402
-2873
-5131
-6845
-7478
-7303
-6577
-5065
-2834
53
3213
6120
8438
9795
9815
8471
6236
3650
978
-1555
-3757
-5427
-6344
-6621
-6349
-5707
-5014
-4217
-3080
-1450
562
2629
4422
5409
5506
5295
5062
4912
4836
3860
1597
-1331
-4575
-6970
-8257
-9151
-9496
-9309
-8554
-6933
-4455
-1827
751
3135
4944
6627
7985
8310
7561
5872
3098
-340
-3805
-6918
-9249
-10405
-10298
-9043
-6672
-3688
-695
1799
3406
4091
4011
3571
2980
2154
1272
373
-216
46
823
1455
1426
471
-940
-2088
-2866
-3161
-2738
-1692
-57
2183
4556
6433
7545
7757
7019
5396
2558
-1077
-4371
-7154
-9513
-11917
-14092
-13729
-9551
-2911
3935
8067
8940
8430
7499
6949
6336
4763
2710
1387
650
-109
-677
-1209
-1335
-1369
-2370
-3520
-3644
-3110
-2036
-572
599
1575
2839
4569
6579
8038
8144
7472
6705
5502
3704
1368
-1306
-3840
-6218
-8066
-8726
-8346
-7191
-5318
-2958
-176
2816
5624
7744
8481
7797
6225
4713
3579
2247
606
-1157
-2723
-3791
-4651
-5535
-6385
-6992
-6933
-6053
-4574
-2777
-590
2225
5698
9113
11225
11580
10375
7895
4811
1422
-2084
-4983
-7275
-8896
-9763
-10202
-10063
-9118
-7293
-4932
-2110
1027
4272
7427
9559
10298
9738
7882
5205
2208
-1183
-4598
-7383
-9248
-9927
-9533
-8487
-6986
-5066
-3086
-1358
109
1353
2445
3423
4153
4431
4066
3371
2753
2053
1045
-386
-2070
-3649
-4520
-4734
-4421
-3148
-1370
694
3012
4760
5722
6151
6047
5718
5274
3936
1227
-2547
-7087
-11393
-14558
-15785
-13331
-7409
-257
5476
7899
7932
6991
6114
5844
5503
4792
4023
3546
2982
2116
1043
-156
-939
-1768
-3011
-3405
-2718
-1778
-611
376
924
1503
2301
3386
4727
5917
6791
7731
8410
7907
6079
3322
292
-2621
-5462
-7723
-9044
-9395
-8654
-6970
-4601
-1746
1200
3779
5529
6122
5891
5457
5411
5445
4849
3627
1920
65
-1912
-4217
-6682
-8895
-10184
-10120
-8851
-6909
-4753
-2292
1052
5091
8697
10914
11395
10493
8927
7044
4739
1996
-1112
-4316
-7257
-9835
-11932
-12967
-12530
-10783
-7949
-4429
-364
3949
7660
10145
11293
11080
9687
7634
4978
1753
-1646
-4735
-7159
-8799
-9680
-9986
-9517
-8101
-6141
-3864
-1442
885
2991
4592
5440
5336
4581
3892
3322
2684
1858
478
-1271
-2922
-4557
-5678
-5764
-4916
-2984
-448
1666
3069
4324
5349
6361
7171
6463
4385
747
-4161
-8818
-12819
-15537
-14659
-9465
-2317
4083
6760
5938
4780
3997
3570
3953
4544
5058
5943
5902
4310
2486
721
-435
-699
-1171
-1474
-624
341
737
549
-753
-2284
-2768
-2095
-127
2917
5932
8595
10628
11011
9691
7181
3869
499
-2441
-4729
-6011
-6393
-6221
-5733
-5337
-4959
-4103
-2718
-1032
495
1689
2945
4599
6263
7146
6995
5789
3902
1878
-243
-2517
-4739
-6696
-8217
-9072
-9050
-7997
-6289
-4440
-2661
-652
2265
5913
9288
11384
11656
10221
7719
4569
1000
-2573
-5933
-8724
-10580
-11370
-11182
-10117
-8603
-6799
-4376
-1520
1822
5501
8673
10729
11353
10336
7989
4976
1611
-1766
-4647
-6868
-8222
-8580
-8254
-7655
-6920
-5949
-4705
-2966
-686
1831
4003
5452
6018
5692
4922
4025
3227
2375
1107
-581
-2300
-3429
-3795
-3695
-3128
-2162
-917
621
2128
3452
4652
5505
4954
1885
-3615
-10055
-14894
-15686
-11100
-2892
4868
8430
6655
2686
-236
-665
1363
4575
7591
8688
7170
3645
-111
-2857
-4165
-3708
-1887
781
3976
6421
6691
4792
859
-3628
-6423
-6667
-4461
-298
4410
7915
9711
9698
8189
6221
4293
2563
1529
1241
1226
844
-365
-2566
-5260
-7211
-7465
-5970
-3457
-1132
200
660
785
1047
1486
2094
2716
3371
4263
5099
5225
4204
1988
-1072
-4101
-6399
-7751
-8380
-8499
-7812
-6349
-4553
-2463
-178
2405
5140
6904
7471
7397
6819
5727
3904
1295
-1720
-4530
-6770
-8226
-8866
-9052
-8525
-7391
-6065
-4265
-1993
530
3318
5714
6854
7095
6830
5835
4295
2467
128
-2080
-3610
-4967
-6080
-6739
-7075
-6728
-5496
-3971
-2462
-772
828
1918
2537
2666
2741
3485
4450
4731
4256
3332
2420
1677
781
-84
-593
-456
213
998
2010
2591
1740
-1425
-6662
-12044
-15140
-13437
-6847
1818
8104
8508
3716
-1527
-3378
-898
4715
10744
14518
13688
8336
625
-5607
-8317
-7590
-3907
585
4194
6087
5851
3530
-150
-4066
-6321
-5682
-2679
911
3763
4993
4033
1962
188
-52
1730
4732
7496
8909
8098
5244
1244
-2736
-5626
-6724
-5590
-2886
-133
1066
-5
-2872
-5786
-7027
-5801
-2682
1111
4357
6229
6474
5339
3626
2137
1314
1039
1022
661
-303
-1780
-3756
-6271
-8644
-9378
-7462
-3321
1165
4142
5115
4568
3388
2481
2243
2669
3275
3578
3027
1364
-1069
-3565
-5472
-6647
-7151
-6876
-5755
-4159
-2614
-1656
-1066
-239
1185
3239
5211
6318
6190
4879
2780
347
-1892
-3702
-5155
-6103
-6277
-5590
-4358
-3275
-2960
-3344
-3779
-3633
-2589
-823
962
2578
3917
4686
4965
4726
4357
4056
4062
4415
4656
4465
3261
1221
-2067
-7244
-13449
-18018
-17523
-10783
-960
6002
6447
963
-5237
-7257
-3420
4669
13301
18975
18540
12215
3068
-3714
-5300
-2429
2450
6278
7443
5610
1627
-3223
-6835
-7990
-6025
-1728
2704
5208
5041
2695
-830
-3412
-3485
-657
3809
7633
8932
7377
4099
958
-883
-1287
-640
580
2080
3131
2756
637
-2596
-5747
-7266
-6556
-4191
-1571
119
295
-914
-2545
-3272
-2218
429
3483
5355
5349
3596
1028
-1311
-2666
-2936
-2641
-2349
-2139
-1889
-1627
-1667
-1960
-1643
-403
1403
2685
2858
2064
802
-349
-860
-470
294
894
741
-411
-2018
-3213
-3515
-3092
-2706
-2820
-3166
-3134
-2320
-767
1201
3031
4435
5226
5248
4512
3078
990
-1316
-3038
-3588
-3073
-2504
-2847
-4194
-5744
-6497
-5886
-3967
-1696
-274
-3
-92
514
1889
3372
4449
5331
6445
7508
8107
7424
5091
745
-5754
-12265
-16142
-15275
-10021
-3953
-1124
-3405
-8209
-10537
-7422
21
8041
13508
14870
12016
6525
1290
-243
2255
6520
10155
11099
9040
4544
-671
-4710
-6460
-5586
-2775
349
1608
229
-2517
-4466
-4004
-1079
3055
6586
7725
6179
3106
379
-531
509
2405
3685
3656
2533
1322
588
363
422
376
147
-252
-899
-1774
-2690
-3299
-3307
-2703
-1772
-993
-651
-885
-1465
-2110
-2406
-1903
-472
1465
2530
1929
253
-1014
-835
180
1092
1283
780
-101
-1244
-2018
-1969
-1009
278
1142
1136
257
-773
-1412
-1445
-1080
-547
-165
-190
-643
-1437
-2257
-2933
-3229
-2980
-2299
-1373
-671
-492
-793
-1076
-692
597
2526
4010
4439
3708
2373
1119
167
-221
-527
-1162
-2445
-4360
-6087
-6775
-6213
-4514
-2218
-569
-241
-912
-1176
60
2422
5211
7570
8980
8937
6541
1387
-4940
-9137
-9124
-4932
-86
947
-3281
-10758
-15889
-15046
-8886
-521
5811
8390
6968
2985
-657
-997
2991
8376
12784
14442
13190
9816
5404
2126
640
1145
2371
2675
924
-2822
-6637
-8439
-7125
-3398
998
3994
4206
2144
-257
-1061
485
3368
5736
5855
3736
866
-1025
-993
561
2555
3578
2936
1027
-1097
-2374
-2333
-1365
-16
986
1146
402
-727
-1614
-1909
-1480
-800
-343
-627
-1804
-3643
-5419
-6164
-4984
-2078
1110
2947
2358
121
-2196
-2983
-1557
985
3553
4698
3728
1486
-930
-2188
-1839
-31
1695
2410
1867
-123
-2314
-3702
-3646
-2638
-1428
-891
-1378
-2278
-3038
-3222
-2799
-1925
-1246
-920
-811
-729
-45
1294
2939
4144
4269
3547
2280
1018
-266
-1560
-2421
-2604
-2213
-2056
-2385
-3200
-4093
-4144
-2882
-652
1288
2133
2028
1735
1910
2179
2182
1439
-65
-1735
-2665
-2596
-1568
44
63
-2620
-6808
-8437
-6297
-2512
298
978
1198
686
-369
-1075
503
3781
6370
7720
7379
6402
5284
5110
5714
6121
6342
5939
4593
1950
-840
-2373
-2252
-1153
-270
-197
-1173
-2658
-3609
-3323
-1878
-214
969
1240
574
-389
-917
-530
688
2221
3107
2831
1593
242
-276
424
1725
2492
2327
1350
248
-429
-473
-50
374
151
-432
-571
-796
-1826
-3375
-3901
-2682
-1014
254
309
-535
-1324
-2136
-2055
-1129
763
2003
1965
1128
-700
-1614
-1743
-887
244
1754
2810
2115
851
-381
-513
-30
436
80
-840
-1441
-1885
-2259
-2653
-2923
-2984
-2926
-2886
-2974
-2723
-2143
-1532
-526
772
1949
2172
1561
801
987
2116
2799
1976
181
-1309
-2175
-2459
-2975
-3827
-4886
-6455
-7701
-7130
-4825
-1597
339
-517
-3581
-5605
-3824
-491
2647
3960
3882
3262
1874
378
-425
1533
4071
5145
5082
3906
2453
1156
1713
3402
5344
6906
6629
4866
2669
2030
2897
4604
5535
4720
2876
338
-1908
-2995
-2466
-1304
-797
-1406
-3161
-5044
-5527
-4340
-1938
592
2176
2254
1443
815
930
2175
3907
5073
4927
3546
1334
-736
-1824
-1779
-1038
-380
-737
-2410
-4333
-4533
-2624
-914
-941
-1865
-1287
-36
-11
-807
-1310
197
1856
2109
1375
980
1260
582
457
91
-163
102
198
121
-194
587
186
-961
-1640
-1094
427
1482
1687
696
265
290
334
327
111
-122
-338
-587
-1240
-1893
-1914
-1914
-2070
-2286
-2597
-2645
-2421
-1991
-1916
-1786
-1362
-1155
-621
155
336
-684
-2729
-4447
-4797
-3385
-2122
-1511
-1310
-2367
-5154
-8252
-7785
-4470
-1028
-26
-947
-1525
-1673
-1856
-1622
1032
4654
6821
7357
6884
6118
5700
6365
7531
8212
8532
7803
5998
3791
2572
2928
3660
3610
2224
616
-767
-1616
-1738
-1083
-234
-69
-879
-2210
-3011
-2601
-1222
253
1122
816
-349
-1871
-2828
-2729
-1440
290
1178
734
-351
-1067
-982
-28
1182
2214
2671
2467
1513
82
-867
-294
804
732
-587
-1680
-1759
-2252
-2989
-3389
-2657
-1306
-1204
-2112
-2857
-2120
-1465
-762
445
1035
1323
1178
1436
1603
2764
3957
3421
2262
1340
1483
1652
1891
1488
864
492
-440
-1464
-1940
-1292
-282
403
227
-735
-1305
-1097
-693
-259
34
55
-86
-419
-1152
-1793
-1968
-1864
-1754
-1576
-1170
-1391
-2719
-5047
-6884
-6609
-4129
-1024
552
-587
-3912
-7233
-7682
-4640
-644
1947
1702
-214
-2435
-3986
-3652
-1167
2604
4407
3945
2484
1044
660
1517
3741
5370
5968
5503
4304
3409
3471
4887
6330
6947
6077
4543
3206
2328
2001
1975
2224
2030
962
-1100
-3434
-4505
-3579
-1503
273
291
-1508
-3871
-5083
-4234
-1743
1052
2332
1651
-74
-1489
-1933
-1206
392
1945
2579
1873
302
-1097
-1845
-1629
-33
2140
2772
892
-1666
-2323
-895
666
1015
324
-25
-155
-730
-1389
-1248
-286
345
521
106
-427
-785
-768
-315
432
1253
1054
156
-454
-30
1080
1948
2176
1890
1779
1781
1630
1402
1282
1168
896
502
-159
-1036
-1825
-2142
-1751
-1013
-711
-939
-1240
-1596
-1803
-1527
-867
-385
-364
-333
-646
-1674
-3604
-5284
-4916
-2982
-1503
-1806
-2454
-3675
-6118
-7570
-5648
-1852
51
-462
-2234
-3189
-3207
-2963
-1876
903
3726
3730
2208
859
632
1990
4774
6874
6799
5949
4762
3596
3439
4859
6439
6555
4991
2608
1138
983
1400
2020
2547
2231
836
-913
-2222
-2454
-1477
-345
-111
-866
-2196
-3561
-4262
-3905
-2663
-964
173
-91
-1183
-2030
-2113
-1324
-6
1236
1729
1198
-178
-1557
-1596
-329
975
1497
1157
386
-519
-1235
-965
220
1642
1917
1069
356
118
236
97
354
484
296
-23
-664
-980
-832
24
412
509
791
1039
1155
1041
1114
1166
1462
1538
1265
1043
918
886
743
685
946
1536
1923
1236
-322
-1338
-1018
141
831
235
-877
-1706
-2321
-2814
-2760
-1591
-395
-368
-1672
-3496
-4961
-5524
-4494
-2588
-635
60
-1435
-4497
-6397
-4620
-1418
169
-606
-2388
-3421
-3748
-3847
-3421
-1205
1607
2346
1439
390
162
977
3183
5321
5759
5211
3910
2654
2448
4031
6196
7113
6352
4430
2939
2471
2897
3519
3975
3777
2430
526
-1358
-2205
-1633
-636
-225
-935
-2470
-4109
-5015
-4763
-3648
-2157
-1336
-1729
-2709
-3128
-2783
-2050
-1190
-578
-193
-217
-770
-1348
-1221
-428
724
1924
2560
2179
1092
428
602
1228
1654
1221
490
1
-447
-807
-801
-380
-219
40
255
35
-120
-6
249
343
711
619
123
-16
187
451
438
378
129
256
677
895
1037
1273
1410
1326
1512
1904
2026
1662
1027
630
853
1286
1422
1069
404
-370
-1123
-1370
-1099
-469
-52
-494
-2159
-4535
-5552
-4474
-2652
-1584
-1497
-2750
-4927
-5796
-4356
-2031
-816
-1010
-2291
-3001
-3085
-3212
-2585
-388
1890
1785
1154
649
646
1659
3683
5134
4717
4182
3260
2534
2672
3926
5117
5321
4904
3834
3118
2784
2701
2780
2877
2732
1769
276
-1147
-1837
-1459
-781
-280
-612
-1739
-3027
-3862
-3908
-3363
-2398
-2214
-3023
-4116
-4581
-4259
-3437
-2527
-2233
-2349
-2439
-2137
-1509
-936
-820
-816
-95
1092
1764
1620
1169
1246
1717
1924
1701
1672
1976
2080
2000
1584
1058
891
1397
1739
1545
1330
768
17
-277
155
619
689
438
-92
-148
458
1020
1087
873
667
456
412
382
328
583
904
972
798
398
-30
-51
610
1438
1594
912
-323
-1127
-1120
-914
-774
-694
-370
-159
-605
-2113
-4210
-4631
-2592
326
829
-2405
-6022
-6610
-3651
-1129
-1249
-2065
-2299
-1717
-2289
-3034
-2536
-506
1605
1292
287
-801
-650
335
2026
3924
4408
4299
2753
1840
2667
5006
6513
5720
4480
3378
3396
3666
3871
3825
3639
3342
2121
888
236
285
553
221
-502
-1396
-2037
-2616
-3209
-3378
-3194
-2731
-2881
-3537
-4130
-4063
-3588
-3333
-3289
-3464
-3454
-3392
-3359
-3170
-2584
-2243
-2478
-2436
-1334
207
936
779
451
640
1199
1514
1671
1940
2315
2173
1506
1169
1522
2474
2780
2434
1804
1477
1333
1080
1198
1261
1235
642
-11
-268
294
1119
1184
697
129
38
158
393
474
353
261
241
201
118
-22
-15
291
746
998
934
641
271
142
177
256
62
-224
-290
-135
-435
-1954
-3872
-4372
-2463
462
1076
-1946
-5371
-5165
-2026
-184
-857
-2033
-2220
-2048
-2708
-3449
-2663
-331
1164
583
-361
-540
124
1133
2149
2783
3021
2769
1421
574
1758
4243
5451
4801
3655
3319
4154
4758
4544
3998
3876
3586
2592
1422
766
922
1269
1035
295
-330
-624
-1082
-1780
-2269
-2332
-2346
-2978
-3829
-4259
-3914
-3511
-3591
-4048
-4219
-3699
-3137
-2978
-3062
-2754
-2538
-2769
-3048
-2562
-1157
-62
-139
-1099
-1407
-327
629
861
864
1331
1623
1382
1311
1209
1856
2303
2032
1123
845
1319
1337
1549
1514
1565
1227
751
289
545
1650
1828
1143
120
-350
-391
-12
496
619
760
492
64
62
530
889
489
-34
-255
226
565
77
-477
-433
350
761
777
362
123
440
669
473
-513
-1671
-2318
-1358
652
839
-1673
-4199
-3583
-961
151
-939
-2526
-2418
-1519
-1629
-2451
-2366
-783
44
-70
-554
-704
-151
822
1634
1554
1771
1741
1119
947
2179
3747
3835
2937
1882
1998
3087
3920
3809
3298
3246
2988
2595
2232
2168
2272
1972
1321
508
230
-1
-575
-1215
-1473
-1241
-1383
-2003
-2890
-3196
-2918
-2866
-3349
-4060
-4117
-3782
-3552
-3765
-3952
-3687
-3178
-2651
-2313
-2051
-1989
-1854
-1625
-1435
-1169
-737
-204
210
541
825
1059
1388
1775
2104
2314
2204
1898
1680
1808
1929
1945
1838
1481
1250
1364
1769
1890
1775
1417
861
365
80
122
199
272
31
-361
-601
-615
-338
-49
74
-181
-500
-673
-629
-395
-323
-433
-636
-528
-270
0
210
79
-143
-305
-133
164
417
598
538
314
-150
-737
-1004
-218
1200
1268
-743
-2729
-2343
-382
556
-214
-1398
-1684
-1342
-1409
-1547
-913
-2
-362
-1532
-1840
-1025
262
1113
1209
879
1067
1263
764
806
2112
3425
3087
1818
1027
1580
3001
3829
3509
2811
2669
2608
2449
2359
2443
2300
1633
836
538
956
1156
564
-387
-802
-707
-803
-1345
-2070
-2366
-2350
-2527
-2986
-3413
-3353
-3157
-3186
-3376
-3269
-2963
-3167
-3579
-3620
-3085
-2626
-2381
-2269
-2212
-1806
-1364
-1152
-1112
-697
-139
201
547
738
805
884
1065
1270
1645
2144
2258
2182
2140
1986
1729
1639
1779
1929
2162
2115
1629
1188
1126
1239
1241
1153
864
514
246
24
-62
-37
-28
-143
-265
-309
-232
-12
-15
-358
-717
-842
-727
-441
-113
5
-52
-116
-70
275
729
873
581
296
262
218
262
336
243
13
-104
-106
9
443
641
91
-797
-1269
-1173
-906
-766
-951
-1251
-1384
-1540
-1694
-1627
-1161
-799
-867
-1100
-1283
-1231
-1046
-644
-374
-190
32
265
462
656
950
1049
1095
1164
1457
1788
1934
1807
1642
1818
1985
1989
1905
1874
1754
1579
1493
1390
1367
1391
1209
763
394
343
399
294
-215
-871
-1232
-1273
-1187
-1103
-1027
-1197
-1479
-1706
-1830
-1845
-1731
-1587
-1672
-1829
-2024
-2143
-1979
-1594
-1284
-1236
-1165
-935
-684
-529
-569
-591
-515
-401
-256
-4
384
577
561
402
360
593
916
1119
1010
839
677
580
574
668
792
788
761
655
605
584
535
434
341
340
281
260
296
436
535
481
200
-49
86
353
471
294
108
-8
63
233
234
254
339
413
337
304
243
107
66
69
140
220
309
275
234
226
96
-120
-255
-206
-222
-334
-449
-492
-577
-768
-876
-748
-445
-325
-530
-845
-1002
-1022
-1031
-979
-761
-565
-555
-567
-448
-253
-134
-49
-22
40
169
166
54
77
391
616
564
523
658
959
1174
1109
859
762
864
891
834
871
948
911
744
585
524
504
456
264
48
-147
-250
-296
-424
-557
-667
-634
-581
-541
-507
-509
-572
-710
-792
-777
-712
-714
-687
-674
-723
-793
-792
-707
-627
-493
-397
-298
-229
-139
-33
-49
-69
-33
159
343
392
345
266
279
320
409
534
616
604
537
484
434
445
480
456
432
443
427
348
342
414
407
366
283
176
100
59
-35
-114
-108
-201
-335
-353
-224
-144
-140
-119
-130
-104
-97
-127
-203
-200
-76
20
76
56
40
33
66
149
235
330
273
108
-41
-91
-59
-25
-27
-65
-87
-89
-115
-209
-286
-295
-244
-247
-311
-368
-397
-408
-463
-455
-407
-385
-445
-505
-436
-376
-367
-378
-314
-217
-126
-73
-83
-34
66
140
104
83
123
171
211
247
315
367
366
304
264
261
282
303
283
210
121
96
95
127
168
238
312
353
361
303
275
242
231
236
261
302
287
287
251
217
219
288
394
451
455
353
240
181
202
240
261
291
290
292
304
298
279
255
211
153
91
-2
-151
-280
-369
-428
-466
-505
-537
-578
-614
-661
-671
-666
-741
-885
-1002
-1024
-989
-959
-976
-1004
-970
-878
-818
-817
-770
-656
-550
-517
-525
-496
-405
-258
-94
113
341
518
604
638
730
895
1063
1118
1086
1070
1093
1097
1066
1059
1083
1115
1087
1017
941
883
806
705
642
590
524
420
288
165
88
30
-107
-291
-443
-537
-603
-666
-722
-786
-852
-894
-918
-886
-821
-772
-771
-816
-841
-833
-763
-684
-625
-573
-505
-439
-397
-342
-311
-268
-222
-193
-202
-234
-236
-216
-138
-46
43
112
177
253
296
368
429
436
366
276
261
291
374
434
444
447
487
554
600
656
703
726
714
664
613
607
679
772
850
915
936
900
846
789
742
705
643
500
305
159
89
68
34
-18
-98
-182
-261
-334
-367
-433
-577
-766
-896
-944
-926
-910
-961
-1016
-1040
-1031
-1046
-1059
-1057
-1034
-995
-990
-999
-983
-893
-774
-624
-451
-317
-244
-234
-200
-123
8
110
145
191
264
389
503
599
650
681
704
664
647
632
638
618
622
642
617
638
651
687
695
658
536
343
203
72
-12
-51
-48
-60
-138
-225
-311
-315
-278
-278
-360
-482
-576
-656
-662
-603
-485
-374
-296
-237
-175
-81
-44
-51
-75
-80
-80
-128
-169
-155
-35
113
207
263
308
361
384
417
452
458
414
314
253
286
391
463
473
472
460
436
361
265
200
174
146
72
6
-29
-16
26
64
96
106
95
17
-80
-149
-174
-172
-181
-205
-235
-209
-150
-106
-91
-111
-160
-226
-266
-287
-294
-284
-274
-258
-222
-166
-123
-105
-86
-69
-87
-161
-245
-298
-301
-266
-244
-237
-221
-167
-100
-52
-36
-55
-81
-103
-115
-106
-70
-24
10
41
95
165
223
256
266
260
221
144
76
63
100
139
144
155
195
263
308
310
292
263
222
160
113
68
33
18
21
37
32
6
-40
-73
-109
-167
-266
-369
-443
-468
-454
-442
-428
-408
-364
-313
-267
-239
-241
-255
-267
-265
-238
-196
-142
-66
36
135
213
283
343
386
410
415
415
434
455
468
487
534
611
667
689
670
621
559
484
397
318
247
178
109
54
21
-3
-36
-81
-128
-187
-275
-377
-477
-546
-582
-608
-628
-643
-626
-571
-510
-463
-439
-428
-419
-415
-401
-371
-312
-235
-155
-66
20
109
189
263
319
359
402
421
425
430
440
466
494
517
530
524
510
476
421
357
279
204
121
54
7
-28
-40
-50
-59
-78
-112
-159
-211
-254
-301
-354
-405
-435
-440
-415
-387
-361
-332
-302
-266
-249
-246
-255
-256
-244
-237
-226
-195
-145
-88
-33
9
44
59
56
24
-16
-45
-69
-83
-101
-101
-70
-31
2
6
-14
-29
-36
-38
-60
-92
-118
-121
-91
-46
15
75
121
147
173
195
216
229
249
278
305
335
367
423
501
569
609
613
608
597
582
563
539
515
482
446
414
395
381
350
287
192
84
-19
-109
-197
-286
-379
-454
-495
-512
-521
-550
-598
-644
-676
-694
-711
-726
-735
-728
-703
-667
-601
-526
-444
-351
-268
-209
-179
-158
-125
-75
-23
7
32
82
168
271
365
427
451
448
442
453
473
473
446
411
382
372
375
374
377
368
343
295
223
156
93
29
-39
-102
-136
-146
-139
-126
-123
-122
-137
-145
-152
-157
-159
-164
-161
-146
-116
-77
-38
-9
11
23
31
31
12
-13
-38
-51
-53
-50
-46
-41
-14
11
15
-7
-38
-60
-81
-103
-134
-162
-178
-176
-165
-157
-158
-167
-168
-172
-175
-191
-214
-234
-229
-190
-133
-75
-37
-8
26
62
98
121
123
117
113
119
136
154
169
186
209
233
241
238
235
235
228
207
185
158
137
126
143
175
187
170
130
98
84
78
57
20
-23
-55
-67
-55
-33
-18
-16
-14
-1
21
36
34
22
16
23
31
44
57
82
112
142
154
138
101
55
24
7
-16
-62
-112
-137
-132
-115
-111
-114
-127
-139
-147
-159
-180
-215
-250
-276
-283
-281
-276
-278
-283
-275
-261
-249
-248
-248
-249
-250
-248
-235
-207
-162
-115
-77
-45
-4
49
104
146
173
184
180
173
178
203
223
230
217
200
195
202
219
225
222
210
197
183
176
177
182
176
151
118
85
71
72
78
74
48
14
-9
-4
18
32
21
-11
-35
-43
-38
-32
-34
-45
-59
-62
-49
-21
-3
-7
-26
-48
-61
-77
-92
-105
-113
-125
-135
-139
-127
-102
-79
-63
-53
-53
-54
-51
-45
-43
-57
-78
-84
-68
-38
-10
5
11
12
19
31
47
51
40
20
8
19
43
64
72
76
87
112
142
159
156
140
123
110
100
86
68
53
46
44
41
36
34
33
30
20
5
-15
-32
-45
-51
-56
-70
-87
-104
-104
-93
-84
-96
-121
-144
-146
-138
-136
-143
-153
-162
-163
-153
-135
-116
-107
-101
-90
-73
-53
-34
-18
0
14
22
29
38
58
79
89
91
92
100
116
135
152
160
163
162
161
159
159
160
156
145
126
110
105
109
108
95
68
44
31
24
13
-8
-30
-51
-69
-82
-93
-99
-107
-116
-123
-132
-137
-135
-131
-130
-132
-136
-135
-120
-104
-93
-97
-107
-110
-99
-78
-58
-48
-46
-47
-40
-24
-8
6
15
20
26
32
37
43
53
62
67
66
67
76
90
97
95
85
75
75
84
91
87
72
58
60
76
95
106
104
96
97
107
119
121
116
105
96
88
84
83
83
85
82
71
54
34
21
18
15
2
-26
-58
-75
-79
-75
-82
-104
-134
-160
-169
-163
-162
-179
-211
-237
-242
-234
-226
-231
-241
-244
-240
-228
-213
-195
-178
-163
-148
-125
-95
-62
-32
-10
4
18
37
60
90
116
136
146
153
167
190
217
234
238
234
230
230
238
244
240
222
199
178
167
159
147
129
108
92
77
59
36
12
-7
-19
-31
-54
-77
-91
-88
-75
-65
-66
-71
-70
-59
-51
-55
-67
-74
-73
-66
-58
-49
-49
-53
-52
-36
-16
-14
-33
-62
-77
-72
-59
-56
-66
-78
-82
-81
-80
-81
-88
-98
-109
-122
-137
-147
-146
-131
-115
-102
-98
-96
-91
-79
-62
-48
-42
-40
-29
-5
33
72
96
106
113
129
153
169
174
171
167
174
194
215
231
236
234
228
222
213
196
175
158
143
124
105
90
86
85
74
49
15
-24
-54
-69
-80
-97
-121
-143
-147
-137
-124
-121
-128
-140
-147
-148
-144
-141
-141
-138
-128
-114
-97
-85
-78
-75
-69
-64
-62
-63
-60
-50
-32
-17
-14
-15
-14
-5
2
0
-10
-22
-25
-20
-13
-13
-21
-27
-27
-24
-27
-37
-48
-50
-41
-29
-19
-11
-1
14
30
39
43
44
45
46
52
64
78
89
99
109
120
124
123
120
119
119
116
112
112
114
117
125
133
136
126
106
83
62
44
26
11
-3
-16
-26
-30
-31
-37
-47
-62
-80
-97
-114
-125
-130
-132
-129
-126
-119
-114
-110
-108
-106
-108
-115
-121
-121
-113
-99
-84
-69
-53
-35
-18
-3
8
13
18
26
34
42
51
63
74
83
90
94
94
92
87
84
79
73
69
66
65
65
61
58
53
49
44
39
30
18
12
11
7
-2
-13
-24
-33
-39
-46
-51
-57
-62
-64
-59
-53
-50
-48
-45
-41
-38
-39
-38
-36
-33
-29
-25
-19
-16
-14
-12
-10
-10
-14
-19
-21
-20
-16
-9
-1
7
12
17
20
21
21
19
14
8
4
3
4
4
3
3
6
10
11
11
12
15
20
26
31
35
37
41
45
49
50
48
45
44
45
49
52
53
52
47
42
35
26
17
11
9
6
6
6
8
11
12
9
0
-12
-27
-43
-58
-72
-84
-92
-91
-84
-80
-75
-74
-72
-74
-77
-81
-83
-84
-81
-74
-60
-44
-25
-7
6
15
18
17
11
4
-1
-3
2
8
18
33
53
73
86
94
98
97
94
88
82
75
69
63
58
52
44
36
28
18
5
-5
-14
-18
-20
-17
-13
-8
-5
-1
-1
-5
-12
-21
-32
-43
-52
-58
-61
-60
-58
-54
-51
-46
-41
-35
-30
-25
-20
-14
-7
1
6
12
13
12
10
7
5
2
0
-3
-2
-1
0
4
8
10
10
6
3
1
1
2
4
7
10
12
14
15
18
18
16
13
11
12
14
15
18
20
25
29
32
32
31
30
28
22
15
12
12
16
19
21
22
20
17
13
6
-5
-17
-27
-37
-47
-54
-58
-55
-51
-43
-36
-28
-19
-12
-6
-6
-6
-10
-14
-18
-22
-27
-27
-27
-23
-19
-11
-2
3
10
17
23
25
24
25
27
30
32
32
33
32
29
24
18
12
3
-5
-13
-20
-26
-28
-26
-19
-11
-2
6
13
19
23
21
15
2
-10
-23
-34
-43
-48
-49
-43
-36
-26
-12
2
12
19
21
18
13
6
0
-5
-7
-6
-3
1
8
15
21
22
19
12
3
-4
-9
-14
-16
-15
-10
-1
10
20
26
27
25
21
13
6
0
-4
-3
3
9
16
23
29
33
31
23
13
2
-6
-11
-9
-6
1
10
19
27
34
37
35
28
18
7
-5
-15
-22
-25
-22
-20
-16
-12
-8
-7
-7
-10
-14
-18
-21
-21
-19
-18
-17
-15
-12
-12
-14
-19
-25
-32
-38
-42
-44
-45
-39
-31
-18
-4
8
20
27
29
26
19
8
-6
-19
-28
-34
-32
-27
-17
-4
8
21
32
40
41
38
30
20
9
-2
-8
-12
-8
-2
7
16
22
26
29
27
20
14
5
-1
-4
-6
-5
0
9
17
24
25
24
22
19
15
8
1
-2
0
3
7
9
12
12
10
5
-1
-6
-14
-22
-30
-31
-30
-27
-19
-11
-1
7
12
17
21
23
21
14
4
-8
-18
-22
-27
-28
-29
-26
-22
-18
-16
-16
-14
-14
-15
-15
-15
-14
-10
-6
0
5
7
10
7
2
-6
-16
-27
-35
-39
-37
-29
-17
0
17
31
42
47
47
42
34
23
11
2
-2
-1
8
18
32
45
56
59
54
46
30
13
-3
-17
-27
-32
-29
-20
-8
4
14
21
26
22
14
1
-14
-26
-35
-37
-34
-28
-20
-11
-2
2
5
1
-4
-13
-24
-32
-35
-35
-29
-18
-6
3
12
18
18
15
9
1
-8
-16
-23
-26
-26
-22
-14
-5
1
4
3
-1
-9
-18
-25
-28
-30
-29
-26
-21
-13
-3
8
14
23
27
27
25
18
11
5
1
-1
-1
0
1
6
12
19
27
37
43
47
50
48
43
35
28
20
14
10
8
7
7
7
11
23
29
32
28
17
7
-6
-13
-20
-22
-23
-18
-12
-5
1
7
10
12
10
3
-4
-14
-22
-26
-24
-18
-7
0
5
5
4
3
-1
-6
-13
-17
-19
-23
-26
-28
-27
-23
-18
-17
-19
-26
-35
-43
-47
-45
-36
-25
-16
-13
-15
-23
-34
-42
-43
-42
-39
-36
-30
-20
-6
8
24
37
46
51
46
33
14
-5
-17
-20
-13
2
19
33
43
53
58
59
52
42
30
20
13
11
12
19
27
36
45
50
50
47
38
23
6
-11
-24
-31
-30
-22
-9
5
20
31
28
24
18
10
0
-11
-22
-31
-40
-45
-43
-35
-22
-6
7
14
12
7
-4
-12
-15
-18
-19
-18
-17
-17
-9
2
17
35
39
30
11
-9
-33
-51
-53
-48
-39
-35
-27
-17
-10
4
23
41
50
43
14
-20
-41
-59
-61
-43
-25
-17
-4
11
20
31
39
38
24
10
-6
-30
-49
-54
-45
-38
-22
6
27
47
62
81
89
82
61
32
7
-19
-34
-38
-25
-10
-3
-6
-2
5
15
30
42
48
43
21
-11
-37
-51
-48
-35
-27
-20
-17
-22
-27
-17
-8
-2
13
16
-3
-29
-50
-66
-55
-15
42
89
92
57
10
-27
-54
-43
18
100
139
85
4
-87
-220
-280
-99
159
259
268
201
17
-230
-363
-269
1
271
355
335
190
-126
-409
-407
-170
54
254
364
267
-60
-355
-419
-323
-121
148
373
338
95
-160
-297
-333
-255
-18
205
248
129
-12
-133
-209
-143
50
233
307
290
195
28
-106
-138
-64
32
113
159
131
43
-37
-47
-12
51
117
149
108
-3
-129
-205
-214
-164
-58
41
87
76
24
-50
-94
-92
-54
-1
19
-2
-57
-112
-141
-119
-50
31
93
99
50
-28
-98
-133
-122
-75
-22
29
52
55
46
41
52
75
99
86
54
8
-41
-75
-68
-10
58
109
133
138
98
32
-19
-43
-63
-90
-104
-108
-106
-89
-55
6
80
132
145
121
61
-25
-104
-159
-171
-149
-114
-68
-5
56
86
107
127
129
106
77
52
19
-7
-15
-15
-15
5
52
95
126
142
125
75
6
-72
-130
-138
-113
-74
-27
10
24
14
-1
-3
12
23
18
4
-45
-111
-140
-141
-120
-69
-12
8
6
-6
-28
-47
-43
-22
0
11
-3
-18
-15
6
38
80
118
125
105
66
28
-6
-20
-16
-7
0
5
13
15
20
42
70
78
65
57
34
-13
-46
-49
-58
-70
-59
-41
-32
-24
-3
15
17
9
0
-18
-48
-70
-78
-84
-81
-63
-33
-13
7
32
47
53
55
60
50
33
21
16
5
3
17
30
38
42
38
25
9
1
1
6
10
10
4
-9
-22
-24
-20
-11
0
8
-1
-20
-35
-47
-48
-36
-17
-5
1
-2
-14
-27
-36
-38
-30
-16
-1
11
18
20
24
30
32
33
29
22
16
12
7
8
13
17
22
23
25
20
14
6
4
0
-4
-7
-6
-4
-3
1
3
4
1
-6
-12
-21
-32
-42
-44
-41
-36
-27
-15
-3
6
12
11
3
-8
-18
-24
-21
-12
-2
9
16
21
23
29
33
36
36
34
25
10
-2
-9
-8
-1
13
26
33
32
25
16
5
-2
-6
-6
-8
-13
-19
-23
-22
-19
-11
-4
1
-2
-10
-19
-27
-33
-33
-30
-27
-25
-17
-9
-2
5
13
18
18
17
16
11
5
1
2
4
5
8
10
11
11
13
13
12
10
6
0
-6
-10
-13
-12
-7
0
5
6
4
-2
-11
-17
-19
-18
-17
-13
-12
-13
-14
-12
-7
-2
6
9
9
3
-4
-8
-10
-5
2
9
15
19
22
25
26
26
28
27
23
18
10
4
-1
0
2
3
5
7
9
8
8
8
7
5
4
2
-2
-9
-16
-19
-22
-25
-24
-22
-21
-20
-18
-16
-14
-12
-9
-6
-4
-5
-4
-5
-4
-2
2
6
10
11
12
10
10
9
7
5
3
2
1
1
1
2
5
7
8
7
6
3
0
-2
-4
-4
-5
-4
-4
-4
-5
-4
-3
-2
-4
-5
-7
-7
-9
-9
-7
-4
-2
0
3
3
3
4
4
4
5
8
10
9
8
9
8
8
7
8
9
6
5
3
1
-2
-3
-3
-3
-3
-3
-2
-2
-2
-3
-2
-2
-2
-2
-4
-5
-9
-13
-16
-16
-14
-11
-7
-4
-2
-1
-2
-1
2
4
5
5
3
0
-2
-1
3
5
11
16
18
18
15
13
8
7
7
7
7
5
4
2
1
0
2
4
4
3
0
-3
-6
-7
-6
-4
-1
1
1
0
-2
-5
-8
-11
-11
-10
-9
-8
-7
-6
-4
-2
1
4
4
2
2
1
0
2
4
6
6
7
8
9
6
3
2
1
-1
-5
-4
-5
-4
-3
-2
-1
0
1
0
0
-2
-3
-4
-6
-7
-11
-13
-14
-13
-14
-13
-9
-6
-5
-3
-2
-2
-1
0
0
2
0
0
-2
-2
-3
0
3
6
9
12
13
13
13
12
11
10
7
4
3
2
2
2
5
7
9
12
12
11
9
7
6
5
2
0
-3
-4
-7
-7
-7
-6
-6
-5
-6
-6
-5
-5
-2
-1
2
3
3
4
6
5
6
6
6
4
2
1
0
-3
-3
-2
-1
0
0
1
2
3
3
3
3
1
0
-2
-5
-5
-6
-7
-6
-5
-5
-6
-8
-11
-12
-14
-14
-14
-14
-12
-9
-8
-8
-6
-5
-3
-1
0
0
-1
-1
0
2
3
5
7
9
10
11
11
11
9
8
6
3
1
-1
-2
-1
0
2
4
5
7
9
9
9
9
9
7
3
-1
-5
-8
-10
-12
-12
-10
-10
-7
-5
-4
-4
-3
-2
-1
0
0
1
1
2
2
2
4
5
6
6
5
6
4
2
2
2
4
5
7
7
7
4
3
2
0
-1
-1
-2
-3
-5
-5
-3
-2
-2
-1
0
0
-3
-6
-10
-11
-11
-11
-9
-7
-8
-9
-9
-9
-9
-6
-3
4
6
8
9
9
9
11
13
15
15
11
8
4
0
0
2
4
7
8
9
6
5
6
6
6
7
8
6
2
1
-2
-3
-5
-6
-7
-9
-11
-12
-13
-11
-12
-9
-8
-5
-3
0
0
-1
-2
-3
-4
-7
-8
-8
-6
-4
-3
1
3
5
6
5
5
5
5
5
4
3
1
-1
-3
-3
-3
-2
-3
-3
-4
-5
-6
-7
-6
-4
-3
-4
-5
-4
-4
-6
-7
-6
-7
-9
-7
-5
-2
0
2
7
8
8
7
8
9
10
11
12
11
10
7
5
4
4
4
7
9
11
13
15
14
11
9
5
4
4
5
6
7
8
6
0
-8
-13
-15
-15
-12
-8
-7
-7
-8
-8
-7
-7
-4
2
7
6
4
2
-5
-14
-18
-16
-11
-6
-4
-2
-2
-2
-4
-4
-3
1
6
11
12
10
7
2
-2
-3
2
10
16
16
14
9
1
-6
-10
-8
-4
-4
-8
-11
-18
-27
-33
-28
-17
-9
-3
2
6
7
7
6
4
1
-5
-8
-5
2
10
19
23
13
-3
-12
-14
-10
1
14
25
30
25
19
14
18
21
26
31
35
24
5
-12
-22
-22
-15
-4
9
22
23
9
-10
-26
-41
-51
-47
-34
-16
3
13
8
-2
-16
-30
-35
-29
-19
-6
5
9
3
-5
-10
-13
-10
3
24
45
54
45
29
10
-13
-28
-25
-10
13
40
57
54
39
19
-6
-33
-43
-28
3
23
21
19
3
-79
-181
-189
-91
7
78
158
206
136
-32
-174
-196
-123
-41
51
173
223
111
-63
-159
-173
-137
-36
102
210
230
154
14
-110
-163
-146
-73
33
132
190
177
84
-32
-101
-122
-117
-67
34
116
121
61
-12
-70
-101
-99
-52
18
71
75
34
-28
-79
-105
-105
-83
-41
13
50
51
25
-5
-33
-58
-69
-48
-2
39
54
52
39
15
-16
-34
-25
10
55
82
84
67
37
-5
-36
-44
-25
9
37
46
39
18
-15
-54
-71
-60
-31
-4
15
22
14
-5
-28
-43
-45
-36
-20
-2
10
8
-4
-16
-26
-28
-19
-5
7
16
22
22
24
26
28
32
37
36
30
23
21
23
26
31
33
31
26
17
7
5
8
13
17
19
9
-11
-30
-47
-56
-47
-29
-12
2
5
-3
-23
-43
-56
-56
-41
-21
0
14
11
-4
-16
-19
-16
-3
17
30
30
17
2
-9
-11
-5
12
32
40
38
31
18
4
0
4
9
12
9
2
-8
-16
-19
-15
-10
-12
-13
-14
-19
-24
-28
-27
-28
-29
-28
-25
-18
-7
1
3
3
-2
-10
-15
-10
5
19
26
29
28
23
14
8
9
15
20
22
26
27
23
18
16
15
13
14
16
16
13
9
5
0
-3
-3
-1
1
2
-1
-5
-10
-15
-19
-20
-18
-17
-16
-15
-13
-12
-10
-10
-6
-6
-8
-7
-7
-3
0
3
5
6
4
4
6
9
12
14
15
13
8
3
1
0
0
2
5
4
2
-1
-2
-4
-6
-7
-10
-13
-15
-17
-17
-15
-13
-12
-10
-9
-9
-10
-11
-12
-10
-8
-6
-6
-6
-6
-6
-3
2
8
13
18
19
18
14
9
7
5
5
7
9
10
12
13
14
13
11
10
7
5
4
4
4
4
5
6
5
3
2
2
0
-2
-3
-4
-6
-8
-10
-11
-10
-10
-10
-8
-6
-5
-6
-6
-7
-6
-3
2
6
9
11
10
6
3
3
3
4
8
10
10
8
3
-1
-5
-8
-8
-7
-4
-2
0
1
2
0
0
-3
-6
-7
-7
-7
-7
-10
-12
-14
-17
-17
-15
-10
-6
-4
-5
-6
-10
-11
-11
-8
-6
-2
2
5
8
10
11
11
11
10
12
12
11
13
14
14
13
12
11
9
7
7
9
10
10
8
6
4
2
1
0
1
2
-1
-3
-3
-3
-2
-2
0
0
0
-1
-4
-6
-6
-8
-10
-11
-10
-8
-5
-2
1
4
3
1
-2
-5
-6
-4
-2
0
2
4
4
5
6
7
6
4
3
3
1
0
-1
-4
-5
-7
-7
-9
-8
-7
-8
-10
-11
-13
-13
-11
-11
-9
-5
-3
-2
-4
-5
-7
-9
-9
-7
-5
-2
0
1
3
5
6
7
7
9
12
14
15
15
15
14
13
13
13
15
16
17
16
14
12
9
7
5
5
4
5
5
3
2
0
-2
-3
-5
-4
-4
-3
-4
-6
-8
-11
-13
-13
-14
-12
-10
-10
-8
-9
-8
-8
-6
-5
-5
-3
-2
-1
1
2
1
2
1
1
2
3
5
7
6
4
2
0
-2
-2
-1
-1
0
-1
-4
-5
-8
-9
-8
-7
-7
-5
-5
-5
-7
-8
-9
-9
-10
-9
-8
-5
-2
0
2
3
2
2
3
5
6
8
11
12
13
13
14
14
15
16
17
18
18
17
14
12
8
6
4
2
2
1
1
1
1
1
1
1
-1
-2
-3
-4
-5
-5
-7
-8
-10
-11
-12
-12
-11
-9
-9
-8
-9
-10
-11
-10
-9
-6
-4
-2
1
2
2
3
4
5
5
4
4
3
3
2
1
1
0
-1
-1
-3
-3
-5
-6
-7
-7
-7
-8
-7
-6
-6
-4
-3
-4
-5
-5
-4
-4
-4
-2
-1
-1
