3
4
-6
0
2
-9
5
13
-1
-16
0
2
1
5
-9
-13
-8
-3
-9
-5
-10
-9
2
1
7
0
-1
4
9
4
6
-6
-15
-2
7
1
9
-3
-16
-2
19
21
-2
-9
-1
5
7
7
-1
-4
10
5
-1
-10
9
14
-7
-10
-7
0
-1
-1
-1
-4
2
7
0
8
20
9
3
2
5
6
3
1
4
-5
1
9
15
8
20
13
2
12
10
6
-1
2
-1
-2
-5
3
17
3
0
9
5
-10
-6
4
-11
-10
-13
-26
2
2
-11
-5
1
5
2
-3
-3
2
-2
-9
-1
-6
-13
-10
-4
5
-8
-9
-6
1
9
3
-2
7
2
-8
8
4
-1
-7
-10
-7
-5
-5
-5
-10
-16
-5
2
-1
-7
-9
-1
5
7
-7
-2
-8
-5
9
-5
-5
-15
-1
6
1
10
-8
0
4
16
5
-8
7
2
8
1
9
13
3
-2
6
19
2
3
-5
0
4
10
3
-8
2
6
2
-4
8
11
-5
-6
8
16
5
1
5
7
4
2
-1
2
0
3
-6
-3
11
4
1
7
6
5
5
12
6
-1
5
7
9
0
-10
-1
11
-9
-10
-14
2
-2
-9
2
0
5
-1
4
1
7
7
-7
-10
-10
-5
0
-8
-10
2
-11
-9
3
9
-1
-4
-1
-2
-1
7
-2
-9
-4
-3
-3
-4
-11
-14
1
2
-14
-2
4
-17
4
3
-6
-3
-6
-3
-18
-3
11
-10
-10
3
-3
10
10
-2
0
7
11
0
-4
3
1
5
-11
7
18
0
4
11
8
15
22
5
3
-3
9
-1
1
-4
-9
4
-10
-2
3
3
-8
4
8
6
-6
-14
11
-4
-2
-5
-17
-12
-2
0
-10
-10
1
7
-5
5
2
4
4
1
3
0
6
1
-6
2
9
11
-2
1
7
2
8
8
-2
3
4
4
8
-5
-3
6
9
3
-3
-1
8
10
-1
3
12
9
-4
-3
-3
5
7
6
-8
1
10
-2
16
12
4
10
-2
-2
1
5
4
-7
-4
2
0
-3
0
2
-7
-9
-2
-5
-16
-13
-4
-7
-7
-1
-9
-1
-15
-11
0
-9
-11
-25
-7
-11
-6
2
-13
-12
5
2
-7
-8
-8
3
-8
-1
-3
-4
5
-1
5
-6
-1
7
-5
-15
-11
0
1
-8
-8
4
4
5
-7
0
3
-10
0
-2
-9
-8
-6
-4
-2
17
5
-1
-7
6
5
0
12
-3
-5
-2
6
7
22
10
8
6
6
14
13
4
3
17
-6
2
11
14
13
4
-3
13
7
9
10
5
5
2
22
1
0
13
11
3
-6
-3
9
5
11
8
-4
11
8
17
14
-5
4
-7
0
9
-3
5
-2
13
8
-1
16
4
1
-7
-7
0
-2
-13
-18
-3
6
-5
-3
2
1
-6
0
-4
-7
5
-6
-19
-16
1
-1
-7
-14
-8
1
-7
-8
1
2
-3
-3
4
1
-7
-8
-1
-8
0
-3
-11
-13
-7
7
8
-7
-6
3
0
-3
-12
-2
-6
-2
-7
-15
5
-5
6
-1
-1
-5
1
6
-6
0
-15
4
-3
-5
7
-4
-15
3
9
-8
10
4
-4
-1
0
7
1
-9
2
3
-16
-17
0
0
-2
-4
-9
-1
-2
-4
-6
4
7
-7
-21
-8
7
-3
8
-4
4
-1
3
14
-8
-1
11
11
5
2
1
23
23
17
17
14
13
15
10
17
7
7
18
20
9
8
21
20
13
5
11
4
0
-1
5
12
-9
5
14
3
0
-6
-2
-6
1
1
-17
-18
-3
-7
1
0
-16
0
3
-8
-17
0
-3
4
1
-5
-6
-7
4
1
8
-5
-9
-1
-9
1
9
2
5
-2
2
10
7
0
-1
8
9
2
-11
-9
7
11
7
-10
-1
2
10
-6
-2
8
-11
-4
-6
-8
-7
-3
1
-7
-10
-11
-6
1
-19
-27
-3
-5
-26
-17
-21
-6
-5
-20
-12
-20
-21
-11
-9
-13
-24
-17
-2
3
-11
-3
6
-17
-15
3
8
-6
-11
4
-5
1
31
21
6
11
15
15
20
18
13
15
16
17
9
14
26
27
18
6
12
15
23
15
5
11
17
23
-5
-3
9
2
12
-1
-2
-3
-7
2
-4
-4
0
-11
-17
-13
-14
-11
-14
-11
-11
-11
-15
-8
-3
-24
-20
-12
-3
-11
-26
-15
-17
-14
-6
-6
-11
-6
-15
-16
-1
-1
2
-4
2
3
-3
3
3
0
-4
16
18
2
2
9
24
21
27
26
3
7
17
27
26
13
14
19
31
31
20
23
27
27
12
18
21
9
19
11
11
11
9
8
12
17
5
3
-1
1
7
4
-9
-9
-10
-14
-6
-18
-22
-9
-18
-20
-11
-12
-20
-28
-16
-12
-12
-23
-36
-18
-9
-20
-32
-24
-4
-16
-35
-13
-5
-23
-18
-8
-10
-8
-11
0
-5
-17
-9
7
1
-2
-8
-4
0
2
14
2
3
10
18
-1
-4
5
11
9
8
11
7
0
9
17
6
9
9
13
-4
8
5
-7
-2
5
3
-11
-6
3
0
-8
-4
-9
11
1
-5
-1
-7
-14
-8
1
-11
-7
-18
-15
-4
-3
-3
-6
1
-3
3
9
-1
2
-2
7
6
0
14
3
1
2
9
12
9
12
9
16
8
10
28
13
14
2
20
27
12
12
3
11
13
23
3
-2
13
17
9
11
10
3
16
14
6
6
7
5
2
-3
6
7
6
13
12
6
-4
10
11
-4
-7
4
8
5
-7
-2
11
7
12
6
10
-3
-7
-5
-6
3
0
-8
-8
2
-9
2
-2
-7
6
-6
-23
-17
-2
-1
-10
-19
-18
-10
-9
-13
-12
-14
-15
-13
-10
-13
-8
-16
-16
-13
-15
-25
-9
-1
-25
-18
-10
-2
-9
-12
-16
-11
-1
-6
-22
-13
-4
-21
-6
-9
3
4
-1
-12
-12
10
-4
-3
4
-8
-3
-3
0
6
1
4
-2
6
14
14
10
-5
-4
8
4
8
7
-3
-4
6
13
9
16
6
9
16
11
16
-2
-4
2
11
10
-3
3
6
26
33
6
1
9
26
25
10
14
11
11
17
21
14
24
21
10
17
21
28
18
-1
19
25
22
17
11
10
16
17
5
2
7
6
-3
-6
6
2
-5
-11
-6
-12
-15
-13
-16
0
-17
-21
-23
-31
-24
-16
-9
-27
-42
-28
-24
-30
-20
-18
-26
-22
-27
-31
-14
-17
-21
-25
-25
-16
-12
-11
-17
-13
-12
-12
-9
-17
-6
8
-2
-3
2
6
4
16
2
-4
6
9
13
2
10
20
11
25
27
21
35
21
10
17
24
20
21
19
15
9
20
42
24
5
30
29
16
19
9
23
17
9
9
-9
5
12
11
1
-2
-1
-3
-4
-4
9
1
-9
-18
-24
-17
-7
-4
-22
-19
-14
-9
-13
-20
-17
-12
-17
-14
-21
-34
-19
-19
-16
-11
-9
-3
-13
-15
-8
-1
-5
-17
-22
-18
-10
-7
-2
-1
-10
-16
-3
7
7
-2
0
-4
5
2
0
10
-5
2
-9
-2
13
9
-4
-3
7
16
18
7
6
-7
16
13
-8
-3
3
7
8
15
7
8
10
12
5
-16
6
5
4
-1
4
24
2
-7
15
17
7
15
0
-15
-1
8
14
8
8
15
13
8
7
18
10
6
-9
7
14
14
9
0
21
19
3
4
12
11
16
-2
-12
3
10
-4
-10
-5
-3
-2
-8
-1
-3
4
-5
-24
-25
-3
8
-22
-39
-28
-19
-16
-20
-20
-9
-9
-24
-32
-21
-12
-2
-29
-35
-15
-11
-15
-18
-12
-19
-5
-1
-15
-18
-13
-8
-2
-5
-9
-1
-10
3
-3
4
10
10
-4
-4
10
9
11
0
-7
-2
18
20
5
10
6
5
19
19
7
3
13
12
9
4
8
6
10
22
18
14
3
5
11
-4
9
11
14
8
-4
8
1
2
10
10
12
10
7
-2
-6
3
5
2
-2
-2
1
-7
-3
8
5
-3
-3
3
0
-8
-3
5
-7
-1
-4
-7
0
0
3
-3
-10
-6
-10
-9
0
-6
-1
-12
12
7
-3
5
-11
1
5
-1
4
4
-2
2
-7
-7
-5
17
16
-2
1
8
12
19
8
8
1
-11
15
2
-10
2
10
8
-2
-5
6
5
7
-5
-9
-16
-18
-19
-9
8
2
-13
-23
-7
-9
-10
-27
-30
-33
-19
-8
-34
-34
-6
-7
-18
-24
-19
-24
-16
-13
-19
-10
-16
-18
-8
-8
-9
-10
-19
1
-1
-1
0
3
-2
13
21
7
20
9
5
12
6
4
20
20
17
30
23
20
24
5
13
26
21
8
11
25
26
25
12
12
13
20
24
14
6
11
-1
2
9
5
7
6
17
12
3
-12
-6
-6
5
6
3
5
-9
-20
-22
-5
0
-10
-12
-16
-6
-5
-12
-15
-11
-1
2
-5
-20
-20
-20
-18
-1
-3
-21
-14
-6
0
1
1
5
-6
-10
-4
-15
0
0
-12
2
2
-10
-1
4
0
9
9
4
-4
2
4
-4
-2
2
17
-1
-11
-13
2
10
1
2
-9
-4
-6
-6
19
7
-4
-9
-17
4
0
-2
-8
-20
-2
-10
-9
-8
-21
-2
-13
-9
-1
-9
-2
-2
-8
-7
-5
-13
-8
-13
-9
-8
-19
-18
-9
1
3
-3
-16
8
8
8
6
1
6
1
-2
4
13
-3
12
11
2
-4
9
23
27
21
20
16
-1
29
28
12
10
20
1
19
22
12
18
-4
20
11
15
18
0
11
12
8
3
15
1
-4
9
2
-1
-3
-7
-1
5
-4
-12
-11
-3
-5
-14
-1
-6
-11
-10
-10
-7
-9
3
-7
-12
-15
-15
-10
-16
-17
-13
-6
-12
-21
-7
-1
-12
-14
-5
-6
-2
0
-2
-21
-17
-15
-18
7
5
-15
-24
-3
0
4
12
-10
-12
2
6
-6
0
-4
13
10
-13
-1
0
3
8
0
-2
2
8
7
9
17
6
0
6
18
3
4
-1
0
5
-4
5
8
18
8
-7
-7
-8
6
19
6
-2
-3
12
6
-10
-13
-11
-3
1
-3
0
-6
-6
-1
-3
10
-5
0
-5
-15
-9
-13
3
-10
-3
3
-4
0
-20
-7
-8
-13
-1
6
8
-7
-10
10
12
-7
7
5
-9
-17
-11
2
3
13
-2
8
12
20
3
-1
8
18
19
-9
-7
7
7
16
7
-15
-1
9
15
8
13
1
-6
2
3
11
1
3
11
3
-6
-4
-4
-7
-6
-6
-3
6
0
-7
1
0
5
5
1
7
8
-4
-20
-3
-2
1
7
-7
3
14
8
-5
-2
11
-4
7
4
3
14
9
0
-8
2
-1
-6
12
15
3
-3
-1
6
0
7
5
-8
-4
8
-12
-4
11
13
5
-2
-5
-7
6
-6
-1
-6
-15
-5
-1
-9
5
14
-1
4
-3
-7
-11
1
-1
-6
2
-2
-11
-13
-3
4
3
-15
-7
-5
1
-9
-2
4
-9
-11
-19
-4
-1
-9
-3
-14
-19
-18
-10
-4
-13
-10
-3
3
-16
-8
-2
-9
-11
-24
-9
0
-15
-16
-18
-6
10
5
-5
-8
-6
3
8
-1
-6
-1
-4
2
13
13
-6
4
15
10
28
4
-6
12
20
29
26
19
15
0
-1
33
28
18
22
11
22
22
7
10
12
22
17
17
18
14
22
23
18
-2
4
14
8
3
-8
-5
5
6
4
7
15
9
-8
-10
-6
-15
-3
-5
-16
1
-9
-6
-7
-12
-13
-18
-21
-13
0
0
-7
-15
-5
-8
-20
-15
-4
-14
-19
-19
-7
-6
-8
2
-15
-4
-4
-11
-6
-14
-11
-14
-9
-5
-2
3
-12
-20
-2
-14
-18
-10
-8
4
-2
-10
-4
3
-12
-24
-16
-8
-11
-6
-13
-10
-11
-11
11
4
-9
-1
-7
-4
-14
5
1
-14
8
5
6
-2
-2
4
3
8
12
8
12
8
11
13
18
16
16
11
1
9
21
25
10
18
14
6
13
23
24
22
16
-4
17
17
11
16
7
11
16
8
9
10
15
19
9
-2
-2
-8
-1
1
6
15
-5
-4
-5
3
-1
-2
2
2
-11
-7
-7
-15
-16
-1
3
-4
-13
-34
-6
-13
-1
-6
-20
-8
3
7
-10
-13
-11
-5
-15
-12
-9
-12
-4
-6
-6
-3
-18
-2
4
-2
-5
-12
5
3
3
2
-9
-16
-5
5
5
14
-7
-12
2
-1
4
-4
-8
-3
12
5
-11
1
6
18
15
5
-6
10
6
-13
2
-10
-8
0
3
9
6
4
12
8
3
3
0
2
0
10
12
3
-5
-7
-8
1
6
-2
-9
-1
1
-8
-5
-9
5
6
0
2
-6
-3
-1
-8
-4
-8
-18
-14
-2
-10
-12
9
1
-10
0
4
8
8
6
-4
-3
-4
7
11
-6
1
10
1
8
7
-5
5
11
-2
13
16
-1
10
23
16
4
3
-7
5
14
5
4
-15
0
8
6
13
-8
5
0
19
19
-9
1
0
5
-2
-1
-2
-6
6
-11
-13
7
16
-1
-13
9
-1
-4
8
2
-4
-5
-4
-12
-4
-5
1
-1
-10
-16
-8
5
-4
-4
-12
-6
2
-3
-5
2
-3
2
3
-5
-11
-7
-1
-3
-7
14
10
1
19
1
-4
1
17
21
-6
0
18
16
12
8
9
16
16
11
4
1
-7
1
7
9
11
4
8
4
11
19
5
-13
-10
-4
5
-5
-5
-16
-18
1
-17
-10
-3
2
7
-8
-14
-8
7
-2
-11
-3
-17
-8
-13
-20
-18
0
2
-11
-12
-7
-5
-2
8
7
2
-14
-19
-10
-4
-5
1
-15
-24
-13
2
-1
-3
-2
-13
2
8
9
-10
-4
-2
0
-1
-16
-2
15
12
-5
11
13
5
6
8
9
11
18
15
6
12
18
5
16
26
18
-4
1
22
30
11
-4
5
12
17
18
24
8
7
5
-4
8
7
9
4
11
-5
-2
9
2
7
7
7
2
-8
-7
12
-5
-3
-4
0
-6
5
12
-4
-1
3
-5
-15
-17
-4
9
-3
-19
-11
1
-3
12
-5
-23
-19
-4
-5
-8
-16
-20
-22
-19
-20
-17
-10
-11
-12
-20
-19
-22
7
-6
-14
-5
-8
0
-19
-8
-22
-24
-10
1
5
0
-6
-15
9
9
14
20
13
6
8
6
14
4
1
5
-2
2
-1
8
-5
-1
16
17
14
7
8
11
4
2
6
-3
0
4
-8
-1
-7
-9
13
3
-2
5
10
11
2
8
20
14
14
7
6
5
27
23
-1
2
3
4
7
15
9
18
16
9
14
8
16
13
12
-7
-17
-8
-8
6
13
1
-2
-4
-6
-6
-9
-7
-22
-14
1
-11
-10
-1
3
2
7
4
-2
-9
5
-11
-13
9
3
-9
-12
3
-2
-4
-3
2
11
-1
-4
1
-4
5
-10
-16
-20
-7
4
-5
-18
-23
-9
-19
-14
-5
-2
2
-9
-16
-7
-11
-1
-12
-10
-6
-5
19
-9
-13
5
2
12
22
5
-14
-7
2
8
10
8
3
0
1
10
17
11
-9
-8
1
4
1
11
6
-7
-4
-4
-9
-17
-5
-6
4
0
1
1
-5
4
9
3
1
10
3
5
1
-2
7
-3
-3
15
6
9
18
7
-3
0
17
-1
1
19
7
1
8
7
-8
-9
-5
-1
-1
-8
-17
-9
5
-1
-11
0
5
4
8
-4
-24
-7
-1
-10
0
18
6
6
10
-7
13
12
-2
-1
4
9
-7
6
27
7
16
14
12
8
0
14
12
19
-7
-7
10
-3
-2
-2
5
6
-3
1
5
-9
-10
6
11
5
2
-9
0
3
-13
1
-9
-9
3
-11
-14
4
15
1
-15
3
3
11
9
0
3
-8
-20
-6
2
-6
0
4
-4
-5
11
2
-16
-9
-13
-15
-7
-2
2
-9
8
-10
-12
5
-4
3
-13
-15
-10
-15
-13
-6
-5
6
2
-10
-16
-1
6
1
-5
-11
-5
-15
2
3
-7
1
-8
-12
-5
1
2
1
-5
-23
-6
-2
-2
3
-7
-5
-8
9
-8
-8
4
1
5
4
3
1
7
11
10
-9
1
6
0
18
24
12
10
22
22
21
8
11
23
27
26
20
12
8
0
14
13
12
16
0
14
6
18
32
18
12
-5
9
11
-7
-20
-16
4
-2
1
1
-10
-3
-6
-6
-12
-7
4
12
9
-14
-9
-4
-5
-5
-1
-6
0
1
-12
-14
-5
0
-12
-7
-1
5
-3
8
14
0
2
-9
-19
-14
-17
-10
-13
-10
-7
-13
-16
-21
-8
-8
3
9
-6
-14
-15
-3
-6
-8
-7
-21
-6
-12
-7
-3
-3
-2
-4
-1
4
6
-1
-4
-10
4
3
26
16
-13
-7
-2
-5
-3
-2
-3
-1
-3
13
16
-2
1
-3
1
19
-3
-4
14
11
19
12
-13
-15
2
16
8
7
12
8
13
21
21
12
9
10
-4
12
16
2
5
7
13
2
4
-8
9
13
-4
-9
-22
12
14
-8
-19
-13
3
0
-21
-14
1
-6
2
-11
-24
-8
0
-11
-9
-4
-3
2
-1
-7
-10
-6
13
6
12
8
-7
4
20
1
-4
5
7
2
-8
2
-1
6
2
14
27
8
-7
-7
1
-1
6
3
-5
-9
-11
3
4
-3
1
-4
8
0
-2
-2
8
8
3
-2
-8
1
-2
6
10
11
-5
-11
3
12
4
8
4
2
0
0
-2
-5
5
0
-14
0
7
5
14
0
-15
-21
-3
-5
4
0
0
-9
-17
16
9
4
4
-12
-9
2
3
10
12
9
-1
10
4
7
3
-6
-4
-6
13
20
14
-2
-3
9
5
-12
5
10
0
0
-6
2
-14
-9
-13
-12
0
-16
-11
1
-12
-4
9
-5
-10
-11
-6
-9
-13
-17
-17
-10
-4
-1
-6
-9
-10
-3
-6
-1
-4
-4
3
7
-9
-12
3
-9
0
-21
-12
2
7
9
-8
-4
-10
-4
-3
5
-3
-4
1
11
15
2
-2
-5
-5
3
16
15
12
8
13
16
2
4
15
10
9
24
14
9
18
18
7
10
11
15
20
5
14
11
6
6
11
-5
-2
-1
-5
6
-1
-5
-12
12
12
0
0
-3
-8
-9
0
-5
-8
-13
-7
-8
1
-8
-24
-4
2
3
10
2
8
-1
-8
-3
5
-11
-7
-11
1
6
5
-3
-9
14
5
2
-11
-5
2
6
10
-6
-7
4
1
-4
-8
8
4
-7
10
3
-4
2
-15
-3
1
-13
6
-1
9
-1
2
0
5
0
-12
-2
-20
6
9
-8
-9
-3
2
-2
-9
-5
-9
2
-2
-10
-9
-22
-3
6
-5
-19
-23
-5
3
-5
2
3
-7
-4
-10
2
-10
-19
4
-5
-1
-3
2
6
4
16
17
9
-2
-7
0
19
24
6
-9
4
14
6
3
23
14
-5
0
17
24
9
9
-1
2
-4
-5
8
9
9
-2
-2
7
2
9
-1
-7
10
3
-7
-9
-2
12
6
8
4
2
15
-3
-5
5
3
2
-6
-3
5
3
4
-5
-8
2
25
8
-8
0
-2
-2
-12
2
0
-6
-11
-19
-1
2
-10
-5
0
-5
6
7
-3
-4
-2
-10
-9
2
0
-6
-22
-3
5
6
1
1
-2
4
5
5
-5
-22
-5
-7
1
0
10
8
2
-1
-13
-15
-24
-3
-8
3
0
-11
1
-11
-2
-16
-3
-1
1
2
-13
-12
-22
-19
-9
6
5
-11
-8
-13
-8
3
0
-16
-27
-3
-7
-2
7
-2
-8
-8
-11
-16
-4
-6
0
-1
4
-1
-4
3
-13
-9
3
5
11
5
8
9
-1
-11
-5
13
23
20
2
10
19
19
12
9
16
13
24
20
14
13
14
32
31
33
15
0
16
19
34
24
1
12
24
33
21
16
21
12
19
11
-3
1
6
11
14
6
-2
-6
-4
3
-3
-4
0
-6
1
-4
3
0
-22
-14
-8
-9
-17
-18
-18
-15
-7
-3
-23
-14
-4
-11
-12
-12
-6
-10
-5
-11
-17
-22
-24
-11
-12
-21
-11
-16
-35
-16
5
6
-5
-13
-12
-8
-7
-17
-9
-13
-16
-8
-14
-19
-4
3
-2
-3
1
-21
-8
10
-4
6
-1
8
-8
-21
-8
1
3
-16
-9
9
-2
-13
0
-2
0
-13
-12
8
13
9
-10
-17
5
0
1
1
-1
-4
-6
17
1
-6
-2
14
10
10
12
10
13
5
9
7
6
13
15
14
17
2
2
12
6
6
2
13
9
25
13
3
20
14
17
1
2
6
10
2
3
2
2
16
8
4
14
6
11
-5
-10
-7
-5
18
6
6
5
11
10
3
1
-6
-18
-1
15
-3
8
5
-5
-6
11
23
-12
-7
-7
3
13
8
7
-2
3
-1
-6
-14
-6
-8
-1
0
-12
-6
-11
6
2
-6
-14
-24
-8
-13
-18
-12
-8
-9
-12
-15
-12
-14
-5
-17
-21
-6
-2
-9
-25
-9
2
-8
-20
-4
-1
-8
-11
-11
-5
1
-7
-13
-2
-7
8
-3
-7
-4
-3
-2
-6
-1
-6
0
4
-4
6
12
-1
-3
2
1
14
12
2
-1
1
6
26
24
8
7
10
5
4
11
10
25
3
9
18
-1
16
14
-2
-9
2
11
3
-3
-3
-5
-1
5
-2
-10
-19
-10
-12
4
8
-5
-8
-9
3
2
-11
-17
-16
-6
11
6
1
7
3
0
0
-9
-1
-4
-9
9
11
8
9
-5
-18
0
-4
0
-8
-9
-9
-7
6
-4
0
-8
-10
-13
-11
-3
9
4
1
-3
-3
-11
0
5
8
17
3
1
7
5
3
8
12
12
18
26
0
-19
3
15
11
17
12
-5
0
5
5
-1
3
-2
-9
-1
8
9
7
-8
1
-4
-7
-5
-1
0
5
5
-9
4
0
15
15
-7
-8
-11
-2
-3
-7
-3
-5
2
-4
-8
-10
0
0
4
6
-6
-15
-18
-3
-16
-6
-19
-23
-10
-11
7
-6
-17
-17
-7
5
-10
-10
7
1
-7
-2
-16
-21
5
-6
-14
11
7
-7
-7
-4
-6
2
-11
-9
-1
-1
-2
-3
1
-6
3
-8
-3
-7
-6
-13
1
12
-10
-19
-23
-1
7
2
1
21
4
7
7
-3
-7
-2
13
17
22
2
4
6
14
10
18
14
17
18
16
16
12
10
10
20
16
25
19
13
-2
6
15
7
2
0
12
8
14
12
4
-8
-11
7
5
11
2
-7
13
14
16
5
-13
-8
-12
-10
-9
-9
1
-6
-1
5
-1
-14
-13
-1
1
-8
1
-2
-3
-12
-9
-4
-7
2
-12
-18
-19
-7
0
-2
-23
-27
-14
3
-1
-13
-21
-16
-2
1
-6
-28
-13
3
-10
-2
6
-15
-20
-17
-23
-14
-12
-16
-16
-23
-5
2
-4
-4
0
-4
-3
-5
-8
0
9
-3
-3
-8
-3
-5
1
11
-2
-5
-1
11
12
19
15
18
19
14
13
8
13
25
21
16
9
9
17
25
15
12
11
17
20
13
22
8
13
23
12
2
-7
-6
4
-2
5
12
-3
11
10
-3
1
-6
-5
1
5
-7
-6
7
6
13
-4
-13
0
1
-2
-11
-15
-2
13
14
-4
-4
-1
-2
0
-8
-16
-9
-13
-7
14
0
-1
-9
-16
-2
-18
-15
-20
-23
-21
-30
1
-5
-13
-6
-4
-1
-14
-16
-20
-10
-9
2
9
-18
-16
-21
-1
11
-3
-9
-13
6
-3
-5
-1
-2
9
-2
6
15
8
7
-14
5
6
6
13
1
9
18
17
3
-3
-3
7
6
-1
7
19
-1
4
16
12
10
11
9
11
20
16
13
-9
-9
17
16
9
7
-1
0
-4
3
6
14
12
-9
2
2
-6
6
6
-5
-3
-5
1
-3
-9
-6
-12
4
-8
-11
4
2
1
10
-1
4
-6
-5
-4
-22
-9
-5
8
-11
-6
4
0
-9
-25
-5
7
2
-3
-7
-6
-19
-12
1
-3
-4
-19
-25
-5
-7
-10
1
-5
-5
6
-2
-10
-4
10
12
-6
-3
-14
1
11
-2
1
-6
-2
-1
4
-3
-6
5
0
-9
6
9
7
6
-2
-8
-1
9
18
15
6
12
8
-2
-15
-9
5
10
17
11
17
14
10
7
15
16
7
4
4
10
4
5
16
13
20
17
18
-14
-15
10
6
6
1
10
1
5
1
-4
0
0
-1
5
3
-6
-11
-11
-5
-9
0
-15
-6
-7
-12
-1
-2
-3
-15
-13
-4
-6
-3
-5
-10
2
-6
-5
0
-1
-1
-2
-12
-7
-4
-9
12
0
2
-6
-22
-12
-2
-1
-3
-14
-19
-21
-7
-6
-21
-10
-3
-8
2
-1
-8
-8
-9
-12
-9
-1
-5
-12
-3
8
-1
-5
-13
-5
10
19
7
-5
-11
7
14
9
8
3
9
-5
7
11
20
11
1
14
15
10
13
9
5
12
11
1
15
22
12
20
20
4
17
18
12
23
-10
3
3
-12
-4
3
14
16
-12
-11
-15
-9
9
6
-12
-29
-4
7
-3
-4
-16
-8
1
-16
-6
5
-2
-8
0
4
6
1
4
6
6
10
4
7
6
26
19
-4
8
10
7
-4
1
15
9
3
5
15
5
-2
4
-10
-16
-1
3
-17
-9
-10
-8
7
-3
-5
-24
-15
-15
-7
-2
-15
-2
-13
-20
-15
-19
-2
-11
-18
-9
-8
-9
1
3
-4
-10
-5
11
1
-17
-9
-5
-18
-10
-5
8
1
0
3
-14
-18
3
4
9
2
-10
0
-9
-1
-6
-1
-9
-9
-4
-2
13
9
-3
-8
5
18
12
11
3
6
9
11
11
2
-4
2
16
13
17
18
23
10
-1
-6
17
19
11
20
9
6
15
17
0
-3
10
23
4
4
15
8
21
8
-6
-4
-2
-2
7
5
-15
-8
11
7
13
24
0
5
2
-3
1
-3
4
-2
-1
-8
-5
-7
6
-3
-3
10
-1
1
12
2
-6
1
0
-1
1
12
-6
2
8
-14
-15
-2
1
-15
-5
2
-3
-17
-19
-4
-3
-12
-28
-13
-3
-16
-25
-26
-31
-20
-4
-11
-28
-29
-18
-27
-26
-22
-17
-31
-24
-17
-24
-17
-10
-12
-27
-19
-23
-7
-9
-19
-9
-6
6
-6
-5
0
-2
2
9
7
-5
13
18
8
19
11
3
7
2
10
18
6
17
15
11
16
13
34
31
34
34
26
27
25
10
9
27
24
29
31
31
33
25
8
15
29
24
12
15
19
25
24
10
10
13
19
14
20
11
1
3
2
14
-9
-23
-8
2
4
-6
-11
-12
-4
-1
-10
-14
-5
-16
-17
-4
-13
-12
-4
-9
-11
-6
-22
-27
-27
-12
-8
-31
-26
-12
-18
-17
-16
-30
-15
-13
-24
-4
1
-12
-2
-9
-11
-9
-13
3
-13
-22
-14
-14
1
-3
-8
-3
8
-3
-17
-6
3
5
0
3
9
-3
-6
-2
1
1
-3
8
9
-5
5
18
-5
5
13
8
9
3
-2
10
1
-8
13
16
10
2
10
16
11
14
10
8
11
-3
-6
4
-5
-6
9
8
-1
-2
8
21
18
2
3
-4
-1
9
-1
-7
-4
11
-2
-14
1
22
4
-10
3
2
5
4
7
9
9
19
11
6
4
4
1
4
11
0
0
2
5
30
22
-4
-11
-1
13
17
11
8
12
7
12
-5
-8
-5
-9
-4
2
3
1
-5
-5
-8
-17
1
-1
-11
-12
-14
3
-3
-8
18
3
-5
-8
-5
-7
-6
0
-6
1
-16
-20
-24
-27
5
-2
-11
-11
-3
10
8
-5
-6
-1
-3
-6
-7
-4
-11
-17
-12
4
-14
-10
15
9
1
-2
6
6
6
9
6
5
5
-9
-8
-4
-1
9
1
0
10
16
-4
6
12
3
1
10
21
19
11
3
-13
-5
8
10
12
-8
5
16
16
26
23
9
23
25
-5
-6
9
1
-2
9
-1
-3
6
-8
3
-8
-12
-7
-6
-3
-7
-5
-4
5
-2
3
5
3
-2
-14
-10
-7
1
-12
-7
-4
7
18
-7
1
-3
-3
1
2
11
7
3
7
3
-13
-11
-5
3
-9
-10
-4
4
3
8
11
-13
9
-1
-1
6
-1
6
-3
8
5
4
1
3
-1
4
-4
-4
20
9
4
-5
2
-3
4
-8
-13
-15
-21
-3
-15
-5
-17
-23
-20
-9
12
7
-3
-15
-13
-2
9
-13
-18
-5
-12
-5
2
-9
1
17
-5
1
5
6
6
-3
16
20
22
6
2
5
17
21
9
4
11
22
9
18
21
0
0
-8
1
18
14
10
3
3
12
17
2
-12
5
26
27
-10
-22
-18
-8
-2
4
-5
-15
-14
-16
-2
1
-7
-21
-21
-4
-8
-8
0
1
3
-2
2
-15
-13
4
-5
-3
-5
-4
-7
-13
0
4
-14
-7
5
3
-7
-9
-3
-10
-2
-11
-8
-5
-11
-4
0
-10
-14
-14
-10
-2
0
1
-4
-4
8
2
-12
2
7
-5
-6
-4
2
18
11
8
31
26
14
3
16
10
2
15
31
23
3
11
11
28
17
6
13
19
15
10
13
7
15
15
14
8
13
4
11
4
0
6
-1
-20
-5
9
-5
-14
-13
-5
-7
5
-5
-19
-17
-1
7
-8
-6
3
-8
-24
-20
-1
7
9
-7
-7
-5
1
-9
-10
-1
-12
-2
11
4
-11
-15
-6
-3
2
5
-11
-12
-3
-9
-8
-8
-15
-7
-7
-5
-3
-24
-12
-2
-8
11
-11
-1
1
-1
7
-1
6
2
7
-11
-17
1
14
4
1
-7
-4
2
-6
-13
-8
4
1
12
9
-13
-10
-9
0
10
-10
-17
-8
0
-10
5
15
-3
12
13
3
-12
-22
-10
1
0
-18
1
-1
6
12
3
-6
-2
-4
-15
10
11
7
0
-1
-5
0
7
2
2
3
4
5
8
6
-9
-2
14
11
18
12
2
5
1
0
4
4
5
13
11
5
5
5
6
-4
1
17
16
9
1
-3
5
15
-8
5
15
1
16
7
15
14
2
8
2
0
-6
3
16
8
-8
-23
-20
-4
-2
-12
-20
-27
1
11
-12
-15
-10
-6
-4
-1
-9
-9
-2
0
-9
-6
2
-1
-4
-4
-3
-12
0
15
10
5
-2
5
2
-2
4
14
-11
-17
-6
-17
-28
-19
6
3
-6
-11
-14
-19
-22
-11
0
-5
-7
2
-6
-2
6
-1
-6
-13
-3
9
8
3
2
5
-10
-10
-3
-3
2
3
0
7
1
-8
-2
3
6
2
-1
12
3
-2
-4
-6
9
4
5
1
4
-1
3
9
-1
7
14
-4
-1
16
9
13
15
6
-4
-3
17
9
4
10
-2
6
8
-5
-9
-12
-10
13
17
3
4
1
9
17
18
19
8
2
6
4
5
8
5
-4
0
8
5
8
-2
-1
-9
-16
4
5
-8
-9
-4
1
-10
-18
-18
-12
-6
-16
-13
-2
-14
-25
-5
-2
-1
-18
-23
-3
7
2
-10
-6
2
8
14
12
-16
-8
1
4
1
-5
4
3
-3
-2
-7
-6
12
5
2
-3
3
16
13
1
4
13
3
2
-7
-13
13
5
-5
-5
-8
3
13
15
-2
-20
-3
20
12
1
3
6
7
4
6
-8
-16
-4
-2
4
-9
-16
-9
5
11
2
-9
-9
3
-4
15
8
-17
-11
-5
1
11
-5
-5
5
-5
-7
-10
-1
14
8
-17
-2
10
13
3
-1
2
6
10
-17
-11
9
5
-3
-8
-2
-2
1
-6
2
14
5
-5
8
19
2
12
17
14
1
-11
-12
-7
4
18
13
6
-5
-2
3
3
6
1
8
-4
-6
-4
15
9
-5
0
-5
-9
-16
-14
-5
-1
1
-7
-7
8
-2
-7
-6
-8
-7
10
10
-1
7
11
-5
5
16
-7
-4
-8
7
6
-3
13
7
5
8
2
-1
2
8
5
-9
-24
-10
-3
-5
7
-6
-12
-2
-2
10
14
1
7
-3
-7
2
-6
10
5
-11
-4
-13
1
-11
3
14
0
0
-11
-4
2
4
5
3
-12
-9
-18
-4
-7
-8
-2
-7
1
-10
-12
-7
-5
1
0
-15
-18
-9
-11
7
3
-5
9
6
-15
-13
-6
-1
19
16
7
-8
-1
12
1
-9
-2
-8
-16
-9
2
-3
-8
8
27
17
9
11
4
4
-1
12
8
-10
-10
-4
-6
-4
6
9
-2
3
11
13
11
4
4
13
8
-3
-3
3
15
7
25
14
1
9
-6
-10
3
9
0
-9
0
8
-14
-6
6
3
-13
-4
-4
-5
2
-13
-2
2
13
9
9
-4
-6
-3
-16
-6
-5
-4
11
15
11
14
10
19
21
3
-8
4
20
29
17
5
-2
-4
9
12
-1
-11
1
-2
-11
3
7
2
8
-2
-12
-5
-12
-6
-5
-2
-7
-21
-11
-11
6
-8
-20
6
0
6
1
-9
-4
-13
-3
4
3
-13
-16
-28
-18
-12
-12
-12
-10
-7
-3
1
-23
-18
-16
-15
-13
-13
-10
-3
4
0
-5
-3
5
6
-5
-10
-14
5
-5
-8
-2
-2
3
0
-3
-16
2
-8
-3
16
14
-2
2
16
21
19
12
5
2
-3
-2
7
9
3
9
18
13
22
22
7
13
11
15
26
23
21
25
18
20
24
23
4
6
11
3
10
18
14
8
7
4
-1
11
15
9
10
-9
-10
7
8
-1
-13
-2
11
-1
-14
-13
-13
-4
-5
-9
5
-2
-19
-23
-20
-11
-14
-22
-16
-15
-13
-24
-4
5
-14
0
1
-9
-21
-11
-7
-10
-9
-18
-18
-28
-23
4
-4
-14
5
-7
-15
9
-16
-17
-13
-12
7
15
2
-20
-19
-9
-5
-6
1
-9
0
4
-4
-2
11
12
11
15
12
20
14
12
6
-2
-4
-7
-5
-1
5
0
3
10
2
13
3
2
5
-3
2
-7
-3
-4
-2
1
-4
12
15
-1
-5
-1
-1
-10
10
6
10
6
-6
11
-13
-10
-6
-4
12
24
18
2
1
12
18
19
11
-3
2
6
16
9
12
8
-5
-2
-2
26
27
-1
-6
-15
6
5
-2
-2
-5
-5
4
6
-4
-3
-4
12
6
-1
-21
-18
0
-4
2
-11
-20
0
10
-7
-9
-6
-21
-21
-4
13
-1
0
10
9
-1
0
3
-8
0
4
2
-6
-3
-5
3
3
-17
3
4
-4
-22
-2
15
4
-10
0
15
16
24
11
-1
-7
-1
24
24
-8
-8
-1
-7
-2
4
-15
-13
5
0
0
-5
-9
-9
-14
-2
-3
-2
2
-1
7
3
-2
-12
-15
-21
-13
-11
-17
-12
-20
-11
15
7
-14
1
8
-9
-8
-2
3
10
2
5
7
7
-18
-20
5
0
-5
-3
-5
-7
-15
-5
-7
-7
-4
-10
-18
-9
-9
-7
9
5
10
3
13
2
-1
8
0
-13
-4
-1
-1
3
8
21
2
15
11
14
15
2
-2
-5
5
7
-5
-2
8
4
5
-6
10
4
-5
10
5
8
8
-2
-2
-4
6
10
-1
6
7
1
7
5
12
21
12
18
9
1
19
22
16
13
7
2
-8
3
-3
17
23
-12
-11
-8
0
0
-7
-14
4
7
-7
-14
-12
-5
-7
-8
-6
-15
0
15
-19
-2
-1
-7
-12
-25
-5
13
9
-9
-14
-11
10
-7
-22
-5
0
-3
-5
-2
-3
-3
-11
-2
14
4
-12
0
-19
4
14
-1
0
-10
-11
-3
5
-10
-21
-13
5
7
-17
-19
9
7
1
-6
0
0
-8
4
-1
-3
-2
5
-2
-5
3
-8
3
-13
-5
7
-2
6
-5
6
8
14
1
0
9
-8
12
9
-4
2
17
13
8
7
12
28
16
10
3
2
4
-5
9
12
7
3
4
9
4
2
5
6
14
1
-2
-1
4
16
4
-13
-15
4
2
-8
-17
0
-4
-10
5
-13
-13
-20
-26
-25
-21
-5
-8
-16
-19
-19
-7
-9
-11
-10
-2
-1
-2
13
-3
-15
4
3
1
10
6
2
11
10
8
17
9
3
3
3
10
6
4
-7
-16
4
9
12
14
6
13
2
-13
1
5
9
2
0
11
2
5
-3
2
-1
-1
9
1
16
6
13
30
16
16
3
4
12
19
6
-16
-19
-21
-2
17
6
-9
1
-5
-10
-8
-7
4
5
-1
-14
-16
-2
-10
-9
-13
-5
0
-8
-4
-10
-7
-6
-3
4
-2
-13
-3
1
-2
7
11
6
9
-3
-3
11
0
2
-2
-5
4
3
-2
4
7
-7
-7
-9
-7
8
4
1
-10
-9
-3
7
-4
-21
15
4
-5
-12
0
11
5
0
-12
-13
-2
1
-2
-9
3
18
9
-5
-6
3
-4
0
-8
-5
0
-7
-5
-2
1
1
-20
-19
1
7
-3
-5
4
5
7
4
-12
-13
4
15
10
-5
-21
-3
-3
-17
-5
5
8
8
-3
1
12
14
10
-3
-6
6
12
-9
-11
-1
3
8
-5
-6
-3
8
16
16
19
20
15
0
3
13
10
24
20
14
15
15
21
12
8
3
1
5
3
18
12
-6
3
18
4
-4
-1
5
-8
-4
7
-4
-8
-12
-8
-4
1
9
1
-2
-10
-10
-1
3
0
-12
1
-2
-9
-13
-14
-5
-29
-21
3
-4
-4
0
-16
-20
-11
-16
-7
0
-3
-13
-14
-22
-18
-17
-9
-4
3
-7
-24
-14
-15
-8
-6
1
-10
-6
0
-12
2
-10
-11
-9
-14
-2
11
0
3
9
-4
10
-2
-6
10
-2
-2
1
-1
-4
6
16
2
6
13
8
5
19
27
22
16
12
9
14
22
16
4
6
18
8
3
6
2
3
11
0
-2
16
5
8
6
0
14
4
-7
-3
5
1
-2
8
11
6
-5
-6
-15
-7
7
6
0
-1
12
-2
7
9
11
10
1
14
7
6
10
4
3
-7
-5
2
-5
-3
-7
-6
-1
1
-2
-6
-10
-15
-18
-15
-7
-13
-13
-20
-19
6
-12
-18
-14
-4
4
-20
-19
-10
-2
-17
-17
-6
-24
-20
-2
3
21
7
-14
-4
0
0
-7
-2
-1
-2
-1
-2
6
-9
5
-2
-9
-10
-9
5
-13
-8
-1
10
5
-6
-1
-2
-3
1
1
-8
-1
5
1
2
-4
-10
-3
-4
0
11
15
11
3
13
15
13
17
9
12
8
9
4
-2
8
0
-6
-2
12
15
17
12
12
36
26
14
6
8
20
17
7
3
5
8
2
0
0
4
2
2
0
0
7
0
10
8
2
-9
-4
18
18
3
5
2
-7
1
-2
3
3
9
12
2
-5
-13
-9
-7
-6
-8
-15
-1
-10
-30
-16
-8
-25
-14
-3
-1
-17
-26
-16
-18
-10
-18
-14
-11
-11
0
-7
-9
-9
-5
-7
-11
7
12
8
7
-9
-12
-11
1
-3
-8
8
5
-4
12
13
5
-5
-12
-7
-3
6
8
2
-4
-9
3
-3
-4
-7
-24
-18
-25
-13
-4
-15
-5
-1
-14
1
2
-9
-6
-9
-8
-11
9
8
-12
-15
-13
6
12
0
5
18
11
13
2
3
27
14
0
16
15
7
12
0
3
4
12
9
2
5
9
8
7
3
4
4
-7
15
5
1
13
9
5
-1
4
5
5
4
9
-6
-3
11
22
30
13
20
7
12
27
14
1
-3
12
-4
-13
-7
-12
-4
-9
-20
-17
-21
-19
5
1
-2
0
-1
-10
-1
-9
-14
-10
-6
12
-6
-6
-1
6
7
7
3
-7
-9
-6
-22
-19
-7
0
6
2
14
-5
1
15
7
8
10
20
13
24
22
14
6
12
22
7
2
-1
9
23
8
2
0
-17
0
-4
-4
0
-7
-30
-25
-15
-26
-25
-22
-23
-13
-3
-1
5
3
-10
-15
6
4
-2
-12
-16
-5
-8
-7
-17
-16
-8
-3
-2
-14
-17
12
26
12
15
3
1
-7
0
0
-9
11
14
1
-8
-1
-10
-6
6
-5
-8
2
0
-7
-7
-7
-20
-6
21
12
1
-6
-4
7
22
23
9
-4
-10
6
20
12
7
1
-2
-17
-8
19
3
1
-3
-17
-7
5
6
4
13
8
-8
2
13
12
21
-3
12
7
6
14
-1
10
7
8
1
-7
14
12
4
8
-5
4
3
26
12
-5
8
3
10
0
17
9
6
5
11
17
-5
-4
-4
2
-2
-16
-17
-8
-3
-4
-10
-16
5
-1
-17
-17
-21
-9
6
4
1
2
-12
-12
-9
5
6
-9
-12
-7
8
10
13
8
9
-12
-7
3
0
4
-3
-3
1
14
-6
-4
-4
-4
-10
-20
3
3
5
7
2
3
1
13
15
3
6
-5
-3
-3
5
9
0
-19
-6
6
-3
-5
-15
-13
-4
1
-2
-9
-17
-13
-11
1
-11
-20
-4
-11
-1
2
4
-13
-25
-4
3
3
0
-4
2
4
-3
10
8
6
17
-1
0
-2
1
5
0
9
-5
3
8
3
10
13
8
8
-3
7
19
14
9
0
-3
5
16
-5
-1
7
-2
3
0
0
-3
0
10
8
11
4
-7
-3
5
-9
5
10
2
4
24
21
6
9
-1
8
0
0
4
-12
-19
0
7
-6
-5
-10
6
4
5
-5
7
0
-13
8
2
-8
-6
8
-2
5
4
-3
-8
10
4
-17
-4
-1
0
9
-14
-11
3
3
3
-9
-3
6
11
7
1
-9
7
8
-6
1
11
15
4
7
0
-4
2
-11
-1
2
0
4
0
-9
-1
10
-23
-25
-5
4
0
-14
-7
7
0
-6
-4
-2
-5
0
6
5
-3
-13
-12
-19
-14
-11
-12
-5
4
4
0
-3
-2
-9
1
9
-7
-5
0
-1
-12
13
19
0
-3
9
-6
-20
5
4
-14
-9
2
4
9
5
2
12
8
-9
-1
13
14
0
-11
-4
13
-3
-17
-6
0
-4
8
2
-1
9
-8
-15
3
12
7
5
9
16
14
-1
-9
-2
11
19
6
-12
1
16
14
7
-8
-12
3
1
-11
7
5
-1
8
0
4
-1
11
7
0
9
13
10
5
6
5
19
26
6
1
-3
-4
3
4
-5
-7
-8
-3
14
6
6
7
0
5
7
2
5
8
5
-12
-8
6
4
-8
3
-5
-8
-8
-6
14
18
-4
-14
7
7
-4
-16
0
4
-9
-22
-12
1
-5
-14
-22
-23
-15
0
-10
-8
-1
-2
1
-3
0
2
3
0
6
-2
-11
-2
0
-1
2
21
16
5
0
-9
-14
-2
13
11
-3
-9
0
-3
-3
1
-3
1
5
1
-3
-7
-24
-11
-2
2
0
-18
-1
5
6
-15
-28
-17
-17
-11
-8
-18
-6
0
5
7
-10
-3
-3
-7
6
7
14
23
28
15
1
18
4
4
8
6
11
15
16
3
1
8
7
11
2
1
6
-13
-5
4
3
0
6
21
17
6
18
28
16
16
22
7
3
2
-4
0
9
19
11
1
-4
-5
-4
-1
7
7
6
1
-7
-1
7
0
-1
3
-10
-13
-6
-9
-16
-14
-6
-3
-15
-15
-4
-11
-10
-12
-8
-4
-8
-7
-14
-22
-18
-16
-21
-17
-20
-16
1
4
10
2
-8
-12
-7
3
-13
-8
-4
2
11
-12
-7
2
-6
-5
-2
8
-8
-16
-15
-18
-1
9
12
-8
-14
-12
-6
-5
5
22
14
5
8
-2
10
15
4
10
8
9
3
8
15
16
4
3
11
23
14
16
20
22
15
-8
-3
17
23
30
21
11
10
16
15
7
23
21
17
15
6
8
2
0
4
16
16
9
5
-1
2
6
3
-3
-6
5
10
-12
-12
0
-11
-16
0
0
-7
-3
-21
-19
-13
-17
-7
-1
-2
-4
-11
-21
-11
-2
4
-1
-2
-15
-26
-18
-21
-13
-8
-5
-8
-12
-23
-19
0
-18
-15
-10
-10
-15
-27
-4
9
0
-8
0
-12
-6
3
-2
-2
-9
-10
-28
-25
-19
-9
4
0
-6
-2
-18
-20
9
9
-15
-14
-3
-4
8
6
-9
2
7
2
2
-9
-13
-18
-11
1
11
10
7
15
-2
0
6
0
2
14
24
14
18
23
22
27
32
33
19
9
18
9
11
10
7
24
29
27
23
15
7
19
14
19
20
10
18
27
14
18
24
21
22
16
8
4
2
2
12
-5
-24
-4
6
-4
-8
-4
-6
-18
-7
-5
6
12
6
-9
-15
4
7
0
-8
-10
-26
-22
-7
-19
-6
-22
-28
-7
-19
-14
-15
-14
-13
-15
-23
-29
-24
-14
-4
-5
-8
-14
-10
-5
-6
-22
-13
8
-7
3
0
-7
-8
-4
5
-7
-2
4
-2
-2
-2
-7
8
2
-7
-5
-12
-10
-13
-28
-5
22
9
-7
-13
2
7
2
-4
-13
-13
-2
-22
-30
-22
-18
-12
-12
-10
-7
-10
-7
-3
6
16
-14
-16
-9
8
25
13
5
8
20
20
11
6
27
32
23
9
9
15
17
21
12
21
25
40
31
30
24
14
30
25
17
21
23
12
17
12
19
20
-1
-3
20
17
0
2
-9
-5
4
1
-13
-4
-4
-6
3
-1
-1
-8
2
3
-10
-17
-10
-22
-27
-11
-12
-33
-32
-19
-11
-2
-7
-5
-12
-14
-8
-4
-4
-7
-5
-9
-8
3
-7
-13
-12
-16
1
1
-14
-7
-3
-10
-7
-4
3
-1
-3
7
3
0
-12
-17
-2
-1
-6
3
5
2
11
-9
-17
-5
3
1
0
1
11
2
2
12
7
1
-15
-7
0
6
-4
-6
-4
6
5
6
9
14
11
-15
-15
-9
19
12
4
0
-9
7
10
22
9
5
13
7
5
14
17
12
14
14
23
-1
-6
3
-4
5
5
0
-11
-3
-8
-15
-7
-10
-20
-11
-12
-11
-19
-14
-8
-14
-11
-9
6
10
4
3
-1
-2
-2
-12
-7
8
6
6
3
-5
-2
9
7
4
-2
-20
-10
-11
-9
-3
10
-4
-22
-3
16
5
-14
-13
3
-1
-7
2
-1
6
11
13
13
16
5
8
2
-1
4
-4
10
12
12
19
10
12
-1
1
14
19
7
1
10
5
14
3
4
1
-14
0
4
-1
4
0
-10
-1
7
6
9
-1
-1
0
-2
-6
-15
-6
-8
1
5
-2
8
-2
5
4
-11
-12
-16
-3
-13
-12
-5
-5
10
0
5
9
16
0
-6
5
0
-2
-6
3
-5
-3
5
4
-6
-6
-1
-2
4
-6
-10
-14
-21
-9
-2
-1
-8
-1
-7
-21
-19
-15
-14
-25
-10
-11
-24
-22
-18
-22
-20
-21
-16
-32
-23
-2
-10
-14
-21
-16
-16
-21
-13
-4
2
3
-4
-7
4
-1
-12
-8
7
6
2
14
2
-2
-4
8
16
18
20
16
25
11
15
19
22
32
19
16
17
15
10
25
35
27
20
23
30
23
23
34
32
18
29
18
27
44
32
34
11
-1
26
39
29
29
17
17
26
14
14
19
14
12
13
-1
16
24
10
1
-7
0
-19
-6
-6
-8
-3
-8
-2
-21
-1
1
-12
-10
-11
-7
-14
-17
1
8
-12
-22
-17
-14
-12
-9
-24
-22
-23
-28
-27
-31
-37
-22
-35
-40
-29
-22
-27
-29
-26
-35
-35
-43
-54
-48
-36
-37
-38
-48
-44
-31
-28
-25
-33
-37
-19
-22
-34
-20
-14
-14
-20
-16
-11
-20
-21
-17
-14
-24
-19
-26
-14
-11
-18
-18
-11
5
5
5
-8
-2
6
15
15
-8
7
17
21
23
14
16
1
11
28
31
24
12
15
25
29
40
42
26
32
52
51
47
56
53
42
36
33
57
53
40
45
35
35
37
41
39
38
35
49
53
45
38
27
33
42
35
27
26
22
18
16
24
6
16
10
-5
17
3
-4
15
12
7
1
-10
-5
-22
-13
6
-8
-22
-25
-7
-19
-30
-16
-21
-23
-27
-23
-39
-42
-30
-33
-33
-46
-33
-32
-39
-39
-36
-42
-40
-42
-47
-45
-44
-27
-20
-32
-42
-35
-39
-37
-47
-47
-34
-39
-32
-43
-25
-16
-23
-11
-24
-34
-18
-5
-12
-21
-15
-1
-2
-1
4
-18
-7
0
-14
-10
-2
4
-6
17
14
-2
-1
-3
11
0
-1
0
-6
10
19
8
-5
-3
10
-9
5
13
13
18
21
17
1
19
21
26
27
38
39
35
13
22
24
23
34
14
16
21
20
27
19
26
23
22
14
18
44
25
24
28
28
34
14
25
39
34
31
25
26
16
9
12
-2
-8
-8
-4
13
3
-4
6
-8
-9
-10
-1
11
4
8
-3
-2
-12
-2
7
9
18
10
7
8
-9
10
22
7
7
0
13
-5
1
12
-10
-8
-7
-18
-14
-16
-4
5
-20
-16
-15
-4
-4
-8
-1
9
-6
-14
-5
-9
-3
-6
-6
-1
-10
-7
-18
-26
-15
-19
-13
-12
-22
-22
-16
-18
-8
-1
-29
-30
-4
-12
-21
-35
-18
4
-13
-32
-18
-9
-9
-14
-2
8
-1
-11
-14
-3
-7
-14
-5
-8
4
1
-15
8
0
6
5
6
0
-27
-8
-2
-35
-26
-1
-2
-10
-1
-11
-8
-9
-1
-6
-6
4
-18
-10
-11
-14
-19
-7
-1
2
-1
-20
-11
-12
-13
10
11
-2
11
14
14
0
-3
1
5
15
-16
-5
17
14
17
-2
6
12
-11
-1
16
19
8
-2
13
11
28
39
21
13
9
30
33
-2
7
22
11
30
17
30
31
21
22
0
13
22
19
17
9
24
27
30
27
16
23
15
15
12
14
15
9
16
24
12
5
9
16
24
3
1
3
-4
-3
-6
0
10
2
-22
-18
-14
-13
-2
-9
-29
-9
-11
-25
-16
-31
-19
-20
-13
-2
-17
-27
-15
-10
-10
-24
-27
-13
-11
-11
0
-18
-11
-8
-16
0
4
3
-10
0
-2
-15
-9
-6
-6
-3
-15
-26
-23
-26
-26
-16
-10
-23
-11
-11
-20
-18
-16
-2
-10
2
-1
-7
-15
-11
-9
-12
-10
-11
8
2
-15
-23
-14
-3
-10
-13
-13
-3
0
-6
4
5
1
-4
-2
6
10
26
-9
-4
5
2
11
-1
-1
3
10
9
20
14
17
19
20
17
5
10
11
19
24
14
21
18
-5
6
16
20
16
15
20
13
8
19
14
-3
34
29
22
26
30
38
26
26
26
23
16
24
11
15
23
10
5
-2
1
-2
-3
-2
-3
-1
-9
-12
-12
-8
-5
-9
4
2
-12
-27
-26
-9
2
4
-17
-25
-16
-7
-4
-14
-19
-4
-1
2
-17
-17
-5
1
-17
-22
-23
-18
4
-12
-11
1
3
-8
1
-6
1
-5
-11
12
2
-5
-8
-3
-3
3
5
-9
-9
-16
-1
7
-16
-7
7
1
-4
-8
-20
-11
4
-3
-9
-5
-16
-11
-8
-1
-10
-3
-12
-26
-6
-19
-22
-17
4
-15
-6
-2
-2
3
-3
13
2
13
10
19
10
8
18
12
16
3
6
-9
-6
7
-4
-2
-1
7
9
-2
-3
-8
-2
5
3
0
-6
8
20
12
12
12
12
6
-3
13
17
13
11
0
12
20
25
18
6
13
34
15
-1
9
0
12
13
-1
-6
5
5
0
-1
-4
-11
-2
14
-6
-13
-13
-11
-3
-9
-12
-1
-1
-6
-3
-2
-5
11
-3
-9
-8
-10
-5
-20
-8
2
4
-12
3
-4
-19
7
-5
-4
-15
-7
13
10
14
15
13
0
0
8
4
-2
0
10
9
-4
-10
-2
4
-9
-10
4
12
-1
-8
-11
-18
-11
-13
-10
-4
-5
-2
1
-18
-22
-8
-3
-3
-3
2
10
10
-1
4
5
5
-2
0
-9
-3
1
-11
-7
-7
-7
-7
-6
-17
-3
-20
-9
3
-10
-2
-5
1
0
1
5
-2
-2
-8
9
9
-3
2
-10
-12
-12
3
-7
-11
1
-5
-3
7
-5
-11
-8
-7
-4
-4
3
3
0
5
7
6
-2
-7
6
2
-5
11
4
9
-2
-10
3
10
13
4
3
-6
0
5
0
-4
-8
-7
4
21
18
13
12
-1
-1
6
9
13
7
3
10
0
3
-3
-10
5
-3
6
12
24
15
-6
8
-6
-4
-7
-8
-5
-8
1
4
-5
-13
-7
-2
-3
-1
12
10
2
-2
-14
-7
3
8
-11
-7
20
11
5
0
4
10
6
-1
1
-19
-6
2
-12
1
1
5
-5
-8
0
-10
-7
-3
-15
3
-12
-4
1
-14
-23
-14
8
-1
1
5
1
-7
14
1
-12
6
7
3
-19
-22
-24
-16
-5
-6
-7
-10
-4
-15
-10
-4
-8
2
-3
-8
-6
-6
1
11
1
8
9
-2
-6
-14
-7
12
12
2
10
9
7
20
17
20
19
10
8
1
7
9
17
20
7
9
16
15
6
5
12
10
5
14
10
5
7
4
-2
3
12
-6
-6
-10
-4
5
-7
0
2
5
2
-2
9
11
7
-1
3
-1
-1
0
7
23
1
-3
6
2
-7
-8
-7
3
11
0
12
3
-6
8
15
3
3
7
1
9
14
21
0
6
4
-23
-21
-13
9
2
-5
-14
-28
-9
-13
-20
-17
-9
-9
-17
-13
-5
-3
-8
-12
-11
-1
-8
-7
-6
-17
-3
-5
-10
-18
-14
-7
-16
-19
-9
-17
-20
2
-6
-11
1
-15
-20
-8
3
3
1
1
-2
3
-6
-7
-11
-5
4
-7
-1
10
9
-3
1
5
-6
7
12
7
14
9
10
8
-3
-1
4
20
20
17
20
8
20
33
35
13
12
24
36
10
5
7
-4
4
10
16
2
7
12
3
-2
11
14
3
1
12
16
17
12
-4
-3
-3
6
19
5
2
5
1
1
15
7
10
-5
-10
-2
-6
-5
-14
1
8
-7
-17
-5
5
-6
-13
-6
5
8
-12
-12
-17
-5
11
-18
-15
-4
-10
-19
-15
-21
-17
-19
-19
-1
-11
-5
-7
-17
-8
-12
-10
-11
-19
-4
-9
-12
-7
-13
2
-6
-14
-18
-8
-12
-14
-3
-7
9
1
-2
-1
8
5
4
27
16
17
12
19
8
14
20
0
7
9
16
-2
2
-3
1
3
0
20
14
4
0
11
9
16
3
7
8
19
28
17
22
9
10
14
20
12
18
30
28
10
14
21
7
17
13
1
-12
-7
-6
-2
2
2
-9
-26
-3
-6
1
-9
-14
-6
-11
-13
-14
-12
-15
-10
-15
-20
-26
-7
-4
0
1
-4
-15
-17
-17
-28
-6
2
-9
-19
-27
-16
-19
-14
-16
-14
1
2
-5
-7
-14
-2
0
-3
22
5
-1
-5
16
12
7
14
3
-1
-14
1
-4
-5
-8
-22
-12
-9
7
18
-2
-4
-8
-9
8
7
-3
1
6
5
0
8
14
5
18
8
5
7
2
-7
-8
14
15
11
9
0
3
5
21
17
5
7
20
20
10
-1
-4
15
19
14
4
14
-12
-5
2
-2
4
-8
-9
-2
9
6
-8
-16
0
-3
11
8
10
5
-5
6
-4
-13
1
3
1
-2
-5
-3
-4
1
4
14
-2
0
13
5
-3
5
10
5
10
-3
-12
-11
5
11
-10
-18
-19
-18
-12
-1
-9
-4
-8
-16
6
-11
-13
-21
-16
-13
-12
3
-1
-7
10
12
-10
-2
-11
-9
-3
12
2
-14
-2
2
6
8
1
-5
-1
-11
-8
10
14
20
7
16
0
-5
21
8
-8
6
2
-24
4
12
2
-12
-11
4
9
8
-8
-18
0
2
1
8
1
7
0
-4
2
4
-5
-1
6
1
5
-2
0
14
-4
-8
10
32
28
17
11
-14
-6
10
22
12
1
-4
4
12
4
17
1
-1
-3
6
3
-19
8
3
-8
-14
9
2
-19
-10
-17
-6
-9
-11
-11
-1
-7
3
4
-18
-17
-13
-7
-12
-8
-10
4
5
4
6
-12
-2
3
0
5
0
-10
8
12
17
6
-2
-1
12
16
-7
-12
-10
0
3
4
-10
-17
-9
-8
2
7
-3
-3
4
-1
1
3
-4
0
-3
3
-2
-8
8
17
-2
-11
-15
-19
-4
-3
0
-9
-1
-5
-19
-12
-2
5
4
-12
-16
14
14
4
3
5
11
-1
3
-10
-18
16
20
-2
9
18
19
25
8
15
14
12
14
18
26
6
9
3
-1
14
25
6
-5
9
18
17
14
11
11
6
19
27
18
15
2
-6
6
12
3
13
11
-3
-3
1
4
-3
1
7
-7
-5
-10
-23
-23
-27
-13
-12
-15
-10
-17
-21
-24
-7
-15
3
-2
-19
-11
-13
-14
-22
-7
-1
-5
-15
-15
-17
-31
-16
-15
-21
-10
-15
-13
-3
-15
-18
-17
-19
-23
-6
9
12
2
0
-4
-10
11
12
12
16
1
-6
11
8
0
5
2
-2
-2
-5
-3
-7
10
11
8
18
-1
0
0
7
18
8
3
15
6
14
19
17
16
5
18
12
2
23
25
29
24
3
10
10
21
-4
-1
23
10
3
-2
-9
1
9
15
6
-3
13
22
10
-9
-2
3
23
23
11
8
3
3
6
19
5
0
1
1
14
-19
-16
-2
-4
8
-6
1
-8
-15
-15
-3
-9
-5
-7
-12
-8
-18
-8
-11
-14
-19
-2
-15
-26
-21
-18
-11
-18
3
-16
-13
-6
-21
-13
-3
-9
-12
-3
-6
-5
-7
-10
-11
0
1
-12
12
0
-7
0
-3
-5
-4
3
-10
-2
5
-4
-5
-13
-3
1
-6
-3
-1
-7
-14
2
-3
-2
13
-1
-15
-13
-4
17
10
8
2
14
21
15
0
-20
7
3
-1
0
6
5
12
3
-8
-11
-2
15
4
16
9
17
11
7
16
5
4
-4
11
19
14
16
5
15
16
0
19
23
9
7
9
-7
-4
16
21
16
11
4
8
-3
-11
11
21
17
12
12
-3
-3
8
18
9
-8
-1
3
3
18
6
4
-1
-14
-7
-10
0
-4
-15
-15
-6
-14
-18
-10
-8
-11
-9
0
-11
-8
2
11
4
2
5
-9
-23
-11
-3
-5
-5
-3
2
-13
-18
-25
-20
-14
-21
0
-5
-17
-21
-18
-18
-18
-4
-18
-21
-5
6
1
-12
-12
2
8
0
1
-4
-3
6
-8
-7
8
7
9
6
-11
-7
10
11
11
17
10
12
10
16
9
6
10
2
6
-1
-3
7
7
3
8
6
1
13
-5
5
11
4
1
-4
-5
-1
8
0
-3
4
4
-11
-15
-17
-2
-10
-25
-23
-5
-7
-24
-15
-12
1
-4
2
-5
-14
1
-10
-2
0
-10
2
-2
2
16
-3
-21
-9
3
9
11
4
12
6
7
17
21
31
26
11
-3
-4
15
22
22
32
28
15
-2
-10
-13
26
23
15
5
4
4
1
2
-11
22
11
8
1
-19
-7
6
9
21
7
-1
7
-12
-5
7
2
1
-4
-1
8
12
5
5
12
19
8
-10
-4
13
29
13
-9
-11
-7
7
-14
-5
12
4
-12
-16
-16
-15
-19
-18
-1
-19
-8
-12
-17
-10
-15
-6
1
-6
5
-1
-1
2
-2
3
3
-4
-12
1
1
-2
-4
-3
-16
-13
-14
-15
-17
-7
8
3
-10
-10
-15
2
13
-1
4
-9
-8
4
5
4
-8
-5
2
7
9
-5
-9
-4
-8
-4
-4
-7
0
-1
-2
-5
-21
-11
-4
-11
-8
-21
-8
4
-10
-12
-3
4
6
-4
2
10
3
7
13
-4
6
6
0
2
8
22
13
-10
9
14
5
9
5
8
7
13
4
0
6
6
7
5
9
7
19
17
10
18
8
6
4
4
4
17
14
-1
9
24
6
-4
9
9
14
9
16
27
3
-2
-4
2
9
-1
15
6
3
0
-1
8
8
7
3
-3
-1
6
5
12
6
5
0
7
22
6
13
1
-5
2
-19
-14
-13
-6
-7
-6
-6
-14
-28
-17
-14
-28
-14
-22
-16
-19
-16
-2
-5
-1
-6
-6
-4
-16
-17
-12
10
-7
-18
-20
-19
0
-13
-18
-25
-20
-4
-9
-28
-27
-18
-20
-12
2
-11
-20
-21
-23
-14
-18
-18
-5
-9
-16
-4
7
-1
-22
-23
-2
10
5
-7
3
13
4
9
-2
-9
9
2
0
17
11
11
5
5
21
20
17
14
-2
2
13
10
12
15
14
26
17
7
18
5
4
17
17
24
16
13
19
18
19
20
5
7
9
15
24
7
17
20
16
17
12
0
-3
-2
-8
6
-1
-11
-7
-9
-10
-5
10
-1
-18
-4
5
-2
0
-6
-12
-7
17
2
-21
-15
-3
6
-4
-13
-18
1
4
10
1
-10
9
6
-4
-28
-17
-4
-6
-10
-4
1
-7
-13
-18
-15
-14
-6
-14
-16
-20
-15
-20
-24
-11
-14
-12
-17
-15
-10
-20
-3
-17
-15
4
-6
-1
-8
-12
5
6
5
3
-5
4
-1
2
-3
2
0
3
15
6
2
8
15
7
-1
-1
4
-5
4
20
-4
-19
17
13
1
7
3
9
7
6
3
2
8
15
8
-4
-1
7
2
0
2
20
12
-13
-9
9
6
-9
-11
-3
8
-2
7
-6
-22
-9
-15
-15
-13
-6
-4
-3
5
-7
-18
-16
-10
-13
-3
-19
-12
1
-19
-16
-9
5
14
-11
-19
-4
-6
1
6
2
19
10
6
4
-5
-1
6
1
4
32
12
15
12
14
10
4
10
9
21
18
14
22
19
16
18
-3
4
16
21
-6
-7
13
19
13
-2
8
11
19
-1
2
1
9
26
-5
-6
-1
15
9
6
-3
-5
5
13
12
9
1
-12
1
14
20
1
-17
-11
-3
8
-6
-23
-6
3
15
13
6
15
12
7
-3
1
14
15
16
9
1
6
14
1
-6
5
16
-4
-10
4
-12
1
7
6
3
-4
-3
-8
-15
-25
-18
-8
-8
3
6
-11
-24
-28
-12
-8
-19
3
-18
-35
-22
-23
-23
-24
-4
-12
-10
-28
-25
-14
0
13
-20
-17
-14
-6
6
-5
-14
-12
-7
-23
-3
-2
0
4
-14
-3
-7
-2
-12
-12
-5
-5
2
-6
-15
-3
16
12
4
5
3
14
12
20
12
0
9
25
22
5
2
6
13
14
8
11
22
6
-5
12
16
8
20
11
2
17
22
15
-4
-1
-4
7
19
3
3
1
2
7
1
14
26
28
20
11
9
15
27
18
21
14
1
11
17
11
14
9
2
9
7
13
5
7
21
14
3
17
8
-3
-17
-3
-8
-21
-19
-14
4
-11
-11
-12
-17
-9
-2
-7
-7
-14
-16
-17
-13
-24
-28
-9
-15
-21
-24
-18
-5
-9
-18
-23
-20
-9
-13
-8
-2
-13
-21
-12
-18
-27
-18
-20
-12
-10
-26
-22
-10
-24
-19
-10
-7
-17
-30
-6
-6
-10
-6
-18
-6
-10
-18
6
9
2
-4
-2
4
2
-6
-1
3
-6
1
-18
-1
5
4
3
4
11
-3
5
-12
-5
6
13
9
7
11
5
5
15
25
17
17
15
8
11
13
14
12
0
6
8
9
17
4
-5
3
-1
-17
-6
8
9
6
8
8
10
7
5
7
7
2
-2
13
6
5
4
4
12
5
7
2
9
19
15
5
13
20
19
31
26
25
15
13
12
14
24
4
4
14
8
-6
-5
1
-4
-20
-18
-9
-18
-12
-2
-4
1
-6
-13
-19
-9
-15
-12
-5
-5
-14
-4
-7
-9
-11
-20
-17
-25
-4
-21
-14
-11
-8
-7
-8
-1
-15
-30
-23
-3
-14
-11
-3
-14
-21
8
-4
-14
2
-5
-14
-11
-5
3
1
8
4
-3
9
9
1
-8
9
3
-8
-5
-6
-13
3
6
-16
-2
-8
1
14
9
6
12
14
5
-1
-7
20
26
10
-1
14
19
7
-6
-17
-8
18
10
-14
-6
-9
0
6
4
-2
-4
9
0
0
-7
3
-6
-2
8
-3
4
3
16
10
1
5
-3
4
21
-2
11
24
23
12
7
15
5
-4
1
12
10
13
5
4
3
8
7
-6
-5
0
2
-4
2
1
0
-4
-2
-4
-17
-7
-11
-23
-21
-5
-4
-20
-3
-13
-9
-17
-5
-7
-22
3
-7
-2
-11
-9
11
-3
-5
-5
-4
-6
2
14
13
5
10
28
25
33
18
17
22
18
30
9
11
12
24
31
11
1
-1
16
16
13
8
-2
16
11
2
13
7
7
11
5
6
1
6
9
7
11
10
-1
-8
-8
-7
0
-1
-2
-7
-10
0
0
-5
-13
-14
-5
3
6
7
-4
-10
-7
-18
-18
-20
-13
-11
-17
-20
-9
-14
-21
-10
-23
-22
-16
0
-16
-17
-8
-11
2
2
-4
-17
-9
-4
-17
-9
-2
-11
-13
-7
-4
-4
-9
1
1
-14
-9
0
0
5
13
9
-1
-14
-1
9
10
11
-6
-5
8
1
6
12
10
3
9
21
15
2
8
18
-1
7
21
16
19
11
7
6
2
13
14
23
16
4
12
8
16
17
29
0
-4
8
1
-6
-1
17
12
2
-4
7
-3
-2
-4
-3
-3
0
-4
-12
-6
-12
-7
-6
-4
-17
-24
-15
-14
-26
-29
-8
-9
-8
-4
-9
-5
-4
-14
-23
4
8
-4
-27
-23
10
16
14
-9
-4
-5
-7
-18
-13
9
5
-7
-5
-5
-6
-10
-24
-19
-20
-6
-8
-14
-6
4
5
-10
-1
0
-5
1
8
-5
-13
7
12
17
-1
-1
1
-7
7
-7
0
-5
3
9
-8
-7
1
10
12
6
3
12
-11
-3
7
17
6
-3
-2
-7
-10
-15
0
-3
-5
-8
-8
-12
0
-8
-5
6
-15
-3
-3
-6
2
5
7
2
-13
2
0
-4
2
-11
-10
-13
9
2
-13
-6
0
2
7
7
0
18
16
0
7
6
-3
-9
-10
2
3
11
7
14
14
2
4
-2
5
-2
-2
13
10
-1
-1
5
8
5
4
22
12
8
11
1
22
5
2
7
-6
16
11
9
10
6
16
5
16
23
25
8
5
16
21
17
-3
16
18
3
13
12
1
4
2
17
21
-3
5
-5
0
-3
1
0
-17
-18
-20
-12
-19
-22
-10
-18
-15
-15
-23
-24
-24
-12
-20
-17
-19
-17
-6
-6
-15
-8
-4
-4
-16
-18
-8
1
10
-12
-21
-19
4
0
-19
-18
1
-3
-26
-13
-17
-12
-20
-15
-11
-18
-11
-1
2
-7
-9
-10
0
4
6
18
20
17
20
-1
1
7
2
15
8
10
8
6
21
18
4
12
19
24
30
11
6
6
23
24
19
9
7
10
-3
12
8
17
32
10
4
7
-2
12
11
-5
1
2
-11
-16
10
5
-6
8
-1
1
2
10
0
-9
-9
-15
6
-7
-8
-2
-22
-26
2
-6
-13
-12
-28
-15
-17
-12
11
-8
-25
-13
-9
7
-6
-24
-12
-9
-10
-19
-10
-8
-17
-14
-12
-4
-12
-12
0
-19
0
9
-9
7
5
-2
2
17
30
12
3
10
-2
12
22
17
6
15
20
2
16
11
2
18
23
25
17
22
16
5
11
2
6
12
16
4
5
10
6
23
2
4
12
11
-4
-13
3
6
9
-4
6
9
2
-5
0
-15
-14
3
-14
-10
-6
-5
-13
-4
1
7
-3
-17
-12
-2
16
1
-14
-9
4
11
-7
0
9
0
18
-4
-9
-4
-7
3
-1
4
2
1
2
0
5
-5
-2
4
13
14
1
-3
-2
14
2
2
1
-3
10
10
-2
-3
-2
-1
6
9
5
-6
-3
-8
4
17
-8
-12
5
9
0
-12
-21
-13
-9
-15
-7
-8
-11
-14
-18
-16
-12
-14
-1
8
-12
-23
-30
-26
-2
-5
-5
-7
-15
4
-3
-4
-1
-8
8
10
0
-8
-10
-4
2
-5
-3
5
2
2
4
-5
4
-14
-5
2
-1
-6
-18
-3
3
7
-11
-28
-20
11
16
8
3
6
12
-2
-4
-1
-1
12
8
2
2
0
17
15
19
26
23
13
1
3
-1
19
24
12
10
6
5
7
14
8
9
2
5
15
11
18
-5
-4
10
3
5
8
3
-1
0
0
-3
-1
9
19
15
0
-2
3
-3
-7
6
4
7
17
-9
-6
-3
-9
-14
-15
2
-4
-14
-10
8
15
-3
5
-2
-20
0
3
0
2
6
-1
-14
-6
-10
-13
5
1
-15
-10
-5
-6
-13
-9
-20
-19
-31
-25
0
-10
-1
-4
6
17
4
-4
-7
11
6
2
6
5
7
1
14
-1
1
8
6
14
8
12
5
-11
-2
-1
7
8
-2
-6
8
10
-9
3
-13
-18
7
11
-4
-15
7
6
0
3
-2
-13
1
13
6
3
-6
-7
-9
-3
-1
6
-1
-12
6
0
6
9
1
-2
-6
3
-5
6
-4
0
12
1
4
-3
2
8
-5
-8
3
6
1
-2
-11
-12
3
4
-7
-12
-10
-20
-16
6
-1
5
-15
-19
11
3
-4
-11
-15
10
6
-22
-10
-7
8
11
16
14
-1
13
8
17
15
7
12
2
13
15
8
7
3
22
25
19
9
-1
7
21
12
-3
7
5
16
14
-4
-15
-2
10
-1
-11
0
17
7
-3
3
3
7
-3
1
8
9
1
-3
-2
-13
10
7
0
-4
-1
-5
-12
-12
-23
-5
-13
-21
-14
-18
-7
1
-15
-13
10
11
0
-11
-16
-6
6
0
-12
-5
-4
-6
-11
-13
0
2
-7
-15
-7
-3
-3
4
-6
-9
2
2
3
7
9
6
9
2
21
34
6
0
-8
4
14
12
10
-1
25
42
22
9
11
0
6
5
-1
-3
2
10
-7
-8
3
15
14
-9
-7
13
9
-19
-28
-12
-15
-21
-16
7
8
-1
4
-19
-17
2
2
-9
1
5
4
-1
-8
-5
-7
4
-4
8
3
5
17
13
9
-1
9
16
12
3
0
18
17
4
8
16
12
10
11
-6
1
10
2
9
19
-5
-9
2
1
16
15
11
15
5
6
5
2
28
37
5
5
16
14
15
16
25
19
14
15
10
-1
0
3
15
-5
-17
-14
-1
-1
-16
-9
-23
-7
-7
-12
-17
-10
-15
-24
-29
-11
-6
-27
-11
-25
-25
-17
-18
-20
-13
-5
-9
-27
-15
10
3
5
-21
-20
-7
-2
-5
-13
-14
-9
5
1
-21
-22
4
-14
-9
-17
-19
-5
-5
-13
-37
-16
-1
-10
-2
6
8
-9
-10
1
2
4
0
2
12
15
3
-4
0
-5
-11
0
0
-1
7
4
19
16
-1
3
-2
4
12
9
1
-4
-2
6
-4
7
7
6
13
12
20
9
-4
-10
-2
6
19
14
20
20
14
20
27
15
4
18
10
-2
19
29
10
0
14
18
19
21
12
23
15
7
5
3
9
14
17
12
15
23
20
16
22
23
27
-3
-1
5
-1
1
-13
1
13
12
-2
-17
-7
-13
-21
-27
-39
-18
-28
-25
-14
-21
-19
-26
-11
-10
-25
-9
-22
-23
-16
-17
-4
-12
-8
-10
2
2
-15
-3
-4
-20
-20
-22
-23
-21
-17
-23
-23
-18
-12
-7
-14
-17
-14
-6
-15
-18
-21
3
7
-9
-19
-27
-18
-11
-11
-15
-11
-3
-9
-13
-8
-3
14
12
5
2
-5
4
13
18
7
12
13
2
4
7
14
-8
-14
5
1
5
11
-1
3
4
-14
-21
-1
4
8
11
8
9
7
5
2
5
11
-3
-26
-13
-5
-10
-16
-2
12
9
-2
-9
-1
4
7
6
-8
1
6
7
9
9
20
10
1
-1
-7
0
14
12
4
-2
15
20
18
16
11
24
14
14
6
-4
26
23
27
9
2
18
18
22
-2
9
3
-6
-5
-15
13
22
9
8
-4
-2
6
-2
-5
5
-1
-8
-8
2
9
-7
-16
0
11
7
-6
2
10
-1
-7
-26
-24
-18
-12
-12
-4
-9
-26
-25
-18
-6
-5
-4
-7
-9
0
6
1
-6
-21
-18
-8
-18
-17
-25
-28
-13
-13
-23
-26
-19
-17
-22
-19
-20
-6
3
-7
-9
-25
-17
-6
-2
-8
-2
-1
-9
-7
-4
-1
9
8
-3
7
-2
9
12
11
11
4
4
12
6
-3
-5
2
5
10
14
8
8
-5
9
14
13
-3
-3
5
3
7
-5
11
18
17
13
11
7
0
16
17
17
24
12
6
4
11
11
16
18
12
10
23
16
9
11
2
6
17
21
7
7
19
6
0
7
-1
1
4
7
13
9
6
0
4
13
1
-2
-8
2
0
-5
-11
-6
5
-4
-5
-15
-21
-8
7
-2
-16
-17
-8
-8
5
11
2
-8
6
1
1
10
-8
-5
0
9
-10
-1
2
-11
-8
15
26
2
6
10
10
-5
11
17
-7
2
0
-4
9
5
-5
-15
-8
-7
-10
-23
-17
1
7
-12
-17
3
-3
-6
-17
-10
-3
-9
-4
-12
-13
-2
-10
-18
-18
-4
-7
-4
9
11
14
3
-7
-12
-3
4
-3
3
-1
6
1
-14
-15
-8
-3
1
1
-13
-8
-6
-1
-16
-1
-8
-8
-9
-25
-10
-28
-9
11
19
8
-19
-9
-14
-2
-6
-8
4
-8
12
9
7
12
9
-11
-3
5
4
3
-1
3
-1
-8
3
12
16
13
9
14
1
10
15
9
12
31
24
12
14
7
26
23
9
-5
10
36
22
12
4
17
7
10
1
-13
8
9
1
0
-5
-16
-5
-5
-18
-10
-8
-18
-21
11
-1
-12
-4
-3
10
-5
-8
-15
-28
-21
-8
2
-6
-10
-15
-12
6
4
3
0
-10
3
-4
-2
-1
-3
12
4
-2
5
22
6
-2
2
7
27
24
14
7
-16
-9
11
12
8
3
5
2
9
8
31
24
12
13
23
29
19
15
-4
0
-3
1
-8
-22
-33
-21
-10
-20
-22
-32
-16
-21
-24
-10
-20
-25
-33
-42
-29
-19
-12
-8
-19
-13
-15
-19
4
-14
-23
-10
-16
-15
-18
-31
-27
-29
-31
-24
-22
-24
-25
-6
-5
-16
-15
-14
-11
1
5
-5
-14
-11
-12
-4
-2
1
21
4
-5
-8
-14
-4
4
-2
0
-4
1
0
0
22
14
28
24
23
27
20
18
20
32
17
16
18
18
7
9
12
20
20
17
22
6
13
6
3
15
14
9
8
7
7
23
34
24
13
10
17
15
12
18
14
25
27
31
27
16
32
39
39
28
14
25
17
14
9
4
10
-1
9
11
7
0
-1
16
14
4
3
1
1
8
0
-6
-11
-9
2
-2
-3
-31
-24
-14
-19
-10
-28
-45
-39
-31
-30
-24
-28
-42
-26
-12
-18
-23
-32
-29
-20
-33
-33
-46
-40
-53
-64
-40
-44
-55
-67
-44
-50
-47
-47
-51
-36
-41
-46
-45
-54
-10
-1
-17
-11
-5
17
15
18
23
20
18
15
9
22
30
41
45
51
58
62
49
46
59
67
67
64
82
94
88
76
73
68
59
71
68
66
65
53
59
41
37
21
-1
-8
-5
-12
-27
-16
-26
-50
-52
-43
-46
-66
-67
-46
-52
-58
-66
-67
-75
-81
-66
-57
-57
-64
-47
-34
-37
-33
-24
-26
-14
-17
-24
-8
-12
-6
-1
-1
3
3
8
9
21
30
46
37
33
45
50
42
34
33
16
11
17
17
30
29
14
17
13
13
7
-9
-16
-29
-26
-11
-9
-28
-28
-1
-3
-8
-6
-15
-1
7
20
2
-2
0
-9
11
5
4
14
21
22
27
41
49
44
37
40
43
43
44
42
39
56
56
58
58
56
45
42
39
29
14
7
3
1
3
-13
-27
-45
-51
-63
-70
-76
-78
-99
-99
-91
-107
-110
-119
-122
-118
-121
-126
-112
-117
-117
-112
-112
-94
-88
-85
-68
-68
-59
-33
-10
-4
-7
15
29
45
61
69
71
87
92
104
132
132
136
143
160
163
167
161
159
168
168
168
154
144
147
144
146
123
116
110
105
99
67
60
44
39
30
11
2
-33
-38
-30
-56
-67
-85
-102
-105
-108
-127
-133
-130
-136
-134
-133
-138
-136
-136
-153
-144
-130
-128
-139
-156
-144
-131
-137
-121
-128
-129
-112
-93
-78
-75
-48
-48
-54
-42
-17
-1
1
-16
10
24
41
34
51
76
89
105
103
99
91
102
85
101
107
109
124
135
126
105
119
127
102
110
113
109
106
102
88
78
84
74
60
51
50
30
20
17
17
2
-22
-32
-33
-49
-45
-28
-47
-47
-49
-57
-67
-78
-77
-69
-78
-70
-69
-67
-63
-55
-63
-61
-41
-41
-26
-29
-27
-22
-25
-19
1
-9
-13
-1
7
-3
-14
-6
2
6
6
-7
-4
-4
-2
-5
-2
6
-21
-22
-15
-15
-7
-19
-15
-11
-16
-25
-8
-7
-12
1
-22
-31
-18
-5
1
-5
14
20
32
63
43
48
68
65
69
78
69
84
102
96
86
83
78
86
89
72
63
52
48
34
17
10
-7
-18
-8
-18
-36
-44
-41
-59
-81
-80
-85
-101
-109
-127
-130
-132
-157
-157
-156
-138
-126
-142
-129
-108
-124
-118
-94
-102
-83
-76
-58
-38
-30
-8
-1
24
32
51
65
75
76
84
90
105
109
111
126
118
127
124
123
121
107
114
118
122
118
108
102
99
100
92
79
73
67
59
54
53
59
59
48
40
37
37
38
25
9
24
33
17
6
-3
11
22
12
4
-1
8
3
-7
-19
-16
-18
-43
-36
-40
-67
-77
-98
-97
-108
-137
-155
-152
-162
-178
-185
-195
-198
-183
-183
-189
-184
-189
-182
-176
-175
-166
-154
-143
-150
-124
-97
-84
-71
-58
-20
-2
11
32
50
77
86
123
154
164
197
211
211
215
232
235
242
245
256
241
249
254
254
252
226
225
216
217
195
174
152
132
123
106
84
61
29
-1
-19
-51
-72
-96
-105
-118
-127
-148
-171
-167
-182
-199
-220
-217
-231
-231
-233
-260
-254
-244
-235
-235
-229
-208
-200
-202
-187
-170
-161
-147
-125
-127
-108
-80
-70
-58
-42
-15
6
26
52
58
85
110
108
123
142
173
166
146
171
193
205
189
201
212
208
219
214
219
214
210
205
193
190
200
180
169
161
145
147
122
129
115
87
66
26
20
11
-6
-17
-49
-58
-74
-104
-102
-107
-138
-159
-150
-168
-164
-180
-213
-222
-230
-230
-239
-233
-242
-241
-222
-223
-221
-212
-204
-187
-169
-152
-152
-132
-101
-101
-75
-49
-46
-14
28
43
47
61
85
87
103
119
132
136
144
151
144
148
153
160
153
159
163
148
156
156
147
142
142
141
129
135
120
108
97
104
101
84
81
75
76
68
54
38
28
24
37
41
44
14
3
26
14
17
-1
-5
-5
-29
-25
-39
-45
-57
-81
-106
-118
-134
-141
-146
-165
-184
-183
-193
-224
-245
-253
-255
-260
-248
-255
-253
-236
-239
-230
-203
-180
-162
-142
-129
-98
-75
-46
-16
-5
27
64
89
108
142
175
202
216
236
251
263
307
314
315
302
303
309
296
295
281
261
245
230
204
177
156
136
90
49
30
-4
-42
-51
-60
-103
-124
-142
-144
-152
-176
-171
-187
-191
-193
-190
-199
-204
-186
-181
-181
-192
-163
-145
-153
-140
-122
-110
-110
-85
-78
-67
-47
-33
-36
-34
-11
7
15
20
28
46
60
57
68
64
69
85
72
75
87
87
90
90
79
94
84
88
110
93
91
86
87
94
89
95
77
80
85
76
86
69
68
63
47
50
52
43
35
50
54
18
18
13
9
-6
-17
-18
-28
-21
-38
-44
-50
-56
-69
-93
-97
-84
-106
-121
-113
-120
-113
-105
-112
-107
-93
-91
-89
-105
-107
-105
-115
-112
-109
-104
-96
-91
-82
-68
-86
-80
-83
-84
-71
-67
-67
-65
-43
-29
-21
-13
-4
-6
19
26
26
45
57
83
89
85
85
90
122
138
160
154
148
174
172
183
185
200
206
204
190
186
197
195
199
182
163
174
150
130
129
116
107
90
82
55
50
18
-8
-12
-44
-69
-87
-106
-141
-158
-170
-183
-184
-193
-204
-206
-218
-225
-227
-227
-221
-247
-232
-220
-202
-181
-173
-149
-146
-124
-116
-101
-96
-89
-74
-47
-10
-2
30
39
42
58
75
83
74
73
77
95
100
93
102
110
117
112
108
109
102
94
92
94
82
88
96
83
87
97
91
90
95
101
102
96
88
97
102
104
110
127
125
112
119
115
105
98
91
73
57
47
42
22
-13
-33
-35
-45
-77
-105
-120
-139
-168
-196
-214
-223
-242
-261
-265
-283
-301
-317
-316
-300
-299
-306
-304
-305
-282
-244
-253
-244
-206
-179
-153
-124
-94
-81
-47
6
36
67
109
142
160
180
204
228
253
255
266
280
293
288
302
320
324
323
311
295
292
285
274
259
240
230
202
191
168
168
153
136
124
101
99
83
65
42
21
-2
-28
-35
-53
-73
-86
-107
-116
-121
-127
-158
-177
-185
-200
-204
-224
-242
-264
-276
-278
-277
-270
-284
-288
-272
-276
-282
-281
-266
-250
-246
-256
-265
-257
-235
-207
-194
-177
-151
-132
-111
-84
-65
-19
8
27
59
70
102
127
160
192
222
247
268
294
316
337
344
366
381
382
378
366
375
342
344
360
339
336
313
297
286
269
242
218
194
174
155
134
104
96
72
34
11
-20
-34
-62
-93
-107
-119
-146
-169
-188
-210
-205
-216
-240
-255
-274
-285
-304
-310
-305
-312
-314
-320
-316
-311
-306
-296
-281
-281
-269
-259
-264
-252
-235
-209
-198
-184
-166
-152
-121
-105
-94
-53
-36
-28
-2
14
38
60
66
86
106
124
129
146
161
159
167
177
185
183
181
205
210
201
199
176
165
171
180
176
159
164
168
162
160
153
146
152
154
138
129
125
118
135
136
127
126
133
137
129
140
128
122
114
108
98
69
67
65
42
16
6
1
-5
-33
-52
-62
-87
-128
-166
-188
-203
-202
-255
-270
-283
-294
-300
-317
-315
-328
-309
-320
-320
-317
-316
-308
-298
-263
-259
-261
-221
-192
-163
-139
-118
-97
-55
-20
6
21
32
50
61
85
107
125
138
136
167
189
194
189
190
208
203
206
204
192
186
187
179
179
180
187
175
170
166
157
156
137
134
127
116
102
102
90
87
93
71
73
85
80
77
69
57
58
47
13
9
13
20
2
-25
-36
-47
-51
-54
-73
-87
-98
-107
-125
-136
-148
-163
-162
-161
-175
-182
-181
-183
-178
-169
-178
-185
-168
-179
-170
-141
-148
-143
-127
-108
-88
-80
-63
-46
-22
-12
-4
6
23
36
51
85
101
111
112
131
151
166
163
161
183
187
187
184
168
173
193
192
173
169
162
152
150
145
137
117
99
101
82
62
37
16
21
7
-13
-29
-40
-46
-70
-86
-99
-109
-125
-133
-138
-154
-164
-166
-175
-195
-196
-187
-190
-186
-177
-179
-178
-166
-158
-157
-154
-141
-122
-89
-72
-46
-14
-19
-24
-1
22
40
49
67
80
80
100
119
131
141
163
166
161
163
153
149
160
144
131
123
112
99
94
94
84
83
62
51
37
23
17
15
-4
-2
-17
-42
-51
-52
-30
-29
-32
-42
-45
-45
-44
-66
-65
-63
-59
-58
-58
-49
-65
-57
-52
-54
-59
-55
-38
-34
-42
-46
-33
-33
-39
-51
-56
-42
-41
-29
-25
-29
-21
-21
-11
1
-4
-17
-3
4
9
17
23
33
34
50
52
64
80
78
64
73
81
84
84
75
87
88
70
66
60
54
65
60
31
29
19
17
12
2
-8
-37
-42
-51
-49
-59
-71
-79
-95
-88
-97
-103
-98
-114
-109
-119
-125
-108
-94
-103
-110
-98
-88
-72
-74
-55
-53
-45
-24
-20
-6
8
7
8
30
24
39
56
67
74
80
94
73
75
87
93
94
95
85
88
86
80
79
76
64
65
57
44
36
37
32
17
28
26
16
3
13
18
0
19
15
9
1
-8
11
9
30
35
25
35
23
22
28
30
46
58
48
47
46
57
53
39
41
42
50
36
22
5
2
1
-10
-28
-21
-36
-61
-53
-62
-62
-80
-98
-94
-105
-99
-97
-103
-113
-116
-111
-109
-107
-100
-102
-84
-80
-85
-83
-98
-69
-50
-52
-36
-20
-2
-5
9
17
18
22
25
37
31
23
31
51
49
48
46
25
34
48
32
25
6
5
2
-7
-16
-31
-20
-35
-51
-46
-55
-46
-45
-60
-63
-61
-60
-68
-69
-64
-58
-50
-46
-52
-41
-2
13
17
20
21
40
45
59
88
97
123
125
134
170
179
181
189
198
208
221
227
223
216
234
236
233
227
213
208
210
205
187
158
138
115
99
79
38
20
-8
-30
-64
-91
-124
-162
-164
-184
-197
-228
-250
-256
-271
-284
-305
-302
-320
-331
-328
-312
-299
-308
-276
-253
-241
-234
-237
-200
-177
-165
-144
-120
-90
-71
-51
-22
6
20
37
56
62
84
98
104
117
139
141
139
155
153
145
146
155
152
168
162
152
149
128
132
122
117
125
116
120
117
92
86
89
93
96
90
82
90
96
84
81
85
71
59
64
77
74
67
56
57
44
32
32
23
29
8
-5
-20
-20
-24
-38
-50
-65
-61
-86
-98
-96
-112
-121
-129
-127
-135
-133
-137
-114
-116
-132
-108
-111
-111
-101
-85
-77
-64
-57
-53
-32
-16
-4
20
46
50
44
44
61
70
75
83
105
105
100
113
126
124
117
116
100
97
105
110
97
86
67
60
54
25
14
6
-4
-1
-28
-62
-72
-77
-93
-103
-110
-115
-126
-126
-134
-153
-149
-158
-158
-176
-169
-139
-143
-160
-148
-131
-137
-126
-110
-96
-85
-84
-79
-62
-30
-3
6
9
27
54
77
91
97
106
102
129
153
169
178
181
182
184
193
195
192
193
187
179
203
171
146
138
121
114
90
67
53
41
29
5
-15
-19
-36
-53
-61
-73
-86
-108
-109
-105
-123
-139
-130
-132
-132
-121
-121
-123
-115
-108
-98
-107
-112
-100
-90
-89
-69
-55
-72
-48
-30
-32
-24
-21
-15
-9
-7
11
25
30
31
20
11
6
19
23
23
25
32
30
32
30
25
27
22
18
26
37
27
27
40
39
32
32
46
51
43
38
39
43
44
44
40
29
18
11
9
12
19
15
-1
0
-11
-14
-12
-28
-24
-31
-41
-56
-62
-55
-70
-72
-71
-72
-72
-75
-79
-80
-56
-73
-67
-72
-82
-54
-52
-47
-45
-35
-23
-2
-7
9
18
30
47
46
61
66
85
78
73
83
89
84
87
90
90
102
80
81
93
77
68
44
51
44
14
20
-4
-16
-13
-24
-44
-52
-60
-57
-66
-86
-76
-87
-82
-73
-99
-108
-104
-100
-94
-85
-78
-71
-56
-62
-49
-54
-56
-33
-21
-4
-9
-2
13
19
30
35
41
49
50
69
58
55
60
64
73
68
73
55
54
58
49
27
33
44
45
36
18
31
37
34
9
13
19
9
-4
5
16
8
7
9
23
14
9
26
35
26
15
14
24
32
18
17
13
3
15
23
11
6
-15
-22
1
-10
-6
-18
-22
-24
-30
-33
-52
-47
-56
-53
-53
-68
-80
-77
-72
-77
-73
-85
-88
-84
-81
-96
-98
-81
-75
-61
-71
-61
-49
-50
-45
-45
-61
-44
-25
-34
-31
-15
-15
-14
9
18
11
-2
8
33
46
46
41
45
40
40
47
64
69
72
75
72
99
108
97
89
92
101
102
99
86
81
91
79
63
66
43
45
47
20
10
24
8
13
-5
-33
-37
-49
-49
-75
-69
-69
-90
-81
-73
-78
-88
-80
-76
-85
-80
-69
-69
-57
-61
-54
-55
-55
-36
-21
-2
-12
2
-12
-8
4
11
33
37
38
40
43
40
42
60
66
64
65
46
56
71
60
59
53
38
42
35
24
43
43
27
25
25
17
13
23
25
23
6
1
3
10
24
0
-17
-3
0
-16
-24
-19
-15
-19
-21
-30
-37
-31
-44
-49
-45
-64
-76
-62
-48
-48
-66
-85
-88
-67
-67
-73
-68
-69
-65
-73
-64
-46
-51
-34
-34
-41
-31
-18
5
16
30
22
5
14
24
44
52
56
68
62
48
56
62
70
81
71
74
77
71
67
69
72
61
48
38
41
46
40
35
22
17
33
23
8
-7
-4
4
8
9
1
-5
-10
-10
-25
-37
-34
-29
-35
-44
-41
-44
-51
-44
-56
-65
-66
-63
-55
-58
-51
-56
-62
-47
-44
-44
-46
-44
-44
-55
-39
-22
-5
-8
-7
16
14
12
30
31
41
53
55
62
66
75
87
79
93
93
87
96
95
86
84
98
83
72
75
70
61
55
34
35
37
25
9
7
-9
-34
-23
-32
-45
-60
-61
-62
-87
-104
-93
-103
-121
-118
-110
-101
-107
-96
-95
-92
-75
-70
-76
-73
-67
-63
-74
-74
-61
-47
-31
-14
-13
-28
-22
-11
-4
