0
0
0
0
0
0
0
0
0
0
0
1
0
0
0
-1
0
1
0
0
1
-1
0
-1
-1
0
0
0
0
0
0
0
0
-1
0
-1
1
0
1
1
0
0
0
0
0
1
0
0
0
-1
0
0
0
0
1
0
-1
0
0
0
0
0
0
-1
1
1
0
1
0
0
0
0
0
0
0
0
0
-1
0
0
0
0
0
-1
0
0
0
0
0
0
-1
-1
0
0
0
0
0
1
0
2
-1
0
0
0
0
0
0
1
0
0
1
0
0
0
0
1
-1
0
0
0
-1
-1
-1
0
0
0
0
1
0
0
0
0
0
0
1
0
-1
0
0
0
0
0
1
1
0
0
0
0
0
0
0
0
0
1
0
0
0
0
0
0
0
0
0
0
0
0
0
-1
-1
0
0
-1
0
0
0
-1
0
0
-1
-1
0
0
0
0
0
0
0
0
0
0
0
0
0
0
0
0
-1
0
0
1
0
0
-1
1
0
0
0
0
0
0
0
0
0
0
0
1
0
0
-1
0
0
0
0
0
-1
0
0
0
1
0
0
0
1
-1
0
-1
0
-1
-1
0
0
0
1
0
0
0
0
0
0
0
-1
-1
0
0
0
0
0
0
0
-1
0
-1
0
0
0
0
0
0
1
0
0
0
0
0
-1
-1
0
0
0
0
-1
0
1
0
1
0
0
0
0
-1
0
0
0
-1
0
0
0
0
0
0
0
0
-1
0
0
0
0
0
1
0
-1
0
1
0
0
-1
0
0
0
0
0
0
0
0
1
0
0
0
0
0
1
0
1
0
0
0
1
0
1
0
0
0
-1
0
0
0
0
0
0
0
0
0
-1
0
0
0
0
0
0
1
0
0
0
1
0
1
0
0
1
0
0
1
0
0
1
0
0
1
0
0
0
0
0
0
0
0
0
0
0
1
0
0
-1
0
0
-1
0
-1
0
0
1
0
0
0
0
-1
0
0
0
0
0
0
1
0
0
-1
0
0
0
0
-1
0
1
0
0
0
0
0
0
0
0
0
0
0
0
0
1
0
0
0
0
0
-1
0
0
0
0
0
1
0
0
0
0
0
0
0
0
0
-1
0
-1
1
0
0
0
0
-1
0
-1
-1
0
0
-1
-1
0
0
0
0
1
0
0
0
1
1
0
-1
0
0
1
0
0
0
0
0
0
0
0
0
0
1
0
0
0
-1
0
0
0
0
0
1
1
0
-1
0
-1
-1
0
0
0
1
0
0
0
0
0
0
1
0
0
-1
0
0
0
0
0
0
0
0
1
0
0
-1
0
0
0
0
0
-1
0
0
1
0
0
0
0
0
0
0
0
1
0
0
0
0
0
0
-1
0
0
0
0
1
0
0
1
0
0
0
1
0
0
0
0
0
0
1
0
0
0
0
0
1
1
0
1
0
1
0
0
0
0
0
-1
0
0
0
1
0
0
0
1
0
0
0
0
0
0
0
0
0
-1
0
0
0
0
-1
0
0
-1
0
0
0
-1
0
0
0
-1
0
-1
1
-1
1
0
0
0
0
0
1
0
0
0
0
0
0
0
-1
0
-1
0
0
0
0
0
-1
-1
0
0
0
0
0
0
0
0
0
0
-1
0
0
1
0
0
-1
0
0
0
0
0
1
0
0
0
0
1
0
0
0
0
1
0
0
0
0
0
-1
0
0
-1
0
0
0
0
0
0
0
0
0
0
0
0
0
1
1
0
0
-1
0
0
-1
0
0
0
0
0
0
0
0
0
0
1
0
0
1
0
1
0
0
1
0
0
0
0
1
0
0
0
0
0
1
1
0
0
-1
0
-1
-1
0
0
0
1
1
0
-1
0
1
0
0
0
0
1
0
1
-1
0
1
0
0
0
-1
0
0
0
1
0
-1
0
-1
-1
0
0
1
0
0
0
1
0
0
0
1
1
-1
0
-1
0
0
0
1
0
0
0
0
-1
0
0
-1
0
0
-1
-1
1
0
0
1
1
-1
0
1
1
0
0
0
1
0
1
0
1
0
0
0
0
-1
0
0
1
1
0
0
0
0
0
0
0
0
0
0
0
0
0
1
0
0
0
0
1
0
0
0
0
-1
0
0
-1
-1
0
0
0
0
-1
0
0
0
0
-1
0
1
-1
0
0
0
-1
0
0
1
0
0
0
0
0
0
0
0
0
0
0
0
-1
0
0
-1
0
0
0
-1
0
0
0
0
0
1
0
0
0
0
0
0
0
0
0
0
0
0
0
0
-1
0
0
1
-1
0
0
0
-1
0
0
0
0
1
0
0
0
-1
-1
1
0
0
0
-1
0
1
0
0
0
0
0
0
0
-1
0
0
0
-1
0
-1
0
0
0
0
-1
0
0
0
0
0
0
0
0
0
0
0
0
1
0
1
0
0
1
0
0
0
0
0
1
0
1
0
0
0
1
0
0
0
0
0
1
0
0
0
0
0
0
-1
-1
1
0
0
1
0
0
1
0
0
0
-1
1
1
0
0
0
0
0
-1
0
0
0
0
0
0
0
0
0
0
0
0
0
0
0
0
-1
0
0
0
-1
0
-1
0
-1
0
0
0
-1
0
0
0
-1
1
0
0
0
0
0
0
0
-1
0
0
0
0
0
0
-1
0
0
0
1
0
0
0
0
0
0
1
0
0
0
0
0
0
-1
0
0
0
0
0
0
0
0
1
0
1
1
0
0
0
0
0
0
0
0
0
0
0
0
1
0
-1
-1
0
0
0
0
0
0
0
-1
0
-1
1
1
0
0
0
0
-1
0
0
1
0
0
0
0
0
0
0
0
0
0
0
1
0
0
0
0
0
0
0
0
0
0
0
-1
0
1
0
0
0
0
0
0
0
0
1
0
0
0
1
0
1
0
0
0
0
0
0
0
-1
0
0
0
0
0
1
0
0
0
0
-1
0
0
0
-1
0
0
0
0
0
0
0
0
0
-1
0
0
0
0
1
0
0
0
0
0
0
-1
-1
1
0
0
1
0
0
-1
0
-1
0
0
1
0
0
0
0
1
-1
0
0
0
0
0
0
0
0
0
0
0
0
1
0
0
0
0
0
0
1
0
0
0
1
0
0
0
0
-1
0
0
0
-1
0
0
1
0
-1
0
0
0
0
0
0
1
0
0
-1
0
0
-1
0
0
0
0
-1
0
0
0
0
1
0
1
0
0
0
0
0
1
0
0
0
0
0
0
0
-1
1
-1
0
-1
0
0
0
0
-1
0
0
0
0
0
0
0
0
0
1
0
0
0
0
0
0
0
0
0
0
0
0
0
0
-1
0
0
0
1
0
0
0
0
-1
0
-1
0
1
0
0
1
0
0
0
0
0
0
0
0
0
0
1
-1
1
-1
0
0
0
0
0
0
1
-1
0
0
0
0
0
1
0
0
0
0
0
0
0
-1
1
1
0
0
0
0
-1
0
0
0
0
0
0
-1
0
-1
0
0
0
0
1
0
0
1
0
0
0
-1
0
0
0
0
0
1
0
0
0
0
1
0
0
0
1
0
0
0
0
0
0
0
-1
-1
0
0
0
0
0
-1
0
0
-1
0
0
0
-1
0
0
1
0
0
0
0
0
0
1
0
0
0
0
1
0
0
0
1
1
0
0
0
0
0
-1
1
0
0
0
0
0
1
0
0
0
-1
1
1
0
-1
0
0
0
0
0
0
0
0
0
0
0
1
0
1
0
0
0
0
0
0
0
1
0
0
-1
0
0
0
0
0
0
0
0
0
0
0
0
0
0
0
0
0
0
0
0
0
0
0
0
0
0
0
0
0
0
0
-1
0
0
0
0
0
0
-1
0
0
0
0
0
0
0
-1
0
0
0
0
-1
0
0
0
0
0
0
0
0
0
0
0
0
0
0
0
0
0
1
-1
0
0
0
0
0
0
-1
1
0
0
0
0
0
-1
0
0
0
0
0
0
0
0
0
0
-1
-1
-1
-1
0
-1
0
0
0
0
0
0
-1
-1
0
-1
0
0
0
-1
0
0
0
0
0
0
0
1
0
0
0
0
0
0
0
0
0
0
1
1
0
0
0
0
0
0
0
0
0
0
0
1
0
0
0
0
0
1
1
0
0
0
0
0
-1
0
0
0
0
-1
0
0
0
0
1
0
0
0
1
0
1
1
0
1
1
0
0
0
0
1
0
0
0
0
1
1
1
1
1
0
0
0
0
0
0
0
0
0
0
0
0
1
0
0
1
0
0
0
1
0
0
0
-1
0
1
0
0
0
0
0
0
0
0
1
0
0
0
-1
-1
0
0
0
0
0
0
0
0
0
0
-1
0
0
0
0
0
-1
0
0
0
-1
0
1
0
0
1
0
-1
0
0
-1
1
0
0
0
1
0
0
0
0
0
1
0
0
1
1
0
0
-1
0
0
0
0
-1
0
0
0
0
0
0
0
0
0
0
0
0
0
0
0
0
0
0
0
0
0
0
0
-1
1
0
1
0
0
1
0
0
1
0
0
1
-1
0
0
0
0
1
1
0
0
0
0
0
0
0
1
0
1
1
-1
-1
0
0
0
0
0
0
0
0
0
0
0
-1
0
-1
0
0
0
0
0
0
1
0
-1
-1
0
0
0
-1
0
0
0
0
1
-1
0
0
0
0
-1
0
-1
0
0
0
0
0
0
0
0
0
0
0
0
-1
0
0
0
0
0
0
0
0
0
1
0
0
0
0
0
0
0
0
0
0
1
0
0
0
0
0
0
0
0
0
0
-1
0
0
-1
0
0
0
0
0
0
0
0
0
0
1
0
0
0
0
0
0
0
1
0
0
0
1
0
0
-1
0
-1
1
1
0
0
0
1
0
0
0
1
0
0
0
0
0
0
0
0
0
-1
0
0
0
0
1
0
0
0
1
0
0
-1
-1
0
0
0
0
-1
0
0
0
0
0
0
0
0
0
1
0
1
0
0
0
0
0
0
1
-1
0
1
-1
0
0
0
0
0
0
0
-1
0
0
0
-1
0
-1
0
0
0
0
0
-1
0
0
0
0
0
0
-1
0
0
0
0
0
0
0
0
-1
-1
1
0
0
0
0
1
0
0
1
0
0
-1
0
0
0
0
0
0
0
0
0
1
0
1
0
0
1
0
1
0
0
0
0
-1
0
0
0
-1
0
-1
0
0
0
-1
0
0
0
0
1
0
0
0
-1
0
0
1
0
0
0
0
0
0
0
0
0
0
0
0
1
1
0
0
0
0
0
0
0
0
-1
1
0
0
0
0
0
0
0
1
0
0
0
0
0
0
-1
0
0
0
1
0
0
0
0
0
0
0
0
-1
-1
0
0
-1
1
0
1
0
0
0
0
0
0
1
0
0
0
0
0
0
0
0
0
1
-1
0
0
0
0
0
0
0
0
0
0
0
0
0
0
0
0
-1
0
0
-1
0
0
-1
0
0
0
0
1
0
0
0
1
0
0
0
1
0
0
-1
-1
0
0
0
1
-1
0
0
0
-1
1
0
0
0
1
-1
0
0
0
0
0
0
1
0
0
0
0
-1
0
0
1
0
0
0
0
0
-1
0
1
-1
0
0
-1
1
-1
0
2
4
4
2
-1
-3
-4
-4
-3
-1
-1
-2
-2
0
2
3
4
3
2
1
0
1
2
2
1
2
2
-1
-1
-2
-4
-4
-3
-2
-2
-1
-5
-5
-8
-9
-7
-5
-4
-2
0
0
-2
-2
-3
1
4
8
10
10
4
-4
-5
-7
-2
5
16
21
19
17
14
10
7
5
4
-2
-3
-3
-4
-8
-7
-5
-7
-4
-3
-5
-6
-8
-6
-5
-4
-1
1
-2
-4
-1
-1
-2
6
10
9
6
6
6
7
10
13
11
7
-1
-7
-16
-22
-21
-19
-12
-9
-4
-2
-2
-5
-10
-16
-19
-20
-21
-14
-6
3
13
29
31
29
17
8
0
-14
-19
-18
-16
-8
7
17
26
30
35
31
24
15
7
-3
-14
-19
-22
-11
2
16
23
23
12
-7
-26
-35
-32
-15
-10
8
23
23
19
23
17
-1
-9
-25
-29
-32
-27
-15
4
16
24
12
6
6
-15
-32
-32
-37
-33
-20
-18
-6
-1
19
22
26
17
10
-14
-19
-6
19
57
72
100
87
62
25
18
-12
-31
-42
-30
-16
-33
-24
-23
-16
-25
-45
-75
-76
-83
-68
-40
-10
28
52
65
94
91
82
75
37
-11
-48
-85
-117
-106
-72
-14
6
71
99
69
26
-31
-103
-140
-118
-86
-5
107
221
287
300
246
148
33
-54
-140
-237
-363
-504
-873
-1240
-1007
-354
69
557
1198
1409
1125
529
280
269
54
-189
168
368
209
307
403
206
-109
-139
-259
-333
-314
-55
-13
-162
-262
-309
-435
-659
-542
-421
-272
-31
267
338
377
351
218
-7
-280
-540
-695
-778
-878
-713
-307
-46
-103
237
677
855
862
975
1059
818
101
-400
-311
-537
-734
-250
356
422
581
748
618
291
70
-39
-430
-1027
-1321
-1221
-1414
-1340
-511
306
715
1102
1428
1397
1165
762
421
178
-188
-288
-116
22
45
302
407
244
259
337
224
-41
-63
-290
-593
-903
-1047
-1043
-1025
-902
-533
-58
109
314
489
440
217
41
-275
-505
-584
-683
-782
-664
-314
-30
217
438
662
787
671
519
684
692
388
392
580
363
405
600
649
662
564
407
290
153
-127
-56
-125
-297
-362
-367
-576
-716
-700
-809
-728
-580
-478
-324
-58
-84
-110
-110
-265
-445
-451
-484
-389
-60
181
375
600
707
596
577
364
123
33
-93
-269
-198
-143
-166
-63
-32
-112
-178
-216
-351
-330
-331
-301
-150
61
161
327
500
502
579
640
534
447
450
339
265
253
254
209
192
44
-71
-99
-166
-241
-232
-248
-417
-398
-400
-420
-334
-183
-80
90
180
160
263
249
98
42
56
-90
-152
-98
-157
-211
-158
-121
-160
-158
-68
106
202
148
232
263
14
-190
-88
-64
-167
-28
242
303
144
221
325
244
116
212
311
211
104
46
-25
-350
-454
-380
-441
-468
-202
51
80
193
248
110
-132
-366
-584
-701
-767
-695
-477
-277
-130
50
128
60
72
-1
-189
-269
-236
-269
-239
-100
-61
-58
6
26
80
174
218
309
383
412
444
515
470
399
434
353
290
347
405
384
449
535
501
493
450
378
284
173
48
-6
-57
-101
-27
63
133
239
339
252
218
172
44
-85
-140
-157
-206
-165
-146
-77
-34
0
58
112
126
116
153
52
-47
-88
-157
-212
-221
-200
-258
-231
-164
-131
-188
-357
-500
-676
-776
-815
-708
-649
-551
-335
-214
-164
-121
-4
-123
-370
-688
-1029
-1441
-1873
-2282
-2751
-3103
-3044
-2354
-1481
-707
-71
441
617
618
825
1222
1739
2212
2552
2577
2408
2283
2279
2282
2094
1864
1670
1382
1008
736
587
322
88
-90
-311
-509
-556
-332
17
278
442
602
570
399
262
241
271
266
322
413
416
400
455
449
338
157
-98
-406
-741
-941
-982
-958
-920
-823
-671
-665
-652
-651
-735
-938
-1188
-1510
-1923
-2056
-1706
-898
-5
816
1363
1580
1547
1383
1212
1032
1033
1046
671
188
21
180
230
-32
-165
-284
-611
-802
-394
54
242
392
599
700
404
158
39
-254
-760
-1019
-1007
-877
-533
102
796
1311
1639
1867
1748
1148
495
-240
-1338
-2971
-4990
-7233
-9113
-9963
-9110
-6720
-3835
-1548
-285
246
405
856
1772
3055
4271
5051
5176
4927
4732
4850
5379
5550
4788
3598
2491
1435
328
-457
-885
-1477
-2224
-2833
-2866
-2591
-1841
-551
825
1770
2218
2698
2925
2810
2718
2842
2633
2095
1730
1551
1306
1102
1081
1011
539
-205
-843
-1447
-2192
-2814
-3034
-3376
-3691
-3597
-3133
-2595
-1942
-1186
-623
-301
-57
400
887
1313
1707
2091
2198
1943
1610
1227
698
175
-271
-740
-1245
-1537
-1610
-1590
-1607
-1740
-1818
-1940
-2046
-2098
-2145
-2365
-2547
-2342
-1533
-268
1208
2569
3418
3575
3074
2469
1865
1268
633
137
-382
-918
-1030
-713
-259
-107
-89
-118
-315
-582
-654
-520
-564
-604
-227
284
722
1131
1526
1482
1001
600
404
413
562
1047
1701
2136
2216
2296
2590
2755
2589
1900
520
-1610
-4630
-8312
-11767
-13712
-13639
-11548
-7770
-3606
-420
1469
2856
3807
4559
5436
6609
7324
6738
5881
5489
5423
4948
4595
4219
2699
468
-1291
-2364
-3771
-5032
-5453
-5544
-5673
-5264
-3434
-1011
1141
3259
5399
6806
6903
6883
6825
5985
4679
3505
2396
825
-460
-1047
-1284
-1763
-2355
-2600
-2825
-3107
-3153
-2766
-2538
-2552
-2305
-1898
-1508
-943
-5
950
1522
1716
1643
1505
1369
1177
995
694
113
-534
-1110
-1638
-2013
-2167
-2212
-2260
-2228
-2142
-1957
-1656
-1289
-792
-215
305
620
865
926
835
809
714
619
458
382
368
256
141
-12
-119
-471
-891
-1069
-1023
-832
-507
103
531
701
863
1107
1335
1300
1169
820
113
-792
-1523
-1701
-1621
-1240
-499
270
872
1338
1902
2296
2403
2200
1742
1133
465
86
59
364
839
1436
1964
1987
1596
823
-289
-1808
-4054
-7094
-10423
-12946
-13935
-12740
-9213
-4248
289
3311
5309
6639
7603
8112
8554
8638
7434
5293
3393
2295
1405
1031
1228
971
-361
-1882
-2607
-3269
-4215
-4881
-4776
-4366
-3982
-2470
355
3296
5609
7685
9232
9232
8051
6608
4897
2435
-160
-2133
-3552
-4663
-5040
-4353
-3417
-2870
-2281
-1319
-675
-476
-246
150
328
371
789
1389
1957
2453
2962
3161
2620
1693
779
-122
-1125
-1962
-2517
-2994
-3248
-3226
-3047
-2907
-2718
-2313
-1878
-1484
-1171
-785
-303
88
481
836
1086
1088
871
626
271
-233
-911
-1475
-1920
-2328
-2518
-2143
-1170
-183
646
1357
1803
1735
1510
1564
1631
1243
592
158
-243
-847
-1322
-1276
-1114
-1227
-1307
-947
-435
-29
697
1680
2334
2626
3040
3667
3977
3707
3096
2327
1237
-160
-1348
-2300
-3188
-3807
-3575
-2478
-948
1009
3089
4829
5837
5835
4974
3513
1558
-1186
-4931
-9314
-13450
-16207
-16900
-14876
-10462
-5114
-602
2834
6106
8594
10176
11192
11530
10239
7126
3942
1827
486
-607
-882
-642
-1118
-2299
-2850
-2577
-3222
-4633
-5425
-5557
-5390
-4364
-1418
2615
6079
8714
10886
11832
10783
8617
6323
3559
-184
-3669
-5942
-7324
-7783
-6811
-4575
-2250
-584
721
1856
2315
2123
1884
1760
1352
771
763
1441
2322
3269
4098
4227
3170
1223
-831
-2614
-4063
-5004
-5223
-4923
-4311
-3308
-1880
-425
633
1214
1242
708
-51
-630
-1014
-1316
-1511
-1555
-1488
-1302
-931
-549
-536
-880
-1348
-1781
-1982
-1727
-932
13
684
1249
1833
2152
2156
2000
1630
856
-186
-1060
-1615
-2085
-2386
-2351
-2097
-1793
-1388
-672
296
1223
2122
3115
3957
4597
5037
5177
4848
3948
2759
1596
439
-752
-1949
-3146
-4093
-4742
-4896
-4328
-3245
-1654
199
1911
3497
4722
5570
6078
6026
5488
4306
2351
-109
-3707
-8859
-14442
-18987
-20709
-18990
-14505
-8188
-2053
2819
7131
11082
14366
16146
15866
13930
9962
4658
382
-2187
-3628
-4219
-4309
-3919
-3581
-3295
-2327
-1575
-2127
-3620
-5065
-5569
-4959
-3112
594
5193
9330
12865
15206
15540
13764
10287
5820
685
-4781
-9265
-11679
-11791
-9903
-6781
-3061
495
3130
4951
5773
5319
4067
2604
1287
373
-57
297
1606
3138
4194
4295
3278
1312
-1297
-4027
-6537
-8625
-9704
-9346
-7677
-4989
-1811
1312
3906
5451
5697
4843
3153
1125
-847
-2528
-3841
-4678
-4803
-4220
-3028
-1564
-230
509
458
-236
-1096
-1715
-1870
-1469
-734
57
623
1084
1639
2094
2178
1732
778
-520
-1877
-2830
-3083
-2855
-2367
-1544
-539
424
1177
1804
2417
2830
2942
2968
3096
3142
3038
2754
2338
1851
1360
1073
1030
935
511
-275
-1252
-2201
-3022
-3457
-3317
-2724
-1802
-446
1319
3304
5049
6238
6988
7295
6881
5433
2910
-846
-5623
-11024
-16292
-20047
-21360
-19419
-14241
-7074
209
6265
11083
14751
17078
17635
16312
13098
8161
2400
-2733
-6170
-8161
-8786
-8173
-6859
-5550
-4379
-2843
-1475
-986
-1366
-1979
-2058
-1204
828
4066
7698
10648
12715
13905
13630
11417
7605
2968
-1943
-6632
-10298
-12228
-12106
-9985
-6372
-2077
2017
5293
7714
9184
9410
8332
6368
4104
1890
-82
-1578
-2515
-2983
-3082
-3207
-3583
-4294
-5147
-5722
-5774
-5243
-4329
-3081
-1501
210
1847
3159
3875
3912
3279
2116
565
-1103
-2437
-3214
-3423
-3275
-3100
-2961
-2834
-2830
-2943
-3242
-3738
-4138
-4091
-3313
-1725
426
2924
5376
7281
8248
8067
6925
5035
2487
-474
-3362
-5776
-7362
-7957
-7473
-5992
-3985
-1744
557
2585
4141
5235
5950
6305
6199
5685
5072
4449
3651
2719
1652
408
-1021
-2612
-4129
-5427
-6437
-6968
-6820
-5869
-4100
-1562
1445
4519
7341
9291
10281
10427
9425
7630
5039
1398
-2737
-7549
-13029
-17834
-21323
-22341
-19562
-13954
-6428
1283
7271
12225
16177
18628
19652
18471
14906
9735
3361
-2421
-6358
-9161
-10389
-10253
-9333
-7662
-5732
-3458
-999
442
533
249
180
923
2671
5110
7927
10210
11436
11863
11253
9037
5514
1218
-3164
-7053
-10216
-11584
-10633
-7973
-4288
-289
3423
6378
8226
9028
8691
6702
3495
80
-2752
-4666
-5629
-5492
-4403
-2959
-1793
-980
-675
-1029
-1727
-2482
-3135
-3695
-3992
-3543
-2328
-818
675
1934
2847
3277
2967
1967
503
-1278
-3034
-4445
-5459
-6033
-6136
-5592
-4251
-2559
-877
700
2055
3259
4150
4493
4540
4245
3505
2686
1797
821
-155
-1093
-1770
-2227
-2686
-3115
-3321
-3192
-2732
-1962
-889
370
1584
2656
3706
4722
5612
6234
6375
5933
4782
3031
1104
-668
-2155
-3429
-4424
-4943
-5071
-4879
-4237
-3161
-1769
-196
1411
3143
4763
5992
6976
7524
7588
7144
5998
4470
2266
-1070
-5077
-9819
-14947
-19198
-21847
-21392
-17206
-10748
-2925
4611
10692
15647
18906
20476
20284
17298
11865
5091
-1900
-7385
-11053
-12914
-12711
-11225
-8902
-6067
-2972
-56
1852
2301
1630
481
-390
-103
1656
4594
7782
10580
12699
13721
13060
10404
6228
1037
-4473
-9491
-13056
-14393
-13411
-10304
-5758
-734
3865
7484
9880
10907
10226
7825
4472
1002
-1887
-3731
-4311
-3742
-2441
-992
146
593
54
-1320
-3175
-5091
-6833
-8086
-8258
-6928
-4310
-946
2590
5563
7521
8225
7557
5639
2676
-879
-4357
-7224
-9251
-10081
-9483
-7520
-4460
-1143
1868
4224
5582
6072
5887
5020
3607
1917
190
-1122
-1966
-2413
-2465
-2328
-2211
-2276
-2367
-2285
-1885
-1094
-44
1057
2118
3111
3989
4690
4923
4547
3621
2342
1008
-327
-1550
-2434
-2813
-2672
-2036
-1041
27
965
1464
1461
1148
743
564
1003
1980
3003
3907
4496
4852
5057
4813
3936
2059
-1092
-5573
-11112
-16864
-21174
-22329
-19538
-13343
-5581
1802
7775
12612
16560
19655
21125
19654
15324
8718
1271
-4984
-9195
-11423
-11867
-11303
-10005
-7884
-5191
-1971
799
2188
2034
975
107
298
1887
4496
7515
10195
12121
13058
12664
10561
6901
2045
-3566
-9047
-13587
-16184
-16232
-13692
-9063
-3311
2671
8031
12129
14449
14658
12710
9108
4660
184
-3530
-6053
-7134
-6827
-5512
-3798
-2316
-1493
-1462
-2152
-3344
-4670
-5832
-6348
-5772
-4001
-1159
2219
5377
7670
8611
8065
6207
3285
-244
-3891
-7163
-9605
-11003
-11115
-9759
-7030
-3419
320
3422
5403
6336
6382
5883
5003
3703
2102
454
-881
-1750
-2203
-2400
-2420
-2457
-2516
-2605
-2625
-2222
-1463
-339
1075
2519
3841
4937
5680
5917
5400
4140
2514
909
-378
-1366
-2062
-2414
-2419
-2023
-1257
-402
191
417
377
350
600
1239
2300
3662
4950
5894
6159
5550
4374
2503
-254
-3867
-8691
-14275
-19316
-22250
-21355
-16589
-9332
-1510
5125
10245
13958
16784
19001
19347
17060
12368
5823
-501
-5179
-8119
-9122
-9179
-8990
-8314
-7093
-5105
-2672
-819
-52
-181
-573
-245
1377
4239
7601
10618
12583
13206
12605
10626
7410
3164
-1885
-7281
-12230
-15644
-16724
-15163
-11230
-5787
135
5759
10333
13547
15137
14721
12358
8429
3703
-980
-4830
-7214
-8034
-7570
-6319
-4934
-3704
-2822
-2429
-2365
-2635
-3182
-3825
-4114
-3546
-2000
437
3292
5950
7775
8200
7197
4983
1821
-1780
-5377
-8567
-10903
-12138
-11908
-10055
-6927
-2997
1054
4670
7401
8949
9352
8683
7145
4954
2407
-48
-2114
-3683
-4647
-5041
-5017
-4663
-4095
-3251
-2212
-1129
-69
989
2117
3250
4313
5127
5541
5421
4870
4019
2989
1968
942
-53
-1045
-2018
-2803
-3147
-3031
-2508
-1847
-1345
-950
-483
461
1983
3845
5594
6713
7023
6634
5660
4197
2059
-1247
-5937
-11660
-17441
-21759
-22844
-20168
-14324
-6622
733
6957
12264
16350
19596
21522
20534
16681
10463
2957
-3391
-7730
-10185
-10732
-10279
-9288
-7483
-4993
-2095
538
1899
1657
349
-1002
-1452
-338
2303
5677
9010
11598
12915
12835
11136
7705
2866
-2983
-9108
-14325
-17573
-18116
-15721
-10921
-4646
2109
8291
13143
16240
17156
15739
12231
7112
1386
-3914
-7866
-9745
-9556
-7791
-5224
-2741
-913
71
121
-563
-1782
-3304
-4637
-5226
-4720
-3049
-381
2671
5490
7559
8415
7869
5886
2500
-1727
-5979
-9608
-11827
-12257
-11107
-8572
-5157
-1517
2041
5041
7026
8004
7923
6810
5131
3080
889
-904
-2157
-2829
-2856
-2524
-2212
-2090
-2299
-2741
-3106
-3150
-2696
-1723
-279
1461
3308
5112
6584
7429
7511
6791
5348
3396
1155
-1041
-2808
-3805
-3933
-3367
-2354
-1269
-314
539
1197
1555
1612
1343
956
710
619
854
1518
2430
3396
4132
4346
3621
1700
-1629
-6579
-12599
-18545
-22576
-22626
-18439
-11336
-3036
4435
10513
15566
19457
22116
22394
19184
12915
4741
-3355
-9628
-13586
-14925
-13978
-11607
-8102
-4004
226
3906
5964
6012
4231
1474
-1011
-2115
-1278
1213
4551
8057
10954
12538
12419
10203
6108
577
-5665
-11532
-15788
-17404
-15989
-11695
-5549
1209
7529
12664
16060
17317
16045
12304
6939
1022
-4152
-7674
-9155
-8751
-7040
-4755
-2634
-1185
-682
-1077
-2125
-3540
-5031
-6029
-5910
-4318
-1300
2521
6234
8995
10208
9697
7532
3944
-641
-5506
-9803
-12858
-14032
-13063
-10200
-5930
-1226
2846
5842
7474
7763
7362
6343
4559
2414
38
-2038
-2882
-2721
-1986
-827
-177
-275
-746
-1751
-2888
-3743
-4289
-4068
-2841
-880
1534
3985
6074
7411
7829
7354
5888
3731
1240
-1269
-3227
-4248
-4232
-3158
-1298
742
2387
3357
3380
2509
1094
-718
-2533
-3895
-4642
-4463
-3156
-814
2244
5398
8143
9756
9899
8560
5294
174
-6571
-14572
-21862
-26251
-26313
-21438
-13164
-3642
5263
12472
17995
21819
23813
23112
18906
11910
3341
-5068
-11133
-14373
-14792
-12742
-9632
-5853
-1841
1631
4094
4856
3791
1360
-1405
-3196
-3131
-1016
2686
6910
10835
13657
14543
13428
10179
5179
-1044
-7549
-13097
-16639
-17244
-14729
-9585
-2935
3892
9662
13835
15918
15745
13431
9395
4453
-653
-4901
-7680
-8786
-8296
-6728
-4818
-3119
-2253
-2365
-3071
-4041
-4829
-5061
-4492
-2989
-685
2130
4986
7296
8585
8379
6658
3638
-212
-4152
-7522
-9822
-10764
-10296
-8541
-5864
-2909
-190
1753
2846
3269
3261
3265
3265
3288
3341
3345
3439
3446
3109
2408
1009
-1060
-3342
-5614
-7269
-7881
-7394
-5734
-3143
60
3450
6486
8689
9581
9132
7587
5191
2585
67
-2147
-3561
-4057
-3524
-2043
-179
1513
2494
2465
1551
-91
-1919
-3501
-4526
-4451
-3244
-1133
1749
4731
7146
8913
9540
8844
7165
4077
-626
-6321
-12969
-19673
-24364
-25957
-23338
-16461
-7537
1747
10060
16199
20390
22979
23497
21269
16077
8600
227
-7228
-12416
-15174
-15323
-13522
-10892
-7327
-3266
495
3519
5131
5069
3843
2094
807
970
2656
5264
8069
10530
11873
11575
9605
6078
1330
-4233
-9762
-14194
-16543
-16015
-12571
-6740
383
7088
12222
15541
16811
16024
13316
8884
3366
-2372
-7244
-10288
-11065
-9979
-7868
-5417
-3304
-2003
-1438
-1323
-1456
-1628
-1845
-1913
-1435
-264
1539
3634
5438
6243
5610
3723
1057
-1925
-4773
-7125
-8745
-9461
-9152
-7720
-5271
-2176
893
3254
4568
4724
3979
2997
2133
1531
1347
1189
1006
946
716
379
-16
-855
-1913
-2824
-3633
-3873
-3366
-2273
-588
1469
3464
5098
6107
6204
5465
4187
2545
775
-664
-1702
-2279
-2213
-1645
-662
695
1976
2792
2900
2137
704
-1006
-2523
-3536
-3815
-3250
-1993
-266
1741
3729
5547
7019
7868
7899
6684
3962
-199
-5545
-11455
-17203
-21772
-23670
-21993
-16948
-9397
-808
7135
13554
18154
20994
22135
20805
16520
10111
2579
-4778
-10401
-13643
-14311
-12986
-10650
-7557
-4012
-691
1897
3341
3620
2812
1231
93
387
2266
5323
8887
12220
14419
14616
12685
8971
3804
-2468
-8881
-14122
-17309
-17783
-15287
-10127
-3339
3560
9357
13546
15780
15789
13669
9929
5240
219
-4189
-7135
-8308
-7994
-6794
-5269
-3929
-3273
-3423
-4074
-4861
-5513
-5748
-5135
-3427
-766
2480
5804
8527
9989
9764
7931
4864
1017
-3117
-6962
-10049
-12170
-13017
-12125
-9500
-5653
-1130
2913
5669
7065
7024
6274
5429
4162
2748
1327
-469
-1975
-2844
-3168
-2773
-2238
-1832
-1382
-935
-261
708
1732
2572
2888
2791
2645
2364
2088
1781
1259
674
75
-411
-530
-225
264
888
1580
2149
2568
2882
2990
2704
1854
413
-1329
-2963
-4053
-4496
-4307
-3585
-2598
-1179
815
3232
5922
8284
9641
9719
8231
5328
1153
-4469
-10935
-17572
-23256
-25848
-24298
-18792
-10270
-1039
7089
13676
18064
20548
21578
20122
15790
9266
1441
-5950
-11272
-14113
-14330
-12630
-10087
-7065
-3739
-458
2130
3597
3886
3116
1891
1346
2191
4600
8038
11400
13919
14865
13741
10687
6196
781
-5144
-10792
-15073
-17100
-16479
-13198
-7822
-1345
5031
10260
13920
15720
15504
13316
9667
5112
215
-4217
-7463
-9114
-9370
-8663
-7604
-6681
-6138
-5926
-5704
-5105
-3992
-2474
-523
1739
4142
6464
8398
9555
9488
8004
5184
1436
-2664
-6564
-9740
-11795
-12582
-12055
-10212
-7321
-3833
-236
2921
5225
6475
6691
6285
5596
4571
3442
2225
759
-586
-1771
-2679
-3008
-3266
-3433
-3194
-2893
-2270
-1191
14
1389
2523
3159
3540
3560
3418
3230
2839
2388
1709
921
425
99
-45
-36
-148
-247
-260
-204
62
397
608
581
379
220
149
177
245
87
-222
-422
-343
330
1657
3103
4221
4919
4997
4312
2755
-63
-4261
-9319
-14799
-19329
-20932
-19096
-14143
-6887
883
7774
13066
16169
17770
17953
15640
10884
4402
-2693
-8935
-13171
-14600
-13190
-10270
-6789
-2982
795
4038
5977
6622
6214
4687
2610
1202
1321
2809
4954
7205
9213
10218
9673
7743
4856
1212
-3121
-7295
-10300
-11567
-11032
-8629
-4447
533
5097
8458
10449
10977
9953
7491
4253
828
-2543
-5273
-6735
-6853
-6196
-5243
-4321
-3657
-3432
-3685
-4007
-3952
-3531
-2804
-1548
311
2523
4779
6756
7991
7988
6439
3602
144
-3384
-6594
-9036
-10386
-10526
-9560
-7569
-4728
-1549
1377
3553
4766
4979
4276
3027
1822
1057
813
903
1233
1524
1463
1161
633
-80
-936
-2094
-3191
-3838
-3978
-3277
-1836
48
2117
3860
5176
5996
5980
5245
3843
1989
182
-1443
-2524
-2920
-2873
-2355
-1366
-49
1551
2980
3948
4334
3856
2724
1306
-141
-1346
-2209
-2813
-2913
-2594
-1962
-670
1056
2825
4423
5433
5613
5096
3666
1251
-2048
-6492
-11509
-15980
-18744
-18620
-15092
-9156
-2280
4184
8886
11981
13553
13851
13108
10557
6119
753
-4418
-8176
-9712
-9532
-7783
-5595
-3657
-1453
829
3075
4602
5040
4473
3126
1547
864
1642
3616
6074
8042
9376
9522
8427
6483
3905
891
-2697
-6314
-9056
-10253
-9793
-7632
-4237
-479
2838
5116
6664
7508
7514
6640
5084
2970
462
-1867
-3572
-4401
-4723
-4899
-5109
-5317
-5518
-5554
-5018
-3917
-2494
-1021
466
1966
3324
4338
4831
4663
3709
2030
49
-1727
-3096
-4050
-4503
-4528
-4269
-3876
-3409
-2925
-2568
-2461
-2591
-2624
-2467
-1897
-690
996
2999
4983
6459
7288
7293
6265
4541
2189
-510
-2906
-4804
-5851
-5825
-5084
-3743
-2064
-441
1175
2565
3480
4050
4138
3809
3348
2722
2134
1664
1213
838
429
-65
-464
-695
-623
-208
363
960
1340
1469
1403
1154
722
50
-757
-1601
-2178
-2184
-1585
-338
1270
2813
4271
5179
5379
5111
3700
1291
-2149
-6807
-11561
-15728
-18202
-17506
-13869
-8336
-1953
3253
6787
8831
9299
9390
8849
7040
4295
1157
-1600
-2888
-2968
-2286
-1106
-774
-860
-910
-798
-426
-413
-873
-1487
-1955
-1825
-349
2229
5483
8442
10555
11760
11604
10401
8189
5375
2106
-1576
-5102
-7820
-9306
-9529
-8484
-6665
-4424
-2316
-357
1661
3582
5190
6098
6330
5873
4954
3832
2757
1649
196
-1587
-3558
-5382
-6861
-7766
-7963
-7527
-6661
-5455
-3790
-1770
459
2598
4378
5565
5967
5696
4978
4031
2774
1229
-542
-2470
-4365
-6019
-7231
-7888
-7956
-7521
-6434
-4797
-2812
-601
1529
3354
4838
5943
6645
7049
6939
6199
4899
2990
752
-1531
-3746
-5573
-6799
-7337
-6962
-5717
-3835
-1548
627
2497
4036
5161
5967
6370
6230
5460
4083
2392
869
-251
-830
-960
-820
-506
-175
226
686
1046
1112
820
229
-473
-1052
-1373
-1339
-946
-374
385
1406
2496
3729
4870
5525
5698
4840
2902
246
-3324
-7193
-10980
-14556
-16853
-17296
-15416
-10916
-5098
680
5299
8117
9589
10408
10912
10733
9355
6574
2838
-693
-3083
-4483
-4873
-4977
-5263
-5051
-4412
-3142
-1468
-228
259
453
632
1524
3509
5940
8440
10305
11163
11055
10217
8582
6200
3074
-865
-4961
-8611
-11094
-12009
-11312
-9489
-7127
-4443
-1696
1340
4545
7452
9583
10527
10100
8628
6684
4493
2360
36
-2535
-5205
-7756
-9754
-10874
-10943
-10182
-8767
-7037
-4976
-2504
293
3317
6128
8220
9252
9173
8174
6637
4691
2432
10
-2598
-5146
-7377
-9012
-9842
-9906
-9280
-8169
-6577
-4544
-2095
815
3883
6545
8538
9688
9937
9645
8635
6660
3907
234
-3803
-7065
-9321
-10227
-9719
-8593
-6770
-4160
-1393
1712
4574
6329
7261
7291
6694
6130
5444
4453
3350
1905
499
-490
-1144
-1385
-1451
-1479
-1470
-1269
-846
-195
551
1101
1335
1251
891
436
155
46
238
838
1606
2582
3535
4042
4109
3550
2189
323
-2019
-4963
-7927
-10953
-13672
-14975
-14879
-12750
-8489
-3552
1412
5298
7387
8502
8931
8949
8763
7702
5576
2845
75
-1749
-2580
-2692
-2690
-3098
-3502
-3793
-3544
-2734
-1957
-1455
-951
-289
1197
3527
6017
8409
9974
10573
10402
9476
7789
5527
2618
-691
-3921
-6870
-8892
-9784
-9446
-8077
-6114
-3848
-1551
875
3392
5826
7692
8471
8051
6645
4752
2788
937
-900
-2804
-4822
-6643
-7956
-8549
-8357
-7592
-6318
-4766
-2969
-1030
917
2747
4172
5093
5396
5133
4475
3526
2412
1175
-223
-1708
-3169
-4510
-5557
-6285
-6634
-6561
-6032
-4890
-3300
-1282
1008
3323
5627
7505
8501
8391
7008
4555
1729
-1202
-3874
-5970
-7678
-8481
-8115
-6663
-4110
-1085
1769
4273
6147
7223
7679
7202
5954
4274
2379
809
-334
-1059
-1431
-1481
-1237
-605
167
871
1370
1437
1344
1236
1305
1648
2078
2327
2281
1808
1011
110
-787
-1470
-2002
-2300
-2308
-2026
-1326
-369
659
1630
2185
2309
2012
1059
-394
-2545
-5362
-8289
-11082
-12792
-12647
-10781
-7317
-3412
-237
2172
3527
4452
5686
6622
7155
6843
5315
3751
2626
1997
2108
1795
759
-509
-2002
-2782
-2847
-2924
-3050
-3479
-3799
-3133
-1470
1143
4185
6844
8987
10381
10985
10852
9744
7642
4793
1419
-1934
-4740
-6770
-7714
-7614
-6708
-5239
-3563
-1856
-132
1497
2793
3458
3262
2329
1097
48
-490
-586
-610
-820
-1249
-1679
-1814
-1718
-1563
-1614
-2024
-2579
-3055
-3202
-2922
-2306
-1504
-607
200
771
1060
1008
725
323
-222
-944
-1774
-2573
-2960
-2750
-1962
-825
277
1228
1915
2380
2523
2082
890
-875
-2753
-4090
-4506
-4130
-3068
-1763
-293
1385
3070
4696
5858
6217
5832
4818
3378
1857
261
-1208
-2309
-2988
-3034
-2489
-1548
-370
827
1890
2822
3479
3904
4154
4207
4201
4043
3686
3068
2160
1031
-242
-1521
-2793
-3929
-4755
-5091
-4769
-3787
-2380
-772
732
2057
3313
4304
4882
4573
3122
725
-2239
-5234
-7852
-10044
-11611
-12106
-11270
-8697
-5131
-1690
814
1775
2029
2519
3536
4996
5915
5578
4482
3299
2848
3363
3756
3414
2145
308
-954
-1434
-1503
-1709
-2633
-3826
-4362
-3767
-1819
823
3328
5461
6921
7931
8508
8374
7526
5998
3992
1995
153
-1426
-2471
-3086
-3033
-2457
-1728
-1059
-759
-733
-753
-794
-883
-1189
-1826
-2536
-3013
-2944
-2331
-1520
-865
-552
-390
-96
486
1181
1657
1623
1031
162
-682
-1304
-1771
-2202
-2693
-3187
-3542
-3727
-3678
-3476
-3134
-2604
-1911
-1106
-304
366
912
1371
1797
2203
2473
2515
2245
1623
699
-473
-1719
-2746
-3284
-3167
-2443
-1363
-207
909
1866
2730
3434
3801
3768
3319
2654
2024
1528
1024
451
-272
-930
-1221
-1039
-394
438
1199
1782
2232
2651
3085
3431
3611
3536
3213
2672
1906
992
-14
-1018
-1921
-2713
-3372
-3890
-4176
-4060
-3358
-2029
-267
1610
3145
4073
4168
3432
1923
-237
-2839
-5604
-8042
-9627
-9869
-8718
-6598
-4340
-2566
-1633
-1151
-516
610
2257
3715
4422
4183
3403
2775
2736
3110
3443
3300
2586
1774
1195
969
761
47
-1248
-2778
-3914
-4082
-3241
-1639
282
2140
3804
5143
6042
6370
6029
5152
4035
2901
1929
1069
318
-210
-402
-203
236
564
566
173
-425
-887
-1160
-1327
-1715
-2437
-3312
-4017
-4189
-3817
-3104
-2333
-1698
-1133
-462
339
1173
1744
1866
1576
1006
370
-209
-727
-1156
-1481
-1657
-1650
-1578
-1564
-1756
-2174
-2710
-3162
-3438
-3441
-3195
-2696
-1902
-913
240
1283
2057
2418
2379
2170
1959
1889
1874
1801
1574
1261
968
774
695
598
412
112
-192
-372
-425
-393
-399
-425
-380
-187
267
877
1579
2256
2766
3122
3287
3306
3228
3097
2975
2817
2538
2007
1234
325
-549
-1263
-1821
-2297
-2764
-3191
-3484
-3462
-3063
-2290
-1305
-284
642
1314
1677
1565
1001
-74
-1522
-3159
-4638
-5510
-5548
-4689
-3495
-2393
-1976
-2204
-2602
-2602
-1628
9
1825
3000
3327
3015
2558
2453
2639
2973
3018
2733
2309
1947
1768
1511
977
124
-898
-1757
-2310
-2400
-2048
-1269
-58
1404
2895
3971
4399
4207
3764
3456
3358
3294
2885
2060
1006
116
-242
-160
82
57
-338
-852
-1204
-1153
-880
-611
-600
-894
-1353
-1865
-2310
-2734
-3100
-3333
-3282
-2854
-2178
-1412
-784
-328
16
268
519
660
676
560
369
226
67
-174
-635
-1260
-1883
-2373
-2629
-2838
-3040
-3326
-3506
-3247
-2521
-1253
-13
980
1424
1438
1350
1248
1412
1542
1729
1739
1712
1679
1594
1549
1366
1248
1110
1054
1007
840
575
193
-114
-279
-271
-89
97
382
698
1129
1612
2001
2329
2479
2638
2795
2987
3100
2974
2598
1965
1225
472
-271
-996
-1723
-2349
-2771
-2902
-2704
-2282
-1715
-1176
-716
-451
-406
-616
-1048
-1658
-2383
-3177
-3973
-4531
-4657
-4076
-2905
-1506
-455
-202
-702
-1513
-1937
-1554
-446
891
1864
2225
2120
1880
1795
1871
1965
1945
1819
1709
1686
1677
1555
1252
889
624
549
597
600
535
493
667
1129
1701
2060
1944
1396
765
425
590
1135
1792
2295
2555
2637
2589
2415
2035
1403
630
-94
-647
-974
-1242
-1487
-1754
-1959
-2026
-2066
-2163
-2509
-3061
-3620
-3947
-3823
-3298
-2491
-1579
-688
195
999
1705
2192
2396
2303
1945
1390
635
-308
-1374
-2379
-3118
-3431
-3399
-3177
-2983
-2898
-2798
-2564
-2054
-1385
-719
-158
212
608
1020
1532
2004
2271
2375
2169
1891
1424
893
275
-313
-645
-703
-359
129
679
1082
1330
1475
1528
1553
1497
1404
1304
1250
1269
1271
1265
1205
1169
1234
1364
1563
1652
1636
1501
1371
1333
1364
1368
1166
696
19
-693
-1216
-1403
-1272
-928
-595
-383
-404
-613
-964
-1366
-1753
-2147
-2535
-3025
-3553
-4075
-4422
-4392
-3934
-3018
-2016
-1168
-833
-1034
-1501
-1962
-1841
-1187
91
1451
2581
3216
3192
2878
2284
1911
1660
1670
1746
1714
1590
1236
922
657
676
929
1306
1684
1842
1805
1567
1244
973
745
662
595
595
609
630
733
827
1011
1108
1095
866
443
5
-293
-233
152
738
1265
1462
1269
701
-82
-951
-1858
-2742
-3620
-4349
-4831
-4882
-4460
-3612
-2458
-1234
-104
740
1219
1322
1164
895
677
601
660
771
802
687
413
49
-374
-806
-1263
-1746
-2233
-2665
-2923
-2959
-2660
-2116
-1305
-401
487
1227
1621
1750
1501
1189
789
536
415
361
442
458
642
787
1015
1150
1124
957
596
283
3
-65
23
245
577
907
1227
1439
1558
1601
1595
1621
1634
1630
1519
1302
1021
750
570
471
416
314
117
-171
-490
-730
-779
-600
-181
324
755
889
651
84
-645
-1286
-1740
-1970
-2156
-2401
-2833
-3384
-3944
-4335
-4455
-4239
-3717
-2996
-2205
-1529
-985
-589
-150
415
1185
2028
2737
3129
3103
2761
2259
1803
1485
1377
1413
1552
1697
1780
1771
1671
1524
1391
1288
1196
1069
885
690
560
578
709
903
987
885
553
65
-453
-896
-1128
-1131
-884
-435
115
683
1174
1545
1767
1809
1659
1252
616
-220
-1135
-1992
-2691
-3137
-3349
-3305
-3082
-2732
-2307
-1895
-1495
-1137
-799
-484
-214
20
189
362
576
852
1154
1362
1383
1124
624
-19
-678
-1246
-1640
-1844
-1841
-1668
-1353
-968
-577
-229
25
181
206
131
-44
-228
-363
-369
-221
58
409
736
995
1138
1177
1135
1059
986
952
940
939
899
823
724
637
593
559
519
420
309
246
318
556
908
1281
1560
1665
1584
1337
971
564
174
-114
-278
-318
-291
-245
-211
-181
-111
-1
112
160
56
-205
-570
-912
-1146
-1233
-1250
-1336
-1575
-2043
-2623
-3259
-3738
-4000
-3934
-3524
-2878
-2036
-1278
-602
-168
184
535
970
1560
2054
2445
2474
2287
1926
1564
1382
1325
1513
1730
2005
2158
2120
1886
1433
1012
666
591
697
898
1069
1093
1026
845
647
380
84
-226
-480
-598
-563
-373
-96
247
600
930
1159
1219
1067
730
293
-135
-519
-836
-1144
-1462
-1781
-2059
-2237
-2323
-2270
-2138
-1906
-1629
-1345
-1112
-953
-839
-718
-495
-184
201
533
754
808
708
509
238
-58
-353
-618
-825
-953
-1007
-986
-896
-728
-490
-223
8
107
57
-117
-319
-456
-461
-323
-117
137
343
521
627
708
786
865
1008
1128
1271
1326
1357
1340
1302
1261
1143
1004
755
499
226
22
-78
-83
53
233
485
693
840
905
860
796
663
540
375
194
24
-155
-249
-326
-309
-280
-212
-127
-71
-5
-22
-53
-156
-273
-408
-574
-724
-925
-1102
-1311
-1534
-1803
-2156
-2509
-2865
-3046
-3062
-2807
-2356
-1771
-1122
-565
-80
174
340
368
436
565
784
1090
1303
1480
1462
1433
1346
1333
1385
1464
1614
1697
1812
1828
1823
1747
1640
1554
1457
1408
1289
1131
885
613
392
220
149
91
53
3
-35
-18
14
91
116
102
21
-124
-294
-496
-654
-762
-760
-680
-576
-536
-644
-898
-1247
-1568
-1771
-1824
-1735
-1558
-1348
-1118
-897
-661
-445
-245
-66
51
122
74
-81
-358
-661
-873
-930
-773
-524
-246
-85
-60
-144
-308
-423
-510
-468
-351
-121
167
433
670
777
867
893
960
1028
1063
1058
967
891
811
814
852
911
960
955
919
806
658
478
294
161
76
74
96
135
181
235
340
450
573
603
528
306
-32
-392
-701
-849
-840
-659
-416
-199
-91
-137
-286
-474
-580
-564
-402
-158
74
207
150
-74
-454
-876
-1280
-1585
-1775
-1874
-1881
-1861
-1777
-1657
-1452
-1195
-890
-574
-300
-74
71
194
287
417
576
752
926
1034
1100
1084
1056
1032
1019
1051
1046
1064
1025
1024
1038
1111
1260
1404
1592
1655
1683
1552
1370
1132
885
725
589
576
528
486
347
146
-81
-302
-438
-526
-547
-551
-549
-521
-498
-449
-416
-413
-439
-529
-628
-795
-966
-1165
-1321
-1401
-1406
-1318
-1246
-1172
-1152
-1123
-1047
-923
-714
-527
-328
-168
-32
126
218
338
359
383
347
285
203
16
-150
-406
-549
-684
-701
-670
-630
-501
-386
-134
90
364
547
660
723
727
778
800
874
916
962
983
947
868
705
526
346
223
170
156
177
191
220
265
333
413
456
458
402
307
173
16
-159
-324
-474
-560
-628
-675
-716
-775
-793
-804
-727
-646
-512
-405
-315
-230
-186
-103
-63
35
81
128
105
10
-128
-334
-494
-653
-705
-712
-641
-526
-405
-273
-202
-161
-158
-159
-109
-33
111
256
400
528
598
660
640
637
605
629
709
815
947
982
996
920
864
827
832
887
939
1030
1077
1118
1106
1053
990
913
877
831
771
638
423
154
-154
-419
-646
-793
-881
-914
-914
-915
-919
-961
-1007
-1032
-1009
-942
-854
-787
-744
-733
-705
-664
-598
-539
-517
-504
-550
-563
-617
-630
-640
-625
-538
-461
-316
-249
-159
-149
-117
-93
-97
-90
-183
-248
-387
-449
-504
-505
-471
-441
-359
-322
-241
-206
-151
-89
-1
145
291
459
583
682
755
790
836
844
871
866
864
860
816
773
662
574
463
416
396
417
466
483
489
413
322
178
55
-42
-87
-81
-53
-15
-8
-26
-77
-143
-204
-263
-305
-329
-359
-379
-410
-410
-398
-341
-254
-156
-60
6
82
129
182
204
210
188
152
106
28
-59
-184
-299
-405
-475
-524
-569
-600
-631
-616
-552
-424
-266
-104
64
208
358
481
585
651
691
710
711
713
681
643
592
570
579
615
653
652
634
580
550
522
516
497
461
423
339
258
123
-18
-182
-315
-413
-488
-532
-595
-647
-726
-761
-788
-775
-744
-701
-632
-564
-472
-410
-361
-353
-379
-433
-501
-561
-611
-624
-601
-550
-494
-460
-446
-465
-480
-476
-443
-365
-285
-190
-151
-144
-190
-238
-258
-235
-159
-74
9
35
42
17
10
30
93
194
320
442
529
573
562
528
490
494
512
556
581
594
593
601
621
642
676
675
673
644
600
520
417
310
213
148
102
64
17
-34
-70
-75
-50
-11
17
23
-2
-42
-108
-175
-252
-308
-328
-307
-246
-183
-117
-80
-48
-27
-6
15
26
51
83
136
187
224
216
164
83
-12
-99
-173
-234
-272
-305
-329
-353
-394
-435
-465
-453
-403
-312
-204
-97
-7
58
105
122
132
143
178
239
319
400
458
483
473
437
379
305
226
163
127
126
144
178
191
184
153
100
42
-39
-109
-185
-234
-274
-305
-340
-395
-440
-482
-480
-444
-372
-292
-214
-147
-120
-121
-168
-243
-322
-384
-395
-365
-297
-233
-186
-169
-190
-225
-269
-286
-279
-229
-164
-102
-65
-69
-106
-156
-198
-228
-230
-219
-194
-160
-130
-106
-88
-71
-35
24
105
175
231
263
269
279
285
302
311
322
322
323
333
347
381
418
478
531
582
602
584
537
477
431
412
423
448
480
496
486
451
393
319
249
192
151
122
80
17
-74
-176
-263
-325
-342
-331
-287
-226
-165
-116
-103
-115
-157
-185
-201
-178
-135
-83
-35
-20
-11
-40
-72
-120
-156
-179
-192
-179
-183
-187
-220
-258
-302
-341
-361
-377
-371
-364
-342
-321
-296
-267
-239
-194
-145
-76
-4
65
130
173
212
238
246
236
213
194
187
193
205
223
236
242
236
219
182
136
83
34
-7
-42
-72
-110
-152
-190
-210
-214
-197
-167
-136
-106
-85
-76
-88
-112
-144
-170
-187
-189
-187
-187
-182
-165
-131
-94
-63
-46
-32
-21
2
34
66
95
115
128
131
113
68
8
-62
-113
-143
-154
-162
-181
-204
-229
-243
-244
-222
-185
-129
-57
21
95
143
178
199
222
261
294
315
318
313
313
321
328
323
311
289
276
276
290
314
337
365
385
400
387
352
289
214
153
107
81
61
42
7
-32
-78
-127
-164
-190
-196
-184
-161
-137
-122
-117
-119
-123
-118
-115
-107
-89
-63
-27
12
49
66
65
45
11
-21
-50
-63
-64
-59
-64
-94
-149
-231
-309
-363
-374
-343
-299
-253
-233
-232
-250
-263
-250
-200
-108
-4
97
152
158
127
82
60
77
140
212
273
293
266
209
135
68
21
-1
-20
-48
-88
-140
-201
-257
-286
-284
-261
-231
-209
-199
-193
-176
-148
-111
-63
-24
3
7
-3
-20
-29
-13
30
93
148
178
166
121
55
-4
-34
-24
20
86
150
182
180
138
76
14
-31
-49
-44
-30
-16
-17
-39
-75
-113
-139
-141
-115
-69
-19
29
64
83
94
101
108
114
126
137
158
179
198
213
221
230
240
253
261
273
279
280
275
262
244
220
194
159
122
79
31
-16
-56
-83
-98
-98
-96
-99
-107
-118
-126
-121
-107
-83
-58
-40
-35
-53
-80
-115
-133
-130
-103
-63
-25
-4
-4
-20
-49
-60
-56
-33
1
26
34
5
-51
-126
-191
-230
-243
-230
-210
-196
-204
-227
-256
-284
-294
-290
-272
-238
-195
-143
-87
-29
27
71
93
93
75
58
61
91
147
210
255
260
219
142
57
-13
-41
-30
15
69
100
93
50
-10
-64
-96
-101
-73
-32
14
50
68
72
69
65
70
83
97
102
106
110
114
115
107
93
63
25
-22
-63
-87
-87
-66
-35
-6
2
-14
-60
-114
-159
-174
-151
-99
-41
6
25
15
-10
-39
-52
-48
-22
17
59
84
90
72
37
3
-21
-28
-16
9
37
65
81
93
101
108
122
141
169
201
226
245
251
243
228
210
190
174
151
119
88
55
25
3
-15
-33
-50
-71
-91
-106
-110
-100
-79
-54
-32
-16
-11
-20
-35
-50
-53
-34
-4
31
56
59
37
-6
-48
-89
-110
-118
-119
-126
-145
-178
-212
-247
-269
-276
-277
-265
-251
-244
-240
-240
-240
-238
-229
-211
-191
-164
-140
-110
-78
-37
13
58
97
113
113
100
92
96
118
149
178
192
175
130
66
-3
-43
-49
-22
25
59
76
60
29
-3
-15
0
41
96
144
173
174
167
158
164
180
200
213
208
178
135
95
72
69
79
94
95
74
41
2
-28
-32
-12
14
28
27
8
-29
-63
-81
-71
-42
-8
16
19
-1
-40
-81
-104
-108
-92
-69
-46
-36
-40
-53
-71
-89
-97
-90
-77
-62
-52
-51
-54
-63
-63
-54
-42
-19
5
28
44
58
69
76
83
81
77
66
59
57
55
58
57
49
30
4
-27
-56
-71
-77
-74
-68
-68
-73
-79
-79
-73
-62
-53
-44
-34
-26
-17
-5
9
27
38
39
27
8
-14
-34
-46
-48
-38
-30
-28
-44
-76
-115
-148
-162
-152
-125
-92
-69
-64
-74
-93
-100
-96
-70
-33
4
33
46
53
58
75
99
137
175
197
204
190
165
138
121
115
114
118
112
91
61
24
-11
-36
-44
-39
-27
-8
16
38
64
86
110
129
149
164
179
190
197
201
199
191
169
136
85
35
-12
-46
-57
-57
-55
-58
-77
-110
-149
-180
-189
-178
-148
-111
-83
-68
-66
-75
-85
-90
-82
-73
-62
-59
-67
-76
-73
-59
-35
-12
-11
-33
-69
-109
-142
-144
-125
-85
-45
-25
-32
-71
-126
-170
-181
-160
-104
-37
19
45
38
6
-24
-34
-18
27
84
137
164
164
138
99
69
51
51
57
59
52
25
-7
-42
-60
-60
-48
-29
-13
-8
-11
-18
-20
-3
25
66
104
132
136
120
90
62
46
43
60
76
87
79
59
25
-7
-30
-41
-34
-25
-21
-22
-35
-55
-73
-80
-76
-62
-41
-26
-15
-12
-12
-5
12
42
77
105
122
115
96
70
50
44
54
79
96
103
87
50
-4
-55
-90
-106
-94
-65
-35
-11
-3
-11
-22
-29
-21
-2
24
51
67
73
71
66
57
54
52
53
54
44
25
-3
-26
-38
-38
-32
-31
-42
-68
-97
-120
-129
-121
-101
-77
-57
-44
-51
-71
-92
-108
-107
-84
-51
-18
-1
-4
-21
-45
-60
-63
-57
-43
-31
-32
-43
-61
-83
-95
-95
-81
-57
-34
-21
-24
-38
-57
-65
-52
-24
3
26
37
38
33
31
41
58
81
102
112
108
94
76
56
54
51
59
67
69
65
50
35
24
28
42
64
79
84
71
48
30
22
33
56
81
100
106
93
72
50
39
41
55
74
83
79
60
27
-2
-22
-29
-24
-11
-4
-4
-16
-37
-59
-74
-75
-69
-52
-33
-19
-20
-25
-33
-34
-24
-13
5
13
13
-1
-15
-26
-32
-28
-15
-2
2
-5
-25
-49
-68
-83
-79
-66
-47
-37
-38
-47
-58
-63
-61
-45
-26
-5
9
16
13
6
1
1
10
24
39
47
46
34
17
-2
-14
-6
10
28
35
34
18
-6
-28
-42
-45
-44
-41
-40
-44
-50
-50
-52
-45
-39
-30
-23
-17
-18
-20
-19
-15
3
10
18
15
0
-15
-30
-32
-32
-24
-24
-21
-30
-46
-55
-61
-55
-39
-12
13
31
41
43
36
35
42
54
74
89
100
95
88
81
76
72
72
80
81
82
71
56
41
30
32
39
51
53
48
32
11
-7
-12
-8
6
24
39
44
38
29
20
19
26
37
50
57
56
43
25
7
-7
-13
-15
-14
-20
-33
-54
-79
-96
-104
-103
-96
-82
-72
-65
-62
-60
-54
-41
-25
-4
15
27
30
24
12
1
-7
-10
-9
-6
-4
-11
-21
-34
-50
-58
-63
-58
-50
-43
-33
-29
-25
-24
-20
-16
-12
-4
5
12
14
11
10
8
12
17
22
25
23
16
8
0
-6
-7
-7
-9
-13
-22
-33
-46
-61
-65
-69
-67
-59
-50
-46
-45
-43
-37
-30
-22
-12
-7
-4
-2
1
4
4
7
11
17
20
25
28
28
33
38
43
44
40
33
24
17
9
9
16
25
38
49
55
57
58
59
61
64
72
77
82
81
77
68
62
61
61
62
65
63
60
53
41
32
25
24
20
18
8
-7
-25
-39
-42
-43
-39
-28
-21
-15
-9
-6
-6
-3
2
6
15
22
24
24
18
13
8
5
2
-1
-7
-22
-36
-57
-74
-81
-87
-85
-81
-73
-68
-67
-63
-64
-64
-59
-48
-36
-23
-12
-8
-6
-3
-4
-3
-2
-5
-11
-16
-22
-33
-40
-48
-54
-55
-54
-50
-49
-50
-54
-57
-53
-49
-40
-29
-16
-2
11
24
35
41
46
53
59
64
62
62
57
49
47
41
36
32
26
21
9
-2
-11
-21
-25
-27
-26
-21
-13
-5
1
9
19
28
35
44
51
54
58
63
62
61
57
52
50
49
41
30
18
3
-10
-22
-31
-35
-37
-35
-28
-20
-9
1
11
21
29
37
40
45
48
48
47
45
42
40
37
33
28
20
14
9
2
-3
-9
-18
-26
-32
-38
-39
-41
-41
-39
-37
-33
-28
-25
-17
-10
-6
2
2
1
-2
-1
1
1
4
6
8
10
11
5
-9
-17
-28
-41
-51
-59
-66
-72
-71
-67
-62
-54
-50
-47
-46
-46
-47
-43
-40
-33
-27
-21
-10
-7
-6
-8
-11
-17
-20
-22
-29
-33
-37
-40
-40
-35
-29
-22
-15
-7
-2
2
5
10
16
22
32
45
57
67
75
79
81
81
77
74
70
67
60
53
50
43
39
41
42
42
44
41
38
36
33
26
20
13
5
2
-3
-6
-10
-11
-12
-13
-15
-16
-18
-20
-20
-21
-22
-24
-25
-28
-31
-35
-34
-34
-34
-32
-30
-27
-21
-14
-7
-1
5
11
14
14
16
14
11
11
11
9
8
10
12
13
19
22
24
26
29
28
24
21
18
19
22
24
23
19
15
10
5
3
-1
-9
-15
-18
-24
-26
-24
-24
-24
-22
-22
-22
-22
-22
-23
-24
-23
-20
-15
-11
-9
-9
-10
-12
-16
-23
-26
-27
-28
-29
-30
-32
-32
-32
-32
-31
-31
-34
-34
-27
-20
-14
-9
-3
3
12
22
31
36
36
37
37
35
36
34
29
23
20
20
17
14
10
7
5
3
3
4
8
14
23
33
39
46
49
51
54
53
51
44
41
39
37
34
25
18
13
5
1
-7
-13
-21
-27
-29
-30
-28
-27
-25
-26
-25
-21
-22
-22
-24
-26
-28
-27
-26
-24
-24
-23
-20
-17
-15
-16
-18
-19
-21
-19
-18
-19
-19
-21
-20
-20
-21
-21
-19
-15
-8
-2
5
7
9
13
16
20
23
24
26
28
29
29
25
17
11
3
3
1
-1
-6
-12
-14
-16
-15
-15
-16
-15
-12
-8
-6
-6
-6
-7
-7
-3
-4
-7
-10
-12
-11
-10
-8
-7
-7
-8
-9
-11
-11
-9
-12
-12
-11
-7
-6
-4
-2
-1
-1
1
3
3
1
1
0
2
5
6
7
8
9
8
8
6
3
-2
-3
-3
-5
-4
-6
-3
0
8
14
14
9
5
6
4
6
8
8
12
14
18
21
25
24
24
29
29
28
23
18
14
10
5
0
-1
-1
1
3
7
10
14
18
22
26
29
31
32
33
33
31
27
19
11
4
-2
-8
-11
-15
-20
-24
-26
-26
-28
-28
-28
-29
-29
-29
-27
-29
-29
-26
-24
-21
-19
-17
-16
-15
-14
-12
-16
-19
-23
-24
-23
-22
-22
-24
-22
-18
-17
-12
-9
-8
-7
-4
1
3
8
12
18
24
29
32
31
32
32
33
33
34
31
30
28
29
27
24
20
14
11
9
9
8
7
8
8
11
16
21
22
23
22
21
19
16
13
9
6
5
4
0
-4
-10
-15
-17
-18
-20
-21
-21
-24
-22
-19
-18
-18
-18
-15
-13
-12
-9
-10
-10
-9
-6
-4
-5
-4
-6
-4
-5
-6
-9
-9
-9
-10
-11
-12
-12
-12
-10
-8
-3
4
7
8
9
7
4
4
7
10
14
18
19
20
20
20
21
20
21
19
16
11
7
4
1
-2
-4
-4
-5
-3
-5
-4
-5
-3
-2
-3
-3
-6
-7
-11
-13
-15
-17
-20
-22
-23
-23
-25
-25
-26
-27
-31
-33
-33
-33
-33
-33
-32
-31
-32
-33
-34
-34
-33
-31
-30
-30
-29
-30
-28
-26
-23
-20
-18
-15
-14
-13
-13
-12
-12
-11
-10
-10
-10
-11
-13
-12
-10
-8
-2
1
6
12
16
18
20
21
24
27
29
29
31
35
35
35
36
34
35
33
33
34
33
33
35
37
39
42
43
45
48
48
46
46
43
40
36
37
37
38
39
39
37
33
32
30
26
23
18
14
12
9
8
5
4
5
6
6
5
2
-1
-2
-4
-6
-9
-12
-16
-17
-16
-15
-15
-15
-15
-13
-11
-9
-9
-9
-8
-9
-9
-9
-11
-14
-16
-17
-20
-21
-25
-24
-25
-23
-20
-18
-17
-19
-18
-18
-19
-17
-17
-16
-16
-13
-11
-10
-10
-12
-13
-15
-17
-19
-21
-22
-23
-23
-23
-24
-24
-25
-27
-26
-26
-24
-23
-20
-17
-13
-8
-5
-2
0
0
-1
-3
-7
-6
-8
-9
-7
-5
-4
-3
0
3
7
9
10
12
13
14
15
14
13
13
13
14
16
18
19
19
17
17
15
16
17
16
17
18
18
19
19
20
21
23
23
25
24
24
23
21
18
14
12
11
12
13
12
14
15
16
15
17
15
14
13
9
6
3
1
-2
-3
-4
-5
-6
-6
-6
-5
-5
-3
-4
-3
-3
-2
-2
-1
0
0
-2
-3
-4
-4
-5
-5
-8
-9
-8
-8
-7
-6
-7
-6
-6
-7
-9
-11
-13
-14
-16
-17
-19
-19
-21
-21
-22
-21
-21
-21
-21
-24
-26
-28
-31
-33
-36
-36
-37
-37
-35
-34
-31
-29
-27
-24
-24
-22
-22
-24
-27
-29
-28
-28
-27
-24
-22
-19
-18
-16
-13
-11
-8
-5
-2
2
4
7
8
10
11
12
14
15
17
19
22
25
26
28
29
29
33
35
36
39
40
40
40
40
41
42
43
43
44
45
44
43
42
41
39
37
37
36
34
33
32
30
29
26
25
22
20
19
17
15
15
11
9
7
5
4
3
2
1
0
-2
-3
-4
-4
-6
-8
-9
-11
-12
-13
-14
-15
-15
-14
-15
-13
-15
-14
-13
-13
-14
-14
-16
-16
-18
-19
-19
-20
-20
-20
-20
-21
-21
-21
-21
-20
-20
-18
-17
-18
-17
-16
-16
-16
-16
-15
-15
-15
-14
-14
-13
-11
-10
-10
-10
-9
-9
-9
-8
-7
-8
-8
-9
-8
-7
-7
-7
-7
-5
-5
-4
-4
-3
-3
-3
-4
-4
-3
-4
-4
-2
-2
1
1
3
2
3
2
1
1
0
1
0
0
1
2
1
3
4
6
8
9
9
9
9
9
9
10
10
10
10
10
10
9
9
11
11
11
12
12
12
12
13
13
15
14
15
15
15
14
15
14
13
13
12
10
10
10
10
10
10
9
9
8
7
6
6
6
5
4
3
1
1
-1
-2
-2
-3
-4
-5
-6
-6
-8
-9
-9
-9
-9
-9
-10
-10
-11
-11
-10
-9
-9
-9
-10
-10
-12
-13
-15
-16
-16
-17
-16
-16
-16
-15
-14
-13
-11
-11
-11
-10
-9
-8
-9
-8
-9
-8
-9
-8
-7
-6
-6
-5
-3
-1
0
1
3
3
2
3
3
3
3
3
4
4
4
5
5
4
5
6
6
6
6
7
7
6
6
6
5
5
6
5
4
4
4
4
3
4
2
2
2
2
1
1
1
1
2
2
2
3
4
3
3
2
3
3
3
4
4
4
4
4
4
5
4
4
4
4
4
4
3
3
2
2
3
4
4
5
6
8
9
9
9
8
9
7
8
7
8
6
6
6
5
5
5
5
5
4
4
3
2
2
1
-1
-1
-1
-2
-2
-2
-4
-4
-4
-5
-4
-6
-5
-4
-5
-4
-4
-4
-4
-5
-4
-6
-8
-8
-9
-11
-11
-12
-11
-11
-9
-9
-8
-7
-6
-4
-4
-3
-4
-4
-3
-3
-3
-3
-3
-3
-3
-2
-2
-2
-2
-1
0
1
1
1
3
3
2
3
2
2
2
2
1
2
0
1
0
2
2
2
2
2
1
1
1
-1
-1
-2
-2
-2
-3
-2
-2
-2
-1
-1
-1
-1
-2
-2
-1
-2
-1
-1
-1
-1
-1
0
-1
0
0
0
0
0
-1
-1
-1
-1
-2
-2
-2
-3
-2
-1
0
1
3
3
2
2
3
2
3
3
4
4
4
3
3
2
2
2
1
1
1
0
0
-1
0
0
0
0
2
2
2
2
2
2
2
2
1
1
1
0
-1
-2
-2
-3
-4
-3
-2
-1
-1
1
1
0
0
1
1
0
0
0
-1
-1
-1
-1
-2
-2
-2
-1
-1
0
0
1
1
1
0
0
-1
-1
-1
-3
-2
-2
-3
-2
-3
-3
-2
-1
0
0
0
1
1
2
2
2
3
3
3
3
2
3
2
1
1
0
1
1
0
1
0
0
1
1
1
1
0
1
1
1
1
1
1
1
3
2
4
3
4
3
3
2
2
2
2
1
1
2
1
1
0
0
0
0
0
1
0
0
0
1
2
1
2
2
2
2
2
3
2
1
1
1
0
-1
-1
-2
-2
-1
-2
-1
-2
-1
-1
-1
-2
-2
-2
-2
-2
-2
-2
-2
-1
-1
0
-1
0
1
0
0
0
0
-1
0
-1
-1
0
0
-1
-1
-1
0
-1
-1
-2
-2
-2
-2
-1
-1
-1
-1
-1
-1
0
0
-1
-1
-1
-2
-1
-2
-2
-1
-2
-3
-2
-2
-2
-3
-1
-2
-1
0
0
0
1
2
1
1
1
1
2
1
1
2
1
0
1
1
0
1
-1
0
0
0
0
0
0
1
0
0
1
0
0
1
0
1
1
1
1
1
1
-1
-1
-1
-2
-1
0
-1
-1
-2
-1
-1
-1
-1
-1
0
-1
-1
0
-1
-1
-1
-1
0
0
0
0
0
-1
-1
-1
-1
-1
-1
-3
-2
-1
-1
-1
-2
-2
-1
-2
-1
-2
-1
-1
-1
0
0
0
1
1
1
2
1
2
1
1
0
1
0
0
1
1
1
1
0
0
0
1
1
1
1
1
1
1
1
1
1
1
0
0
0
1
0
1
0
0
1
0
1
1
0
0
0
1
1
0
1
1
1
1
1
1
1
2
2
2
3
2
2
3
2
2
2
2
2
2
1
1
0
1
0
0
0
1
1
0
1
0
0
0
1
0
1
1
1
1
0
1
1
1
0
0
0
0
0
0
-1
-1
-1
-1
-1
-1
-1
0
0
0
0
0
1
0
0
1
1
1
1
1
0
0
1
0
-1
-1
0
-1
-1
-1
-2
-1
-1
-2
-2
-1
-2
-2
-2
-2
-1
-1
-2
-1
-2
0
-1
-2
-1
-1
-1
-1
-1
-1
-1
-2
-1
-2
-1
-1
0
-1
-1
-1
-1
-1
-1
-1
0
0
0
0
0
0
0
1
1
1
0
1
1
0
1
1
1
1
1
1
1
1
1
1
2
1
1
0
0
1
1
1
1
2
2
1
1
0
1
0
0
1
1
0
1
0
-1
0
0
0
0
-1
-1
-1
-2
-1
-1
0
-1
0
0
1
0
0
0
0
0
-1
-1
-1
-1
-1
-1
-1
-1
-1
-1
0
-1
-1
-1
-1
-1
0
-1
0
-1
0
-1
1
0
1
1
1
1
1
1
0
0
-1
0
0
-1
-1
-1
-1
-1
-1
-1
-1
-1
-1
-1
-1
-1
0
0
-1
0
0
-1
-1
-1
0
-1
-1
0
-1
-1
-1
0
-1
0
-1
0
1
0
0
0
1
0
0
0
0
1
0
1
0
1
1
1
0
1
1
2
1
1
0
0
0
0
1
1
1
1
1
1
1
0
1
2
2
1
1
2
1
1
1
1
1
0
1
0
0
1
0
1
0
1
1
1
1
0
1
1
1
0
1
0
0
0
0
0
0
1
1
1
1
0
0
0
1
1
1
0
1
0
0
0
1
0
0
0
0
0
-1
0
0
0
0
1
-1
0
0
1
1
0
1
0
0
1
1
1
1
1
1
1
1
1
0
0
0
-1
-1
-1
-1
-2
-1
-1
-2
-2
-1
0
-1
-1
-1
-1
-1
-2
-1
-1
-1
-1
-2
-2
-2
-1
-1
-1
-1
-2
-1
-1
-1
-1
0
-1
-1
-1
0
0
0
0
0
0
-1
0
0
0
0
-1
-1
-1
0
0
0
0
-1
0
0
-1
0
-1
0
0
-1
0
0
0
0
1
0
0
0
0
-1
1
0
0
1
0
0
0
0
0
0
0
-1
0
0
0
-1
0
-1
-1
1
0
-1
0
0
0
1
0
0
0
-1
0
0
0
-1
0
0
0
0
-1
0
-1
-1
-2
-1
-1
0
0
0
0
0
-1
-1
0
0
0
-2
0
0
-1
0
-1
0
0
1
0
1
0
0
0
1
0
0
1
1
1
0
0
0
1
1
1
1
1
1
1
1
1
1
0
1
1
0
1
0
0
0
0
0
0
0
0
1
1
2
1
1
1
1
0
0
1
0
0
1
1
0
1
0
1
1
1
1
0
1
0
0
0
0
0
-1
0
0
-1
0
0
-1
0
-1
0
-1
-1
-1
-1
-1
0
-1
0
0
1
0
0
-1
1
1
0
0
1
1
1
0
1
0
0
1
0
0
0
0
0
1
0
0
0
-1
0
0
1
0
0
1
0
0
0
0
0
0
0
-1
0
-1
1
-1
-1
0
0
0
0
-1
0
-1
0
0
0
-1
0
0
0
0
1
0
0
0
0
0
0
1
0
0
0
0
-1
0
0
0
0
-1
0
0
0
1
0
1
0
1
0
0
1
0
-1
1
0
0
0
-1
1
0
0
0
0
-1
1
0
1
1
0
1
0
0
-1
-1
0
0
-1
0
-1
-1
-1
-2
-1
0
0
0
0
0
0
0
0
-1
-1
0
-1
0
0
-1
-1
-1
-1
-1
0
0
0
-1
-1
0
0
0
0
0
0
0
-2
-1
-1
0
-1
0
-1
1
0
0
0
1
-1
0
-1
-1
-1
-1
-1
0
0
-1
-1
-1
0
-1
-1
-1
-1
0
0
0
0
1
-1
0
-1
-1
0
-1
0
-1
-1
0
0
-1
-1
0
-1
1
0
1
1
0
0
0
1
0
1
0
1
1
0
1
1
1
1
1
1
-1
1
1
1
1
1
1
0
2
2
0
1
1
1
1
1
1
1
2
2
1
1
1
1
1
1
1
0
1
1
1
1
1
0
0
0
1
1
1
1
0
1
0
2
-1
0
0
0
0
0
0
1
0
1
1
0
1
1
1
1
0
1
0
0
0
-1
-1
0
0
0
0
1
0
-1
0
0
-1
-1
0
-1
-2
-1
-1
-1
-1
-1
0
0
-1
-1
-1
-1
-1
-1
-1
0
-1
0
-1
-1
0
-1
-1
0
0
0
0
0
0
1
0
0
0
1
1
0
1
0
0
0
0
0
-1
0
0
0
0
0
0
1
0
0
0
0
0
0
0
-1
0
-1
-1
-1
-1
0
-1
0
-1
0
-1
-1
-1
-1
-1
0
0
0
0
-1
-1
0
0
0
-1
0
0
0
0
0
-1
0
0
0
1
0
0
0
1
-1
1
0
0
-1
-1
-1
0
0
0
0
-1
0
0
0
1
0
-1
-1
0
0
0
-1
-1
0
-1
-1
-1
-2
-1
-1
-1
-1
-1
-1
0
-1
-1
-1
-1
-1
-2
-1
-1
-1
-1
-1
-1
0
0
-1
0
0
0
0
0
-1
-1
-1
0
-1
0
0
0
0
0
0
1
0
-1
0
1
1
1
1
2
1
0
0
2
1
0
-1
0
0
0
0
1
0
1
1
1
0
1
1
0
1
1
1
1
0
0
0
1
0
1
0
0
0
-1
0
0
0
0
0
0
0
1
1
0
0
0
0
1
0
1
1
1
0
1
1
1
1
1
1
1
1
1
2
1
1
2
1
2
2
1
1
2
1
1
2
2
1
1
1
1
1
0
0
0
0
0
0
0
0
1
0
2
1
0
0
0
-1
-1
-1
-1
-1
-1
-1
0
-1
-1
-2
-1
-1
-1
-1
-2
-1
0
-1
-1
-1
0
0
-1
0
-1
0
-1
-1
-1
-1
0
-1
-1
-1
-1
-1
-1
-1
-1
-1
-1
-1
0
-1
0
-1
-1
0
0
-1
0
0
-1
0
-2
0
-1
-1
0
0
-1
0
-1
-1
0
0
-1
-1
1
1
0
1
1
1
0
0
1
1
0
-1
-1
0
0
0
0
0
0
0
0
1
1
1
1
1
0
1
1
0
1
1
1
1
1
1
1
1
0
1
0
0
0
1
1
1
1
1
1
1
0
1
1
0
1
-1
0
0
0
-1
-1
0
0
-1
0
-1
-1
-1
0
-1
-1
0
0
-1
0
-1
0
-1
-1
-1
-1
0
-1
0
-1
0
-1
-1
-1
0
0
-1
-1
0
-1
0
0
0
-1
0
0
-1
-1
-1
0
-1
-1
-1
0
-1
-1
0
0
0
0
0
0
0
0
-1
0
-1
0
-1
-1
-1
-1
-1
-1
-1
-1
0
0
-1
0
0
0
0
-1
0
0
0
0
0
0
0
0
1
0
1
0
-1
1
1
0
0
0
1
0
0
0
1
0
1
1
2
1
2
2
1
1
2
2
2
1
2
1
1
1
1
1
1
1
1
1
1
2
3
2
2
1
2
2
1
1
1
1
0
1
1
0
0
0
1
1
1
1
0
1
0
0
0
0
0
0
0
-1
0
1
0
-1
0
0
1
0
0
0
0
0
-1
0
0
-1
1
0
0
0
0
0
0
-1
-1
0
0
0
0
0
1
0
0
-1
0
-1
-1
-1
0
0
0
-1
-1
-1
0
-1
-1
0
0
-1
0
-1
0
-1
-1
0
-1
-1
-1
-1
-1
-2
-1
-1
-1
-1
0
0
-1
-1
-2
-1
-2
-2
-1
-1
-1
-1
0
-1
-2
-1
0
-1
0
0
0
0
0
0
-1
0
1
0
0
0
-1
-1
-1
0
0
0
-1
0
-1
-1
0
0
1
0
1
1
2
1
0
1
1
1
0
1
0
0
0
0
1
0
0
0
1
0
1
1
0
1
1
0
0
1
1
1
1
2
0
1
1
1
1
0
0
1
1
1
1
1
0
1
1
1
0
1
1
1
1
1
0
1
0
0
1
0
1
1
1
0
0
1
1
0
0
0
0
1
0
0
0
0
-1
-1
-1
-1
-1
0
-1
-1
-1
-1
0
-1
0
0
-1
0
1
-1
-1
0
-1
-1
-1
0
1
0
0
0
0
0
-1
-1
-1
0
-1
0
0
-1
0
0
-1
0
0
0
-1
0
0
0
0
0
1
0
1
1
0
1
1
0
0
1
0
0
0
0
0
-1
0
0
0
-1
0
-1
0
-1
0
0
0
0
1
1
0
0
0
-1
1
0
0
0
0
0
1
0
0
0
0
0
0
1
0
1
1
0
0
1
0
1
1
1
0
0
1
1
0
1
1
0
0
0
0
0
1
1
1
1
1
1
1
1
0
0
0
0
0
1
1
1
1
0
0
0
0
-1
-2
-1
-1
0
-1
-1
-1
-1
-1
-1
-1
-1
0
-1
0
0
-1
-1
0
0
-1
0
-1
0
0
-1
-1
-1
-1
-1
-2
-1
0
-1
-1
-1
-1
-1
-1
-1
-1
-1
0
-1
0
0
-1
-1
-1
0
0
-1
0
-1
-1
-1
0
0
0
-1
0
-1
0
-1
1
0
0
0
0
0
0
1
0
1
0
1
0
1
1
-1
0
0
0
1
0
0
0
0
0
0
1
0
0
0
0
0
0
-1
0
0
0
0
0
0
0
0
0
0
0
1
0
