-1
0
0
0
0
0
0
0
1
1
1
0
0
0
0
0
0
-1
0
-1
-1
-1
-1
-1
-1
-1
0
1
0
0
0
1
0
2
-1
0
0
0
0
0
0
1
0
1
1
0
1
1
1
1
0
1
0
0
-1
-1
-1
-1
-1
-1
0
0
0
-1
0
0
0
1
1
0
0
1
1
0
0
0
1
0
0
0
0
0
0
0
0
1
0
1
0
0
0
-1
-1
-1
-1
-1
0
-1
-1
-3
-4
1
1
5
5
4
4
2
1
-1
-1
-2
-2
-1
0
2
2
3
2
3
2
0
0
0
-1
-2
-2
-2
-3
-4
-5
-6
-7
-7
-9
-9
-10
-7
-6
-4
-1
1
4
7
8
8
7
5
3
3
1
-1
-2
-1
1
1
4
4
6
7
7
6
5
4
2
1
0
-3
-4
-7
-8
-9
-9
-9
-8
-7
-5
-3
-1
1
4
5
6
6
4
4
4
4
4
3
3
4
5
6
7
7
7
8
7
5
4
2
2
0
0
-1
-1
-2
-4
-4
-4
-5
-6
-6
-5
-4
-2
-2
0
0
1
1
-1
-2
-2
-3
-3
-4
-3
-2
-1
0
2
3
3
2
-1
-2
-4
-6
-8
-10
-10
-10
-10
-9
-7
-6
-6
-6
-6
-5
-5
-4
-3
-1
1
2
4
4
5
6
4
3
3
1
0
-1
0
2
5
7
10
11
11
11
10
9
6
4
1
-1
-3
-4
-2
-1
0
3
5
7
9
9
9
9
7
5
4
2
0
-1
-3
-3
-2
-1
2
5
6
7
9
7
7
6
2
0
-3
-7
-10
-11
-12
-11
-9
-7
-5
-3
-4
-4
-6
-6
-8
-10
-10
-11
-9
-8
-5
-3
-1
1
3
1
1
1
-1
-3
-5
-6
-6
-7
-5
-5
-3
-1
0
1
0
0
-1
-3
-3
-4
-3
-3
-3
-2
-1
1
2
2
2
2
4
4
5
6
7
9
11
13
15
16
16
16
15
11
9
6
4
2
2
1
2
3
5
8
8
11
10
9
7
4
0
-3
-6
-8
-8
-8
-8
-7
-4
-4
-3
-3
-3
-5
-7
-7
-7
-7
-8
-8
-6
-4
-2
-2
-2
-3
-4
-5
-8
-9
-9
-9
-8
-6
-6
-4
-4
-5
-4
-4
-6
-8
-10
-10
-10
-10
-9
-7
-4
-1
2
5
7
8
8
7
6
5
4
5
6
7
9
11
14
15
16
15
14
12
11
7
6
3
1
0
1
2
3
5
6
7
8
8
7
6
5
3
3
1
-1
-1
-2
-2
-3
-3
-3
-3
-3
-4
-5
-5
-6
-6
-6
-6
-7
-7
-7
-8
-8
-8
-8
-9
-9
-9
-8
-8
-8
-7
-7
-6
-7
-6
-7
-6
-6
-7
-6
-7
-6
-6
-5
-4
-1
1
1
4
5
6
8
7
7
8
9
9
9
10
10
11
11
12
12
11
10
10
9
8
7
5
7
7
6
6
6
6
6
6
6
5
4
3
2
3
2
3
3
2
3
4
4
4
2
2
-1
-2
-3
-5
-7
-8
-9
-10
-10
-10
-11
-10
-11
-12
-13
-12
-13
-13
-14
-15
-14
-15
-13
-12
-12
-12
-11
-10
-9
-9
-8
-9
-7
-6
-6
-5
-4
-3
-2
-1
-1
0
0
1
0
1
2
3
4
5
7
8
9
9
11
12
11
12
12
11
11
12
12
13
13
15
16
17
18
19
19
18
17
16
14
14
12
11
11
10
11
10
10
9
8
8
6
3
2
-1
-3
-4
-7
-8
-10
-10
-9
-11
-11
-12
-12
-12
-13
-13
-15
-15
-16
-16
-16
-17
-16
-17
-16
-17
-17
-16
-16
-16
-15
-14
-15
-14
-12
-10
-9
-8
-7
-6
-6
-6
-5
-7
-5
-5
-5
-4
-3
-2
0
2
4
6
7
7
8
9
10
11
13
16
17
19
20
22
23
23
24
23
22
18
17
15
15
14
14
14
14
13
13
12
10
9
6
3
2
0
-1
-2
0
1
1
2
1
-1
-1
-2
-4
-7
-9
-11
-10
-10
-9
-8
-7
-7
-6
-6
-7
-10
-11
-13
-14
-15
-17
-18
-17
-17
-15
-13
-12
-11
-11
-10
-11
-10
-10
-10
-10
-10
-9
-9
-7
-6
-5
-4
-2
-2
0
1
1
2
3
4
5
6
6
7
8
9
10
10
11
13
11
12
12
12
12
12
12
13
11
11
11
11
10
8
8
6
5
4
3
2
1
1
2
2
4
5
5
6
7
7
6
5
2
2
-1
-2
-2
-4
-3
-3
-4
-5
-4
-6
-6
-8
-8
-8
-8
-7
-6
-5
-5
-2
-2
-2
-4
-5
-8
-11
-13
-16
-18
-19
-19
-18
-15
-11
-8
-4
-2
0
1
2
1
2
1
1
1
2
4
4
6
7
6
4
3
-1
-2
-3
-3
-3
-2
2
6
9
12
15
16
17
15
13
10
7
5
4
3
5
6
7
9
9
10
9
7
5
3
0
-1
-2
-1
0
4
6
8
9
9
9
6
1
-4
-9
-13
-16
-17
-17
-15
-12
-10
-7
-5
-6
-6
-6
-8
-10
-10
-11
-9
-8
-6
-4
-3
-3
-3
-6
-7
-8
-11
-13
-14
-13
-11
-7
-4
0
3
6
7
7
6
4
3
2
1
0
0
2
2
4
4
5
5
4
3
3
2
3
4
8
10
13
15
18
18
18
18
15
13
10
8
6
5
4
2
3
2
2
3
1
0
0
0
0
1
3
3
5
5
6
5
4
1
-1
-4
-7
-9
-11
-12
-12
-12
-11
-10
-9
-8
-8
-8
-7
-7
-7
-6
-5
-5
-3
-3
-2
-3
-4
-7
-9
-11
-13
-14
-15
-16
-14
-13
-12
-10
-7
-5
-2
0
1
1
3
4
4
6
7
9
9
9
7
5
3
1
0
-1
-2
-1
1
5
7
10
13
14
15
15
14
13
11
10
9
7
8
9
9
8
8
7
4
3
1
-2
-1
-3
-2
-1
2
4
7
7
9
9
8
6
4
1
-2
-4
-4
-6
-6
-6
-6
-7
-8
-9
-10
-13
-13
-14
-15
-15
-13
-11
-9
-6
-5
-4
-3
-3
-4
-6
-7
-9
-9
-10
-9
-8
-8
-5
-3
-1
0
0
0
2
1
2
2
1
2
2
4
4
6
5
6
5
4
3
1
2
0
1
1
2
4
5
7
8
10
11
12
12
12
12
11
9
9
8
8
6
6
4
3
3
2
1
1
0
0
-1
0
1
1
1
1
1
1
0
-2
-3
-5
-6
-7
-8
-9
-10
-11
-9
-10
-8
-7
-7
-6
-5
-4
-4
-4
-2
-1
0
0
1
1
0
-3
-5
-7
-9
-11
-13
-16
-16
-15
-13
-10
-7
-4
-2
2
2
5
5
5
6
6
7
7
7
8
9
8
8
8
6
5
4
3
3
4
4
7
9
12
15
17
18
18
17
16
13
11
8
6
4
3
3
2
2
-1
-2
-4
-3
-6
-6
-6
-7
-6
-4
-3
0
1
3
3
3
3
1
-1
-4
-5
-8
-8
-10
-10
-11
-11
-11
-12
-13
-13
-15
-14
-14
-13
-11
-9
-8
-6
-5
-5
-6
-8
-11
-13
-14
-14
-13
-13
-11
-7
-4
-1
4
7
9
10
11
12
10
11
10
11
12
14
14
16
14
12
11
8
6
3
0
0
0
1
3
6
9
11
14
16
17
17
16
14
13
13
11
11
9
9
8
8
7
4
3
2
0
0
0
-1
0
2
2
3
5
3
0
-4
-6
-10
-13
-18
-22
-25
-27
-28
-27
-26
-27
-26
-25
-24
-22
-22
-20
-17
-12
-8
-5
-1
1
2
4
2
2
-1
-5
-9
-12
-13
-13
-14
-12
-11
-9
-4
-1
2
4
5
7
9
10
11
12
13
14
15
16
18
18
17
16
15
14
14
13
13
14
17
20
22
25
26
28
30
30
29
26
23
20
16
12
9
4
1
-3
-5
-8
-9
-11
-12
-13
-12
-10
-8
-6
-4
-1
1
3
4
4
2
-2
-6
-9
-14
-19
-23
-26
-27
-28
-27
-27
-26
-25
-24
-23
-22
-22
-20
-18
-16
-15
-13
-11
-10
-10
-9
-9
-10
-11
-12
-14
-14
-13
-12
-9
-5
-2
2
6
10
12
15
17
20
21
22
22
21
22
20
20
19
17
15
12
11
9
6
6
6
8
11
15
18
21
23
26
27
27
27
25
23
21
19
15
12
9
4
2
1
-2
-4
-6
-8
-10
-10
-9
-8
-6
-4
-3
-3
-2
-3
-5
-7
-9
-14
-18
-22
-25
-28
-30
-29
-30
-31
-30
-28
-27
-25
-23
-21
-19
-16
-12
-9
-5
-4
-2
-1
0
-1
-2
-4
-8
-11
-12
-14
-14
-15
-13
-10
-7
-3
0
5
9
13
17
21
22
24
25
27
27
26
25
23
21
19
17
16
14
13
14
15
17
19
22
24
26
28
29
29
26
25
22
19
17
14
10
7
4
0
-3
-5
-7
-11
-13
-13
-14
-15
-14
-13
-13
-11
-10
-8
-7
-5
-5
-6
-7
-9
-12
-17
-22
-28
-32
-35
-38
-39
-41
-40
-37
-33
-29
-26
-21
-18
-14
-11
-10
-10
-12
-12
-13
-15
-15
-15
-15
-14
-12
-10
-9
-6
-3
-1
1
4
6
8
13
16
21
27
32
36
38
39
38
36
34
32
27
24
21
19
18
18
18
20
21
24
27
29
33
35
37
37
36
36
34
33
30
27
22
17
12
6
1
-4
-8
-11
-13
-13
-14
-13
-12
-12
-12
-13
-12
-14
-15
-18
-21
-23
-26
-28
-29
-32
-34
-37
-41
-42
-45
-47
-47
-47
-45
-43
-40
-36
-30
-25
-21
-18
-14
-13
-12
-13
-15
-18
-18
-19
-20
-18
-16
-13
-9
-6
-3
1
4
6
9
11
15
19
23
27
32
35
38
39
39
38
38
35
31
27
25
23
23
24
26
27
31
35
38
40
41
42
41
41
39
37
34
30
26
22
18
14
9
5
0
-5
-8
-11
-14
-15
-16
-16
-16
-16
-16
-15
-16
-17
-17
-17
-18
-19
-20
-22
-24
-28
-30
-34
-39
-42
-45
-46
-46
-45
-43
-40
-35
-31
-26
-21
-18
-15
-12
-11
-11
-11
-11
-12
-13
-12
-12
-10
-10
-9
-7
-6
-4
-1
0
4
6
9
13
17
21
24
28
32
34
38
39
38
37
35
33
30
27
24
22
19
17
17
17
17
18
20
21
23
24
27
27
28
26
25
21
17
14
10
5
0
-4
-7
-10
-12
-13
-13
-13
-12
-13
-13
-14
-15
-15
-16
-16
-17
-16
-17
-17
-19
-20
-22
-25
-28
-30
-32
-35
-35
-34
-34
-31
-28
-24
-22
-18
-15
-12
-10
-7
-5
-4
-3
-2
-2
-1
-1
-2
-3
-4
-5
-5
-5
-4
-2
1
4
7
12
15
19
23
26
28
30
30
29
29
30
28
26
24
22
21
18
16
14
12
10
9
10
11
12
15
17
20
21
23
23
23
21
18
13
8
5
0
-3
-7
-10
-11
-13
-14
-14
-14
-15
-17
-16
-16
-16
-15
-15
-14
-11
-9
-8
-7
-7
-9
-13
-17
-22
-26
-30
-33
-36
-36
-37
-35
-32
-28
-25
-22
-18
-15
-13
-11
-8
-6
-4
-2
1
2
3
3
4
3
2
3
2
0
0
0
1
4
7
10
13
17
20
24
26
29
29
30
30
30
29
26
24
23
21
20
18
17
16
15
15
17
17
17
20
20
21
21
22
21
20
19
17
14
10
7
4
1
0
-2
-5
-6
-8
-8
-12
-13
-14
-16
-18
-20
-23
-23
-23
-22
-21
-20
-20
-20
-22
-24
-27
-30
-32
-35
-36
-37
-37
-36
-35
-33
-30
-27
-25
-24
-23
-22
-21
-19
-17
-14
-9
-6
-3
-1
2
5
6
7
8
6
6
5
4
5
8
11
14
19
23
26
31
35
37
40
41
41
41
40
38
36
34
31
30
27
25
23
21
19
19
19
19
20
22
23
25
26
26
29
27
25
22
19
13
7
2
-4
-9
-13
-17
-20
-23
-26
-28
-30
-31
-32
-33
-33
-33
-31
-29
-26
-24
-23
-24
-25
-27
-33
-36
-40
-43
-44
-46
-45
-43
-40
-38
-33
-31
-27
-25
-22
-20
-19
-17
-14
-11
-7
-4
0
3
6
6
8
8
8
8
7
7
7
10
13
18
24
28
33
38
41
43
44
46
44
44
42
40
38
36
36
35
34
34
33
33
33
33
30
29
29
26
24
22
19
18
17
16
14
11
8
4
0
-5
-10
-12
-16
-18
-21
-22
-22
-23
-24
-27
-28
-29
-32
-33
-34
-34
-35
-34
-34
-35
-34
-35
-37
-37
-39
-40
-40
-39
-38
-38
-35
-33
-31
-28
-27
-23
-22
-19
-17
-13
-9
-4
0
4
8
12
14
18
18
18
17
13
12
9
8
8
8
12
14
17
22
27
31
36
39
42
44
44
45
44
42
40
37
34
31
26
23
20
17
15
14
13
11
10
10
11
12
11
13
14
15
16
15
13
11
6
0
-4
-9
-14
-19
-23
-26
-28
-31
-32
-33
-31
-31
-30
-28
-27
-24
-22
-20
-19
-18
-17
-19
-19
-21
-21
-22
-25
-26
-28
-29
-29
-29
-29
-27
-27
-25
-23
-21
-18
-15
-10
-5
0
5
11
15
16
16
16
13
10
6
3
0
-1
-1
1
4
8
13
18
23
27
30
33
35
35
35
34
32
30
28
27
24
22
21
19
18
17
16
15
13
12
12
13
14
16
19
20
22
22
22
19
16
12
6
2
-4
-8
-12
-14
-16
-16
-19
-19
-21
-21
-23
-25
-26
-26
-26
-25
-24
-22
-21
-20
-21
-21
-23
-25
-27
-28
-30
-31
-32
-33
-32
-31
-30
-29
-28
-27
-25
-23
-20
-17
-11
-6
-2
4
8
11
13
13
13
10
8
5
3
2
1
2
5
9
14
19
24
29
34
36
39
41
41
41
39
36
34
31
27
26
24
22
22
21
21
20
18
17
17
16
15
15
17
17
19
20
22
21
18
16
11
5
-1
-8
-14
-17
-22
-25
-27
-27
-27
-27
-27
-27
-27
-27
-27
-27
-27
-28
-28
-27
-27
-28
-29
-28
-29
-30
-30
-32
-34
-36
-37
-37
-36
-36
-33
-30
-27
-22
-16
-10
-5
-1
4
8
10
12
12
13
11
11
8
6
5
4
4
4
8
10
13
17
21
25
31
35
39
44
47
48
48
47
43
39
35
32
28
24
22
20
20
20
21
21
22
21
21
20
20
20
20
20
20
19
17
14
10
4
-2
-7
-12
-17
-21
-25
-28
-29
-31
-32
-33
-31
-32
-32
-31
-32
-32
-32
-32
-31
-33
-33
-34
-34
-34
-34
-35
-35
-35
-37
-38
-40
-41
-41
-39
-36
-32
-28
-22
-15
-8
-1
5
11
15
17
20
20
18
17
16
14
13
12
14
15
18
20
22
26
29
33
36
40
43
45
49
50
52
51
49
46
41
37
32
28
23
19
17
16
14
14
14
14
13
14
14
14
15
13
10
9
5
2
-3
-7
-12
-17
-21
-26
-30
-32
-35
-37
-37
-38
-38
-38
-38
-37
-36
-36
-35
-35
-35
-34
-34
-34
-33
-33
-31
-30
-28
-28
-28
-29
-30
-31
-31
-30
-28
-25
-22
-17
-12
-7
-2
3
8
12
16
19
20
22
23
23
22
21
21
21
22
22
24
26
28
30
33
34
38
40
42
45
46
47
48
46
45
43
40
36
33
29
25
21
18
15
13
12
10
9
10
10
9
9
9
7
6
5
3
0
-5
-8
-14
-20
-24
-27
-30
-33
-34
-35
-35
-36
-35
-35
-35
-35
-35
-35
-36
-37
-37
-36
-36
-35
-35
-33
-32
-30
-29
-28
-27
-27
-28
-28
-29
-29
-27
-25
-23
-20
-17
-12
-8
-3
1
5
10
12
15
18
19
20
20
20
19
19
19
20
20
22
24
27
29
33
36
39
41
43
45
45
44
42
39
37
35
31
29
27
26
24
22
21
20
19
19
18
17
17
16
16
14
14
12
9
6
3
-1
-5
-9
-14
-17
-20
-22
-24
-25
-25
-26
-24
-25
-25
-25
-25
-27
-28
-30
-32
-35
-35
-36
-36
-37
-36
-35
-33
-33
-31
-29
-27
-27
-25
-24
-24
-22
-21
-20
-19
-16
-14
-12
-9
-5
-2
0
3
6
8
11
13
13
14
13
13
13
12
13
14
15
18
21
24
27
28
31
31
33
34
33
32
30
27
26
22
21
20
18
18
18
18
17
17
18
17
18
19
19
18
18
18
14
12
8
4
1
-3
-7
-9
-11
-15
-15
-15
-15
-14
-15
-13
-12
-11
-12
-13
-15
-16
-19
-21
-22
-24
-26
-26
-27
-27
-27
-26
-26
-24
-22
-23
-22
-21
-21
-19
-17
-17
-15
-15
-12
-10
-8
-6
-5
-2
-1
0
3
4
5
6
8
9
10
11
11
13
14
15
18
18
20
21
21
22
22
22
21
21
20
19
18
16
14
13
10
9
8
7
7
7
7
9
11
11
13
12
13
13
12
10
7
5
1
-3
-6
-10
-12
-14
-14
-14
-13
-12
-10
-7
-6
-4
-2
-1
-1
-3
-5
-8
-10
-14
-17
-19
-21
-22
-23
-22
-20
-19
-17
-15
-12
-9
-8
-5
-4
-4
-3
-3
-3
-4
-4
-4
-4
-3
-4
-3
-2
-2
0
1
3
5
7
9
11
11
13
14
15
15
16
17
18
18
18
17
17
17
15
14
12
9
7
4
3
1
0
-2
-2
-2
-2
-1
1
2
4
6
7
7
7
6
5
3
1
-3
-6
-9
-12
-14
-15
-16
-15
-13
-11
-9
-7
-3
-1
0
2
4
4
4
3
1
0
-3
-7
-10
-12
-15
-15
-14
-13
-11
-9
-8
-6
-3
1
2
4
5
6
5
3
0
-2
-4
-6
-6
-7
-6
-7
-6
-6
-6
-3
-2
1
3
5
8
11
12
12
14
14
15
15
14
13
11
10
8
4
4
2
1
0
-1
-2
-2
-3
-3
-3
-1
0
1
2
3
5
6
7
8
8
7
5
3
0
-3
-6
-8
-9
-9
-10
-10
-11
-10
-7
-5
-3
0
1
3
5
5
6
4
4
2
1
0
-2
-5
-8
-10
-10
-9
-8
-6
-3
-1
1
3
4
5
6
6
7
5
4
0
-2
-5
-7
-9
-9
-9
-9
-9
-7
-8
-6
-6
-5
-2
1
5
7
8
8
9
9
7
7
6
6
5
3
1
-2
-4
-5
-6
-6
-6
-5
-4
-6
-5
-5
-5
-4
-2
1
3
5
8
8
9
8
8
7
7
4
4
2
0
-1
-3
-2
-2
-1
1
3
4
5
7
7
9
9
10
9
9
9
8
5
4
1
-2
-4
-5
-5
-6
-6
-5
-5
-3
-1
0
3
3
4
2
1
0
-2
-4
-7
-8
-11
-13
-14
-16
-16
-16
-15
-13
-12
-10
-9
-8
-6
-3
0
3
6
7
8
7
7
5
4
3
2
2
1
-1
-3
-6
-8
-8
-6
-6
-5
-4
-2
-2
-2
0
2
4
7
10
13
14
13
13
11
10
10
10
8
8
7
7
5
4
5
5
7
9
11
11
10
9
7
7
8
7
6
5
4
0
-2
-4
-7
-9
-9
-9
-9
-9
-8
-8
-8
-7
-5
-4
-3
-3
-2
-3
-5
-8
-12
-14
-15
-16
-16
-17
-18
-19
-19
-18
-17
-14
-10
-9
-7
-5
-1
1
4
6
10
13
14
15
14
11
9
6
5
4
4
3
2
1
0
1
1
2
5
6
8
8
7
7
7
7
8
10
11
11
11
10
7
6
3
3
3
3
3
2
2
1
2
3
5
7
9
9
8
7
4
2
0
-2
-4
-5
-6
-8
-10
-14
-16
-17
-17
-14
-11
-8
-8
-6
-5
-4
-2
0
3
5
5
3
1
-4
-8
-11
-14
-15
-14
-15
-15
-15
-15
-16
-17
-13
-10
-7
-3
-2
0
1
1
2
4
6
9
12
13
12
10
9
8
9
10
12
13
15
15
14
15
14
15
16
17
18
16
13
12
10
8
9
10
11
10
9
6
3
-1
-3
-4
-4
-3
-3
-3
-5
-6
-8
-8
-7
-6
-5
-5
-7
-11
-14
-18
-19
-20
-19
-18
-19
-18
-20
-22
-23
-22
-20
-17
-13
-10
-8
-6
-5
-5
-2
0
3
5
5
5
2
0
-1
-2
-1
1
4
5
7
6
7
7
8
10
14
17
20
21
20
18
16
16
15
17
17
18
16
14
11
9
8
8
10
13
15
14
13
11
7
5
3
3
2
2
-1
-4
-7
-10
-11
-14
-13
-13
-12
-12
-15
-18
-19
-21
-20
-19
-17
-16
-15
-15
-16
-17
-16
-16
-13
-10
-9
-8
-9
-9
-11
-12
-12
-10
-10
-7
-7
-8
-9
-11
-9
-6
-2
5
9
13
14
15
13
14
16
16
17
18
16
14
11
8
9
9
12
14
16
16
18
16
16
16
18
20
22
24
22
20
18
14
11
10
10
9
8
6
4
1
-2
-3
-3
-2
1
2
0
-3
-6
-9
-12
-13
-13
-12
-13
-14
-17
-21
-23
-25
-25
-25
-24
-24
-24
-27
-29
-31
-32
-32
-30
-27
-24
-22
-22
-22
-22
-19
-17
-12
-8
-3
-1
0
0
0
1
3
6
9
12
13
14
15
17
18
22
27
30
35
37
37
36
37
35
36
36
36
36
33
30
25
21
19
17
16
15
15
13
12
8
8
6
5
5
4
3
0
-4
-9
-12
-15
-17
-17
-17
-17
-18
-20
-23
-26
-26
-26
-24
-23
-22
-22
-23
-22
-22
-23
-20
-18
-16
-16
-17
-19
-21
-21
-21
-20
-18
-15
-12
-12
-12
-13
-15
-14
-14
-12
-9
-7
-5
-4
-3
0
3
6
9
12
15
15
15
11
10
10
11
14
17
18
21
22
23
25
27
29
31
33
34
33
33
31
30
29
28
28
28
25
22
18
15
11
9
8
8
8
8
9
6
4
3
1
-2
-3
-6
-8
-13
-19
-23
-26
-29
-30
-31
-31
-32
-34
-35
-38
-40
-40
-40
-38
-36
-33
-31
-28
-25
-23
-19
-17
-15
-13
-12
-12
-13
-13
-13
-11
-8
-3
2
5
8
10
12
14
16
19
22
25
26
26
27
26
25
24
24
24
23
21
19
15
12
9
9
9
13
15
17
18
19
18
18
18
18
18
17
15
14
11
8
4
3
3
3
4
2
0
-2
-4
-6
-7
-7
-7
-7
-7
-11
-13
-16
-19
-22
-24
-26
-27
-29
-31
-33
-37
-38
-38
-37
-34
-31
-29
-27
-25
-25
-23
-21
-18
-13
-8
-4
0
3
6
9
11
14
18
21
25
25
25
24
24
24
24
27
31
33
35
35
34
35
35
34
34
33
32
29
25
21
17
13
9
5
3
2
-2
-5
-8
-12
-14
-15
-15
-13
-12
-12
-11
-13
-14
-16
-19
-21
-22
-25
-28
-33
-37
-40
-44
-45
-44
-42
-38
-35
-32
-31
-29
-25
-22
-18
-13
-11
-8
-7
-7
-7
-6
-6
-5
-4
-1
1
3
7
9
12
17
22
28
33
38
40
41
42
43
43
44
44
44
44
43
42
42
41
40
41
41
43
45
45
44
43
41
41
42
40
40
38
34
31
26
21
15
10
3
-5
-12
-19
-26
-33
-43
-51
-60
-67
-73
-80
-85
-91
-96
-101
-103
-105
-106
-104
-104
-105
-104
-102
-100
-97
-94
-89
-84
-79
-72
-65
-55
-45
-33
-20
-6
13
31
44
57
68
78
87
95
103
107
109
107
104
99
95
92
86
81
75
72
71
72
73
74
74
75
78
83
86
87
83
78
73
70
67
65
57
46
36
25
19
15
12
9
5
2
2
0
-1
-6
-12
-19
-24
-25
-29
-38
-53
-72
-93
-110
-122
-131
-143
-158
-174
-186
-194
-197
-199
-202
-203
-199
-189
-173
-155
-140
-130
-120
-106
-87
-63
-42
-28
-19
-12
-4
8
21
31
39
44
51
60
70
80
88
94
104
121
141
160
174
180
181
185
194
205
216
220
219
211
203
195
188
179
170
162
160
161
165
163
154
137
120
113
110
109
101
74
41
8
-25
-52
-79
-109
-143
-179
-210
-235
-258
-280
-304
-324
-335
-333
-320
-304
-293
-288
-284
-274
-255
-226
-197
-175
-159
-146
-132
-115
-93
-73
-55
-38
-18
5
26
42
48
52
57
70
92
112
123
119
107
90
80
77
78
77
71
65
61
62
64
65
66
70
84
107
136
165
181
186
188
194
213
240
266
283
285
278
267
259
257
253
243
227
206
183
158
129
95
55
14
-19
-47
-74
-107
-148
-195
-242
-277
-301
-315
-325
-338
-353
-370
-380
-384
-380
-369
-350
-325
-296
-265
-237
-212
-188
-160
-126
-84
-37
6
40
63
76
84
91
101
113
123
128
125
114
98
80
65
55
50
47
43
39
33
26
19
16
17
25
37
50
60
66
67
68
74
86
106
128
147
159
168
175
181
192
204
217
228
236
238
233
220
202
181
160
143
129
116
97
67
30
-11
-45
-74
-94
-110
-127
-149
-173
-197
-221
-241
-255
-265
-269
-268
-266
-266
-270
-275
-275
-267
-248
-221
-195
-173
-156
-142
-129
-113
-92
-69
-47
-27
-10
3
11
15
15
17
22
34
51
64
69
66
58
52
59
77
100
120
132
139
142
147
154
164
172
181
191
201
209
210
202
187
173
168
171
177
175
161
133
103
78
63
55
43
29
9
-13
-33
-47
-65
-93
-111
-128
-133
-134
-138
-147
-168
-186
-195
-186
-165
-139
-124
-121
-126
-129
-120
-102
-79
-60
-43
-32
-23
-16
-14
-18
-23
-25
-19
-7
5
6
-4
-25
-44
-52
-46
-33
-19
-15
-20
-30
-35
-33
-27
-17
-6
8
26
43
56
62
62
64
75
97
124
148
162
161
151
142
142
149
161
168
166
154
135
111
88
67
49
38
32
25
14
-5
-32
-59
-81
-89
-85
-76
-70
-72
-86
-102
-115
-120
-115
-104
-89
-77
-73
-75
-84
-95
-103
-103
-93
-77
-62
-56
-61
-76
-95
-107
-107
-98
-84
-75
-75
-88
-105
-121
-130
-125
-112
-89
-67
-51
-44
-44
-42
-25
2
36
84
126
158
177
188
200
218
247
282
317
339
350
343
329
310
295
287
284
280
269
246
208
161
113
71
41
19
1
-22
-57
-101
-149
-194
-225
-245
-254
-258
-268
-282
-301
-318
-329
-331
-321
-299
-274
-245
-221
-202
-188
-174
-152
-121
-82
-39
-1
24
38
42
45
51
62
74
84
84
78
63
44
24
3
-14
-23
-25
-22
-18
-23
-35
-49
-59
-56
-35
-5
25
47
58
61
63
71
90
115
143
168
185
191
188
183
176
179
192
207
223
230
221
200
175
154
147
150
155
156
145
120
89
57
33
20
11
6
-1
-14
-33
-57
-85
-109
-125
-133
-131
-125
-129
-145
-170
-197
-215
-222
-220
-214
-214
-222
-236
-251
-263
-269
-270
-263
-252
-234
-220
-208
-206
-206
-202
-186
-159
-123
-87
-65
-50
-43
-33
-15
12
44
77
109
135
156
173
186
201
222
250
281
308
328
333
327
314
306
304
306
306
296
275
243
208
174
147
125
104
83
59
36
10
-17
-41
-61
-77
-87
-91
-96
-103
-116
-133
-147
-159
-162
-162
-159
-160
-164
-171
-175
-175
-168
-158
-147
-136
-122
-108
-90
-73
-59
-46
-31
-16
1
21
38
49
53
51
48
48
51
54
57
56
49
41
32
24
17
13
11
12
11
10
6
-2
-12
-19
-23
-24
-20
-19
-22
-32
-44
-55
-60
-59
-53
-46
-42
-43
-45
-45
-40
-32
-19
-6
9
20
30
40
47
54
61
70
80
89
97
98
95
86
78
72
68
67
64
55
43
28
15
4
-5
-11
-19
-27
-35
-44
-52
-60
-65
-71
-73
-74
-70
-66
-62
-59
-56
-52
-46
-37
-24
-8
3
12
20
24
32
39
48
56
63
68
72
73
73
73
72
73
73
74
74
72
66
58
50
43
38
34
29
22
10
-2
-15
-25
-32
-38
-43
-51
-57
-64
-67
-68
-66
-63
-58
-54
-49
-45
-38
-31
-25
-20
-16
-14
-12
-11
-12
-11
-13
-15
-18
-21
-24
-27
-31
-36
-44
-47
-49
-51
-51
-55
-61
-66
-69
-68
-65
-64
-68
-72
-77
-78
-78
-72
-66
-63
-59
-55
-48
-37
-23
-8
9
25
43
62
82
98
117
132
150
167
184
198
207
212
215
216
216
217
216
210
200
187
171
156
142
127
113
94
74
53
34
15
-3
-21
-40
-61
-80
-100
-118
-136
-153
-169
-186
-200
-212
-222
-231
-236
-242
-244
-243
-240
-233
-225
-218
-208
-196
-180
-162
-143
-124
-106
-87
-67
-43
-22
1
20
39
57
74
91
108
122
137
148
160
168
175
180
184
186
187
185
183
178
171
163
154
145
138
128
116
102
90
77
65
53
38
23
7
-7
-20
-32
-41
-53
-64
-74
-81
-85
-87
-90
-92
-93
-92
-89
-85
-81
-74
-68
-62
-53
-45
-38
-33
-28
-24
-18
-12
-7
-4
0
0
-2
-3
-4
-4
-3
-3
-5
-10
-15
-19
-23
-24
-25
-28
-32
-35
-41
-46
-49
-53
-57
-61
-63
-64
-63
-64
-64
-63
-61
-56
-47
-36
-28
-20
-14
-5
8
24
40
55
68
80
94
108
122
135
146
154
162
168
173
173
170
166
161
156
152
145
133
121
107
93
82
71
56
39
20
3
-13
-28
-43
-58
-74
-90
-105
-120
-134
-148
-162
-173
-184
-193
-201
-207
-211
-214
-213
-212
-205
-199
-190
-178
-167
-153
-137
-121
-103
-81
-61
-44
-25
-7
12
34
54
74
90
105
117
133
147
159
169
172
175
175
178
179
179
176
171
164
156
150
141
133
123
113
102
91
78
65
50
37
22
10
-2
-14
-28
-41
-52
-62
-71
-78
-83
-88
-91
-92
-93
-90
-87
-83
-77
-71
-65
-56
-50
-44
-41
-36
-32
-28
-27
-28
-29
-31
-31
-34
-35
-37
-39
-42
-46
-47
-46
-43
-40
-37
-35
-34
-30
-24
-18
-12
-5
2
8
16
21
26
29
30
31
33
34
33
30
26
21
18
19
21
21
21
20
20
21
27
34
40
45
45
46
48
54
60
64
63
60
55
52
52
51
47
41
32
23
19
14
10
3
-6
-14
-20
-23
-28
-34
-45
-56
-66
-71
-74
-77
-83
-93
-105
-112
-117
-116
-115
-116
-117
-118
-115
-110
-104
-97
-88
-79
-66
-52
-36
-22
-8
7
23
41
61
78
96
110
123
137
149
160
170
180
185
189
189
188
184
178
172
164
154
142
129
116
104
91
75
59
43
28
14
2
-10
-25
-40
-53
-62
-72
-82
-92
-103
-111
-116
-122
-129
-137
-144
-148
-148
-146
-146
-147
-149
-149
-144
-136
-128
-121
-116
-111
-102
-90
-77
-65
-57
-51
-44
-35
-22
-11
-5
-1
2
5
11
17
21
20
22
24
26
30
34
37
39
44
47
51
56
60
64
64
64
61
59
59
57
53
49
43
38
36
37
38
40
40
41
45
53
65
77
88
96
106
117
130
142
151
156
157
157
159
160
158
149
135
117
101
87
72
56
34
8
-17
-41
-59
-79
-97
-117
-137
-155
-172
-187
-199
-212
-223
-230
-236
-237
-239
-239
-239
-235
-228
-219
-205
-190
-174
-158
-142
-126
-106
-86
-64
-43
-24
-7
10
24
38
52
66
79
89
97
103
110
116
122
127
129
131
133
135
137
139
138
136
132
129
127
127
123
117
111
106
102
98
96
92
85
82
79
78
77
74
70
66
61
56
52
46
39
30
21
11
1
-13
-29
-44
-60
-74
-89
-104
-120
-135
-149
-159
-167
-173
-176
-179
-182
-179
-173
-167
-161
-154
-147
-138
-126
-112
-100
-89
-81
-70
-57
-43
-27
-13
-2
10
21
36
50
63
73
83
91
99
108
116
121
124
126
126
128
127
126
123
117
109
101
94
91
87
82
75
67
59
53
52
50
45
40
31
22
16
11
5
-5
-19
-32
-43
-54
-62
-72
-83
-96
-107
-112
-114
-113
-114
-115
-116
-112
-105
-93
-81
-72
-62
-53
-41
-27
-13
1
14
26
40
53
66
80
90
100
107
113
120
125
127
127
123
115
105
91
78
63
46
25
2
-23
-50
-74
-96
-121
-141
-160
-179
-195
-206
-214
-217
-220
-217
-211
-201
-189
-170
-152
-129
-104
-77
-47
-17
12
41
70
101
133
164
191
213
235
255
275
291
303
307
308
305
300
293
282
263
238
209
180
150
117
81
42
0
-41
-80
-115
-150
-186
-218
-246
-267
-284
-298
-311
-322
-327
-324
-315
-303
-290
-278
-262
-243
-218
-189
-161
-132
-104
-76
-45
-13
21
52
82
111
139
167
196
222
244
262
278
289
298
303
304
303
297
287
271
251
226
203
179
153
124
91
56
22
-10
-39
-67
-99
-132
-161
-185
-204
-221
-239
-257
-273
-284
-287
-287
-286
-285
-283
-276
-261
-240
-218
-198
-175
-148
-116
-84
-48
-17
12
39
68
100
130
156
177
191
204
218
232
241
243
238
231
224
218
211
197
178
155
133
113
94
75
53
29
6
-14
-28
-43
-56
-69
-81
-88
-90
-89
-89
-89
-86
-81
-73
-62
-49
-36
-23
-11
1
13
24
35
45
54
61
64
64
60
56
53
50
43
34
22
8
-5
-17
-29
-42
-55
-67
-79
-90
-100
-110
-122
-132
-139
-143
-145
-149
-153
-158
-162
-159
-151
-142
-134
-127
-122
-113
-99
-81
-65
-49
-35
-21
-6
12
29
43
55
66
79
93
106
117
122
125
128
134
143
152
158
160
159
160
161
166
168
167
168
163
160
158
156
149
139
130
121
112
102
88
71
51
32
15
1
-12
-27
-45
-63
-80
-93
-104
-112
-120
-130
-138
-144
-147
-150
-152
-154
-154
-152
-149
-143
-136
-129
-126
-120
-113
-101
-89
-77
-68
-63
-58
-53
-44
-34
-27
-21
-21
-22
-24
-20
-17
-14
-11
-11
-11
-10
-5
-2
2
6
10
18
28
37
44
48
54
59
68
77
86
91
93
95
97
99
104
106
108
108
107
105
103
102
97
92
85
76
68
59
48
36
23
10
-1
-12
-24
-36
-46
-56
-63
-67
-68
-68
-67
-67
-66
-61
-51
-39
-25
-12
-1
8
15
25
35
50
61
69
75
74
73
70
70
68
61
57
48
37
25
9
-6
-22
-34
-44
-53
-64
-80
-100
-120
-135
-144
-149
-155
-166
-179
-192
-201
-206
-207
-203
-197
-190
-180
-170
-159
-144
-128
-106
-79
-52
-25
-3
16
33
53
77
105
133
156
173
188
203
219
237
252
266
276
282
285
286
282
274
262
249
232
213
191
163
131
101
69
41
14
-14
-43
-73
-103
-127
-146
-162
-175
-189
-202
-217
-227
-230
-230
-226
-221
-215
-208
-199
-187
-175
-159
-143
-118
-89
-58
-28
-3
17
38
63
93
126
155
176
189
196
201
205
207
204
193
174
153
127
96
62
23
-16
-55
-90
-120
-147
-171
-193
-216
-234
-248
-251
-250
-242
-233
-227
-223
-217
-208
-197
-183
-167
-148
-124
-98
-71
-41
-9
25
64
110
162
216
265
305
340
370
396
424
449
463
467
459
446
427
407
383
354
324
290
259
227
196
163
127
87
49
14
-17
-53
-94
-144
-196
-249
-297
-340
-381
-423
-464
-501
-531
-554
-571
-582
-587
-587
-578
-562
-539
-512
-486
-458
-425
-383
-335
-283
-228
-176
-121
-63
-1
65
136
205
270
334
397
462
523
579
625
662
694
723
744
759
762
756
744
725
698
662
616
561
499
430
354
270
173
69
-39
-146
-250
-353
-459
-560
-657
-745
-830
-909
-981
-1037
-1080
-1109
-1129
-1148
-1161
-1163
-1147
-1111
-1059
-1000
-931
-854
-764
-656
-530
-392
-244
-90
76
254
436
611
775
934
1090
1244
1390
1519
1624
1704
1761
1803
1831
1849
1850
1831
1795
1735
1659
1568
1463
1344
1217
1080
934
772
595
405
203
-1
-200
-388
-569
-746
-926
-1101
-1265
-1407
-1520
-1606
-1672
-1724
-1760
-1783
-1791
-1782
-1757
-1716
-1660
-1586
-1502
-1412
-1323
-1240
-1154
-1054
-937
-806
-673
-551
-444
-344
-248
-153
-61
24
103
171
225
260
274
273
263
257
255
253
239
212
175
139
113
97
93
96
107
121
136
151
166
194
238
300
375
455
537
618
707
800
904
1015
1133
1254
1372
1480
1567
1636
1687
1727
1759
1775
1770
1733
1666
1576
1471
1349
1218
1078
932
786
638
484
322
152
-17
-170
-309
-433
-557
-687
-823
-955
-1073
-1176
-1265
-1346
-1417
-1472
-1505
-1519
-1523
-1517
-1497
-1454
-1385
-1300
-1208
-1116
-1024
-932
-846
-764
-688
-614
-543
-473
-414
-368
-334
-305
-271
-230
-183
-135
-85
-36
14
62
103
136
168
205
241
272
286
280
260
236
216
200
187
172
160
144
134
123
113
99
89
88
92
85
57
4
-69
-146
-216
-281
-352
-429
-517
-605
-685
-749
-795
-821
-825
-812
-782
-743
-699
-651
-597
-530
-440
-334
-222
-114
-9
101
222
357
510
686
884
1096
1311
1517
1711
1894
2077
2253
2420
2563
2670
2735
2752
2722
2650
2553
2437
2311
2167
1998
1797
1571
1329
1094
877
673
472
257
33
-198
-434
-675
-915
-1150
-1372
-1578
-1772
-1953
-2127
-2287
-2426
-2530
-2588
-2598
-2567
-2506
-2425
-2324
-2201
-2058
-1893
-1711
-1511
-1307
-1106
-921
-757
-613
-478
-341
-199
-59
71
184
274
351
424
504
585
664
732
787
826
839
831
799
752
696
641
568
475
361
229
88
-51
-175
-279
-360
-424
-475
-527
-570
-602
-612
-597
-560
-512
-473
-441
-421
-406
-394
-386
-380
-373
-362
-349
-337
-336
-342
-346
-322
-270
-198
-121
-52
13
75
144
215
285
341
389
432
469
504
527
538
546
573
625
706
797
897
1002
1118
1245
1390
1544
1693
1831
1952
2052
2117
2148
2142
2109
2052
1969
1860
1723
1560
1382
1195
1007
828
651
483
319
161
-1
-168
-333
-494
-644
-797
-954
-1119
-1279
-1437
-1587
-1727
-1854
-1970
-2057
-2107
-2121
-2114
-2099
-2069
-2012
-1918
-1796
-1654
-1508
-1365
-1220
-1072
-917
-767
-626
-502
-381
-259
-135
-26
61
134
200
263
321
380
422
449
463
477
484
478
457
424
395
363
331
288
242
184
125
68
17
-25
-72
-120
-168
-206
-241
-271
-296
-304
-308
-315
-330
-334
-334
-332
-323
-316
-311
-325
-335
-346
-345
-348
-364
-379
-385
-371
-354
-333
-315
-297
-276
-251
-210
-153
-101
-51
5
73
146
205
267
342
449
574
722
873
1024
1169
1312
1476
1648
1820
1976
2120
2249
2351
2415
2439
2423
2384
2328
2260
2182
2076
1935
1755
1562
1366
1177
988
808
635
457
261
43
-175
-401
-616
-820
-1005
-1183
-1366
-1555
-1739
-1905
-2055
-2172
-2257
-2301
-2321
-2319
-2307
-2275
-2228
-2157
-2062
-1944
-1809
-1681
-1550
-1427
-1299
-1176
-1055
-927
-791
-644
-503
-363
-239
-123
-13
104
230
353
458
539
598
636
661
678
689
686
676
641
595
531
464
398
335
297
260
226
176
121
73
24
-11
-37
-50
-63
-83
-104
-139
-178
-219
-246
-254
-261
-261
-284
-314
-352
-393
-422
-448
-453
-457
-455
-452
-455
-467
-482
-481
-454
-410
-358
-307
-260
-215
-176
-116
-44
50
150
262
390
523
660
794
942
1099
1270
1454
1640
1815
1970
2103
2223
2331
2419
2482
2514
2526
2511
2473
2398
2297
2172
2029
1876
1711
1541
1347
1145
934
720
500
262
24
-215
-451
-687
-917
-1148
-1375
-1599
-1813
-2008
-2184
-2338
-2471
-2574
-2650
-2701
-2735
-2750
-2740
-2697
-2626
-2533
-2420
-2293
-2159
-2021
-1870
-1713
-1544
-1379
-1202
-1018
-830
-645
-477
-314
-159
4
168
322
472
607
724
823
912
996
1060
1115
1157
1193
1223
1226
1214
1180
1139
1092
1045
997
931
858
771
685
598
507
427
350
279
213
146
79
2
-64
-129
-188
-241
-306
-371
-449
-523
-596
-671
-736
-794
-837
-877
-901
-912
-915
-904
-875
-822
-757
-676
-588
-494
-391
-284
-168
-52
63
180
306
439
573
702
827
952
1089
1233
1386
1534
1667
1793
1904
2012
2105
2180
2221
2231
2222
2186
2124
2025
1895
1738
1558
1362
1152
936
710
485
261
41
-176
-386
-586
-771
-936
-1086
-1235
-1386
-1536
-1674
-1795
-1905
-1996
-2080
-2154
-2213
-2249
-2255
-2246
-2205
-2142
-2044
-1924
-1771
-1598
-1422
-1231
-1040
-830
-622
-416
-223
-44
124
273
405
520
625
724
806
881
944
993
1032
1052
1083
1108
1132
1134
1111
1087
1037
988
921
836
743
633
520
400
276
139
-5
-136
-261
-360
-456
-533
-605
-675
-727
-769
-786
-807
-804
-799
-796
-789
-795
-799
-813
-814
-810
-802
-791
-785
-782
-778
-769
-738
-695
-630
-560
-487
-409
-335
-245
-157
-62
32
128
228
320
409
480
554
626
709
810
915
1031
1136
1247
1349
1464
1589
1711
1826
1919
2000
2053
2076
2071
2038
1982
1902
1797
1672
1514
1341
1152
970
801
632
475
307
156
7
-132
-258
-380
-498
-623
-745
-866
-993
-1127
-1268
-1386
-1494
-1589
-1671
-1743
-1797
-1839
-1848
-1826
-1768
-1687
-1594
-1488
-1369
-1242
-1113
-992
-860
-727
-604
-491
-393
-302
-245
-181
-119
-51
21
80
144
192
251
302
351
409
462
517
551
582
596
586
571
551
533
498
449
389
319
249
183
129
86
49
19
-1
-15
-20
-20
-5
20
60
89
104
108
102
95
77
60
31
-2
-49
-105
-155
-210
-257
-294
-308
-310
-308
-314
-325
-329
-325
-316
-304
-298
-304
-320
-339
-358
-378
-397
-409
-395
-360
-318
-268
-212
-131
-22
117
276
434
582
710
842
971
1095
1188
1255
1302
1330
1338
1317
1278
1217
1151
1092
1041
985
911
823
735
664
603
540
466
390
306
218
124
15
-108
-235
-349
-449
-543
-650
-768
-876
-966
-1020
-1048
-1060
-1066
-1070
-1062
-1035
-989
-939
-890
-834
-765
-697
-632
-582
-539
-497
-444
-372
-301
-236
-191
-146
-92
-23
53
123
190
254
319
374
422
459
482
505
532
558
566
547
511
472
445
426
404
371
327
276
227
186
151
115
76
44
17
-14
-57
-107
-160
-206
-244
-279
-321
-370
-428
-483
-532
-572
-605
-636
-658
-671
-679
-690
-700
-703
-698
-676
-652
-626
-608
-599
-591
-578
-552
-526
-496
-466
-431
-392
-351
-299
-240
-171
-89
6
104
204
301
394
490
592
696
793
882
957
1021
1077
1123
1162
1192
1212
1225
1226
1215
1191
1157
1117
1071
1024
971
914
844
769
687
602
520
437
355
271
187
99
13
-68
-143
-210
-270
-321
-367
-407
-438
-461
-472
-477
-473
-462
-441
-418
-392
-368
-341
-315
-286
-255
-222
-194
-172
-151
-135
-117
-102
-85
-72
-61
-50
-48
-47
-54
-63
-70
-77
-84
-98
-120
-148
-175
-201
-226
-250
-274
-301
-328
-352
-376
-401
-424
-441
-455
-461
-470
-482
-499
-512
-520
-526
-527
-534
-539
-547
-550
-550
-550
-551
-550
-542
-528
-507
-490
-473
-458
-435
-406
-369
-332
-299
-266
-238
-205
-172
-138
-105
-70
-37
-1
34
67
100
134
175
222
274
324
374
423
478
537
599
663
724
788
849
908
962
1010
1053
1090
1125
1155
1172
1178
1170
1153
1131
1102
1069
1026
975
913
845
774
698
622
543
467
390
309
224
140
56
-23
-96
-163
-228
-293
-355
-417
-469
-519
-557
-591
-614
-631
-648
-660
-668
-669
-660
-643
-615
-585
-554
-522
-487
-446
-403
-355
-312
-265
-218
-176
-134
-102
-70
-42
-10
19
46
64
73
85
87
92
94
91
89
77
64
42
20
-7
-32
-55
-78
-103
-140
-177
-217
-249
-283
-311
-341
-372
-397
-431
-457
-487
-510
-530
-546
-552
-560
-563
-574
-578
-577
-566
-543
-519
-488
-463
-439
-409
-379
-342
-300
-259
-214
-178
-141
-116
-91
-65
-43
-10
12
40
54
68
82
92
116
136
169
195
226
254
285
316
351
393
437
485
532
579
610
647
675
712
745
776
803
820
836
839
844
840
837
833
827
818
795
765
733
700
671
648
616
584
543
502
460
418
379
337
311
273
241
200
156
120
72
50
15
-8
-30
-66
-90
-131
-158
-181
-201
-206
-225
-229
-246
-270
-282
-303
-305
-307
-301
-315
-321
-337
-368
-369
-399
-400
-410
-436
-444
-474
-503
-534
-557
-594
-614
-631
-655
-667
-710
-734
-761
-781
-793
-797
-798
-814
-801
-819
-811
-807
-806
-767
-750
-718
-696
-645
-648
-601
-556
-561
-429
-452
-369
-310
-307
-228
-218
-126
-121
3
-9
82
135
128
261
226
341
349
421
460
508
554
563
632
616
683
686
732
737
750
749
744
750
737
744
717
720
693
678
651
630
593
576
555
537
515
483
453
418
406
374
369
339
327
310
293
282
257
253
235
241
230
228
223
203
207
199
189
185
175
166
163
149
137
119
101
83
74
63
50
37
13
7
-8
-23
-33
-48
-57
-53
-58
-68
-68
-76
-86
-80
-84
-91
-87
-94
-88
-98
-119
-129
-155
-168
-177
-200
-225
-247
-297
-332
-365
-417
-448
-494
-528
-555
-595
-659
-696
-723
-762
-778
-813
-815
-828
-844
-868
-877
-881
-884
-849
-824
-809
-785
-765
-750
-718
-684
-624
-568
-513
-466
-418
-357
-297
-254
-190
-111
-39
43
95
156
204
256
314
381
437
494
525
571
610
637
664
681
717
731
753
757
754
752
726
699
695
667
651
603
577
532
477
429
369
330
274
256
217
176
118
88
49
27
14
11
-10
5
25
-11
-27
-29
-6
17
88
115
123
100
122
151
191
202
264
309
317
392
374
426
394
251
427
844
566
355
739
442
597
729
269
749
783
444
476
709
325
328
560
223
542
162
238
158
-7
14
-138
-83
-256
-212
-437
-361
-572
-679
-691
-684
-770
-870
-881
-986
-976
-1114
-1008
-1105
-1122
-1072
-1084
-1123
-1037
-1106
-1136
-947
-1010
-969
-864
-869
-810
-823
-758
-657
-579
-580
-537
-370
-452
-309
-325
-256
-153
-119
-130
19
-22
-50
165
57
155
138
197
143
302
204
244
299
185
355
263
279
282
306
235
410
282
130
365
347
217
355
346
167
381
339
157
392
368
209
341
391
278
348
373
259
446
372
402
376
460
436
352
553
476
552
446
476
598
507
536
541
601
568
474
586
509
621
446
534
578
540
565
343
586
475
516
370
567
473
321
579
268
330
500
274
241
466
203
47
297
116
-17
205
-23
-105
-45
-207
-261
-143
-443
-290
-473
-388
-436
-835
-451
-617
-795
-887
-329
-1195
-760
-562
-1205
-771
-864
-911
-1027
-530
-1169
-845
-835
-857
-805
-827
-799
-871
-450
-1014
-591
-563
-739
-487
-693
-692
-35
-568
-887
-128
-186
-485
-267
-436
-198
187
-566
-84
136
-113
-114
-65
148
155
-18
38
322
229
78
146
214
386
219
172
520
209
302
277
391
246
420
473
310
462
224
488
442
452
260
574
652
273
389
534
579
377
476
566
457
686
561
228
542
633
380
551
729
150
527
629
244
473
357
461
562
322
133
659
323
135
541
307
448
284
207
413
688
76
-54
811
378
66
256
513
207
148
176
115
369
147
-272
140
348
-504
23
54
-393
-362
-108
-397
-351
-431
-653
-168
-739
-555
-603
-613
-615
-598
-663
-820
-590
-414
-1002
-730
-304
-845
-410
-576
-857
-685
110
-1163
-516
-17
-934
-111
-513
-658
-262
78
-879
-202
-162
-257
-86
-452
-255
-78
56
-440
71
-230
90
14
-246
-92
-20
47
-128
46
92
-16
-358
141
14
-210
6
123
-154
-95
-140
-248
237
-287
-231
274
-82
-202
-44
-69
173
-28
-109
243
115
11
253
286
-6
285
370
427
378
293
593
377
435
400
648
711
498
369
669
817
382
593
712
743
348
735
591
807
628
207
907
640
699
262
688
815
288
486
476
489
361
313
501
20
463
173
12
442
-141
86
-232
362
-458
-22
-201
-265
-72
-967
207
-593
-203
-498
-557
-237
-380
-526
-714
-27
-269
-802
-416
8
-541
-700
-313
-124
-689
42
-547
-350
-116
-645
-273
-473
325
-403
-807
276
-160
-581
-21
-301
-402
178
-24
-830
162
-260
-319
-167
-324
143
-299
35
-336
-114
-402
196
-399
123
-255
-621
465
-646
-220
-290
150
-511
-39
-302
-328
62
-537
9
-401
-231
-258
40
-487
-306
-9
-393
-26
-144
-280
-132
-93
-130
60
261
-301
-324
554
343
-33
-93
206
626
99
35
825
180
51
233
635
790
341
508
431
627
430
930
411
870
590
196
1305
411
508
521
910
269
919
817
313
871
68
972
123
803
410
301
570
128
490
-19
953
-385
-19
244
584
214
-732
118
-346
404
22
-808
-248
396
-562
-647
175
-141
-713
-398
-468
-483
209
-610
-612
-503
-565
-150
-442
-453
-113
-931
-510
176
-335
-583
-453
-512
-523
366
-192
-740
-495
234
-211
-691
-5
-178
-141
-656
-66
221
-196
-83
-940
-82
240
-201
194
-467
-259
-169
-529
-280
161
-265
-459
65
-565
150
77
-850
-157
80
59
-294
105
-70
-801
-123
110
-45
129
-67
-253
168
-248
310
81
-91
663
-328
129
608
283
-170
352
130
385
635
-131
321
-161
690
257
-99
573
369
24
-38
785
458
83
7
383
597
497
-87
41
317
162
435
239
335
145
-12
115
289
427
34
-34
414
481
82
-606
562
355
169
485
-28
448
-238
482
-52
257
336
-140
153
-10
565
-1
-141
-135
714
237
-186
175
379
436
-118
-298
673
277
-440
266
72
463
-247
140
-91
-173
105
-72
156
-132
267
-909
-47
511
-492
-105
-572
-288
27
-285
-464
-322
-192
-1186
-419
-97
281
-603
-1543
-299
-78
63
-1320
-513
-459
-757
-395
-1013
-310
-339
-609
-1734
-161
499
-760
-117
-1137
-220
-120
-266
-417
-675
318
-1159
-16
-209
25
-688
-961
337
244
511
-651
79
-421
655
248
-88
156
472
193
-729
660
126
417
-644
4
433
615
450
-509
219
741
689
-19
610
716
685
214
240
578
842
387
246
359
710
1269
264
245
781
1018
547
1192
780
679
1182
295
888
1079
1090
501
616
966
804
799
800
777
266
1107
639
277
356
505
609
111
335
64
-133
-344
130
-192
-116
-184
-303
-195
-709
-889
-761
86
-1004
-670
-365
-771
-1042
-1918
-608
-253
-1144
-1437
-1023
-728
-362
-1455
-1885
-301
-797
-1413
-471
-353
-562
-478
-1955
-722
249
-545
-394
-558
-39
-430
-412
-1143
83
696
-806
-14
69
244
-187
-765
160
579
218
-374
100
174
-104
261
-771
144
-75
-128
-255
-767
-17
-777
-391
-638
356
-495
-714
-616
-590
241
-252
39
-382
214
-229
20
82
267
409
268
527
860
1031
556
1076
919
1426
1657
1709
1798
1736
1594
1648
1935
1993
1990
1882
1779
1584
1396
1368
1529
1194
1240
1293
1042
358
524
335
349
708
-42
46
-482
-720
-944
-720
-284
-860
-870
-1574
-938
-952
-1431
-1097
-1190
-714
-1077
-923
-1171
-918
-1217
-1099
-722
-532
-542
-1150
-534
-819
-135
-359
-440
-448
193
49
-160
262
-394
309
-95
369
115
-71
-412
-280
385
49
330
-443
-537
-168
44
313
-405
-459
47
-57
-322
-418
-171
-721
-476
-929
-281
422
-798
-1141
-1125
-373
-428
-742
-1011
-565
-704
-1100
-1042
-744
-404
-885
-1362
-1145
-475
-702
-825
-877
-655
-461
-390
-651
-341
226
97
73
440
721
729
673
921
1384
1429
1652
1658
1902
1847
2004
2193
2509
2466
2418
2441
2435
2668
2229
2364
2213
2165
1757
1634
1558
1250
1074
1011
768
325
278
-25
-15
-219
-538
-650
-646
-1061
-1297
-1323
-1195
-1402
-1571
-1626
-1704
-1612
-1829
-1705
-1482
-1384
-1361
-1476
-1330
-751
-1084
-987
-669
-189
-283
-359
-423
-94
656
-136
99
44
615
399
288
657
355
259
-76
441
585
949
-1
-364
116
265
180
-28
-85
-280
-70
-375
202
-254
-558
-802
-627
62
-458
-628
-1350
-648
-513
-713
-940
-1031
-898
-1005
-708
-1281
-893
-1360
-1521
-958
-384
-613
-1255
-1618
-1354
-720
-900
-402
-570
-575
-756
-853
-555
-31
-6
-44
361
589
699
717
765
995
1558
1676
2084
2103
2149
1964
2307
2406
2871
2877
2709
2730
2330
2728
2510
2629
2197
2254
1758
1720
1606
1261
1156
846
728
331
295
-167
-245
-740
-837
-1004
-1030
-1301
-1297
-1548
-1801
-1785
-1911
-1682
-1944
-1771
-1701
-1569
-1853
-1709
-1495
-1316
-1219
-1062
-1072
-945
-898
-674
-268
-240
-229
-238
178
139
461
80
405
496
566
687
277
171
101
426
497
679
130
-232
-235
107
339
298
-254
-248
-292
-179
-18
-144
-72
-773
-620
-446
198
-153
-812
-583
-507
-96
-532
-563
-284
-468
-581
-1169
-888
-1065
-906
-767
-582
-376
-1301
-1166
-1691
-784
-691
-574
-482
-575
-376
-1112
-818
-779
300
240
572
458
260
382
423
1158
1460
2112
1852
1882
1880
2105
2344
2514
2840
3091
3214
2827
2542
2532
2664
2777
2601
2490
2239
1833
1502
1238
1087
833
1009
681
368
-202
-641
-956
-1100
-1006
-1240
-1223
-1791
-2162
-2521
-2300
-2081
-2236
-2231
-2488
-2420
-2670
-2524
-2330
-2135
-1725
-1997
-1948
-2035
-1732
-1365
-1089
-696
-609
-391
-534
-241
-43
431
596
554
904
714
693
638
748
955
1069
1014
720
587
696
913
818
699
570
412
513
350
423
417
68
-29
-87
143
73
-444
-538
-360
-146
-262
-196
-571
-718
-607
-683
-230
-652
-916
-1528
-999
-416
-202
-511
-1387
-1164
-1145
-413
-521
-313
-449
-364
-565
-687
-306
-400
46
-19
350
378
497
190
363
859
1460
1910
1765
1764
1802
2056
2263
2532
2767
2964
2742
2580
2480
2713
2554
2576
2400
2207
2019
1591
1449
1106
1039
766
648
454
113
-433
-960
-1113
-1019
-901
-1017
-1662
-2281
-2595
-2466
-2208
-2170
-2360
-2665
-2739
-2757
-2730
-2701
-2569
-2530
-2248
-2230
-1977
-2109
-2044
-1910
-1544
-1025
-852
-603
-767
-329
-229
288
526
737
852
918
953
854
1079
1198
1390
1170
1294
1179
1190
1100
1101
1251
1348
1190
974
849
789
655
503
566
437
457
229
101
-260
-86
-255
-337
-332
-490
-266
-682
-732
-813
-810
-1025
-1431
-1610
-1218
-690
-610
-953
-1501
-1739
-1563
-1040
-784
-423
-477
-616
-1017
-1029
-629
-399
48
85
609
493
465
383
531
1219
1708
2248
2192
2339
2051
2281
2513
3009
3395
3378
3267
2836
2830
2712
2983
2915
2910
2553
2163
1737
1433
1409
1255
1196
796
467
2
-467
-840
-1059
-1211
-1144
-1341
-1762
-2314
-2635
-2800
-2762
-2631
-2630
-2812
-3308
-3379
-3311
-2991
-3057
-3089
-3085
-2868
-2707
-2657
-2423
-2314
-1922
-1730
-1229
-1115
-906
-736
-442
199
457
773
577
818
1066
1363
1524
1442
1593
1497
1561
1378
1565
1629
1683
1527
1328
1374
1214
1288
1249
1297
1118
881
329
161
348
498
469
-69
-235
-329
-444
-683
-887
-632
-456
-460
-755
-1029
-1452
-2074
-2013
-1379
-317
-258
-1153
-2199
-2245
-1299
-646
-686
-852
-611
-514
-817
-1245
-887
-375
206
54
401
602
541
249
346
1508
2251
2697
1955
2134
2180
2753
2996
3252
3802
3600
3355
2736
3051
3175
3528
3128
2924
2723
2306
2065
1701
1736
1684
1505
1094
619
21
-381
-665
-645
-667
-762
-1449
-2049
-2473
-2471
-2271
-2344
-2491
-2918
-3195
-3680
-3786
-3676
-3260
-3127
-3406
-3608
-3673
-3412
-3142
-2813
-2476
-2129
-1978
-2055
-1921
-1550
-849
-471
-227
12
78
298
313
800
1213
1506
1375
1259
1306
1459
1701
1682
1888
1862
1891
1584
1430
1387
1567
1658
1466
1230
814
661
486
537
572
487
214
-95
-232
-275
-289
-369
-629
-797
-895
-876
-728
-1057
-1367
-1886
-1900
-1374
-861
-554
-1331
-1791
-1934
-1229
-803
-844
-815
-955
-474
-815
-639
-699
-399
-90
14
567
684
790
348
740
1343
2251
2581
2402
2487
2524
2875
3151
3605
3886
3911
3612
3353
3421
3516
3613
3501
3196
2974
2539
2250
1992
1946
1751
1482
1048
544
218
-219
-347
-641
-847
-1280
-1710
-2251
-2558
-2707
-2754
-2705
-2984
-3333
-3774
-4001
-4021
-3832
-3671
-3576
-3751
-3931
-3881
-3528
-3185
-2927
-2765
-2452
-2220
-2046
-1827
-1491
-990
-686
-361
-203
145
352
711
1008
1354
1494
1495
1604
1767
2015
2039
2024
1849
1896
1833
1867
1742
1679
1540
1452
1291
1074
947
679
724
542
418
97
-60
-134
-241
-312
-535
-571
-779
-885
-1114
-1212
-1129
-1236
-1396
-1916
-2053
-1834
-1234
-974
-1374
-1823
-1943
-1396
-1015
-796
-874
-756
-712
-790
-768
-485
-157
66
137
388
810
821
830
965
1783
2369
2777
2614
2767
3064
3274
3646
3903
4327
4209
3986
3656
3875
3932
3932
3679
3485
3167
2712
2232
2009
2091
1726
1364
666
416
86
-139
-510
-735
-1004
-1466
-1912
-2394
-2581
-2774
-3052
-3364
-3538
-3796
-3930
-4347
-4305
-4175
-3952
-4084
-4285
-4237
-4074
-3647
-3547
-3190
-2985
-2654
-2458
-2155
-1712
-1279
-891
-632
-238
91
331
499
720
1130
1511
1745
1786
1818
1999
2191
2382
2391
2514
2352
2300
2199
2269
2296
2046
1860
1549
1456
1203
1013
851
736
520
170
-156
-211
-302
-285
-596
-833
-987
-1032
-962
-1260
-1204
-1544
-1419
-1780
-2002
-2074
-1939
-1379
-1433
-1633
-2244
-2085
-1798
-1349
-1185
-1114
-858
-935
-1147
-1163
-750
-213
78
56
368
576
720
609
1142
1888
2521
2637
2428
2830
3038
3489
3611
3975
4233
4170
3934
3645
3894
3879
3910
3733
3550
3286
2707
2303
2084
2198
2019
1566
923
333
53
-271
-378
-749
-1215
-1741
-2127
-2369
-2688
-2902
-3098
-3135
-3479
-3739
-3988
-4031
-4026
-4016
-3853
-3825
-3939
-4211
-4059
-3665
-3072
-2843
-2768
-2660
-2406
-1961
-1556
-998
-649
-201
-25
224
594
958
1447
1671
1900
1960
2077
2141
2233
2442
2470
2528
2378
2283
2177
2106
2149
2098
2039
1747
1441
1080
836
818
749
455
-3
-395
-526
-531
-749
-969
-1111
-1241
-1322
-1421
-1589
-1662
-1873
-1874
-1722
-1845
-2176
-2423
-2150
-1640
-1196
-1510
-1780
-1843
-1633
-1079
-923
-570
-590
-637
-940
-825
-383
-115
332
155
610
665
740
900
1262
2041
2356
2743
2620
2974
2991
3295
3715
3913
4173
3840
3678
3395
3499
3500
3548
3372
3028
2794
2314
2055
1844
1813
1692
1260
708
279
2
-274
-539
-780
-1080
-1410
-1926
-2201
-2411
-2642
-2739
-2971
-3071
-3353
-3659
-3845
-3797
-3551
-3363
-3325
-3570
-3599
-3400
-3043
-2575
-2394
-2125
-1968
-1783
-1497
-1182
-782
-467
-49
135
437
529
741
1069
1336
1701
1787
1794
1651
1780
1935
2171
2197
2048
1975
1806
1796
1786
1773
1592
1371
1138
969
797
458
246
89
-74
-312
-572
-754
-854
-947
-1152
-1194
-1347
-1438
-1545
-1686
-1674
-1710
-1826
-2171
-2266
-2166
-1659
-1352
-1584
-1960
-2153
-1735
-1161
-873
-1004
-999
-882
-772
-770
-678
-211
301
392
398
663
955
1177
1268
1788
2501
2828
2642
2601
2897
3334
3698
3824
4015
3946
3665
3467
3585
3759
3752
3461
3022
2782
2545
2320
2102
1844
1642
1400
937
420
4
-326
-570
-835
-1198
-1545
-1980
-2496
-2773
-2929
-2907
-2922
-3205
-3550
-3807
-3864
-3812
-3628
-3499
-3339
-3416
-3594
-3487
-3123
-2602
-2290
-2097
-1941
-1653
-1491
-1199
-777
-266
156
321
503
681
1035
1277
1670
1926
2134
2155
2042
2061
2100
2302
2324
2338
2186
2036
1836
1787
1843
1797
1621
1294
1051
813
601
447
343
48
-186
-464
-537
-708
-1005
-1168
-1170
-1107
-1463
-1700
-2024
-1884
-1949
-2230
-2396
-2584
-2202
-1935
-1658
-2018
-2260
-2272
-1836
-1175
-1237
-1184
-1357
-1143
-998
-927
-731
-357
87
74
273
433
824
1105
1230
1744
2244
2450
2424
2449
2845
3303
3483
3486
3657
3729
3536
3438
3363
3682
3633
3264
2893
2612
2529
2224
2022
1757
1729
1346
806
410
64
82
-229
-531
-936
-1284
-1669
-2088
-2277
-2438
-2432
-2758
-3070
-3326
-3482
-3482
-3487
-3299
-3123
-3108
-3333
-3414
-3167
-2694
-2326
-2168
-2032
-1832
-1629
-1385
-1030
-599
-165
91
321
506
711
962
1306
1663
1903
1960
1881
1921
2040
2206
2252
2140
1995
1906
1842
1756
1653
1559
1458
1291
1013
805
663
526
389
150
24
-213
-481
-746
-873
-874
-1006
-1152
-1353
-1382
-1574
-1811
-1917
-1998
-2078
-2329
-2359
-2133
-1866
-1944
-2252
-2334
-2081
-1594
-1317
-1306
-1316
-1252
-1060
-973
-881
-620
-241
52
78
267
549
932
1165
1427
1971
2416
2615
2496
2668
3073
3523
3664
3634
3751
3740
3619
3410
3476
3644
3564
3083
2613
2469
2400
2187
1811
1558
1393
1078
596
195
-38
-227
-527
-886
-1165
-1447
-1844
-2255
-2519
-2593
-2628
-2864
-3249
-3530
-3595
-3528
-3506
-3517
-3478
-3387
-3282
-3167
-2954
-2717
-2460
-2211
-1914
-1603
-1343
-1146
-928
-527
-74
354
586
714
933
1245
1572
1837
2037
2095
2105
2085
2169
2334
2355
2312
2221
2107
1971
1866
1804
1760
1606
1322
1059
784
585
464
337
84
-171
-439
-533
-639
-817
-928
-1125
-1237
-1398
-1376
-1522
-1711
-1940
-2086
-2112
-2395
-2316
-2047
-1617
-1747
-2235
-2454
-2113
-1404
-1206
-1139
-1251
-1164
-1136
-1146
-809
-369
52
-4
7
161
550
913
1084
1520
1953
2381
2494
2518
2703
3081
3534
3757
3858
3731
3602
3452
3327
3466
3589
3476
2916
2293
2095
2166
2168
1780
1387
988
655
289
-85
-187
-432
-716
-1192
-1547
-1809
-2050
-2288
-2557
-2621
-2778
-2957
-3288
-3537
-3562
-3496
-3390
-3337
-3310
-3353
-3375
-3214
-2848
-2391
-2134
-1998
-1821
-1588
-1204
-834
-442
-154
72
280
565
914
1225
1511
1660
1807
1929
2034
2112
2173
2217
2252
2186
2080
2021
1980
1930
1827
1727
1631
1535
1310
1087
856
632
427
175
-24
-259
-445
-666
-794
-890
-990
-1126
-1308
-1295
-1286
-1290
-1503
-1643
-1730
-1883
-2078
-2126
-1794
-1474
-1476
-1893
-2097
-1974
-1495
-1136
-983
-957
-973
-961
-974
-729
-407
84
142
98
140
458
918
1193
1496
1806
2217
2329
2466
2626
2924
3250
3418
3572
3609
3512
3319
3150
3157
3333
3350
2982
2424
2034
1935
1954
1730
1422
1050
666
263
-30
-210
-357
-731
-1222
-1571
-1825
-1944
-2232
-2495
-2819
-2953
-3125
-3249
-3392
-3535
-3515
-3577
-3461
-3393
-3207
-3183
-3158
-3026
-2651
-2205
-1942
-1784
-1688
-1426
-1119
-713
-359
6
200
388
604
954
1371
1619
1781
1812
1962
2076
2215
2284
2331
2320
2190
2113
2039
2073
1978
1832
1693
1603
1503
1285
963
613
417
286
217
-31
-316
-644
-848
-1000
-1023
-974
-1049
-1125
-1404
-1435
-1490
-1381
-1432
-1612
-1865
-2078
-1932
-1719
-1326
-1341
-1485
-1802
-1843
-1479
-925
-508
-518
-688
-855
-777
-586
-124
368
677
576
420
520
1003
1508
1861
2127
2227
2304
2303
2496
2829
3198
3388
3414
3320
3168
3044
3021
3048
3114
2984
2691
2221
1748
1524
1370
1334
1073
807
338
-121
-534
-781
-775
-920
-1134
-1627
-2050
-2404
-2590
-2620
-2655
-2691
-2918
-3214
-3477
-3573
-3380
-3165
-2980
-2984
-3058
-3082
-3017
-2686
-2287
-1806
-1599
-1527
-1485
-1282
-856
-413
41
298
474
536
687
976
1362
1748
1923
1951
1873
1880
1969
2091
2211
2231
2153
1934
1738
1617
1604
1615
1557
1423
1181
914
617
420
268
154
6
-213
-442
-705
-889
-1018
-1008
-982
-1032
-1161
-1369
-1420
-1445
-1381
-1369
-1405
-1496
-1714
-1792
-1783
-1481
-1228
-1046
-1083
-1257
-1330
-1262
-897
-553
-248
-194
-271
-467
-523
-274
228
723
948
967
899
932
1083
1506
2025
2498
2630
2551
2431
2482
2754
3128
3491
3589
3453
3141
2890
2755
2783
2865
2830
2530
2067
1616
1304
1095
935
802
589
249
-223
-632
-948
-1202
-1489
-1764
-1983
-2223
-2514
-2841
-3116
-3256
-3339
-3378
-3399
-3402
-3399
-3428
-3455
-3454
-3294
-3062
-2782
-2564
-2383
-2173
-1940
-1689
-1424
-1088
-692
-329
-61
133
330
566
807
1077
1305
1555
1721
1835
1899
1965
2069
2150
2211
2203
2189
2109
1998
1843
1717
1624
1523
1371
1168
922
686
461
268
120
-36
-180
-401
-604
-807
-909
-965
-1020
-1086
-1177
-1195
-1248
-1280
-1332
-1340
-1272
-1237
-1204
-1212
-1206
-1210
-1186
-1066
-866
-657
-570
-557
-567
-518
-414
-253
-35
224
355
357
291
291
441
652
931
1160
1391
1483
1552
1590
1707
1907
2103
2319
2402
2442
2386
2363
2335
2341
2317
2242
2132
1960
1812
1671
1530
1349
1112
846
576
294
69
-98
-220
-457
-774
-1134
-1404
-1574
-1705
-1782
-1901
-2040
-2262
-2463
-2604
-2645
-2623
-2560
-2484
-2449
-2432
-2401
-2308
-2160
-1976
-1761
-1526
-1337
-1179
-1045
-861
-638
-397
-176
0
132
250
407
575
729
825
868
893
910
956
1024
1077
1097
1052
998
942
890
839
821
811
765
664
520
425
348
277
203
152
102
28
-70
-141
-152
-160
-186
-230
-272
-300
-306
-287
-249
-237
-254
-279
-286
-252
-174
-75
15
45
36
37
78
157
256
354
417
414
379
379
439
522
590
625
620
594
554
547
545
549
522
469
412
351
313
289
273
228
198
166
160
143
114
95
91
84
62
47
0
-41
-88
-106
-114
-123
-147
-180
-221
-267
-287
-291
-284
-281
-272
-272
-278
-298
-310
-319
-311
-294
-281
-269
-265
-271
-282
-282
-284
-284
-282
-254
-213
-168
-144
-149
-156
-150
-124
-90
-51
-25
-15
-22
-34
-28
-14
-6
2
-3
-7
-17
-26
-27
-39
-61
-85
-108
-135
-156
-173
-194
-228
-263
-279
-284
-292
-309
-326
-338
-350
-367
-367
-339
-310
-299
-302
-308
-291
-249
-175
-92
-26
14
27
51
99
177
268
342
388
406
426
450
490
537
575
607
619
623
633
646
657
657
640
621
605
593
581
562
528
472
404
339
290
249
205
147
83
16
-47
-95
-128
-166
-209
-246
-274
-279
-287
-298
-317
-336
-354
-365
-357
-339
-315
-305
-303
-303
-305
-296
-276
-236
-189
-153
-137
-135
-130
-111
-82
-41
0
30
48
53
62
80
112
137
158
168
174
176
172
174
184
190
177
151
128
113
104
96
83
60
21
-26
-66
-82
-83
-90
-123
-174
-224
-259
-274
-278
-273
-283
-308
-341
-368
-374
-363
-347
-342
-346
-353
-359
-359
-345
-321
-294
-282
-278
-272
-249
-213
-175
-143
-117
-88
-61
-16
40
107
163
200
228
260
306
358
414
459
496
517
536
551
568
586
606
623
630
628
614
597
575
554
531
504
464
415
356
297
242
187
130
63
-7
-80
-150
-216
-277
-331
-386
-446
-510
-567
-605
-623
-630
-640
-657
-674
-686
-680
-650
-604
-554
-524
-509
-491
-449
-383
-307
-237
-179
-131
-87
-34
35
114
188
244
286
328
376
430
483
526
564
589
606
619
636
650
657
650
631
607
577
549
518
485
444
389
324
254
188
126
67
-4
-83
-168
-252
-328
-397
-460
-521
-581
-641
-693
-731
-760
-776
-788
-795
-796
-791
-775
-749
-711
-669
-619
-564
-505
-442
-372
-292
-205
-117
-28
56
138
219
301
387
472
553
620
681
736
791
843
887
921
943
952
950
942
932
919
888
844
785
721
653
580
505
424
336
237
132
29
-69
-163
-258
-357
-452
-544
-633
-715
-791
-857
-921
-981
-1033
-1071
-1099
-1119
-1134
-1137
-1127
-1105
-1077
-1040
-989
-926
-857
-783
-703
-614
-520
-424
-320
-208
-91
24
135
243
352
465
574
680
780
873
952
1017
1074
1128
1177
1214
1236
1240
1232
1213
1187
1158
1119
1067
997
910
816
726
636
541
437
321
197
76
-42
-149
-254
-357
-469
-579
-682
-772
-846
-913
-972
-1031
-1082
-1125
-1150
-1162
-1161
-1152
-1137
-1113
-1081
-1035
-976
-905
-831
-749
-666
-573
-472
-364
-250
-136
-25
82
188
299
413
527
631
723
809
885
959
1030
1095
1149
1188
1212
1224
1232
1228
1215
1187
1151
1102
1043
974
894
805
712
613
510
403
290
172
48
-75
-197
-312
-428
-543
-659
-767
-866
-953
-1031
-1100
-1165
-1224
-1271
-1302
-1315
-1313
-1305
-1293
-1272
-1240
-1191
-1128
-1052
-969
-883
-796
-701
-598
-487
-366
-246
-128
-15
98
206
316
420
521
615
699
777
845
908
964
1010
1043
1066
1076
1078
1070
1054
1031
996
951
892
824
749
675
600
520
427
327
221
116
17
-78
-167
-255
-345
-437
-523
-599
-665
-722
-772
-811
-843
-872
-893
-905
-902
-883
-852
-813
-770
-722
-665
-598
-517
-424
-329
-239
-153
-58
48
162
272
372
462
551
639
729
818
902
968
1018
1056
1090
1123
1144
1155
1149
1133
1105
1066
1013
954
890
822
745
660
563
456
345
232
128
23
-90
-213
-337
-459
-567
-667
-764
-860
-957
-1047
-1125
-1187
-1239
-1279
-1316
-1347
-1367
-1373
-1367
-1345
-1311
-1267
-1212
-1152
-1083
-1008
-920
-820
-705
-587
-475
-368
-262
-147
-20
111
239
352
450
541
632
731
830
917
983
1028
1067
1102
1136
1162
1174
1168
1140
1097
1051
1003
951
884
802
709
609
510
408
306
203
99
-10
-121
-231
-331
-423
-507
-585
-659
-729
-795
-850
-893
-920
-934
-943
-949
-951
-941
-916
-876
-823
-765
-706
-644
-574
-490
-394
-293
-194
-98
0
102
207
313
415
517
612
703
789
869
942
1008
1065
1117
1158
1186
1198
1198
1196
1187
1170
1140
1093
1034
967
902
835
762
675
572
464
358
258
161
58
-54
-170
-285
-390
-485
-574
-662
-750
-835
-914
-977
-1032
-1078
-1116
-1147
-1171
-1185
-1189
-1182
-1165
-1142
-1109
-1070
-1022
-972
-912
-846
-773
-694
-615
-537
-459
-377
-294
-206
-122
-41
34
105
175
244
313
377
433
482
522
558
592
618
642
656
663
659
652
640
624
601
574
541
504
459
410
361
313
266
214
159
100
45
-8
-54
-97
-138
-184
-231
-272
-303
-323
-340
-356
-373
-387
-394
-390
-378
-361
-343
-324
-303
-273
-238
-199
-161
-119
-73
-27
23
71
123
174
224
273
321
368
412
453
488
524
556
583
603
619
635
647
656
657
649
639
622
607
588
564
534
495
454
412
368
318
264
209
155
97
37
-26
-90
-152
-214
-274
-331
-387
-442
-496
-546
-587
-624
-659
-690
-716
-735
-750
-755
-758
-755
-751
-739
-724
-700
-670
-636
-602
-560
-514
-466
-416
-366
-312
-257
-201
-147
-95
-44
5
54
101
150
194
234
269
301
330
354
376
392
403
409
409
399
390
383
367
350
330
303
274
241
208
174
139
100
58
16
-22
-55
-87
-118
-151
-181
-211
-233
-250
-264
-278
-291
-298
-300
-298
-289
-276
-262
-244
-221
-195
-165
-133
-101
-67
-31
10
53
98
140
180
222
262
303
340
378
413
446
477
502
523
541
556
571
583
590
592
588
579
570
554
534
508
477
444
405
364
321
274
223
169
115
63
10
-45
-102
-160
-214
-266
-315
-362
-407
-449
-485
-517
-544
-568
-589
-608
-619
-623
-623
-620
-614
-604
-590
-568
-542
-510
-477
-440
-401
-359
-314
-267
-220
-174
-127
-80
-33
11
51
89
124
157
189
218
244
263
280
294
307
314
311
307
302
292
279
266
247
225
196
166
137
107
79
46
13
-22
-51
-79
-107
-132
-156
-177
-196
-210
-225
-239
-247
-250
-250
-246
-240
-235
-227
-215
-200
-179
-157
-132
-108
-80
-53
-23
10
42
72
104
135
167
197
224
247
268
288
306
324
338
350
359
366
368
370
369
366
362
356
349
339
328
312
296
278
261
241
220
198
173
149
123
97
70
43
15
-11
-36
-60
-86
-113
-137
-159
-181
-200
-217
-234
-250
-262
-271
-278
-287
-292
-293
-292
-288
-283
-277
-269
-259
-248
-235
-220
-204
-187
-170
-154
-136
-116
-97
-78
-60
-43
-27
-13
1
14
25
34
41
47
54
57
59
61
59
55
51
46
41
36
28
19
9
-2
-13
-22
-33
-42
-52
-61
-70
-79
-87
-93
-99
-103
-107
-110
-111
-109
-108
-105
-102
-97
-91
-82
-72
-61
-50
-39
-28
-15
0
14
31
47
61
75
90
103
120
137
151
164
176
187
197
204
212
219
225
231
233
235
237
237
234
233
230
227
222
216
208
199
191
181
169
155
142
127
112
95
78
59
41
22
4
-14
-31
-47
-63
-80
-96
-111
-124
-135
-145
-154
-163
-169
-177
-181
-184
-187
-186
-184
-182
-179
-173
-169
-160
-154
-147
-139
-132
-123
-114
-105
-96
-86
-80
-72
-65
-58
-50
-44
-39
-34
-30
-29
-29
-27
-26
-26
-27
-29
-29
-32
-35
-37
-41
-44
-47
-49
-51
-55
-57
-58
-59
-58
-57
-53
-50
-44
-40
-34
-29
-23
-15
-7
3
13
24
33
45
55
65
76
87
98
107
115
122
131
137
143
149
154
158
160
161
161
161
159
155
152
148
142
137
130
122
115
107
98
88
80
70
60
50
39
29
18
9
-1
-9
-16
-25
-31
-39
-45
-52
-58
-62
-65
-68
-70
-72
-73
-74
-75
-75
-73
-71
-68
-65
-62
-60
-55
-52
-49
-44
-41
-36
-32
-28
-26
-24
-23
-23
-22
-21
-21
-22
-24
-27
-30
-33
-36
-39
-43
-46
-49
-52
-55
-60
-63
-68
-71
-72
-74
-76
-77
-77
-77
-76
-73
-70
-65
-61
-56
-50
-42
-37
-29
-22
-13
-3
6
16
24
33
40
49
57
64
71
77
83
88
93
97
100
101
105
106
107
107
107
105
102
100
96
91
86
80
74
67
61
53
44
35
28
19
10
3
-6
-13
-20
-28
-33
-37
-43
-47
-51
-54
-55
-58
-58
-59
-58
-58
-55
-53
-50
-47
-44
-40
-37
-33
-28
-23
-18
-13
-9
-4
0
4
7
11
14
18
20
20
21
21
21
21
20
18
17
15
13
10
7
4
2
-1
-3
-4
-7
-11
-13
-16
-18
-20
-22
-23
-24
-25
-25
-26
-25
-25
-24
-22
-21
-17
-16
-15
-12
-10
-6
-3
0
5
9
13
15
19
21
24
25
28
30
31
32
33
33
32
31
30
28
27
25
22
20
14
11
7
5
2
-2
-5
-9
-11
-13
-16
-20
-23
-26
-27
-29
-30
-31
-33
-33
-34
-33
-33
-32
-31
-30
-28
-26
-25
-22
-20
-18
-16
-13
-10
-8
-6
-4
-1
1
4
5
9
10
13
16
17
19
21
20
21
20
21
20
20
20
19
18
17
17
15
15
13
13
11
9
9
9
8
7
5
5
3
3
3
4
4
4
3
4
5
6
6
7
8
10
12
13
14
14
14
14
15
16
16
15
14
14
12
12
11
10
8
8
6
6
4
3
2
0
-2
-4
-6
-7
-10
-13
-15
-17
-18
-21
-22
-23
-24
-24
-24
-25
-24
-24
-25
-24
-24
-22
-21
-20
-19
-19
-17
-15
-14
-12
-11
-11
-10
-8
-8
-8
-6
-5
-3
-3
-1
0
2
2
4
4
4
4
5
6
5
6
6
6
7
7
7
8
9
10
10
11
11
11
12
12
14
14
15
14
13
13
13
11
9
6
2
2
0
-3
-5
-7
-7
-9
-10
-10
-10
-10
-10
-10
-10
-9
-8
-9
-8
-8
-7
-7
-7
-7
-6
-5
-4
-4
-3
-4
-3
-3
-2
-1
-1
0
2
2
2
3
3
4
5
6
7
9
10
12
14
17
17
19
20
21
23
23
24
24
23
22
21
19
19
18
16
16
14
13
11
9
7
5
3
0
-2
-4
-7
-8
-10
-11
-13
-14
-13
-13
-13
-13
-12
-12
-11
-10
-9
-8
-7
-6
-5
-3
-4
-2
-2
-1
-2
-1
0
0
0
0
-1
-2
-2
-4
-4
-5
-7
-9
-12
-13
-14
-17
-19
-22
-24
-27
-29
-30
-31
-33
-34
-34
-34
-33
-32
-29
-27
-25
-24
-20
-17
-15
-11
-7
-4
0
5
9
12
16
20
24
26
29
31
33
36
36
37
37
38
38
38
38
36
34
32
32
30
26
24
20
17
15
12
9
6
2
0
-3
-5
-8
-9
-11
-12
-13
-13
-15
-17
-18
-18
-19
-19
-22
-21
-22
-22
-22
-21
-19
-18
-16
-14
-10
-8
-4
-1
3
6
9
12
16
19
23
24
26
28
29
32
33
33
33
33
33
32
31
30
27
23
21
18
15
11
6
2
-2
-6
-10
-14
-17
-20
-24
-26
-27
-29
-31
-32
-33
-34
-34
-34
-35
-34
-32
-31
-30
-28
-25
-22
-20
-17
-16
-12
-10
-8
-6
-5
-4
-2
0
1
2
3
3
4
5
5
5
3
3
2
0
0
-1
-2
-3
-4
-5
-8
-7
-7
-9
-10
-9
-10
-10
-8
-8
-7
-5
-4
-2
-1
1
2
3
5
7
8
10
12
13
15
16
17
20
20
22
23
24
25
24
25
25
24
24
24
24
24
24
23
23
23
21
20
19
17
15
14
12
10
9
7
5
4
1
2
1
0
-3
-4
-5
-7
-9
-10
-12
-12
-12
-15
-14
-15
-16
-15
-13
-12
-12
-11
-11
-10
-8
-7
-7
-5
-4
-3
-3
-4
-3
-3
-3
-4
-3
-3
-3
-2
-2
-3
-2
-3
-4
-4
-5
-5
-6
-7
-8
-9
-9
-10
-12
-13
-14
-14
-15
-16
-16
-16
-17
-16
-16
-15
-16
-14
-14
-13
-12
-11
-9
-8
-7
-6
-4
-3
-2
0
1
2
1
2
3
3
4
6
6
7
8
8
8
9
10
10
12
12
10
10
10
9
8
8
7
6
5
5
4
4
4
4
4
6
6
7
8
8
7
9
10
10
11
12
11
11
12
12
12
12
13
13
13
13
13
14
13
14
14
14
15
14
14
13
13
12
10
9
7
4
4
3
0
-1
-2
-2
-4
-5
-5
-5
-6
-6
-6
-6
-7
-9
-9
-10
-10
-11
-11
-12
-11
-12
-12
-13
-14
-14
-15
-16
-16
-17
-17
-17
-17
-16
-16
-14
-13
-13
-12
-11
-10
-10
-9
-9
-9
-8
-9
-8
-10
-9
-8
-8
-8
-8
-7
-8
-7
-5
-5
-3
-2
-1
0
0
2
2
2
3
3
3
2
2
1
1
0
0
-1
0
0
1
1
2
3
4
5
5
7
8
9
10
11
10
11
11
9
10
10
9
8
8
7
7
6
6
7
7
8
8
10
10
10
11
11
12
11
12
11
11
10
9
8
6
7
5
5
4
3
4
3
3
4
4
4
3
5
5
6
6
5
4
3
3
1
-1
-2
-4
-5
-6
-7
-7
-7
-6
-7
-6
-6
-6
-6
-5
-5
-5
-5
-6
-6
-7
-6
-7
-9
-10
-11
-12
-12
-12
-11
-10
-11
-8
-7
-7
-5
-4
-3
-2
-1
-1
-2
-2
-3
-3
-3
-4
-5
-5
-6
-6
-6
-6
-6
-5
-5
-3
-2
0
1
1
1
2
1
1
3
1
1
0
-1
-2
-3
-3
-3
-2
-4
-3
-2
-2
0
0
1
2
3
5
4
4
5
5
5
5
4
4
4
4
4
4
4
4
4
5
5
6
7
7
8
9
9
9
9
9
9
9
9
7
6
6
6
5
4
3
5
4
4
3
3
4
3
3
3
1
1
1
0
-1
0
-2
-3
-2
-2
-3
-2
-2
-3
-3
-2
-3
-3
-3
-3
-3
-2
-3
-3
-3
-4
-5
-6
-6
-6
-5
-6
-6
-5
-6
-5
-5
-6
-3
-4
-4
-3
-3
-3
-4
-4
-4
-5
-5
-5
-4
-5
-6
-7
-7
-6
-6
-5
-5
-4
-3
-3
-1
0
0
-1
0
1
0
0
1
1
1
1
1
2
3
2
3
2
3
3
5
6
6
6
7
7
8
7
8
7
6
4
5
4
4
4
3
3
3
3
3
3
4
3
3
4
4
4
2
3
1
2
1
1
0
-1
0
-1
-1
0
0
1
1
2
0
0
2
1
1
2
0
0
0
0
-1
-1
-2
-2
-2
-2
-4
-2
-3
-2
-3
-2
-2
-1
-2
-3
-3
-3
-4
-3
-4
-3
-4
-4
-3
-4
-3
-3
-4
-3
-3
-3
-3
-2
-2
-3
-1
-2
-2
-1
-2
-1
-1
-1
-2
-1
-1
-1
0
0
0
1
1
2
1
1
1
1
1
1
1
2
1
2
2
1
3
3
3
4
3
4
3
2
2
2
2
3
3
3
2
1
1
1
0
0
0
0
-2
-3
-2
-2
-1
-3
-1
-2
-2
0
0
0
1
0
0
0
0
0
0
0
0
0
-1
0
-1
0
0
0
0
0
1
2
2
2
2
4
3
4
3
4
4
3
3
2
1
2
1
1
2
2
1
2
2
2
1
2
2
2
1
2
1
-1
-1
-2
-2
-2
-3
-3
-3
-3
-3
-3
-3
-3
-3
-3
-3
-3
-3
-4
-4
-4
-4
-4
-4
-4
-3
-3
-3
-3
-2
-3
-2
-2
-1
-1
-1
-2
-2
-2
-2
-2
-1
-1
0
0
1
1
2
3
2
3
1
2
1
1
2
2
1
2
1
3
3
2
2
2
1
2
1
2
1
1
1
0
0
-1
-2
-1
-2
-2
-2
-2
-2
-2
-2
-2
-1
-1
-1
0
0
0
2
2
2
2
2
2
2
2
3
2
2
3
4
4
4
3
4
4
4
5
4
4
5
3
3
4
4
3
3
3
4
3
2
2
1
0
-1
-2
-2
-3
-4
-5
-4
-5
-5
-4
-4
-4
-5
-5
-5
-4
-5
-4
-4
-4
-5
-5
-5
-4
-5
-5
-5
-5
-5
-5
-5
-6
-5
-4
-3
-2
-1
-1
-1
0
1
1
1
3
2
2
3
3
4
4
4
5
5
5
6
5
5
5
6
6
7
6
7
7
6
6
5
4
3
3
1
0
0
1
0
-1
0
-2
-3
-3
-2
-3
-2
-3
-3
-3
-3
-3
-3
-3
-3
-3
-2
-2
-2
-2
-2
-2
-2
-2
-2
-2
-2
-3
-2
-3
-2
-2
-1
-1
0
1
1
1
2
1
1
0
0
0
0
-1
-2
-1
-2
-2
-1
0
-1
0
0
0
0
1
2
3
2
3
3
2
2
2
0
1
1
1
2
2
1
2
1
1
2
1
2
3
3
3
4
3
3
2
3
2
1
1
1
0
-1
-1
0
-1
-1
-2
-2
-2
-2
-1
-1
0
-1
-2
-1
-1
-1
-1
-1
-2
-3
-2
-3
-2
-2
-2
-1
-1
-2
-2
-1
-1
-2
-1
-1
0
1
0
-1
0
-1
0
-1
0
0
0
0
0
0
0
0
-1
0
0
0
1
0
0
0
0
-1
-1
-1
-1
-1
-1
0
-1
0
0
1
1
1
1
-1
0
0
1
1
1
1
1
2
2
2
2
3
2
2
2
1
1
2
2
1
1
1
1
1
0
0
0
0
0
0
-1
-1
-1
-1
0
0
0
1
0
0
0
0
-1
0
0
0
0
1
0
0
1
0
0
1
1
0
0
0
0
0
0
1
1
0
1
0
-1
-1
0
0
-1
0
1
1
1
1
2
1
1
1
1
0
0
-1
0
-1
-1
-2
-2
-2
-3
-2
-3
-2
-2
-3
-2
-3
-3
-2
-1
-1
-1
-1
-1
-1
-1
-1
-1
-1
-1
0
0
0
1
0
0
0
-1
-1
0
0
1
1
1
1
2
2
2
1
1
1
1
1
1
0
1
2
1
2
2
2
2
1
1
0
1
0
0
0
1
0
1
0
1
0
0
1
1
1
1
1
0
0
-1
-1
-1
-1
-1
-2
0
-2
-2
-1
-1
0
0
0
0
0
2
1
2
1
0
0
0
-1
-1
-1
-1
-1
-1
-2
-2
-1
-1
0
-1
0
0
0
0
1
1
0
1
1
1
1
1
0
0
0
1
0
0
0
0
0
0
0
0
0
-1
0
-1
0
1
0
0
0
-1
0
-1
0
1
0
0
1
0
-1
-2
-1
-2
-1
-1
-1
-2
-1
1
-1
0
0
0
1
0
0
1
1
-1
1
1
1
1
-1
-1
-1
0
0
-1
-2
0
-1
0
1
1
0
1
0
0
-1
-1
-1
-1
0
-1
-1
0
-1
0
2
1
1
0
0
1
1
1
0
1
0
0
0
0
-1
-1
0
0
0
0
0
0
0
0
1
0
1
0
-1
0
0
1
0
0
1
1
2
3
2
2
1
2
1
1
1
0
0
1
2
1
2
1
1
0
1
1
1
1
1
1
1
0
-1
-1
0
-1
-2
-2
-2
-1
-2
-2
-1
-1
0
-2
-1
-2
-1
-2
-1
-1
-1
-1
-2
-1
0
-1
-1
-1
-1
-1
-2
-1
-1
0
0
0
0
0
0
1
0
1
0
1
1
0
1
1
1
1
1
0
0
-1
0
-1
-1
-1
1
1
1
2
1
0
0
0
-1
0
0
0
0
0
1
1
1
1
1
0
-1
-1
-1
-2
-1
-1
-1
0
0
0
1
1
2
1
2
2
1
2
2
2
2
2
1
0
0
0
0
-1
0
0
0
1
2
1
2
2
1
-1
0
-1
-1
-1
-1
0
1
0
0
-1
0
-1
-1
-2
-1
-1
-1
-1
0
1
1
2
1
1
0
0
-1
-2
-1
-2
-1
-1
-1
0
0
-1
-2
-1
-1
-1
0
0
1
1
2
2
1
1
0
0
0
-2
-2
-1
-1
-1
-1
1
0
0
0
0
0
-1
-1
-1
0
0
0
1
1
2
2
2
