0
0
0
0
0
-1
0
0
1
0
0
-1
0
0
0
0
0
0
0
0
-1
0
1
0
0
0
0
1
0
0
0
0
0
-1
0
0
-1
0
0
0
0
0
0
0
0
0
0
0
1
1
1
1
0
0
-1
1
0
-1
0
0
0
0
0
0
0
1
0
0
1
0
0
1
0
1
0
0
1
0
0
0
0
0
-1
0
-1
0
0
1
1
0
0
-1
0
-1
-1
0
0
0
0
1
0
-1
0
0
0
0
0
0
0
0
1
-1
0
1
0
0
0
-1
0
0
0
1
0
-1
0
-1
0
0
0
1
0
0
0
1
1
0
0
1
1
-1
0
-1
0
0
0
1
0
0
0
0
-1
0
0
-1
0
0
0
-1
1
0
0
0
0
-1
0
1
0
0
0
-1
1
0
1
0
1
-1
0
0
0
-1
0
0
0
0
0
0
0
0
0
0
0
0
0
0
0
0
0
1
0
0
0
0
1
0
0
0
0
0
0
0
0
0
0
0
0
0
0
0
0
0
0
0
0
1
0
0
0
0
-1
0
0
1
0
0
0
0
0
-1
0
0
0
0
0
0
-1
0
0
-1
0
0
0
-1
-1
0
0
0
-1
0
0
0
0
0
0
0
0
0
0
0
0
0
0
0
-1
0
0
0
-1
0
0
0
-1
0
0
0
0
1
0
0
0
-1
-1
1
0
0
0
0
0
0
0
0
0
0
0
0
1
-1
0
0
0
-1
0
-1
0
0
0
0
-1
0
0
0
0
0
0
0
0
0
0
0
0
1
0
1
1
0
1
0
0
0
0
0
1
0
1
0
0
0
1
0
0
-1
0
0
1
0
-1
0
0
0
0
-1
-1
1
0
0
1
0
0
1
0
0
0
-1
1
1
0
0
0
0
0
-1
0
0
0
0
0
0
0
0
0
0
0
0
0
0
0
0
0
0
0
0
-1
0
-1
0
-1
0
0
0
-1
0
-1
0
-1
1
0
0
0
0
0
0
0
-1
0
-1
0
0
0
0
-1
0
0
0
1
0
0
0
0
0
0
1
0
0
0
0
0
0
-1
0
0
0
0
0
0
0
0
1
0
1
1
0
0
0
0
0
1
0
0
0
0
1
0
1
0
0
0
0
0
0
0
1
0
0
0
1
0
1
1
0
0
0
0
-1
0
0
1
0
0
0
0
0
0
0
0
0
0
0
0
0
-1
0
0
0
0
0
0
0
0
0
-1
0
1
0
0
0
0
0
0
0
-1
1
0
0
0
1
0
1
0
0
0
0
0
0
0
-1
0
1
0
0
0
1
0
0
0
0
-1
1
1
0
0
1
1
0
1
0
0
0
0
0
0
0
0
0
0
1
0
0
0
0
0
0
-1
-1
1
0
0
1
0
0
-1
1
-1
1
0
1
0
0
0
0
1
-1
0
0
0
0
0
0
0
0
0
0
0
0
0
0
-1
0
0
0
0
1
0
0
0
1
0
0
0
0
0
0
1
0
0
0
0
1
0
-1
0
0
0
0
1
1
1
0
0
-1
0
0
-1
0
0
0
0
-1
0
0
0
0
1
0
1
0
0
0
0
0
1
0
0
0
0
0
0
0
-1
0
-2
0
-1
0
0
0
0
-1
0
0
0
0
0
0
0
0
0
1
0
0
0
0
0
0
0
0
0
0
0
0
0
0
-1
0
0
0
1
0
0
0
0
-1
0
-1
0
1
0
0
1
0
0
0
0
0
0
0
0
0
0
1
-1
0
-1
0
0
-1
0
0
0
0
-1
0
0
0
0
0
1
0
0
0
0
0
0
0
-1
0
0
0
0
0
0
-1
0
0
0
0
0
0
-1
0
-1
0
0
0
0
1
0
0
1
0
0
0
0
0
1
0
0
0
1
0
0
0
0
1
0
-1
0
0
0
0
-1
0
0
0
0
-1
-1
0
0
1
1
0
0
1
0
-1
1
0
0
-1
0
0
1
0
0
0
0
0
0
1
-1
0
0
0
0
0
0
0
1
1
0
0
0
0
0
0
1
0
1
0
0
0
1
0
0
0
-1
1
1
0
-1
0
0
0
0
0
0
0
0
0
0
0
1
0
0
0
0
0
0
0
-1
0
1
0
1
-1
0
0
0
0
-1
0
0
0
0
0
0
0
0
0
-1
0
0
0
0
0
0
0
0
0
0
0
0
0
0
0
0
0
0
0
0
1
0
0
0
0
0
0
0
0
0
0
-1
0
0
1
0
-1
0
0
0
0
0
0
0
0
0
0
0
0
0
0
0
0
0
1
-1
0
0
0
0
0
0
-1
1
0
0
0
0
0
-1
0
0
0
0
0
0
0
0
0
0
-1
-1
-1
-1
0
-1
0
0
0
0
0
0
-1
-1
0
-1
0
0
0
-1
0
0
0
0
0
0
0
1
0
0
0
0
0
0
0
0
0
0
1
1
0
0
1
1
0
1
1
1
0
0
0
1
0
1
0
1
0
0
0
-1
-1
-1
-1
-1
-2
-1
-1
-1
0
-1
0
0
-1
-1
0
-1
-1
0
1
0
0
0
0
1
1
0
1
1
1
2
1
0
-1
0
0
0
0
1
1
-1
-1
-1
-1
0
0
0
0
1
0
-1
0
0
-1
-1
0
0
1
1
3
2
3
2
1
1
3
2
2
1
1
1
0
0
-1
-1
-2
-1
0
-1
0
-1
-2
-4
-5
-3
-1
2
3
3
2
0
0
0
0
1
2
2
3
2
2
0
1
2
1
1
2
1
0
-2
-6
-9
-9
-8
-7
-6
-2
-2
-2
-2
-1
-1
-1
0
-1
-1
-1
-1
0
-2
-2
-2
0
5
9
13
15
15
13
11
8
5
3
1
1
2
4
3
-1
-8
-16
-21
-22
-18
-9
0
5
6
2
-2
-4
0
4
8
9
3
-1
-4
-6
-2
3
7
9
7
9
15
23
29
25
14
-2
-13
-17
-16
-12
-11
-15
-19
-19
-20
-18
-19
-18
-17
-16
-8
-2
1
-1
-8
-11
-9
-2
10
17
18
16
9
3
7
17
32
43
47
42
28
11
-2
-12
-20
-23
-27
-30
-29
-20
-5
2
2
-6
-10
-8
1
13
13
4
-7
-10
-13
-13
-11
-6
1
8
14
23
28
29
28
19
13
6
11
22
35
38
30
13
-13
-38
-56
-52
-36
-21
-14
-7
-3
-7
-22
-39
-57
-68
-67
-51
-23
-3
6
4
7
8
31
56
91
121
132
107
62
24
-10
-19
-30
-21
-3
25
34
9
-35
-89
-116
-106
-71
-19
20
31
18
0
-12
-18
-26
-33
-26
-1
34
52
47
6
-35
-59
-44
11
74
93
71
31
-9
-17
-30
-42
-71
-78
-86
-34
56
148
216
214
167
70
-17
-71
-58
-37
-55
-163
-466
-907
-1194
-970
-256
644
1402
1658
1377
563
-384
-966
-1030
-598
44
691
913
688
127
-410
-678
-597
-183
315
760
875
692
206
-336
-781
-982
-892
-551
-62
421
764
797
513
-11
-520
-884
-914
-666
-198
312
657
747
568
271
-49
-250
-345
-360
-383
-536
-873
-1181
-1074
-447
514
1442
1974
1949
1262
274
-556
-879
-705
-228
330
581
420
-105
-596
-816
-628
-156
422
875
973
714
196
-355
-752
-839
-663
-302
55
311
387
300
86
-180
-328
-288
-99
44
48
-15
-134
-208
-229
-106
16
-132
-612
-1269
-1509
-1312
-455
720
1852
2435
2195
1429
403
-399
-924
-850
-409
175
463
344
-125
-647
-901
-764
-228
342
928
1199
1186
745
88
-638
-1108
-1136
-763
-87
523
835
662
356
-146
-491
-659
-775
-623
-416
-173
-12
-29
-54
-90
32
283
398
356
218
32
-89
-130
-199
-200
-186
-21
70
15
-64
-233
-167
70
437
765
749
509
205
-89
-413
-327
123
502
682
422
-14
-354
-621
-756
-368
-81
114
278
209
83
-87
-29
-194
-79
47
-54
-100
-32
-57
19
67
-149
-55
-345
-543
-489
-184
412
612
563
444
-115
-720
-852
-340
184
346
585
329
97
-205
-494
-324
256
506
587
764
175
-322
-606
-416
-360
-172
110
189
511
234
207
-16
-59
-13
-71
-60
-292
-131
17
353
295
123
-239
-298
-395
-391
32
4
312
252
302
-109
-432
-301
24
545
815
826
390
-210
-917
-1049
-1011
-382
-8
414
547
227
72
-226
127
551
580
135
-291
-907
-654
-456
189
1066
706
352
-640
-953
-1031
-746
692
1293
1462
742
-328
-631
-895
-685
-584
168
645
1092
1100
690
305
-671
-976
-1361
-701
-373
689
1246
1338
737
-533
-1114
-1763
-884
-113
1083
987
1054
47
-586
-1274
-1346
-179
150
1355
596
517
-461
-557
-537
313
764
479
296
-785
-798
-1143
78
178
1519
1341
693
-274
-1143
-1225
-1681
-317
139
1660
1732
1492
522
-613
-856
-965
-427
-206
22
232
278
629
332
-113
-362
-1085
-656
-701
113
293
1202
1322
717
229
-690
-599
-966
-255
-691
-465
-290
422
1435
1274
798
-261
-1353
-2040
-1861
-767
916
1811
2320
1555
434
-1153
-1921
-1702
-994
3
835
1399
1081
787
-314
-678
-649
-402
167
54
38
-17
509
831
541
114
-589
-679
-816
-483
-214
239
584
591
611
-206
-490
-700
-404
-260
-109
159
546
1020
864
383
-325
-640
-527
-239
47
261
498
677
391
61
-648
-782
-701
-94
469
672
560
191
230
-144
-144
-312
91
389
271
-73
-233
-236
-122
-72
23
104
-150
-23
-165
58
24
272
261
138
-207
-478
-390
-302
41
-28
284
19
-156
-190
-201
-147
-123
115
53
133
-33
-139
36
219
418
154
-156
-585
-947
-866
-958
-854
-668
-580
-642
-697
-558
-641
-649
-507
-365
-238
-54
177
102
153
-42
-173
-94
38
415
707
1131
1291
1496
1561
1501
1435
1388
1219
1113
990
920
919
972
1238
1162
1212
836
397
-173
-556
-569
-482
-243
-51
97
28
-51
-183
-34
93
246
207
59
-149
-317
-452
-541
-600
-750
-712
-616
-405
-330
-299
-314
-312
-404
-585
-711
-760
-854
-934
-826
-830
-884
-913
-1050
-1272
-1703
-2359
-3166
-3619
-3463
-2850
-1888
-916
-180
-146
-562
-1131
-1408
-1176
-446
850
2058
2651
2446
1713
1121
749
982
1786
2778
3675
3974
3918
3313
2675
2086
1889
1934
2063
2164
1998
1656
990
514
105
-39
-312
-612
-1111
-1489
-1745
-1897
-1894
-1799
-1432
-1055
-642
-642
-790
-1033
-965
-699
-224
75
239
296
285
233
-89
-452
-893
-917
-813
-498
-190
127
340
428
442
355
216
117
200
445
771
958
1052
957
756
371
124
-72
-72
43
390
792
1064
1269
1228
1012
578
295
107
23
-57
26
178
340
362
258
-39
-424
-659
-723
-761
-1341
-2268
-3564
-4886
-6156
-7109
-7425
-6889
-5508
-3967
-2910
-2756
-3118
-3660
-3752
-3015
-1550
273
1821
2906
3339
3167
2743
2643
3301
4509
5817
6717
6942
6478
5679
4894
4296
4052
4058
4031
3775
3322
2763
2158
1574
1091
647
-30
-1035
-2188
-3228
-3871
-4039
-3545
-2718
-1939
-1416
-1219
-1108
-1108
-1020
-778
-352
142
525
741
777
744
860
1157
1471
1503
1127
400
-440
-1086
-1534
-1737
-1873
-1935
-2101
-2444
-2834
-3077
-2879
-2226
-1149
24
949
1355
1290
1012
741
743
1066
1560
2030
2289
2408
2435
2467
2592
2589
2443
2110
1608
1059
547
294
217
160
-7
-336
-780
-1256
-1550
-1539
-1418
-1505
-1962
-2810
-3830
-4818
-5432
-5666
-5642
-5655
-5931
-6514
-7115
-7050
-5952
-3939
-1813
-175
519
423
-96
-333
288
1724
3481
5019
5916
5802
4864
3769
3385
3805
4761
5557
5870
5436
4455
3361
2609
2361
2412
2548
2301
1559
407
-613
-1225
-1158
-654
-48
140
-145
-747
-1309
-1513
-1235
-456
397
1136
1433
1466
1190
961
870
1051
1254
1182
654
-293
-1405
-2365
-2874
-3032
-2877
-2740
-2622
-2717
-2691
-2600
-2231
-1794
-1237
-757
-497
-363
-314
8
349
840
1157
1418
1454
1536
1702
2066
2454
2748
2906
2786
2504
2121
1844
1596
1488
1328
1125
595
-117
-1081
-2018
-2727
-2882
-2623
-2282
-2086
-2002
-1950
-2115
-2229
-2256
-2114
-2221
-2439
-2958
-4019
-6043
-8286
-9660
-9164
-6995
-3953
-1157
351
505
-295
-773
-515
929
2805
4909
6400
7041
6488
5209
4224
4078
4820
5467
5672
4858
3525
1991
1299
1338
1829
1875
1352
342
-786
-1522
-1604
-835
75
877
805
186
-970
-1674
-1701
-735
573
1640
2095
1896
1576
1272
1505
1833
2326
2326
1924
851
-382
-1575
-2327
-2515
-2431
-2430
-3058
-4140
-5458
-6196
-6095
-4887
-3189
-1366
-31
860
1338
1670
2153
2829
3704
4271
4434
3931
3035
2109
1704
1803
2025
1887
1266
354
-360
-496
80
1061
1853
2024
1325
118
-1184
-2058
-2474
-2663
-2748
-2881
-3041
-3251
-3200
-2733
-1925
-918
-155
187
-334
-1290
-2301
-2934
-3633
-5014
-7071
-9252
-10178
-9215
-6267
-2823
-57
1088
973
211
-182
539
2228
4465
6313
7495
7373
6189
4650
3973
4425
5367
5814
5192
3428
1126
-655
-1156
-602
36
254
-108
-574
-924
-707
-48
922
1708
2102
1862
1136
495
426
1303
2624
3783
3988
3276
2160
1431
1309
1584
1683
1315
270
-1198
-2649
-3754
-4334
-4502
-4307
-4265
-4627
-5540
-6392
-6664
-5945
-4431
-2527
-694
711
1762
2596
3413
4097
4561
4734
4634
4304
3807
3236
2804
2445
2134
1525
564
-769
-1990
-2597
-2284
-1188
185
1329
1636
1211
251
-473
-945
-1105
-1351
-1810
-2458
-3005
-2900
-2065
-690
584
1569
1976
1967
1500
898
188
-546
-1699
-3677
-6792
-10598
-13786
-14862
-12985
-9013
-4532
-1471
-90
-178
-294
262
2239
5106
7751
9304
9269
8305
6539
5280
4727
5279
5480
4648
2563
-56
-2208
-3549
-3337
-2508
-1485
-1423
-1692
-1816
-1002
737
2909
4930
5957
6031
5153
4336
3868
4156
4542
4666
4089
2822
1314
76
-309
-247
-278
-1085
-2530
-4407
-6097
-7101
-7033
-6182
-5147
-4375
-3984
-3841
-3744
-3241
-2168
-646
660
1558
1939
2225
2566
3134
3817
4187
4105
3375
2527
1679
1213
982
863
650
222
-210
-647
-819
-951
-974
-1142
-1319
-1372
-1111
-355
644
1678
2251
2251
1784
1025
155
-743
-1453
-1711
-1490
-725
339
1485
2289
2491
2115
1321
411
-604
-1579
-2760
-4487
-7326
-11487
-15868
-18823
-18454
-14801
-9156
-3452
643
3130
3998
4922
6168
8253
10185
10969
10493
8448
6333
4076
3221
2974
3085
1941
-765
-3897
-6396
-6669
-5698
-3429
-1771
-780
-941
-878
443
3237
6853
9722
11323
11020
9688
7690
6335
5455
5103
4151
2312
-425
-3314
-5303
-6085
-5432
-4513
-3873
-4368
-5366
-6280
-6310
-5300
-3548
-1584
40
1208
2156
3165
4200
5023
5295
4801
3372
1381
-667
-2055
-2747
-2748
-2473
-2150
-2110
-2287
-2418
-2100
-1372
-452
429
1029
1481
1612
1802
1876
1994
1780
1172
136
-938
-1632
-1698
-1052
-152
697
922
773
514
594
874
1039
694
-74
-930
-1323
-894
-28
953
1353
1216
592
-160
-685
-1017
-1156
-1935
-3789
-7529
-12214
-16322
-18105
-16590
-12709
-6915
-1860
1829
3499
4765
6609
8370
10016
10521
10557
8964
6859
4770
3669
2845
1576
217
-1438
-2831
-4275
-4589
-4002
-2635
-1603
-974
-691
-171
1204
3491
6527
9243
11148
11469
10579
8886
7286
5591
3572
1064
-1799
-4678
-7225
-8511
-8296
-7071
-5780
-4772
-3983
-3285
-2492
-1205
476
2007
2811
3249
3609
4199
4836
5439
5674
4808
2829
-32
-2799
-5085
-6514
-7148
-7263
-7061
-6558
-5454
-3670
-1466
763
2494
3510
3962
4077
4160
4011
3724
3139
2243
991
-404
-1546
-2404
-2815
-2841
-2266
-1313
-45
1545
3200
4580
4948
4502
3369
1976
374
-1410
-2867
-3913
-4063
-3611
-2604
-1529
-635
51
339
443
187
-440
-1622
-3627
-6288
-9825
-13733
-16949
-17548
-14141
-8466
-2487
1461
4599
7029
8769
10001
10727
12168
11821
9924
6497
3901
2256
775
-399
-1827
-3018
-5027
-6224
-6477
-5334
-3966
-2657
-1184
22
1496
3325
6288
9506
12145
13395
13119
11530
9219
6602
3890
668
-2850
-6278
-9225
-11075
-11614
-10235
-7795
-4939
-2439
-317
1698
3609
5506
6792
7146
6444
5224
4035
3082
2403
1699
658
-1195
-3624
-6089
-8156
-9469
-9978
-9352
-8062
-6391
-4418
-1881
1299
4448
7186
8924
9531
8911
7593
5961
3850
1377
-1214
-3197
-4556
-5460
-5885
-5942
-5446
-4397
-2454
227
3016
5445
7205
8154
7971
6721
4677
2248
-446
-3237
-5769
-7409
-7742
-6770
-4917
-2823
-989
100
569
679
914
1072
683
-696
-3227
-7165
-11620
-14957
-15355
-12224
-7560
-2479
1184
4188
6468
8134
9760
10420
10989
9948
7757
4599
1706
-170
-1527
-2321
-3389
-4402
-5750
-6099
-5472
-4036
-2564
-1189
654
2270
3887
5555
8062
10664
12375
12828
12120
10371
7570
4176
691
-2782
-6047
-8600
-10074
-10365
-9935
-8337
-5714
-2538
514
3114
5585
7409
8238
7637
6025
4045
2028
460
-739
-1618
-2767
-4258
-5855
-7075
-7490
-7389
-6752
-5877
-4660
-3308
-1767
191
2709
5538
8042
9655
9886
8879
6796
4552
2274
-34
-2577
-5014
-6702
-7585
-7468
-6589
-4871
-2942
-1042
779
2689
4744
6492
7713
7993
7051
4958
2112
-1006
-3932
-6491
-8135
-8661
-7994
-6384
-4218
-1689
729
2821
4229
4973
4941
4410
3414
1717
-809
-5008
-10420
-15737
-18625
-17405
-13140
-7482
-2403
1917
5716
8655
11181
12982
13673
12459
9565
5959
2558
-417
-3090
-4760
-5714
-6378
-7033
-6927
-5703
-3995
-2460
-1096
787
2856
4801
6691
9034
11585
13423
13896
12874
10706
7622
3945
134
-3754
-7622
-10870
-12874
-12994
-11506
-8830
-5434
-1715
2002
5234
7948
9844
10680
10015
7831
4639
1312
-1235
-2951
-3942
-4754
-5617
-6430
-7007
-6888
-6078
-4655
-3015
-1384
279
1904
3445
4904
6363
7645
8198
7611
5867
3423
804
-1914
-4214
-5964
-7010
-7436
-7235
-6161
-4499
-2433
-534
1181
2514
3380
3870
4213
4338
3904
2867
1357
-152
-1689
-3108
-4494
-5518
-6005
-5736
-4394
-2232
259
2312
3749
4565
4932
5081
4961
4551
3602
1528
-1841
-6634
-12384
-17757
-20693
-19857
-15567
-9405
-3263
2185
6983
11130
14209
16121
16086
13740
9633
4939
915
-2120
-4709
-6837
-7826
-7960
-7457
-6364
-4339
-1883
355
1921
3193
4623
6041
7598
9554
11897
13457
13531
11928
9179
5696
1796
-2325
-6319
-9896
-12833
-14504
-14437
-12270
-8610
-4073
590
4905
8611
11226
12377
11983
10129
7149
3602
190
-2577
-4572
-5856
-6646
-6974
-6896
-6356
-5379
-3851
-2147
-567
909
2378
3816
5084
6002
6624
6967
6576
5331
3163
547
-2410
-5142
-7195
-8533
-9109
-9002
-7974
-6009
-3258
-442
2172
4118
5024
5071
4600
3916
3023
1882
554
-669
-1583
-2110
-2538
-2849
-3183
-3543
-3514
-2890
-1450
525
2346
3526
4040
4202
4309
4332
4200
3474
1663
-1460
-6166
-12248
-18536
-22850
-23062
-18743
-11852
-4554
2139
8119
13034
16518
18781
19198
17113
12518
6907
2164
-1366
-4549
-7221
-8524
-8825
-8673
-7979
-6154
-3292
-365
1751
3407
5066
6704
8277
10073
12071
13401
13443
11837
8980
5315
1000
-3802
-8458
-12218
-14688
-15671
-15031
-12661
-8800
-3904
1288
6377
10907
13990
15061
14122
11596
8055
3927
-252
-3947
-6608
-8168
-8902
-8788
-7893
-6190
-3939
-1555
498
2068
3176
3731
3967
4079
4120
4049
3826
3351
2467
1048
-1011
-3338
-5303
-6812
-7763
-8018
-7509
-6160
-4022
-1287
1606
4221
5948
6502
5992
4711
3091
1394
-30
-1303
-2255
-2759
-3029
-2797
-2396
-2012
-1931
-1912
-1495
-810
220
1039
1690
2328
3038
3782
4485
4748
3860
2006
-1026
-5104
-10279
-16221
-21368
-23539
-21257
-15369
-7495
601
7818
13694
17896
20305
21055
19694
15635
9874
3899
-1282
-5377
-8478
-10283
-10635
-10231
-9385
-7709
-4982
-1742
1086
3313
5178
6894
8446
9960
11473
12611
12714
11446
9093
5886
2025
-2432
-7022
-11059
-14002
-15320
-14879
-12609
-8774
-3977
1159
6101
10377
13466
14913
14464
12324
8918
4741
324
-3658
-6691
-8603
-9414
-9263
-8130
-6196
-3866
-1611
348
1892
2951
3629
4013
4244
4205
3747
3007
2232
1394
387
-785
-2161
-3553
-4905
-6060
-6573
-6289
-5312
-3731
-1624
641
2862
4636
5542
5416
4117
2130
63
-1578
-2767
-3516
-3791
-3656
-3048
-2046
-981
-240
-35
-483
-1065
-1305
-1020
-184
913
2007
3019
3772
4216
4331
3867
2479
-139
-3660
-7955
-12960
-17992
-21293
-20748
-15895
-8416
-345
7092
13059
17054
18999
19553
18847
15986
10763
4593
-782
-4691
-7683
-9612
-9963
-9389
-8705
-7789
-5719
-2590
524
2685
4221
5679
6964
7968
9059
10470
11473
11415
9978
7372
3910
-201
-4554
-8422
-11353
-13087
-13301
-11790
-8709
-4665
-368
3701
7375
10335
12111
12289
10913
8231
4875
1376
-1764
-4170
-5809
-6649
-6867
-6521
-5692
-4402
-2950
-1604
-620
12
601
1394
2494
3750
4888
5411
5120
4043
2390
424
-1668
-3737
-5543
-6967
-7968
-8207
-7411
-5592
-2999
-132
2553
4746
6015
6143
5154
3343
1126
-1052
-2770
-3884
-4334
-4131
-3312
-1971
-440
623
874
368
-607
-1441
-1832
-1583
-810
225
1379
2563
3816
5008
5811
5751
4506
1945
-1696
-6228
-11539
-16828
-20453
-20722
-17090
-10491
-2470
5330
11822
16389
18881
19791
18991
16109
11277
5601
123
-4487
-7993
-10159
-10653
-10117
-9117
-7690
-5358
-2414
374
2502
4055
5288
6170
6936
7993
9482
10728
11016
10092
8080
5069
1286
-2812
-6645
-9894
-12199
-13137
-12392
-10020
-6569
-2513
1719
5765
9003
11008
11577
10836
9128
6753
3954
1023
-1654
-3703
-4876
-5306
-5388
-5523
-5731
-5827
-5485
-4720
-3657
-2258
-324
2179
4898
7224
8499
8453
6988
4404
1288
-1887
-4953
-7748
-9873
-10929
-10655
-9138
-6623
-3417
-203
2449
4364
5600
6090
5757
4713
3206
1517
-208
-1641
-2500
-2716
-2541
-2238
-2028
-1974
-1901
-1613
-1128
-751
-706
-803
-650
-24
1154
2677
4102
4913
5047
4610
3746
2481
925
-894
-3232
-6419
-10389
-14217
-16549
-16047
-12212
-5902
913
6763
11212
14271
15808
15878
14646
11962
7664
2314
-2606
-6057
-8095
-9010
-8538
-7024
-5183
-3181
-645
2069
3820
4062
3414
2792
2364
2237
2778
4078
5403
6224
6465
6019
4693
2543
-142
-3035
-5681
-7479
-7884
-6957
-5150
-2904
-451
1950
4104
5814
6746
6497
5211
3582
2146
1066
234
-417
-1018
-1726
-2602
-3461
-4156
-4755
-5201
-5234
-4574
-3169
-1181
1102
3241
4875
5622
5394
4185
2074
-661
-3539
-5852
-7205
-7489
-6940
-5687
-3863
-1743
260
1780
2541
2429
1682
751
105
-119
-61
174
588
1075
1498
1703
1582
970
-27
-1162
-2009
-2255
-1937
-1203
-273
676
1401
1757
1666
1276
724
102
-556
-1019
-1033
-428
744
2161
3387
3938
3624
2409
493
-2177
-5357
-8248
-9732
-9113
-6804
-3714
-635
2149
4246
5414
5772
5518
4605
2883
927
-514
-970
-641
257
1631
2823
3246
2912
2375
1613
339
-1352
-2904
-3946
-4456
-4244
-3131
-1072
1504
4031
5963
6920
6872
6143
4963
3415
1633
-146
-1672
-2712
-3042
-2800
-2260
-1675
-1037
-419
69
436
799
1194
1344
1133
752
435
286
234
199
67
-153
-387
-647
-883
-1080
-1208
-1379
-1589
-1868
-2214
-2681
-3200
-3524
-3566
-3290
-2736
-1787
-524
791
1805
2318
2321
1876
1059
-12
-1139
-2090
-2734
-3024
-2917
-2452
-1728
-901
-13
838
1579
2055
2225
2143
1916
1652
1433
1416
1566
1766
1807
1607
1111
389
-456
-1283
-1960
-2417
-2526
-2184
-1341
-216
893
1772
2421
2867
3126
3199
3091
2781
2164
1263
76
-1470
-3472
-5575
-7050
-7392
-6772
-5624
-4131
-2456
-841
537
2004
3561
4677
5019
4907
4625
3921
2781
1571
518
-636
-1688
-2233
-2255
-2114
-1788
-1101
-355
186
619
1151
1581
1917
2328
2859
3196
3347
3400
3161
2457
1485
647
-87
-682
-1092
-1218
-1287
-1240
-866
-113
841
1721
2422
2677
2479
1929
1212
264
-859
-1951
-2821
-3386
-3623
-3506
-3241
-2977
-2671
-2187
-1624
-1108
-684
-352
-204
-239
-383
-569
-750
-889
-949
-982
-972
-874
-688
-522
-408
-357
-343
-343
-329
-291
-243
-159
24
254
478
759
1076
1413
1695
1917
1974
1797
1382
785
110
-539
-953
-1064
-853
-464
38
508
861
1097
1192
1078
683
164
-319
-627
-659
-321
269
898
1425
1849
2069
1954
1507
821
23
-780
-1411
-1867
-2095
-2051
-1676
-1129
-556
-60
140
-3
-337
-679
-1055
-1299
-1224
-857
-486
-103
328
555
436
186
-18
-411
-855
-1067
-978
-777
-294
593
1520
2209
2740
3119
2936
2325
1611
852
-59
-710
-689
-246
339
1089
2013
2587
2667
2401
1816
861
-204
-1042
-1678
-2117
-2239
-2044
-1794
-1482
-1016
-603
-544
-719
-916
-1167
-1446
-1543
-1378
-1136
-823
-343
221
613
803
833
627
205
-324
-903
-1521
-1956
-2009
-1773
-1364
-774
-103
403
699
920
1073
1136
1173
1254
1238
1079
910
762
578
376
280
214
92
-23
-79
-146
-241
-236
-101
76
268
532
863
1153
1358
1447
1392
1201
897
507
-7
-583
-1086
-1425
-1625
-1757
-1786
-1673
-1374
-907
-338
199
577
810
950
1000
871
582
240
-58
-232
-296
-348
-499
-724
-928
-1047
-1091
-1051
-917
-691
-357
149
774
1390
1877
2171
2247
2078
1724
1192
535
-210
-924
-1496
-1822
-1828
-1562
-1064
-416
334
989
1411
1558
1484
1239
852
397
-63
-473
-817
-1034
-1138
-1183
-1228
-1283
-1328
-1312
-1236
-1140
-1025
-866
-610
-249
216
728
1186
1477
1571
1434
1023
417
-299
-972
-1478
-1726
-1728
-1524
-1104
-505
144
684
1069
1294
1371
1349
1307
1231
1070
878
727
626
565
552
550
485
311
69
-237
-549
-746
-726
-525
-210
215
693
1140
1445
1581
1496
1194
741
221
-301
-772
-1111
-1346
-1501
-1555
-1471
-1248
-913
-488
-54
293
521
678
808
869
838
713
530
335
159
-17
-254
-551
-878
-1166
-1370
-1457
-1434
-1296
-1030
-651
-202
240
633
943
1141
1212
1165
1006
760
437
56
-388
-832
-1178
-1330
-1242
-946
-490
29
540
970
1274
1426
1436
1317
1060
713
330
-57
-448
-819
-1128
-1370
-1526
-1584
-1528
-1396
-1215
-984
-694
-329
70
469
800
1038
1181
1199
1064
767
343
-171
-698
-1138
-1435
-1543
-1429
-1075
-542
60
631
1087
1407
1611
1712
1699
1545
1256
859
417
-14
-403
-749
-1028
-1188
-1229
-1170
-1042
-849
-587
-255
153
594
1008
1342
1583
1706
1697
1561
1285
875
379
-124
-569
-936
-1179
-1276
-1223
-1022
-695
-282
151
590
986
1303
1519
1615
1585
1407
1119
739
290
-221
-737
-1200
-1561
-1785
-1851
-1746
-1478
-1077
-606
-135
281
620
858
1010
1064
1010
831
558
268
14
-192
-384
-576
-791
-995
-1144
-1204
-1176
-1070
-869
-581
-241
130
500
821
1048
1175
1181
1029
714
273
-230
-741
-1189
-1514
-1678
-1667
-1491
-1191
-829
-415
32
477
867
1185
1386
1413
1270
996
662
307
-40
-372
-685
-954
-1128
-1168
-1070
-876
-623
-343
-36
295
602
848
1009
1102
1144
1130
1057
909
700
460
198
-93
-414
-730
-989
-1161
-1220
-1140
-917
-539
-28
553
1102
1544
1827
1925
1828
1549
1098
516
-99
-641
-1042
-1278
-1335
-1246
-1059
-813
-519
-212
57
270
424
520
562
589
612
638
651
637
561
396
124
-246
-671
-1077
-1370
-1511
-1490
-1317
-980
-519
29
602
1119
1505
1712
1714
1516
1151
669
167
-279
-605
-792
-850
-804
-682
-510
-318
-150
-43
-2
-10
-36
-51
-29
45
146
241
319
363
343
249
78
-135
-370
-607
-821
-980
-1041
-978
-788
-489
-123
238
510
649
650
528
307
21
-285
-559
-765
-882
-887
-762
-536
-253
32
272
432
491
451
352
237
136
76
75
137
246
382
500
566
546
444
272
50
-165
-333
-404
-355
-183
87
408
711
933
1051
1061
948
707
357
-49
-436
-743
-914
-942
-827
-616
-361
-96
144
336
454
515
537
538
512
446
350
238
124
5
-127
-281
-459
-645
-820
-954
-1016
-983
-846
-623
-352
-83
135
291
384
422
418
356
235
66
-112
-262
-374
-452
-498
-528
-519
-453
-324
-121
127
398
667
923
1137
1277
1317
1255
1093
843
540
212
-95
-339
-483
-521
-466
-358
-221
-87
12
75
101
104
88
57
26
-6
-39
-79
-129
-187
-260
-372
-531
-717
-892
-1016
-1063
-1004
-832
-571
-243
117
456
718
872
905
820
641
396
107
-186
-427
-578
-630
-606
-529
-427
-312
-175
-27
116
256
398
534
656
765
859
914
915
849
702
456
120
-250
-591
-835
-966
-980
-883
-693
-413
-66
312
677
966
1137
1176
1106
954
728
450
134
-204
-536
-840
-1101
-1313
-1448
-1505
-1476
-1357
-1143
-844
-485
-101
262
578
812
952
988
911
729
460
138
-197
-488
-710
-851
-907
-868
-735
-519
-238
77
388
664
893
1069
1199
1272
1272
1194
1039
823
566
286
10
-229
-410
-520
-555
-514
-411
-240
-23
211
428
602
715
744
706
590
412
188
-62
-308
-539
-735
-873
-940
-931
-848
-710
-542
-361
-173
12
178
296
362
361
297
190
45
-118
-302
-482
-650
-776
-852
-868
-820
-706
-521
-268
35
359
666
908
1073
1147
1135
1035
859
620
339
43
-229
-427
-545
-576
-525
-416
-255
-53
166
383
585
747
852
892
872
795
667
484
244
-44
-370
-706
-1011
-1259
-1423
-1498
-1483
-1373
-1178
-919
-632
-337
-63
173
351
452
471
402
257
72
-131
-326
-492
-622
-702
-730
-697
-610
-471
-273
-35
227
484
712
898
1035
1118
1144
1112
1023
886
721
544
379
246
154
110
107
134
191
274
368
464
548
604
630
611
556
469
345
188
7
-186
-388
-570
-714
-802
-816
-756
-629
-453
-247
-37
147
271
318
282
167
-4
-218
-447
-663
-841
-967
-1033
-1027
-955
-827
-658
-466
-258
-54
143
328
498
648
773
864
913
904
828
685
483
246
-2
-235
-433
-561
-605
-550
-398
-167
122
433
719
938
1073
1115
1071
938
730
465
161
-144
-430
-664
-844
-973
-1053
-1082
-1059
-987
-866
-713
-534
-354
-179
-31
80
146
159
116
15
-126
-288
-444
-574
-664
-714
-717
-677
-592
-465
-300
-117
68
248
416
568
698
792
835
829
771
672
545
401
264
143
59
24
50
129
259
425
593
744
846
876
832
723
556
352
135
-72
-248
-375
-444
-458
-427
-367
-290
-213
-134
-65
-18
19
44
60
70
72
58
25
-34
-122
-245
-392
-543
-683
-785
-830
-800
-692
-508
-266
20
308
561
740
822
808
706
537
326
99
-121
-298
-413
-456
-420
-324
-183
-22
124
244
327
380
407
415
417
411
413
406
393
355
279
160
-4
-196
-405
-602
-765
-866
-892
-832
-700
-508
-283
-60
135
272
328
292
175
-4
-212
-424
-604
-721
-762
-727
-621
-468
-294
-123
23
128
188
212
210
192
166
149
149
168
207
245
274
275
246
194
125
61
12
-8
11
79
189
328
471
596
682
714
680
574
413
214
4
-187
-327
-392
-382
-302
-166
3
180
340
461
528
533
477
376
241
89
-61
-199
-315
-406
-469
-504
-526
-529
-526
-514
-486
-433
-350
-240
-104
49
201
336
435
488
483
421
304
140
-48
-238
-398
-503
-537
-489
-370
-189
30
258
470
643
758
810
787
692
548
371
185
13
-137
-274
-382
-460
-509
-528
-522
-489
-435
-362
-270
-164
-45
77
186
263
288
268
197
87
-53
-213
-378
-526
-626
-667
-641
-555
-424
-269
-106
47
172
255
296
292
254
198
137
79
31
-10
-43
-69
-93
-113
-128
-143
-158
-158
-136
-84
-2
99
208
320
420
495
531
520
462
360
218
64
-76
-189
-260
-282
-251
-180
-70
65
200
311
381
409
397
355
284
192
75
-52
-177
-287
-370
-425
-452
-451
-424
-369
-281
-166
-32
113
245
363
449
497
500
451
355
220
62
-99
-239
-349
-414
-425
-389
-305
-188
-51
88
210
312
381
420
432
418
371
302
218
114
14
-78
-169
-249
-318
-372
-404
-409
-385
-330
-246
-133
-2
131
252
342
394
392
341
247
123
-20
-170
-310
-424
-493
-515
-478
-396
-286
-159
-37
63
136
173
177
152
108
56
4
-34
-55
-63
-60
-55
-48
-43
-39
-45
-58
-67
-80
-80
-61
-31
5
40
70
91
106
106
90
54
11
-36
-74
-95
-100
-90
-67
-36
-3
43
93
139
171
175
166
150
134
118
97
68
25
-22
-66
-98
-116
-130
-135
-140
-125
-82
-18
67
148
212
247
260
247
214
159
86
6
-76
-138
-176
-183
-163
-122
-69
-8
58
115
165
192
198
183
155
119
76
33
-5
-38
-61
-77
-88
-96
-100
-100
-94
-80
-61
-41
-11
24
63
97
122
129
117
90
51
-1
-57
-108
-154
-186
-196
-182
-143
-92
-31
25
70
106
127
132
116
85
39
-9
-52
-84
-105
-112
-110
-97
-80
-57
-33
-8
14
31
46
58
68
73
69
54
31
1
-34
-74
-115
-155
-190
-209
-210
-185
-141
-83
-19
43
99
147
179
192
186
158
110
55
2
-41
-75
-95
-103
-106
-102
-90
-70
-43
-15
8
24
39
57
77
95
105
102
84
59
29
-11
-54
-97
-134
-151
-151
-130
-83
-29
27
80
129
171
193
201
189
151
95
37
-19
-70
-103
-129
-142
-143
-127
-100
-66
-27
4
23
33
43
53
70
84
93
93
86
80
59
32
-3
-42
-79
-106
-111
-97
-58
-3
65
133
195
241
266
263
233
182
115
42
-20
-72
-112
-138
-155
-155
-141
-118
-87
-50
-17
13
32
44
51
52
50
45
38
21
-1
-26
-55
-82
-103
-122
-131
-129
-117
-89
-57
-16
25
63
90
108
120
116
99
68
29
-11
-48
-79
-104
-123
-132
-127
-114
-94
-69
-37
-8
14
31
37
43
46
45
34
16
-6
-34
-58
-75
-90
-105
-111
-109
-97
-73
-44
-14
15
40
59
78
90
93
81
51
14
-23
-56
-79
-91
-89
-79
-65
-43
-17
8
27
41
42
38
31
23
18
17
21
27
40
47
48
44
37
24
10
-2
-7
0
13
36
67
109
144
167
177
170
143
112
76
32
-11
-47
-73
-81
-73
-51
-19
12
36
57
72
83
84
75
63
48
31
13
-3
-20
-31
-42
-49
-56
-60
-52
-46
-30
-14
7
27
40
53
57
56
47
38
21
-1
-16
-33
-46
-57
-64
-66
-65
-63
-62
-59
-53
-41
-30
-15
-3
6
7
2
-6
-21
-39
-57
-74
-94
-103
-105
-104
-95
-86
-75
-66
-59
-44
-28
-17
-11
-9
-14
-21
-25
-32
-41
-48
-54
-57
-50
-38
-25
-6
10
25
36
38
35
22
3
-12
-18
-22
-16
-7
5
27
47
68
86
89
84
74
61
50
37
26
23
31
50
71
94
112
120
113
95
74
53
34
21
9
1
3
6
16
26
35
35
28
23
11
-1
-16
-27
-32
-31
-22
-11
-4
0
-2
-6
-17
-21
-22
-21
-10
4
21
41
63
79
87
86
74
56
34
8
-15
-32
-43
-50
-50
-44
-32
-11
8
22
23
23
19
9
-4
-21
-38
-49
-51
-54
-56
-57
-59
-61
-57
-55
-56
-55
-50
-46
-39
-35
-32
-30
-31
-28
-32
-37
-47
-61
-74
-86
-92
-97
-92
-77
-56
-34
-15
3
15
18
15
9
0
-12
-30
-45
-56
-56
-46
-24
2
34
63
89
105
108
102
85
66
51
39
29
33
44
60
83
98
107
102
89
68
39
5
-22
-41
-49
-45
-34
-15
7
27
33
30
17
0
-20
-41
-57
-67
-67
-54
-37
-13
4
15
24
24
22
11
-3
-17
-23
-12
9
40
66
88
102
110
110
104
86
60
31
-1
-26
-37
-36
-25
-6
9
28
43
55
60
57
51
35
18
2
-13
-23
-26
-31
-35
-40
-42
-38
-35
-34
-34
-35
-31
-20
-10
-2
0
-2
-7
-13
-20
-35
-55
-76
-92
-97
-98
-90
-80
-70
-57
-46
-38
-29
-26
-24
-26
-31
-38
-41
-42
-42
-41
-33
-12
5
23
39
46
50
48
43
38
36
34
34
39
48
52
56
57
49
40
24
10
-8
-23
-34
-39
-35
-28
-12
1
9
11
5
-4
-21
-38
-61
-79
-89
-87
-75
-56
-35
-14
8
24
34
37
27
12
-5
-17
-17
-9
8
26
43
62
78
88
90
87
76
58
36
14
2
2
13
28
40
52
61
67
67
64
53
35
20
9
11
22
31
41
48
57
60
60
46
26
2
-24
-40
-51
-52
-49
-39
-28
-14
0
8
5
-7
-25
-47
-63
-72
-70
-65
-59
-47
-33
-21
-7
-1
-4
-13
-27
-36
-40
-40
-35
-24
-3
17
37
52
60
61
54
43
26
9
-6
-20
-24
-23
-12
4
17
23
24
20
11
-4
-19
-39
-56
-70
-75
-69
-61
-49
-40
-30
-24
-23
-27
-44
-58
-74
-84
-87
-84
-76
-69
-59
-45
-34
-20
-10
-2
0
-1
2
5
8
9
14
15
15
23
27
35
36
34
36
34
42
48
50
48
47
47
45
42
37
32
31
32
36
36
42
46
45
49
51
48
44
43
42
41
34
25
18
7
-1
-6
-9
-8
-5
0
2
8
12
18
20
17
12
6
1
0
0
1
1
7
14
21
30
29
24
20
12
11
12
14
16
20
30
41
53
62
64
61
52
35
20
7
-7
-19
-27
-28
-25
-17
-8
-1
2
-2
-9
-23
-38
-54
-71
-77
-82
-79
-75
-67
-59
-54
-51
-56
-69
-83
-97
-106
-112
-112
-107
-100
-87
-76
-66
-58
-55
-54
-54
-55
-54
-53
-46
-37
-26
-18
-10
-2
0
3
1
0
0
3
12
22
35
46
54
64
73
76
75
70
60
50
43
39
37
37
40
45
52
60
67
71
70
63
53
47
42
38
35
30
26
23
21
24
28
31
29
24
17
10
10
12
12
13
13
16
20
22
28
28
28
27
27
26
24
22
19
17
15
16
17
21
23
25
22
17
11
3
-3
-8
-12
-16
-16
-15
-10
-4
4
8
8
6
-1
-9
-20
-32
-40
-46
-50
-50
-51
-47
-43
-40
-38
-40
-46
-54
-64
-70
-76
-81
-82
-80
-76
-72
-66
-61
-54
-49
-45
-42
-40
-39
-39
-40
-40
-40
-37
-34
-28
-21
-13
-6
1
8
14
18
23
27
30
31
31
32
34
38
40
44
46
49
55
59
62
60
55
51
45
40
33
30
30
32
34
34
33
28
23
18
12
11
6
3
1
1
4
8
10
9
6
1
-5
-11
-18
-24
-26
-24
-17
-8
0
6
10
13
15
16
16
14
11
10
9
14
19
24
29
30
31
28
24
19
15
11
11
15
20
26
31
32
32
31
28
22
14
4
-7
-14
-20
-22
-20
-16
-13
-12
-10
-11
-14
-20
-29
-37
-46
-52
-55
-56
-55
-56
-54
-53
-48
-47
-46
-48
-50
-51
-53
-53
-54
-52
-48
-42
-36
-31
-24
-20
-16
-13
-9
-6
-4
-2
-1
0
2
5
9
14
16
21
26
30
32
35
35
34
32
31
29
29
28
27
23
20
18
17
16
13
11
8
7
7
9
12
16
19
19
20
19
18
16
12
7
3
1
1
1
4
6
8
11
15
22
27
30
30
28
27
26
24
24
23
23
21
20
21
19
16
11
7
4
3
6
9
11
14
15
16
15
13
8
1
-5
-13
-18
-23
-25
-25
-24
-25
-23
-22
-20
-20
-21
-23
-26
-30
-32
-34
-33
-31
-29
-28
-28
-29
-29
-30
-33
-34
-33
-32
-28
-24
-19
-15
-11
-7
-5
-4
-3
-3
-7
-8
-10
-10
-10
-9
-5
-4
0
4
7
10
12
12
9
8
5
2
2
4
5
5
7
8
9
8
7
4
2
-1
1
3
6
7
10
12
13
13
15
13
9
5
-1
-5
-7
-6
-3
1
5
10
14
17
19
18
18
15
11
8
6
4
3
3
4
6
7
8
10
10
12
11
9
7
8
11
15
19
22
24
22
18
13
5
0
-5
-9
-10
-10
-9
-6
-1
4
8
12
13
12
13
9
7
4
2
0
-2
-2
-4
-5
-6
-8
-9
-12
-13
-14
-11
-9
-5
0
5
10
15
17
16
14
6
-1
-8
-16
-23
-27
-29
-29
-24
-17
-10
-3
2
4
5
4
1
-1
-5
-6
-9
-11
-13
-15
-18
-19
-19
-19
-20
-21
-20
-18
-16
-12
-9
-3
2
6
8
9
6
-1
-8
-15
-22
-28
-29
-29
-26
-21
-14
-6
4
12
17
22
23
20
15
8
2
-3
-7
-8
-8
-10
-7
-5
-4
-2
-1
1
4
6
10
14
17
21
22
22
18
14
8
1
-5
-11
-15
-16
-14
-10
-3
5
13
20
26
28
26
24
21
16
12
9
6
4
3
3
3
5
6
6
7
5
6
7
8
11
13
17
21
24
27
26
23
16
10
1
-4
-9
-13
-14
-12
-9
-3
3
9
14
17
19
18
16
12
8
1
-2
-6
-7
-8
-10
-9
-9
-9
-10
-11
-11
-12
-10
-8
-5
-4
-2
-1
0
-2
-5
-8
-14
-17
-21
-26
-28
-30
-30
-25
-20
-14
-8
-5
-2
1
2
1
-1
-1
-4
-7
-10
-13
-14
-17
-15
-17
-16
-15
-13
-12
-10
-8
-5
-1
3
6
7
7
7
4
1
-4
-7
-12
-13
-14
-15
-13
-9
-6
-2
3
8
13
16
16
16
13
9
8
4
2
-1
-2
-3
-5
-4
-4
-2
2
6
9
12
15
18
21
21
22
22
21
19
15
11
7
3
-2
-5
-4
-1
2
7
12
16
20
24
25
24
22
20
17
13
9
5
2
0
1
1
2
3
2
2
2
3
3
4
4
6
6
6
6
5
3
1
-3
-6
-8
-11
-14
-15
-14
-13
-9
-6
-2
0
2
3
1
1
-2
-6
-10
-12
-15
-15
-15
-15
-13
-14
-12
-12
-11
-10
-10
-10
-9
-9
-9
-7
-7
-5
-5
-6
-7
-8
-8
-11
-11
-13
-12
-11
-10
-7
-5
-3
-1
2
2
1
1
-1
-2
-5
-6
-7
-9
-7
-6
-6
-4
-2
-1
-1
1
1
3
5
7
8
7
7
7
6
6
6
5
6
4
4
3
3
3
4
5
8
11
13
14
14
15
14
14
9
9
6
2
1
0
0
2
3
5
7
8
9
10
9
9
6
6
5
4
3
3
3
3
3
2
2
2
1
0
0
0
-1
-1
0
1
2
4
4
3
2
0
-1
-4
-6
-7
-7
-6
-5
-4
-3
-2
-1
1
0
0
-1
-3
-4
-5
-5
-6
-5
-6
-5
-4
-6
-6
-7
-6
-7
-7
-6
-6
-4
-3
-1
1
1
1
0
-1
-4
-5
-6
-5
-5
-5
-5
-3
-2
0
1
1
2
1
0
-1
-2
-2
-3
-3
-4
-1
-2
-1
0
0
-1
-1
-1
0
0
-1
-1
1
1
2
3
4
5
4
5
4
3
2
1
1
1
1
1
0
2
2
4
3
4
3
4
4
4
4
3
2
0
1
2
2
3
2
2
2
2
1
1
1
0
1
0
-1
1
1
1
2
2
1
2
0
0
-3
-4
-3
-3
-3
-3
-1
1
1
0
0
-1
-1
0
-2
-2
-3
-3
-3
-3
-2
-1
0
0
-1
-1
0
-1
-1
-1
-2
-1
0
0
1
1
1
1
0
1
0
-2
-2
-1
-2
-1
-2
0
1
1
2
2
1
1
0
0
-2
-2
-1
-1
0
1
1
2
1
0
0
0
0
0
-1
-2
-1
-1
0
0
1
1
2
2
1
1
0
-2
-2
-2
-1
-1
-1
0
2
2
1
1
2
1
1
0
-1
-1
-1
0
1
0
1
3
1
2
2
1
1
1
0
-1
0
-1
-1
0
-1
0
1
0
0
0
0
-1
-1
-1
-1
0
0
1
1
0
0
0
-1
-1
-1
-1
-2
-1
0
0
0
1
0
0
1
1
1
0
1
1
0
0
0
0
1
0
1
1
1
1
1
0
0
0
