1
0
0
-1
0
0
0
-1
-1
0
0
0
0
-1
-1
1
0
0
1
0
0
1
0
0
0
-1
1
0
0
0
0
0
0
-1
0
0
0
0
0
0
0
0
0
0
0
0
0
0
0
0
0
0
0
0
-1
0
-1
0
0
0
0
0
0
0
0
0
-1
1
0
0
0
0
0
0
0
-1
0
-1
0
0
0
0
-1
0
-1
0
1
0
0
0
0
0
0
1
0
0
0
0
0
0
-1
0
0
0
0
0
0
0
0
1
0
1
1
0
0
0
0
0
0
0
0
0
0
1
0
1
0
-1
0
0
0
0
0
1
0
0
0
0
0
1
1
0
0
0
0
-1
0
0
0
0
0
0
0
0
0
0
0
0
0
0
0
0
-1
0
0
0
0
0
0
0
0
0
-1
0
1
0
0
0
0
0
0
0
-1
1
0
0
0
1
0
1
0
0
0
0
0
0
0
-1
0
1
0
0
0
1
0
0
0
0
-1
1
1
0
0
1
1
0
0
0
0
0
0
0
0
0
0
0
0
1
0
0
0
0
0
0
-1
-1
1
0
0
1
0
0
-1
0
-1
1
0
1
0
0
0
0
1
-1
0
0
0
0
0
0
0
0
0
0
0
0
0
0
-1
0
0
0
0
1
0
0
0
0
0
0
0
0
-1
0
0
0
-1
0
0
1
0
-1
0
0
0
0
0
0
0
0
0
-1
0
0
-1
0
0
0
0
-1
0
0
0
0
0
0
1
0
0
0
0
0
1
0
0
0
0
0
0
0
-1
1
-1
0
-1
0
0
0
0
-1
0
0
0
0
0
0
0
0
0
1
0
0
0
0
0
0
0
0
0
0
0
0
0
0
-1
0
0
0
1
0
0
0
0
-1
0
-1
0
1
0
0
1
0
0
0
0
0
0
0
0
0
0
1
-1
0
-1
0
0
-1
0
0
0
0
-1
0
0
0
0
0
1
0
0
0
0
0
0
0
-1
1
0
0
0
0
0
-1
0
0
0
0
0
0
-1
0
-1
0
0
0
0
1
0
0
1
0
0
0
0
0
0
0
0
0
1
0
0
0
0
1
0
0
0
1
0
0
0
0
0
0
0
-1
-1
0
0
0
0
0
-1
0
0
-1
0
0
0
-1
0
0
1
-1
0
0
0
0
0
1
-1
0
0
0
0
0
0
0
1
1
0
0
0
0
0
0
1
0
1
0
0
0
1
0
0
0
-1
1
1
0
-1
0
0
0
0
0
0
0
0
0
0
0
1
0
1
0
0
0
0
0
0
1
1
0
1
-1
0
0
0
0
-1
0
0
0
0
0
0
0
0
0
-1
0
0
0
0
0
0
0
0
0
0
0
0
0
0
0
0
-1
0
0
0
0
0
0
-1
0
0
0
0
0
0
0
-1
0
0
1
0
0
0
0
0
0
0
0
0
0
0
0
0
0
0
0
0
0
0
1
-1
0
0
0
0
0
0
0
1
0
0
0
0
0
-1
0
0
0
0
0
0
0
0
0
0
-1
-1
-1
-1
0
-1
0
0
0
0
0
0
-1
-1
0
-1
0
0
0
-1
0
0
0
0
0
0
0
1
0
0
0
0
0
0
0
0
0
0
1
1
0
0
0
0
0
0
0
0
0
0
0
1
0
0
0
0
0
1
1
0
0
0
0
0
-1
0
0
0
0
0
1
1
0
0
1
0
0
0
1
0
0
0
0
1
1
0
0
0
-1
0
0
0
0
0
0
0
0
1
1
0
0
0
0
0
0
0
0
0
0
0
0
1
0
0
1
0
0
0
1
0
1
0
-1
0
0
0
0
0
0
0
0
0
-1
0
0
0
0
-1
-1
0
0
0
0
0
0
0
0
0
0
-1
0
1
0
0
0
0
0
0
0
-1
0
1
0
0
0
0
-1
0
-1
-1
0
0
0
0
1
0
0
0
0
0
1
0
0
1
1
0
1
-1
0
0
0
0
0
0
0
0
0
0
0
0
1
0
0
0
0
0
0
0
0
0
0
0
0
0
0
0
-1
1
0
1
0
0
1
0
0
0
0
0
1
-1
0
0
0
0
1
1
0
0
0
0
0
0
-1
1
0
0
1
-1
-1
0
0
0
0
0
0
0
0
0
0
0
0
0
0
0
1
0
0
0
0
1
0
-1
0
1
0
0
-1
0
0
0
0
0
-1
0
0
0
0
-1
0
0
0
0
0
0
0
0
0
0
0
0
0
0
-1
0
0
0
0
0
-1
0
0
0
1
0
-1
0
0
0
0
0
0
0
0
1
0
0
0
0
0
0
0
0
0
0
-1
0
0
0
0
0
0
0
0
0
0
0
0
0
0
0
0
0
0
0
0
0
1
0
0
0
1
1
0
0
0
-1
1
1
0
0
0
1
0
0
0
1
0
0
0
1
0
0
0
0
0
-1
0
0
0
0
1
0
0
0
1
0
-1
-1
-1
0
0
0
0
0
0
0
0
0
0
0
0
0
0
1
0
1
0
0
0
0
0
0
1
-1
0
1
-1
0
0
0
0
0
0
0
-1
0
0
0
-1
0
-1
0
0
0
0
0
-1
0
0
0
0
0
0
-1
0
0
0
0
0
-1
0
0
-1
-1
0
0
0
0
0
1
0
0
0
0
0
-1
0
0
0
0
0
0
0
0
0
1
0
1
0
0
1
-1
1
0
0
0
-1
-1
0
0
0
-1
0
-1
0
1
0
0
0
0
0
0
1
0
0
0
0
0
0
1
0
1
0
0
0
0
0
0
1
0
0
0
1
1
0
0
0
0
0
0
0
0
-1
1
0
0
0
0
0
0
0
1
0
0
-1
0
0
0
-1
-1
-1
0
1
0
-1
0
0
0
0
0
0
-1
-1
0
0
-1
1
0
1
0
0
0
0
0
0
1
0
0
0
0
0
0
-1
0
0
1
-1
-1
0
0
0
0
0
0
0
0
1
0
0
0
0
0
0
-1
0
0
-1
0
0
-1
0
0
0
0
0
0
0
0
1
0
0
-1
1
0
0
-1
-1
0
0
0
1
-1
0
0
0
-1
1
0
0
0
1
-1
0
0
0
0
0
0
1
0
0
0
0
-1
0
0
0
0
0
0
0
1
0
0
1
-1
0
0
-1
2
0
0
0
0
0
0
0
0
0
0
0
0
0
0
-1
0
0
0
0
0
0
0
-1
0
0
0
-1
0
0
-1
-1
0
0
0
0
0
0
1
-1
0
-1
0
0
1
0
0
0
0
0
1
0
0
0
1
-1
1
0
0
1
0
0
0
0
0
1
1
0
0
0
0
0
-1
0
-1
1
0
1
0
0
1
0
0
1
0
0
0
0
-1
-1
1
0
0
0
-1
0
0
1
0
0
0
0
0
0
-1
0
0
0
-1
0
0
1
1
-1
0
0
0
0
0
0
0
0
0
-1
1
0
0
1
0
0
0
0
0
-1
0
0
0
0
-1
1
0
0
0
0
0
0
0
0
-1
0
-1
1
0
0
1
0
0
0
0
0
0
1
0
-1
0
0
0
1
0
1
0
-1
0
0
-1
0
0
1
1
0
0
0
-1
-1
0
0
0
-1
0
0
1
0
1
0
-1
0
0
0
1
0
0
0
0
0
0
0
0
0
0
0
0
1
0
0
0
0
0
0
0
0
0
1
-1
0
-1
0
0
0
0
0
-1
0
0
0
1
0
0
0
0
0
-1
0
0
0
-1
1
1
-1
0
0
0
0
0
0
0
-1
0
0
0
0
0
-1
-1
0
0
0
0
0
0
0
-1
0
0
0
0
-1
0
-1
0
0
0
0
0
-1
0
0
0
0
1
0
1
0
0
0
0
0
0
1
0
0
0
0
0
1
0
0
0
1
0
0
0
0
0
0
0
0
0
1
1
1
0
0
-1
0
0
0
-1
-1
0
0
0
0
0
0
0
0
0
0
1
0
0
0
0
0
0
0
0
0
0
1
1
1
0
-1
0
0
0
0
0
0
1
-1
-1
0
0
0
0
0
1
0
-1
0
0
0
0
0
0
0
0
-1
0
0
0
0
1
0
0
0
0
0
-1
1
1
0
0
0
0
1
0
0
0
0
0
0
0
0
0
0
0
0
1
0
0
0
0
0
0
1
0
0
0
0
0
0
0
0
0
0
0
0
-1
0
0
0
0
-1
0
0
0
0
0
0
-1
0
0
-1
0
0
0
-1
1
0
0
0
0
-1
0
0
-1
0
0
0
0
0
-1
0
-1
0
0
0
0
0
0
0
0
0
1
0
0
0
0
0
0
0
0
0
0
0
1
0
0
0
0
0
0
0
0
0
-1
0
0
1
0
0
0
0
0
0
0
1
0
0
0
0
0
0
-1
0
1
0
0
1
0
0
0
0
0
-1
0
0
0
0
0
0
0
0
1
0
-1
0
1
0
0
-1
0
0
0
0
0
0
0
0
0
1
0
0
1
0
0
0
0
0
0
0
0
0
0
0
0
0
0
0
1
0
-1
0
0
0
1
0
-1
0
0
0
-1
0
0
0
0
0
0
0
0
-1
0
-1
-1
0
0
0
0
0
0
0
0
0
0
0
0
-1
0
0
0
1
0
0
-1
0
0
0
0
1
0
0
0
0
0
0
0
0
0
0
0
0
1
1
0
-1
0
0
0
0
0
0
0
0
1
0
0
0
0
0
0
0
1
0
1
0
0
0
1
0
0
0
0
0
0
0
-1
-1
0
0
-1
0
-1
-1
-1
-1
-1
-1
-1
0
0
-1
-1
0
-1
-1
-1
0
0
-1
0
0
0
0
0
1
1
1
1
1
1
1
0
1
1
1
2
1
2
2
1
2
1
0
1
1
1
1
0
0
0
0
0
-1
0
-1
-1
0
-1
-1
-1
-2
-2
-2
-2
-2
-3
-2
-2
-2
-2
-1
-1
-1
-2
-1
-1
-1
-1
-1
-1
-1
0
-1
0
0
1
1
1
1
1
2
2
1
1
2
1
2
1
3
5
5
6
7
7
8
8
7
6
4
3
2
0
-1
-3
-3
-5
-7
-7
-8
-8
-8
-8
-8
-9
-8
-9
-8
-9
-8
-7
-6
-7
-6
-5
-3
-2
-1
0
0
2
2
4
5
7
7
7
8
10
11
11
12
12
11
11
10
8
8
7
7
5
5
4
4
3
3
3
2
1
-2
-3
-6
-7
-8
-11
-12
-14
-15
-14
-16
-14
-12
-12
-11
-10
-10
-11
-11
-11
-12
-12
-12
-13
-14
-12
-10
-9
-6
-2
1
3
4
5
8
9
9
10
9
7
5
3
2
2
4
4
5
6
9
11
13
15
15
13
11
8
8
6
2
-1
3
2
3
6
10
15
21
28
30
32
30
31
31
30
28
25
24
22
22
23
25
26
27
27
27
28
28
27
26
22
18
13
8
7
5
2
0
-4
-8
-11
-13
-15
-14
-10
-5
-2
2
3
4
3
2
1
0
-3
-10
-18
-24
-24
-22
-17
-12
-5
-1
4
6
3
-7
-25
-47
-71
-92
-112
-130
-147
-158
-163
-163
-167
-173
-186
-203
-225
-255
-288
-328
-369
-411
-443
-458
-453
-432
-402
-367
-330
-289
-246
-204
-168
-142
-122
-104
-83
-56
-16
38
110
202
307
418
526
634
734
823
890
929
948
951
951
952
951
952
954
958
966
971
977
977
963
918
844
749
638
521
396
260
119
-16
-136
-235
-315
-383
-447
-513
-576
-635
-689
-745
-806
-874
-947
-1022
-1089
-1136
-1157
-1158
-1140
-1109
-1062
-994
-907
-810
-714
-627
-554
-495
-447
-405
-363
-326
-304
-295
-281
-240
-165
-67
26
97
140
167
193
219
238
234
198
136
69
6
-44
-76
-91
-94
-98
-112
-130
-143
-141
-141
-147
-161
-177
-185
-181
-160
-126
-82
-30
23
75
132
195
268
343
418
495
576
671
780
894
1002
1096
1181
1253
1315
1356
1371
1362
1338
1309
1278
1247
1218
1188
1160
1119
1065
995
911
809
684
536
368
187
6
-165
-314
-442
-551
-642
-724
-798
-865
-926
-983
-1048
-1118
-1193
-1266
-1323
-1354
-1358
-1345
-1323
-1284
-1228
-1149
-1050
-944
-836
-738
-654
-577
-500
-417
-325
-228
-131
-43
37
111
189
270
348
411
448
461
456
440
421
401
375
334
269
191
118
62
18
-21
-67
-128
-198
-275
-353
-436
-534
-655
-798
-951
-1091
-1211
-1287
-1313
-1287
-1218
-1131
-1030
-919
-795
-668
-553
-462
-397
-348
-313
-276
-218
-123
18
212
451
728
1024
1321
1605
1866
2095
2272
2390
2443
2439
2393
2325
2258
2209
2184
2182
2186
2186
2180
2157
2112
2035
1922
1771
1561
1288
970
642
336
60
-190
-433
-670
-893
-1085
-1237
-1353
-1448
-1551
-1673
-1815
-1966
-2115
-2250
-2361
-2436
-2476
-2482
-2454
-2392
-2282
-2133
-1949
-1746
-1543
-1339
-1135
-934
-733
-542
-357
-192
-35
120
274
427
569
705
823
925
1010
1072
1124
1161
1178
1171
1130
1061
973
875
785
694
600
503
397
285
167
52
-54
-148
-225
-288
-347
-412
-491
-576
-656
-722
-762
-780
-780
-767
-750
-733
-714
-682
-631
-574
-533
-537
-590
-677
-752
-769
-712
-598
-474
-366
-271
-165
-35
125
280
397
453
438
367
276
220
226
293
396
512
634
779
969
1195
1424
1604
1701
1712
1653
1559
1452
1356
1282
1226
1185
1158
1157
1191
1244
1292
1309
1281
1219
1134
1027
902
756
596
420
238
61
-91
-207
-296
-375
-468
-574
-674
-755
-813
-869
-942
-1040
-1157
-1280
-1391
-1486
-1555
-1603
-1629
-1637
-1628
-1590
-1517
-1407
-1277
-1139
-1006
-876
-747
-629
-523
-440
-375
-313
-247
-169
-72
26
115
179
211
219
213
206
199
181
151
117
87
78
91
128
170
206
221
210
173
117
58
1
-50
-101
-159
-212
-251
-274
-279
-261
-228
-184
-155
-149
-165
-186
-195
-183
-140
-87
-32
18
59
109
167
224
269
283
242
144
9
-108
-157
-127
-41
59
144
212
291
389
500
593
628
591
476
313
149
22
-37
-27
20
81
161
288
480
714
947
1123
1216
1232
1199
1146
1088
1037
982
918
846
786
769
813
908
1011
1079
1095
1074
1033
984
927
849
733
579
406
237
94
-13
-92
-174
-275
-402
-539
-673
-810
-959
-1130
-1328
-1536
-1721
-1860
-1937
-1955
-1930
-1889
-1854
-1823
-1784
-1720
-1634
-1556
-1505
-1475
-1453
-1407
-1322
-1186
-1005
-792
-561
-336
-124
65
233
375
479
544
568
569
565
567
585
617
658
712
765
812
849
866
860
825
760
680
600
533
483
449
422
400
372
337
299
259
208
143
60
-34
-131
-220
-290
-339
-362
-361
-337
-304
-266
-220
-163
-100
-31
34
86
129
162
191
212
211
188
131
46
-48
-124
-160
-152
-118
-74
-27
24
83
148
206
235
220
159
55
-80
-216
-332
-401
-417
-385
-312
-202
-52
131
319
488
620
702
745
752
737
709
680
653
632
625
644
694
771
863
947
1008
1041
1041
1012
955
873
769
652
518
377
238
110
3
-88
-174
-260
-349
-439
-531
-633
-743
-852
-953
-1039
-1107
-1159
-1193
-1211
-1215
-1206
-1194
-1173
-1147
-1117
-1092
-1076
-1062
-1033
-981
-910
-820
-715
-590
-448
-299
-156
-32
61
129
168
181
176
166
169
183
209
241
282
335
399
461
509
536
541
527
497
450
394
340
293
261
240
227
217
203
181
148
109
77
60
51
44
26
6
-4
8
37
78
112
132
129
108
76
46
35
44
73
106
140
169
201
241
284
321
328
293
211
100
-22
-135
-231
-317
-400
-479
-541
-576
-581
-567
-548
-534
-539
-564
-607
-655
-699
-730
-744
-739
-714
-658
-565
-434
-264
-79
108
279
424
551
658
744
816
877
932
991
1065
1153
1257
1368
1474
1563
1621
1643
1624
1565
1472
1342
1188
1030
880
753
650
571
514
476
450
428
398
346
266
146
-17
-208
-416
-623
-819
-1005
-1175
-1322
-1434
-1495
-1514
-1502
-1480
-1455
-1426
-1401
-1371
-1347
-1321
-1294
-1264
-1224
-1170
-1101
-1013
-912
-808
-704
-603
-507
-416
-330
-245
-155
-60
36
130
218
304
388
467
529
560
552
514
460
404
356
321
303
309
342
401
477
562
638
690
712
698
651
576
478
369
259
164
96
59
46
53
63
70
61
35
-7
-59
-114
-167
-207
-227
-219
-184
-134
-75
-20
22
41
22
-43
-146
-274
-411
-532
-629
-690
-715
-705
-659
-579
-473
-358
-255
-178
-134
-124
-141
-180
-236
-299
-353
-382
-374
-333
-262
-160
-27
136
317
496
656
790
905
1003
1092
1164
1209
1220
1211
1194
1185
1191
1202
1204
1185
1144
1095
1043
991
933
865
800
746
710
689
675
667
659
645
615
553
457
328
182
27
-123
-266
-404
-529
-639
-725
-777
-805
-825
-853
-894
-942
-987
-1029
-1069
-1112
-1157
-1196
-1222
-1232
-1230
-1223
-1213
-1202
-1189
-1173
-1152
-1127
-1103
-1072
-1033
-984
-924
-860
-797
-742
-693
-651
-611
-570
-531
-494
-452
-403
-343
-270
-186
-88
24
146
273
393
502
594
663
713
750
777
797
801
782
746
707
680
672
677
682
685
686
692
702
711
711
696
669
640
615
592
575
564
557
555
555
551
533
493
432
354
269
176
70
-51
-180
-296
-377
-418
-427
-424
-416
-403
-385
-367
-359
-374
-414
-476
-551
-629
-707
-776
-824
-839
-806
-729
-615
-486
-359
-235
-109
20
149
263
349
404
442
480
536
606
684
763
836
910
978
1041
1099
1144
1170
1180
1175
1160
1145
1133
1124
1125
1129
1130
1123
1106
1070
1013
932
823
687
527
347
158
-35
-223
-401
-561
-700
-823
-939
-1057
-1173
-1290
-1398
-1493
-1576
-1652
-1725
-1805
-1887
-1961
-2015
-2042
-2048
-2041
-2025
-2004
-1965
-1902
-1812
-1699
-1567
-1424
-1277
-1130
-982
-828
-668
-504
-343
-188
-44
95
226
349
465
579
695
813
932
1045
1150
1247
1340
1428
1501
1550
1575
1577
1564
1537
1498
1451
1395
1331
1258
1179
1099
1021
944
866
781
691
591
490
389
298
221
161
117
85
63
52
48
48
47
28
-10
-59
-112
-168
-233
-309
-392
-473
-539
-584
-608
-624
-637
-650
-657
-653
-637
-617
-601
-596
-600
-610
-624
-643
-673
-710
-748
-774
-776
-755
-715
-655
-571
-458
-316
-162
-9
130
250
351
436
508
565
610
649
693
747
812
879
947
1011
1072
1132
1180
1218
1238
1245
1243
1237
1224
1203
1170
1125
1066
1000
922
830
714
569
403
223
41
-134
-305
-469
-630
-779
-913
-1029
-1130
-1223
-1308
-1392
-1473
-1549
-1617
-1681
-1737
-1783
-1814
-1825
-1820
-1796
-1755
-1694
-1611
-1507
-1384
-1248
-1108
-966
-826
-682
-537
-397
-270
-154
-47
62
181
309
440
571
698
822
948
1068
1170
1246
1297
1330
1349
1364
1369
1364
1342
1302
1257
1212
1170
1120
1048
955
852
750
654
567
486
404
326
256
202
162
120
72
14
-51
-116
-182
-245
-302
-351
-395
-425
-435
-426
-404
-376
-353
-340
-339
-349
-369
-398
-440
-486
-537
-583
-609
-613
-598
-564
-528
-491
-460
-431
-406
-391
-394
-414
-447
-481
-504
-512
-503
-476
-434
-371
-281
-167
-36
98
220
331
430
518
599
669
722
763
798
835
885
939
993
1042
1088
1130
1170
1203
1222
1225
1211
1184
1148
1110
1071
1026
971
906
830
744
647
542
425
296
149
-13
-179
-346
-510
-669
-817
-950
-1068
-1172
-1264
-1343
-1410
-1466
-1517
-1569
-1622
-1675
-1721
-1755
-1774
-1775
-1765
-1740
-1706
-1658
-1597
-1524
-1439
-1344
-1240
-1127
-1003
-864
-720
-570
-409
-242
-66
112
276
429
567
699
828
948
1053
1138
1204
1259
1313
1368
1420
1465
1496
1517
1528
1533
1530
1512
1478
1420
1351
1274
1192
1108
1016
914
808
706
613
531
449
365
275
181
96
21
-43
-102
-156
-213
-272
-329
-378
-415
-444
-479
-523
-577
-635
-687
-732
-771
-809
-850
-891
-923
-940
-938
-926
-911
-894
-875
-852
-824
-796
-777
-765
-765
-765
-750
-721
-676
-620
-556
-487
-405
-313
-201
-72
58
184
298
397
490
583
671
756
833
897
953
1010
1071
1134
1191
1235
1267
1291
1307
1323
1328
1322
1299
1261
1214
1165
1110
1046
966
869
762
655
547
442
332
214
87
-45
-175
-302
-423
-545
-666
-787
-912
-1035
-1148
-1245
-1325
-1392
-1456
-1516
-1572
-1618
-1651
-1662
-1657
-1643
-1623
-1599
-1564
-1517
-1458
-1388
-1308
-1221
-1131
-1040
-940
-824
-692
-553
-404
-251
-97
58
209
358
499
625
744
853
953
1042
1119
1183
1240
1290
1332
1376
1415
1443
1459
1456
1442
1423
1393
1355
1303
1238
1167
1092
1017
943
867
780
695
607
519
433
342
252
167
87
17
-44
-101
-152
-203
-257
-310
-369
-434
-502
-571
-637
-699
-759
-813
-866
-912
-948
-971
-982
-989
-995
-1003
-1007
-1007
-1008
-1010
-1015
-1021
-1023
-1020
-1008
-983
-946
-901
-847
-778
-693
-590
-476
-358
-241
-132
-26
79
187
297
403
500
591
677
756
834
915
996
1073
1137
1189
1233
1271
1302
1322
1329
1328
1327
1322
1316
1306
1284
1252
1204
1141
1075
1004
927
840
733
612
482
357
243
139
35
-75
-194
-318
-440
-560
-677
-791
-905
-1013
-1114
-1198
-1266
-1328
-1382
-1433
-1479
-1513
-1532
-1538
-1535
-1531
-1528
-1517
-1491
-1443
-1377
-1298
-1207
-1107
-1001
-882
-751
-609
-461
-318
-183
-55
70
195
323
446
563
670
769
864
958
1054
1145
1223
1282
1322
1351
1372
1391
1402
1396
1364
1310
1244
1179
1120
1065
1004
930
838
743
653
573
496
416
331
239
150
67
-9
-90
-179
-282
-388
-485
-571
-645
-720
-802
-888
-968
-1031
-1067
-1079
-1076
-1073
-1075
-1085
-1095
-1101
-1098
-1092
-1086
-1085
-1092
-1094
-1089
-1070
-1036
-988
-925
-847
-752
-642
-520
-390
-256
-122
13
152
290
422
542
646
739
824
910
994
1077
1155
1223
1284
1339
1392
1446
1498
1542
1577
1599
1605
1600
1582
1557
1522
1477
1419
1349
1272
1184
1089
986
876
760
642
523
403
279
148
12
-126
-262
-391
-519
-652
-788
-931
-1070
-1199
-1311
-1402
-1479
-1543
-1596
-1637
-1663
-1676
-1679
-1682
-1684
-1687
-1684
-1670
-1645
-1610
-1568
-1521
-1462
-1383
-1275
-1144
-995
-842
-690
-538
-382
-222
-61
94
238
366
483
592
697
795
881
952
1015
1075
1136
1193
1243
1275
1291
1296
1301
1308
1313
1307
1281
1237
1182
1122
1062
999
929
846
751
649
548
450
359
271
183
95
9
-71
-139
-199
-260
-325
-397
-473
-547
-617
-677
-741
-806
-873
-931
-973
-1000
-1012
-1020
-1028
-1037
-1045
-1043
-1032
-1019
-1008
-1001
-992
-971
-935
-883
-819
-747
-669
-578
-474
-351
-217
-84
41
153
255
356
461
571
681
783
870
948
1024
1105
1188
1267
1330
1377
1407
1429
1445
1458
1470
1473
1467
1453
1434
1413
1385
1345
1292
1223
1148
1065
976
879
768
643
506
363
225
96
-30
-158
-294
-439
-583
-724
-853
-968
-1075
-1179
-1284
-1385
-1473
-1541
-1593
-1634
-1669
-1703
-1731
-1747
-1755
-1748
-1735
-1717
-1689
-1649
-1593
-1522
-1436
-1342
-1239
-1128
-1009
-877
-736
-586
-431
-280
-134
9
152
296
437
571
697
811
916
1011
1098
1174
1234
1276
1299
1315
1324
1331
1332
1326
1316
1298
1277
1253
1231
1203
1165
1111
1043
961
868
767
668
567
467
364
262
163
70
-18
-101
-182
-265
-347
-435
-521
-609
-694
-775
-847
-908
-953
-984
-1001
-1011
-1018
-1026
-1033
-1041
-1049
-1057
-1064
-1069
-1072
-1068
-1049
-1014
-959
-885
-795
-691
-577
-458
-340
-223
-107
5
117
227
335
439
542
642
745
844
937
1022
1098
1164
1223
1273
1311
1340
1356
1365
1377
1393
1411
1429
1440
1440
1430
1407
1373
1330
1275
1205
1116
1015
905
792
679
565
449
329
204
74
-61
-200
-342
-488
-633
-775
-911
-1038
-1154
-1263
-1361
-1442
-1507
-1557
-1598
-1637
-1678
-1720
-1766
-1804
-1831
-1843
-1843
-1830
-1806
-1769
-1713
-1639
-1544
-1427
-1294
-1154
-1012
-873
-736
-601
-461
-318
-161
3
167
328
476
613
738
855
963
1063
1148
1217
1264
1291
1309
1322
1333
1350
1369
1388
1405
1411
1409
1394
1364
1322
1268
1200
1122
1028
921
808
694
587
487
397
310
228
146
59
-33
-126
-222
-315
-410
-503
-591
-677
-751
-810
-857
-893
-921
-946
-964
-983
-1004
-1026
-1050
-1079
-1111
-1141
-1160
-1158
-1131
-1083
-1014
-927
-825
-707
-577
-439
-302
-175
-65
34
127
214
302
385
467
546
631
724
823
921
1010
1088
1156
1214
1267
1310
1337
1347
1344
1336
1326
1322
1321
1320
1314
1296
1266
1219
1161
1093
1015
926
827
716
596
468
339
212
93
-18
-130
-242
-359
-482
-607
-727
-844
-949
-1048
-1142
-1228
-1311
-1383
-1451
-1510
-1561
-1604
-1642
-1678
-1712
-1750
-1790
-1825
-1840
-1831
-1797
-1747
-1682
-1601
-1501
-1381
-1246
-1097
-942
-788
-634
-479
-326
-169
-16
130
270
410
547
675
791
892
978
1050
1112
1171
1230
1285
1336
1378
1419
1461
1504
1540
1565
1567
1546
1503
1446
1379
1301
1213
1110
1004
901
810
731
657
587
513
440
362
281
191
94
-12
-125
-238
-345
-443
-526
-603
-670
-728
-779
-821
-858
-890
-930
-979
-1037
-1098
-1156
-1205
-1248
-1277
-1297
-1301
-1283
-1245
-1180
-1092
-985
-863
-735
-607
-482
-370
-263
-160
-57
43
137
227
312
398
491
597
714
831
942
1037
1117
1184
1243
1288
1327
1355
1377
1390
1399
1406
1412
1419
1420
1413
1393
1357
1300
1219
1117
1000
874
741
602
460
320
187
65
-45
-147
-246
-353
-468
-585
-703
-820
-941
-1063
-1182
-1292
-1384
-1453
-1504
-1541
-1577
-1613
-1641
-1662
-1678
-1697
-1722
-1754
-1780
-1791
-1776
-1731
-1658
-1565
-1457
-1332
-1192
-1039
-879
-718
-565
-415
-273
-137
-7
120
249
380
514
649
779
896
996
1077
1149
1216
1286
1347
1396
1431
1457
1479
1506
1540
1572
1590
1578
1536
1474
1405
1332
1254
1167
1069
966
867
776
695
620
543
458
366
270
168
64
-47
-166
-286
-403
-508
-603
-683
-753
-811
-862
-910
-953
-988
-1019
-1045
-1071
-1101
-1131
-1163
-1196
-1225
-1243
-1244
-1231
-1204
-1166
-1117
-1051
-964
-859
-733
-599
-464
-334
-213
-94
27
151
270
375
466
546
625
708
798
893
986
1069
1140
1199
1251
1297
1334
1365
1387
1395
1392
1374
1349
1325
1301
1274
1242
1196
1133
1055
966
871
772
670
562
445
319
189
62
-55
-171
-289
-411
-539
-668
-794
-914
-1025
-1124
-1219
-1304
-1374
-1431
-1473
-1506
-1537
-1567
-1599
-1631
-1660
-1682
-1693
-1694
-1685
-1666
-1637
-1591
-1526
-1440
-1334
-1214
-1090
-966
-841
-710
-570
-415
-250
-87
67
208
341
477
610
739
858
960
1040
1107
1170
1236
1307
1377
1437
1485
1523
1553
1578
1595
1601
1588
1557
1507
1443
1372
1298
1222
1144
1062
976
888
799
703
604
503
398
290
186
76
-33
-142
-250
-351
-446
-535
-620
-703
-789
-871
-945
-1007
-1058
-1100
-1134
-1164
-1187
-1201
-1205
-1201
-1193
-1187
-1185
-1186
-1182
-1167
-1138
-1097
-1041
-969
-881
-774
-645
-498
-345
-199
-63
60
182
302
416
523
613
689
758
828
902
981
1059
1133
1196
1247
1289
1322
1348
1362
1366
1359
1344
1326
1300
1267
1225
1175
1118
1055
988
918
839
744
636
519
396
278
160
42
-81
-209
-337
-459
-574
-682
-788
-892
-999
-1103
-1197
-1282
-1357
-1427
-1497
-1560
-1610
-1644
-1666
-1677
-1682
-1684
-1678
-1658
-1624
-1578
-1528
-1480
-1428
-1367
-1289
-1187
-1065
-931
-791
-643
-488
-319
-137
50
228
396
545
680
806
924
1035
1134
1222
1292
1358
1424
1489
1552
1605
1643
1662
1665
1659
1644
1623
1586
1534
1469
1392
1311
1227
1145
1062
973
874
768
657
543
428
311
191
73
-44
-155
-262
-363
-459
-555
-645
-729
-807
-878
-946
-1013
-1076
-1131
-1176
-1214
-1240
-1260
-1269
-1267
-1257
-1234
-1207
-1177
-1149
-1120
-1087
-1047
-999
-951
-905
-857
-802
-732
-644
-539
-426
-307
-188
-69
54
183
315
445
564
667
755
832
902
971
1038
1103
1159
1207
1251
1290
1330
1369
1401
1419
1423
1411
1388
1358
1323
1281
1229
1163
1093
1023
959
900
839
767
677
576
461
340
213
81
-57
-200
-350
-503
-654
-799
-933
-1051
-1153
-1242
-1325
-1410
-1493
-1574
-1642
-1691
-1723
-1742
-1757
-1768
-1773
-1770
-1752
-1720
-1673
-1609
-1538
-1466
-1389
-1303
-1198
-1083
-955
-814
-663
-501
-338
-173
-10
150
310
460
600
729
854
971
1085
1196
1303
1401
1489
1563
1627
1682
1726
1755
1765
1751
1717
1666
1607
1547
1486
1422
1350
1273
1191
1109
1025
936
837
730
610
483
357
229
102
-22
-151
-276
-395
-505
-598
-679
-757
-841
-925
-1006
-1077
-1132
-1169
-1191
-1205
-1217
-1225
-1226
-1211
-1179
-1142
-1104
-1073
-1040
-1011
-984
-952
-910
-864
-818
-767
-709
-639
-561
-483
-402
-317
-236
-161
-90
-29
25
84
157
242
330
411
486
568
665
766
875
974
1061
1126
1159
1161
1154
1155
1152
1135
1106
1073
1045
1027
1016
1010
1012
1013
1003
984
945
896
835
764
673
572
458
347
241
155
81
3
-92
-201
-304
-408
-522
-641
-752
-858
-958
-1063
-1172
-1261
-1319
-1348
-1353
-1353
-1347
-1339
-1340
-1346
-1355
-1348
-1324
-1283
-1252
-1224
-1209
-1177
-1116
-1031
-926
-817
-710
-604
-496
-383
-259
-128
6
137
266
387
506
620
750
875
991
1087
1169
1242
1308
1351
1368
1387
1402
1424
1420
1397
1364
1349
1328
1311
1280
1230
1160
1067
973
873
750
619
511
416
317
188
66
-50
-131
-215
-312
-423
-533
-636
-727
-811
-908
-973
-1018
-1036
-1046
-1049
-1047
-1013
-976
-936
-908
-879
-853
-817
-782
-767
-758
-761
-720
-675
-624
-602
-588
-561
-509
-462
-407
-345
-283
-208
-145
-108
-69
-12
77
177
235
278
297
336
365
397
411
449
504
577
621
590
546
597
703
789
870
908
981
1008
1003
953
945
945
947
984
976
941
861
773
755
811
815
675
439
305
345
279
-106
-362
-379
-147
-106
-215
-161
99
406
404
448
363
384
336
144
-121
-527
-855
-1261
-1700
-2201
-2616
-2801
-2888
-2824
-2748
-2687
-2523
-2255
-1769
-1441
-1189
-976
-599
-264
-127
-105
-124
35
234
591
779
932
1064
1358
1624
1665
1567
1534
1594
1512
1321
1044
883
782
792
718
653
585
696
896
994
953
870
917
1040
1138
1140
1091
1048
1186
1231
1183
888
617
406
192
-107
-506
-871
-1267
-1495
-1691
-1809
-1884
-1806
-1600
-1300
-1147
-985
-708
-537
-441
-523
-842
-1209
-1719
-2467
-3378
-4491
-5232
-5454
-5276
-4954
-4436
-3579
-2300
-634
989
2382
3350
4008
4672
4990
4739
4108
3311
2800
2402
2201
2199
2343
2659
3099
3593
3780
3601
3183
2619
1766
617
-567
-1474
-2142
-2533
-2632
-2439
-1917
-1098
16
1047
1679
2061
2349
2591
2562
2171
1763
1408
1126
894
531
-16
-582
-1059
-1484
-2079
-2894
-3834
-4387
-4722
-4821
-4435
-4054
-3129
-1908
-525
884
1778
2388
2794
2953
2683
2091
1254
361
-300
-789
-1007
-1072
-1049
-628
-179
111
178
39
-73
-309
-738
-1177
-1524
-1579
-1241
-821
-316
147
701
1335
1719
1710
1394
1032
600
141
-214
-605
-849
-868
-746
-296
50
425
790
914
800
345
-136
-547
-1099
-1802
-2721
-3656
-4266
-4914
-5608
-6654
-7551
-7531
-6787
-5547
-4300
-3008
-1246
991
3597
5975
7548
8458
8911
9323
9002
7869
6203
4516
3360
2230
1421
817
513
623
863
1089
996
553
212
-219
-930
-1914
-2862
-3067
-2791
-2116
-1355
-467
869
2386
3945
5034
5306
5185
4803
4284
3439
2202
1060
33
-673
-1234
-1819
-2244
-2582
-2731
-2788
-3126
-3544
-3910
-4038
-3988
-4000
-3847
-3380
-2488
-1521
-724
-285
-123
237
690
768
814
646
533
985
1221
1606
1767
1744
2073
2163
1879
1092
80
-947
-1832
-2656
-3413
-3700
-3743
-3299
-2342
-1427
-507
409
1300
1998
2106
2012
1811
1526
1431
1144
909
854
782
860
793
437
-70
-666
-1297
-2104
-3058
-3904
-4284
-4174
-3889
-3200
-2288
-1180
287
1575
2537
3051
3191
3210
3112
2473
1222
-182
-1589
-2827
-4211
-5543
-6905
-8113
-8286
-7788
-6692
-5482
-4145
-1973
436
2792
5100
6893
8187
9114
9449
9297
8502
7040
5785
4840
3704
2717
1968
1636
1534
1209
1035
696
84
-488
-1077
-1688
-2381
-2919
-2729
-1959
-1075
32
1364
2802
4163
5170
5858
6038
5488
4637
3620
2329
942
-234
-1113
-1931
-2672
-3205
-3450
-3562
-3915
-4345
-4834
-5431
-5829
-5971
-5807
-5378
-4669
-3336
-1554
206
1878
3283
4349
4926
4864
4214
2898
909
-1514
-3739
-5283
-6266
-6478
-5796
-4802
-3293
-1542
452
2398
3446
4059
4204
3929
3100
1967
759
-288
-868
-1152
-707
-202
132
794
1442
1712
1496
969
393
-328
-983
-1337
-1539
-1384
-913
-167
678
1197
1352
1331
1006
241
-748
-1687
-2319
-2646
-2605
-2092
-1275
-294
990
2227
2982
3446
3518
3275
2657
1590
438
-662
-1356
-1851
-2411
-3027
-3906
-4847
-5814
-7232
-8931
-10094
-10306
-9485
-7960
-5925
-3151
302
4082
8109
11385
13204
14072
13816
12688
10357
6857
3397
568
-1624
-3117
-3750
-3574
-2699
-1539
-167
698
706
441
56
-487
-1314
-1999
-1849
-823
719
2706
4897
6971
8733
9888
10093
9090
6965
4357
1729
-1105
-3794
-5812
-6923
-7120
-6718
-5900
-4916
-3984
-3153
-2615
-2526
-2923
-3493
-3792
-3755
-3415
-2598
-1173
769
2828
4671
6133
6954
7066
6354
4842
2610
-141
-2854
-5374
-7776
-9882
-11002
-10629
-9445
-7544
-5144
-2860
-267
2064
4132
5656
6022
6058
5929
5409
4240
2683
1111
-82
-1016
-1907
-2373
-2857
-3256
-2984
-2425
-1976
-1553
-939
-50
702
1371
2028
2563
3039
3122
2913
2600
1914
1147
439
-398
-1193
-1808
-1694
-1134
-629
-87
600
1458
2191
2774
2952
2757
2364
1884
1411
852
164
-468
-732
-923
-1202
-1618
-2075
-2646
-3809
-5383
-7368
-9074
-9442
-8892
-7742
-6140
-4235
-1504
1615
4632
7320
8833
9366
9217
8418
6838
4429
1755
-299
-1497
-2408
-2616
-2085
-1195
-193
579
1056
1024
433
-292
-1094
-2046
-2727
-2709
-1600
80
1910
3972
6036
7871
9023
9194
8442
6684
4395
2168
-122
-2266
-3911
-4643
-4436
-3868
-3109
-2291
-1588
-1133
-1157
-1490
-2144
-2943
-3353
-3240
-2618
-1655
-240
1757
3750
5395
6489
6894
6629
5434
3565
1218
-1332
-3760
-5749
-7163
-8165
-8642
-8732
-8602
-8282
-7533
-6452
-4972
-3079
-1346
637
2624
4594
6747
8033
8659
8486
7596
6016
3691
910
-2034
-4397
-6389
-7203
-7194
-6562
-4938
-2826
-522
1216
2406
3030
3058
2831
2223
1409
801
292
352
815
1358
1953
2453
2801
2795
2373
1602
751
-327
-1289
-1705
-1536
-861
285
1634
2782
3580
3952
3836
3218
2040
512
-965
-2399
-3752
-4842
-5579
-6241
-7087
-8090
-8649
-8418
-7784
-6820
-5627
-4511
-2795
-839
1572
4342
6220
7720
8520
9077
8843
7431
5649
3852
2288
716
-256
-681
-850
-912
-704
-451
-526
-976
-1502
-2041
-2739
-3260
-3067
-1954
-627
971
2927
4952
6821
8074
8590
8279
6884
5071
3079
831
-1285
-2955
-3672
-3783
-3658
-3137
-2368
-1568
-993
-948
-1182
-1697
-2248
-2377
-2311
-2000
-1329
-31
1801
3497
4743
5457
5631
5188
3979
2125
-170
-2480
-4419
-5773
-6622
-6937
-6568
-5770
-4711
-3959
-3720
-3546
-3161
-2727
-2236
-1491
-525
1099
3045
4997
6693
7574
7955
7664
6559
4357
1360
-1755
-4586
-6727
-8385
-8946
-8520
-7400
-5489
-3375
-1402
92
1343
2348
2614
2569
2509
2702
3332
3803
4283
4784
5001
5017
4454
3128
1111
-1391
-3589
-5250
-6448
-6920
-6499
-5171
-3324
-985
1433
3474
5004
5727
5699
5153
4405
3704
2935
1940
906
86
-381
-1286
-3007
-5686
-8740
-10739
-11553
-11422
-10758
-9624
-7250
-3607
490
5043
8890
11421
12874
13169
12443
10100
6932
3797
1247
-935
-2530
-2823
-2237
-1406
-858
-477
-575
-1240
-2157
-3147
-4322
-5421
-5680
-4320
-1909
621
3537
6413
8900
10505
10870
10254
8300
5365
2265
-732
-3257
-5047
-5558
-4898
-3961
-2836
-1509
-319
301
-34
-897
-1942
-3110
-3711
-3526
-2713
-1338
767
3515
6050
7695
8397
8221
6919
4499
1373
-1996
-5068
-7393
-8620
-8794
-8296
-7005
-4993
-2784
-1037
-206
-214
-1008
-2309
-3389
-4078
-4282
-3742
-2441
-334
1991
4261
6255
7263
7084
5831
3835
1346
-1511
-4274
-6400
-7580
-7808
-6870
-5067
-3065
-1029
733
2173
2933
2994
2697
2061
1372
927
968
1524
2123
2727
3333
3517
3341
2616
1522
61
-1682
-3025
-3615
-3393
-2579
-1414
127
1831
3516
5135
6127
6470
5914
4884
3863
2608
1388
165
-996
-2076
-3148
-4234
-5593
-7559
-9791
-11576
-12316
-11802
-10244
-7736
-4536
-880
3064
7002
10581
12890
13728
13277
11584
8976
5667
2329
-786
-3233
-4980
-5773
-5481
-4832
-3957
-3243
-2755
-2562
-2647
-2557
-2306
-2131
-1563
-276
1841
4322
6673
8796
10092
10532
10199
9083
7124
4468
1582
-916
-2847
-4242
-4806
-4535
-3817
-2975
-2118
-1508
-1213
-1276
-1558
-1961
-2473
-2691
-2265
-1277
27
1441
2875
4114
4847
4902
4192
2861
980
-1175
-3202
-4962
-6197
-6717
-6486
-5751
-4782
-3579
-2316
-1265
-780
-960
-1634
-2424
-2856
-2912
-2799
-2413
-1616
-384
1210
2630
3651
4056
3863
3310
2444
1292
-140
-1440
-2367
-2866
-3025
-2815
-2156
-1362
-669
-4
391
500
512
568
631
613
915
1562
2428
3341
3977
4354
4458
4120
3521
2687
1479
107
-1126
-2010
-2567
-2689
-2137
-1288
-414
447
1326
2172
2616
2862
2804
2408
1938
1565
1241
734
89
-642
-1262
-1991
-3362
-5268
-7374
-9244
-9890
-9327
-8104
-6374
-4104
-1256
1838
4725
7231
8965
9464
9102
8107
6333
3914
1444
-712
-2256
-3322
-3769
-3261
-2387
-1643
-1145
-781
-658
-781
-920
-1004
-1189
-1119
-297
1269
2992
4486
5864
7015
7739
7856
7294
6031
4254
2254
550
-897
-2151
-2933
-3056
-2689
-2375
-2100
-1883
-1950
-2244
-2681
-3066
-3354
-3474
-3054
-2262
-1188
111
1588
3028
3963
4242
3879
3025
1719
125
-1565
-3214
-4609
-5436
-5633
-5413
-4965
-4228
-3312
-2391
-1677
-1303
-1276
-1642
-1912
-1855
-1578
-1148
-415
468
1363
2294
2935
3495
3521
2872
2220
1324
342
-610
-1489
-2101
-2561
-2747
-2446
-1756
-1290
-774
-145
335
763
1127
1460
1685
1906
2301
2963
3646
4068
4232
4290
3939
3277
2493
1433
172
-1151
-2213
-2789
-3012
-2920
-2302
-1612
-1026
-179
869
1956
2874
3331
3591
3738
3677
3596
3314
2620
1334
-200
-1861
-3981
-6643
-9840
-12567
-13965
-13757
-12046
-9480
-6225
-2555
1392
5224
8690
11215
12086
11762
10422
8316
5525
2470
-271
-2328
-3742
-4396
-4029
-3294
-2594
-2179
-1949
-2007
-2338
-2557
-2502
-2279
-1731
-391
1800
4288
6637
8791
10401
11220
10965
9822
7878
5197
2335
-277
-2300
-3809
-4602
-4382
-3746
-3147
-2567
-2107
-1901
-2172
-2698
-3247
-3702
-3851
-3453
-2343
-870
833
2724
4492
5632
5747
5053
3727
1720
-721
-3199
-5330
-6930
-7746
-7622
-6854
-5658
-4151
-2541
-1146
-218
190
180
-183
-1020
-2097
-2782
-2711
-2274
-1481
-368
522
1412
2145
2682
2843
2211
1384
664
1
-760
-1455
-1721
-1544
-1020
-425
236
713
740
885
1130
1079
853
790
1061
1382
1941
2737
3528
4181
4431
4449
4190
3398
2204
767
-771
-2127
-3012
-3108
-2735
-2282
-1487
-352
770
1810
2821
3619
4090
4185
4216
4091
3569
2936
2147
1157
-205
-1857
-3493
-5424
-7959
-10799
-12887
-13661
-13040
-11057
-8209
-4839
-1411
2389
6093
8898
10725
11025
10436
9007
6795
4313
1626
-767
-2545
-3595
-3993
-3797
-3309
-2758
-2473
-2494
-2530
-2443
-2296
-2020
-1343
-174
1570
3829
6274
8221
9551
10245
10193
9347
7570
5199
2706
251
-1921
-3441
-4310
-4497
-4142
-3497
-2754
-2293
-2124
-2040
-2253
-2711
-3147
-3285
-2927
-2283
-1207
190
1677
3161
4156
4528
4113
2949
1451
-289
-2197
-4013
-5352
-6069
-6167
-5763
-5061
-4049
-2907
-1869
-1010
-604
-579
-720
-1133
-1672
-1946
-1692
-1184
-297
734
1478
2245
2675
2913
2896
2159
1288
656
89
-435
-821
-1148
-1004
-559
-99
651
1004
1031
1203
1269
1133
835
686
643
744
1133
1640
2385
2958
3243
3413
3263
2846
2140
1208
-94
-1441
-2396
-2635
-2202
-1732
-1024
-64
875
1997
3080
3844
4188
4018
3757
3276
2485
1457
199
-999
-2308
-3700
-5003
-6504
-8417
-10284
-11609
-11897
-10874
-8848
-6006
-2959
-55
3167
6094
8428
9879
10121
9499
8023
6017
3641
1231
-1188
-3030
-4120
-4709
-4732
-4514
-3909
-3387
-3051
-2638
-2120
-1482
-682
326
1694
3283
5092
7040
8519
9410
9501
8976
8032
6500
4484
2324
164
-1692
-2934
-3653
-3873
-3773
-3460
-3039
-2730
-2558
-2486
-2494
-2483
-2335
-1947
-1239
-325
719
1900
2966
3751
4104
3852
3022
1668
104
-1417
-2958
-4267
-5182
-5565
-5365
-4902
-4176
-3384
-2607
-1851
-1300
-1069
-1343
-1912
-2055
-1547
-1023
-425
252
785
1455
1872
2197
2223
1621
949
368
-203
-1013
-1524
-1644
-1265
-819
-430
416
962
1394
1753
1922
1670
1131
930
832
687
622
797
1254
1680
2023
2450
2684
2440
1954
1611
1097
486
-95
-400
-535
-607
-153
464
915
1151
1563
2118
2430
2489
2292
1939
1502
1166
899
479
-306
-1455
-2475
-4038
-6298
-8591
-10555
-11405
-10956
-9320
-6998
-4287
-1428
1653
4503
6636
8092
8559
8275
7235
5572
3548
1428
-443
-1756
-2678
-3283
-3502
-3397
-3256
-3400
-3531
-3549
-3488
-3199
-2379
-1231
295
2222
4352
6437
7957
8935
9355
8983
7859
6227
4458
2768
1097
-260
-1163
-1721
-1873
-1694
-1520
-1686
-2129
-2677
-3337
-4029
-4427
-4251
-3454
-2090
-437
1355
3135
4575
5626
5988
5428
4097
2307
441
-1465
-3311
-4678
-5472
-5705
-5404
-4756
-3984
-3282
-2689
-2321
-2206
-2404
-2862
-3151
-2793
-2001
-1004
503
1956
3182
4246
4605
4504
3611
2079
667
-770
-2211
-3384
-4062
-4317
-3948
-3427
-2456
-1055
-188
794
1742
2271
2561
2815
3101
3283
3453
3629
3806
3726
3198
2551
1822
832
-294
-1313
-2036
-2483
-2420
-2073
-1675
-1321
-817
189
1177
1916
2607
3158
3516
3771
3792
3496
2943
2230
1368
399
-997
-3004
-5343
-8229
-11226
-12960
-12782
-11252
-8912
-6065
-2834
813
4110
6859
8840
9376
9100
8459
7291
5432
3150
1224
62
-877
-1789
-2088
-2250
-2844
-3663
-4550
-5434
-6073
-6119
-5483
-4455
-3021
-865
2077
4988
7099
8658
9625
9720
8960
7684
6135
4395
2707
1451
580
-263
-790
-865
-1031
-1548
-2303
-3110
-3887
-4813
-5556
-5692
-5142
-3968
-2195
-56
1899
3573
5108
6253
6637
6282
5437
4289
2840
1270
-207
-1631
-3022
-4174
-5099
-5877
-6440
-6805
-6781
-6579
-6261
-5643
-4905
-3848
-2221
-228
1692
3462
4870
5876
6468
6274
5617
4323
2673
1212
-203
-1727
-3305
-4602
-5438
-5685
-5723
-5308
-4536
-3848
-2890
-1569
-163
1220
2754
4210
5381
6167
6649
6860
6560
5611
4305
2820
1112
-609
-2056
-3134
-3868
-4228
-4166
-3643
-2843
-1660
-158
1314
2514
3585
4332
4588
4541
4119
3485
2725
1847
698
-630
-2437
-4897
-7693
-10266
-11533
-11059
-9646
-7819
-5490
-2860
176
3053
5567
7301
8044
8348
8251
7506
5672
3704
1982
492
-736
-1559
-1621
-1826
-2296
-2866
-3281
-3591
-4028
-4027
-3961
-3938
-3320
-1916
11
1742
3275
4805
5988
6544
6575
6392
5739
4789
3863
2960
2039
997
367
2
-564
-1236
-1958
-2632
-3423
-4126
-4457
-4607
-4433
-3703
-2367
-717
783
2122
3310
4239
4839
5153
5047
4370
3499
2600
1717
658
-642
-1811
-2980
-4035
-4893
-5624
-6144
-6508
-6642
-6642
-6341
-5389
-3951
-2301
-498
1307
3211
4996
6207
6696
6462
5658
4656
3473
1751
-12
-1739
-3137
-4032
-4827
-5055
-4915
-4709
-4265
-3674
-3153
-2462
-1508
-542
478
1455
2557
3865
5050
6048
6647
6673
6113
5045
3776
2233
498
-1344
-3192
-4533
-5032
-4566
-3416
-2014
-374
1590
3335
4423
4809
4200
3066
1822
287
-1171
-2753
-4563
-6515
-8399
-9230
-8394
-6450
-4528
-2860
-1535
114
1839
3174
4243
4504
4838
5208
5383
5016
4209
3503
2553
1423
166
-363
-743
-1325
-1974
-2671
-2736
-2612
-2167
-1773
-1862
-1832
-1467
-747
-108
409
1206
1969
2554
3070
3757
4366
4565
4340
3779
3164
2363
1752
1057
81
-773
-1410
-1721
-2051
-2482
-2704
-2845
-3034
-2958
-2576
-1843
-958
-57
970
2028
3137
4225
4910
4871
4371
3572
2602
1344
-184
-1634
-3012
-4087
-4786
-5008
-4745
-4230
-3515
-2876
-2425
-2187
-2211
-2411
-2512
-2339
-1954
-1175
-349
694
2111
3131
4080
4333
4013
3744
3030
2149
723
-759
-2054
-2842
-3373
-3764
-3661
-3853
-3472
-3054
-2560
-1815
-1306
-549
-92
540
1445
2562
3724
4380
4942
5265
5404
5259
4544
3366
1664
-25
-1643
-2722
-3233
-3294
-2648
-1925
-755
582
1734
2517
2569
2158
1559
859
50
-991
-2839
-5177
-7670
-9100
-8560
-6851
-4686
-3012
-1531
263
2110
3492
4234
4424
4282
4408
4181
3696
2995
2050
1374
437
-181
-84
179
125
-433
-846
-814
-471
-244
-337
-703
-1109
-1049
-713
-266
34
364
822
1046
1577
2290
2975
3301
3046
2824
2629
2315
1871
1378
802
348
-4
-510
-1005
-1645
-2131
-2454
-2948
-3097
-2881
-2401
-1751
-1108
-143
1083
2445
3641
4443
4861
4880
4557
3592
2160
471
-1124
-2487
-3798
-4697
-5123
-4948
-4473
-3956
-3302
-2654
-2066
-1739
-1785
-1866
-1745
-1271
-457
143
827
1527
2184
2731
2735
2645
2333
1860
1116
335
-453
-1238
-1632
-2152
-2276
-2492
-2734
-2660
-2744
-2313
-1642
-805
-114
339
905
1545
2262
2600
2771
2724
2585
2565
2390
2129
1588
905
234
-339
-494
-330
-86
7
48
425
1001
1382
1475
1239
1047
962
726
261
-623
-1898
-3911
-6415
-8639
-9320
-8214
-6418
-4481
-2775
-705
1642
3478
4621
5056
5246
5470
5370
4846
4115
3413
2595
1528
553
77
87
-395
-1215
-1975
-2277
-2050
-1962
-1832
-1758
-1427
-786
-130
476
1012
1654
2112
2278
2453
2862
3350
3419
3166
2866
2616
2339
1655
914
159
-448
-948
-1676
-2333
-2836
-2988
-3067
-3121
-2826
-2115
-1210
-472
226
1045
2085
3034
3565
3742
3724
3786
3574
2743
1509
104
-1215
-2548
-3805
-4636
-4952
-4875
-4553
-4074
-3476
-2612
-1667
-1050
-866
-856
-665
-391
-150
131
526
1087
1539
1788
1888
1702
1384
858
52
-662
-1230
-1545
-1688
-1725
-1482
-1078
-912
-990
-949
-836
-421
-18
232
580
1004
1669
2211
2389
2271
2040
1757
1375
915
376
-148
-628
-915
-958
-751
-204
410
941
1455
2104
2937
3346
3094
2493
1851
1298
603
-412
-1665
-3164
-5198
-7737
-9866
-10555
-9429
-7397
-5355
-3212
-767
1810
3599
4588
5130
5806
6476
6490
6152
5529
4955
3997
2579
1235
369
-289
-1383
-2536
-3386
-3490
-3273
-3278
-3173
-2787
-1940
-997
-244
658
1819
2968
3520
3654
3863
4289
4484
4023
3371
2835
2462
1808
833
-56
-529
-696
-1117
-1830
-2518
-2861
-3134
-3532
-3726
-3345
-2392
-1328
-357
638
1852
3057
3835
4121
4091
4038
3729
2969
1917
780
-324
-1588
-2906
-3902
-4377
-4447
-4353
-4155
-3707
-3011
-2190
-1491
-837
-243
-5
-284
-867
-1135
-1057
-703
-456
-176
469
1095
1633
1540
1153
784
316
-30
-501
-651
-759
-787
-1010
-1287
-1341
-1561
-1341
-1171
-571
97
700
1352
1699
2185
2234
2033
1493
1081
962
867
831
604
430
155
-39
-58
31
279
419
745
1312
2050
2802
3046
2937
2539
1929
972
-266
-1684
-3276
-5472
-8089
-9890
-10240
-8918
-7029
-5139
-3070
-712
1582
3197
4258
5087
6009
6414
6343
6182
5810
5186
3704
2075
863
90
-536
-1595
-2384
-2874
-2830
-2850
-3032
-2945
-2718
-2281
-2080
-1409
-286
1162
2370
2994
3651
4211
4735
4742
4198
3622
3107
2658
1983
1203
601
133
-378
-1122
-1722
-2146
-2543
-3079
-3626
-3638
-3160
-2333
-1495
-678
377
1431
2420
3118
3573
3877
3804
3504
2956
2344
1553
429
-895
-2213
-3141
-3752
-4009
-3962
-3699
-3250
-2850
-2330
-1763
-1156
-686
-664
-981
-1596
-1902
-1719
-1251
-945
-924
-780
-269
410
935
1230
1335
1404
1274
1168
962
804
408
-153
-750
-1313
-1649
-2119
-2204
-2107
-1476
-764
-139
561
1113
1728
1931
2068
2117
2255
2360
2213
2041
1789
1602
1269
848
558
345
233
71
73
337
735
1248
1518
1666
1508
994
294
-595
-1477
-2599
-4244
-6217
-7752
-8077
-7305
-6086
-4709
-3240
-1406
70
1383
2536
3644
4860
5243
5638
5522
5457
4680
3295
2085
885
477
-496
-962
-1451
-1412
-1278
-1632
-1638
-2025
-1825
-2128
-2029
-1562
-762
330
838
1632
2211
2928
3148
3111
3156
3084
3189
2807
2629
2416
2179
1879
1139
657
46
-489
-1345
-2245
-2838
-3084
-2853
-2692
-2179
-1693
-906
-126
626
1546
2176
2680
2667
2554
2369
2085
1501
616
-297
-1128
-1675
-2103
-2213
-2264
-2213
-2107
-2028
-1817
-1662
-1570
-1823
-2370
-2872
-2977
-2736
-2364
-1848
-1511
-943
-561
-154
432
743
1362
1479
1720
1781
1757
1594
914
454
-327
-570
-1179
-1370
-1444
-1459
-1109
-1263
-863
-880
-470
-230
122
767
1278
2038
2293
2630
2451
2231
1750
1243
923
433
294
107
303
523
718
1024
1275
1508
1423
1198
772
375
-151
-741
-1396
-2282
-3355
-4898
-6020
-6268
-5495
-4474
-3615
-2672
-1575
-374
357
1185
1974
2946
3563
3861
4269
4479
4377
3470
2626
1961
1559
899
165
-170
-291
-273
-641
-879
-1067
-1135
-1314
-1478
-1235
-770
-232
56
450
917
1331
1491
1489
1684
1901
2050
2044
2125
2334
2414
2325
2137
2001
1700
1189
409
-393
-1035
-1556
-1857
-2131
-2176
-2098
-1857
-1426
-848
-238
129
360
455
699
923
970
771
246
-276
-804
-1122
-1192
-1109
-994
-1010
-1061
-1110
-1249
-1528
-1834
-2027
-2171
-2269
-2289
-2218
-1920
-1867
-1604
-1458
-1097
-573
-195
549
795
1166
898
771
567
425
483
263
539
331
576
243
159
41
-61
-1
-298
-138
-271
11
-39
268
397
600
764
803
1154
1093
1227
1004
1079
1065
991
815
658
775
854
994
888
960
988
891
601
170
-61
-333
-817
-1517
-2406
-3468
-4718
-5396
-4627
-2648
-862
-4
103
318
575
616
641
790
1402
1682
2052
2185
2307
1724
726
185
-27
554
711
1102
949
938
795
378
83
-478
-458
-614
-128
175
566
722
657
549
94
13
-207
-48
115
505
775
956
1187
1419
1813
2091
2332
2213
1964
1542
1089
652
248
-87
-408
-594
-784
-981
-1160
-1233
-1193
-1139
-935
-768
-562
-380
-287
-342
-677
-940
-1143
-1172
-1093
-914
-747
-626
-604
-666
-702
-768
-777
-922
-1067
-1164
-1304
-1429
-1575
-1559
-1400
-1205
-961
-731
-416
-199
-32
-35
42
161
283
431
404
502
442
533
584
657
636
479
351
188
188
45
-74
-264
-312
-310
-263
-96
162
503
762
977
1090
1158
1138
1134
1064
957
760
512
288
101
46
-34
-90
-203
-204
-48
123
248
74
-96
-248
-316
-407
-553
-730
-850
-596
-357
-87
-117
-196
-339
-538
-604
-803
-859
-965
-894
-805
-582
-282
-164
22
265
573
838
1013
1110
1149
1115
1048
886
787
712
629
557
535
512
387
319
228
108
-39
-87
-97
-59
21
59
220
505
856
1203
1506
1730
1830
1839
1802
1638
1375
1119
871
662
521
331
78
-182
-401
-622
-876
-1023
-1159
-1217
-1213
-1232
-1249
-1234
-1184
-1235
-1137
-946
-749
-604
-560
-506
-522
-502
-574
-721
-1004
-1190
-1252
-1223
-976
-982
-1047
-1083
-1039
-921
-689
-478
-333
-207
-106
131
109
56
-199
-389
-402
-280
-88
-45
65
-99
-147
-208
-252
-299
-323
-231
-99
256
513
758
918
1024
1055
1018
959
767
719
854
710
618
659
206
-37
6
-168
-102
-22
-146
124
382
366
674
705
691
1036
856
1110
1376
1035
1230
1353
1070
1168
1044
251
117
-301
-843
-725
-1018
-1288
-1187
-1262
-1338
-993
-1006
-810
-552
-672
-412
-226
-433
-304
-210
-443
-81
33
-162
-98
-259
-502
-224
-314
-500
-245
-391
-287
-139
13
198
156
200
407
715
923
1188
1398
1514
1644
1560
1489
1443
1308
1217
1159
1179
1047
937
880
701
472
249
8
-290
-427
-569
-767
-561
-691
-722
-362
-521
-375
-208
-443
-566
-460
-836
-766
-696
-1380
-1192
-1293
-1572
-1346
-1246
-1299
-1112
-998
-972
-432
-296
-233
-24
-341
-389
-342
-631
-673
-513
-563
-664
-461
-527
-540
-437
-648
-700
-422
-352
-441
80
135
194
772
503
1008
1522
971
1046
1402
984
546
1044
405
492
731
-7
579
343
354
272
48
305
127
66
-124
685
38
23
938
-29
511
829
524
712
1364
861
1003
1702
805
1155
811
541
186
-146
-375
-442
-676
-915
-408
-986
-501
-488
-990
-567
-514
-729
-367
-544
-533
-484
-438
-286
-505
136
-385
-795
-110
-351
-849
-174
-621
-879
-461
-703
-633
-191
-337
-463
104
7
415
321
896
840
738
959
611
905
373
727
589
391
1230
849
515
1197
396
274
402
-184
372
99
9
221
93
103
246
-207
2
272
-679
-111
-147
-847
-12
-689
-871
-507
-1200
-606
-1157
-749
-260
-1073
-86
-45
-449
332
174
-529
441
-233
-518
202
-671
-270
-597
-617
-333
-1031
-313
-577
-1268
-124
-478
-1051
-287
84
-554
173
529
261
1006
355
1070
910
942
785
968
859
151
854
-79
205
357
-31
-393
793
-372
-715
905
-615
-352
603
300
-203
1297
556
136
1334
298
627
1204
552
721
1151
207
504
512
-297
347
60
-1000
264
173
-1386
466
-108
-1033
293
-486
-916
-29
-189
-1560
251
-160
-1460
446
-570
-776
153
-645
-868
-34
-632
-1090
588
-674
-717
668
-1197
-260
-180
-615
-435
286
-218
-340
1348
-866
520
661
-531
538
818
-253
606
1089
-238
862
680
133
473
1277
-563
1039
874
-390
1133
2
477
649
384
-103
744
490
-199
577
-480
-27
-81
-1234
-13
-734
-244
-702
-666
163
-713
217
-334
275
-418
487
-231
-254
1211
-649
366
-390
-680
-359
-1119
-879
-687
-599
-1143
-181
-806
-1398
-4
-1412
-824
243
-690
-490
1284
-467
336
1554
-902
1657
323
130
1157
516
62
666
193
-963
1313
-1316
-325
1090
-988
625
916
-497
575
603
-290
558
809
594
588
997
302
512
-11
790
443
-100
1824
-488
708
793
-1080
246
373
-689
-148
1538
-962
966
780
-1148
1059
-403
-218
-487
97
-27
-831
81
-994
-732
-410
-919
-542
-86
-418
-37
-411
-928
-136
-1253
-861
38
-1233
62
452
-1312
496
-243
-1431
1066
-1055
-247
1580
-933
228
1248
-1602
295
960
-2183
1535
190
-1022
1560
156
-677
1164
478
-735
2009
-351
988
1282
-309
1206
192
430
231
308
141
684
-295
-382
-77
-391
-106
-778
138
-77
-219
-156
35
-151
416
-1
100
1025
-497
1206
-548
-296
1176
-1914
416
-11
-1622
405
-64
-1505
405
74
-1881
1078
-983
-1354
1071
-1306
219
407
-402
652
48
-14
-109
275
-154
94
182
-526
653
-392
-573
402
-526
17
-264
-123
222
-121
1200
-230
953
1130
-309
1110
-133
661
-209
763
241
-7
981
-835
947
-1098
572
-101
-456
1129
-403
574
-28
830
-753
758
557
-613
1252
-439
149
68
-297
-93
-492
179
-835
150
-275
-1062
490
-951
454
-465
60
193
-687
454
-1139
-22
-547
-240
-628
-2
-377
-398
530
-1277
594
404
-439
401
290
-552
786
-779
-445
832
-1242
507
-511
-410
-31
-231
-280
146
835
-601
1356
219
-61
1495
-54
427
687
299
8
65
-177
-1139
365
-1260
-534
482
-1662
1237
-940
182
656
-859
1176
277
719
296
1264
-405
807
150
-944
834
-1265
389
-857
-984
823
-1123
-888
896
-954
-191
1368
-1005
970
1239
-675
380
898
-455
-539
1278
-552
168
393
-221
145
-614
485
-1608
1214
-306
-672
1113
-795
650
-1421
532
-528
4
494
8
1313
82
879
-387
490
154
-106
269
445
287
139
132
-187
-95
-591
751
-946
640
709
-992
539
247
-535
-630
1583
-1556
334
996
-1826
808
-426
-266
-725
657
-672
-673
716
-1236
632
-454
-63
96
-406
404
-296
284
31
94
303
-731
136
-755
-565
37
-784
345
-122
158
51
-507
242
-15
-299
666
-205
408
179
-399
-247
-764
43
-1060
637
-424
-146
1218
-686
1005
103
270
1286
-71
559
-101
878
-1077
-299
309
-2226
1655
-2000
-39
667
-934
955
-713
1380
-92
1036
534
398
417
221
493
-1564
1119
-522
-1222
1115
-1346
104
638
-1288
1033
-329
50
603
-228
447
153
677
-530
747
-570
-81
855
-1461
1414
-641
327
717
-1181
1099
-606
319
-216
382
254
-284
1295
-1080
92
441
-1119
-385
651
-562
-234
1266
-1015
-37
756
-783
125
1485
-92
1038
2009
-1014
1206
-191
-758
41
-513
-95
264
-80
-1612
738
-1945
-527
250
-513
1114
456
251
-216
254
-1393
96
-288
-724
483
-644
-671
-252
-1545
-352
-438
-162
460
23
916
-573
1216
-652
177
511
-388
482
-467
-1
-639
-66
-1173
-309
-114
-557
357
301
31
1219
-428
326
929
-1165
1650
-733
283
1373
-1036
60
344
-569
-581
1382
-854
1122
1404
-1607
2290
-1111
-221
1087
-1549
1114
-318
-288
-166
819
-1316
512
343
-1548
1758
-1507
766
253
-212
837
-608
251
186
-137
-272
684
-237
244
771
-778
151
480
-1340
358
-752
-44
-85
-739
481
-703
401
-293
163
111
1140
-107
223
1200
-592
298
470
-476
-175
713
-1053
-86
630
-449
-245
1328
-796
433
864
-1203
1203
25
-275
715
280
-566
628
-648
-341
934
-893
349
1178
-903
270
541
-1124
1012
-178
-524
913
-60
-911
-70
435
-882
522
425
-1241
660
-985
-1131
-360
-42
-99
-697
874
-1092
-557
-447
-459
-453
360
344
-350
49
-288
-1096
-504
-23
-1085
1089
-378
655
-299
437
533
-1349
1421
-125
148
870
-37
-666
697
-997
-1348
957
-1515
686
1234
-1316
2160
270
-203
1313
24
-68
1451
746
-1254
2847
-1412
-185
1312
-2191
839
-331
222
-378
1069
-176
-319
2034
-2155
1746
209
-1017
1414
-1128
666
-481
242
-513
51
-32
-767
562
-1079
784
102
-156
1018
12
-332
716
-1014
-851
411
-866
-212
23
246
-798
64
-45
-1283
606
114
245
338
1067
123
-672
997
-1479
-90
-66
-1106
342
-299
282
-84
-145
1184
-1157
813
972
-654
1589
21
776
-812
1266
-1410
-199
488
-2301
2132
-1985
777
154
-376
1083
-556
847
267
489
-203
802
647
-538
582
-444
-430
-363
-1297
-309
-1206
551
-1086
-407
1380
-1055
106
368
-185
637
1011
302
596
921
-580
-1254
-271
-1368
-704
-1289
333
-700
-562
469
-1482
864
-173
640
316
1511
311
-120
777
-1183
-486
-891
-377
-1160
400
244
-789
1522
92
209
1400
163
641
943
162
-87
1016
-238
48
-635
-224
243
-1194
632
53
889
359
549
-92
312
-51
-956
981
-148
814
48
115
574
-1377
211
-294
-855
1046
-74
-133
826
-204
-1220
739
-809
23
902
-82
767
-83
148
-363
159
-1262
679
-1561
-154
520
-2207
898
-404
-379
-340
714
-926
965
662
-1148
1980
-104
-684
744
-756
-128
446
-829
796
570
-573
443
636
-901
1053
-190
-495
1078
-789
6
-199
-585
95
617
220
476
934
246
49
-96
-424
-35
4
-226
-543
360
-1124
-516
-273
-1241
857
165
211
933
906
-710
846
-1100
-635
1
-1046
244
-581
277
-1361
491
-1220
-423
490
-192
894
145
717
-750
580
-678
-984
878
-843
88
505
-473
414
-146
602
-527
1062
291
-689
1177
-1218
79
-208
44
-116
579
440
-318
1299
-498
124
957
-404
1152
-130
231
742
-873
695
-521
655
-369
751
217
45
1057
-1093
648
-966
256
-1111
-426
707
-1374
818
27
-58
965
202
166
109
244
-664
-236
149
-465
552
-905
433
-927
-600
777
-942
1499
146
489
35
-513
-62
-1495
639
-1131
-116
695
-642
546
-1004
1258
-759
503
1784
-1209
2258
-474
-515
206
-796
143
-1255
907
-755
-223
863
-1725
910
-353
21
664
-204
712
-56
586
-798
877
-42
-1027
1869
-1343
52
956
-1912
919
-562
-1028
491
-117
-405
-263
40
-696
447
-230
462
227
769
-163
-337
397
-979
243
-616
69
-105
470
-725
15
1
-900
1152
-1775
803
414
-1266
1318
-1012
48
180
-365
221
294
1089
-93
1365
-269
490
281
-850
1044
-1677
567
219
-972
1071
-863
94
573
-374
487
970
821
-540
1056
-584
-333
1029
-1433
1113
390
-279
-309
-201
109
-601
761
-43
305
314
-341
-715
-124
567
-641
583
49
209
227
-247
158
-236
546
-889
655
-610
-224
436
-1389
877
-79
-35
404
918
-679
241
900
-1972
936
-143
-1014
958
-737
-551
-54
-647
-636
608
-191
863
929
-321
1167
-826
-547
123
-855
-706
1141
-835
271
893
-1402
428
-352
310
-346
1187
-122
46
752
-1177
355
-511
-96
-124
271
141
84
431
-215
623
-64
-330
666
-1227
-71
-380
-922
371
-439
44
-219
-84
-398
11
-284
744
239
412
823
-214
529
-656
-378
-147
-405
-383
258
-682
448
266
-735
1088
-892
-205
639
-390
827
876
-87
452
376
-1540
409
-195
-853
1466
-902
930
-25
-793
94
-308
701
-293
1441
95
1080
242
-176
654
-661
1039
-736
700
552
-659
663
-878
-285
-212
-700
415
56
2
106
241
-572
167
-205
-997
1326
-152
65
893
-424
-261
155
-640
-182
574
44
52
167
-481
-407
147
-978
500
39
-62
-6
-15
-409
-300
626
-1140
744
-274
-39
-261
-93
167
-744
749
-1041
345
28
-99
-41
-34
753
-1203
1189
-77
-146
1178
-662
420
89
43
-659
665
-499
-239
565
-1062
667
-399
-212
-24
540
-511
759
510
-438
1025
-448
298
-542
111
-512
-640
636
-1223
-47
463
-989
869
-134
-482
355
-130
-163
377
1290
-728
1009
-665
-1386
446
-1471
35
968
263
190
483
-583
-792
194
-1161
759
1457
-728
936
-16
-722
-186
-458
-212
524
445
86
639
702
275
-145
554
-173
238
-297
-60
814
-12
251
656
-104
-824
265
-1124
-7
1445
-798
1077
786
-1172
-31
-631
-335
136
221
255
777
211
-576
76
-214
-85
17
165
105
-27
-325
-260
-90
246
-572
331
-111
-851
349
-681
270
368
-373
144
312
-1177
-129
84
-457
628
141
75
-235
-53
-1182
-125
278
-700
670
275
-164
444
94
-405
648
17
-323
866
-306
-80
362
-744
-233
342
-727
245
565
-823
882
343
-74
724
421
346
195
460
-426
-227
296
-482
43
276
-88
-233
-686
-288
-803
-484
221
282
277
685
251
-650
362
-566
-660
878
294
157
423
-462
-193
-992
-448
-258
-172
597
-362
380
-128
175
-590
153
493
-314
729
-367
279
-305
-7
27
143
949
-716
573
-64
-1004
64
99
105
642
249
-305
685
-630
-336
522
557
715
654
588
220
15
-1088
233
-428
-605
795
-803
416
114
-1030
654
-208
80
88
708
222
-324
458
-567
645
-957
102
-208
-916
334
-970
276
384
-50
-172
269
4
-160
333
496
227
291
27
-384
-678
-407
-562
-768
427
-331
-46
150
-351
-557
475
-164
305
857
83
990
-590
563
-363
-175
572
-873
877
-468
-16
-155
-424
490
-308
414
-358
1029
-402
420
1096
-1433
1744
-904
-789
951
-1027
72
281
-513
-363
546
-319
77
639
179
-133
139
-12
-666
144
-77
-372
-9
32
-477
114
-77
-401
765
-181
534
-49
-355
670
-776
-355
345
-179
-188
326
-738
87
-589
-454
-45
-357
1002
-144
375
113
685
-717
276
448
-769
1119
-221
369
18
393
-617
-315
199
-687
750
505
440
344
616
-189
104
-151
-73
243
-244
-8
-244
445
-678
58
10
54
39
-163
765
-908
1063
-534
-405
792
-1051
260
-205
-101
-758
589
-314
-355
1140
-781
383
-54
-597
-159
-212
-16
-240
77
80
-219
564
14
72
350
-337
-85
-759
103
-488
-120
303
-352
671
-406
512
240
-214
848
45
142
-353
131
-352
-512
229
-495
261
191
221
-217
723
398
-452
1193
-237
18
68
-88
-461
-180
506
-651
381
-9
408
-356
602
-129
-373
1065
-1520
774
-548
-318
474
-437
109
195
-101
-799
1325
-1224
933
286
-837
1144
-925
-18
-676
34
-559
320
-144
99
703
-1047
854
-1129
358
-52
-705
942
-1054
465
-628
-169
-96
-161
809
43
968
5
1151
-263
210
572
-1069
741
-610
-539
373
-15
-492
151
-291
-84
332
200
827
521
801
-180
399
-453
-87
2
-521
637
-442
-4
-757
411
-343
-317
1009
-806
616
-387
-757
253
-214
-37
591
11
242
117
-1034
332
-56
-104
352
495
-448
-221
-452
-975
225
-548
723
123
112
328
-722
162
-166
-207
494
261
-456
152
-392
-392
-2
-578
470
346
-425
202
465
-251
74
669
-299
760
460
-515
815
94
-290
-159
530
-710
-389
768
-771
561
212
-504
496
237
-1101
418
512
-531
985
-228
411
48
-589
-147
142
805
-673
740
-106
-770
-12
-1676
284
-17
187
987
498
1305
-651
598
-679
-578
222
-1298
1122
-1085
185
-614
-1569
410
-1777
394
647
782
1070
1021
814
-560
440
-1440
-199
299
-1187
659
-369
-173
-753
-447
15
-369
1138
153
1533
859
44
399
-82
47
-742
353
-298
-36
-465
-702
439
-774
141
397
133
975
194
128
703
57
-547
340
85
-270
513
-1025
91
-300
-1171
219
-534
323
-204
378
-220
216
515
-419
1498
-280
685
-306
-597
231
-1295
463
-626
-43
-166
-435
-23
-685
619
-414
386
1032
-237
539
319
-503
177
-17
-657
546
-17
-434
316
-394
-361
-96
-104
-260
730
-97
149
1038
-823
537
-161
-268
237
-204
252
-20
587
-720
272
50
-516
155
332
600
-190
632
-489
-15
-218
-614
56
182
585
-462
760
28
-465
-227
-337
259
274
141
215
505
-517
-472
-500
-247
-13
268
-400
799
203
-1111
801
-906
259
278
-118
535
36
-38
-423
-25
-825
390
-242
254
859
-297
371
-429
-366
-188
-19
266
352
165
-257
16
-94
-108
49
199
447
75
-167
38
111
-115
-336
238
-106
-332
-23
-313
145
449
-165
289
526
-435
232
-211
-10
288
-19
620
-144
353
-664
-532
-20
-541
389
-155
635
74
-709
5
-317
149
-264
338
553
-278
439
-879
252
247
-899
462
-223
139
-446
-29
73
55
536
-219
552
-84
119
142
-257
152
102
-166
-434
44
-631
-353
439
-204
540
667
350
-23
-49
147
-524
617
-295
-27
407
-287
107
-638
788
-248
-226
826
-226
138
106
-220
-455
156
-356
-192
347
-260
45
365
-561
33
-14
-794
940
-714
-1
705
-633
294
-62
158
-180
748
-250
57
919
-898
255
-675
-75
58
-506
480
-89
310
-652
217
-206
-300
293
-609
810
87
108
59
451
26
-535
212
-303
528
-149
322
515
49
-43
-526
-228
9
-31
-419
723
109
-341
-70
-175
93
-110
350
87
404
-70
-252
-99
-552
76
-61
204
417
157
-199
357
-223
-636
759
-406
-43
475
-298
127
-152
-356
-134
-127
-346
342
-44
-68
430
-597
123
-255
-504
557
-34
377
398
226
317
-430
-187
-68
-260
-229
-195
2
-354
-466
-85
-152
165
623
465
782
731
90
-323
363
2
-737
536
-333
-165
-216
-771
93
-396
92
-112
87
702
86
73
582
355
99
-180
310
-431
-232
291
-711
629
-334
303
-251
-148
247
-897
892
-737
218
310
-330
551
-620
126
200
-535
-102
35
-218
27
102
-407
15
459
-791
309
186
-272
848
4
500
235
47
83
-293
-94
-52
-73
-367
273
-429
-338
245
-636
50
248
124
267
301
524
0
293
-68
-196
183
-212
276
-494
311
-93
-769
209
-404
297
-369
766
112
53
915
-843
602
-383
-13
-210
-219
569
-754
289
-382
-277
-375
-108
-329
-297
566
-653
759
-195
99
643
-368
557
165
176
-53
786
-479
35
628
-1185
317
-477
-599
136
-231
-130
-109
461
-394
134
349
-133
560
-218
282
4
-105
-235
-267
325
-546
338
-161
130
353
44
222
431
599
-535
648
-212
-548
393
-549
-399
88
-279
-803
314
-105
-528
580
-54
-152
634
-430
-131
821
-352
597
230
95
704
-347
144
44
-10
-315
282
-421
-140
378
-1060
408
-405
-132
432
-415
435
172
42
-151
-40
-194
64
69
-513
499
-113
-271
141
-166
465
-106
250
101
46
310
-642
546
-187
-251
240
-492
301
-253
30
-224
182
-69
-631
368
-439
114
-74
-56
314
-90
0
114
117
319
88
3
811
-165
205
-30
-109
-23
-496
-101
-294
327
-499
131
154
-432
339
-240
-39
357
-346
-123
586
-450
289
504
-81
325
-96
-344
-9
245
-536
427
144
-353
144
-830
-69
51
-402
571
279
25
364
-422
-86
4
-91
-83
373
357
-263
275
-345
191
-187
-125
283
-99
234
-148
148
-160
179
-201
-255
254
-239
72
92
27
-60
84
-95
-410
199
88
-54
526
108
203
165
-66
-109
-172
237
-313
262
60
-514
117
-387
-384
-143
17
188
75
78
-135
233
-162
-309
784
-71
242
485
-396
377
-163
-451
196
236
-394
22
169
-307
29
-464
22
-165
-226
-67
-109
468
-188
157
269
85
76
-114
4
-6
24
-246
217
66
-160
198
11
-161
134
98
-88
277
-18
15
-54
-41
-330
-50
106
-465
365
-261
78
295
-170
298
85
135
-245
341
-180
-384
682
-587
32
519
-472
261
106
-46
-122
229
-75
-311
628
-427
-40
84
-151
82
-111
252
-330
416
-161
-483
393
-262
4
-53
-81
25
-79
3
-269
407
151
-358
756
-94
112
421
-337
542
-269
-150
-229
-49
-234
-411
618
-492
653
-180
-304
605
-847
168
-102
-51
128
54
192
-170
111
-380
98
38
-53
270
155
461
-286
-106
401
-632
-84
231
-431
609
-114
-215
424
-246
-270
-212
214
-522
70
93
-336
412
-634
154
215
-172
318
21
515
-170
331
-100
26
627
-776
690
-195
-67
178
-431
382
-423
153
-560
102
-112
-201
260
-365
497
-424
-16
-82
-63
266
7
307
104
266
-195
112
-51
-140
393
-200
114
337
-271
11
189
-264
-2
391
-377
2
305
-677
-33
-56
-405
-70
61
-282
-43
382
-165
145
279
260
-22
211
17
84
282
-164
134
-68
117
-427
-38
80
-100
133
-141
-26
-215
36
-423
56
125
-19
282
-95
160
-2
43
-77
2
312
-136
75
107
-50
71
-30
-14
-88
387
-236
75
300
-374
317
-255
-105
-81
-6
-166
-255
233
-421
108
-151
-90
109
50
120
-121
450
-129
62
174
-162
82
-47
-171
-113
243
-233
-40
285
-247
-71
235
-378
145
317
-451
484
7
-367
184
1
-153
91
340
-153
414
-168
-428
377
-492
-5
-72
7
210
-262
126
-262
490
-184
-120
530
-248
384
-181
-204
357
84
-319
83
103
-363
157
-232
-122
442
-294
-178
395
-240
-99
209
-142
181
196
-262
133
136
-191
31
169
92
85
78
-260
218
-119
-229
181
-92
244
-126
-52
32
17
-22
-179
247
-91
19
-153
-187
113
-262
-22
-51
0
49
-75
67
58
395
-6
-42
450
-302
-35
135
-312
246
40
-314
166
95
-450
75
51
-211
230
-165
-120
259
-112
-230
265
-59
-45
228
-218
116
126
-142
-44
174
-14
-49
260
-199
107
30
-106
169
-76
97
-84
132
-79
-8
116
-160
170
-169
-164
22
-146
-238
293
-336
-126
531
-474
102
174
-36
181
85
-285
201
411
-517
275
23
55
141
-288
252
-21
151
-251
-31
129
-273
84
-182
28
42
-149
-159
54
-42
-165
258
-29
-17
118
-8
69
87
68
85
176
-22
-92
164
108
-47
89
83
-1
87
-315
56
-32
-342
290
-477
-15
96
-550
140
-233
-114
335
-136
27
380
-135
73
291
-279
425
189
-386
665
-218
-163
379
-352
308
-167
-111
3
-204
15
-317
64
60
-124
-120
11
-94
106
15
-181
475
-117
-157
292
-424
291
338
-422
534
8
-284
338
-269
-53
366
-9
-31
145
-52
-79
-124
-189
0
48
-79
-31
-56
103
-162
-119
190
-222
273
-117
-70
198
-267
20
-79
17
-93
200
-19
122
369
-66
360
-4
-71
-86
-44
-115
-88
113
-259
202
-232
-315
139
-231
-92
190
73
-87
160
-202
-130
258
-420
89
381
-225
198
12
-22
169
-129
-99
189
126
-102
178
-161
152
80
-322
100
-7
6
-12
25
-48
30
-20
-100
-62
54
-18
-85
185
-174
22
49
-152
3
107
81
92
188
20
106
-3
-80
-109
36
-47
-69
208
-60
3
118
-66
-45
38
-148
73
76
-161
23
-7
-103
-117
-112
-88
167
-40
-9
134
99
108
-156
53
31
142
-51
-96
304
-119
33
89
-140
275
-4
-122
71
-50
-94
-121
-10
-256
52
-85
-189
198
-112
149
-10
71
64
-122
160
-100
244
8
-155
182
-178
2
-41
-22
125
-2
105
-70
94
46
-172
33
-137
-10
-1
-76
-35
-71
160
-153
33
18
-18
185
-230
75
-61
2
115
-230
162
111
-61
33
-47
117
131
-70
-111
98
57
-145
87
-166
75
61
-339
142
-114
-4
93
-67
85
-9
133
-181
19
9
-161
180
-161
92
28
26
77
-43
160
-113
236
-61
-3
144
-192
181
-99
-71
-54
-39
-51
-31
195
-166
149
55
-220
76
-36
-10
-26
123
-35
-24
243
-167
141
149
-180
107
43
-172
25
98
-186
142
-87
-163
300
-130
-7
86
-157
-14
64
-128
19
205
-38
98
-74
5
39
-71
-34
-146
193
-17
-16
64
11
117
-139
-103
-1
43
-7
-34
-86
30
110
-235
6
133
-105
143
-24
-95
222
-10
-120
5
-110
-55
48
-69
83
100
-3
-4
-95
-37
53
27
-108
58
-15
-93
70
-132
-32
103
16
-33
24
48
22
52
-83
-76
94
67
-7
94
67
32
-33
-60
-144
22
80
-204
196
-14
-52
191
-98
-49
69
-52
-175
185
-60
-29
153
-187
39
14
-60
54
66
25
37
19
-106
31
9
-48
23
41
22
-11
110
-47
60
57
-137
36
-64
-10
-20
-21
-69
-59
32
-121
71
35
21
46
-6
9
-93
90
-95
76
142
-122
224
27
-23
60
-63
-31
12
-13
-36
130
-51
-50
50
-89
-127
-18
12
-178
136
46
-210
251
-120
-218
258
-134
-126
319
-153
-13
339
-297
108
155
-213
168
39
-32
115
24
-3
-16
2
-86
-172
109
-128
-137
137
-144
-76
189
-183
-62
258
-306
163
117
-250
307
-100
-99
157
-40
59
153
2
26
122
-113
20
-27
-30
84
-64
27
-59
-34
-33
-128
25
21
-160
53
23
-40
114
-99
-71
34
-55
-102
242
58
7
266
-47
48
114
-45
-29
175
-31
-20
194
-193
1
63
-289
-64
-24
-140
20
109
-84
-81
30
-191
-65
111
-45
-53
130
13
-47
152
-72
-65
194
-49
16
222
1
76
77
-81
-24
-44
-96
64
80
-89
-9
-125
-168
-3
-72
1
22
-50
-6
10
32
-37
21
59
-9
96
83
19
110
79
-60
29
40
-120
94
79
11
119
-158
-25
27
-98
-8
-15
-14
18
-7
-159
64
-38
-151
17
-56
38
44
31
-45
23
115
-33
54
100
33
133
107
-77
41
-1
-131
107
-72
-110
139
-161
-62
102
-181
1
2
-181
26
53
-90
45
31
-66
98
-2
14
-26
16
136
-26
6
-44
11
65
-22
16
71
22
-50
-81
12
94
-84
-84
100
-93
-22
3
-233
172
5
-158
83
-22
10
56
15
-19
64
-96
33
101
10
180
38
79
29
-77
18
5
-62
-87
18
-44
-56
-79
-104
10
-39
-37
3
3
29
40
1
-8
77
53
44
42
4
40
-41
16
1
-32
169
-10
-103
123
-15
-32
156
-130
27
165
-227
62
162
-143
-3
-47
-158
35
-109
-74
162
6
-12
48
-79
25
-50
-72
158
49
42
-14
96
56
-19
23
-165
47
22
-177
-24
133
-111
-28
27
-208
155
-84
-174
265
-6
23
121
-160
50
99
-212
0
107
-88
82
-42
-94
117
-127
-19
59
-12
86
-61
19
69
4
7
73
5
-10
81
-111
-19
-15
-43
-3
-42
25
-37
54
-12
19
73
-2
31
-103
47
49
-20
110
33
-75
3
-36
-223
111
35
-100
197
-54
-62
82
-127
-35
110
-15
61
42
-4
111
-34
-3
37
-159
8
-26
-100
126
-68
-4
76
-132
-24
33
-31
77
75
-20
152
-33
-111
105
-25
13
13
-58
17
30
-79
-24
63
-103
-14
16
-23
0
5
26
61
55
-105
68
33
-72
24
4
37
-31
-45
-65
36
-16
-74
101
58
35
-7
3
-34
13
40
-48
110
-9
-18
20
-66
-27
-66
-43
-12
-9
-93
59
11
-59
68
-80
36
19
-52
58
105
97
-18
8
-21
-14
-29
-40
9
27
77
-92
10
13
-50
66
-81
16
-10
5
-2
-65
44
-17
34
-65
-24
-8
53
12
-129
138
-25
7
-21
-62
147
-39
33
11
65
43
-110
22
34
31
-36
50
-19
-14
-17
-190
122
-32
-68
127
-6
36
-9
-39
-25
58
-37
-17
50
6
49
-61
65
-23
-57
8
-120
27
45
2
27
80
-3
-38
-20
-57
49
18
28
-1
26
13
-77
34
-2
-22
-5
-17
17
-1
4
-8
20
22
-22
-43
-22
59
-43
57
34
-80
57
-71
-19
17
11
24
-29
10
-32
21
-10
8
28
50
-4
-76
79
-70
17
49
-101
120
-56
-80
117
-56
-55
62
-49
-21
63
-87
25
96
-57
35
-9
-13
43
-72
73
-36
21
103
-107
38
2
-37
-11
20
-26
43
33
-106
59
-43
22
-13
-52
111
-65
12
14
-50
47
-7
3
1
-3
5
27
7
14
8
-37
70
-105
-7
101
-92
71
4
-14
24
-43
-16
41
15
-81
67
-56
6
-5
-59
104
-72
-2
-14
9
1
-46
61
22
18
-46
32
-12
-3
60
-74
74
6
-69
20
-23
-17
-23
78
-89
14
56
-113
56
-10
6
2
21
-79
35
52
-115
98
-23
36
-1
-43
65
-29
23
-4
23
24
-9
-44
24
69
-81
51
19
-49
53
-72
4
9
-8
0
-26
42
-52
18
18
-17
-4
56
-38
-60
140
-102
33
84
-95
76
9
-71
30
53
-73
28
18
-39
12
-31
35
-9
-7
24
-47
5
32
-63
29
53
-65
42
20
-76
45
15
-40
28
-4
-3
7
-6
-12
28
5
-1
-7
-12
60
-74
9
58
-61
0
23
-57
-2
64
-101
35
60
-87
35
30
-72
13
40
-78
25
29
-47
32
16
-45
41
14
-57
37
0
-12
2
9
1
9
17
-26
34
-18
3
6
-14
26
-36
39
-13
-23
36
-38
18
-6
-12
12
6
-13
1
40
-50
45
4
-29
60
-34
17
4
-5
-11
6
13
-42
51
-22
-3
21
-20
5
1
12
-40
43
-23
-24
59
-61
36
2
-21
25
-23
11
-7
15
-35
29
-7
-27
45
-40
38
-12
-3
7
-15
15
-36
34
-5
-1
13
2
-2
-12
4
-30
24
-25
0
21
-22
25
-21
7
-2
-3
8
-7
3
-7
6
-45
-6
-21
-25
35
-31
36
38
-16
31
13
6
11
22
-6
28
-9
-48
33
-46
-5
-1
-24
28
-15
4
12
31
-14
18
21
-25
24
-30
2
-4
-10
-1
-12
16
-28
22
20
-2
18
13
-2
-9
8
-25
10
11
-28
5
1
-29
4
0
-16
17
-5
5
14
-10
8
5
-11
3
0
-8
14
-6
-8
14
-15
-2
-2
-13
4
-5
-1
4
-1
-3
9
-11
0
11
-7
9
4
-2
7
-5
-14
1
-7
-7
3
0
-3
7
-3
-7
15
-8
9
11
-10
4
-2
-8
-2
1
-12
13
1
-11
18
-4
4
11
1
-1
7
-4
1
8
-10
3
-5
-4
-8
2
-1
3
3
-6
11
-6
6
1
4
8
-4
8
-2
4
-3
0
3
-8
3
-3
1
4
1
5
5
4
-5
6
2
-4
4
-5
1
1
-3
2
0
0
3
1
2
2
-2
-3
-2
-6
1
-5
-4
0
-5
2
-7
-2
0
-4
-1
1
0
0
2
-3
2
0
-5
1
-1
-5
0
-2
-2
-1
-1
-1
3
5
2
2
5
-1
1
5
-2
1
1
-3
0
-1
-2
0
-2
-2
2
0
3
-1
2
4
1
3
1
-3
-1
-3
-4
3
-3
-1
0
-5
-3
1
-2
1
5
0
4
3
1
4
3
3
3
2
-2
1
1
0
2
-1
-1
-2
-4
-2
-1
1
1
1
-1
1
-2
-1
2
0
-1
-1
-3
-3
-3
-3
0
-1
-1
-1
-2
-2
-2
0
1
0
0
1
-1
1
1
3
3
1
0
-1
-1
-1
0
0
0
0
-1
2
1
2
3
4
3
2
2
0
1
-1
-2
-1
-2
0
0
1
0
1
1
2
3
4
3
3
2
1
-1
-1
-3
-2
-2
-2
0
1
1
-1
0
-2
-1
-1
-1
1
0
-1
0
0
-2
0
1
1
1
0
-1
-2
-3
-3
-4
-2
-3
-3
-2
0
1
2
1
1
0
2
1
1
1
1
-2
-3
-4
-3
-1
0
2
1
2
2
3
2
2
3
2
2
1
0
0
1
0
0
1
1
1
1
2
1
2
2
1
0
0
0
1
1
0
0
-1
0
1
1
1
1
1
1
0
0
-1
-2
-1
-2
-1
-2
-2
-2
-1
-1
-2
0
0
-1
1
-1
-2
-1
-1
-2
-1
-2
-1
0
-1
-1
0
0
-1
0
-1
0
0
0
1
0
-1
-1
-1
-1
-1
-1
0
-1
-2
-1
0
1
0
1
1
1
1
2
2
2
1
1
0
2
1
2
1
0
1
1
2
2
2
1
2
3
0
0
0
1
0
1
0
-1
0
0
0
0
0
0
0
-1
0
0
-1
-2
-1
-1
-1
-2
0
0
1
1
1
0
0
-1
0
0
-1
-1
-2
-1
-1
-1
0
0
0
0
-1
-1
-1
-1
1
0
1
1
1
0
1
0
0
0
0
0
0
0
0
0
0
1
-1
1
1
1
0
1
1
0
0
-1
1
0
0
1
0
-1
-1
-1
-1
-1
-1
-1
-1
0
0
0
2
2
1
1
0
0
0
1
0
-1
-1
-1
-2
-2
-2
-2
-2
0
0
0
0
1
0
0
0
0
-1
1
0
0
0
-2
0
0
0
1
1
0
0
-1
0
0
0
1
0
0
1
1
0
0
1
0
0
1
0
0
0
0
-1
0
0
1
1
2
1
0
0
1
1
0
0
0
-1
-1
-1
0
0
0
1
0
0
1
1
1
1
0
0
0
0
0
-1
0
0
-1
0
1
0
1
0
0
0
-1
0
0
-1
-1
-2
-1
-1
0
0
-1
-1
-1
0
-1
-2
-1
-2
0
0
-1
0
0
0
0
0
-1
0
0
1
-1
1
0
0
1
1
1
1
2
0
0
0
-1
-1
0
0
-1
0
-1
-1
0
0
-1
0
0
-1
1
0
0
1
0
0
0
1
0
1
1
0
0
-1
-1
0
0
-1
0
0
1
1
0
1
1
0
0
1
1
0
-1
1
1
0
0
-1
0
1
1
1
1
0
-1
-1
0
-1
-1
0
-1
-1
-1
-1
-1
0
0
0
0
0
-1
0
1
0
0
-1
0
1
-1
0
0
0
0
0
1
0
-1
0
0
1
1
1
1
0
1
0
0
0
0
-1
0
0
-1
0
-1
0
0
0
0
-1
0
0
-1
-1
0
0
0
1
0
-1
0
-1
-1
0
-1
-1
-1
-1
0
-1
0
0
-1
-1
0
0
-1
-1
-3
-1
-1
-2
-1
0
0
0
1
1
0
0
0
-1
0
0
0
0
0
0
0
0
-1
0
0
1
1
1
2
1
2
2
3
3
3
3
2
2
2
2
0
0
0
0
1
0
-1
-1
-1
0
0
0
-1
0
0
0
0
2
1
0
0
0
0
-1
0
-2
-2
-2
-1
-2
0
0
-1
0
-1
0
-1
-1
0
-1
0
-1
-1
-2
-1
-1
-1
-2
-1
-1
-1
-1
0
1
1
1
0
0
0
1
0
1
1
0
1
1
1
0
0
1
1
1
2
1
2
2
1
1
1
0
0
-1
-1
0
-1
-1
-1
-1
1
0
1
2
1
1
1
0
1
1
0
1
0
0
0
0
0
1
1
0
0
-1
-1
0
0
-1
-1
-2
0
-1
-1
-1
0
-1
0
-1
-1
-1
-1
-1
-1
-1
-1
-1
-1
0
-1
-1
-1
-2
-1
0
0
-1
0
-2
-1
-2
-1
0
0
0
0
0
1
1
1
1
0
0
1
0
1
1
0
0
1
1
1
2
1
1
1
1
1
1
1
1
2
1
-1
1
0
0
-1
0
-1
-1
1
1
0
1
0
0
0
0
0
1
1
1
1
0
0
0
0
0
0
-1
0
0
0
-1
-1
-2
-2
-2
0
0
0
0
0
0
0
2
-1
0
0
-1
-1
-1
-1
0
-1
0
0
0
0
0
0
1
0
1
0
0
-1
-1
-1
0
-1
-1
0
1
0
0
0
0
-1
-1
0
-1
-1
0
0
0
0
0
1
1
0
0
0
0
0
0
0
1
0
1
0
0
0
0
-1
0
0
-1
0
0
0
1
0
0
0
1
1
1
1
0
0
0
1
1
0
0
0
0
0
-1
-1
0
0
-1
0
0
0
0
0
0
0
-1
-1
-1
-1
0
-1
-1
-1
0
-1
-1
0
0
0
1
1
0
0
0
-1
0
0
0
-1
0
1
1
2
1
1
1
1
1
1
0
0
0
1
-1
0
0
0
-1
0
0
0
0
1
0
-1
0
0
0
0
0
-1
-1
0
0
1
1
0
1
1
0
1
0
0
1
1
0
0
0
0
-2
-1
-1
-1
-1
-1
-1
0
0
0
0
-1
0
0
-1
0
0
0
0
-1
-1
-1
-1
0
-1
-1
0
-1
0
0
0
1
1
-1
0
0
0
0
0
0
0
-1
-1
1
0
0
0
1
2
1
1
2
1
1
1
1
-1
-1
-1
-1
-1
0
0
0
-1
-1
0
1
1
2
1
1
0
-1
0
-1
-1
-1
0
0
-1
0
0
-1
0
0
-1
-1
-1
-1
-1
-1
-1
0
0
0
1
0
0
0
-1
0
0
0
1
2
0
1
1
0
1
0
0
0
0
0
0
0
0
0
1
0
1
1
1
1
0
0
-1
-1
-1
1
1
0
0
0
-1
0
1
0
0
0
0
1
0
1
0
1
1
1
1
0
1
1
0
0
1
1
1
0
1
1
1
0
0
-1
-1
0
-1
-1
-1
-2
-2
-2
-1
-1
-1
-1
-1
0
-1
0
-1
-1
-1
-1
-2
-1
-1
-1
0
-1
1
0
1
1
0
0
0
-1
-1
-1
0
-1
-1
1
1
1
1
2
1
1
1
1
1
0
-1
0
0
1
1
0
0
1
0
0
0
0
0
1
1
0
1
1
0
1
1
0
0
0
0
0
-1
-1
-1
-1
-1
-1
-1
-1
0
-1
-1
-1
-1
-1
0
1
0
1
0
1
1
1
0
-1
-1
-1
-1
0
-1
-1
-1
0
-1
-1
0
0
0
0
0
1
1
1
1
1
1
1
1
1
1
0
0
-1
-1
0
0
0
0
0
0
1
1
0
1
1
1
0
0
1
0
0
-1
0
0
0
0
0
0
-1
0
0
0
1
0
0
0
0
-1
-1
-1
0
0
-1
-1
-1
-1
0
-1
-1
-1
0
0
-1
0
0
0
-1
-1
0
0
0
1
0
1
0
-1
1
1
0
0
1
0
0
0
0
1
0
0
0
1
0
1
0
-1
-1
1
1
2
1
1
0
1
1
1
0
0
1
0
0
0
0
0
0
-1
-1
0
0
0
0
0
0
0
1
1
1
0
1
1
1
1
1
0
1
0
0
0
0
0
-1
-1
-2
-1
0
0
-1
0
0
0
0
-1
-1
0
0
-1
-1
0
-1
-1
-1
-1
-1
-1
-1
0
-1
0
0
0
1
1
1
2
0
0
0
1
0
-1
-1
0
0
0
0
0
0
0
0
0
1
1
1
2
1
2
1
1
2
1
0
0
0
0
-1
-1
-1
0
0
1
1
0
1
0
1
0
0
1
0
0
1
1
0
0
1
1
1
1
1
1
1
0
1
0
1
1
1
0
1
0
0
0
1
1
0
-1
0
-1
-1
0
0
1
0
0
0
0
0
0
0
0
1
-1
0
-1
0
0
0
0
-1
-1
-1
0
0
1
1
0
1
0
0
-1
1
0
0
0
0
-1
0
0
0
0
0
-1
0
-1
0
-1
0
-1
0
0
0
-1
0
0
0
1
0
0
0
0
-1
0
0
0
0
0
-1
0
1
1
0
0
0
0
1
1
1
1
1
0
0
0
0
0
0
0
-1
-1
-1
-1
-1
-1
-1
-1
0
1
0
0
1
0
0
0
1
2
0
0
0
0
0
-1
0
0
1
0
1
1
0
0
1
0
1
0
0
0
0
1
0
1
1
2
1
1
0
0
0
0
0
0
1
0
1
0
0
0
-1
0
0
0
-1
-1
-1
-1
-2
-1
-1
0
0
1
0
0
0
0
0
1
0
-1
-1
-2
-1
0
-1
-1
-1
-1
-1
0
1
0
1
1
0
-1
0
-2
-1
0
0
-1
-1
0
0
-1
0
1
0
1
0
0
0
0
0
1
1
2
1
1
1
0
0
1
0
0
1
1
1
1
0
0
1
1
1
0
0
1
1
0
0
-1
0
0
0
-1
-1
0
-1
0
1
0
0
1
0
0
0
-1
1
0
0
0
0
0
0
-1
0
0
0
0
0
0
0
0
0
1
1
1
0
0
0
0
0
0
0
0
-2
0
-1
0
0
0
1
0
0
0
-1
0
-1
0
-1
0
0
0
-1
-1
0
-1
0
0
0
0
0
0
-2
-1
-1
0
1
-1
-1
-1
0
0
0
0
0
0
-1
0
0
1
0
0
1
0
1
0
0
1
1
1
0
0
0
-1
0
0
0
-1
0
0
0
1
0
1
0
1
0
0
0
1
1
1
1
1
1
1
0
1
0
1
1
1
0
0
0
-1
0
0
0
0
0
-1
0
0
-1
-1
-1
-1
-1
-1
0
-1
-1
0
-1
-1
-1
-1
0
0
0
1
0
1
1
1
0
1
0
0
0
0
-1
1
0
0
0
1
0
1
-1
0
0
-1
0
-1
0
-1
0
0
0
0
0
0
-1
-1
0
0
-1
1
1
1
0
1
1
1
1
0
0
0
0
0
-1
0
0
0
-1
1
0
0
0
0
0
0
-1
-1
1
0
0
1
0
1
0
1
0
1
0
1
0
0
0
-1
1
-1
0
0
0
1
1
1
1
2
2
1
1
0
0
0
-1
0
0
0
0
0
-1
0
0
0
-1
-1
-1
-1
-1
-1
0
0
-1
0
0
1
0
-1
0
0
0
0
0
0
0
-1
0
-1
0
0
-1
0
0
0
0
-1
0
0
0
-1
0
0
1
0
0
0
0
0
1
0
0
0
0
0
0
0
0
1
-1
1
0
1
1
1
1
0
0
0
0
-1
0
0
0
0
1
1
1
1
0
1
0
0
0
0
0
0
0
0
0
0
-1
0
0
0
1
0
1
0
0
-1
0
-1
0
0
-1
0
0
-1
0
-1
0
0
0
0
0
0
0
1
0
1
0
0
0
-1
-1
0
-1
0
-2
0
-1
0
0
1
1
1
1
0
0
0
0
-1
-1
0
0
0
0
0
0
-1
0
0
1
0
0
0
-1
-1
-1
0
0
0
-1
0
-1
-1
0
-1
0
-1
-1
0
1
0
0
1
1
0
0
0
0
0
0
-1
0
0
0
1
0
1
1
1
1
0
0
0
0
0
1
0
-1
0
-1
-1
0
0
0
-1
0
0
1
0
0
0
0
0
0
1
0
0
0
0
0
-1
0
0
1
1
0
0
0
0
1
0
1
1
1
0
-1
0
0
0
0
0
-1
1
1
0
-1
0
0
0
0
0
0
0
1
1
1
1
1
1
1
0
0
0
-1
-1
-1
0
0
0
0
-1
0
0
0
0
-1
-1
0
0
0
0
-1
-1
-1
-1
-1
0
-1
0
0
0
0
0
0
0
1
0
0
0
0
0
0
-1
0
0
-1
0
0
1
0
0
0
1
1
1
0
1
0
1
1
1
0
-1
0
0
-1
-1
0
0
0
0
0
0
1
0
1
1
0
0
0
1
-1
-1
-1
0
0
0
0
0
1
0
0
0
0
0
0
1
1
0
0
0
0
0
0
0
-1
-2
-1
-1
-1
0
-1
0
0
0
-1
0
0
-1
-1
0
-1
-1
0
0
-1
0
0
0
-1
-1
0
0
1
1
1
1
1
0
0
0
1
0
0
1
0
0
0
0
0
0
0
1
0
0
1
0
1
0
1
0
1
1
1
1
0
0
0
0
0
-1
0
0
0
0
-1
0
