0
-1
0
-1
-1
-1
0
0
-1
1
0
0
0
0
-1
0
0
-1
0
0
0
1
1
0
0
0
1
0
0
0
0
0
0
-1
0
0
-1
0
-1
-1
-1
-1
-1
-1
0
0
0
1
0
-1
-1
0
0
0
0
-1
0
-1
0
0
1
0
1
1
0
0
0
0
1
-1
0
0
0
1
0
-1
0
1
0
0
1
0
0
0
0
0
-1
0
0
0
0
0
0
0
0
1
0
0
0
1
1
0
-1
0
0
0
0
0
0
0
0
0
1
0
0
0
0
0
0
0
0
-1
0
0
0
0
0
0
0
0
-1
1
0
-1
0
-1
0
1
1
0
1
0
1
0
1
1
1
1
1
1
1
0
0
0
-1
-1
0
0
0
0
0
-1
0
-1
0
-1
-1
0
-1
0
0
0
0
0
0
-1
-1
0
0
0
0
0
0
1
0
0
0
1
0
0
1
0
0
0
0
0
-1
0
0
0
-1
0
0
0
0
0
-1
-1
-1
-1
0
0
0
0
0
1
0
0
0
1
0
0
0
0
0
0
0
-1
0
1
1
0
0
0
-1
-1
0
0
0
-1
1
1
0
0
1
1
0
0
0
0
-1
-1
0
0
-1
-1
0
0
0
0
1
0
1
0
0
0
0
0
0
0
1
0
0
-1
-1
0
0
1
0
0
1
0
1
0
0
1
0
0
1
0
1
0
0
0
0
0
0
-1
0
0
0
0
0
0
1
0
0
0
0
0
0
0
0
1
-1
0
0
0
0
0
0
0
0
0
-1
-1
0
0
0
-1
0
0
0
0
1
0
0
0
0
0
0
0
0
0
0
-1
1
0
0
0
0
0
0
0
0
0
1
0
1
0
0
0
0
-1
-1
-1
0
-1
0
-1
-1
0
-1
0
-1
0
0
0
0
0
0
0
0
0
0
0
0
-1
0
-1
0
-1
-1
-1
-1
0
-1
0
0
0
0
0
-1
0
1
0
0
0
0
1
0
0
1
0
0
1
0
-1
-1
0
-1
0
0
0
0
0
1
0
1
1
1
1
0
0
1
0
-1
1
1
1
1
0
0
0
1
1
1
0
1
0
0
1
0
0
1
0
1
-1
0
0
0
1
0
-1
0
-1
0
1
0
0
-1
-1
0
0
-1
-1
0
-1
-1
0
0
0
0
0
0
0
0
0
0
-1
0
0
0
0
0
-1
0
1
1
1
0
1
1
0
1
-1
0
-1
0
0
0
0
0
-1
0
1
0
1
0
0
0
1
0
0
0
0
0
0
0
-1
-1
0
0
-1
-1
0
0
-1
-1
0
0
0
-1
0
0
0
0
0
0
0
0
0
0
1
0
0
0
0
0
0
0
0
0
0
0
0
0
0
0
0
0
0
0
0
0
1
0
0
1
1
1
1
-1
0
-1
0
0
1
1
1
1
1
0
0
1
0
0
1
0
0
-1
0
0
0
0
0
0
0
0
1
0
0
0
0
0
-1
0
0
-1
0
0
-1
0
-1
-1
0
0
0
1
0
0
0
1
0
-1
-1
0
-1
0
0
-1
0
0
0
0
0
-1
-1
0
0
0
1
-1
0
-1
1
0
0
0
1
0
1
1
1
2
1
1
0
1
0
1
0
-1
0
0
0
0
0
0
1
1
0
0
0
0
0
1
0
0
0
1
-1
0
0
0
0
-1
-1
0
0
0
0
1
0
0
0
0
0
0
0
0
0
0
0
0
0
0
0
-1
0
0
-1
0
-1
-1
-1
0
-1
0
-1
-1
0
-1
0
0
1
0
1
1
1
0
0
0
1
0
0
0
1
1
1
1
1
0
0
0
0
0
0
-1
0
0
1
1
1
1
1
0
1
0
1
0
0
0
0
1
1
0
-1
0
1
-1
0
-1
0
-1
0
-1
-1
-1
0
0
0
-1
0
0
-1
0
-1
-1
-1
-1
0
0
-1
1
0
0
0
1
0
0
-1
0
1
0
0
0
1
0
0
0
0
0
0
0
0
0
0
1
-1
0
0
1
0
1
0
0
0
0
1
0
0
0
-1
-1
0
-2
0
0
0
-1
-1
1
0
0
0
0
0
-1
-1
-2
-1
-1
-1
0
0
0
1
0
0
0
0
0
0
0
0
-1
0
0
1
0
0
1
1
1
1
0
0
0
0
0
0
-1
0
0
-1
0
0
-1
0
0
0
0
-1
0
0
0
0
1
-1
0
0
1
1
0
1
0
0
1
1
1
1
1
0
1
1
1
1
1
1
-1
0
0
-1
-1
0
0
0
0
0
1
0
0
0
0
0
-1
0
0
0
0
-1
-1
0
0
0
0
-1
-1
0
-1
-1
-1
1
0
-1
0
1
0
0
-1
-1
-1
-1
-1
0
-1
0
-1
-1
-1
0
-1
-1
-1
-1
0
0
-1
0
-1
0
0
0
0
0
0
0
1
0
1
1
1
0
2
0
1
2
1
1
0
1
1
0
1
0
1
1
1
0
1
0
0
1
0
0
0
0
-1
1
0
-1
0
-1
-1
0
0
-1
0
0
0
-1
-1
-1
-1
-1
-2
-1
-1
0
0
0
0
0
0
-1
0
1
0
-1
0
0
-1
0
-2
0
0
0
0
0
-1
-1
0
0
0
0
1
0
0
0
0
0
0
0
0
1
0
0
1
1
1
1
0
1
1
-1
1
0
1
1
0
0
1
0
0
0
0
0
0
0
-1
0
-1
-1
0
-1
-1
0
0
-1
0
-1
-1
-1
0
0
-1
0
0
-1
0
0
0
0
0
0
0
0
0
0
1
0
0
0
0
0
-1
0
0
0
0
0
0
0
0
-1
1
1
0
0
1
1
1
1
1
1
1
1
0
0
0
0
0
0
-1
0
-1
-2
-1
-1
0
0
-1
0
-1
0
0
1
0
1
0
0
0
0
1
-1
0
0
0
0
0
-1
0
-1
0
0
0
-1
0
0
0
0
1
1
0
1
0
1
0
1
0
0
0
0
-1
1
1
0
1
0
0
0
0
1
0
0
0
0
-1
0
0
0
-1
0
-1
0
-1
-1
0
0
0
0
0
0
1
0
1
1
1
1
1
1
0
0
1
1
0
1
0
0
0
-1
-1
-1
-1
-1
0
0
1
1
0
0
0
1
0
1
1
0
0
0
0
0
0
0
1
0
0
1
0
0
1
1
0
0
-1
-1
-1
-1
-2
-1
-2
-1
-2
-1
-1
0
-1
0
-1
0
0
0
0
0
0
-1
0
-1
0
-1
0
0
-1
0
1
1
0
1
0
0
0
-1
0
0
1
0
0
1
1
0
0
0
-1
1
0
1
1
0
0
1
1
0
1
0
1
1
0
0
1
0
0
1
0
-1
0
-1
0
-1
0
-1
-1
0
0
-1
0
0
0
0
0
0
0
1
1
1
0
0
1
0
0
0
-1
0
-1
-1
-1
-1
-1
-2
-2
-1
0
0
-1
-1
1
0
2
-1
0
0
0
0
0
0
1
1
1
1
0
1
0
0
1
0
1
0
0
-1
-1
-1
0
0
0
0
1
0
-1
0
0
0
0
1
0
-1
0
0
0
0
0
1
0
-1
0
0
0
0
0
0
1
0
1
-1
-1
-1
-1
-1
-1
0
-1
0
0
0
0
0
0
0
1
0
0
1
0
1
0
1
1
0
0
0
1
0
0
0
0
0
-1
0
0
0
0
0
0
0
0
0
0
1
1
1
1
0
2
1
0
0
0
0
0
0
1
0
0
0
1
0
0
-1
0
0
-1
0
-1
-1
-1
-1
0
0
0
0
0
0
-1
0
0
0
-1
-1
0
0
0
1
0
-1
0
0
0
0
0
-2
-1
-1
-1
0
-1
-1
0
-1
-1
-1
-1
-1
0
0
0
0
0
1
-1
0
0
0
0
-1
-1
0
0
0
0
-1
0
0
0
1
0
1
1
0
0
1
1
1
0
1
1
1
1
1
1
1
0
-1
0
1
0
1
1
1
1
0
0
1
1
0
-1
0
0
-1
0
0
-1
0
0
0
-1
-1
0
-1
0
1
1
1
0
0
0
1
0
0
0
-1
-1
-2
-1
-1
-1
0
0
-1
-1
0
0
-1
-1
0
-1
0
-1
0
0
0
-1
0
0
0
1
0
0
0
-1
0
1
0
0
1
0
1
1
0
1
1
1
0
1
0
0
0
0
0
1
0
0
0
1
0
0
0
0
1
0
1
1
0
0
0
-1
0
1
0
0
0
0
1
0
0
-1
-1
-1
0
0
-2
0
0
-1
-1
0
0
0
-1
0
0
0
0
0
0
0
1
0
0
0
0
0
0
0
0
1
1
1
1
1
1
1
1
1
1
0
1
1
0
1
-1
1
0
0
0
0
-1
0
-1
-1
0
0
-1
-1
0
0
0
0
0
0
-1
-1
0
0
0
-1
0
0
1
1
0
0
0
0
-1
-1
-1
-1
-1
0
-1
0
-1
-1
0
0
-1
-1
-1
-1
0
-1
-1
-1
-1
-1
0
1
1
1
1
1
1
1
0
1
2
1
2
1
2
2
2
1
1
1
1
0
1
0
0
0
0
0
0
0
0
0
0
0
0
0
0
0
0
0
0
0
0
1
0
0
0
0
0
-1
-1
-1
-1
-1
-1
0
-1
0
0
-1
-1
-1
0
-1
0
-1
0
0
-1
0
0
1
0
1
0
1
1
0
1
0
1
0
0
-1
0
0
-1
-1
0
0
1
0
0
0
1
1
0
0
0
0
0
0
0
0
0
1
0
1
1
0
1
1
0
0
0
0
-1
-1
-1
0
-1
-1
-1
0
-2
0
0
-1
-1
0
0
1
0
1
0
0
0
0
0
-1
0
-1
0
0
0
0
0
0
0
0
1
1
0
0
0
0
1
1
0
-1
0
1
2
1
0
-1
1
1
0
0
0
1
0
0
0
0
0
0
0
0
0
1
0
-1
0
0
0
-1
-1
-1
-1
-1
-1
0
-1
-1
0
0
0
0
1
0
1
1
1
1
1
0
0
1
0
0
0
1
1
1
0
0
0
0
0
0
0
0
0
1
0
1
0
1
2
0
0
0
0
0
-1
-1
-1
0
0
1
1
0
1
0
0
-1
-1
0
0
0
1
1
0
-1
0
1
0
0
0
0
0
0
0
-1
1
1
1
1
1
0
0
0
0
1
1
-1
0
0
0
0
1
2
0
1
-1
0
-1
-1
0
0
1
-1
1
0
0
1
0
1
0
0
-1
0
-1
0
0
-1
0
1
0
-1
0
-1
-1
-1
-1
-2
-1
0
0
0
-1
-1
1
0
0
0
0
-2
-1
-1
1
0
-1
-1
1
3
1
-3
0
2
0
-2
-2
2
3
2
-2
-1
5
4
0
-2
2
4
3
-1
-2
2
2
-4
-2
2
1
-3
-2
2
2
-2
-4
1
5
1
-3
-2
5
6
-5
-7
-3
4
2
-5
-4
2
1
-3
-1
2
1
1
1
-1
6
1
-4
-1
3
3
-2
-2
0
4
6
-2
-2
3
6
3
-4
-3
2
6
4
-5
-7
5
10
2
-8
-6
-1
6
6
-9
-7
0
-1
0
-1
-2
2
6
-3
-2
7
0
-10
2
6
4
-6
-8
5
9
-5
-19
3
20
-1
-22
-16
12
18
-5
-20
-7
20
11
-19
-10
13
7
-8
-10
6
6
-5
-9
-1
21
-2
-15
2
6
6
-13
-1
6
7
6
-19
3
3
5
12
-2
1
-16
13
23
-13
-26
-11
40
27
-26
-28
9
39
-1
-37
-5
19
14
-10
-19
0
-7
10
4
4
-2
-31
25
31
-6
-47
-15
63
25
-34
-65
26
82
-8
-67
-18
78
24
-67
-53
26
68
5
-53
-28
44
38
-29
-40
1
31
25
-6
-33
-20
25
28
-29
-32
26
64
14
-58
-48
39
84
-12
-92
-18
71
33
-66
-48
46
58
-20
-62
13
52
-1
-68
-44
72
61
-44
-86
13
82
-25
-57
14
72
21
-78
-48
60
92
-66
-133
56
146
-9
-136
-45
97
61
-51
-91
5
129
8
-131
-36
161
81
-133
-53
81
79
-53
-76
27
64
28
-75
-49
47
42
-41
-48
76
71
-79
-85
32
74
-23
-67
50
56
-36
-87
-11
76
10
-37
-6
76
29
-92
-63
41
71
-25
-31
25
45
-18
-113
-45
128
99
-116
-68
84
63
-81
-96
26
63
40
-60
-36
20
-3
-38
-48
100
101
-58
-92
26
121
-43
-129
36
137
42
-115
-26
59
-3
-28
-55
50
77
-2
-34
-4
53
-47
-26
56
13
-63
-72
73
42
-15
-59
-32
116
-4
-114
-65
136
131
-99
-76
33
110
-67
-192
-10
191
170
-145
-170
102
175
-69
-231
-24
224
176
-150
-160
68
95
-30
-83
10
72
72
-93
-64
79
-13
-29
2
63
6
-70
22
11
13
-51
18
165
-38
-120
-136
60
118
-67
61
-18
35
-24
-133
14
24
101
-113
-34
207
11
-147
-187
115
140
-60
-11
5
89
-27
-110
-24
36
36
-49
5
9
-19
0
-6
21
-14
-27
11
43
-5
-83
5
109
102
-65
-159
-40
59
94
32
-37
-26
0
32
7
-59
-26
89
153
-16
-102
-8
30
50
-83
-45
76
77
-53
-102
28
8
85
-23
-155
58
177
-95
-228
106
152
-54
-125
39
101
-20
25
-8
-17
-34
57
74
-81
-16
0
55
-25
-91
-52
-39
86
23
-72
10
180
38
-190
-199
28
236
87
-53
-60
-1
-141
-59
125
-8
25
26
73
65
-96
-48
13
15
16
110
38
-151
17
44
-79
70
74
1
-43
-57
8
-27
72
60
91
-63
-206
120
23
-147
-66
168
123
-43
-30
-140
13
89
12
31
101
-76
-140
29
-10
-9
4
-59
-8
156
31
-180
-171
46
123
32
-17
-58
5
-17
128
9
-172
23
99
-2
-96
97
36
-66
46
171
-114
-218
166
56
62
-18
20
-134
-18
106
-311
81
97
138
12
-103
15
-79
154
-36
-68
-140
-9
216
31
-73
-33
-7
7
114
-66
-116
26
233
-71
-80
180
-64
-125
-162
221
121
-7
-6
-126
127
-124
-154
-87
109
264
4
-94
-94
46
-54
-160
-27
159
133
-55
58
10
-137
-193
-2
170
-88
-2
38
40
84
-30
113
-71
-120
-45
-51
35
-37
263
110
-146
-13
117
33
-283
21
93
126
82
-133
-61
86
115
-293
-159
155
214
-3
-244
-8
259
94
-324
-83
332
29
-243
-54
38
120
44
-169
-70
309
133
-235
37
88
24
15
-86
-31
140
89
-211
-74
206
-3
-115
-4
14
-108
-174
133
50
30
49
-198
116
141
-72
-254
-10
183
20
37
-217
97
248
-140
-358
58
453
-29
-264
-64
287
100
-148
-59
-124
66
77
-144
-234
124
341
-135
-36
119
-39
-119
-167
49
-52
-49
105
86
14
-122
-25
24
-87
39
46
-55
-84
55
183
-146
-39
167
-40
-9
37
-30
-13
58
90
35
102
-42
-30
115
-66
-19
59
32
17
150
-42
-166
24
149
0
-68
31
-198
-72
-16
-3
-127
33
158
-118
18
31
-5
-117
1
78
-63
-15
17
-13
22
159
46
-20
235
186
-193
-107
91
45
-53
-181
166
115
-171
-43
89
127
-252
14
68
-8
23
-298
-19
-155
-2
-97
-88
154
-30
170
-196
125
120
-164
-60
-171
236
-18
24
126
116
225
-117
71
-8
-45
231
14
-96
65
257
-38
-260
62
31
8
-4
-103
3
30
-74
-29
-33
-74
-163
-251
38
19
-153
-155
46
123
30
-64
58
61
-137
76
37
53
-41
59
37
-29
277
-52
152
349
-34
-99
12
246
-193
-152
195
-105
87
-87
73
44
-108
-18
-150
305
-261
-440
-131
-39
152
-220
-87
10
185
19
-291
153
66
-14
86
-14
-34
162
91
-80
94
92
211
4
28
50
161
200
-354
75
86
70
-79
-275
205
16
46
-254
-143
142
27
-128
-311
234
-26
-287
-84
115
-35
-210
7
-59
169
42
-60
167
244
-17
-156
-94
77
161
-116
113
158
378
75
-171
113
-123
214
-155
-160
134
39
188
-298
72
10
-160
18
-159
70
-221
95
10
-279
47
-80
-86
-54
117
-111
-31
225
-14
8
-32
13
-13
-27
-96
124
163
-164
226
95
-37
15
71
38
-44
245
20
-40
-214
-19
263
-149
-301
96
138
-35
-14
-202
-31
-46
85
-174
-236
171
93
-33
-282
143
154
-250
42
271
20
44
140
11
-80
-8
237
-24
65
119
156
71
-287
215
98
27
-59
-105
152
-92
103
-297
3
75
-118
28
-267
155
-140
96
-196
-220
235
-272
-107
-228
239
-24
-243
291
-167
-5
118
5
27
-86
308
23
-142
174
62
192
-252
130
271
-213
149
55
34
-173
13
-34
-140
126
-77
-90
-19
239
-192
-192
-46
60
80
-323
152
-143
86
67
-125
217
-296
73
-65
-4
181
-101
145
-26
270
67
-75
187
-184
145
190
-21
87
72
148
1
3
27
46
-61
-216
26
-21
-26
136
-174
-312
177
124
-262
-156
-61
67
24
-38
-132
-178
63
6
-109
-248
247
454
-338
-179
266
293
-207
-399
181
299
119
-198
105
463
108
-235
-295
270
542
-239
-367
203
452
-42
-602
-125
156
132
-388
-96
484
-85
-253
-307
182
-21
-369
-67
67
368
-167
-154
-192
76
471
-386
-196
203
529
-129
-168
264
-124
269
-262
47
50
163
267
-282
148
144
201
-512
-185
446
22
-180
-154
186
-12
-136
-374
-159
171
227
-16
-482
72
30
-227
-331
175
186
-212
331
6
148
-27
31
-163
77
381
-16
49
-250
650
43
-182
-200
93
323
-244
420
-261
296
110
-266
-136
-312
323
-325
-10
168
148
-32
-519
273
-165
-349
-151
40
261
-134
66
-151
116
96
-202
-63
-17
165
72
68
64
147
43
-95
275
222
-97
7
186
267
-66
-31
-272
164
322
-225
-91
-209
411
-9
-268
-512
-168
516
-182
-227
-285
398
103
-378
-292
-186
190
-97
113
-178
107
115
-149
50
-39
240
-262
86
157
52
125
-37
275
-16
163
105
6
-260
7
510
148
-125
-124
169
73
-113
-458
-144
305
147
-241
-309
20
-150
-77
-18
-26
-33
-83
-174
-186
167
-103
-262
207
455
13
-273
-38
-17
88
127
187
19
208
379
-7
-228
55
420
-32
-4
119
130
16
-43
238
-51
-101
9
-112
-180
-39
79
-333
-228
169
-205
-170
-132
33
-91
-205
30
-112
170
-110
-75
-32
-47
124
59
90
-75
159
68
-14
115
283
-12
-215
279
268
201
-265
-17
188
-109
185
-365
151
292
100
-179
-615
568
-126
-269
-224
-28
512
-593
-108
-122
-24
71
-279
256
-62
251
-52
-516
141
82
227
-82
162
359
-105
-16
-183
174
43
92
21
34
1
87
262
-422
102
177
295
-187
-334
208
-69
154
-322
102
45
-327
214
-275
-101
-8
138
87
-157
55
-538
-4
213
25
-221
-159
559
260
29
-287
64
193
-63
-71
-25
143
45
88
96
170
115
-17
-122
-72
-199
-82
221
38
-21
8
3
96
74
-216
-372
124
138
-195
-245
-13
362
-180
-130
129
54
-179
-148
-28
-268
338
125
-429
-115
580
275
-246
31
317
301
-132
-114
-211
201
254
-181
-128
122
416
-272
-252
184
46
-192
-278
175
17
-250
-158
-38
80
57
-97
-329
44
377
-140
-325
132
214
-149
-203
153
55
93
249
219
3
-115
214
-123
-22
58
199
179
-110
365
-176
-40
69
-35
13
-226
174
-224
-59
48
77
-146
-381
129
-22
-176
-411
49
18
87
132
-273
30
45
242
-339
-215
284
286
356
-198
129
-76
-150
290
-62
68
62
530
284
-312
82
-212
8
199
-43
-280
-136
509
124
-511
-381
330
495
-137
-553
-411
129
47
-271
-433
286
587
-227
-251
-389
448
88
-300
143
-15
437
-526
-154
146
358
347
-471
198
243
345
-243
-378
280
472
62
-542
-13
79
4
-231
5
307
114
218
-310
-106
-90
-175
-366
-297
559
47
-382
-93
406
23
-318
-53
86
-166
-126
-81
-175
497
257
-72
-364
659
713
-362
-204
0
581
-194
-330
-118
-18
473
4
-130
-20
702
346
-558
-81
134
-220
-822
-340
-4
6
38
-40
398
128
157
-377
-230
274
-124
-331
-472
365
19
-410
-99
27
720
425
213
217
251
314
-514
-380
-184
-138
-240
-122
426
355
355
176
402
138
106
-303
-502
-112
-475
-322
-728
116
339
-35
334
51
694
15
-192
-38
-296
108
-594
-227
-190
-54
154
-236
408
518
646
356
234
153
-90
-202
-455
-403
-431
-108
40
204
84
325
712
524
214
-426
-215
-194
-685
-772
-539
100
241
37
-12
306
602
350
78
73
148
-195
-634
-682
-421
-345
-179
184
578
921
617
193
38
186
155
-264
-658
-407
-30
54
-69
-376
100
445
483
180
73
281
53
165
-354
-534
-370
-454
-115
-422
-8
365
312
401
110
319
-31
-160
-288
-387
20
-109
-97
-134
272
595
202
-165
-240
86
276
-116
-262
124
325
205
-130
-177
-47
52
-49
-164
74
163
55
-25
25
39
-142
-143
161
234
-104
-372
-369
-176
-59
-81
-61
94
446
519
226
-43
-103
-9
-106
-247
-177
-102
68
56
-109
-114
-8
225
81
156
252
227
245
120
125
-181
-311
-371
-338
-257
-166
-53
-11
280
318
309
151
106
59
-155
-168
-313
-325
-282
-144
-64
57
226
193
286
281
225
-24
-161
-95
-113
-190
-261
-50
16
123
99
131
318
267
189
-21
61
32
-221
-389
-366
-124
-175
-151
38
252
379
223
137
164
131
-83
-310
-289
-243
-326
-379
-155
162
295
283
311
479
451
173
-71
-103
-113
-245
-343
-345
-206
-138
-108
38
149
265
270
225
210
180
115
-8
-5
-60
-160
-230
-224
-149
-180
-182
-126
-52
-48
-80
-37
89
206
250
268
310
310
169
1
-75
-156
-299
-320
-306
-260
-164
-86
47
153
266
299
264
279
236
98
-68
-124
-183
-281
-250
-168
-102
-60
-3
70
89
98
80
41
41
29
6
7
-13
-13
-33
-33
-3
14
50
68
73
-3
-15
13
-17
-16
-18
29
62
74
76
35
12
15
14
-62
-102
-91
-106
-113
-133
-65
17
61
103
96
93
69
20
-33
-30
-87
-124
-95
-52
-1
-59
-43
29
84
68
48
49
56
84
41
37
26
33
-21
-99
-87
-62
-89
-148
-83
3
11
-3
36
141
158
93
63
50
24
-57
-142
-148
-131
-114
-67
-11
36
82
115
140
154
143
121
79
0
-24
-61
-128
-133
-110
-61
5
37
82
114
82
57
20
-11
-70
-86
-73
-73
-58
-26
25
36
43
51
66
36
5
-23
-36
-63
-89
-66
-26
-3
-21
-6
29
67
44
38
54
36
22
9
-32
-49
-60
-76
-42
-30
12
11
25
67
87
64
25
6
13
-7
-64
-53
-24
12
8
11
22
34
9
5
20
-9
-24
-28
25
12
-14
-13
12
29
15
27
18
-20
-30
-6
-15
-42
-41
-15
-8
7
1
-3
-7
-15
-14
-12
-15
-9
28
23
-11
-35
-7
9
-11
-31
-23
5
-3
4
17
8
0
22
38
15
-1
-10
-20
-22
-18
-18
-26
-13
1
24
28
15
19
36
29
-17
-11
-19
-20
-20
-21
-7
4
31
38
42
23
1
7
30
21
-14
-1
14
5
17
44
37
1
3
23
6
-31
-43
-47
-38
-18
-28
2
25
25
35
31
23
-8
-15
-17
-59
-69
-42
-50
-44
-6
13
29
42
70
86
45
11
4
5
-6
-51
-39
-26
-40
-26
-9
2
7
32
47
41
34
33
21
-14
-28
-27
-43
-59
-54
-42
-21
-17
-5
35
45
26
18
38
34
-1
-10
-3
-17
-17
14
25
-10
-8
24
25
10
-11
-6
14
-12
-43
-15
20
31
12
34
43
4
-8
-29
-52
-62
-52
-61
-53
-9
23
11
15
31
37
51
10
-1
16
-1
-26
-24
-3
-15
-29
-11
12
17
18
31
30
42
38
20
22
4
5
-18
-32
-25
-26
-29
-30
-33
-21
4
-15
-10
22
31
16
4
8
7
-3
-6
-7
4
-8
-25
-21
-10
-13
-17
19
21
18
19
39
36
8
7
14
7
-23
-22
-18
-12
-13
-12
-6
2
9
8
3
4
4
10
10
0
8
7
-8
-23
-8
-9
-13
-17
-5
16
18
30
31
37
31
5
2
11
-4
-28
-14
-4
-11
-13
-4
9
7
-1
-9
3
10
1
-15
-11
12
0
-1
-5
2
8
-7
-16
-26
-10
-12
-27
-14
-3
-5
10
16
11
15
23
9
-3
4
-3
-7
1
5
1
-4
-5
-1
0
-5
-12
-10
5
-1
8
22
9
1
1
-4
-12
-13
-13
-19
-9
-4
-6
-2
2
9
9
10
16
19
14
7
-2
2
-2
-17
-15
-9
-1
-8
-5
11
6
4
5
7
1
0
4
3
-1
-2
-8
-12
-6
-9
-12
-10
-3
-5
-10
-1
-6
-8
2
0
-3
9
17
12
19
15
-1
1
3
-11
-16
-1
6
6
8
20
21
24
12
-4
12
6
-6
-5
-2
-7
-5
-2
3
-2
4
5
-11
3
7
-7
-18
-10
-5
-8
-9
-4
-3
3
9
-14
-4
5
-4
-6
-1
2
2
16
15
8
14
11
4
-3
2
0
-10
-1
-10
-9
6
2
2
2
1
7
6
0
-6
-4
7
1
-18
-11
1
-6
-16
-12
-3
-11
-8
-3
-7
4
4
-3
4
6
0
-1
0
2
-2
8
1
-6
12
10
-2
5
16
4
0
6
1
-10
-4
-2
-9
-5
-10
-7
-4
-5
-10
-5
1
-2
-2
6
6
3
-2
4
2
-3
3
2
9
7
10
11
13
15
11
12
14
7
7
6
-2
3
1
2
-7
-6
2
-6
-6
-7
-8
-3
-10
-15
-7
-10
-15
-15
-14
-8
-10
-12
-2
-4
-8
-1
0
3
-1
1
6
6
5
1
8
6
1
-2
4
2
-5
1
-3
1
0
2
-1
1
8
3
6
4
2
1
-1
-4
-7
-6
-3
0
-3
1
9
8
12
12
10
11
8
7
2
6
4
3
5
5
6
5
7
6
3
4
2
-5
-2
-7
-10
-5
-8
-7
-4
-4
-2
-6
-4
-7
-7
-7
-10
-7
-5
-5
-8
1
-2
-2
3
1
0
-3
1
2
-2
-4
-1
1
0
0
2
4
4
2
3
4
2
2
-2
-3
-4
-1
-1
-5
1
1
0
4
0
2
4
2
3
1
-2
-2
-1
2
-3
0
8
5
8
9
7
7
3
4
5
-1
2
0
1
-3
-4
1
-3
-4
-5
-1
-5
-13
-8
-6
-9
-9
-9
-4
-1
-6
-4
-1
1
-4
-5
-2
-4
-3
-6
-3
1
-1
-1
2
4
2
1
3
3
0
2
1
0
0
1
1
0
0
0
1
-1
-1
1
2
0
1
5
2
6
5
5
4
3
4
3
3
3
4
5
3
4
7
4
5
6
4
7
1
3
-1
-1
1
-3
-1
-1
0
-1
-1
-1
-2
-3
-1
-4
-4
-2
-4
-2
-4
-3
-1
-3
-3
-3
-1
-3
-4
-3
-2
-2
-1
-1
2
0
2
3
0
1
0
0
-1
-2
-3
-1
-1
-1
-3
-1
-2
-2
0
-2
-2
-2
-1
-2
-2
-1
-3
-1
-1
-1
-1
1
-1
0
0
0
2
-1
2
2
3
1
1
2
3
1
1
3
0
1
1
0
-1
0
0
0
-1
-1
0
-1
1
1
2
0
1
0
1
1
1
2
1
2
2
2
2
1
1
2
2
3
1
3
2
1
2
0
1
0
0
-1
0
1
0
1
-1
1
0
1
2
-1
-1
-3
-1
-3
-3
-2
-3
-2
-2
-2
-1
-1
-2
1
-2
-1
-3
-2
-2
-1
-1
-1
-1
-1
2
-1
2
-1
2
0
2
1
1
2
-1
2
0
2
-1
1
1
0
1
0
1
1
0
1
1
0
1
-1
1
0
-1
0
0
0
1
-1
2
2
0
1
1
1
0
0
0
1
-1
0
1
1
-1
1
1
0
1
0
2
-1
0
-1
2
-3
-4
-1
-2
0
-4
0
-1
-2
-1
0
-2
-1
-1
-2
-1
-2
-1
-1
0
0
-1
-1
-1
-3
-1
-1
-1
-2
0
0
1
1
1
2
1
1
-1
1
-1
-1
-2
-1
0
0
1
1
4
5
6
4
4
5
4
3
2
2
1
1
0
1
1
2
1
3
2
1
1
0
1
-3
-3
-3
-5
-5
-6
-4
-5
-4
-2
-3
-2
0
2
2
2
3
3
3
-1
-1
-2
-4
-7
-8
-8
-6
-6
-4
-4
-3
0
0
3
4
6
4
8
6
4
3
-1
-2
-7
-6
-7
-7
-9
-6
-5
-2
4
4
10
11
14
13
11
12
5
5
4
-2
-4
-5
-2
-6
-4
0
5
7
7
12
11
13
8
10
8
5
-1
-4
-3
-6
-1
-3
-1
-2
-2
-1
-2
2
-5
-3
-4
-4
-8
-12
-12
-17
-17
-20
-14
-11
-8
-5
-3
0
0
3
3
5
5
3
2
-1
-1
-1
-1
-1
0
3
8
8
11
14
8
4
2
7
10
10
10
6
2
-9
-15
-20
-24
-22
-19
-18
-15
-9
-8
-1
2
10
16
17
17
17
15
0
-4
-14
-13
-8
-5
2
3
9
8
10
11
11
13
15
22
17
18
7
2
-7
-17
-20
-25
-12
-15
-1
0
2
-4
-13
-4
-11
-2
-9
-1
-8
-8
-4
-8
11
9
32
37
43
45
33
33
9
14
5
14
9
0
4
-27
-34
-64
-62
-73
-71
-46
-36
7
20
68
89
115
118
101
90
22
-25
-122
-207
-316
-399
-422
-363
-214
-87
137
309
483
570
587
573
431
328
105
-68
-275
-441
-541
-635
-557
-491
-271
-76
173
397
532
660
630
607
423
252
27
-190
-348
-511
-545
-603
-532
-470
-341
-191
-58
121
214
339
355
384
349
283
228
117
52
-79
-152
-256
-318
-352
-370
-308
-246
-100
14
162
277
371
435
423
416
317
225
70
-72
-200
-323
-378
-423
-369
-315
-194
-65
63
188
249
312
285
262
185
105
24
-65
-106
-162
-160
-168
-134
-98
-59
5
37
90
96
115
103
81
62
28
26
1
-2
-31
-45
-73
-103
-115
-137
-125
-133
-110
-90
-53
-8
33
84
108
141
139
146
132
115
97
64
46
3
-26
-68
-104
-137
-161
-158
-137
-79
-6
92
185
273
333
352
331
255
152
8
-138
-282
-402
-491
-537
-526
-476
-364
-226
-53
122
287
409
474
487
430
336
193
49
-103
-230
-321
-377
-369
-328
-233
-118
16
145
256
350
394
414
384
333
248
143
38
-79
-176
-265
-320
-349
-344
-296
-225
-118
-9
110
207
284
318
308
262
168
67
-56
-160
-253
-309
-332
-318
-264
-191
-91
3
106
182
238
264
245
213
141
64
-16
-86
-137
-173
-179
-174
-146
-110
-68
-23
18
56
76
97
101
96
79
58
29
-7
-37
-70
-81
-89
-74
-56
-24
19
61
106
141
178
187
186
153
101
33
-50
-119
-183
-209
-217
-187
-132
-62
22
92
158
193
208
190
148
95
28
-29
-86
-123
-151
-164
-154
-136
-101
-68
-25
8
34
48
55
53
47
43
37
39
36
41
43
40
37
25
14
-4
-18
-32
-35
-34
-25
-5
10
35
49
61
64
57
49
23
0
-34
-61
-84
-101
-104
-102
-85
-67
-35
-10
18
42
56
67
58
45
14
-14
-53
-94
-126
-153
-161
-164
-149
-129
-94
-54
-6
46
92
132
146
151
122
79
18
-46
-100
-152
-170
-179
-155
-119
-65
-1
57
126
166
206
222
225
205
169
125
59
7
-57
-92
-110
-101
-60
-8
68
128
198
245
282
301
300
284
238
196
121
57
-18
-76
-114
-134
-116
-99
-40
2
57
92
111
119
93
73
20
-21
-67
-107
-133
-157
-156
-154
-126
-100
-60
-35
-21
-19
-59
-92
-154
-191
-231
-247
-241
-234
-200
-188
-164
-169
-166
-180
-208
-229
-274
-302
-361
-397
-446
-473
-480
-480
-441
-406
-333
-281
-212
-162
-133
-101
-99
-62
-46
6
47
94
154
196
270
324
410
497
608
717
817
917
973
1020
1027
1028
996
966
932
884
846
785
740
681
639
599
572
566
546
544
506
459
370
266
148
12
-105
-225
-308
-397
-460
-519
-570
-616
-667
-699
-741
-750
-771
-778
-783
-794
-796
-823
-823
-849
-861
-874
-899
-925
-984
-1039
-1121
-1174
-1224
-1248
-1252
-1242
-1190
-1135
-1049
-982
-882
-786
-688
-592
-512
-403
-324
-230
-150
-51
69
190
341
493
686
871
1066
1248
1429
1617
1769
1922
2029
2133
2184
2189
2156
2071
1980
1832
1690
1531
1387
1239
1093
968
826
718
583
463
311
149
-18
-213
-407
-626
-807
-988
-1126
-1235
-1299
-1306
-1287
-1216
-1145
-1029
-909
-778
-650
-538
-422
-346
-263
-219
-153
-90
-18
80
176
308
418
539
630
707
757
767
764
723
672
571
455
315
162
-2
-171
-316
-466
-592
-725
-851
-972
-1111
-1260
-1441
-1608
-1769
-1908
-2038
-2148
-2220
-2274
-2289
-2298
-2257
-2181
-2061
-1937
-1807
-1650
-1487
-1296
-1140
-949
-731
-473
-178
108
442
788
1158
1499
1823
2153
2468
2770
3008
3225
3399
3544
3616
3621
3603
3534
3440
3262
3066
2834
2572
2279
1949
1647
1347
1091
829
589
368
146
-76
-337
-582
-836
-1072
-1311
-1543
-1733
-1896
-2008
-2094
-2109
-2068
-1959
-1798
-1611
-1379
-1156
-927
-732
-554
-385
-231
-71
68
213
336
455
543
591
617
599
573
513
457
396
315
222
94
-42
-211
-388
-600
-811
-1044
-1306
-1574
-1864
-2118
-2369
-2578
-2750
-2851
-2860
-2827
-2714
-2569
-2370
-2162
-1985
-1809
-1658
-1489
-1368
-1256
-1136
-990
-784
-583
-308
22
423
854
1293
1757
2213
2668
3045
3390
3671
3910
4077
4151
4170
4082
3963
3750
3486
3181
2853
2551
2228
1955
1689
1491
1326
1165
1031
879
752
559
339
61
-234
-553
-919
-1250
-1556
-1753
-1901
-1951
-1907
-1769
-1535
-1300
-1018
-768
-514
-327
-206
-122
-102
-85
-124
-138
-165
-157
-130
-97
-5
57
156
207
254
245
169
69
-131
-361
-699
-1064
-1487
-1929
-2371
-2811
-3155
-3475
-3683
-3829
-3845
-3738
-3563
-3277
-2968
-2560
-2196
-1854
-1566
-1342
-1148
-1081
-1018
-1013
-941
-850
-716
-456
-116
358
863
1463
2090
2746
3367
3888
4355
4686
4920
4972
4912
4736
4455
4112
3684
3281
2855
2470
2098
1771
1529
1325
1216
1122
1084
1032
972
878
710
506
211
-108
-497
-896
-1278
-1599
-1816
-1951
-1942
-1833
-1573
-1242
-853
-434
-48
303
506
605
574
458
252
-28
-291
-530
-667
-756
-747
-655
-509
-342
-220
-127
-114
-188
-406
-747
-1186
-1704
-2243
-2811
-3323
-3773
-4122
-4350
-4455
-4408
-4245
-3940
-3585
-3171
-2747
-2328
-1911
-1574
-1280
-1072
-888
-754
-645
-539
-399
-168
98
473
939
1517
2177
2852
3555
4228
4858
5355
5703
5878
5884
5707
5331
4850
4274
3678
3047
2443
1924
1502
1212
995
886
833
807
760
654
503
262
-68
-503
-995
-1522
-2034
-2492
-2864
-3094
-3186
-3094
-2831
-2411
-1864
-1254
-616
-34
483
878
1151
1282
1262
1143
943
741
539
413
367
411
529
680
873
1038
1165
1151
979
649
140
-504
-1271
-2054
-2825
-3539
-4167
-4652
-4931
-5036
-4965
-4782
-4475
-4101
-3709
-3345
-3029
-2735
-2535
-2390
-2318
-2231
-2107
-1933
-1683
-1360
-893
-342
313
1033
1823
2640
3428
4176
4818
5390
5817
6086
6166
6063
5815
5404
4915
4346
3785
3243
2754
2341
2001
1780
1615
1516
1395
1263
1089
833
500
59
-438
-1004
-1579
-2151
-2639
-2981
-3188
-3219
-3108
-2817
-2405
-1899
-1366
-853
-381
-18
246
388
463
469
432
379
337
356
443
625
845
1133
1423
1674
1866
1931
1886
1659
1267
696
-11
-795
-1608
-2371
-3095
-3693
-4163
-4474
-4617
-4634
-4516
-4313
-4061
-3819
-3606
-3448
-3343
-3296
-3323
-3373
-3405
-3369
-3234
-2981
-2588
-2039
-1348
-565
313
1236
2165
3052
3817
4475
5003
5392
5639
5747
5741
5649
5493
5282
5062
4828
4594
4340
4061
3776
3491
3193
2843
2444
1993
1498
969
409
-170
-745
-1271
-1758
-2184
-2512
-2740
-2870
-2930
-2915
-2835
-2658
-2435
-2190
-1897
-1607
-1312
-1066
-849
-639
-430
-224
-34
181
432
740
1033
1326
1621
1878
2103
2230
2287
2279
2206
2008
1686
1270
736
151
-545
-1234
-1877
-2451
-2924
-3347
-3646
-3879
-3993
-4109
-4177
-4195
-4241
-4246
-4343
-4404
-4456
-4472
-4456
-4398
-4210
-3934
-3481
-2990
-2367
-1646
-892
-96
631
1369
2047
2690
3219
3704
4163
4557
4954
5226
5504
5714
5845
5894
5831
5721
5511
5239
4822
4389
3916
3414
2907
2356
1872
1388
935
470
62
-315
-686
-1045
-1436
-1715
-1988
-2202
-2366
-2468
-2469
-2441
-2376
-2284
-2097
-1916
-1717
-1516
-1305
-1018
-754
-477
-206
94
372
618
842
1046
1304
1479
1607
1675
1684
1680
1566
1374
1122
817
416
-69
-626
-1167
-1627
-2102
-2549
-2940
-3248
-3456
-3617
-3759
-3813
-3815
-3852
-3927
-4048
-4129
-4176
-4245
-4308
-4247
-4053
-3726
-3287
-2773
-2092
-1330
-561
183
897
1579
2169
2630
2986
3353
3699
4030
4348
4654
4993
5311
5554
5711
5781
5695
5461
5047
4518
3952
3347
2738
2133
1588
1091
698
364
117
-67
-268
-445
-725
-1022
-1359
-1710
-2037
-2333
-2514
-2616
-2556
-2429
-2191
-1887
-1568
-1214
-896
-531
-212
99
334
544
721
852
994
1062
1190
1266
1373
1468
1542
1625
1594
1546
1397
1259
1053
775
402
-117
-677
-1354
-2004
-2613
-3121
-3549
-3896
-4162
-4308
-4292
-4258
-4125
-4039
-3942
-3888
-3903
-3925
-3990
-4003
-4071
-4003
-3873
-3552
-3025
-2439
-1665
-885
-29
775
1534
2194
2752
3254
3602
4000
4337
4732
5120
5435
5727
5908
6010
5929
5729
5313
4782
4136
3414
2779
2207
1806
1508
1348
1241
1236
1210
1088
878
436
-76
-769
-1483
-2172
-2758
-3164
-3419
-3417
-3243
-2769
-2170
-1465
-760
-186
268
478
486
293
43
-264
-470
-543
-459
-146
235
698
1127
1543
1852
2027
2025
1845
1606
1222
808
322
-182
-691
-1276
-1844
-2318
-2639
-2853
-3048
-3267
-3417
-3545
-3626
-3730
-3761
-3717
-3683
-3631
-3669
-3552
-3471
-3416
-3435
-3504
-3358
-3209
-2879
-2507
-1970
-1287
-603
178
958
1884
2662
3321
3817
4219
4614
4824
4969
4997
5015
4913
4773
4599
4443
4283
3922
3550
3141
2848
2556
2293
2041
1817
1599
1225
939
578
243
-222
-802
-1315
-1785
-2108
-2411
-2488
-2461
-2255
-1960
-1643
-1146
-690
-265
-30
109
131
86
-43
-191
-152
-80
188
505
956
1471
1912
2233
2355
2379
2144
1844
1375
893
478
33
-290
-553
-699
-846
-967
-1219
-1600
-2126
-2740
-3225
-3639
-3936
-4168
-4231
-4197
-4018
-3882
-3794
-3623
-3614
-3641
-3882
-4074
-4146
-4155
-4070
-3969
-3490
-2840
-1962
-1075
-204
763
1499
2083
2403
2693
2923
3053
3115
3223
3588
4020
4493
4873
5234
5501
5570
5385
5042
4646
4107
3496
2762
2208
1817
1578
1421
1275
1250
1120
969
640
278
-144
-689
-1196
-1701
-1945
-2087
-2086
-1972
-1754
-1402
-1096
-792
-594
-413
-349
-357
-356
-297
-91
191
582
981
1402
1749
2030
2204
2197
2011
1610
1173
690
250
-137
-409
-537
-590
-560
-560
-528
-566
-735
-1120
-1753
-2521
-3335
-3997
-4444
-4684
-4804
-4761
-4534
-4143
-3718
-3428
-3235
-3145
-3102
-3175
-3284
-3282
-3127
-2801
-2447
-1950
-1272
-439
376
962
1371
1641
1844
1957
1988
1987
1936
1876
1901
2142
2627
3149
3522
3708
3788
3846
3755
3454
2987
2489
2120
1811
1590
1460
1465
1596
1740
1855
1855
1793
1631
1362
1030
624
291
60
-23
10
101
253
470
755
1009
1158
1165
1079
962
794
588
393
246
187
186
204
256
334
420
466
440
316
105
-137
-386
-611
-847
-1102
-1332
-1518
-1654
-1816
-2034
-2259
-2450
-2612
-2781
-2976
-3166
-3293
-3336
-3303
-3214
-3099
-2958
-2801
-2651
-2519
-2421
-2337
-2225
-2085
-1938
-1766
-1565
-1322
-1059
-815
-596
-398
-231
-109
-16
84
194
302
404
546
741
955
1163
1326
1485
1636
1737
1785
1769
1732
1672
1605
1537
1485
1467
1435
1408
1392
1385
1397
1392
1405
1446
1492
1548
1609
1703
1816
1939
2061
2182
2328
2440
2524
2580
2591
2593
2560
2525
2489
2449
2377
2252
2107
1944
1783
1576
1310
1022
706
408
115
-172
-432
-675
-896
-1116
-1339
-1581
-1846
-2122
-2420
-2704
-2960
-3187
-3356
-3494
-3593
-3661
-3687
-3665
-3621
-3568
-3539
-3491
-3412
-3311
-3172
-2995
-2741
-2438
-2106
-1764
-1431
-1090
-785
-516
-309
-174
-115
-124
-139
-150
-143
-142
-132
-53
87
262
413
525
592
627
620
562
491
413
347
312
319
372
465
589
735
885
1005
1073
1115
1154
1193
1219
1240
1295
1390
1540
1731
1958
2216
2459
2681
2874
3069
3251
3394
3489
3520
3517
3475
3388
3291
3169
3008
2803
2570
2321
2053
1744
1390
1049
723
412
108
-199
-477
-740
-1011
-1303
-1609
-1907
-2214
-2515
-2802
-3071
-3302
-3502
-3629
-3688
-3695
-3676
-3638
-3546
-3409
-3258
-3118
-2962
-2784
-2590
-2391
-2204
-1983
-1731
-1482
-1234
-1018
-786
-537
-285
-42
158
321
432
517
567
583
569
514
448
390
331
267
190
119
61
7
-40
-90
-126
-167
-210
-262
-290
-293
-278
-243
-212
-174
-121
-28
103
256
420
569
741
938
1145
1361
1571
1790
2005
2199
2367
2522
2656
2750
2800
2807
2794
2768
2718
2664
2603
2534
2455
2358
2255
2137
1989
1797
1562
1309
1021
713
385
58
-253
-556
-836
-1084
-1288
-1464
-1632
-1786
-1924
-2038
-2148
-2250
-2343
-2425
-2492
-2545
-2550
-2508
-2431
-2332
-2210
-2060
-1893
-1717
-1547
-1370
-1189
-1027
-886
-755
-624
-489
-383
-292
-218
-148
-78
-25
13
26
32
28
26
32
28
10
-13
-41
-63
-102
-162
-230
-296
-355
-410
-454
-483
-465
-419
-355
-276
-182
-65
72
218
368
512
639
761
886
1013
1127
1230
1328
1424
1506
1585
1673
1755
1831
1880
1902
1911
1915
1893
1827
1719
1574
1412
1241
1066
885
693
501
317
160
21
-116
-266
-408
-542
-685
-832
-978
-1099
-1195
-1279
-1353
-1395
-1398
-1359
-1301
-1233
-1165
-1089
-1003
-904
-791
-686
-585
-493
-389
-280
-173
-93
-29
28
69
91
91
88
94
103
102
86
77
81
84
78
35
-38
-129
-235
-338
-445
-553
-655
-740
-788
-804
-795
-757
-705
-637
-572
-513
-448
-368
-286
-207
-129
-49
57
177
314
459
599
743
892
1043
1190
1312
1404
1474
1525
1554
1561
1545
1511
1464
1393
1313
1225
1137
1051
947
829
691
546
393
232
69
-114
-296
-476
-647
-804
-952
-1088
-1215
-1323
-1425
-1519
-1596
-1652
-1680
-1686
-1673
-1630
-1554
-1447
-1314
-1171
-1021
-871
-724
-586
-453
-338
-239
-156
-72
23
127
233
333
432
520
592
643
668
676
658
608
544
473
410
353
301
259
220
193
165
140
115
84
49
7
-25
-47
-53
-44
-19
27
92
168
255
352
454
552
646
738
824
913
999
1076
1151
1214
1264
1300
1324
1331
1319
1282
1228
1162
1084
1000
910
812
704
584
455
322
178
20
-146
-325
-508
-690
-868
-1029
-1174
-1306
-1424
-1522
-1598
-1657
-1699
-1730
-1751
-1766
-1775
-1767
-1753
-1724
-1682
-1632
-1562
-1476
-1374
-1262
-1136
-1001
-862
-717
-575
-432
-292
-162
-45
55
142
216
280
332
376
415
446
470
489
508
529
547
557
565
567
560
549
535
522
503
475
450
430
419
415
409
410
417
435
464
500
553
609
676
748
830
917
1003
1082
1150
1213
1257
1293
1319
1337
1347
1347
1340
1326
1312
1284
1242
1181
1100
998
879
743
597
445
288
129
-30
-184
-339
-481
-617
-750
-878
-1009
-1138
-1257
-1364
-1466
-1557
-1635
-1699
-1747
-1773
-1781
-1776
-1757
-1729
-1687
-1627
-1550
-1466
-1374
-1274
-1170
-1060
-946
-832
-720
-615
-521
-435
-350
-270
-199
-137
-90
-47
-8
21
48
67
83
101
119
139
161
190
217
245
272
296
318
329
345
358
372
386
405
434
469
512
562
615
669
725
776
832
884
934
987
1032
1082
1130
1178
1225
1259
1284
1291
1281
1265
1234
1197
1149
1092
1030
969
906
841
772
693
611
522
430
335
234
136
37
-59
-152
-244
-331
-421
-508
-603
-703
-799
-889
-972
-1045
-1108
-1160
-1200
-1227
-1244
-1255
-1262
-1265
-1268
-1262
-1248
-1225
-1193
-1149
-1096
-1033
-963
-894
-823
-760
-706
-662
-629
-599
-568
-536
-496
-452
-400
-341
-282
-214
-150
-91
-44
-6
26
55
82
106
130
156
187
222
265
306
345
383
419
455
495
537
580
629
676
730
786
845
905
958
1004
1045
1081
1108
1133
1147
1160
1162
1156
1144
1124
1093
1054
1003
940
870
794
713
628
542
454
365
279
194
110
33
-46
-125
-205
-284
-359
-433
-499
-564
-625
-684
-739
-784
-823
-856
-882
-901
-913
-917
-912
-898
-881
-861
-842
-818
-795
-768
-740
-719
-698
-681
-664
-647
-628
-609
-594
-580
-566
-550
-533
-513
-493
-465
-437
-401
-362
-318
-268
-220
-169
-121
-77
-28
17
61
108
154
204
260
321
389
456
525
590
649
704
747
787
820
848
874
893
915
937
961
981
994
997
994
980
957
921
878
827
771
719
664
611
556
501
441
382
316
245
175
101
27
-45
-113
-180
-240
-295
-344
-392
-438
-484
-533
-581
-631
-678
-722
-758
-788
-806
-816
-817
-809
-793
-773
-757
-736
-721
-703
-690
-673
-655
-634
-605
-576
-539
-499
-461
-423
-390
-356
-329
-304
-283
-260
-234
-208
-178
-148
-112
-77
-44
-9
21
52
81
111
142
174
212
252
297
346
394
440
484
525
561
598
630
661
690
721
752
781
809
834
854
868
874
867
861
847
827
799
763
723
677
631
578
521
458
390
322
248
177
103
34
-36
-107
-171
-238
-300
-360
-418
-474
-528
-576
-620
-658
-689
-714
-734
-747
-757
-755
-751
-744
-734
-727
-715
-703
-688
-673
-654
-633
-605
-576
-545
-511
-479
-446
-416
-385
-358
-332
-307
-285
-261
-238
-217
-194
-166
-140
-112
-85
-59
-29
0
31
59
91
120
154
190
225
263
298
335
367
402
435
464
496
524
556
586
613
640
668
693
718
740
753
766
768
770
762
751
737
716
696
674
650
627
598
567
530
490
444
393
338
280
220
159
99
37
-22
-82
-139
-198
-254
-310
-364
-418
-469
-517
-560
-596
-627
-652
-676
-692
-709
-721
-732
-741
-747
-754
-755
-755
-746
-733
-717
-695
-670
-642
-611
-582
-552
-522
-493
-462
-435
-405
-373
-339
-306
-271
-236
-201
-168
-136
-104
-73
-42
-12
18
51
84
118
152
185
220
252
285
318
350
382
412
444
476
507
539
568
597
622
642
659
671
677
681
681
678
673
666
657
647
634
620
601
577
551
521
488
452
412
372
330
289
249
211
172
134
95
56
10
-34
-82
-128
-171
-214
-250
-284
-310
-334
-355
-376
-396
-415
-433
-452
-472
-489
-504
-514
-520
-523
-524
-520
-518
-513
-510
-509
-508
-506
-500
-492
-479
-464
-444
-417
-391
-362
-339
-319
-301
-284
-269
-257
-243
-226
-203
-176
-141
-106
-68
-31
4
35
62
87
106
124
143
164
190
220
252
284
319
348
377
398
415
428
436
447
454
461
471
479
489
495
498
496
490
477
458
434
409
381
352
328
302
279
256
232
209
180
148
112
72
31
-9
-50
-88
-120
-148
-173
-193
-213
-231
-246
-262
-278
-292
-307
-317
-325
-327
-326
-322
-314
-307
-297
-289
-279
-271
-261
-250
-237
-225
-210
-195
-179
-165
-150
-138
-132
-127
-125
-122
-123
-120
-118
-112
-102
-91
-78
-69
-56
-48
-38
-31
-19
-11
1
16
35
58
81
108
134
161
182
205
223
240
257
274
289
305
323
338
351
361
367
366
364
355
340
320
297
276
250
225
197
170
143
111
77
41
6
-30
-67
-103
-139
-171
-200
-225
-250
-272
-288
-298
-306
-312
-315
-319
-320
-319
-314
-307
-300
-287
-273
-261
-249
-233
-219
-202
-183
-164
-149
-138
-126
-112
-90
-70
-53
-37
-23
-11
-4
0
12
24
29
31
39
44
45
52
67
86
102
116
122
121
122
129
136
144
153
161
168
172
177
181
198
218
232
236
233
231
235
245
258
266
265
265
257
239
220
213
216
213
202
184
170
156
149
138
125
108
82
50
18
-10
-32
-46
-54
-63
-86
-113
-133
-144
-160
-183
-208
-236
-266
-284
-294
-310
-317
-311
-305
-317
-338
-356
-365
-363
-361
-367
-379
-381
-362
-344
-326
-310
-287
-261
-246
-236
-233
-220
-193
-162
-143
-131
-114
-90
-65
-31
14
48
80
104
113
114
120
149
189
209
214
235
268
290
308
339
367
382
380
369
360
350
355
375
390
381
372
367
345
333
343
353
349
331
294
246
219
226
240
228
221
219
174
114
83
62
41
51
59
19
-40
-76
-95
-114
-119
-99
-109
-165
-210
-227
-250
-274
-266
-238
-223
-226
-248
-274
-300
-302
-279
-270
-276
-298
-333
-367
-382
-378
-384
-386
-380
-375
-373
-369
-322
-271
-263
-258
-239
-233
-246
-228
-196
-196
-211
-223
-238
-271
-264
-184
-110
-101
-106
-84
-64
-47
3
94
171
216
248
248
203
186
282
398
418
399
398
369
306
280
272
276
382
493
504
457
495
592
616
667
734
697
584
530
464
271
141
165
210
143
33
62
133
158
210
268
252
166
149
171
52
-174
-236
-108
-166
-317
-267
-199
-196
-132
-94
-220
-369
-318
-208
-263
-550
-1206
-1880
-1571
-119
593
-43
-162
463
652
44
-325
-81
162
406
52
-953
-1910
-1791
-817
-478
-223
133
190
381
705
690
167
339
1028
808
-45
-564
-448
-587
-830
-492
-238
-79
220
380
134
-136
130
359
145
-314
-616
-592
-492
-106
387
511
473
443
426
339
150
-63
-201
-60
77
-190
-694
-748
-27
429
238
304
618
872
951
928
954
710
503
304
124
223
238
353
295
357
517
241
260
216
115
83
41
302
161
20
-124
-223
71
23
111
100
33
-9
-238
-137
-356
-620
-728
-725
-512
-450
-272
-136
-82
-25
-80
-149
-95
-57
-169
-312
-343
-367
-575
-485
-267
-95
1
-162
-175
-246
-209
-214
-332
-126
-23
58
5
-17
77
-142
-184
-209
-277
-270
-367
-359
-425
-298
-37
72
298
316
186
59
27
314
362
276
339
379
417
281
204
153
312
672
660
706
737
746
736
497
448
374
340
320
304
366
204
135
-10
-196
-300
-513
-594
-625
-556
-519
-647
-701
-785
-829
-840
-911
-881
-868
-809
-710
-600
-394
-340
-339
-452
-351
-144
-258
-163
-6
211
353
424
568
677
1020
1145
1273
1316
1274
1321
1057
1051
1082
1037
885
694
679
438
378
277
215
229
77
150
183
276
245
116
87
26
25
-141
-300
-440
-513
-426
-332
-294
-325
-325
-268
-202
-223
-274
-336
-285
-217
-190
-143
-116
-63
-179
-374
-663
-993
-1325
-1693
-2086
-2574
-3094
-3607
-3649
-3241
-2534
-2072
-1798
-1491
-1328
-1194
-1400
-1090
-603
-26
387
613
1358
1900
2417
2362
2522
3007
3365
3582
3487
3935
4167
4114
3680
3388
3349
2883
2234
1631
1617
1520
1171
723
369
48
-740
-1586
-2257
-2602
-2928
-3321
-3466
-3287
-2843
-2502
-2144
-1710
-1376
-1325
-1517
-1597
-1524
-1269
-899
-382
241
796
1318
1714
1972
1968
1884
1862
1903
1939
1795
1753
1676
1436
983
565
406
267
125
-59
-8
66
34
12
-95
-215
-492
-733
-780
-665
-596
-561
-388
-134
84
53
-104
-276
-559
-969
-1255
-1309
-1114
-839
-581
-181
355
752
820
734
441
2
-752
-1334
-1641
-2166
-3190
-4511
-5161
-5275
-4815
-4431
-3858
-3129
-2830
-2726
-3052
-2639
-1984
-1236
-680
-146
989
1820
2663
2966
3483
3989
4206
4519
4682
5320
5492
5484
5365
5417
5567
5139
4611
3856
3449
2971
2514
2099
1519
984
78
-854
-1793
-2336
-2592
-2843
-3144
-3511
-3525
-3329
-2946
-2521
-2157
-1873
-1756
-1731
-1674
-1422
-966
-398
227
874
1517
2001
2170
2104
1918
1720
1432
1252
1279
1384
1263
799
372
73
-144
-546
-944
-1176
-1304
-1298
-1262
-1147
-1055
-1060
-1191
-1370
-1501
-1478
-1316
-1052
-765
-377
16
478
1063
1502
1784
1644
1314
838
490
280
131
141
91
366
629
873
629
117
-276
-721
-1162
-2085
-2643
-3310
-4220
-5745
-7295
-7537
-7070
-5922
-5585
-5064
-4388
-3698
-3228
-3459
-2530
-1506
-101
366
1048
2669
4108
5227
4981
5593
6278
7038
6950
6664
7331
7529
7471
6415
6122
5955
5339
4073
2687
2454
2117
1601
415
-251
-549
-1282
-2371
-3412
-3456
-3570
-3956
-4487
-4368
-3544
-2851
-2240
-1675
-843
-338
-209
-195
13
432
618
777
1084
1738
2336
2631
2588
2370
2002
1335
585
-4
-294
-545
-854
-1182
-1308
-1436
-1686
-1989
-2207
-2237
-2218
-2133
-2063
-1841
-1595
-1322
-1141
-1006
-823
-669
-546
-489
-289
43
470
758
989
1148
1267
1245
1116
1002
810
622
284
94
-76
-144
-221
-344
-392
-483
-384
-362
-297
-440
-761
-1079
-1422
-1554
-1929
-2344
-2932
-3778
-4790
-5730
-5545
-4535
-3242
-2440
-1790
-864
-158
126
-7
546
1397
1906
1823
2041
3104
4100
4382
4110
4464
5022
5126
4551
4254
4588
4760
4309
3626
3592
3622
3099
2028
1312
1061
642
-182
-839
-895
-952
-1440
-2124
-2380
-2336
-2445
-2800
-2941
-2622
-2159
-1739
-1261
-626
43
334
270
51
-88
-85
-152
-126
7
521
1019
1302
1319
1087
831
211
-437
-1081
-1380
-1445
-1496
-1291
-972
-386
-72
-3
14
38
54
-287
-587
-753
-671
-581
-569
-432
-318
-237
-390
-491
-457
-332
-234
-212
-109
-5
75
59
42
22
-81
-326
-552
-657
-509
-324
-106
147
422
746
824
1065
1171
1379
1155
558
-12
-660
-923
-1743
-2599
-3861
-4889
-5453
-5524
-4682
-3876
-2698
-2102
-1502
-1194
-962
-468
-92
545
573
812
1062
1769
2574
3134
3851
4344
4917
4951
5106
5310
5538
5513
4999
4720
4384
4128
3488
2929
2486
1889
1102
33
-552
-1067
-1566
-2314
-2951
-3313
-3650
-3934
-4299
-4236
-4066
-3701
-3318
-2678
-1830
-1030
-373
-54
306
522
823
1001
1192
1299
1297
1322
1405
1701
1804
1725
1331
924
563
312
128
-19
-102
-319
-544
-816
-877
-858
-894
-1033
-1226
-1324
-1414
-1455
-1469
-1361
-1203
-1141
-1069
-940
-694
-435
-210
89
495
1009
1451
1870
2196
2318
2200
1849
1519
1200
899
586
335
224
169
177
120
136
104
-32
-229
-628
-1083
-1822
-2473
-3146
-3719
-4288
-5137
-5865
-6683
-6736
-6183
-4982
-3721
-2851
-2100
-1715
-1168
-932
-333
483
1380
1970
2186
2877
3781
4813
5203
5536
5875
6066
5860
5386
5377
5445
5306
4493
3765
3288
2799
2041
1096
546
9
-690
-1546
-2018
-2161
-2456
-2951
-3382
-3323
-3046
-2789
-2536
-2077
-1421
-799
-144
614
1417
1947
2115
2104
2081
2072
2089
2228
2404
2511
2335
1990
1591
1157
665
55
-541
-1168
-1752
-2282
-2633
-2730
-2725
-2695
-2674
-2614
-2531
-2505
-2516
-2465
-2338
-2152
-1985
-1707
-1298
-820
-396
-84
306
702
1066
1260
1362
1532
1737
1984
2144
2360
2478
2369
2041
1511
1050
513
44
-441
-897
-1334
-1746
-1868
-1867
-1584
-1385
-1112
-892
-769
-808
-1237
-1548
-1971
-2156
-2533
-2876
-3221
-3826
-4374
-4992
-4724
-3984
-2846
-1896
-1197
-351
122
506
510
941
1562
2011
2230
2363
3097
3820
4391
4524
4755
4996
4801
4277
3704
3714
3705
3445
2942
2715
2721
2507
2130
1686
1478
1114
526
-131
-553
-845
-1237
-1668
-1934
-1896
-1811
-1731
-1663
-1437
-1175
-868
-563
-173
284
681
998
1102
1183
1145
1146
1068
915
716
488
386
174
-66
-470
-891
-1276
-1545
-1660
-1820
-2024
-2427
-2748
-2964
-2938
-2637
-2276
-1959
-1922
-1943
-2007
-1833
-1584
-1348
-1084
-920
-661
-495
-121
301
756
1015
1027
1070
1030
1217
1410
1756
2040
2190
2192
2029
1990
1847
1673
1275
866
533
211
1
-148
-79
11
81
97
36
9
-237
-567
-1001
-1362
-1628
-2022
-2296
-2674
-2992
-3715
-4442
-4808
-4639
-3851
-3226
-2416
-1838
-1077
-604
-323
88
416
928
914
1193
1570
2302
2928
3215
3610
3785
4097
3918
3860
3791
3748
3566
3026
2756
2506
2500
2237
1994
1743
1391
968
252
-229
-730
-1072
-1557
-1988
-2161
-2156
-1880
-1681
-1261
-913
-442
12
446
932
1293
1638
1670
1620
1394
1315
1324
1281
1153
830
588
239
-79
-474
-753
-1065
-1638
-2306
-2946
-3211
-3417
-3625
-3798
-3699
-3338
-3098
-2889
-2697
-2311
-2019
-1940
-1812
-1465
-838
-324
114
568
1166
1714
2026
2284
2523
2824
2876
2805
2760
2894
3096
3119
3060
2825
2575
2060
1416
770
256
-138
-639
-1072
-1439
-1536
-1684
-1807
-1919
-1966
-1908
-1944
-1896
-1855
-1645
-1597
-1583
-1625
-1668
-1629
-1876
-2138
-2664
-3070
-3334
-3135
-2385
-1591
-669
-258
102
147
117
169
132
324
197
311
348
808
1437
1972
2576
2817
3085
2878
2756
2580
2636
2753
2685
2730
2602
2736
2730
2849
2875
2796
2545
2022
1637
1179
932
613
398
269
157
179
105
133
-16
-144
-299
-396
-358
-389
-306
-345
-382
-617
-848
-988
-1071
-1158
-1468
-1704
-1983
-2130
-2302
-2402
-2463
-2621
-2862
-3171
-3120
-2965
-2683
-2458
-2157
-1648
-1208
-748
-413
31
362
517
591
622
920
1151
1416
1635
1849
1987
1911
1847
1684
1657
1488
1313
1143
1010
1050
1051
1136
1032
942
637
299
-49
-418
-642
-902
-988
-1175
-1211
-1271
-1207
-1116
-1055
-894
-814
-615
-509
-268
-80
130
177
60
-151
-577
-1071
-1903
-2780
-3711
-4343
-4538
-4311
-3694
-3106
-2423
-1959
-1566
-1272
-1053
-628
-329
78
258
585
1059
1656
2471
3120
4019
4597
5106
5274
5422
5595
5580
5555
5249
5160
4862
4659
4308
3997
3643
3047
2335
1412
698
-55
-618
-1145
-1519
-1806
-2136
-2409
-2640
-2730
-2805
-2851
-2810
-2697
-2481
-2267
-2015
-1689
-1401
-1118
-912
-630
-453
-390
-579
-852
-1062
-1148
-1101
-1066
-968
-1040
-1155
-1428
-1466
-1353
-1191
-1181
-1392
-1509
-1612
-1479
-1350
-1054
-737
-531
-467
-550
-512
-422
-342
-290
-146
126
405
654
961
1301
1663
1863
2000
2140
2309
2451
2432
2378
2237
2036
1685
1327
1030
758
506
279
257
321
352
234
2
-234
-505
-773
-1027
-1189
-1272
-1445
-1563
-1664
-1559
-1427
-1395
-1412
-1700
-2101
-2897
-3597
-4160
-4181
-3702
-3051
-2186
-1549
-781
-291
191
455
690
940
1064
1311
1544
2146
2772
3479
3973
4422
4701
4767
4668
4404
4207
3902
3571
3099
2752
2456
2218
1891
1487
1066
618
101
-430
-897
-1299
-1643
-1981
-2206
-2352
-2380
-2484
-2521
-2560
-2467
-2332
-2119
-1822
-1501
-1101
-809
-528
-442
-368
-406
-421
-426
-416
-330
-307
-223
-203
-178
-233
-427
-694
-1042
-1250
-1345
-1319
-1137
-965
-655
-500
-302
-190
-102
-16
-71
19
11
234
379
583
802
1028
1349
1516
1781
1878
2005
1938
1839
1774
1662
1669
1544
1542
1383
1243
953
610
351
14
-190
-509
-582
-664
-659
-733
-847
-894
-1111
-1262
-1526
-1572
-1646
-1598
-1495
-1297
-1000
-892
-757
-796
-769
-986
-1369
-1921
-2669
-3280
-3848
-3799
-3369
-2567
-1827
-1313
-817
-604
-316
-276
97
479
891
1195
1443
2023
2464
3045
3288
3696
3861
3840
3599
3325
3330
3200
3134
2831
2775
2642
2497
2247
2014
1849
1483
1050
478
81
-307
-676
-1063
-1436
-1757
-2137
-2467
-2698
-2709
-2530
-2252
-1808
-1362
-858
-476
-144
31
36
-46
-221
-260
-361
-310
-270
-41
189
398
581
657
689
380
-58
-598
-931
-1172
-1356
-1438
-1352
-1048
-769
-525
-309
-101
29
-54
-159
-152
52
268
383
537
643
774
707
646
596
622
578
450
427
421
511
459
457
462
510
446
282
151
15
-120
-320
-468
-508
-494
-514
-599
-722
-892
-1140
-1324
-1424
-1300
-1147
-925
-726
-475
-269
-179
-49
-34
58
-162
-506
-1055
-1658
-2276
-2909
-3120
-2985
-2415
-1864
-1327
-823
-407
-139
-129
-40
130
381
506
634
1031
1628
2299
2792
3304
3752
4041
4040
3902
3902
3879
3783
3478
3284
3126
2942
2611
2229
1936
1545
1049
420
-76
-505
-914
-1357
-1720
-1977
-2186
-2350
-2469
-2477
-2402
-2228
-1979
-1662
-1373
-1126
-941
-805
-774
-803
-824
-809
-743
-610
-350
-26
252
403
486
549
482
183
-319
-791
-1152
-1448
-1600
-1502
-1077
-684
-432
-317
-175
-79
-201
-398
-579
-517
-436
-316
-137
222
683
1024
1266
1397
1513
1445
1247
1039
905
903
946
1083
1269
1508
1677
1689
1581
1320
983
468
-86
-639
-993
-1169
-1203
-1128
-1087
-1011
-1040
-1065
-1188
-1233
-1256
-1230
-1180
-1083
-855
-641
-468
-425
-385
-515
-765
-1269
-1864
-2472
-2922
-3042
-2854
-2329
-1798
-1228
-793
-408
-168
-125
-85
-8
249
466
804
1266
1827
2366
2633
2886
2979
3055
2893
2715
2639
2642
2791
2785
2946
2966
2989
2717
2326
1845
1205
615
-86
-486
-871
-1052
-1239
-1334
-1385
-1555
-1699
-1989
-2125
-2248
-2180
-1956
-1613
-1152
-733
-267
45
280
345
309
276
218
275
319
472
611
790
953
989
913
593
236
-199
-614
-1023
-1341
-1404
-1310
-1034
-723
-381
-102
-21
-37
-163
-187
-181
-129
-31
70
286
417
586
644
661
544
299
88
-130
-172
-193
-33
195
442
659
728
777
632
421
71
-308
-643
-986
-1099
-1177
-1029
-965
-911
-855
-849
-744
-861
-824
-900
-758
-643
-471
-153
62
389
357
421
244
123
-141
-589
-1047
-1797
-2314
-2842
-2794
-2528
-2051
-1550
-1244
-826
-740
-509
-433
-95
248
480
775
955
1479
1812
2252
2481
2713
2895
2902
3049
3094
3362
3377
3375
3203
2986
2768
2412
2144
1712
1334
813
391
77
-120
-222
-420
-624
-1003
-1409
-1841
-2132
-2247
-2237
-2054
-1802
-1457
-1114
-725
-351
-80
-14
-156
-316
-392
-304
-89
262
631
932
1074
1093
978
698
219
-366
-885
-1331
-1571
-1647
-1433
-1154
-896
-722
-613
-473
-475
-515
-671
-748
-784
-762
-629
-440
-122
127
323
359
325
247
122
50
-67
-77
-42
146
394
666
944
1077
1109
864
574
207
-85
-321
-444
-378
-300
-148
-122
-36
-18
-49
-147
-249
-232
-172
-29
68
180
206
165
72
-31
-163
-411
-821
-1429
-2137
-2739
-2962
-2699
-2162
-1675
-1387
-1274
-1216
-1271
-1298
-1180
-818
-344
22
417
875
1528
2100
2500
2758
2874
2952
2856
2871
2978
3246
3482
3527
3462
3175
2883
2435
2023
1547
1040
560
82
-200
-441
-485
-547
-619
-875
-1268
-1652
-2005
-2124
-2140
-1861
-1490
-1058
-718
-457
-170
-19
38
-188
-460
-736
-875
-832
-656
-308
-1
275
331
236
0
-315
-661
-1114
-1557
-1918
-1952
-1785
-1482
-1195
-872
-527
-342
-303
-432
-439
-409
-316
-245
-129
141
448
798
1052
1266
1331
1258
1073
883
831
915
1107
1293
1432
1476
1440
1301
1115
876
649
451
280
170
101
145
194
228
115
-108
-376
-650
-839
-988
-909
-765
-500
-333
-164
-18
-37
-164
-645
-1068
-1657
-2105
-2650
-3175
-3464
-3624
-3204
-2726
-1988
-1553
-1297
-1209
-1342
-1305
-1329
-872
-356
290
785
1205
1798
2253
2749
2909
3066
3008
2863
2731
2675
2950
3186
3464
3419
3247
2879
2449
2068
1613
1192
598
90
-372
-623
-714
-715
-689
-875
-1215
-1674
-2007
-2114
-2016
-1705
-1288
-837
-504
-292
-100
68
182
81
-172
-501
-743
-780
-557
-146
243
503
536
407
136
-181
-491
-828
-1193
-1548
-1710
-1620
-1358
-1017
-717
-409
-238
-214
-331
-447
-437
-381
-217
-53
255
599
938
1200
1322
1361
1262
1147
1026
994
1064
1180
1316
1387
1430
1410
1323
1159
894
635
355
182
27
-38
-93
-125
-119
-178
-230
-424
-563
-759
-893
-1003
-1063
-984
-922
-802
-742
-698
-760
-1074
-1515
-2128
-2700
-3259
-3705
-3824
-3716
-3186
-2623
-1929
-1453
-1177
-1049
-1094
-950
-874
-513
-158
368
904
1438
2103
2642
3178
3358
3410
3265
3083
2980
2925
3134
3320
3570
3606
3525
3332
2954
2578
2015
1518
877
327
-154
-480
-649
-850
-956
-1213
-1434
-1787
-2028
-2164
-2142
-1953
-1688
-1254
-860
-453
-211
-53
-43
-159
-339
-610
-792
-933
-844
-620
-321
-73
-25
-74
-326
-583
-932
-1192
-1378
-1485
-1435
-1336
-1087
-874
-615
-477
-386
-370
-397
-384
-372
-260
-117
135
395
659
897
1081
1250
1341
1393
1389
1354
1345
1349
1488
1655
1858
1962
1985
1960
1822
1659
1385
1146
850
571
292
32
-157
-315
-376
-453
-579
-780
-979
-1109
-1169
-1169
-1104
-979
-809
-713
-647
-652
-711
-906
-1232
-1622
-2052
-2398
-2773
-3058
-3314
-3377
-3247
-2933
-2491
-2131
-1788
-1595
-1389
-1227
-981
-589
-77
556
1121
1651
2032
2332
2482
2542
2555
2538
2560
2581
2726
2927
3212
3468
3590
3534
3235
2843
2366
1941
1533
1174
865
547
279
-26
-251
-520
-800
-1143
-1535
-1887
-2193
-2274
-2194
-1886
-1542
-1240
-1059
-1034
-1092
-1237
-1346
-1398
-1325
-1139
-870
-565
-293
-55
108
183
160
42
-112
-314
-483
-597
-549
-341
-35
270
440
523
458
366
248
161
132
160
289
471
709
932
1114
1230
1216
1087
868
640
457
348
351
427
563
686
822
949
1065
1126
1089
961
737
481
218
15
-136
-246
-327
-389
-460
-513
-574
-644
-730
-836
-952
-1044
-1078
-1052
-956
-866
-797
-815
-907
-1082
-1325
-1596
-1921
-2263
-2626
-2929
-3050
-2974
-2648
-2203
-1729
-1362
-1167
-1055
-996
-794
-516
-99
359
793
1184
1458
1750
2004
2282
2491
2649
2765
2828
2926
3041
3251
3432
3519
3430
3139
2720
2197
1730
1330
1031
756
461
178
-119
-368
-643
-893
-1184
-1501
-1805
-2032
-2067
-1955
-1676
-1383
-1126
-983
-979
-1039
-1149
-1193
-1194
-1125
-1032
-909
-729
-428
22
466
788
840
698
417
124
-132
-298
-311
-237
-89
28
127
176
210
225
197
135
17
-94
-148
-91
54
258
441
521
489
391
342
363
443
550
657
785
887
981
1029
1045
999
918
825
710
613
514
455
390
338
236
76
-165
-443
-695
-887
-1010
-1088
-1090
-1081
-1036
-1009
-992
-1015
-1059
-1109
-1164
-1171
-1183
-1133
-1079
-996
-936
-919
-942
-1069
-1275
-1620
-2009
-2371
-2540
-2393
-1940
-1263
-614
-118
127
217
245
314
515
750
984
1089
1142
1176
1272
1496
1800
2199
2503
2688
2681
2584
2489
2444
2508
2548
2523
2289
1960
1624
1385
1274
1180
1037
711
251
-302
-776
-1093
-1290
-1377
-1465
-1548
-1648
-1684
-1607
-1413
-1175
-1032
-1010
-1163
-1362
-1534
-1549
-1349
-990
-566
-236
-29
43
72
96
142
154
106
7
-73
-49
101
336
593
779
808
688
472
332
298
387
502
599
644
596
507
403
347
308
280
217
132
67
43
111
218
324
349
284
184
53
-19
-39
50
176
303
361
322
222
48
-93
-264
-354
-471
-569
-650
-679
-622
-577
-496
-532
-589
-746
-903
-1003
-1033
-949
-887
-765
-713
-663
-655
-696
-720
-849
-980
-1296
-1663
-2165
-2624
-2805
-2639
-1998
-1293
-566
-191
-53
-179
-379
-388
-226
244
642
1090
1331
1513
1624
1741
2038
2322
2679
2810
2873
2784
2676
2644
2656
2788
2729
2572
2196
1820
1509
1295
1259
1152
1039
670
230
-278
-689
-955
-1165
-1253
-1467
-1655
-1913
-2017
-1970
-1812
-1616
-1574
-1570
-1720
-1791
-1776
-1558
-1162
-737
-297
-34
186
266
377
488
583
634
483
283
-10
-100
-4
347
787
1114
1274
1141
947
679
549
490
496
511
464
434
324
266
188
174
170
113
23
-144
-215
-237
-112
46
164
201
106
9
-119
-134
-124
-32
25
-5
-123
-330
-503
-670
-704
-684
-594
-550
-572
-632
-721
-793
-902
-1012
-1176
-1354
-1526
-1603
-1527
-1352
-1120
-912
-708
-567
-500
-496
-535
-572
-673
-798
-1033
-1344
-1671
-1820
-1587
-1007
-243
378
766
810
615
306
131
262
627
1105
1482
1756
1823
1767
1666
1681
1873
2108
2319
2375
2358
2247
2179
2234
2369
2462
2311
1994
1551
1141
806
630
610
605
531
262
-88
-516
-916
-1242
-1449
-1550
-1682
-1813
-1960
-2006
-2004
-1981
-1933
-1895
-1830
-1821
-1746
-1580
-1259
-853
-440
-51
198
346
349
343
313
321
370
469
650
820
1033
1202
1378
1498
1538
1523
1429
1307
1115
939
799
725
695
644
577
418
193
-116
-436
-711
-930
-1026
-1026
-910
-803
-709
-656
-612
-559
-537
-511
-521
-523
-560
-602
-611
-563
-454
-349
-270
-235
-246
-301
-344
-305
-211
-122
-129
-243
-447
-698
-886
-957
-874
-748
-630
-561
-507
-474
-465
-455
-449
-458
-556
-757
-1057
-1395
-1671
-1707
-1411
-855
-312
28
119
94
66
130
339
646
998
1238
1398
1433
1430
1385
1401
1535
1738
1945
2001
1973
1840
1756
1749
1853
1961
1932
1733
1386
1069
791
620
508
432
318
122
-131
-422
-687
-907
-1066
-1154
-1228
-1330
-1472
-1589
-1631
-1582
-1442
-1297
-1170
-1124
-1102
-1052
-917
-707
-471
-222
-13
177
300
429
557
686
789
822
806
728
659
651
781
1029
1310
1533
1626
1591
1434
1224
1013
835
715
612
521
409
290
138
-41
-232
-423
-596
-771
-908
-1012
-1032
-998
-927
-835
-770
-741
-764
-798
-830
-852
-889
-918
-913
-847
-742
-640
-574
-575
-634
-708
-746
-727
-673
-636
-647
-699
-751
-786
-775
-694
-563
-435
-333
-279
-281
-332
-388
-412
-412
-461
-637
-909
-1157
-1218
-1015
-580
-62
354
543
491
323
194
243
492
894
1328
1677
1842
1785
1596
1390
1313
1393
1568
1729
1776
1712
1574
1478
1457
1474
1455
1328
1095
781
476
242
141
136
141
82
-91
-341
-648
-914
-1107
-1189
-1190
-1157
-1108
-1101
-1115
-1163
-1139
-1031
-861
-715
-656
-639
-645
-556
-384
-104
189
444
614
689
733
721
718
709
730
740
723
691
639
663
782
1018
1291
1463
1441
1189
816
417
148
42
71
144
144
62
-161
-426
-700
-844
-844
-740
-611
-556
-552
-623
-648
-643
-569
-514
-507
-553
-648
-702
-743
-704
-620
-505
-423
-426
-485
-606
-707
-757
-721
-620
-534
-487
-512
-538
-573
-568
-537
-498
-472
-513
-567
-676
-751
-829
-865
-904
-983
-1097
-1236
-1258
-1166
-896
-545
-170
95
196
169
72
44
121
374
723
1104
1373
1475
1474
1433
1450
1544
1700
1830
1840
1738
1564
1414
1327
1328
1392
1463
1492
1402
1240
1005
798
627
508
396
212
-37
-366
-634
-834
-923
-965
-992
-1029
-1067
-1038
-984
-882
-801
-730
-708
-713
-721
-703
-604
-439
-189
66
279
384
395
405
456
583
745
911
1030
1052
1023
966
950
949
968
973
951
887
743
581
407
276
145
46
-49
-156
-277
-431
-552
-648
-689
-723
-738
-753
-784
-819
-860
-869
-855
-795
-722
-627
-553
-520
-522
-564
-585
-605
-597
-577
-550
-506
-452
-368
-301
-247
-250
-304
-396
-482
-525
-543
-519
-503
-478
-480
-527
-612
-714
-788
-843
-851
-878
-931
-1043
-1157
-1147
-967
-619
-247
74
235
246
158
85
138
317
615
913
1176
1309
1294
1193
1089
1091
1194
1396
1595
1742
1779
1711
1598
1466
1363
1228
1096
930
758
608
496
454
406
350
195
-27
-320
-604
-829
-974
-1005
-991
-900
-807
-708
-636
-577
-512
-475
-447
-503
-618
-774
-840
-687
-297
251
736
1043
1040
802
450
167
126
306
694
1097
1421
1488
1299
943
598
478
554
829
1072
1204
1094
811
470
137
-107
-320
-438
-539
-595
-662
-722
-752
-789
-781
-794
-799
-858
-933
-964
-930
-785
-628
-470
-403
-424
-524
-657
-741
-790
-750
-689
-585
-514
-481
-464
-445
-372
-321
-257
-266
-320
-420
-504
-513
-471
-364
-292
-235
-260
-365
-531
-709
-812
-862
-822
-788
-794
-890
-1018
-1055
-948
-669
-328
6
211
280
255
213
263
393
622
859
1072
1180
1166
1113
1074
1145
1304
1539
1730
1814
1748
1570
1393
1242
1188
1166
1184
1165
1090
984
859
753
621
485
308
96
-159
-437
-702
-940
-1110
-1213
-1186
-1053
-865
-675
-544
-474
-500
-555
-620
-620
-544
-405
-200
4
185
245
242
188
163
193
278
415
523
625
671
717
732
723
685
616
564
513
516
529
555
557
515
418
237
2
-272
-494
-643
-702
-689
-656
-619
-634
-632
-628
-581
-525
-476
-422
-391
-350
-337
-283
-225
-155
-109
-94
-114
-196
-284
-370
-380
-359
-309
-278
-286
-339
-444
-548
-623
-645
-636
-599
-555
-551
-591
-658
-709
-739
-748
-758
-796
-848
-935
-996
-1014
-957
-839
-672
-483
-312
-162
-61
38
128
249
391
557
717
832
936
1018
1115
1204
1302
1382
1424
1414
1363
1307
1259
1231
1222
1227
1216
1158
1042
887
717
565
434
347
286
223
133
20
-113
-248
-365
-463
-527
-593
-655
-713
-728
-689
-602
-486
-372
-290
-259
-262
-287
-278
-227
-129
5
151
273
356
404
441
476
522
576
627
661
664
648
611
559
493
419
342
265
186
120
68
27
-14
-63
-121
-198
-275
-343
-385
-413
-437
-457
-480
-499
-517
-518
-492
-457
-419
-394
-389
-401
-443
-484
-522
-551
-572
-595
-613
-616
-602
-564
-506
-453
-424
-433
-472
-518
-562
-591
-608
-615
-600
-563
-491
-415
-350
-319
-321
-348
-395
-433
-472
-473
-436
-339
-197
-39
90
184
259
328
437
544
669
774
846
904
948
999
1041
1083
1101
1109
1094
1053
988
908
839
776
735
705
660
594
500
417
353
328
325
311
284
211
110
-14
-132
-234
-319
-390
-451
-503
-549
-573
-586
-570
-543
-512
-487
-480
-474
-459
-410
-327
-203
-68
61
154
206
230
231
241
247
259
252
219
164
113
96
122
199
301
394
452
456
420
366
320
297
289
284
254
196
101
3
-81
-131
-138
-130
-121
-151
-220
-318
-417
-495
-538
-552
-555
-545
-535
-515
-487
-447
-406
-371
-356
-364
-397
-454
-507
-548
-567
-557
-538
-518
-504
-502
-490
-464
-423
-372
-322
-281
-255
-240
-222
-192
-151
-103
-61
-29
4
41
92
156
220
269
297
288
252
219
200
241
333
469
619
736
799
801
771
733
721
732
759
781
785
767
723
667
595
524
447
375
308
246
188
130
84
43
5
-32
-80
-138
-201
-261
-307
-322
-323
-312
-306
-320
-346
-387
-431
-477
-508
-506
-470
-392
-290
-191
-116
-73
-55
-43
-21
13
57
110
164
211
246
268
270
262
242
223
202
176
145
110
84
72
77
91
103
99
82
50
18
-4
-24
-44
-71
-100
-128
-149
-171
-194
-215
-230
-241
-248
-265
-290
-319
-341
-332
-307
-270
-245
-241
-261
-285
-306
-317
-321
-318
-308
-304
-290
-279
-268
-256
-243
-214
-180
-143
-116
-104
-97
-89
-64
-26
17
53
76
95
123
163
216
275
329
375
401
412
404
397
400
421
463
508
537
533
496
443
384
338
306
287
277
266
247
218
177
122
64
2
-56
-110
-150
-170
-164
-138
-109
-87
-92
-124
-181
-239
-289
-320
-324
-309
-274
-236
-197
-170
-150
-140
-133
-122
-111
-95
-74
-40
2
49
91
118
126
119
104
96
102
128
163
194
209
203
178
141
100
68
56
64
81
100
111
107
98
81
65
48
25
0
-28
-53
-69
-80
-87
-99
-119
-147
-176
-201
-222
-236
-247
-249
-238
-219
-201
-191
-194
-202
-204
-194
-174
-147
-128
-113
-103
-93
-81
-69
-60
-58
-58
-50
-27
14
59
101
134
158
169
177
179
180
184
189
195
194
189
177
165
159
160
161
157
134
102
67
42
32
34
45
59
64
62
57
54
48
40
24
-3
-33
-65
-91
-105
-111
-101
-87
-77
-75
-83
-101
-123
-140
-149
-149
-141
-130
-120
-112
-108
-104
-103
-105
-113
-126
-141
-159
-168
-170
-165
-153
-139
-127
-106
-88
-68
-47
-32
-12
1
13
23
28
36
52
75
109
147
182
212
233
250
261
265
259
251
237
228
227
234
246
257
259
253
243
228
206
175
142
106
75
48
32
20
12
13
12
6
-7
-27
-59
-87
-116
-135
-145
-146
-143
-138
-131
-122
-109
-92
-67
-41
-15
4
24
42
51
55
53
44
36
26
18
15
12
19
27
38
47
48
34
1
-38
-80
-106
-110
-98
-76
-55
-39
-30
-33
-50
-79
-113
-147
-178
-200
-215
-221
-213
-198
-177
-158
-149
-152
-170
-194
-217
-227
-221
-205
-181
-157
-136
-118
-105
-97
-94
-94
-91
-87
-81
-72
-69
-67
-68
-64
-60
-48
-32
-10
18
48
79
103
115
115
109
96
91
93
111
140
169
193
204
205
197
184
165
150
138
131
130
134
142
153
167
177
182
179
172
161
152
147
147
153
158
159
151
143
133
127
126
124
126
125
124
121
116
108
98
83
76
74
76
83
85
82
75
62
44
23
4
-11
-23
-33
-38
-40
-42
-46
-51
-54
-53
-47
-39
-33
-32
-34
-40
-47
-54
-63
-72
-79
-83
-84
-85
-90
-97
-112
-133
-157
-176
-194
-209
-219
-226
-224
-214
-202
-192
-191
-198
-207
-222
-233
-241
-247
-251
-255
-253
-249
-251
-251
-251
-247
-230
-208
-184
-159
-136
-116
-97
-77
-57
-31
-4
24
52
76
95
107
111
114
112
110
107
104
98
94
88
78
74
72
78
88
102
117
132
142
150
151
152
153
152
152
151
151
152
150
148
147
145
147
146
149
153
159
163
173
184
191
205
214
222
230
238
245
250
251
242
229
210
185
155
122
87
60
41
30
24
17
11
6
-1
-7
-17
-30
-40
-52
-55
-58
-60
-58
-64
-66
-69
-80
-86
-99
-115
-129
-143
-156
-166
-172
-176
-175
-169
-160
-152
-147
-144
-144
-141
-141
-140
-143
-145
-145
-143
-143
-144
-148
-148
-149
-150
-150
-158
-164
-169
-174
-175
-178
-174
-164
-148
-130
-114
-102
-88
-78
-63
-49
-37
-23
-18
-11
-6
-2
2
10
15
21
25
25
23
18
12
7
8
11
16
22
30
36
48
60
70
78
88
95
101
106
106
108
109
108
109
108
110
112
121
126
123
124
116
114
111
106
111
115
127
143
155
164
173
177
185
192
193
193
186
178
163
145
133
118
109
100
88
79
64
47
25
4
-10
-20
-24
-21
-22
-19
-17
-18
-15
-16
-15
-16
-20
-23
-31
-42
-47
-56
-60
-62
-67
-65
-67
-69
-68
-71
-74
-73
-76
-76
-75
-74
-72
-71
-66
-59
-55
-57
-61
-68
-78
-86
-99
-118
-134
-148
-162
-170
-177
-183
-183
-187
-192
-194
-199
-196
-190
-179
-163
-151
-141
-128
-118
-111
-104
-100
-93
-81
-72
-61
-55
-52
-46
-40
-27
-20
-13
-6
-4
0
4
3
7
16
28
47
63
81
88
93
98
99
101
103
106
111
118
130
141
147
156
159
164
169
165
166
160
159
160
162
168
172
177
188
193
201
200
196
192
181
171
158
148
143
136
136
133
123
116
103
89
76
60
45
29
13
2
-10
-17
-15
-15
-6
-4
-5
-5
-14
-25
-39
-50
-53
-54
-55
-60
-70
-76
-83
-90
-100
-108
-115
-122
-131
-139
-148
-153
-150
-146
-136
-127
-118
-109
-105
-106
-111
-119
-126
-134
-143
-149
-154
-151
-148
-144
-144
-144
-143
-140
-137
-137
-135
-133
-126
-122
-119
-114
-108
-96
-84
-76
-71
-63
-60
-55
-52
-51
-46
-35
-22
-9
3
16
28
41
48
54
62
66
68
64
61
62
66
71
74
79
84
93
96
99
97
98
102
105
110
110
111
119
129
135
143
143
148
152
153
148
136
130
124
118
120
123
131
144
152
159
158
159
152
145
136
124
116
109
99
91
75
57
48
33
26
16
7
1
-10
-16
-25
-33
-33
-36
-32
-29
-30
-31
-36
-46
-60
-72
-80
-86
-87
-87
-87
-80
-75
-71
-68
-66
-64
-63
-66
-74
-80
-85
-90
-91
-92
-97
-95
-95
-95
-96
-104
-115
-125
-131
-140
-145
-149
-147
-144
-134
-130
-126
-124
-125
-124
-123
-120
-120
-120
-117
-113
-107
-97
-86
-76
-65
-56
-46
-41
-37
-33
-24
-16
-2
10
23
34
47
62
70
78
79
82
84
85
83
83
83
85
93
101
110
117
127
133
136
138
135
131
127
120
118
115
113
110
106
104
103
102
100
99
96
91
89
85
85
85
85
84
82
78
70
64
56
49
42
34
29
21
17
9
4
2
1
2
2
-1
-5
-10
-16
-24
-29
-37
-38
-39
-41
-43
-46
-45
-46
-45
-44
-48
-51
-50
-53
-51
-55
-62
-64
-67
-68
-68
-68
-66
-65
-62
-58
-57
-55
-54
-53
-50
-47
-45
-46
-52
-60
-65
-68
-68
-66
-64
-61
-55
-48
-42
-36
-34
-31
-28
-24
-26
-27
-31
-33
-36
-36
-36
-33
-28
-24
-21
-19
-19
-19
-15
-14
-15
-13
-12
-11
-10
-6
-3
0
6
13
16
21
23
25
29
29
32
35
39
44
47
48
48
50
49
47
46
44
45
47
47
51
56
58
62
62
62
62
60
60
52
46
37
32
29
27
27
28
32
35
38
38
34
31
31
30
31
30
28
24
23
20
18
20
21
24
26
26
25
24
20
19
17
17
17
17
16
13
10
7
3
0
-4
-7
-9
-9
-12
-17
-20
-24
-26
-25
-25
-26
-26
-29
-30
-36
-43
-50
-57
-59
-61
-61
-62
-64
-65
-66
-69
-71
-68
-65
-60
-58
-57
-57
-56
-57
-57
-57
-55
-52
-48
-46
-46
-48
-52
-52
-53
-48
-45
-38
-33
-27
-23
-20
-18
-15
-10
-6
1
4
7
9
11
13
14
17
20
23
24
25
25
28
28
30
33
37
40
45
48
52
55
58
61
60
62
63
64
63
63
58
56
54
49
47
45
41
41
41
42
42
44
46
47
49
51
52
48
46
39
35
29
25
22
20
17
14
10
6
3
0
-2
-2
-3
-1
0
0
1
0
-1
0
-1
0
-2
-5
-10
-13
-16
-20
-21
-23
-23
-22
-21
-20
-22
-22
-24
-25
-26
-27
-31
-32
-37
-42
-43
-46
-46
-44
-43
-41
-42
-43
-43
-43
-43
-45
-47
-48
-46
-45
-44
-45
-44
-43
-41
-37
-34
-33
-32
-30
-29
-28
-26
-24
-21
-18
-13
-8
-6
-3
-3
-2
1
2
4
4
6
8
8
7
9
11
15
19
22
23
22
24
24
23
23
22
21
20
22
22
19
18
14
14
14
13
13
11
10
9
9
10
12
13
14
16
17
20
21
20
19
19
19
19
18
19
20
22
22
22
21
23
26
28
31
33
34
35
35
32
31
29
31
31
30
28
26
25
25
24
23
23
23
22
21
20
17
15
11
8
5
3
1
-1
-4
-6
-9
-11
-13
-13
-13
-14
-13
-15
-17
-20
-23
-25
-27
-27
-30
-30
-31
-32
-34
-35
-36
-35
-34
-32
-29
-28
-26
-25
-23
-21
-21
-22
-21
-20
-17
-16
-13
-13
-14
-13
-16
-16
-16
-17
-15
-14
-12
-9
-7
-3
-1
1
3
2
2
2
-1
-4
-6
-11
-12
-13
-13
-13
-15
-16
-17
-18
-20
-21
-22
-25
-25
-25
-27
-29
-31
-32
-32
-30
-28
-27
-26
-24
-25
-23
-24
-25
-21
-16
-9
-1
5
11
15
19
23
26
28
32
37
39
43
43
41
41
44
48
52
55
56
56
56
58
57
54
51
49
48
47
45
44
41
38
39
37
37
34
31
28
25
20
15
10
7
5
4
3
2
1
1
0
-2
-5
-7
-7
-7
-7
-7
-5
-6
-4
-1
2
3
3
3
4
5
6
4
2
1
1
4
5
4
4
6
7
9
7
4
1
-4
-6
-9
-13
-16
-19
-20
-21
-24
-27
-29
-31
-31
-34
-36
-36
-37
-37
-35
-35
-35
-36
-37
-38
-38
-39
-42
-45
-46
-46
-47
-47
-48
-49
-48
-47
-45
-44
-43
-41
-38
-37
-37
-37
-38
-39
-38
-38
-37
-35
-34
-29
-24
-20
-16
-14
-11
-8
-4
-1
0
5
9
13
15
18
21
22
28
30
32
34
34
36
38
41
42
43
46
51
54
57
59
59
58
58
56
54
52
51
51
51
51
51
52
53
55
55
55
54
53
53
51
49
46
42
40
37
37
34
33
31
28
28
26
23
21
16
17
15
14
12
8
6
3
0
-1
-4
-7
-8
-12
-13
-16
-20
-20
-21
-21
-23
-24
-25
-26
-26
-28
-30
-30
-32
-34
-35
-39
-42
-44
-47
-49
-51
-50
-51
-51
-50
-51
-51
-52
-54
-55
-56
-56
-55
-55
-54
-53
-52
-49
-50
-49
-47
-45
-45
-46
-46
-44
-42
-39
-36
-33
-31
-28
-25
-23
-21
-18
-14
-10
-5
-2
3
6
7
11
13
17
20
22
26
29
33
38
41
45
47
49
50
50
50
48
47
46
45
46
46
47
48
47
48
48
47
47
45
42
40
37
34
31
30
28
27
26
25
26
25
23
22
21
17
15
13
13
13
14
15
15
16
16
15
15
12
8
4
-1
-3
-7
-9
-10
-10
-8
-7
-5
-4
-5
-5
-7
-10
-13
-17
-18
-20
-22
-24
-23
-23
-21
-20
-18
-19
-20
-22
-25
-26
-29
-30
-31
-31
-30
-26
-24
-23
-22
-22
-22
-23
-25
-26
-28
-29
-30
-29
-28
-27
-24
-20
-18
-15
-14
-13
-13
-14
-14
-16
-16
-17
-14
-11
-8
-5
-3
0
0
3
5
5
7
8
10
11
12
13
14
14
16
17
18
17
18
19
20
20
21
21
22
24
26
24
24
22
21
19
16
16
15
14
14
15
13
13
13
12
12
13
11
10
9
8
9
8
7
8
8
8
7
8
8
7
7
5
4
3
3
3
5
5
7
7
6
8
7
8
5
4
3
0
-1
-2
-3
-4
-5
-3
-3
-1
-2
-4
-4
-5
-7
-9
-12
-12
-14
-16
-18
-20
-20
-19
-18
-19
-19
-20
-20
-22
-22
-23
-26
-26
-28
-27
-26
-24
-21
-21
-18
-16
-15
-14
-14
-14
-14
-16
-14
-14
-14
-14
-13
-10
-8
-7
-5
-5
-4
-4
-3
-3
-3
-3
-2
-1
2
4
5
6
7
7
8
7
9
10
9
10
12
13
13
18
19
21
22
23
23
24
23
23
22
19
19
19
18
19
19
18
18
19
20
19
19
18
18
18
17
16
14
14
13
14
15
15
15
15
16
16
14
13
11
10
8
7
4
2
1
2
3
5
6
7
8
9
8
7
5
5
3
-1
-3
-4
-4
-5
-5
-4
-5
-5
-6
-7
-9
-9
-11
-11
-12
-13
-14
-13
-14
-16
-16
-18
-19
-19
-20
-24
-25
-27
-29
-30
-29
-30
-30
-29
-29
-28
-27
-27
-27
-26
-26
-25
-25
-26
-24
-27
-28
-29
-29
-28
-27
-26
-24
-22
-20
-17
-14
-12
-10
-9
-7
-7
-6
-5
-4
-4
-3
-3
-1
2
4
6
9
12
12
14
15
16
17
17
19
21
21
21
22
22
23
24
26
25
26
26
26
27
27
26
28
28
30
29
31
31
31
32
31
31
31
31
30
30
31
30
29
28
27
25
24
24
22
22
21
20
18
17
17
16
16
16
14
13
11
9
7
6
5
2
0
-1
-4
-5
-7
-9
-11
-12
-13
-15
-16
-18
-20
-21
-23
-24
-26
-27
-28
-29
-30
-32
-32
-32
-32
-31
-31
-29
-29
-30
-30
-31
-30
-30
-30
-29
-29
-28
-27
-25
-25
-25
-24
-25
-26
-25
-25
-23
-22
-21
-20
-17
-15
-13
-10
-10
-10
-8
-8
-6
-6
-6
-6
-7
-4
-3
-1
0
1
3
4
4
6
6
6
9
9
10
10
10
11
12
13
14
14
14
15
14
15
15
16
16
18
19
20
20
21
22
23
23
24
24
24
25
25
24
26
25
24
24
24
24
23
23
23
23
22
23
21
22
21
20
20
18
18
16
15
13
11
12
9
8
7
6
7
6
6
5
4
4
3
2
2
2
1
-1
-2
-4
-6
-6
-6
-6
-8
-8
-10
-14
-15
-17
-18
-19
-20
-20
-21
-21
-22
-23
-23
-24
-24
-24
-24
-24
-24
-26
-26
-26
-27
-27
-27
-27
-27
-26
-27
-27
-26
-26
-25
-24
-22
-21
-20
-20
-18
-17
-17
-16
-16
-16
-15
-14
-12
-11
-10
-9
-9
-7
-6
-5
-4
-2
1
3
3
5
6
10
11
12
13
15
16
18
18
19
21
22
22
23
23
23
23
24
24
24
24
25
26
26
26
26
26
25
26
25
24
23
24
22
21
20
20
20
20
19
18
16
14
14
13
12
10
8
7
7
5
4
3
2
2
0
-2
-3
-4
-6
-7
-7
-7
-8
-9
-9
-9
-10
-9
-10
-11
-13
-14
-15
-15
-17
-17
-18
-17
-18
-17
-17
-16
-15
-15
-13
-12
-12
-12
-10
-9
-8
-9
-10
-11
-11
-11
-11
-10
-11
-9
-9
-8
-8
-7
-8
-7
-5
-4
-4
-4
-3
-4
-4
-3
-2
-1
-2
-2
-1
-2
-3
-2
-3
-4
-3
-1
-1
-1
-2
-1
0
1
2
2
2
1
3
2
3
4
6
6
6
9
8
8
9
10
9
9
9
9
9
10
9
10
9
9
9
9
10
10
10
10
11
11
10
9
10
9
9
8
7
7
5
5
4
4
5
4
4
5
3
3
3
2
2
1
-1
-1
-1
-2
-1
-1
-1
-2
-3
-3
-4
-3
-4
-4
-3
-5
-5
-6
-7
-6
-7
-7
-6
-5
-6
-5
-5
-6
-6
-7
-7
-7
-9
-7
-7
-8
-8
-7
-8
-8
-8
-6
-7
-8
-6
-6
-6
-6
-6
-5
-4
-3
-3
-2
-2
-2
-2
-1
0
0
0
0
0
1
1
2
2
1
3
3
4
4
4
4
4
4
3
5
5
4
5
5
5
6
6
5
6
5
5
4
5
4
5
5
4
3
3
3
3
3
2
2
2
2
3
3
3
3
3
2
2
2
0
0
-2
-2
-2
-3
-3
-4
-4
-5
-5
-4
-3
-3
-2
-2
-1
-1
-1
-1
-1
0
0
0
0
-1
-2
-1
-2
-3
-3
-2
-1
-1
-1
-1
-1
-1
-1
0
-1
-1
-1
-1
0
1
0
1
1
1
1
1
1
1
1
0
0
0
0
0
1
0
0
1
1
0
1
1
0
0
0
0
0
-1
1
1
1
1
1
0
-1
-1
-2
-1
-2
-1
0
0
0
0
0
0
0
0
1
0
0
-1
0
0
-1
0
0
1
1
0
1
0
-1
-1
-1
-2
-2
-3
-2
-2
-1
-2
-2
-1
-2
-2
-1
-1
0
0
1
1
1
1
1
0
2
2
2
2
0
0
0
-1
-1
-1
-1
-2
-1
-1
-1
0
-1
1
0
1
1
2
2
2
2
2
1
1
2
2
2
1
2
1
1
1
2
1
2
2
1
1
0
0
0
0
0
0
2
0
0
-1
0
0
0
0
0
0
0
-1
0
-1
-1
0
0
-1
0
-1
0
-1
0
0
0
1
1
1
0
0
0
-1
-1
0
1
1
2
0
-1
-1
-1
-1
-1
-1
-1
-2
-2
-2
-2
-1
-1
0
0
1
0
0
-1
-1
-1
-2
-2
-1
-1
-1
-2
-1
-1
-2
-1
-1
-1
-2
-2
-1
-2
-2
-1
-1
-2
-1
1
0
1
1
1
1
0
0
2
2
1
3
3
2
2
0
1
0
1
1
0
-1
1
0
0
0
-1
-1
0
0
0
-1
-1
0
0
1
0
0
0
0
1
1
1
2
0
1
2
1
0
0
1
0
1
2
2
2
2
2
2
2
2
2
2
1
1
1
0
-1
-1
-3
-1
-1
0
0
0
0
0
0
0
-1
0
0
0
1
0
0
-1
-1
-1
0
-1
0
-1
-1
-1
0
-1
-1
0
0
1
0
0
0
0
0
-1
-2
-2
-2
-1
-1
-1
-1
-1
-1
-2
-1
0
0
-1
0
0
0
0
-1
0
1
0
0
-1
-1
-1
-2
-1
-1
-1
-1
-1
0
0
0
0
0
1
1
1
1
0
1
0
1
1
1
1
1
0
0
-1
-1
-2
0
0
1
1
1
0
0
1
0
1
1
1
1
1
1
1
1
0
0
0
0
-1
-1
-1
-1
-1
0
1
1
2
2
1
2
2
2
2
1
1
0
0
0
1
0
0
0
0
0
-1
-1
0
-1
-1
-1
-1
0
0
0
0
0
-1
-1
-1
0
0
0
-1
-1
-2
0
-1
0
-1
0
0
0
0
1
1
0
0
-1
1
0
1
0
-1
0
-1
-1
-1
-1
-1
-1
-1
-2
-2
-2
-1
-1
0
1
1
1
2
0
1
0
0
-1
-2
-2
-1
-1
-2
-2
-2
-2
-2
-2
-2
-1
-1
-1
-1
0
0
0
1
1
2
2
2
2
2
1
1
0
0
1
2
1
1
0
0
1
1
3
3
3
2
3
3
3
2
1
2
3
2
1
1
0
0
0
1
0
-1
0
0
0
0
-1
-2
-2
-2
-1
-1
-1
-2
-2
-2
0
0
1
0
0
1
1
1
0
0
-2
0
-1
-1
-1
-1
0
-1
-1
-1
-1
-1
0
-1
-1
-2
-2
-1
-3
-1
-1
-1
-1
-1
-1
-1
-2
0
-1
0
-1
0
-1
0
-1
0
0
-1
-1
-1
0
0
0
0
0
0
0
0
-1
0
0
1
0
1
1
2
1
2
1
0
0
0
1
1
1
1
0
1
1
0
2
2
2
1
1
2
1
1
0
1
1
0
1
0
1
1
1
2
1
1
1
0
0
0
0
0
0
0
0
-1
0
-1
-1
-2
-1
0
0
0
0
-1
-1
-1
0
0
0
-1
0
-1
-1
-1
0
-1
0
0
0
0
-1
0
0
0
0
0
-2
-1
-1
0
0
0
0
-1
0
1
2
1
1
1
0
1
1
1
0
0
1
-1
0
0
-1
-1
0
0
1
1
1
2
1
0
1
0
0
-1
0
0
0
0
-1
-1
-2
-2
-1
-1
-2
-2
-1
-1
-1
-1
0
-1
-1
-1
0
-1
-1
-1
-1
-2
-2
-2
-2
-2
-2
-2
-2
-1
0
-1
0
0
0
1
1
0
0
0
1
1
0
0
0
0
0
1
0
1
1
2
1
2
2
2
3
3
2
2
2
2
1
2
1
2
2
3
2
2
1
1
2
2
1
1
1
0
1
0
-1
0
-1
0
1
1
0
1
0
0
0
0
0
0
-1
-2
-1
-2
-2
-2
-2
-2
-2
-2
-3
-2
-1
-2
-3
-1
-1
-1
-1
-2
-1
0
0
0
0
-1
-2
-1
-1
-1
-1
-1
-1
0
0
0
0
1
0
0
2
1
0
0
0
0
0
-1
0
0
-1
0
-1
0
0
0
1
1
0
0
1
0
1
1
0
0
0
-1
-1
0
-1
-1
-1
0
-1
1
0
0
0
1
1
0
1
0
0
0
0
0
-1
0
0
0
0
-1
-1
0
-1
0
-1
-1
-1
-1
-1
0
-1
0
0
1
0
0
-1
0
0
0
0
1
1
0
0
0
0
0
1
0
0
0
1
1
1
0
0
-1
-1
0
0
1
1
0
1
0
0
1
2
1
2
1
1
1
0
1
0
0
0
0
0
0
-1
1
1
1
1
1
0
0
1
0
0
2
1
0
1
1
1
1
2
1
1
1
1
0
1
0
0
0
-1
0
-1
-1
-1
-1
-1
-1
-1
-2
-1
-1
-2
-3
-1
-2
-2
-2
-3
-2
-2
-3
-3
-2
-3
-1
-2
-1
-1
-2
-1
-1
-1
-1
-1
0
1
0
1
1
1
2
1
1
0
1
1
1
1
2
2
2
2
2
3
2
3
3
2
2
2
2
1
2
1
2
2
2
2
2
2
2
2
1
1
-1
0
0
0
0
0
-1
1
-1
-1
-1
-1
-2
-1
-2
-2
-1
-1
-1
-1
0
-1
0
-1
0
-1
-1
-1
-2
-1
0
-1
-1
1
-1
0
-1
-1
-1
-1
-1
-2
-2
-1
-1
-1
-1
-1
-2
0
-1
0
1
0
0
0
0
0
1
0
1
1
0
1
1
1
1
2
1
0
1
1
1
1
1
1
1
2
2
0
1
1
1
0
0
-1
0
1
1
1
0
0
0
0
0
-1
-2
0
-1
-1
-1
-1
-1
-1
-1
0
1
0
0
-1
0
-1
0
-2
-1
-1
-1
-1
0
0
1
1
1
1
1
1
1
1
1
0
1
0
1
0
0
0
0
0
0
0
0
-1
-1
0
0
0
0
0
-1
-2
-1
-1
-1
-1
-1
0
-1
-2
-1
-1
-1
-1
0
0
1
0
1
0
1
1
1
1
1
1
1
1
1
1
1
0
0
0
1
0
0
0
0
0
0
1
1
0
1
1
1
0
0
0
0
0
-1
-1
-1
-1
-1
-1
0
0
0
0
0
0
1
0
1
0
1
0
-1
-1
-1
-1
-1
0
-1
-1
-2
-2
-1
-1
-1
-1
0
0
-1
0
0
0
0
0
0
0
0
0
0
1
0
1
0
0
0
1
1
1
2
2
1
0
1
1
0
1
0
-1
-1
0
0
1
1
1
1
0
0
0
-1
-1
0
-1
-1
0
0
0
0
0
0
0
-1
-2
-1
-1
-1
-1
-1
-1
0
0
-1
0
0
1
1
0
0
0
0
0
-1
0
0
0
0
0
0
0
-1
-2
-1
0
0
0
0
0
0
-1
-1
1
0
0
-1
0
1
0
0
1
1
1
1
1
0
0
0
-1
-1
0
-1
0
-1
-1
-1
1
0
0
0
-1
-1
-2
-1
0
0
0
0
0
-1
0
0
0
0
0
0
1
0
1
2
1
1
1
2
1
2
1
1
1
1
1
1
0
1
1
0
1
1
0
0
0
0
-1
0
0
-1
-1
-2
-1
0
-1
-1
-1
0
0
-1
0
-1
0
0
1
1
0
1
1
0
0
1
1
1
1
2
1
0
0
-1
0
0
0
0
-1
0
0
-1
0
0
0
0
-1
0
0
0
0
0
0
0
1
1
0
0
0
0
-1
0
0
0
0
0
0
-1
0
0
0
0
0
-1
0
-1
-2
0
-2
0
-1
0
0
0
-1
-1
-1
-1
-1
0
0
0
1
1
0
0
1
0
0
0
1
0
0
-1
-1
0
1
1
1
1
1
1
0
0
0
0
-1
0
-1
0
-1
-2
-1
0
0
0
1
1
1
0
-1
0
0
0
0
0
0
1
-1
-1
-1
0
-1
0
1
0
0
-1
0
0
1
0
0
