0
0
0
0
1
0
1
0
0
0
0
-1
0
0
0
0
0
0
0
0
0
0
-1
0
0
0
0
1
1
0
1
0
0
0
1
0
0
0
0
0
0
-1
-1
-1
-1
0
0
0
0
0
-1
0
0
0
0
0
-1
0
-1
0
1
0
0
1
0
0
-1
0
-1
0
0
0
-1
0
1
-1
0
0
0
0
-1
0
1
0
-1
1
1
0
1
-1
0
0
1
0
0
-1
1
0
0
1
0
0
0
0
1
0
0
0
0
1
0
-1
0
-1
0
1
0
0
-1
0
1
0
0
0
0
-1
-1
0
0
0
0
0
0
0
0
0
0
-1
0
1
0
1
0
-1
0
0
1
0
0
0
0
0
0
-1
0
-1
0
0
0
0
0
0
0
1
0
1
0
0
0
0
0
0
0
0
0
0
0
-1
0
0
0
0
0
0
1
0
0
0
0
1
0
0
0
0
0
0
0
0
0
-1
0
0
0
0
0
0
0
0
0
0
0
0
0
0
0
0
0
0
1
0
0
0
-1
0
0
0
1
0
0
0
-1
0
0
0
0
1
1
0
1
0
0
-1
0
-1
0
0
0
0
0
0
0
0
0
0
0
0
0
1
0
0
0
0
0
0
0
0
0
0
0
0
0
0
0
0
0
0
1
0
0
0
1
0
0
0
0
0
0
0
0
1
1
0
-1
0
0
-1
0
0
1
1
0
0
-1
1
0
-1
-1
0
0
0
0
1
1
0
1
0
0
0
0
0
-1
0
0
0
0
-1
0
0
0
-1
0
0
0
0
0
0
0
0
1
-1
0
-1
0
0
-1
0
0
0
1
0
1
0
0
0
-1
0
0
0
0
0
0
0
-2
-2
0
0
1
2
3
4
5
4
2
1
-1
-4
-6
-9
-11
-10
-8
-3
1
5
6
4
2
2
2
2
3
3
4
6
9
12
13
9
2
-5
-12
-15
-16
-15
-14
-9
-1
8
18
25
25
21
10
-5
-21
-33
-39
-34
-21
-1
25
49
66
68
54
26
-9
-44
-74
-94
-102
-94
-68
-25
25
68
95
103
95
78
53
19
-21
-61
-83
-86
-68
-34
1
29
46
47
37
15
-8
-27
-35
-32
-20
-3
14
25
26
21
11
2
-4
-4
1
6
12
20
28
31
25
8
-17
-43
-62
-71
-75
-77
-69
-48
-7
49
105
142
149
130
98
49
-11
-58
-103
-127
-129
-109
-71
-33
-1
13
20
24
35
46
55
60
59
54
46
32
11
-17
-48
-75
-92
-89
-70
-35
8
51
88
114
124
111
66
-8
-98
-180
-225
-220
-168
-81
22
127
221
286
300
252
151
23
-105
-200
-250
-254
-221
-157
-75
12
88
137
154
141
108
62
18
-19
-42
-52
-47
-33
-13
9
22
24
11
-11
-33
-45
-44
-34
-16
4
20
32
35
30
13
-4
-16
-19
-10
5
20
30
37
37
30
16
-3
-20
-36
-48
-56
-57
-51
-36
-14
10
31
48
55
53
40
20
-5
-25
-35
-30
-13
9
25
30
25
12
-7
-26
-44
-57
-59
-46
-21
9
33
51
58
59
54
42
21
-4
-27
-43
-48
-45
-36
-22
-5
13
26
30
29
21
12
1
-10
-20
-22
-15
0
14
22
21
18
14
7
-3
-16
-26
-31
-26
-15
-4
4
6
7
7
9
7
5
2
-1
-3
-2
-2
-2
1
1
1
1
-2
-3
-5
-6
-8
-8
-6
1
10
18
21
16
8
-2
-8
-12
-16
-22
-25
-22
-11
3
15
23
23
18
11
7
2
-4
-9
-12
-11
-7
-4
-1
1
1
2
4
6
6
6
6
3
-1
-4
-4
-1
3
4
4
6
8
12
14
11
3
-6
-13
-14
-13
-13
-11
-8
-2
5
11
14
12
7
0
-5
-10
-11
-9
-3
4
12
16
19
18
9
-2
-15
-27
-35
-36
-33
-25
-14
2
17
30
39
38
31
19
8
-4
-15
-23
-29
-29
-22
-11
1
12
14
15
12
7
3
-1
-4
-5
-4
-2
1
3
1
-2
-7
-7
-7
-5
-1
5
10
13
14
13
10
5
-1
-8
-14
-19
-20
-18
-14
-8
-1
7
16
26
34
34
27
15
2
-12
-21
-28
-31
-31
-25
-15
-3
9
17
22
22
20
16
10
3
-4
-12
-16
-19
-17
-14
-10
-6
-1
3
7
11
15
16
14
10
5
0
-5
-9
-16
-20
-21
-16
-10
-1
5
8
11
12
15
16
14
11
3
-2
-7
-10
-11
-10
-9
-7
-5
1
5
10
13
14
14
14
14
13
9
1
-6
-14
-18
-19
-18
-13
-9
-2
5
14
19
18
14
9
5
2
-2
-8
-13
-17
-18
-15
-10
-7
-3
-1
3
7
11
13
12
11
9
7
4
0
-6
-12
-15
-15
-12
-9
-5
-2
1
4
9
12
12
10
4
1
-1
-4
-6
-8
-11
-10
-10
-7
-3
1
2
4
2
3
4
5
4
3
1
-2
-2
-2
-2
-4
-5
-5
-4
1
5
8
10
13
12
13
11
8
3
-3
-7
-11
-13
-11
-8
-4
1
6
9
14
15
15
12
7
2
-1
-3
-6
-8
-11
-14
-14
-12
-6
-1
3
5
7
7
6
6
2
-1
-6
-7
-9
-10
-9
-10
-11
-9
-7
-3
0
4
6
7
7
6
5
3
0
-1
-3
-5
-6
-8
-7
-6
-3
0
6
11
15
16
16
13
9
5
1
-3
-10
-13
-17
-13
-7
-1
6
11
15
19
19
16
9
-1
-10
-17
-21
-20
-20
-16
-10
-1
10
17
20
18
13
7
1
-2
-9
-15
-18
-17
-12
-3
6
10
10
11
10
9
8
6
3
-2
-5
-5
-4
-3
-1
1
1
4
5
8
6
5
2
0
-2
-4
-6
-7
-6
-4
-2
0
1
0
0
0
-1
-2
-1
-1
0
-1
-1
-3
-4
-4
-2
-1
-3
-5
-8
-7
-4
-2
0
1
-2
-3
-2
-1
-1
-3
-5
-6
-4
0
2
2
0
0
-1
2
5
7
6
5
3
2
2
0
-3
-3
-3
0
4
9
11
10
9
8
8
8
7
4
1
-2
-3
-2
0
-1
0
-1
-1
-1
-1
-2
-3
-4
-4
-3
-3
-2
-3
-7
-10
-11
-11
-8
-5
-3
-1
1
4
7
8
7
4
0
-3
-3
-4
-5
-5
-6
-3
-1
3
6
8
9
9
10
12
10
7
4
0
-1
-1
-1
-1
-3
-4
-4
-2
1
4
4
3
0
-1
-1
-2
-4
-6
-9
-10
-10
-8
-3
1
3
6
8
9
8
5
2
1
-3
-4
-5
-5
-4
-4
-2
-1
-1
-1
-2
-3
-4
-4
-2
-1
1
3
2
0
-3
-5
-6
-6
-8
-8
-8
-6
-1
3
7
7
6
5
4
4
2
2
2
1
1
3
4
6
7
8
9
7
6
6
6
7
8
7
5
2
-2
-5
-6
-9
-9
-9
-11
-10
-9
-7
-2
2
6
7
7
4
-1
-6
-11
-12
-11
-10
-8
-7
-4
0
4
10
14
15
13
10
5
1
-2
-6
-10
-10
-7
-1
6
11
12
11
7
6
4
1
-2
-7
-9
-11
-9
-8
-7
-5
-3
1
4
3
2
-1
-4
-4
-2
1
3
4
2
0
-2
-3
-4
-4
-3
-1
0
1
3
5
5
5
2
1
-1
-3
-5
-5
-6
-7
-5
-4
2
6
9
9
6
1
0
-1
1
3
5
5
6
7
7
6
5
4
3
2
2
2
0
-1
0
5
9
11
9
4
-1
-4
-8
-10
-10
-10
-8
-5
-3
-3
-3
-6
-9
-8
-7
-7
-7
-8
-8
-7
-6
-3
1
2
3
4
6
5
4
0
-3
-5
-3
1
5
7
4
2
0
2
5
8
8
5
0
-5
-8
-6
-4
1
3
4
2
1
3
5
6
6
3
-1
-5
-7
-6
-4
-1
0
3
4
7
7
8
8
8
6
4
0
-3
-5
-6
-5
-2
0
3
2
-1
-6
-8
-8
-7
-6
-7
-8
-10
-8
-3
2
5
5
3
-2
-6
-6
-5
-2
1
3
2
2
4
6
8
7
6
3
-1
-3
-6
-4
-1
3
6
7
7
5
2
0
1
4
7
7
7
3
0
-3
-6
-6
-6
-7
-6
-4
-1
1
5
7
10
9
8
4
-1
-7
-10
-12
-10
-6
-2
1
4
5
6
5
6
5
2
-2
-4
-4
-4
-2
-1
-1
0
-1
-1
0
3
5
6
5
3
0
-3
-4
-4
-3
-1
2
3
4
2
1
-1
1
1
0
-3
-7
-11
-14
-13
-10
-4
0
2
2
3
2
1
-1
-4
-5
-6
-6
-6
-4
-2
-1
2
3
4
4
4
3
2
1
0
0
-1
-1
-1
0
3
6
8
9
10
8
6
5
3
2
1
-1
-3
-4
-4
-3
-1
3
4
4
4
1
0
-1
-1
1
1
2
5
7
9
8
7
4
2
0
-1
-3
-7
-9
-11
-10
-8
-6
-3
-2
0
1
1
-1
-1
-2
-3
-5
-8
-9
-9
-8
-6
-3
-3
-1
0
0
1
1
0
0
-2
-2
-1
0
0
3
5
7
10
12
15
13
11
6
3
0
-1
-1
-1
-2
-5
-3
-1
4
7
10
10
9
7
5
4
1
0
-2
-4
-3
-3
-2
-1
1
1
2
4
3
1
0
-2
-4
-4
-2
-2
0
-1
0
0
2
2
3
1
-2
-5
-5
-5
-5
-5
-8
-11
-12
-12
-10
-6
-4
-1
1
4
5
6
5
1
-6
-12
-15
-15
-12
-9
-6
-3
1
4
8
11
12
10
8
3
-2
-4
-5
-2
0
3
6
8
10
12
10
9
7
6
4
4
3
3
1
1
3
5
6
5
4
3
4
3
3
1
-2
-4
-6
-9
-9
-10
-10
-10
-8
-6
-4
-1
2
5
7
7
5
-1
-5
-10
-13
-12
-9
-6
-3
-2
-1
1
2
4
6
6
2
0
-3
-4
-5
-4
-3
-1
1
3
5
5
3
0
-2
-2
-2
-2
-1
-2
-3
-3
-4
-1
1
4
6
7
8
7
10
12
13
11
9
4
1
-1
-2
-2
-1
0
2
2
4
5
6
6
6
4
2
1
-2
-4
-7
-7
-7
-6
-4
-5
-5
-5
-5
-4
-2
-2
-2
-4
-7
-8
-8
-6
-5
-4
-4
-4
-4
-4
-2
0
1
0
-1
-3
-4
-3
-4
-3
-3
-3
-2
1
1
1
1
1
4
6
8
8
7
4
2
0
1
3
4
5
3
3
2
4
6
8
9
9
7
5
3
0
-3
-5
-6
-6
-5
-2
-1
-1
-1
0
-1
-2
-3
-3
-5
-5
-6
-4
-4
-2
1
4
6
8
8
7
5
2
0
-1
0
1
1
2
2
2
2
1
1
3
4
4
1
-2
-6
-7
-8
-6
-5
-6
-9
-10
-11
-11
-9
-8
-6
-3
-1
1
2
2
1
-2
-5
-5
-6
-5
-3
-3
-2
1
3
6
7
9
9
11
12
12
8
5
1
-1
-4
-6
-7
-7
-7
-2
2
5
4
3
0
-1
2
6
9
8
5
1
1
3
6
8
10
12
14
15
18
18
16
12
6
-3
-10
-13
-11
-6
-1
-1
-9
-16
-20
-15
-3
10
15
10
-3
-15
-20
-18
-14
-13
-15
-20
-25
-24
-19
-8
0
6
8
8
6
5
6
8
8
5
0
-7
-12
-9
0
12
19
20
12
2
-5
-4
-1
-1
-5
-14
-22
-23
-16
-8
-6
-7
-7
1
16
36
47
46
33
16
4
-1
0
3
8
9
11
13
15
16
11
5
-1
4
17
32
34
18
-8
-31
-39
-30
-11
4
4
-11
-32
-47
-49
-38
-20
-3
10
15
15
7
-8
-25
-36
-34
-17
12
39
55
48
26
1
-7
2
25
41
40
20
-12
-37
-48
-49
-50
-60
-67
-60
-36
-1
24
28
13
-7
-12
5
29
45
35
-2
-45
-79
-90
-77
-57
-37
-27
-11
16
62
107
135
138
113
67
21
-8
-14
1
22
38
35
20
2
3
21
55
78
85
69
31
-20
-64
-77
-58
-3
52
90
85
49
-11
-65
-98
-109
-104
-99
-79
-52
-10
29
61
59
33
-12
-50
-72
-70
-63
-62
-64
-68
-61
-50
-23
-1
25
45
69
84
84
51
-10
-84
-144
-165
-129
-52
26
71
52
-4
-73
-117
-125
-87
-16
65
144
211
252
249
181
74
-51
-124
-134
-98
-93
-204
-444
-732
-811
-521
152
970
1600
1724
1277
407
-485
-1016
-1003
-515
141
651
711
371
-239
-735
-902
-636
-82
518
934
972
655
97
-440
-811
-855
-630
-202
219
517
566
388
58
-311
-589
-711
-620
-417
-113
138
317
328
223
35
-111
-165
-115
-3
90
142
95
-8
-143
-214
-243
-174
-55
94
213
285
284
230
121
-34
-181
-255
-229
-121
55
185
257
206
73
-95
-194
-199
-85
76
234
286
189
-6
-210
-339
-391
-287
-109
124
288
343
257
82
-114
-252
-243
-107
92
267
334
296
160
3
-98
-55
120
299
406
363
207
-87
-317
-413
-259
25
295
413
371
180
-40
-133
-72
120
211
228
48
-140
-348
-392
-357
-223
-110
-124
-199
-188
-122
-99
-61
-122
-105
-190
-169
-211
-4
-16
-25
-72
-176
-230
-358
-208
-127
130
165
319
215
225
139
37
15
-23
62
57
165
57
99
-70
-69
-164
-19
101
203
263
177
80
-196
-217
-185
129
259
385
243
83
-93
-169
-76
88
159
79
62
-55
89
157
387
448
375
113
-120
-279
-280
-52
128
315
136
-149
-531
-734
-706
-357
138
464
567
418
64
-339
-509
-411
-66
262
302
-76
-761
-1571
-1925
-1623
-813
204
997
1398
1318
910
439
259
343
817
1291
1443
1293
720
96
-539
-757
-678
-308
183
363
343
47
-336
-680
-800
-680
-360
-202
-60
25
26
-192
-466
-589
-670
-511
-534
-268
-173
-353
-729
-829
-474
-216
520
987
1098
805
142
-347
-447
-29
517
1093
1134
474
-403
-907
-979
-471
627
1313
1393
838
-87
-1101
-1310
-607
726
2044
1931
998
-677
-1927
-1969
-888
1144
2401
2267
765
-1267
-2584
-2406
-1029
497
1553
1675
791
-698
-1652
-1418
-693
491
1263
1003
220
-813
-1240
-1204
-405
548
889
755
110
-465
-967
-668
30
938
1376
694
-210
-1308
-1664
-1153
10
1002
1259
1093
526
-251
-617
-281
209
485
611
689
267
53
-498
-562
-120
148
611
361
213
-341
-627
-520
-19
656
561
378
-342
-651
-591
-290
85
52
149
-124
-393
-533
-642
-352
91
363
342
83
-389
-422
-69
234
779
828
381
-355
-1001
-807
-343
137
684
826
388
-102
-704
-777
-665
-276
520
860
947
474
28
-194
-227
-167
192
12
-128
103
333
542
292
191
-344
-604
-950
-731
-223
566
1087
897
578
-332
-688
-728
-223
285
807
428
74
-247
-469
-25
-129
-219
-502
-363
-266
44
516
861
671
260
-548
-1074
-921
-737
333
1233
1589
991
231
-653
-1173
-929
-382
529
971
986
449
-230
-801
-822
-406
-67
340
476
267
25
-206
-121
44
103
-19
-225
-408
-693
-133
377
670
570
-64
-731
-1242
-866
-308
516
897
780
151
-609
-1014
-954
-289
229
858
819
397
-262
-706
-635
-402
-162
219
363
183
110
-16
254
269
343
150
-59
-267
-248
103
422
654
415
80
-433
-482
-285
123
507
600
327
96
-113
-166
-30
15
168
187
119
94
215
60
-9
-155
-164
-237
-165
186
390
334
150
3
-120
-41
61
467
562
425
62
-172
-213
-86
61
220
251
86
126
-49
10
-52
-101
16
99
-115
-346
-553
-549
-418
-505
-517
-617
-629
-652
-459
-339
-219
-129
-139
-170
-233
-141
27
278
363
89
-240
-483
-528
-345
-324
-296
-346
-507
-725
-754
-651
-450
-204
-81
24
-107
-246
-275
-142
112
324
425
507
526
514
573
745
992
1173
1226
1198
1114
1006
1030
1134
1322
1456
1544
1496
1264
964
690
508
366
289
123
-87
-322
-505
-612
-764
-945
-964
-820
-559
-207
-18
85
-9
-89
-66
-106
-104
-134
-156
-144
-100
-54
26
84
56
-88
-228
-259
-211
-87
-17
-175
-528
-956
-1159
-949
-597
-310
-364
-589
-1019
-1467
-1746
-1796
-1602
-1486
-1497
-1920
-2759
-3643
-3855
-2996
-1458
-135
389
64
-679
-1248
-1157
-259
961
1990
2564
2661
2250
1587
1082
1207
1924
2855
3471
3489
3001
2342
1972
1970
2135
2174
1921
1439
1003
723
708
689
678
613
353
-151
-902
-1503
-1746
-1497
-966
-422
-179
-272
-477
-576
-462
-248
4
282
451
434
270
80
-60
-220
-352
-629
-1126
-1621
-1815
-1602
-1040
-343
159
279
80
-207
-405
-500
-370
44
480
747
743
534
160
-279
-471
-342
-46
377
874
1241
1232
922
500
65
-249
-184
204
565
732
641
429
82
-349
-749
-1153
-1544
-1729
-1508
-928
-354
-31
18
-128
-381
-639
-762
-771
-710
-901
-1657
-3282
-5496
-7323
-7584
-5899
-3165
-871
52
-392
-1614
-2534
-2462
-1135
961
3139
4657
5175
4584
3290
2241
2149
3160
4421
5291
5375
4847
3995
3140
2622
2341
2042
1629
1136
719
511
470
622
784
736
228
-693
-1830
-2741
-3053
-2745
-1927
-948
-165
214
367
537
769
984
1145
1325
1487
1517
1370
1059
582
10
-503
-998
-1525
-2120
-2699
-3002
-2969
-2662
-2243
-1896
-1644
-1412
-1114
-759
-382
19
415
812
1121
1275
1168
910
600
357
251
211
247
335
573
934
1350
1645
1738
1523
1110
700
357
90
-148
-317
-487
-656
-824
-1032
-1338
-1724
-2030
-2073
-1901
-1544
-1035
-464
-85
-22
-175
-499
-882
-1257
-1427
-1553
-1970
-2941
-4400
-6016
-7264
-7447
-6285
-4106
-1932
-576
-162
-339
-562
-295
841
2655
4473
5713
6147
5769
4906
4095
3930
4417
5013
5224
4913
4292
3521
2926
2589
2364
1952
1208
321
-422
-704
-466
147
731
953
618
-203
-1217
-1990
-2250
-1901
-1110
-239
295
400
330
345
668
1058
1382
1353
915
173
-586
-1125
-1396
-1368
-1342
-1594
-2321
-3306
-4176
-4496
-4170
-3307
-2193
-1170
-457
-103
110
408
968
1651
2303
2667
2563
2095
1584
1231
996
774
450
-46
-606
-962
-853
-347
190
547
642
506
287
207
309
409
384
261
110
-107
-444
-789
-1045
-1144
-1069
-855
-551
-236
169
713
1323
1736
1644
1095
283
-528
-1348
-2502
-4437
-7243
-10060
-11727
-11385
-9278
-6257
-3318
-1193
-172
-19
-42
413
1776
3860
6066
7505
7772
6935
5729
4828
4546
4623
4599
4197
3347
2286
1136
389
92
119
-106
-698
-1487
-2021
-1846
-888
640
2032
2742
2458
1549
446
-159
-116
563
1337
1836
1942
1868
2013
2301
2672
2745
2455
1577
281
-1239
-2493
-3188
-3207
-2752
-2226
-2110
-2663
-3557
-4348
-4393
-3684
-2395
-1121
-47
640
1041
1310
1639
2152
2688
3025
2881
2315
1346
404
-314
-650
-946
-1395
-2157
-2954
-3481
-3475
-2731
-1547
-295
442
704
528
367
475
977
1645
2059
2027
1525
835
81
-445
-618
-449
-168
130
392
653
980
1333
1629
1602
1132
190
-1069
-2400
-3754
-5225
-7219
-9680
-12018
-13107
-12061
-8997
-5066
-1701
557
1716
2410
3019
4098
5704
7523
8929
9524
9229
7952
6224
4732
4069
3684
3063
1798
330
-1111
-2248
-2814
-2746
-2267
-2070
-2036
-2045
-1384
-113
1716
3515
4721
4942
4263
3288
2397
2022
1965
2197
2196
1823
949
82
-366
-294
3
14
-482
-1671
-3087
-4374
-4932
-4787
-4063
-3063
-2145
-1567
-1466
-1456
-1295
-792
-51
821
1616
1987
1994
1838
1860
2043
2237
2296
1872
941
-348
-1445
-2113
-2318
-2276
-2143
-2104
-2273
-2458
-2471
-2076
-1304
-195
877
1624
1820
1683
1456
1434
1668
2005
2224
2095
1679
996
312
-249
-514
-695
-964
-1408
-1894
-2251
-2237
-1712
-729
344
1115
1276
711
-378
-1681
-2700
-3747
-5238
-7773
-10695
-12748
-12474
-9721
-5530
-1218
2085
4210
4977
5259
5469
6291
7264
8052
8230
7583
6303
4566
3197
2220
1812
1265
596
-486
-1794
-3150
-4038
-3932
-3058
-1771
-772
243
1297
2822
4466
6105
7232
7468
6692
5002
3157
1551
831
663
769
398
-514
-1591
-2312
-2342
-2097
-1763
-1761
-2048
-2686
-3359
-3672
-3415
-2573
-1379
-51
944
1406
1443
1341
1251
1036
559
-55
-668
-1054
-1090
-674
6
560
633
142
-637
-1462
-2029
-2374
-2395
-2323
-2278
-2265
-2180
-1900
-1570
-1102
-510
217
816
1210
1372
1461
1437
1383
1346
1328
1211
901
626
405
394
364
415
210
-358
-1190
-1960
-2260
-2201
-1732
-983
-13
889
1519
1808
1610
1026
219
-645
-1690
-3626
-6514
-10166
-12955
-13597
-11495
-7428
-3094
808
3493
5414
6378
7230
8070
8840
8965
8056
6740
5144
3938
2873
2365
1832
1105
-6
-1095
-1997
-2912
-3676
-4160
-3905
-3266
-2144
-636
1545
3913
6099
7588
8341
8347
7531
6037
3967
2033
365
-727
-1531
-2111
-2650
-3081
-3149
-2888
-2456
-2217
-2137
-2175
-2249
-2320
-2167
-1530
-528
582
1600
2434
2891
2754
2157
1384
632
-298
-1461
-2545
-3208
-3446
-3383
-3067
-2372
-1722
-1264
-1127
-1107
-1093
-1203
-1026
-813
-374
-203
21
269
421
325
-100
-394
-685
-647
-628
-365
-152
170
609
1155
1798
2208
2403
2213
1859
1338
884
456
-20
-659
-1332
-1864
-1978
-1799
-1281
-662
3
672
1007
1184
894
454
-471
-1906
-4011
-6763
-9806
-12529
-13225
-11213
-6776
-2273
1245
3993
6076
7755
8332
8977
9486
9372
7959
5547
3523
1801
861
202
140
-407
-1559
-2798
-3675
-4002
-4548
-4667
-4250
-2943
-1436
434
2862
5812
8486
10030
10444
9816
8620
6773
4483
1907
-362
-2230
-3609
-4743
-5426
-5460
-4833
-3607
-2404
-1499
-1120
-799
-237
628
1452
2131
2808
3319
3465
3196
2813
2391
1599
416
-1004
-2418
-3784
-4940
-5457
-5270
-4710
-4203
-3661
-3049
-2343
-1738
-969
-75
559
771
597
482
397
363
287
80
-454
-1250
-1890
-2041
-1633
-1002
-336
214
673
1193
1876
2705
3449
3816
3568
2780
1740
802
99
-537
-1275
-2187
-3054
-3500
-3241
-2169
-751
569
1548
2224
2753
2887
2747
2194
1115
-1103
-4850
-9308
-13271
-15197
-14471
-11026
-5798
-745
2917
5250
7067
8790
9795
10125
9877
8757
6526
3627
1565
593
203
-388
-1206
-2359
-3836
-5096
-5672
-5548
-5462
-5294
-4605
-2876
-226
3200
7155
10801
13193
13787
12857
10874
8264
5426
2501
-457
-3266
-5655
-7165
-7769
-7309
-5858
-3831
-1859
-582
223
895
1724
2703
3670
4419
4595
4243
3674
3208
2698
1879
641
-1025
-2845
-4564
-5811
-6512
-6765
-6619
-6065
-5204
-4340
-3535
-2608
-1337
67
1251
2044
2398
2462
2163
1648
948
56
-878
-1846
-2608
-3298
-3788
-3939
-3519
-2598
-1338
185
1756
3347
4507
5190
5295
4885
4090
2923
1549
159
-901
-1541
-1989
-2464
-3128
-3668
-3834
-3654
-2990
-1965
-398
1467
3335
4892
5714
5789
5095
3945
2062
-969
-5049
-9601
-13299
-15280
-14683
-11612
-6819
-1957
1901
5010
7145
9050
10033
10479
9937
8121
5564
2697
880
-469
-1116
-1651
-2109
-2901
-4090
-5051
-5526
-5378
-4928
-3827
-2199
119
2884
6206
9702
12641
14185
14089
12540
9753
6286
2598
-948
-4219
-6946
-8839
-9393
-8754
-7010
-4673
-2246
-136
1427
2797
3989
5030
5640
5632
5148
4250
3247
2197
1036
-304
-1940
-3684
-5454
-6848
-7630
-7591
-6960
-6089
-5207
-4389
-3338
-2032
-417
1118
2178
2647
2511
2118
1629
1114
657
19
-795
-1928
-3093
-3982
-4289
-3903
-3179
-2274
-1344
-192
1184
2658
3841
4588
4822
4588
4071
3321
2410
1456
533
-329
-991
-1586
-2013
-2347
-2741
-3139
-3290
-2909
-1813
-188
1656
3496
5105
6302
6787
6634
5604
3887
1360
-2063
-5993
-10300
-13856
-15795
-15093
-12330
-8384
-4290
-640
3073
6086
8752
10502
11251
10570
8710
6382
4008
2237
498
-629
-1496
-2389
-3561
-4473
-4746
-4533
-4186
-3889
-3270
-2175
-463
1906
5183
8504
11255
12666
12822
11633
9200
6004
2565
-760
-4152
-7103
-9225
-9797
-9041
-7145
-4447
-1412
1370
3357
4632
5308
5630
5567
5021
3898
2289
589
-816
-1692
-2286
-3029
-3941
-5001
-5835
-6302
-6320
-5933
-5209
-4331
-3442
-2545
-1711
-929
-150
712
1604
2477
2983
3164
2855
2147
1012
-345
-1716
-2983
-3755
-4121
-3978
-3549
-2825
-1702
-227
1400
2923
4144
4920
5222
5132
4856
4460
3888
3093
2078
960
-131
-1117
-1943
-2567
-3091
-3549
-3832
-3769
-3056
-1678
279
2579
4865
6625
7580
7502
6656
5044
2454
-1293
-6183
-11546
-16363
-18782
-18116
-14584
-9579
-4564
-128
3935
7369
10042
12076
12806
12050
9720
6529
3327
981
-874
-2048
-2709
-3464
-4301
-4938
-4931
-4712
-4468
-4447
-3982
-2926
-1142
1563
5275
9375
12660
14425
14428
12959
10149
6580
2649
-1387
-5412
-8754
-10779
-10938
-9365
-6650
-3131
414
3294
5134
6124
6406
6084
5122
3574
1773
33
-1320
-2136
-2515
-2854
-3497
-4429
-5465
-6310
-6733
-6570
-5829
-4653
-3319
-2035
-777
413
1416
2048
2233
2069
1735
1329
951
525
109
-412
-1020
-1587
-2082
-2351
-2295
-1913
-1489
-1165
-900
-348
684
2089
3494
4625
5299
5379
4980
4362
3614
2819
1987
1072
173
-775
-1691
-2489
-3001
-3458
-3755
-3760
-3260
-2061
-524
1267
3009
4577
5825
6753
7180
6681
5058
1895
-2540
-7958
-13519
-17734
-19305
-17595
-13623
-8428
-3335
1511
5978
9610
12318
13603
13394
11341
8228
4693
1627
-842
-2596
-3367
-3816
-4342
-4948
-4886
-4233
-3574
-3466
-3381
-2824
-1679
222
3214
6993
10584
13123
14177
13716
11558
8230
4300
406
-3567
-7239
-9803
-10684
-9800
-7683
-4677
-1343
1759
3990
5240
5623
5300
4462
3114
1414
-305
-1742
-2599
-2969
-3052
-3191
-3513
-4037
-4619
-4956
-5158
-5093
-4791
-3962
-2764
-1453
-58
1227
2395
2875
2663
2223
1778
1405
1014
726
306
-307
-1176
-1874
-2093
-2285
-2347
-2258
-1819
-1381
-883
8
1360
2959
4316
5336
5865
5919
5478
4884
4130
3075
1630
-6
-1559
-2799
-3671
-4013
-4018
-3964
-3713
-3306
-2346
-882
952
2732
4281
5316
5915
6152
5795
4942
3297
828
-2640
-6941
-11518
-15426
-17183
-16089
-12652
-8055
-3623
666
4472
7561
9821
11256
11496
9975
7451
4413
1925
-378
-2058
-2769
-3112
-3600
-4170
-3856
-3129
-2483
-2279
-1884
-1279
-582
596
2679
5431
7946
9757
10669
10392
8780
6390
3668
868
-2217
-4955
-6844
-7450
-6807
-5161
-2854
-494
1672
3093
3842
3785
3205
2224
806
-765
-2146
-2944
-3211
-3040
-2585
-2042
-1663
-1567
-1626
-1830
-2194
-2543
-2723
-2646
-2452
-2062
-1372
-512
252
727
959
951
823
768
852
931
780
459
70
-337
-662
-689
-486
-407
-535
-791
-883
-759
-281
604
1827
2961
3764
4318
4552
4535
4219
3699
2843
1692
277
-1064
-2144
-2939
-3380
-3515
-3426
-3127
-2485
-1572
-441
657
1675
2492
3136
3622
4025
4120
3656
2505
703
-1834
-5127
-8637
-11749
-13359
-13217
-11407
-8571
-5215
-1495
2188
5407
7794
9381
9785
8844
6804
4250
1738
-622
-2288
-2910
-2865
-2534
-1976
-886
121
660
802
774
503
-149
-504
-269
740
2165
3957
5698
6788
7158
6787
5712
3845
1580
-523
-2241
-3470
-4025
-3786
-2957
-1753
-336
820
1507
1583
1278
548
-617
-1856
-2841
-3347
-3497
-3176
-2415
-1386
-359
476
946
1026
777
265
-563
-1481
-2221
-2559
-2561
-2393
-2049
-1676
-1203
-594
201
868
1280
1578
1892
2033
1898
1581
1260
876
370
-224
-796
-1211
-1434
-1280
-968
-357
419
1454
2530
3455
4029
4035
3652
2849
1931
787
-319
-1231
-1797
-2056
-2133
-1893
-1462
-1062
-1005
-1172
-1411
-1604
-1642
-1436
-902
-198
650
1683
2766
3568
3828
3519
2483
631
-2023
-5134
-8350
-10812
-11795
-11190
-9447
-7020
-3928
-614
2410
4860
6886
7980
7829
6619
5001
3231
1460
178
-381
-468
-411
120
996
1846
2219
2318
1966
1011
-270
-1171
-1514
-1393
-563
856
2451
3655
4700
5396
5558
4993
3998
2567
698
-1202
-2665
-3527
-3974
-3703
-2814
-1569
-447
554
1237
1403
1005
271
-715
-1960
-3078
-3747
-3896
-3684
-3032
-2056
-952
30
900
1415
1425
972
308
-426
-1171
-1709
-1919
-1719
-1237
-490
472
1500
2356
2757
2591
1953
969
-74
-1028
-1620
-1817
-1545
-919
-158
612
1265
1839
2075
2088
1800
1323
689
112
-254
-448
-482
-366
-56
235
466
557
538
313
-62
-581
-1124
-1597
-1859
-1912
-1805
-1502
-1104
-616
-201
189
472
618
610
527
407
197
-38
-260
-491
-731
-970
-1191
-1514
-1991
-2533
-3131
-3445
-3350
-2843
-2175
-1280
-28
1215
2193
2968
3822
4285
4054
3357
2464
1304
-57
-945
-1355
-1488
-1240
-342
834
1791
2807
3781
4184
3827
3350
2752
1661
535
-87
-397
-777
-747
-213
254
379
475
463
-1
-702
-1323
-1918
-2548
-2742
-2386
-1758
-1027
-121
690
1090
1150
909
298
-694
-1632
-2306
-2686
-2762
-2391
-1586
-585
485
1433
2110
2285
1967
1244
290
-701
-1526
-2016
-2200
-2047
-1577
-732
313
1372
2251
2790
2910
2609
2032
1229
370
-409
-910
-1105
-986
-607
-82
451
810
926
747
396
-84
-573
-978
-1171
-1121
-913
-562
-145
243
448
404
118
-386
-1010
-1635
-2139
-2431
-2507
-2352
-1954
-1340
-654
-1
524
875
981
850
645
387
126
-130
-292
-336
-202
69
395
757
1108
1424
1564
1550
1461
1331
1161
991
834
649
409
197
66
20
7
6
33
131
309
455
575
695
810
730
521
330
206
12
-274
-509
-674
-790
-873
-839
-780
-723
-658
-546
-457
-393
-288
-116
35
127
232
293
290
197
97
-93
-367
-631
-786
-869
-902
-760
-481
-158
114
389
655
856
947
984
969
851
625
335
34
-282
-571
-756
-762
-644
-393
7
515
1001
1376
1617
1643
1430
1029
558
18
-517
-889
-1032
-1011
-912
-694
-438
-236
-122
-100
-185
-408
-693
-984
-1229
-1369
-1351
-1178
-890
-530
-181
87
234
194
-47
-403
-756
-1052
-1253
-1250
-1009
-569
3
640
1211
1586
1757
1696
1387
877
322
-176
-536
-644
-491
-141
317
853
1362
1696
1814
1709
1385
894
363
-105
-418
-518
-417
-156
245
730
1194
1479
1559
1405
1009
430
-226
-841
-1366
-1680
-1769
-1623
-1332
-974
-595
-282
-69
-24
-155
-451
-812
-1147
-1368
-1436
-1332
-1071
-699
-268
157
478
610
540
279
-86
-482
-788
-942
-894
-636
-191
358
910
1393
1732
1893
1832
1585
1210
756
296
-88
-334
-421
-388
-262
-112
25
121
181
203
168
116
69
93
185
342
517
663
749
753
650
423
97
-260
-577
-838
-1004
-1064
-1010
-891
-729
-576
-491
-489
-538
-587
-614
-585
-496
-349
-187
-5
167
253
224
105
-81
-330
-575
-713
-697
-539
-226
220
709
1145
1475
1638
1596
1383
1091
773
441
188
88
142
288
491
693
788
734
550
286
-66
-441
-747
-920
-935
-794
-479
-62
365
733
977
1026
859
512
60
-434
-898
-1260
-1473
-1516
-1392
-1146
-838
-555
-346
-223
-192
-241
-347
-454
-537
-578
-571
-488
-350
-214
-112
-54
-53
-116
-214
-297
-332
-311
-195
0
246
495
754
1012
1231
1370
1399
1338
1206
1047
875
709
550
389
223
67
-82
-231
-357
-432
-471
-470
-405
-275
-105
69
260
394
407
292
105
-133
-408
-653
-838
-971
-1058
-1045
-957
-834
-710
-591
-546
-586
-656
-687
-669
-587
-406
-126
207
554
885
1112
1198
1127
912
565
154
-214
-458
-542
-459
-208
164
594
1025
1390
1629
1696
1594
1368
1082
821
634
535
500
533
594
627
605
489
279
-29
-389
-733
-982
-1089
-1055
-876
-585
-238
92
337
463
437
254
-52
-440
-846
-1201
-1426
-1502
-1452
-1305
-1117
-941
-816
-752
-752
-814
-896
-943
-909
-773
-519
-167
218
572
836
977
964
806
541
223
-83
-315
-411
-351
-147
177
566
955
1275
1463
1494
1380
1139
832
513
233
41
-57
-60
-11
51
88
61
-33
-207
-431
-672
-875
-984
-950
-767
-478
-133
198
456
595
580
421
133
-236
-625
-970
-1218
-1333
-1309
-1183
-997
-791
-587
-404
-254
-156
-87
-42
4
77
199
356
517
641
688
649
531
384
225
104
48
80
207
420
714
1043
1347
1559
1656
1630
1499
1317
1131
957
820
734
703
705
716
711
646
476
208
-122
-464
-745
-914
-935
-821
-590
-304
-9
232
364
344
143
-231
-725
-1226
-1657
-1939
-2034
-1922
-1643
-1257
-827
-430
-140
-8
-42
-225
-493
-777
-985
-1056
-969
-722
-339
111
545
890
1089
1095
924
605
223
-130
-386
-477
-396
-164
163
537
890
1152
1261
1206
1000
667
280
-71
-321
-438
-394
-210
50
307
503
595
542
352
56
-295
-645
-920
-1062
-1050
-896
-641
-341
-56
163
285
283
165
-41
-299
-565
-790
-941
-1003
-965
-836
-648
-434
-218
-24
135
261
361
443
501
544
573
583
577
561
538
498
442
377
326
293
295
336
403
490
581
669
744
812
868
909
923
897
839
753
653
540
400
249
91
-51
-170
-243
-257
-234
-173
-85
21
118
188
209
152
10
-204
-456
-706
-924
-1076
-1159
-1178
-1123
-1008
-848
-681
-536
-439
-406
-425
-467
-496
-490
-437
-344
-224
-95
38
162
247
274
231
129
-13
-155
-250
-264
-169
14
258
526
768
938
992
934
758
488
166
-146
-387
-525
-525
-398
-171
97
361
569
669
643
499
264
-22
-300
-510
-619
-612
-501
-337
-167
-40
22
-4
-122
-305
-511
-696
-833
-886
-832
-679
-452
-199
34
202
279
268
182
48
-108
-243
-332
-343
-269
-121
83
302
499
641
715
721
673
595
507
435
383
366
388
448
537
636
723
784
804
782
723
632
529
418
303
183
68
-31
-112
-174
-218
-248
-271
-278
-271
-255
-233
-221
-233
-279
-354
-445
-521
-571
-584
-562
-500
-411
-308
-202
-114
-63
-68
-122
-208
-308
-396
-453
-468
-413
-302
-146
35
213
354
419
395
285
126
-58
-214
-306
-318
-236
-68
160
416
646
819
895
855
700
455
166
-111
-333
-471
-493
-408
-239
-22
210
401
506
500
386
195
-32
-246
-409
-495
-497
-425
-304
-160
-36
42
43
-33
-178
-371
-573
-748
-852
-869
-789
-622
-389
-133
113
300
406
416
328
173
-20
-206
-348
-426
-419
-334
-194
-9
190
367
504
584
601
555
471
369
280
225
214
248
312
394
470
520
533
504
433
325
208
106
33
-4
-9
28
86
147
208
259
291
278
214
110
-19
-156
-280
-369
-422
-439
-425
-388
-335
-273
-213
-171
-147
-155
-173
-199
-219
-221
-217
-206
-194
-169
-141
-101
-60
-25
-13
-30
-56
-84
-106
-110
-89
-44
28
107
200
289
366
419
443
440
413
365
303
231
147
61
-17
-72
-104
-113
-107
-84
-56
-25
8
42
71
88
92
81
62
34
-13
-76
-148
-219
-286
-341
-374
-391
-396
-389
-373
-356
-337
-315
-292
-266
-233
-190
-139
-86
-39
-2
26
40
42
28
-2
-50
-109
-175
-223
-245
-240
-199
-121
-11
116
247
366
458
518
536
516
464
394
309
221
141
74
18
-8
3
43
97
141
187
216
231
233
226
220
206
200
186
178
161
141
111
66
5
-80
-167
-244
-310
-364
-390
-394
-370
-320
-241
-134
-16
92
160
190
180
145
98
51
6
-32
-71
-97
-98
-84
-56
-32
-6
16
39
73
121
175
213
243
264
285
304
318
314
278
204
97
-21
-137
-234
-305
-341
-343
-312
-243
-153
-46
53
135
180
190
161
100
12
-86
-189
-298
-386
-443
-459
-445
-410
-368
-323
-283
-248
-213
-178
-135
-103
-71
-38
-7
32
65
91
95
81
50
20
-14
-52
-89
-128
-149
-156
-134
-73
18
120
216
296
359
404
430
442
437
400
331
238
140
44
-40
-111
-153
-170
-173
-142
-98
-32
31
77
109
124
126
116
95
52
8
-49
-103
-154
-185
-204
-204
-189
-169
-141
-125
-101
-70
-28
11
68
122
170
210
232
241
232
221
191
154
112
67
32
4
-12
-20
-12
5
37
78
125
175
206
226
229
219
200
182
167
146
124
84
39
-18
-74
-127
-166
-197
-213
-197
-174
-118
-68
-7
40
72
80
63
30
-29
-96
-176
-250
-321
-363
-399
-400
-386
-371
-343
-322
-282
-247
-194
-134
-61
17
96
164
218
272
292
285
245
182
96
3
-75
-153
-211
-244
-255
-233
-177
-97
-10
84
160
227
264
277
286
279
248
195
135
49
-33
-112
-167
-205
-231
-235
-214
-172
-118
-46
17
82
129
165
182
183
158
104
31
-55
-144
-220
-273
-303
-289
-283
-230
-161
-90
-14
69
171
251
319
347
363
348
308
249
197
131
82
36
-1
11
10
28
47
89
123
135
149
172
180
160
150
138
144
145
151
138
144
153
93
49
15
-41
-119
-186
-233
-258
-253
-256
-209
-149
-113
-115
-76
-59
-72
-82
-139
-137
-151
-151
-177
-154
-122
-107
-119
-160
-123
-160
-215
-277
-253
-245
-215
-155
-66
75
188
293
353
463
463
420
313
246
178
16
-76
-163
-168
-191
-200
-150
-71
20
80
99
160
241
218
216
188
205
164
79
47
-36
-71
-168
-230
-268
-306
-331
-346
-309
-251
-159
-108
0
58
134
134
119
106
25
-21
-135
-185
-226
-233
-234
-202
-165
-117
-55
-6
47
80
141
144
185
189
214
229
222
242
224
213
187
188
147
109
92
68
59
71
86
94
136
154
163
182
173
146
113
64
7
-16
-72
-110
-107
-135
-139
-143
-144
-161
-149
-164
-182
-172
-190
-202
-186
-184
-188
-144
-138
-111
-75
-44
-18
9
22
8
18
5
-25
-52
-56
-61
-53
-53
-20
31
64
111
152
215
244
262
268
253
243
208
161
129
97
60
8
-17
-23
-46
-39
-40
-40
-12
0
11
33
66
87
92
92
71
53
15
-50
-108
-156
-196
-222
-241
-244
-229
-192
-156
-134
-101
-82
-68
-68
-81
-88
-97
-107
-116
-101
-74
-57
-34
-8
19
34
19
27
31
40
56
56
103
138
178
205
208
234
219
177
133
72
34
7
-37
-37
-37
-11
9
13
47
52
56
27
18
17
-17
-43
-50
-47
-15
-4
-10
14
13
-11
-60
-88
-110
-146
-178
-192
-166
-128
-102
-68
-32
1
31
32
18
-1
-19
-53
-55
-32
-18
9
28
67
95
107
120
118
110
91
65
52
56
86
98
113
145
157
163
145
107
72
27
-18
-59
-89
-96
-86
-55
-20
30
77
100
121
130
111
88
41
-3
-34
-75
-103
-127
-115
-115
-109
-100
-102
-89
-104
-110
-114
-115
-122
-129
-134
-123
-99
-76
-54
-38
-23
-25
-13
-12
-18
-11
-11
-2
8
19
44
61
89
120
131
137
124
116
100
74
52
30
17
9
6
0
7
23
28
27
29
28
4
-18
-44
-67
-74
-71
-65
-48
-19
5
19
30
46
32
4
-36
-75
-101
-128
-139
-140
-118
-86
-62
-49
-14
4
7
-1
-20
-18
-29
-22
-25
-11
21
48
60
70
95
97
85
63
56
51
55
62
88
133
169
188
197
214
207
177
128
76
16
-25
-60
-81
-69
-52
-32
-18
7
21
39
38
20
5
-15
-33
-50
-55
-48
-45
-51
-65
-81
-85
-103
-110
-117
-123
-106
-97
-70
-44
-16
3
4
-2
-28
-49
-67
-82
-92
-86
-76
-56
-36
-5
26
39
51
40
27
13
9
13
22
43
67
86
101
112
107
97
70
35
-5
-32
-52
-64
-58
-43
-14
5
31
42
35
15
-21
-56
-93
-112
-129
-123
-97
-63
-27
7
32
47
48
25
-4
-50
-82
-109
-128
-131
-114
-88
-63
-20
18
57
75
80
75
59
43
28
19
12
21
21
33
50
76
91
103
123
133
148
151
147
147
146
139
125
121
118
109
91
72
52
35
10
-19
-40
-55
-67
-78
-81
-67
-48
-27
-1
23
46
42
32
8
-27
-60
-110
-143
-167
-167
-151
-128
-87
-41
-1
25
42
48
41
24
-4
-31
-48
-61
-56
-48
-30
-14
-3
6
11
17
7
3
3
-1
13
30
50
66
80
81
77
69
48
21
-8
-33
-50
-62
-66
-58
-48
-37
-28
-25
-37
-54
-78
-105
-120
-133
-140
-140
-124
-105
-85
-68
-63
-57
-62
-68
-77
-76
-67
-54
-37
-21
1
10
17
9
-2
-16
-29
-32
-32
-13
13
50
84
121
147
160
156
138
114
79
50
31
25
36
62
92
126
151
166
168
149
128
95
62
35
16
7
7
22
36
54
61
60
48
31
9
-16
-31
-35
-27
-11
13
39
64
78
81
67
38
0
-42
-77
-104
-108
-102
-80
-45
-8
27
52
69
74
67
48
26
7
-7
-14
-16
-14
-4
8
12
16
15
13
5
-7
-14
-22
-27
-29
-28
-23
-15
-10
-14
-20
-35
-52
-71
-82
-90
-94
-96
-96
-94
-90
-87
-82
-82
-84
-85
-94
-100
-106
-112
-120
-119
-117
-121
-119
-118
-112
-106
-95
-87
-79
-65
-60
-51
-41
-33
-24
-19
-12
-2
6
20
31
46
62
76
86
92
98
100
102
101
96
94
87
83
79
75
76
76
73
70
67
62
57
53
52
55
59
63
66
71
71
70
67
63
61
55
51
50
52
55
57
61
62
61
58
53
45
36
23
14
7
6
1
-1
0
2
9
11
16
17
17
17
18
20
22
26
27
29
30
30
26
18
10
0
-10
-21
-26
-27
-27
-27
-26
-27
-25
-26
-28
-35
-42
-50
-64
-74
-82
-89
-92
-93
-90
-87
-82
-78
-74
-70
-67
-68
-70
-73
-76
-81
-82
-83
-80
-77
-76
-70
-66
-59
-55
-53
-50
-47
-45
-44
-43
-36
-30
-25
-18
-13
-3
6
14
20
23
27
30
31
34
37
40
43
46
51
55
57
59
59
58
53
50
43
42
38
35
36
35
40
40
41
43
42
42
38
33
31
28
24
24
25
28
28
26
27
28
24
23
20
18
14
6
2
-2
-4
-6
-6
-7
-5
-3
1
6
10
15
17
18
20
21
22
21
23
22
21
19
17
18
19
20
20
21
21
20
16
14
11
8
5
2
0
-1
-2
-3
-4
-5
-9
-12
-16
-17
-21
-26
-31
-35
-36
-35
-33
-30
-27
-26
-27
-27
-30
-31
-35
-38
-39
-38
-37
-31
-28
-25
-20
-19
-16
-17
-16
-19
-24
-28
-31
-33
-33
-33
-30
-26
-23
-18
-14
-12
-9
-8
-12
-13
-15
-16
-15
-13
-10
-8
-4
-2
3
8
11
12
12
10
9
9
8
11
13
13
16
17
19
19
17
15
10
6
2
-2
-4
-4
-2
2
6
11
13
17
18
18
18
18
16
15
14
14
15
19
24
29
32
33
35
37
35
34
32
30
26
23
21
17
17
16
15
17
16
17
16
14
11
10
10
7
6
5
5
5
6
7
7
6
7
3
1
-1
-3
-2
-3
-3
-4
-6
-6
-6
-7
-9
-11
-15
-16
-19
-22
-22
-22
-23
-23
-22
-22
-22
-23
-24
-25
-28
-29
-31
-31
-32
-33
-34
-33
-30
-29
-27
-25
-24
-23
-21
-21
-18
-17
-16
-15
-12
-10
-10
-9
-8
-6
-6
-4
-3
-1
-1
1
4
6
9
10
12
12
10
9
6
4
1
-1
0
0
2
5
7
9
11
15
16
17
16
17
17
17
18
19
21
20
21
22
23
24
25
25
24
25
24
24
24
26
26
28
27
26
24
20
16
12
7
3
0
-2
-3
-3
-1
0
1
2
2
1
1
-1
-4
-5
-7
-7
-8
-7
-8
-6
-5
-6
-4
-3
-3
-4
-6
-8
-9
-10
-11
-12
-12
-14
-14
-15
-15
-16
-17
-17
-19
-18
-17
-17
-17
-18
-18
-19
-19
-17
-17
-17
-15
-13
-12
-10
-6
-5
-5
-3
-3
-2
-3
-2
-2
-4
-4
-5
-5
-4
-4
-2
-2
-2
0
1
2
2
3
5
6
6
6
6
6
6
5
5
5
4
3
4
6
9
11
14
15
16
17
17
17
15
12
10
8
5
4
4
4
4
5
7
8
10
9
9
10
8
9
7
9
9
10
11
9
9
8
5
3
0
-3
-3
-4
-4
-4
-4
-3
-3
-1
-1
0
0
-2
-2
-3
-3
-4
-3
-3
-3
-4
-5
-4
-4
-3
-3
-3
-5
-6
-6
-6
-6
-5
-4
-5
-5
-4
-6
-5
-4
-4
-5
-7
-6
-7
-6
-6
-6
-5
-5
-6
-4
-5
-3
-2
-1
1
0
1
2
2
3
3
2
1
1
-1
-3
-4
-5
-6
-5
-5
-6
-5
-2
-1
0
0
0
-1
0
0
0
-1
-4
-2
-3
-2
-2
-1
0
0
2
3
4
5
5
5
4
2
1
0
-1
-2
-3
-2
-2
0
-1
1
3
3
5
5
6
6
5
6
5
6
6
7
8
8
7
8
7
6
4
3
3
2
2
2
1
2
2
3
3
2
2
1
0
2
0
1
2
3
2
3
2
1
3
3
3
2
1
1
1
1
1
1
1
0
0
-1
-2
-3
-3
-6
-6
-6
-7
-6
-7
-6
-8
-7
-6
-5
-5
-2
0
-1
1
-1
0
-1
0
0
-1
1
-1
-1
-1
-1
-2
-2
-4
-3
-5
-4
-5
-5
-4
-5
-4
-4
-5
-4
-4
-4
-4
-4
-3
-3
-3
-3
-2
-3
-1
-1
0
0
1
2
0
2
1
1
1
1
1
1
1
1
1
2
1
2
2
2
3
3
4
4
5
4
5
5
4
4
3
2
3
2
2
3
2
1
2
1
1
1
1
-1
-1
0
-1
-2
-2
-2
-4
-3
-3
-2
1
0
1
2
2
2
4
5
5
6
4
4
4
4
3
3
2
2
2
1
2
1
0
1
0
1
0
0
0
0
1
-1
-1
0
-1
0
1
0
0
-2
-1
-1
0
-1
-2
-1
-2
-2
-1
-1
-2
-2
-3
-2
-2
-2
-2
-2
-2
-2
-3
-3
-3
-3
-4
-2
-2
-2
-2
-2
-1
-1
-1
-1
-3
-2
-2
-1
-1
-1
-1
-1
0
0
1
0
1
0
0
0
1
1
1
1
1
1
1
2
2
3
3
3
3
3
3
3
2
2
1
1
1
0
-1
-1
-2
-2
-1
-2
-3
-3
-4
-3
-3
-3
-2
-3
-2
-3
-3
-2
-2
-2
-2
-3
-2
-2
-1
-1
-1
0
0
1
2
3
4
4
4
5
4
3
3
2
3
3
3
2
3
4
3
4
4
3
2
2
1
2
2
2
2
2
3
3
4
3
3
1
0
-1
0
-2
-2
-2
-2
-2
-3
-2
-2
-2
-1
-1
-2
-2
-4
-4
-3
-3
-3
-2
-2
-3
-2
-1
-1
-1
-1
0
0
1
0
0
1
1
1
1
2
2
2
2
2
2
2
1
1
0
1
0
0
0
1
1
2
2
2
2
1
1
-1
0
-1
-1
-1
-2
-1
-1
-1
-1
-2
-1
-2
-2
-3
-3
-3
-4
-4
-5
-4
-5
-4
-3
-4
-3
-3
-3
-3
-3
-3
-2
-2
-2
-2
-1
-1
-1
0
0
1
0
1
2
3
3
2
3
2
3
3
3
4
4
4
4
3
3
4
5
5
6
5
5
5
4
4
3
4
4
5
4
4
3
2
1
2
1
0
0
-1
-2
-2
-2
-2
-3
-3
-3
-3
-4
-5
-5
-5
-5
-5
-4
-3
-3
-2
-2
0
-1
0
0
-1
-1
-1
0
0
0
0
1
2
1
2
2
3
2
2
1
0
1
1
1
1
1
2
2
0
0
0
-1
-2
-1
-1
-1
-3
-2
-3
-3
-2
-3
-3
-3
-4
-3
-3
-4
-3
-3
-2
-2
-2
-2
-2
-2
-2
-2
-3
-2
-2
-1
-1
-1
-1
0
-1
0
-1
-1
-1
-1
1
1
2
2
1
1
2
1
2
3
3
1
1
3
2
2
3
4
4
4
5
3
4
4
4
4
3
3
3
2
2
2
2
2
2
1
2
1
1
1
1
1
1
1
2
1
2
0
0
0
1
1
0
-1
0
0
-1
-1
-1
-2
-1
-1
-1
-1
-1
-1
-1
-1
-1
-1
-2
-2
-2
-1
-1
-1
-1
-2
-1
-1
0
0
0
-1
-1
-1
-1
-1
-1
-2
-1
-3
-2
-1
-2
-2
-1
-2
-3
-3
-3
-2
-3
-4
-3
-4
-4
-4
-3
-2
-2
-2
-3
-3
-3
-2
-1
-1
-1
-2
-2
-2
-1
-2
0
-1
-1
0
1
1
1
2
2
2
1
2
2
2
2
1
1
1
3
3
3
3
3
4
4
3
3
3
3
4
3
3
3
3
2
2
1
1
1
2
1
2
1
1
2
2
1
1
2
2
1
2
0
0
0
1
0
1
1
1
2
1
0
1
1
0
1
0
-1
0
-2
-1
-1
-1
-2
-1
-1
-1
-2
-2
-2
-2
-2
-3
-2
-2
-1
-1
-2
-1
-2
-3
-3
-2
-1
-2
-3
-2
-1
-2
-1
-2
-1
-1
-1
-1
-1
-2
-3
-2
-2
-2
-2
-1
-1
0
0
-1
-1
0
0
0
1
0
0
0
0
0
0
0
1
1
0
1
0
1
0
-1
0
0
-1
0
0
0
0
0
0
-1
-1
-2
-1
0
0
0
1
1
1
2
2
2
2
3
2
0
1
1
1
1
2
2
1
2
2
1
0
0
-1
1
0
0
0
-1
0
0
1
2
1
1
1
1
0
0
-1
0
0
-1
-1
1
0
1
1
1
0
0
1
1
1
0
0
-1
0
-1
1
0
0
0
1
2
1
1
1
0
1
0
1
0
1
0
0
0
1
2
0
0
0
0
-1
-2
-3
-2
-2
-1
-1
-1
-2
-1
-2
-1
-2
-1
-2
-2
-2
-2
-1
-2
0
-1
0
0
0
-1
0
0
-1
-1
-1
-1
-1
0
0
0
0
0
0
-1
0
0
-1
-2
-1
-1
-1
-1
-1
0
0
0
0
0
-1
1
0
1
0
0
1
0
0
-1
-1
0
1
1
1
1
1
1
0
1
1
0
0
0
1
2
1
1
1
1
2
1
2
2
1
1
1
0
0
1
0
1
1
1
1
1
1
1
1
0
0
-1
0
0
1
0
0
-2
-1
-1
-1
-1
0
-2
0
-1
0
0
1
1
1
1
1
1
1
2
1
1
2
1
2
1
1
0
1
-1
0
-1
-1
-1
-1
0
-1
-1
0
0
-1
-1
-1
-2
0
-2
0
0
-1
-1
0
0
-1
0
-2
-1
-1
-2
-2
-2
-2
-1
0
-1
-1
0
-1
0
-1
-1
-1
-1
0
0
-1
1
0
1
0
0
0
1
1
1
1
0
0
1
0
1
0
-1
0
0
0
-1
0
-1
-1
-2
0
0
0
0
-1
-1
-2
0
-2
-1
0
0
1
2
2
3
2
2
2
1
1
1
1
2
1
1
1
1
0
-1
-1
-1
-1
-1
-1
0
-1
0
0
1
1
2
2
1
0
0
0
0
0
0
0
0
0
1
1
1
0
0
0
0
-1
0
-1
-1
0
0
0
1
0
0
1
1
0
0
-1
-1
0
1
0
0
0
0
0
-1
0
0
-1
-1
0
0
0
0
0
0
0
-1
-1
-1
-1
-1
-1
-2
-1
-2
-2
-1
-1
0
0
0
-1
0
-1
-1
0
0
-1
0
0
0
0
0
0
1
1
1
0
1
1
0
1
0
-1
0
0
0
1
1
1
1
2
1
1
0
0
-1
-1
-1
0
0
1
1
0
1
1
1
1
1
0
0
0
0
0
1
0
1
0
0
1
0
0
1
0
0
0
0
1
-1
0
0
0
-1
-2
-1
0
0
-1
-1
-1
0
1
0
1
0
1
0
0
0
0
0
0
-1
-1
0
-1
-1
-1
-1
0
0
-1
0
0
0
1
1
2
1
0
-1
0
0
-1
-2
-1
0
-1
-1
0
0
0
0
1
-1
-1
-1
-1
-1
0
-1
0
-1
0
0
1
1
1
1
0
0
-1
0
0
0
1
1
1
0
1
1
0
1
0
0
1
0
0
1
0
0
1
2
1
2
0
1
1
0
0
1
0
0
1
0
1
1
0
1
1
1
0
0
0
-1
0
-1
1
1
0
0
-1
0
-1
-2
-1
-2
-1
-1
0
0
-1
0
0
-1
0
0
0
0
0
1
1
0
0
-1
0
0
0
0
-1
0
1
0
1
1
1
1
0
1
1
1
1
1
0
0
1
0
0
0
0
0
-1
-1
-1
-1
0
0
0
-1
0
0
0
0
0
0
0
-1
-2
0
-1
0
-1
0
-1
-1
-1
0
-1
-1
-1
-1
-1
-1
0
0
0
0
1
0
0
0
1
1
0
-1
0
0
1
0
0
0
0
0
-1
0
0
0
0
0
-1
0
-1
-1
1
1
1
1
2
2
2
1
0
0
0
0
0
0
0
1
0
1
1
1
1
1
2
1
1
0
0
0
0
0
-1
-1
0
-1
1
0
0
-1
0
0
0
1
0
-1
0
-1
0
0
0
0
0
1
0
0
0
0
-1
-1
-1
-1
0
-1
-1
0
0
0
0
0
-1
0
0
-1
-1
-1
1
0
0
0
1
0
0
1
0
1
0
0
0
1
1
0
1
0
0
-1
-1
-1
0
0
-1
0
0
0
1
0
0
0
1
0
0
1
0
1
1
0
0
0
0
1
0
0
-1
-2
-1
0
-1
-1
-1
-1
-1
-1
-1
-1
-1
-1
-1
0
-1
1
1
0
1
1
1
1
0
0
0
0
1
1
0
0
1
1
1
1
1
1
1
0
-1
0
0
0
0
0
0
0
0
1
0
-1
0
0
1
0
0
0
1
1
0
1
1
2
1
1
0
0
1
0
0
0
-1
-1
-1
-1
-1
-1
-1
-1
-1
0
-1
0
0
-1
-1
0
0
0
-1
0
0
0
1
1
1
2
1
1
0
1
0
0
1
1
1
1
1
0
0
0
0
-1
0
0
0
0
-1
0
0
0
1
0
0
0
0
1
0
0
0
0
0
1
1
0
1
-1
0
-1
-1
0
-1
-1
0
0
-1
-1
-1
0
0
0
0
0
0
0
0
-1
0
0
0
0
0
-1
0
0
1
1
1
-1
0
0
0
0
1
2
1
1
0
1
0
0
0
0
0
-1
0
-1
0
0
0
1
0
0
0
1
0
1
1
0
1
1
0
-1
1
1
0
1
1
0
0
1
1
1
0
-1
0
0
0
-1
0
-1
-1
-1
0
-1
0
0
1
1
0
0
0
0
-1
0
0
0
0
1
0
0
0
0
0
-1
-1
-1
0
0
0
0
0
-1
0
0
-1
-1
0
0
0
0
-1
0
0
1
1
0
1
2
0
0
0
0
0
0
1
2
1
1
1
1
1
0
0
-1
-1
-1
-1
-1
-1
0
0
0
1
0
0
-1
0
1
1
0
0
1
0
0
1
1
1
1
0
0
0
0
0
-1
-1
0
-1
-1
-1
0
-1
0
-1
0
-1
0
0
0
0
0
0
0
-1
-1
-1
0
0
0
0
0
0
1
1
1
0
0
-1
0
0
-1
0
0
0
-1
0
-1
0
1
0
0
-1
0
0
-1
0
0
-1
0
0
0
0
1
1
1
1
2
1
0
1
0
0
0
0
0
1
0
0
0
0
0
0
0
0
-1
0
0
0
-1
-1
0
0
0
0
0
0
1
0
1
1
0
0
1
1
0
1
0
1
1
0
0
0
0
0
-1
0
0
0
1
0
0
1
0
0
0
0
0
-1
-1
-1
-1
-1
-1
0
0
-1
1
-1
-1
-1
-1
-1
-1
-1
-1
-1
0
-1
1
0
0
0
0
0
-1
0
-1
0
0
0
0
0
1
0
1
0
1
2
0
0
1
0
1
1
1
1
0
0
0
0
0
-1
-1
-1
-1
0
-1
-1
0
0
0
-1
0
0
-1
0
0
0
0
1
0
0
1
0
1
0
1
0
