0
0
0
0
1
0
1
0
0
0
1
0
0
0
-1
1
1
0
-1
0
0
0
0
0
0
0
0
0
0
0
1
0
0
0
0
0
0
0
-1
0
1
0
0
-1
0
-1
0
0
0
0
0
0
0
0
0
0
0
0
-1
0
0
0
0
0
0
0
0
0
0
0
0
0
0
0
0
0
0
0
0
1
0
0
0
0
0
0
0
0
0
0
-1
0
0
1
0
0
0
0
0
0
0
0
0
0
0
0
0
0
0
0
0
0
0
1
-1
0
0
0
0
0
0
-1
1
0
0
0
0
0
-1
0
0
0
0
0
0
0
0
0
0
-1
-1
-1
-1
0
-1
0
0
0
0
0
0
-1
-1
0
-1
0
0
0
-1
0
0
0
0
0
0
0
1
0
0
0
0
0
0
0
0
0
0
1
1
0
0
0
0
0
0
0
0
0
0
0
1
0
0
0
0
0
1
1
0
0
0
0
0
-1
0
0
0
0
0
1
1
0
0
1
-1
0
0
1
0
0
0
0
1
1
0
0
0
-1
0
0
0
0
0
0
1
0
1
1
0
0
0
0
0
0
0
0
0
0
0
0
1
0
0
1
0
0
0
1
0
0
0
-1
0
1
1
0
0
0
0
0
0
-1
0
0
0
0
-1
-1
0
0
0
0
0
0
0
0
0
0
-1
0
0
0
0
0
0
0
0
0
-1
0
1
0
0
0
0
-1
0
-1
-1
0
0
0
0
1
0
0
0
0
0
1
0
0
1
1
0
1
-1
0
0
0
0
0
0
0
0
0
0
0
0
0
0
0
0
0
0
0
0
0
0
0
0
0
0
0
0
-1
1
0
1
0
0
1
0
0
0
0
0
1
-1
0
0
0
0
1
1
0
0
0
0
0
0
0
1
0
0
1
-1
-1
0
0
0
0
0
0
0
0
0
0
0
0
0
-1
0
0
0
0
0
0
1
0
-1
-1
0
0
0
-1
0
0
0
0
1
-1
0
0
0
0
-1
0
0
0
0
0
0
0
0
0
0
0
0
0
0
-1
0
0
0
0
0
-1
0
0
0
1
0
-1
0
0
0
0
0
0
0
0
0
0
0
0
0
0
0
0
0
0
0
0
0
0
0
0
0
0
0
0
0
0
0
0
0
1
0
0
0
0
0
0
0
1
0
0
0
1
1
0
0
0
-1
1
1
0
0
0
0
0
0
0
1
0
0
0
1
0
0
0
0
0
-1
0
0
0
0
0
0
0
0
0
0
-1
-1
-1
0
0
0
0
-1
0
0
0
0
0
0
0
0
0
1
0
1
-1
0
0
0
0
0
1
-1
0
1
-1
0
-1
-1
-1
0
0
1
0
0
0
1
0
0
0
1
0
0
0
1
0
0
0
1
1
1
0
-1
0
0
0
0
0
-1
1
1
-1
0
1
0
-1
0
0
1
-1
-1
0
0
0
-1
0
-1
-1
0
-2
-1
-1
-1
-1
0
0
1
0
-1
0
0
1
0
-1
-1
-1
-1
0
0
1
0
1
-1
-1
1
0
0
-1
-1
-1
0
1
1
1
0
0
0
0
1
0
0
-2
-2
0
2
2
0
1
0
-1
-1
2
1
-1
0
1
0
1
2
3
0
-2
4
4
-1
-5
-6
-6
-3
5
10
5
-3
-2
0
-3
-1
3
4
-4
-9
-4
0
-1
1
4
4
1
2
2
0
-4
-2
0
1
2
1
2
0
1
1
3
3
0
-2
-5
-4
-1
2
4
2
1
2
1
0
-1
-1
-2
-4
-5
-1
0
0
2
4
6
3
2
0
-2
-3
-3
-3
-3
-3
-1
1
1
1
2
1
-1
-2
-2
-1
-1
-1
0
0
2
2
3
1
0
-1
-3
-4
-3
-2
-2
-2
0
2
2
2
4
1
0
0
0
-1
-1
-1
0
0
1
2
4
3
0
-1
0
-1
0
0
0
-1
0
1
2
0
-1
-1
0
-2
-2
-2
-3
-1
-1
0
1
1
1
-1
-1
0
-1
-2
-2
-1
-1
0
0
0
0
-1
-1
-1
-1
0
0
0
0
0
0
1
1
-1
-1
0
0
0
-1
-1
-1
0
0
3
2
2
1
0
0
0
2
2
2
1
-1
-1
-1
0
-1
1
1
1
1
1
1
1
1
2
3
4
2
0
1
-1
-2
-2
0
0
1
0
0
0
0
1
1
1
1
0
0
0
0
-2
0
1
0
0
1
0
0
0
1
-1
-1
-1
-1
-1
-1
-2
-1
-1
1
0
1
0
0
-1
-3
-2
-1
0
-1
-1
0
-1
-1
0
-1
-1
-2
-2
-1
-2
-1
-1
1
1
1
3
2
1
1
0
-1
-2
-2
-2
-1
0
1
1
0
-1
0
0
1
0
-2
-1
-1
0
1
2
3
1
1
1
0
0
-1
-2
0
-1
1
1
1
1
1
0
1
2
1
0
-2
-1
-1
-1
0
1
1
0
-2
-2
-1
-1
-1
-1
-2
-1
1
2
2
3
1
0
0
-1
0
-1
-2
-2
-1
0
1
2
3
2
2
2
1
2
1
-1
-1
-1
0
0
1
1
1
1
1
1
1
0
0
-1
0
1
2
1
2
2
1
0
0
0
0
0
1
1
0
0
1
1
1
1
1
0
-1
-1
-2
-2
-2
0
-1
0
1
0
0
0
0
-1
-1
-2
-2
-2
-2
-2
-2
-1
-2
-1
-1
-2
-2
-2
-3
-2
-1
-1
0
0
0
1
0
1
0
0
0
0
0
-1
-1
-1
0
0
1
0
1
0
1
0
-1
-2
-1
0
0
0
1
1
1
1
2
1
0
-2
0
-1
0
0
0
0
0
0
0
1
0
0
0
0
0
1
1
0
1
2
1
2
2
2
1
1
1
0
1
1
1
1
2
2
1
1
1
1
0
0
0
0
0
0
0
0
0
-1
0
0
0
0
-1
-1
-1
-1
-1
0
0
-1
-1
0
0
0
0
0
0
-1
0
0
0
0
0
0
1
0
-1
-1
0
0
-1
-1
-1
0
0
1
1
1
0
0
1
1
0
-1
0
0
-1
1
1
1
0
0
0
1
0
1
1
-1
0
0
0
0
-1
0
0
0
0
0
0
-1
0
-1
-1
-1
0
0
-1
1
0
-1
0
0
0
0
0
-1
-1
0
-1
-1
-1
-2
-1
-1
0
0
-1
-1
-1
0
0
0
0
1
0
0
0
0
0
1
1
1
2
1
1
1
0
0
0
0
0
0
0
0
1
0
0
0
1
0
1
1
0
0
0
0
1
0
0
-1
-1
0
0
-1
0
1
0
1
1
0
1
0
0
0
-2
-2
-1
-2
-1
0
0
0
0
1
0
-1
0
1
0
0
0
0
1
1
0
0
0
0
1
1
1
0
0
0
0
1
0
0
0
0
1
1
1
1
1
1
1
1
0
1
0
-1
-1
-1
0
0
0
0
1
0
0
-1
1
1
1
1
0
0
0
-1
-1
-1
-2
-1
0
0
0
0
0
-1
0
0
0
0
-1
0
-1
0
0
0
0
-1
0
-1
-1
-1
-1
-1
0
-1
0
0
0
1
1
1
0
0
1
0
0
0
0
-1
-1
-1
-1
-1
-1
0
0
0
0
1
0
1
0
0
1
0
1
1
1
1
0
0
0
0
-1
-1
-1
0
-1
0
0
-1
0
1
1
1
1
1
0
0
0
0
0
0
1
1
0
-1
0
0
0
0
0
0
-1
0
0
0
0
0
1
0
0
0
1
0
0
-1
0
-1
-1
-1
-1
0
0
0
0
0
0
1
1
2
1
0
1
1
1
1
0
1
0
0
1
0
1
0
0
0
0
0
0
0
1
0
1
1
1
1
1
0
0
0
0
-1
-1
-2
-2
0
-2
0
-1
-1
-1
-1
-1
0
0
0
-1
-1
0
-1
0
-1
-1
-1
-2
-1
-1
-1
0
0
-1
0
-1
0
0
0
0
-1
1
-1
-1
-1
0
-1
0
0
0
0
1
0
1
0
0
1
1
0
0
0
0
0
1
1
0
1
1
1
0
1
1
0
0
1
0
0
1
0
0
0
0
0
0
0
0
0
0
-1
-1
0
0
1
1
1
0
0
-1
-1
0
-1
-1
-1
-1
0
-1
0
1
0
0
0
0
0
-1
0
-1
0
0
0
-1
0
1
-1
0
0
0
0
0
0
1
0
0
1
2
1
1
0
0
0
1
1
0
0
1
0
0
0
-1
-1
0
0
0
-1
0
0
0
1
0
0
0
-1
0
1
0
1
0
0
1
1
0
0
0
-1
-1
0
-1
-1
-1
0
0
0
0
0
0
-1
0
0
0
0
0
-1
0
0
1
0
0
0
0
0
0
-1
0
-1
-1
0
0
-1
-1
-1
0
0
-1
0
-1
-1
-1
0
-1
-1
0
0
0
0
0
-1
0
1
1
0
0
1
1
1
1
1
1
2
1
1
1
1
1
1
1
1
1
0
1
1
1
1
0
1
1
0
0
0
-1
-1
-1
-1
-1
-1
-1
-2
-1
-3
-3
-2
-3
-2
-2
-2
-2
-2
-1
-1
-1
0
0
1
-1
0
3
3
5
6
7
8
10
11
13
14
14
14
14
16
16
16
16
15
15
14
13
12
10
9
6
4
1
-2
-5
-7
-10
-13
-17
-20
-23
-25
-27
-28
-30
-31
-32
-33
-34
-33
-32
-33
-34
-34
-33
-34
-33
-32
-32
-31
-31
-31
-31
-29
-28
-26
-25
-25
-24
-23
-23
-21
-21
-18
-18
-17
-13
-8
-5
-1
2
7
12
17
25
30
37
42
49
54
60
67
73
81
88
93
99
105
112
118
124
130
134
138
140
141
140
139
137
132
127
118
111
103
95
87
80
71
61
52
44
33
21
7
-8
-23
-39
-55
-73
-90
-108
-123
-128
-137
-153
-161
-172
-180
-185
-192
-193
-200
-204
-209
-214
-218
-218
-217
-213
-207
-203
-195
-188
-177
-168
-158
-149
-141
-136
-134
-135
-138
-146
-153
-160
-164
-169
-175
-180
-183
-180
-172
-160
-147
-136
-127
-119
-111
-102
-91
-79
-64
-46
-22
9
53
103
162
225
286
350
411
467
517
561
596
627
652
674
698
721
745
767
788
806
821
829
828
814
787
747
696
634
564
494
422
349
275
204
134
68
5
-55
-118
-184
-255
-326
-399
-472
-545
-614
-677
-736
-785
-825
-852
-867
-868
-860
-841
-812
-776
-731
-681
-631
-583
-539
-500
-465
-435
-410
-391
-371
-351
-325
-291
-248
-194
-140
-85
-36
-4
5
-6
-45
-109
-204
-323
-459
-592
-698
-770
-795
-781
-739
-681
-617
-546
-477
-414
-371
-360
-386
-437
-494
-532
-527
-466
-345
-172
47
298
572
857
1130
1373
1566
1698
1767
1789
1779
1760
1745
1748
1774
1827
1907
2010
2123
2231
2314
2354
2329
2236
2079
1866
1615
1340
1059
785
529
302
105
-62
-199
-319
-435
-566
-722
-909
-1122
-1353
-1593
-1833
-2064
-2265
-2421
-2523
-2568
-2565
-2522
-2451
-2354
-2238
-2112
-1981
-1853
-1735
-1627
-1523
-1410
-1276
-1113
-918
-701
-476
-251
-26
196
417
626
820
986
1123
1234
1326
1405
1472
1529
1568
1586
1576
1546
1501
1443
1377
1298
1210
1117
1025
934
843
747
642
526
393
237
66
-122
-320
-522
-712
-872
-983
-1043
-1057
-1050
-1034
-1022
-1013
-1007
-1015
-1047
-1127
-1262
-1445
-1642
-1799
-1876
-1850
-1743
-1591
-1424
-1247
-1045
-812
-560
-336
-179
-109
-121
-174
-219
-216
-141
6
200
429
691
996
1348
1714
2052
2308
2461
2517
2497
2435
2356
2269
2185
2106
2040
2004
2007
2052
2117
2169
2173
2117
2007
1850
1657
1430
1168
889
611
358
137
-50
-207
-351
-492
-641
-795
-940
-1079
-1228
-1400
-1604
-1820
-2026
-2199
-2330
-2424
-2491
-2535
-2553
-2545
-2503
-2429
-2317
-2182
-2039
-1901
-1768
-1624
-1456
-1269
-1081
-899
-729
-556
-374
-187
2
193
378
559
725
877
1022
1160
1295
1406
1484
1536
1571
1596
1606
1586
1536
1457
1366
1276
1183
1094
997
894
786
671
555
446
341
229
96
-67
-246
-424
-592
-743
-876
-979
-1046
-1076
-1074
-1050
-1018
-977
-939
-915
-915
-953
-1026
-1128
-1242
-1349
-1410
-1406
-1340
-1238
-1128
-1012
-880
-716
-532
-360
-238
-177
-174
-196
-212
-195
-115
25
215
434
669
929
1216
1528
1824
2066
2232
2313
2327
2286
2203
2098
1982
1873
1773
1682
1605
1551
1528
1522
1518
1498
1452
1384
1296
1187
1065
936
805
675
528
359
180
9
-138
-270
-398
-538
-688
-847
-1006
-1164
-1313
-1440
-1544
-1630
-1713
-1793
-1866
-1917
-1941
-1944
-1932
-1898
-1842
-1757
-1661
-1565
-1464
-1351
-1219
-1070
-910
-750
-599
-463
-354
-277
-222
-173
-115
-48
20
89
171
279
414
566
718
859
986
1086
1139
1139
1082
975
818
612
372
128
-82
-237
-338
-394
-411
-394
-340
-262
-166
-61
46
140
210
238
230
196
142
78
-1
-84
-156
-202
-226
-246
-270
-299
-320
-317
-283
-222
-147
-81
-41
-43
-76
-128
-174
-201
-226
-254
-281
-283
-235
-141
-7
152
334
539
750
947
1106
1209
1251
1229
1142
1001
833
666
518
393
292
226
207
247
336
456
593
726
849
936
979
966
907
805
670
515
356
211
95
4
-62
-104
-115
-93
-43
19
70
104
111
83
13
-97
-241
-403
-573
-745
-909
-1053
-1157
-1217
-1225
-1193
-1126
-1026
-901
-765
-635
-524
-444
-397
-388
-408
-443
-481
-502
-514
-512
-497
-453
-364
-235
-81
73
209
314
385
418
411
366
290
180
45
-107
-255
-370
-438
-465
-456
-418
-344
-236
-105
26
128
190
209
188
128
44
-56
-160
-253
-330
-378
-386
-352
-281
-194
-106
-27
37
83
101
82
27
-48
-116
-156
-155
-120
-56
24
114
211
310
406
486
538
543
510
442
357
269
187
112
57
22
15
34
71
129
200
279
353
413
463
499
527
545
552
552
548
542
533
519
505
494
492
495
499
498
496
496
501
518
546
581
619
653
682
703
709
702
669
604
505
382
250
119
-10
-138
-260
-372
-457
-518
-553
-572
-581
-592
-611
-640
-679
-722
-767
-817
-874
-929
-972
-994
-991
-969
-938
-899
-855
-803
-745
-687
-627
-569
-518
-480
-450
-426
-392
-347
-296
-243
-193
-148
-101
-55
-11
28
60
86
109
130
152
173
194
206
211
205
198
195
196
189
167
133
94
64
47
36
34
28
18
3
-19
-48
-88
-135
-195
-264
-333
-390
-420
-416
-384
-330
-263
-183
-95
-3
78
135
158
142
87
6
-87
-175
-248
-294
-305
-276
-205
-94
47
203
361
506
625
712
761
777
766
733
691
649
616
608
629
678
747
828
911
990
1055
1105
1131
1132
1108
1063
1010
956
906
866
838
822
814
812
808
798
770
716
633
519
383
230
65
-104
-271
-425
-562
-680
-776
-852
-911
-957
-996
-1034
-1074
-1116
-1157
-1198
-1236
-1270
-1297
-1313
-1315
-1308
-1293
-1270
-1240
-1200
-1153
-1100
-1039
-973
-901
-824
-743
-654
-560
-462
-361
-265
-174
-90
-14
56
120
181
240
299
358
424
492
563
629
685
729
758
769
758
726
672
600
520
436
355
282
219
165
118
77
42
8
-29
-77
-137
-214
-298
-380
-458
-524
-577
-616
-637
-636
-615
-574
-521
-469
-424
-398
-393
-404
-427
-461
-504
-549
-587
-605
-589
-538
-454
-343
-212
-63
97
261
417
558
678
772
844
898
943
981
1015
1050
1089
1134
1189
1247
1304
1352
1388
1412
1421
1416
1401
1375
1341
1297
1249
1199
1151
1111
1073
1034
991
938
872
796
708
606
487
353
205
48
-112
-269
-416
-554
-679
-792
-888
-968
-1030
-1077
-1106
-1127
-1140
-1150
-1158
-1167
-1174
-1183
-1196
-1212
-1233
-1256
-1275
-1288
-1294
-1284
-1264
-1224
-1167
-1091
-996
-886
-770
-652
-543
-443
-354
-277
-212
-159
-115
-78
-42
1
51
109
171
238
304
370
431
479
509
516
502
467
416
355
287
216
147
85
33
-8
-36
-52
-63
-70
-78
-88
-98
-113
-132
-157
-186
-217
-248
-276
-297
-306
-307
-297
-276
-245
-207
-163
-121
-83
-53
-36
-34
-42
-59
-89
-123
-160
-185
-195
-181
-143
-77
15
127
252
386
515
637
743
830
894
937
962
972
972
967
962
963
974
997
1027
1064
1101
1134
1160
1171
1168
1148
1113
1066
1010
949
886
825
768
717
674
637
600
561
516
462
398
320
227
122
6
-114
-232
-344
-451
-544
-626
-694
-748
-795
-832
-868
-898
-927
-960
-994
-1034
-1076
-1120
-1161
-1198
-1232
-1259
-1280
-1289
-1285
-1267
-1235
-1194
-1142
-1083
-1014
-941
-862
-780
-699
-624
-554
-490
-433
-385
-345
-313
-286
-260
-235
-207
-175
-137
-94
-45
5
54
101
145
183
213
233
246
251
250
245
243
242
248
261
281
306
335
363
395
422
444
458
461
455
440
418
391
360
324
288
257
231
213
203
201
203
210
218
227
235
238
236
224
202
169
130
80
23
-35
-93
-141
-174
-189
-184
-155
-106
-41
36
121
202
277
340
390
424
441
444
435
420
404
394
394
409
437
481
536
594
656
710
754
782
795
789
768
735
695
653
612
576
546
521
503
487
473
455
429
388
331
259
171
71
-38
-152
-262
-363
-450
-521
-575
-613
-638
-654
-665
-678
-697
-727
-763
-811
-871
-936
-1008
-1079
-1144
-1198
-1233
-1251
-1245
-1224
-1188
-1143
-1092
-1031
-969
-906
-848
-796
-747
-703
-658
-613
-565
-511
-449
-378
-303
-222
-137
-53
30
108
173
230
273
310
343
371
396
418
437
459
483
510
536
557
575
588
596
598
594
581
560
532
504
479
459
440
422
407
392
378
362
344
320
294
260
222
178
130
82
35
-8
-48
-81
-107
-127
-141
-154
-169
-187
-206
-231
-260
-291
-325
-357
-381
-391
-387
-368
-335
-288
-224
-150
-64
27
120
210
292
363
419
461
493
516
532
546
560
577
602
633
671
716
763
809
852
889
914
926
926
914
893
864
830
794
761
730
703
680
659
634
601
556
498
425
340
241
126
1
-132
-264
-392
-511
-619
-716
-798
-862
-913
-951
-982
-1013
-1048
-1085
-1129
-1176
-1229
-1284
-1341
-1394
-1440
-1476
-1495
-1497
-1482
-1452
-1408
-1353
-1289
-1218
-1144
-1073
-1002
-937
-875
-811
-740
-660
-573
-481
-390
-297
-203
-106
-6
96
195
286
368
443
513
577
635
686
727
763
797
828
858
883
899
914
922
925
925
923
917
907
895
881
861
837
810
780
753
730
707
683
653
617
573
524
465
398
327
256
188
126
68
12
-41
-94
-137
-176
-210
-252
-300
-355
-421
-496
-577
-659
-732
-790
-825
-834
-820
-783
-728
-656
-565
-459
-346
-236
-138
-49
23
80
132
169
197
218
238
268
309
358
420
498
590
683
777
872
961
1043
1114
1169
1207
1226
1230
1222
1203
1174
1138
1094
1049
998
936
866
781
683
579
464
336
201
63
-76
-207
-335
-455
-564
-666
-769
-874
-978
-1078
-1178
-1286
-1399
-1512
-1621
-1724
-1819
-1901
-1962
-2002
-2018
-2007
-1972
-1921
-1863
-1796
-1723
-1644
-1552
-1452
-1335
-1219
-1119
-1033
-946
-842
-718
-589
-458
-334
-219
-106
19
148
282
419
549
675
794
901
1003
1100
1183
1258
1326
1388
1441
1479
1506
1519
1522
1526
1521
1503
1472
1434
1391
1345
1288
1215
1139
1060
992
938
898
860
808
740
660
576
480
384
289
186
72
-53
-190
-319
-431
-529
-611
-665
-699
-728
-745
-765
-790
-807
-814
-826
-854
-902
-944
-961
-960
-970
-994
-991
-952
-879
-775
-664
-555
-432
-287
-137
3
113
194
263
305
331
372
445
547
664
768
850
929
1027
1121
1188
1219
1236
1278
1310
1255
1092
835
595
580
780
974
1052
995
841
705
557
432
435
517
560
503
341
48
-239
-434
-538
-635
-771
-946
-1164
-1405
-1736
-2050
-2247
-2266
-2133
-1937
-1850
-1878
-1933
-1952
-1905
-1883
-1886
-1869
-1800
-1703
-1582
-1482
-1373
-1187
-864
-462
-154
84
327
557
700
694
584
542
612
751
895
957
931
934
996
1030
996
937
920
937
955
946
929
958
1088
1270
1426
1494
1482
1518
1590
1586
1474
1265
991
723
425
97
-201
-426
-506
-485
-489
-491
-415
-227
10
151
129
-33
-348
-901
-1784
-2941
-4070
-4847
-5129
-5045
-4805
-4295
-3363
-1952
-177
1590
3118
4302
5169
5657
5628
5022
4020
2931
1947
1160
566
268
335
793
1432
2017
2334
2398
2311
1965
1229
101
-1140
-2200
-2870
-3190
-3236
-3028
-2427
-1372
-82
1113
1948
2445
2705
2699
2383
1819
1113
438
-75
-427
-615
-684
-593
-313
-102
-153
-495
-1061
-1763
-2589
-3542
-4436
-5112
-5381
-5132
-4459
-3465
-2255
-802
716
2088
3099
3721
3939
3729
3164
2301
1359
475
-146
-496
-686
-761
-667
-416
-180
-148
-392
-791
-1275
-1772
-2211
-2519
-2639
-2472
-1952
-1201
-338
504
1268
1886
2177
2125
1808
1340
852
403
22
-209
-285
-78
348
742
1035
1111
1033
793
326
-243
-821
-1331
-1651
-1764
-1719
-1464
-946
-176
712
1446
1949
2349
2683
2931
3010
2750
2263
1667
1064
382
-751
-2355
-4209
-5788
-6819
-7146
-6927
-6299
-5234
-3767
-1672
714
3136
5270
6936
7903
8118
7535
6365
4953
3290
1820
536
-366
-685
-454
150
796
1159
1253
1157
722
6
-1033
-2225
-3304
-3926
-3939
-3311
-2271
-935
691
2343
3830
4928
5464
5364
4613
3428
2099
774
-387
-1327
-1960
-2338
-2455
-2365
-2164
-2001
-2074
-2321
-2728
-3267
-3749
-4037
-4045
-3669
-2998
-1988
-773
441
1493
2100
2174
1861
1383
978
551
-107
-683
-1138
-1099
-607
-62
511
771
883
877
626
13
-879
-1801
-2502
-2772
-2754
-2322
-1570
-584
493
1471
2186
2633
2815
2591
2052
1185
318
-284
-596
-736
-795
-811
-714
-458
-250
-228
-390
-639
-841
-897
-977
-910
-667
-270
363
934
1450
1894
2064
2005
1603
965
417
-129
-518
-826
-996
-760
-220
504
1054
1386
1717
2105
2392
2175
1407
334
-855
-2178
-3828
-5836
-7598
-8299
-7711
-6137
-4384
-2540
-392
2167
4871
7009
8374
8768
8542
7714
6113
3940
1628
-90
-1094
-1681
-2018
-1883
-1143
37
1106
1524
1153
398
-274
-876
-1587
-2479
-2914
-2455
-1336
127
1537
2859
4052
4961
5388
4956
3772
2256
775
-630
-2020
-3065
-3334
-2963
-2309
-1737
-1410
-1224
-1226
-1418
-2018
-3029
-4039
-4540
-4399
-3814
-2913
-1497
418
2439
4240
5392
5839
5571
4642
3023
634
-2213
-4798
-6410
-7227
-7495
-7130
-6211
-4487
-2331
-309
1418
2357
2824
3149
3169
2799
2213
1621
1281
1131
987
1045
1126
1153
1014
681
150
-329
-527
-617
-709
-874
-804
-256
491
1081
1263
1001
512
18
-384
-886
-1362
-1622
-1439
-724
167
1176
2212
3047
3637
3745
3315
2523
1450
447
-581
-1467
-1976
-2200
-1904
-1425
-918
-304
22
292
466
255
75
-84
-178
-48
-38
-67
-162
-963
-2415
-4448
-6388
-7553
-7656
-6925
-5997
-4665
-2989
-327
2793
5613
7867
9066
9470
8878
7406
5188
2684
440
-1172
-2080
-2408
-2085
-1057
418
1581
2128
1879
1209
403
-607
-1609
-2662
-3176
-2687
-1294
669
2403
3887
5155
5951
6183
5509
3984
2090
109
-1490
-2505
-3006
-2784
-2029
-1062
-307
75
131
-161
-853
-2055
-3445
-4586
-5178
-4940
-4017
-2676
-951
912
2763
4193
4825
4592
3557
2005
55
-1970
-3782
-5240
-6149
-6660
-6755
-6196
-5234
-4005
-2542
-1247
-65
1057
1944
2767
3295
3617
4029
4316
4163
3721
3029
2077
1072
-157
-1286
-2246
-2908
-2948
-2439
-1772
-1000
-33
921
1739
2190
2338
2155
1726
1114
610
290
112
343
770
1209
1603
1939
2257
2394
2213
1725
1063
399
-211
-601
-866
-993
-969
-912
-983
-1183
-1404
-1504
-1387
-1305
-1227
-1044
-675
119
1254
2173
2852
3004
2655
1791
-31
-2823
-6293
-9521
-11540
-11691
-10530
-8607
-6079
-3105
393
3997
6982
9095
9947
9542
8329
6285
3798
1479
-221
-1267
-1685
-1718
-1127
-56
819
1246
964
-10
-1203
-2087
-2616
-2757
-2624
-1788
-30
2168
4356
6037
6955
7084
6480
5396
3878
2009
272
-1000
-1604
-1613
-962
195
1394
2096
2005
1216
-139
-1843
-3560
-5150
-6373
-6807
-6250
-4598
-2359
-72
2061
3773
4836
5197
4761
3628
1928
-11
-1676
-2914
-3652
-3879
-3640
-3230
-2862
-2674
-2764
-3352
-4545
-5620
-5840
-5361
-4077
-2228
-374
1896
3945
5727
7047
6832
5787
4198
2022
-362
-2659
-4423
-5192
-5059
-4185
-2443
-607
1113
2761
3851
4127
3613
2583
1323
43
-1035
-1501
-1320
-646
262
1362
2230
2571
2685
2388
1799
1008
171
-290
-445
-329
193
1103
2123
2840
2932
2423
1331
-11
-1119
-2170
-2874
-3237
-3020
-1878
-401
1224
2729
3757
4043
3378
1573
-1455
-5360
-9312
-12067
-12858
-11989
-9848
-6769
-3264
554
4283
7320
9301
9885
9265
7789
5513
2764
168
-1576
-2458
-2600
-2245
-1578
-682
31
338
-72
-1047
-2269
-3137
-3334
-3107
-2358
-900
1272
3935
6395
8088
8893
8625
7597
6049
3998
1817
-154
-1490
-1901
-1705
-877
376
1607
2486
2505
1715
298
-1464
-3167
-4666
-5889
-6436
-5970
-4469
-2307
-60
1896
3469
4512
4877
4537
3455
1891
226
-1208
-2318
-3099
-3549
-3634
-3529
-3443
-3510
-3794
-4281
-5023
-5732
-5984
-5627
-4648
-2909
-865
1237
3225
4679
5706
5831
4984
3704
1985
129
-1522
-2823
-3564
-3689
-3261
-2301
-1117
-163
660
1272
1495
1360
1054
731
467
433
683
1232
1939
2643
3341
3868
3840
3447
2821
1976
1134
323
-225
-419
-418
-203
230
600
884
1006
835
359
-542
-1418
-2030
-2234
-1875
-1165
-77
1040
2040
2954
3490
3522
3059
1932
174
-2362
-5625
-8787
-11107
-11781
-10810
-8641
-6054
-3348
-541
2088
4564
6161
6842
6700
5850
4706
3293
1811
527
-386
-891
-961
-749
-375
-66
-129
-594
-1287
-1907
-2242
-2250
-1957
-1409
-352
1285
3262
5135
6339
6900
6890
6378
5475
4160
2695
1288
204
-389
-650
-522
-63
617
1132
1080
496
-482
-1518
-2608
-3592
-4349
-4726
-4373
-3395
-1995
-499
886
2201
3268
3716
3550
2835
1803
714
-428
-1437
-2312
-3011
-3383
-3493
-3509
-3558
-3571
-3534
-3588
-3797
-4109
-4224
-3903
-3227
-2018
-569
680
1955
2900
3505
3714
3169
2506
1645
561
-370
-1281
-2047
-2525
-2610
-2291
-1636
-969
-242
564
1088
1457
1737
1919
2004
2006
1936
1827
1701
1646
1733
1809
1698
1516
1415
1300
1242
1168
941
667
334
88
121
165
257
300
156
-43
-271
-316
-214
24
431
917
1434
1985
2355
2532
2379
1703
971
-9
-1339
-2925
-5296
-7988
-10208
-11310
-10636
-8675
-6449
-3951
-1320
1212
4015
6090
7266
7497
6727
5780
4478
2795
1017
-370
-1347
-1799
-1843
-1581
-1118
-898
-932
-1252
-1706
-2168
-2256
-1928
-1381
-528
851
2769
4876
6655
7725
8070
7613
6496
5060
3309
1517
-99
-1311
-1883
-2037
-1578
-762
84
576
467
-3
-735
-1767
-2887
-3907
-4690
-4685
-4026
-2647
-907
811
2554
3948
4674
4596
3767
2420
894
-732
-2196
-3354
-4113
-4326
-4072
-3596
-2969
-2398
-1963
-1709
-1854
-2235
-2755
-3068
-3000
-2786
-2301
-1541
-549
623
1507
2258
2560
2294
1950
1399
789
23
-729
-1113
-1212
-1117
-645
109
740
1158
1392
1442
1344
1075
816
584
124
-201
-100
353
984
1651
2253
2699
2900
3003
3000
2615
1787
706
-212
-914
-1197
-1059
-758
-449
-228
142
661
992
1203
1329
1344
1352
1291
1443
1500
1277
930
441
4
-649
-1590
-3114
-5584
-8476
-10785
-11461
-10585
-8629
-6244
-3665
-796
2077
5025
7148
8124
7884
6864
5567
3841
1952
19
-1356
-2205
-2387
-1974
-1206
-489
-243
-374
-885
-1452
-1901
-1983
-1723
-1197
-235
1477
3738
5969
7664
8487
8449
7689
6323
4630
2710
743
-763
-1666
-1950
-1713
-1088
-354
243
341
27
-661
-1591
-2597
-3656
-4448
-4801
-4320
-3098
-1391
380
1922
3171
4033
4259
3813
2656
1015
-660
-2179
-3197
-3853
-4131
-4073
-3766
-3292
-2761
-2251
-1883
-1786
-1916
-2065
-2131
-2124
-2130
-2032
-1846
-1534
-844
189
970
1504
1628
1481
1263
786
528
339
48
-87
7
198
450
687
935
1087
969
742
645
474
112
-97
-251
-302
-37
612
1577
2430
3004
3487
3797
3899
3668
3054
2027
703
-395
-1048
-1239
-1157
-993
-668
-254
142
686
1205
1568
1679
1614
1435
1259
1206
1044
715
112
-524
-1057
-1612
-2623
-4324
-6855
-9544
-11105
-11194
-9688
-7483
-5070
-2240
571
3407
5899
7433
7845
7109
5882
4405
2590
659
-977
-1990
-2483
-2393
-1807
-992
-419
-389
-773
-1379
-1946
-2125
-1819
-1191
-305
1074
3191
5625
7669
8845
9020
8358
7167
5635
3894
1983
116
-1237
-1916
-1975
-1573
-951
-393
-231
-543
-1090
-1712
-2380
-3053
-3583
-3749
-3368
-2311
-759
821
2019
2825
3376
3517
3139
2230
977
-365
-1616
-2527
-3113
-3462
-3583
-3496
-3264
-3051
-2881
-2640
-2435
-2297
-2168
-1916
-1398
-751
-170
61
-277
-915
-1176
-1166
-1228
-1196
-1339
-1294
-896
-409
439
985
1313
1754
2137
2273
1983
1547
953
420
-305
-807
-916
-1022
-837
-574
-390
-232
229
1084
1984
2575
3002
3424
3876
4259
4245
3761
2730
1390
242
-628
-1276
-1606
-1622
-1268
-774
-239
464
1188
1721
2104
2364
2363
2261
2124
1744
1148
368
-464
-1061
-1863
-3209
-5167
-7682
-9907
-11048
-10737
-9116
-7001
-4528
-1697
1164
3921
6138
7522
7664
6829
5509
3923
2121
201
-1241
-2184
-2579
-2455
-1881
-1142
-910
-1159
-1548
-1923
-2179
-2157
-1651
-818
319
2086
4366
6572
8055
8657
8390
7413
5900
4155
2471
766
-695
-1582
-1839
-1601
-1072
-464
-92
-272
-926
-1614
-2257
-2886
-3294
-3377
-3009
-2069
-659
1008
2444
3313
3692
3642
3119
2126
858
-449
-1679
-2680
-3241
-3431
-3338
-3098
-2796
-2533
-2454
-2382
-2274
-2144
-2048
-1886
-1536
-994
-423
-113
-179
-553
-840
-1002
-1052
-1098
-1310
-1285
-1122
-716
-110
386
980
1563
2138
2388
2241
1820
1307
823
201
-287
-771
-1084
-1109
-988
-742
-482
6
767
1551
2283
2813
3150
3390
3407
3287
2861
2023
1020
103
-618
-990
-1060
-920
-666
-539
-316
142
624
1095
1580
1961
2237
2579
2829
2723
2113
994
-168
-1514
-3338
-5603
-8315
-10783
-11969
-11349
-9215
-6539
-3759
-811
2065
4667
6515
7671
7693
6681
5413
3921
2310
645
-384
-842
-1155
-1507
-1614
-1469
-1684
-2286
-3004
-3607
-3950
-3607
-2497
-882
804
2763
5146
7243
8478
8771
8296
7129
5419
3729
2243
844
-236
-839
-959
-899
-740
-495
-485
-1077
-2080
-3042
-3741
-4147
-4052
-3369
-2305
-938
670
2404
3613
4179
4249
3821
2914
1672
444
-674
-1700
-2579
-3175
-3565
-3704
-3693
-3611
-3584
-3656
-3502
-3002
-2321
-1582
-781
53
896
1628
1985
1757
1055
215
-727
-1818
-2594
-2904
-2896
-2500
-1944
-1409
-745
-53
941
1793
1985
1921
1755
1745
1610
1325
907
403
-101
-402
-202
-193
-210
40
424
921
1349
1857
2227
2245
2205
2119
1910
1522
921
381
-43
-312
-192
116
255
144
39
122
382
725
1159
1625
1916
2305
2668
2782
2392
1430
34
-2037
-4780
-8013
-10757
-12114
-11670
-9798
-7225
-4181
-1110
2077
4931
6803
7673
7436
6666
5640
4180
2417
844
-37
-344
-378
-518
-783
-1088
-1729
-2622
-3662
-4684
-5083
-4759
-3667
-2017
-67
2344
4828
6946
8222
8510
7997
6804
5263
3645
2152
1037
431
217
250
447
599
582
162
-854
-2167
-3504
-4597
-5235
-5368
-4870
-3663
-1911
158
2124
3603
4573
5026
4942
4302
3233
1959
658
-584
-1710
-2742
-3561
-4151
-4539
-4752
-4904
-4869
-4547
-3900
-3001
-1878
-641
579
1602
2307
2599
2242
1372
512
-157
-964
-1562
-1835
-1943
-1783
-1647
-1335
-1130
-1115
-821
-403
-114
-115
-18
263
639
949
1239
1643
1678
1618
1736
1793
1654
1470
1472
1396
1150
1104
1188
1136
925
623
361
1
-366
-437
-364
-394
-388
-218
76
423
885
1467
1831
1956
2253
2732
2978
2809
2215
1277
75
-1387
-3237
-5890
-8875
-10814
-10942
-9458
-7435
-5193
-2486
395
3293
5695
7113
7254
6710
6097
5206
3824
2076
876
241
-237
-685
-1051
-1269
-1803
-2590
-3442
-4291
-4818
-4668
-3814
-2633
-1198
848
3228
5202
6344
6767
6746
6287
5461
4259
2921
1794
1160
1064
993
744
522
446
209
-521
-1585
-2741
-3755
-4380
-4599
-4345
-3566
-2242
-586
820
1897
2698
3355
3812
3771
3326
2695
2210
1779
1268
439
-798
-2051
-3263
-4318
-5294
-6118
-6498
-6379
-5623
-4389
-2749
-881
909
2439
3342
3606
3214
2437
1630
593
-649
-1743
-2183
-2034
-1678
-1198
-1144
-1222
-1193
-1077
-799
-1156
-1497
-1555
-1163
-583
-168
474
980
1679
2282
3025
3425
3283
3204
2964
2660
2190
1863
1490
826
200
-227
-519
-774
-996
-1057
-1051
-921
-585
-119
213
490
1021
1652
2293
2637
2870
2920
2675
2306
1700
637
-1117
-3467
-6284
-8967
-10455
-10379
-8988
-7191
-5223
-2826
-203
2603
4768
6176
6712
6842
6904
6413
5416
3862
2488
1405
544
-175
-919
-1749
-2810
-3790
-4424
-4749
-4694
-4311
-3596
-2540
-1214
625
2491
3941
4755
5036
5007
4657
4196
3635
3031
2441
2020
1886
1825
1646
1299
807
99
-787
-1721
-2706
-3596
-4257
-4468
-4140
-3346
-2199
-854
395
1445
2267
2889
3317
3447
3404
3177
2859
2440
2010
1412
547
-464
-1536
-2597
-3706
-4742
-5583
-6075
-6102
-5660
-4749
-3407
-1864
-216
1176
2037
2359
2469
2708
2617
2068
1218
336
-270
-652
-782
-1034
-1315
-1376
-1294
-1156
-1411
-1629
-1852
-1970
-2009
-1924
-1453
-1084
-503
279
1351
2345
3086
3772
4074
4137
4135
4028
3542
2657
1766
957
121
-725
-1407
-1795
-2044
-1925
-1596
-1193
-736
-288
248
615
963
1437
1951
2365
2547
2501
1963
830
-862
-3232
-5823
-7797
-8354
-7686
-6577
-5157
-3412
-1392
485
1929
3032
3655
4238
4758
4883
4622
4106
3912
3581
3025
2360
1648
818
-518
-1877
-3149
-4087
-4629
-4815
-4489
-3795
-2574
-943
624
1953
2941
3718
4033
3813
3368
2781
2280
1853
1651
1630
1681
1742
1694
1579
1412
1038
304
-881
-2148
-3175
-3836
-4009
-3857
-3266
-2328
-1060
245
1394
2275
2855
3171
3016
2652
2263
1949
1625
1185
700
222
-208
-603
-1142
-1813
-2570
-3179
-3687
-4130
-4289
-4169
-3708
-3183
-2639
-2122
-1477
-459
651
1541
1978
2173
2604
2931
2972
2513
1708
1079
467
-23
-796
-1533
-2052
-2305
-2358
-2534
-2479
-2489
-2319
-2001
-1501
-682
101
1037
1925
2823
3750
4326
4561
4302
3906
3416
2613
1603
438
-466
-1179
-1596
-1739
-1634
-1277
-942
-598
-492
-395
-262
-215
-200
-267
-142
-84
-376
-1280
-2838
-4506
-5512
-5362
-4455
-3332
-2376
-1231
42
1180
2023
2465
2832
3036
3140
2998
2692
2325
1900
1433
1080
1159
1435
1481
1084
537
218
4
-330
-885
-1607
-2066
-2303
-2146
-1708
-1034
-90
719
1447
2009
2653
3195
3292
2926
2352
1965
1694
1421
1070
778
768
827
759
391
-306
-1087
-2079
-2931
-3508
-3634
-3283
-2806
-2116
-1247
8
1361
2363
2936
3099
3133
3000
2685
2184
1470
726
-106
-823
-1445
-1869
-2068
-2310
-2488
-2658
-2618
-2588
-2751
-3001
-3141
-3006
-2733
-2255
-1765
-1248
-595
228
1151
1949
2658
3192
3514
3430
3015
2376
1452
560
-393
-1176
-1885
-2479
-2857
-3127
-3060
-2739
-2045
-1372
-659
153
958
1782
2276
2573
2589
2475
2392
2268
2233
2135
2061
1838
1405
988
481
97
-286
-529
-653
-778
-831
-965
-940
-1033
-1063
-1112
-1338
-1549
-2180
-3139
-4595
-5830
-5928
-4951
-3233
-1758
-355
1008
2332
3320
3557
3682
3568
3521
3188
2684
2400
1845
1217
276
-284
-310
-264
-248
-647
-735
-524
-58
391
443
568
429
372
285
351
693
681
554
244
328
729
950
951
691
797
1132
1433
1594
1565
1694
1648
1383
885
202
-401
-1230
-1997
-2554
-2683
-2354
-2099
-1837
-1525
-891
-177
291
593
824
1246
1606
1932
2078
2016
1788
1310
777
234
-236
-711
-1195
-1626
-1894
-2204
-2777
-3496
-3795
-3339
-2586
-1825
-1456
-1280
-832
-384
151
401
540
795
1002
1268
1331
1480
1304
1287
1305
1501
1788
1364
840
-246
-998
-1616
-2127
-2297
-2289
-1578
-777
207
871
1262
1348
952
560
-4
-381
-591
-448
98
574
1362
1740
2021
2182
1951
1942
1439
952
273
-364
-848
-1291
-1456
-1785
-1786
-1924
-1910
-2161
-2840
-3640
-4576
-4519
-3847
-2792
-1796
-829
414
1579
2417
2909
3434
3831
4121
3982
3687
3170
2371
1373
230
-361
-510
-479
-551
-486
-160
257
329
46
-174
-350
-498
-574
-471
79
794
1285
1510
1502
1686
1524
1060
396
-150
-247
-365
-293
-119
322
863
1179
1290
1110
884
486
-54
-604
-1068
-1268
-1561
-1578
-1457
-1147
-725
-542
-190
83
558
890
989
886
525
148
-350
-677
-802
-786
-760
-589
-242
-34
-321
-1191
-1956
-2034
-1815
-1519
-1468
-1451
-947
-634
-230
51
316
713
633
650
501
382
-112
-646
-764
-529
183
296
667
820
1225
1540
1115
858
289
272
121
51
114
96
182
-117
-258
-581
-809
-1059
-1141
-734
-361
138
269
428
801
1088
1417
1351
1311
1263
1311
1286
1114
790
175
-348
-894
-1070
-1404
-1850
-2313
-2831
-3064
-3642
-4155
-4443
-4044
-3070
-2214
-1219
-563
362
868
1198
1732
2085
2903
3053
3488
3503
3337
2922
2020
1737
1201
1224
795
689
750
644
694
9
-339
-885
-1154
-1208
-1143
-539
-84
554
908
1277
1650
1669
1700
1324
1172
856
552
311
-4
190
198
427
520
692
858
769
672
363
292
66
-100
-340
-528
-509
-583
-479
-468
-288
-153
-238
-430
-820
-1147
-1613
-2126
-2651
-2879
-2644
-2163
-1510
-901
-334
44
233
273
412
612
683
614
541
578
471
155
-320
-633
-821
-989
-1174
-1249
-1062
-851
-569
-382
-178
-30
-54
-54
15
231
458
713
990
1278
1396
1259
960
636
351
-25
-440
-781
-1019
-1097
-1032
-872
-554
-319
-161
-44
119
360
512
553
510
464
381
206
1
-80
-66
78
252
398
464
370
38
-427
-867
-1273
-1626
-2067
-2238
-2057
-1706
-1322
-1065
-585
-21
383
654
818
1251
1610
1803
1825
1899
2083
1994
1887
1621
1639
1531
1285
1110
864
812
370
-36
-396
-585
-647
-807
-627
-300
261
606
860
1121
1273
1399
1101
872
554
297
36
-235
-263
-303
-227
-273
-120
54
217
230
137
224
269
389
326
349
446
565
657
559
437
74
-399
-958
-1366
-1526
-1696
-1848
-2035
-1975
-1836
-1642
-1438
-1273
-923
-691
-453
-325
-262
-245
-256
-95
72
317
384
423
405
276
135
-179
-386
-630
-757
-804
-777
-660
-586
-413
-303
-93
-21
19
-6
-74
-45
-94
-71
-120
-108
-81
69
289
451
581
545
518
438
343
171
-33
-115
-136
-25
94
233
284
289
284
272
349
289
192
62
31
92
115
133
108
157
289
391
415
384
264
97
-70
-284
-501
-671
-796
-758
-559
-285
-5
206
312
461
480
474
469
436
425
379
416
376
416
314
276
272
256
213
45
-45
-200
-178
-168
-18
200
387
593
796
1018
1124
1148
1041
935
798
619
399
134
-40
-109
-96
-14
74
91
109
212
247
312
319
302
297
306
377
334
371
404
378
327
205
-6
-334
-645
-952
-1159
-1226
-1322
-1287
-1290
-1222
-1215
-1267
-1172
-1208
-1169
-1152
-1013
-965
-828
-671
-584
-310
-189
-59
63
213
280
301
341
274
65
-106
-313
-622
-771
-849
-932
-746
-482
-623
-567
-394
-532
-350
-135
-46
203
402
513
646
744
574
723
683
757
1092
795
852
859
551
537
503
114
170
250
43
338
434
429
438
427
406
397
304
214
186
205
426
154
231
299
-13
175
133
61
312
266
132
303
360
296
42
-91
-182
-177
-311
-296
-307
-367
4
-394
-67
-217
-391
-428
-736
-366
-642
-461
-715
-494
-526
-426
-62
-430
192
49
85
290
216
169
-10
272
135
310
436
168
355
303
231
413
454
510
554
575
650
724
622
412
556
368
406
664
394
645
566
426
417
329
143
-119
29
-242
-266
-160
-444
-687
-640
-772
-949
-735
-867
-915
-681
-715
-653
-628
-709
-420
-460
-322
-130
-502
-140
-212
-460
96
222
-176
-86
-68
-684
-368
-890
-998
-510
-1114
-786
-741
-882
-454
-487
-463
94
217
220
387
328
258
593
461
559
1047
965
918
985
816
523
816
216
408
655
333
227
54
28
-294
15
-251
57
126
221
465
30
536
417
76
354
122
43
90
72
186
217
433
539
281
432
612
-343
-47
82
-553
-275
-173
-592
-324
-139
-385
110
-14
92
-91
-228
-237
-447
-568
-121
-278
-217
424
-236
-117
107
-90
-188
426
-22
119
177
-271
-7
-287
-5
-441
-76
-11
64
398
457
518
175
781
-22
7
239
-246
349
166
625
558
557
285
212
181
-55
151
-360
246
-244
-98
-298
-59
-117
-438
390
-313
-78
-114
-328
-738
-135
-519
-688
64
-695
-469
-327
-523
-693
-324
-213
-299
116
71
92
-38
-267
-15
-272
-2
-21
-260
-57
-274
-542
-596
-364
-705
-597
-108
-348
-143
172
-268
268
73
19
429
323
300
449
675
27
798
308
5
1027
3
349
1099
61
311
679
-88
-161
253
-398
-82
744
-329
527
510
-221
613
7
274
536
189
354
251
163
30
345
60
425
567
58
381
5
-289
-256
-458
-330
-255
-820
14
-561
-417
-53
-267
375
-193
198
-352
69
-495
-457
-147
-690
121
-472
-466
148
-598
-264
415
-589
247
-67
-139
3
-330
-228
201
169
-120
805
-26
829
423
57
936
284
260
349
-13
109
335
-325
58
458
-205
190
317
-696
681
83
-491
559
222
-37
95
286
-530
589
-249
-178
415
-466
79
-391
-223
-693
-212
-653
-675
-127
-837
-96
-21
-758
68
368
-948
301
-65
-383
10
122
-523
-179
277
-1404
240
-693
-413
-226
-263
240
-276
393
-290
60
-93
345
-318
339
536
-55
237
302
193
132
468
-164
824
-94
600
223
15
829
-346
561
366
48
16
622
-216
-48
811
-108
213
629
-73
513
550
-323
730
-223
610
-57
-177
748
-395
-32
-122
400
-988
315
-76
-867
381
-218
92
147
598
-186
54
576
-529
-389
852
-671
70
67
-401
87
-729
46
-807
-32
-472
-451
-738
-278
-89
-731
382
-109
158
402
174
-124
576
26
-32
-28
482
-7
-432
106
-8
-306
49
542
-423
1054
-476
33
101
-294
-17
-456
703
-634
226
41
308
10
-123
485
-72
34
-280
204
-382
-46
-80
-1025
126
-392
-970
324
234
-183
374
249
-317
209
-474
-166
-1
129
217
38
492
-462
268
-266
-465
31
-17
-420
146
-9
-844
398
-708
-531
490
80
169
825
530
228
588
-125
-229
124
-162
38
-312
278
286
-247
158
112
464
-183
912
-54
288
578
-696
238
15
431
-445
844
423
-369
803
-416
44
330
-15
172
-6
582
-244
9
136
-533
300
-712
274
-122
-135
484
-690
349
-92
-670
68
-187
243
-31
157
439
-522
492
-603
-99
5
-42
-162
-378
788
-1334
43
193
-918
561
76
-214
605
-161
262
-303
-80
324
-654
545
-96
-133
-300
253
-860
-217
500
-866
922
57
296
462
-307
116
-144
-434
-221
-108
49
184
-173
66
-207
-39
-324
-179
295
-32
130
-282
47
-49
-343
-226
263
325
-168
434
-292
123
169
-644
161
-9
-24
-177
-298
183
-45
-244
339
-35
-204
938
-483
-146
1118
-707
47
106
-800
389
-289
-236
802
70
667
340
-161
542
146
-544
406
363
-746
647
-345
-77
-142
79
22
-484
1116
-828
267
425
-391
332
361
340
157
610
-58
148
185
-189
316
-218
454
227
-804
941
-556
-268
492
-470
44
410
-108
-343
919
-784
50
-130
-917
215
-803
-304
202
-208
86
85
-457
120
-246
-512
32
257
-37
101
282
-321
7
-583
-516
123
-203
-125
299
213
-471
-8
-525
-262
312
-117
601
252
663
-5
-285
-103
-456
-411
-512
493
-346
615
394
-484
882
-413
-72
406
-84
632
212
-1
159
46
-692
-134
-98
-507
576
-292
499
682
86
455
-79
-29
-59
-294
-435
378
141
-143
294
110
-261
-61
-57
-200
348
335
-154
64
295
-369
-167
-114
185
-68
-17
-55
-537
-45
-784
-264
-10
-254
335
25
44
492
-34
274
229
183
161
3
438
-526
620
-363
-395
58
-843
-35
-417
325
141
922
190
103
609
-507
71
113
22
-25
294
-298
-127
208
-198
76
688
214
712
200
58
568
-506
220
-345
243
-346
-89
-405
-587
120
-935
314
-348
586
-203
-38
409
-658
156
-560
194
-250
471
50
-330
453
-582
-284
-510
-36
-574
234
187
-316
707
-276
176
-222
9
-99
-366
51
-376
-327
-287
-291
-662
-78
-137
-413
518
232
-77
1029
-86
400
444
114
554
-84
270
-370
298
-284
135
331
350
476
133
422
-370
154
-86
-99
302
-88
-338
397
-720
-220
-171
-394
196
-317
241
-33
512
-536
681
-66
184
918
-505
1079
-103
455
-536
-125
288
-679
703
-553
-119
45
-335
-731
64
452
-339
530
132
39
-85
-387
-488
-308
-203
-270
-250
274
143
158
391
-115
460
-108
16
238
104
22
375
-264
-108
74
-653
450
-354
282
211
-18
131
279
-246
-33
791
-479
1050
-81
173
493
-728
447
-120
-69
86
14
-280
242
-254
-718
523
-395
121
208
-324
428
-480
-288
-232
-685
-221
-615
-582
23
-464
-650
-30
-397
-173
260
-437
215
484
-325
-26
55
-382
-152
-185
-224
281
139
279
428
503
-45
-71
14
-281
383
-35
332
327
107
81
-327
209
-178
344
449
405
548
-75
421
-415
187
-39
-354
669
38
562
163
248
-139
175
152
-240
768
-31
410
158
-383
-93
-508
-285
47
205
419
562
52
14
112
-896
-259
-372
-490
-30
-237
-405
-483
-196
-891
200
-444
77
575
-178
601
-390
-90
-298
-495
-246
-118
165
154
521
399
176
94
-73
271
-33
454
461
37
784
-236
51
97
-239
170
278
340
121
445
-292
-69
280
-817
160
76
-359
606
152
39
359
280
-169
380
-54
-216
421
-112
-198
-177
-197
-293
-511
-204
103
-315
240
-68
-386
115
-509
-817
93
-311
-431
-34
-418
-465
-723
-264
-994
-316
19
-368
188
-165
70
-377
-87
-87
-346
486
-206
282
218
-195
244
-468
362
98
310
521
850
730
419
1033
-152
466
289
-404
671
299
-121
477
-64
52
-224
154
-82
450
801
-307
992
-429
-78
-145
-671
74
-327
400
-75
580
58
-293
588
-834
349
99
-351
803
-252
529
-133
2
-146
-345
9
-536
432
-519
69
-229
-670
-97
-1023
-109
-498
-157
348
-328
697
121
170
161
101
-216
2
225
-767
572
-346
-246
318
-200
-118
-36
397
-118
507
406
220
467
152
-84
-7
261
-386
210
320
-239
423
-179
-242
212
7
-201
243
-31
-10
343
-424
210
236
-160
-91
-26
-286
-254
-43
-578
-328
42
-881
-380
94
-710
155
332
-465
291
516
-1079
191
64
-1011
296
-146
-735
404
272
-688
848
102
-368
444
-102
-327
38
95
-467
462
-211
-717
309
-404
-191
442
73
506
866
10
259
665
-351
456
245
-246
525
185
-138
425
336
-65
485
26
-55
232
259
-328
485
147
-276
619
-517
-16
289
62
95
654
131
-212
526
-592
-294
150
-402
-42
-45
-67
-223
-111
39
-457
296
176
13
358
316
197
-77
194
-183
-253
16
-302
-401
24
-96
-494
-171
-310
-486
-104
-43
178
191
357
303
-105
-53
-62
-688
-131
12
-699
228
-236
-536
-312
-138
-620
-120
294
-336
527
396
395
42
513
81
95
564
-88
698
485
153
-19
4
-292
-192
-325
-390
352
-160
122
139
-10
237
147
126
174
515
-185
182
-82
-292
-200
-727
-71
-599
69
-175
41
452
-239
147
114
144
-135
215
-480
-143
-206
-996
-147
-196
-300
162
456
-47
619
360
-270
531
-110
-245
-205
-479
-346
-339
-407
-276
228
-207
6
23
191
633
336
425
380
232
-342
-118
-321
-319
190
48
-39
191
123
-299
178
174
275
636
592
403
515
552
256
323
368
190
211
280
-12
-77
85
-214
-460
-187
-234
-7
-3
162
369
186
405
-115
33
166
-323
-61
-4
-92
-242
-238
-526
-288
-178
-390
19
-231
133
-46
-26
-1
-153
-33
-212
-57
-146
-41
-417
-24
-543
-289
-100
-765
184
-235
-171
278
130
67
218
182
31
296
58
-16
217
-231
-117
-202
-205
62
-521
138
26
7
378
32
198
52
10
-250
-308
-258
-528
-448
-213
-52
41
354
295
344
551
111
228
29
87
207
-101
200
-2
-27
9
-77
-24
81
194
76
67
369
318
21
301
206
-141
351
64
-238
577
3
-93
420
-73
-116
76
-271
-265
52
-249
123
-21
13
148
-166
198
-309
34
-128
-300
25
-288
-135
-491
-295
-457
88
-334
-67
637
-412
581
-150
-26
112
-84
206
-188
634
-347
198
3
-409
204
-348
149
-126
118
-32
122
387
-353
376
-12
-124
319
-104
191
249
3
-265
225
-240
-433
401
-195
284
586
383
436
397
261
5
479
-187
44
290
-217
115
-107
-60
-91
-19
-350
9
138
-158
338
-120
-80
-93
-210
-620
-170
34
-266
495
-63
-30
26
-322
-463
-237
-176
-436
-68
-419
-344
-153
-405
-309
-13
-331
-299
18
-370
-50
5
-340
-123
-149
-568
-160
85
-94
314
237
298
196
-41
-32
-109
147
-139
-25
74
-51
7
-146
381
237
456
566
418
667
156
390
28
14
242
-175
68
175
229
69
407
277
-6
493
101
175
557
195
243
270
206
-100
122
327
49
453
165
212
57
-80
-101
-439
13
-493
-183
-20
-185
158
-266
54
-248
-216
-108
-354
5
-18
-120
-345
-95
-624
-404
-265
-542
88
-200
-92
-307
-116
-465
-449
-50
-487
118
-140
-15
0
129
169
55
565
18
448
193
-13
258
-109
171
-151
127
-70
-41
75
-156
299
-186
95
-29
-59
101
-69
297
-20
327
95
66
246
-177
132
-74
-4
-41
-185
-144
-99
-240
-313
77
-336
165
159
-170
313
129
-72
-19
149
-188
-20
-106
-183
-56
-109
-67
-179
191
-120
-74
77
-47
110
11
138
4
94
55
88
139
64
343
-109
199
201
-266
236
-20
-95
209
-1
-104
136
66
-105
176
29
-11
267
30
191
259
197
131
213
204
-65
303
-131
42
94
-203
-136
-250
-86
-401
71
-172
-142
150
-226
-59
-133
125
-126
151
221
-41
214
-67
-74
-42
72
-419
70
100
-395
395
-131
-37
145
-130
-252
83
103
-230
645
2
-30
280
-249
-38
-28
-3
-129
152
-8
-274
84
-48
-38
25
79
1
-33
51
-321
-4
64
-265
-37
-266
-168
-286
-394
-100
-310
-49
-99
-236
-77
-47
-165
-44
-44
-228
30
-328
-69
-127
-143
173
-103
152
96
-11
22
249
11
300
215
-31
374
-122
112
80
10
151
157
89
155
278
187
401
142
480
204
109
278
-91
253
38
22
157
169
171
149
109
125
106
13
155
-54
181
118
-107
107
-105
-152
12
-130
-68
41
-184
33
-141
-282
0
-353
-147
6
-331
77
-64
-253
148
-56
-136
57
-128
-149
10
-364
-165
-161
-346
27
-283
-37
130
-181
56
35
-49
97
-47
-9
77
60
-70
-177
34
-199
-156
-165
-98
0
171
90
-140
347
-116
113
110
-83
306
55
112
-6
59
-62
2
-82
33
172
-77
337
-51
135
282
-114
239
84
4
126
20
-210
-19
79
-116
129
-127
98
135
-70
178
-96
344
7
-99
136
-200
26
-238
-68
-200
-98
-180
-86
87
-124
308
-277
346
32
-260
409
-201
209
36
-74
1
-13
-181
-244
136
-291
39
-250
-45
192
-458
214
-132
102
220
-147
167
40
94
-229
159
-53
-65
57
-124
162
-142
65
-103
96
169
-118
348
175
-1
356
-128
42
203
-289
278
100
6
74
71
-26
-13
105
-175
269
-44
127
140
-136
289
-176
77
119
-194
0
5
-42
-161
6
-184
-147
92
-144
-76
190
31
-122
113
-93
-247
13
-295
-366
32
-328
-247
-160
-284
3
-144
2
-7
214
71
-159
96
-266
127
-133
-201
-27
-181
33
-324
229
-233
210
217
-235
500
-216
351
-100
197
144
-134
463
-262
438
-96
152
104
-95
247
-187
381
-210
248
157
-152
411
-90
312
167
169
262
72
240
-241
196
-13
-315
144
-125
33
52
4
-132
181
73
-311
334
-65
-36
122
-244
-34
-54
-268
-210
5
-211
-18
23
-28
-1
-41
-64
-251
68
-178
-131
43
-297
16
14
-273
36
57
-102
52
-30
-55
131
-108
-218
153
-181
-29
183
-268
221
107
-244
110
11
-26
147
127
-106
183
204
-177
223
118
8
320
86
-15
257
14
29
153
-99
101
108
-14
-8
66
-91
155
-38
-179
290
-149
42
-82
-64
107
-210
76
-146
65
23
-136
17
-27
-53
-259
86
-193
-42
156
-190
115
-3
-131
-58
-59
-29
17
-62
72
-103
-3
-25
-245
142
-113
33
-46
-25
55
-94
67
-169
120
-27
108
30
-47
363
-283
157
36
-233
262
-85
4
102
105
-100
78
-19
-150
164
-164
115
25
-31
32
-175
63
-114
-65
26
144
-90
-63
193
-242
139
-89
-94
143
-160
-7
-104
107
-112
34
113
-107
164
-20
54
35
34
11
-88
70
-64
-5
100
-91
135
109
-166
223
129
-39
221
102
0
149
69
-192
246
10
-119
327
-92
193
93
2
80
71
221
-127
227
-23
3
-34
-167
77
-231
135
-158
9
57
-162
147
-268
111
-73
-186
148
-197
-13
-3
-202
-131
105
-191
-246
216
-249
-78
95
-336
62
-139
-187
-100
-30
-24
-219
164
-237
-30
-104
-94
-14
-151
227
-356
201
-140
-241
128
-179
176
-134
224
-102
84
97
-266
288
-168
96
-3
7
99
-72
164
-142
218
-33
42
264
-71
275
103
103
96
134
10
72
211
-131
292
76
61
173
-52
163
42
112
32
148
60
59
77
-121
205
-70
64
60
-71
52
-51
15
-73
39
-101
43
-73
-8
86
-103
173
-97
81
3
-25
9
-23
64
-127
183
-104
38
-32
-62
106
-142
157
-98
87
-15
-70
41
-28
115
-142
190
-45
11
88
-83
99
-87
17
-213
-68
-64
-219
13
-172
-128
-51
-213
-171
-23
-190
-87
-80
-194
-24
-157
-126
-102
-129
-122
-4
-155
-77
55
-300
114
-204
-186
151
-247
48
10
-63
101
28
-80
144
109
9
193
-5
168
211
-94
118
47
-17
206
-97
129
212
-9
171
89
31
236
195
-68
340
126
40
265
-29
104
157
44
-155
176
-17
-119
77
-147
-72
0
-15
-205
98
-148
-70
7
-157
33
-115
44
-136
-72
-137
-24
-130
-128
9
-191
86
-145
-110
-75
-93
-81
-98
-41
52
79
7
137
19
136
127
41
124
149
129
92
62
50
46
14
88
-42
150
225
1
262
166
33
203
85
82
260
133
91
279
30
117
146
-69
218
12
-70
153
-67
-37
-6
-183
-74
-34
-152
-84
-9
-72
-48
-76
-160
-40
-121
-225
-65
-270
-165
-113
-327
-145
-182
-166
-215
5
-204
-85
94
-346
34
-121
-155
-6
-42
-125
3
3
-158
72
-118
45
-30
-108
-22
-87
-115
-68
-165
-106
81
-167
100
-35
17
120
-88
26
55
11
-26
156
-128
126
110
-141
240
20
51
137
94
134
81
160
80
117
218
79
152
220
211
159
212
178
65
266
-11
93
177
-22
88
-17
115
116
-18
62
138
-1
104
53
-54
116
18
-123
-12
73
-200
54
-49
-155
64
-119
-145
-98
-18
-230
-37
-78
-177
59
-141
-97
-6
-91
-70
8
-140
-35
-17
-202
-41
-162
-191
-32
-165
-125
1
-124
-54
20
-114
-14
-41
-64
29
-8
46
29
31
2
53
31
58
74
34
162
6
119
69
27
203
102
150
203
226
187
229
202
148
181
147
116
136
118
65
53
63
54
-5
80
31
1
27
48
-83
-81
-6
-237
-42
-116
-206
-42
-89
-179
-131
-70
-316
-88
-186
-294
-60
-292
-196
-188
-258
-135
-228
-151
-55
-167
-48
-26
-107
-24
-40
-130
-75
43
-148
45
18
-106
164
-66
33
105
0
47
69
96
40
179
53
118
262
94
182
215
140
138
218
57
119
178
-10
161
35
70
90
52
89
99
121
6
189
-66
52
43
-96
90
-41
-11
-16
69
-167
7
-29
-172
-12
-132
-33
-87
-23
-178
12
-60
-160
67
-137
61
17
-42
23
37
-113
-66
19
-158
28
-14
-47
47
32
-87
36
65
-21
73
71
101
-5
104
26
-11
91
-4
-19
91
37
-112
107
-75
-109
26
-132
-91
-17
-83
-81
36
-97
-29
45
-66
34
-8
-56
78
-81
-102
31
-56
-71
-12
-35
-74
73
-61
-76
100
3
0
118
108
55
204
116
65
198
109
73
150
54
52
101
15
20
38
42
-12
11
-17
67
8
17
64
-64
96
-79
11
-22
-53
2
-158
34
-188
-101
-122
-231
-136
-276
-179
-273
-130
-205
-233
-56
-253
-53
-171
-125
-21
-181
-14
-153
-37
-91
-104
-44
-92
-11
-148
101
-75
28
170
-35
235
103
178
258
282
238
248
426
202
376
305
260
397
238
287
274
334
174
220
286
101
254
171
123
248
168
117
203
153
48
126
81
-41
33
-71
-161
-77
-212
-231
-164
-236
-303
-268
-284
-353
-268
-311
-349
-244
-336
-307
-289
-304
-275
-363
-251
-301
-278
-266
-297
-235
-286
-226
-280
-171
-157
-157
-25
-63
20
20
25
122
97
111
185
151
193
224
184
224
205
191
205
280
187
216
261
126
245
122
166
195
120
208
116
176
111
110
59
58
89
-33
72
-42
-36
14
-106
-30
-70
-68
-24
-67
-30
-54
-60
-94
-78
-121
-112
-14
-140
-9
-67
-113
11
-147
-43
-40
-32
-25
-5
-28
-41
47
-146
59
4
-32
113
-8
85
86
32
-26
93
20
19
102
-24
85
44
-16
60
32
27
81
26
64
81
-21
32
24
-5
18
67
6
56
79
-52
93
-39
-3
53
-5
80
-10
74
-11
30
-13
8
83
-1
96
-11
33
39
-39
20
1
-8
11
-2
-27
-2
-9
-59
-20
-39
-51
-23
-76
-48
-29
-96
-62
-57
-96
-10
-89
-47
-2
-80
-50
-67
-83
-54
-43
-102
10
-40
-95
-7
-75
-60
-19
-109
-42
13
-96
-20
-58
-76
6
-56
-26
38
4
-8
14
-34
-2
18
-41
29
32
15
43
32
30
46
36
38
51
49
69
35
48
15
30
42
42
31
72
91
70
87
21
93
43
51
21
71
44
24
72
-42
114
3
6
34
50
31
-7
40
-112
55
-54
-88
1
-69
1
-72
-42
-95
-37
-56
-127
-39
-94
-70
-111
-90
-102
-65
-53
-107
-40
-41
-39
-36
-51
-46
10
-29
-7
0
14
41
9
3
48
71
53
77
58
136
106
101
92
135
148
95
154
87
161
141
106
92
151
155
17
170
71
40
151
-2
-4
89
24
-65
53
-29
-70
17
-70
-109
-19
-59
-150
-43
-117
-133
-110
-114
-190
-117
-80
-224
-68
-146
-122
-79
-122
-113
-99
-58
-127
-50
-103
-62
-29
-91
-22
-18
-17
-27
2
-33
-1
41
-43
15
44
7
14
30
8
26
72
-23
41
104
-3
78
54
25
128
68
62
113
127
51
114
94
19
180
37
61
140
46
63
92
62
7
129
4
26
117
-14
54
47
2
34
31
-4
25
16
9
31
-29
-22
11
-50
-25
1
-85
-34
-51
-85
-72
-59
-88
-108
-59
-138
-100
-111
-146
-146
-137
-134
-149
-104
-145
-84
-115
-130
-77
-112
-75
-71
-81
-61
-24
-95
-47
1
-57
20
2
6
33
54
19
42
99
51
95
102
144
122
169
157
134
203
132
182
152
187
176
168
180
138
179
120
187
145
151
166
128
124
89
126
40
80
39
-10
53
19
-21
-7
-17
-86
-4
-74
-100
-55
-140
-152
-148
-171
-188
-158
-211
-200
-201
-230
-220
-251
-230
-239
-230
-240
-236
-203
-222
-225
-185
-178
-178
-127
-145
-110
-40
-63
-46
3
19
23
61
81
72
106
123
85
157
183
136
200
188
171
238
210
180
245
205
172
243
192
189
236
147
172
182
136
138
144
112
97
119
22
86
69
3
44
7
-8
-12
19
-72
-4
-18
-95
7
-53
-43
-20
-69
-68
-43
-79
-83
-50
-113
-107
-97
-153
-127
-124
-167
-137
-145
-165
-160
-148
-172
-170
-140
-193
-136
-130
-143
-93
-95
-112
-78
-46
-105
-20
-33
-42
1
-29
-18
-26
5
-23
6
24
8
3
47
36
19
72
6
75
87
39
92
107
68
113
117
67
177
118
133
167
111
154
122
139
145
158
126
159
125
148
169
79
181
85
124
143
90
113
99
76
28
99
4
71
27
1
36
-60
-7
-100
-96
-92
-138
-169
-124
-177
-233
-163
-260
-205
-205
-239
-224
-208
-213
-231
-182
-187
-180
-189
-123
-162
-95
-76
-127
-42
-60
-60
-35
31
-55
40
20
-13
101
18
70
77
94
43
131
96
70
188
60
131
178
130
151
223
152
158
247
149
188
230
149
168
199
117
160
143
104
111
86
82
32
66
-4
23
-36
-49
-22
-115
-42
-126
-81
-125
-106
-153
-161
-86
-226
-84
-175
-153
-157
-166
-144
-169
-79
-197
-87
-143
-121
-102
-109
-37
-113
-17
-82
-35
12
-25
9
25
23
7
81
38
62
98
21
54
101
46
90
105
56
74
82
70
74
120
50
84
67
37
85
34
75
26
43
44
37
21
50
48
-41
83
-20
-5
50
-47
-18
11
-27
-53
41
-45
-16
-8
-31
6
-37
31
-19
-14
23
-19
-27
42
-6
-18
53
-25
16
13
6
10
-6
-1
-13
-21
-1
7
-54
34
-29
-70
25
-76
-63
-10
-85
-90
-40
-95
-90
-28
-88
-64
-38
-79
-45
-32
-67
-66
-61
-92
-74
-51
-114
-38
-53
-107
3
-52
-34
34
-1
-26
68
24
-21
108
9
52
80
46
83
90
95
51
129
90
89
133
113
127
121
125
100
126
94
73
103
48
58
61
8
45
20
9
49
21
38
31
33
11
8
13
-25
-22
-44
-38
-75
-41
-49
-82
-24
-56
-35
-22
-18
-34
-36
-28
-79
-54
-59
-92
-71
-75
-103
-87
-75
-115
-76
-68
-110
-43
-74
-53
-13
-63
-8
-19
7
0
8
31
-7
24
-2
35
9
51
39
49
134
20
134
85
66
110
30
53
14
-12
-75
-33
-107
-71
-29
-77
59
9
52
109
74
89
89
72
52
64
24
33
5
-20
13
-10
33
34
27
71
43
36
37
31
-7
-25
-6
-70
-47
-49
-90
-48
-53
-59
-41
3
-39
-7
14
-38
18
-26
-16
-18
-34
-26
-47
-34
-42
-49
-57
-25
-49
-40
-21
-49
-29
-36
-40
-31
-25
-36
-21
-10
-13
-12
-16
1
-10
-3
0
1
9
-1
10
15
28
27
41
39
41
27
15
25
-9
-3
-7
-8
4
11
17
31
43
47
74
74
81
83
66
67
49
32
36
19
22
20
25
31
31
40
34
40
31
25
17
14
-1
-18
-15
-30
-28
-26
-30
-21
-21
-20
-20
-16
-26
-29
-34
-38
-35
-50
-42
-50
-46
-49
-47
-37
-35
-25
-27
-15
-17
-10
-12
-7
-7
-13
-6
-11
-12
-15
-13
-14
-7
-6
1
4
7
8
8
15
10
16
18
18
15
20
13
14
22
16
25
30
28
35
36
31
34
33
25
27
24
23
19
17
14
11
10
3
1
-3
-8
-13
-13
-19
-19
-19
-22
-21
-25
-22
-25
-21
-21
-21
-22
-21
-20
-22
-14
-18
-11
-8
-8
-5
-5
-4
-3
0
-2
3
-3
-3
0
-8
-2
-3
-2
1
3
5
8
8
6
10
5
4
-1
2
2
0
3
-1
1
0
0
1
5
5
8
13
10
13
11
8
6
3
1
0
0
2
2
3
6
5
7
10
7
6
2
-1
-4
-8
-9
-9
-9
-9
-8
-6
-1
1
7
11
14
13
13
11
8
4
2
0
0
3
0
2
5
4
8
8
7
8
7
5
6
4
1
1
-4
-6
-8
-10
-11
-11
-13
-14
-16
-18
-17
-19
-19
-18
-17
-16
-16
-14
-14
-12
-9
-10
-10
-9
-9
-10
-8
-7
-5
-2
1
5
7
9
10
9
10
10
10
13
13
14
14
15
16
18
19
21
22
22
23
22
20
19
18
16
16
14
13
13
13
13
12
11
10
10
8
7
6
6
3
2
-1
-3
-5
-7
-9
-12
-14
-16
-17
-18
-19
-21
-22
-23
-24
-25
-25
-25
-24
-24
-24
-25
-24
-24
-24
-23
-22
-21
-20
-19
-17
-14
-9
-8
-4
-3
-2
1
3
5
7
9
10
11
11
13
12
13
15
14
15
15
13
13
11
9
10
10
10
9
9
9
9
9
10
11
10
9
7
5
4
3
1
1
1
0
-1
-2
-2
-2
-3
-4
-4
-4
-6
-6
-7
-7
-6
-7
-6
-5
-3
-1
0
1
3
2
2
2
3
3
3
4
5
6
8
9
11
12
14
13
13
14
12
13
12
11
10
8
7
5
4
3
2
2
1
1
-2
-3
-5
-6
-7
-8
-8
-8
-8
-9
-9
-10
-10
-9
-10
-11
-11
-11
-12
-12
-12
-12
-11
-11
-11
-10
-7
-8
-6
-6
-5
-4
-4
-3
-2
-1
-1
0
2
2
3
4
5
5
6
6
7
6
6
6
6
5
6
6
5
6
5
5
5
4
3
2
2
1
0
-2
-2
-4
-5
-5
-6
-6
-6
-7
-7
-5
-4
-4
-3
-5
-4
-5
-3
-3
-1
-1
1
0
1
3
3
4
3
3
3
3
2
2
2
2
3
2
2
3
4
5
6
5
6
6
7
7
8
8
9
9
9
8
8
7
6
5
4
4
3
2
1
1
2
0
0
-1
-1
-2
-3
-3
-5
-6
-7
-6
-6
-4
-4
-5
-4
-4
-4
-5
-6
-6
-7
-7
-8
-8
-8
-8
-9
-8
-7
-7
-7
-7
-8
-9
-8
-8
-7
-6
-5
-5
-3
-3
0
1
4
5
6
7
7
8
10
10
9
9
9
9
10
10
10
10
9
8
7
6
5
4
3
2
2
1
2
1
2
1
1
0
-1
-1
-2
-3
-5
-7
-8
-7
-9
-8
-8
-9
-8
-6
-7
-7
-7
-6
-7
-6
-6
-6
-6
-5
-3
-2
0
1
3
3
4
5
6
6
7
6
8
8
8
9
9
10
10
9
9
8
7
5
3
2
3
3
2
1
0
0
-1
0
-2
-3
-5
-7
-7
-9
-9
-10
-10
-10
-9
-8
-6
-6
-6
-5
-5
-4
-5
-5
-4
-4
-4
-3
-2
0
0
2
3
3
4
4
4
4
4
3
4
4
5
6
7
8
8
9
10
10
9
8
7
5
5
3
2
3
2
2
1
1
0
1
-1
-2
-2
-3
-4
-5
-4
-5
-5
-4
-3
-2
-3
-3
-3
-2
-1
-2
-2
-4
-4
-4
-4
-3
-3
-3
-3
-3
-3
-2
-3
-4
-3
-5
-3
-3
-4
-4
-3
-2
-2
-1
0
0
1
1
0
0
1
1
0
1
1
1
2
2
1
1
2
3
2
2
1
3
3
4
5
5
5
7
7
7
8
7
7
6
5
5
5
4
4
3
3
2
3
2
1
1
0
0
-1
-2
-3
-5
-6
-6
-7
-8
-7
-9
-8
-9
-9
-9
-9
-9
-9
-9
-9
-10
-8
-8
-7
-6
-6
-4
-3
-2
-1
1
2
2
3
3
4
5
5
8
9
10
11
11
13
12
13
13
13
12
11
11
10
11
9
8
7
6
6
5
5
4
2
1
1
1
0
0
-1
-3
-5
-7
-8
-9
-10
-12
-12
-13
-13
-14
-13
-13
-14
-13
-11
-11
-9
-7
-6
-7
-6
-5
-5
-4
-4
-3
-3
-2
-2
-1
-1
1
1
2
3
5
5
6
8
9
8
8
9
8
8
8
7
6
4
4
3
3
2
2
2
3
3
5
5
4
4
4
3
3
1
1
-1
-2
-2
-3
-2
-2
-2
-2
-1
-2
-1
-1
-1
-1
-1
0
-1
-1
-1
-1
-1
-1
-2
-1
-2
-3
-3
-3
-3
-3
-3
-3
-3
-3
-2
-2
-1
-1
-1
-1
0
0
0
0
0
0
-1
-1
-1
-2
-3
-3
-2
-2
-1
-1
-1
0
2
3
3
3
3
3
2
2
1
2
2
1
1
1
1
3
3
4
4
5
6
7
7
7
7
5
5
4
3
2
1
0
1
1
1
0
2
3
2
2
3
3
2
3
1
0
1
-1
-1
-2
-3
-3
-4
-5
-5
-6
-6
-6
-6
-6
-6
-7
-7
-8
-8
-8
-8
-7
-8
-7
-8
-8
-8
-9
-9
-9
-9
-9
-9
-7
-7
-5
-4
-2
-1
2
3
3
5
5
5
5
5
7
7
8
8
8
10
9
10
11
11
13
14
14
15
15
16
16
17
17
15
15
13
12
10
9
7
6
4
3
2
0
-1
-1
-3
-4
-5
-7
-8
-9
-11
-13
-14
-16
-17
-18
-19
-20
-20
-21
-21
-20
-20
-18
-18
-17
-16
-15
-14
-14
-13
-11
-10
-9
-7
-5
-5
-2
-1
1
1
3
6
7
8
9
10
11
13
15
16
17
18
18
18
17
16
17
17
17
16
15
14
14
14
14
14
13
12
11
11
11
9
9
7
6
4
4
3
1
-1
-2
-3
-4
-5
-6
-7
-7
-8
-8
-8
-9
-8
-8
-9
-10
-10
-12
-13
-14
-15
-16
-16
-17
-17
-17
-16
-16
-14
-13
-11
-11
-10
-9
-8
-8
-10
-10
-9
-10
-7
-6
-6
-4
-3
0
2
4
6
8
9
10
12
12
12
13
13
13
13
12
12
12
13
12
13
13
12
12
12
11
10
8
7
6
5
4
3
2
2
1
0
-1
-1
-2
-2
-3
-4
-4
-5
-5
-7
-7
-7
-8
-8
-8
-8
-9
-8
-7
-7
-5
-5
-4
-4
-3
-2
-2
-2
-1
0
1
1
2
2
4
5
6
6
7
6
6
5
5
4
4
3
2
2
1
1
1
2
1
2
2
0
0
1
0
-1
-1
-2
-3
-4
-4
-4
-5
-5
-5
-4
-3
-2
-1
-1
0
0
0
0
1
1
1
0
-1
-1
-2
0
0
0
0
0
1
2
2
3
2
3
3
3
3
1
0
0
0
-1
-2
-2
-3
-4
-4
-5
-5
-5
-5
-5
-5
-6
-7
-7
-7
-6
-7
-5
-5
-5
-4
-2
-1
-1
-1
0
0
1
1
2
3
3
5
5
5
6
8
9
11
12
12
12
12
11
11
10
9
7
7
6
5
4
3
3
3
3
3
3
2
2
0
-1
-1
-3
-5
-4
-6
-7
-8
-8
-9
-10
-9
-9
-8
-8
-7
-6
-7
-6
-6
-7
-6
-7
-6
-7
-7
-6
-5
-4
-3
-2
-1
1
1
2
3
3
4
5
6
6
6
7
6
6
7
7
6
6
5
4
4
4
3
3
3
3
3
2
1
3
2
1
0
0
1
1
0
1
-1
-1
-1
-2
-3
-2
-3
-4
-4
-3
-4
-3
-3
-3
-2
-1
-1
0
-1
-1
-2
-2
-3
-2
-2
-2
-2
-2
-2
-1
-1
-2
-1
0
-1
0
-1
-1
2
0
1
1
1
1
0
0
0
0
-1
-1
-1
-1
-1
-2
-1
0
1
1
2
2
2
1
2
2
2
1
1
2
0
0
0
0
1
0
1
2
3
2
3
2
2
2
2
2
1
1
0
0
0
-1
-1
-2
-1
-2
-1
-1
-2
0
-1
0
0
0
0
1
2
1
1
1
0
0
0
1
0
1
1
1
0
1
1
1
1
1
0
0
0
0
-1
-1
0
-1
-1
0
-1
-1
-1
0
-1
-2
-1
-1
-1
-2
-3
-1
-2
-1
-2
-1
-1
-1
-1
-2
-1
-1
-1
-1
-1
0
-1
-1
-1
-2
-1
-1
-1
1
0
1
1
2
3
2
3
3
3
3
2
2
1
1
1
1
2
2
2
2
1
3
3
4
3
3
3
1
1
0
0
-1
-2
-2
-3
-4
-3
-3
-3
-2
-2
-1
-2
-2
-1
-1
-2
-2
-2
-2
-2
-3
-2
-2
-3
-3
-2
-2
-2
-2
-1
0
0
-1
0
-1
-1
0
0
0
1
0
0
0
-1
0
0
0
-1
0
0
0
1
2
2
2
3
2
3
3
2
2
2
3
1
3
1
2
3
2
2
1
1
2
1
2
3
2
2
2
2
2
2
2
2
2
0
1
1
-1
-2
-1
-2
-1
-1
0
-1
-1
-1
-1
-1
-1
-1
-2
-2
-1
-1
-2
-1
-1
-2
-2
-2
-2
-2
-2
-2
-3
-2
-3
-2
-2
-1
0
0
-1
-1
-1
-1
-1
-1
-1
-1
-1
-1
-1
-1
-1
-2
-1
-2
-1
-2
-2
-1
0
0
1
1
2
1
1
1
1
1
1
1
2
2
3
2
2
2
2
1
2
1
1
-1
-1
0
0
0
0
0
-1
0
0
0
1
2
2
1
1
1
0
0
0
0
0
0
1
1
1
1
0
1
2
1
1
1
0
0
-1
-1
0
-1
0
0
0
0
0
-1
-1
-1
-2
-1
-1
-1
-1
-1
-2
-1
-1
-1
-1
0
0
0
0
0
0
0
1
1
1
1
1
1
2
1
1
0
1
1
1
1
1
1
1
2
1
1
0
0
0
0
0
-1
1
0
0
0
-1
0
-1
-1
-1
-1
-2
-2
-2
-3
-3
-2
-2
-1
-2
-1
0
-1
-1
-1
0
-1
0
-1
-2
-1
0
0
-1
1
0
-1
0
1
0
2
1
0
1
1
0
1
0
0
0
0
1
1
1
1
1
1
0
0
0
0
0
0
-1
-1
-1
0
0
1
1
1
2
3
2
1
1
1
1
1
1
0
1
0
0
0
2
1
1
1
0
1
1
1
2
1
1
0
-1
0
-1
-2
-2
-1
-2
-2
-1
-2
-1
-1
-1
-1
-3
-2
-2
-2
-2
-2
-2
-2
-2
0
-1
-1
0
1
0
0
-1
-1
-1
-1
-1
-1
-1
-1
-1
-1
0
0
0
1
0
0
0
0
0
0
1
1
1
1
0
1
0
0
0
1
1
0
1
1
2
3
2
1
2
1
2
1
2
1
2
2
2
2
2
1
1
1
0
1
1
0
0
0
0
0
1
0
0
0
0
1
0
1
0
0
0
-1
0
-1
-1
0
0
0
0
-1
0
0
-1
-1
-1
0
-1
-1
-1
-2
-2
-1
-2
-2
-3
-2
-2
-2
-2
-1
-1
-1
-2
-1
-1
-1
-1
-1
-1
-1
-1
0
0
1
1
1
1
2
1
2
2
2
2
2
2
2
2
2
2
1
1
0
-1
-1
-1
-1
0
-1
1
1
1
0
1
1
0
0
0
-1
-1
-1
0
-1
-1
-1
-1
-1
-1
-1
0
0
0
0
0
1
1
1
1
1
1
0
0
-1
-1
0
0
0
-1
-1
0
0
0
0
-1
0
-1
0
0
0
0
0
0
-1
-1
-1
-1
-2
-1
-2
-1
-1
0
0
1
0
0
1
1
0
1
0
0
2
0
2
2
2
2
2
1
1
2
2
1
1
2
0
1
0
0
0
0
0
1
0
0
0
-1
-1
-1
-1
-1
-1
-1
-2
-1
-2
-2
-1
-1
-1
-1
-2
-2
-2
-1
-2
-1
-1
-1
0
0
-1
0
0
1
0
1
0
0
1
0
0
-1
0
0
0
1
2
2
1
2
2
2
2
3
2
1
1
1
0
1
0
1
0
0
1
1
1
0
0
-1
-1
0
-1
-1
-1
-1
0
-2
-1
1
0
0
0
-1
-1
-2
-1
-2
-1
-1
-1
-1
0
0
-1
0
0
0
0
-1
-1
0
-1
-2
0
0
0
1
0
0
0
0
0
0
-1
1
0
0
1
0
0
1
1
2
1
1
1
1
2
0
0
1
0
1
2
1
1
0
1
2
1
1
0
1
1
1
1
1
0
0
0
0
0
0
-1
0
-1
-1
0
0
1
1
0
0
0
1
0
0
-1
-1
-1
-1
-2
-1
-2
-1
0
0
0
-1
-1
-1
-1
-2
-1
-2
-2
-3
-2
-3
-2
-1
-1
0
-1
-1
-1
-1
0
0
0
0
0
1
1
1
1
1
2
1
2
2
2
2
2
2
2
2
1
2
2
2
2
1
2
1
0
1
0
0
0
0
1
1
0
0
-1
0
-1
-1
0
-1
0
-1
-1
0
-1
-1
-1
-2
-1
-1
-1
-2
-1
-2
-2
-1
-1
-2
-2
-1
-2
-1
0
-1
0
-1
0
0
0
-1
0
0
0
-1
0
-1
0
0
0
0
0
1
1
1
2
2
2
2
1
2
2
2
2
2
2
1
1
2
2
2
2
2
1
1
1
0
1
1
0
0
0
-1
-1
-1
-1
0
0
0
0
-1
0
-1
-1
-1
-1
-1
-1
-1
-1
-1
-1
-1
-1
0
0
0
-1
-1
-1
-1
-1
-1
-2
-1
0
0
-1
0
0
0
0
0
0
0
0
0
-1
0
0
0
0
0
0
0
0
1
0
2
1
1
1
1
2
2
1
1
1
1
0
0
0
0
0
0
1
1
1
1
0
-1
0
0
-1
-1
-2
-2
-1
-2
-1
-1
0
-1
-1
-1
0
-1
-1
-1
0
-1
0
0
0
0
0
0
0
0
0
0
0
0
0
0
1
1
1
1
1
1
1
0
2
0
1
1
0
1
1
2
1
1
0
0
