1
-1
0
0
0
0
0
0
0
-1
0
0
0
0
0
0
0
0
0
0
0
0
0
0
-1
0
0
0
0
-1
0
-1
0
0
0
0
0
0
0
0
0
0
1
0
1
0
0
0
0
0
0
1
0
0
0
0
0
1
0
0
0
1
1
0
0
0
-1
0
-1
0
0
0
0
0
0
0
-1
0
0
0
-1
-1
0
0
0
0
1
0
0
0
0
-1
0
0
0
0
0
0
0
0
0
0
0
1
1
1
1
0
0
1
0
0
0
0
1
0
0
0
0
0
0
0
1
0
-1
0
0
0
0
0
0
0
0
-1
0
0
0
0
0
0
0
-1
0
0
-1
1
1
0
0
0
0
1
0
0
0
0
0
0
0
0
0
0
0
0
1
0
0
1
0
0
0
1
0
0
0
0
0
0
0
0
0
0
1
0
-1
0
0
0
0
-1
0
0
0
0
0
0
0
1
0
-1
0
0
0
-1
1
0
0
0
0
0
0
0
0
0
0
0
0
0
-1
0
0
0
0
0
0
0
0
0
0
0
1
0
0
0
0
-1
0
-1
0
0
0
0
1
0
0
0
0
0
0
0
0
0
-1
0
0
1
0
0
0
0
0
0
0
1
0
0
0
0
0
0
-1
0
1
0
0
1
0
0
0
0
1
-1
0
0
-1
0
0
0
0
0
1
0
0
0
1
0
0
-1
0
0
0
0
0
0
0
0
0
1
0
0
1
0
0
0
0
0
-1
0
0
0
0
0
0
0
0
0
1
0
-1
0
0
0
1
0
0
1
0
1
-1
0
0
0
0
0
0
0
0
-1
0
-1
-1
0
0
0
0
0
0
0
0
0
0
-1
0
-1
0
0
0
0
0
0
-1
0
0
0
0
0
0
0
0
0
0
0
1
0
0
0
0
0
1
1
0
0
0
0
0
0
0
0
0
0
1
0
0
0
0
0
0
0
1
0
0
0
0
0
1
0
0
0
0
0
0
0
-1
-1
0
0
0
0
0
-1
-1
0
0
0
-1
1
0
0
-1
0
0
0
0
0
0
0
0
0
0
0
0
0
0
0
0
0
0
0
-1
0
0
0
0
0
1
1
0
0
-1
-1
0
0
0
0
-1
0
0
1
0
0
1
0
0
1
0
1
0
0
0
0
0
0
-1
0
0
0
0
0
0
1
0
0
0
0
0
0
-1
-1
0
-1
0
0
0
0
0
0
0
0
0
-1
0
0
-1
0
-1
0
0
0
0
1
0
1
0
0
0
0
0
0
0
0
-1
1
-1
-1
-1
0
0
0
0
0
-1
1
0
1
0
0
0
0
-1
0
0
0
0
0
0
-1
0
0
0
-1
0
0
0
0
1
1
0
1
0
0
1
1
0
0
0
0
0
0
-1
-1
-1
-1
0
0
0
0
0
-1
0
0
0
0
0
-1
0
-1
0
1
0
0
1
0
0
-1
0
-1
0
0
0
-1
0
1
-1
0
0
0
0
-1
0
1
0
-1
1
1
0
1
-1
0
0
1
0
0
-1
1
0
0
1
0
0
0
0
0
0
0
0
0
1
0
-1
0
-1
0
1
0
1
-1
0
1
1
0
0
0
0
0
0
0
0
0
0
0
0
0
0
0
-1
0
0
0
1
0
-1
0
0
1
0
0
0
0
0
0
-1
0
-1
0
0
0
0
0
0
0
1
0
1
0
0
0
0
-1
-1
0
0
0
0
0
-1
0
0
0
0
-1
0
0
0
0
0
0
0
-1
0
0
0
0
0
0
0
0
-1
0
1
0
0
0
0
0
0
0
0
0
0
0
0
0
0
0
0
1
0
0
0
0
1
0
0
1
0
0
0
-1
0
0
0
0
1
1
0
1
0
0
-1
0
-1
0
0
0
0
0
0
0
0
0
0
0
0
0
0
0
0
-1
-1
0
0
0
0
0
0
0
0
0
0
0
0
0
0
1
0
0
0
1
0
0
0
0
-1
0
0
0
1
0
0
0
1
0
0
0
0
1
1
0
0
-1
1
0
0
-1
0
0
0
0
0
1
0
1
0
0
0
1
0
-1
0
0
0
0
-1
0
0
0
0
0
0
0
0
0
0
0
0
1
-1
1
0
0
0
-1
0
0
0
0
0
1
0
0
0
0
0
0
0
0
0
1
0
0
0
0
0
0
0
0
0
1
0
-1
0
0
0
0
0
-1
0
-1
0
0
1
0
0
0
1
0
0
0
0
0
0
0
0
0
0
0
0
-1
0
0
0
-1
-1
-1
0
0
0
0
0
0
0
-1
1
0
1
0
0
0
1
1
1
1
0
1
1
-1
0
0
0
0
0
0
0
0
1
0
0
0
0
1
-1
0
0
0
0
0
0
0
-1
0
-1
0
0
0
0
0
-1
0
0
0
0
0
1
0
0
0
0
0
0
0
-1
0
0
0
0
0
0
1
0
1
0
-1
-1
-1
0
0
0
0
0
0
0
-1
0
0
1
-1
-1
1
0
0
0
1
0
0
0
0
0
0
0
0
0
0
0
0
0
0
0
0
0
0
0
-1
0
0
0
0
0
0
1
1
1
0
0
0
1
1
0
-1
1
0
-1
0
0
-1
0
0
0
0
-1
0
0
0
0
1
0
0
0
1
0
0
1
-1
0
0
0
0
0
0
-1
0
1
0
0
0
1
-1
0
0
0
-1
0
0
0
0
0
1
0
-1
0
0
-1
-1
0
0
0
0
-1
-1
-1
0
0
0
0
0
0
0
0
0
1
0
0
0
1
0
1
0
0
0
-1
0
0
0
0
0
0
-1
1
0
0
0
0
1
1
0
0
-1
0
0
-1
0
0
0
0
0
0
0
0
0
-1
1
-1
0
1
0
0
0
0
0
0
0
0
0
0
0
0
0
0
0
1
0
0
0
0
0
1
0
0
0
0
0
0
0
0
0
0
0
0
-1
0
0
-1
-1
0
0
1
1
0
0
0
0
-1
0
1
0
-1
0
0
0
0
-1
0
1
1
0
0
-1
-1
0
0
0
-1
1
0
0
0
0
0
0
0
0
0
0
0
0
0
1
0
-1
0
0
-1
0
0
0
0
0
0
0
0
0
0
0
1
0
0
0
0
-1
-1
0
-1
-1
0
0
-1
0
-1
0
0
0
1
-1
0
0
-1
-1
0
0
-1
0
0
-1
0
0
-1
1
-1
0
0
-1
0
-1
0
0
0
0
0
1
0
0
-1
1
1
0
0
0
0
0
0
0
0
0
1
0
0
0
0
0
0
0
0
0
-1
0
0
1
0
0
1
0
0
0
1
0
1
0
0
0
0
1
-1
0
0
0
1
0
-1
0
0
1
1
0
-1
0
0
0
0
1
0
0
1
0
0
0
1
0
0
0
0
-1
1
0
0
0
0
0
0
0
1
0
0
0
0
-1
0
0
0
-1
0
-1
0
0
0
1
1
0
0
0
-1
1
0
0
0
0
1
0
1
0
0
1
1
0
0
0
0
0
-1
0
0
0
-1
0
0
0
0
0
-1
-1
0
0
0
0
0
0
0
-1
-1
0
0
0
0
-1
0
0
0
1
1
0
0
-1
0
0
1
0
0
-1
1
0
0
-1
0
-1
0
0
0
0
0
0
0
0
0
0
0
0
0
0
0
-1
1
1
1
0
1
0
0
0
-1
0
0
1
0
0
1
0
0
0
0
-1
1
0
1
1
0
0
0
1
0
1
0
0
0
0
0
0
0
0
1
0
-1
0
0
0
0
0
0
-1
1
1
0
1
0
0
0
0
0
0
1
0
0
0
0
0
0
0
0
-1
0
0
0
0
0
0
-1
-1
0
0
0
0
-1
0
0
1
-1
-1
0
-1
0
0
-1
0
0
0
0
0
0
0
0
1
0
0
0
0
-1
-1
-1
0
0
0
0
1
0
0
0
0
0
0
1
0
-1
0
0
0
0
0
1
0
0
0
0
0
0
0
0
0
0
1
-1
0
0
0
-1
0
0
0
0
0
2
12
15
7
9
7
4
4
2
2
-1
-1
-4
-5
-7
-8
-8
-8
-8
-9
-8
-7
-6
-6
-6
-5
-4
-4
-4
-5
-6
-8
-9
-10
-11
-10
-12
-12
-14
-12
-13
-11
-9
-7
-5
-2
0
3
5
5
6
7
6
6
5
6
7
6
6
5
4
5
5
6
7
8
9
12
15
16
19
18
18
17
16
14
13
11
10
9
7
6
5
5
6
7
8
11
14
17
19
21
24
25
25
24
24
23
21
21
19
19
20
22
24
24
24
24
24
22
20
18
15
11
7
4
0
-4
-9
-15
-19
-24
-25
-27
-27
-27
-26
-26
-25
-15
-12
-23
-26
-35
-43
-49
-59
-63
-71
-73
-76
-79
-80
-79
-76
-71
-66
-58
-48
-41
-36
-34
-32
-32
-34
-37
-40
-44
-46
-46
-44
-40
-33
-27
-22
-17
-13
-10
-8
-7
-6
-6
-6
-9
-13
-19
-28
-38
-51
-62
-73
-81
-86
-90
-88
-86
-76
-67
-57
-47
-39
-26
-14
-2
9
21
32
45
58
73
88
104
121
140
162
186
212
242
273
305
337
364
388
408
422
432
436
435
427
417
402
383
363
339
313
287
260
236
211
187
165
142
118
88
56
16
-27
-78
-134
-190
-247
-304
-357
-406
-450
-487
-517
-540
-556
-569
-576
-578
-572
-562
-549
-535
-516
-489
-463
-440
-417
-394
-370
-346
-320
-286
-246
-204
-162
-118
-71
-23
22
65
104
139
169
192
213
228
239
244
245
244
238
226
210
191
170
147
123
97
72
44
13
-16
-47
-75
-105
-131
-157
-181
-208
-234
-259
-282
-303
-318
-325
-323
-311
-292
-263
-225
-178
-127
-71
-10
52
111
171
233
304
377
450
523
595
663
729
791
850
906
954
997
1034
1064
1085
1098
1098
1085
1060
1017
962
898
827
747
660
571
482
392
298
201
102
0
-108
-217
-327
-434
-536
-636
-732
-824
-915
-1004
-1083
-1152
-1206
-1253
-1288
-1307
-1310
-1296
-1274
-1242
-1197
-1148
-1092
-1030
-962
-890
-812
-733
-647
-560
-468
-380
-292
-206
-119
-35
46
127
201
278
350
424
493
551
599
632
657
673
680
678
668
648
619
582
536
487
431
365
297
227
160
96
37
-18
-67
-117
-166
-215
-265
-316
-367
-415
-456
-489
-517
-537
-545
-542
-527
-505
-475
-437
-390
-334
-269
-189
-104
-13
81
177
278
374
468
558
647
734
817
897
972
1042
1103
1153
1192
1223
1238
1241
1230
1210
1186
1154
1111
1060
996
921
834
740
640
535
422
306
190
76
-35
-140
-245
-350
-458
-561
-659
-748
-830
-902
-965
-1014
-1050
-1078
-1098
-1112
-1116
-1114
-1101
-1080
-1050
-1013
-971
-924
-872
-814
-757
-700
-647
-594
-540
-488
-433
-380
-327
-275
-223
-177
-134
-96
-63
-36
-9
20
51
82
110
136
163
187
202
212
215
215
212
212
215
221
229
235
245
256
267
274
278
275
266
256
242
226
208
188
164
137
107
75
44
13
-16
-48
-82
-115
-142
-167
-192
-215
-238
-252
-257
-253
-237
-212
-180
-143
-100
-52
-3
47
95
146
200
258
319
385
456
531
606
673
736
789
835
871
896
917
929
935
935
931
920
901
873
832
785
728
667
601
530
455
378
300
218
136
54
-29
-112
-194
-273
-349
-422
-491
-552
-609
-653
-691
-725
-757
-785
-806
-819
-825
-826
-826
-826
-824
-815
-805
-790
-773
-755
-735
-715
-687
-658
-625
-593
-557
-518
-481
-445
-414
-378
-345
-310
-276
-240
-200
-159
-116
-73
-27
18
63
106
145
182
212
241
266
292
312
327
345
364
383
401
415
422
423
422
412
396
368
331
288
241
195
149
106
65
28
-6
-43
-79
-117
-158
-202
-246
-288
-326
-356
-379
-389
-387
-373
-352
-320
-280
-234
-185
-137
-86
-33
24
83
146
215
290
368
450
531
613
695
776
849
914
967
1007
1039
1059
1071
1072
1063
1047
1025
996
965
928
881
827
766
695
612
517
417
311
204
97
-7
-108
-202
-292
-379
-460
-540
-618
-696
-769
-840
-905
-965
-1017
-1057
-1087
-1101
-1108
-1104
-1093
-1073
-1047
-1016
-979
-938
-891
-841
-788
-732
-674
-611
-549
-484
-420
-355
-289
-225
-159
-95
-34
23
73
123
168
215
256
294
326
357
379
395
409
416
423
424
419
411
400
392
383
374
360
344
326
303
277
248
213
171
128
84
44
4
-31
-66
-96
-124
-154
-185
-218
-248
-279
-310
-342
-370
-393
-410
-421
-425
-417
-401
-379
-346
-313
-276
-236
-194
-151
-112
-64
-15
40
104
178
256
343
429
520
612
696
770
830
881
917
948
963
973
980
984
989
992
991
978
960
936
900
853
790
709
620
528
431
333
236
133
42
-49
-136
-218
-304
-388
-477
-562
-651
-736
-815
-885
-944
-988
-1018
-1043
-1055
-1049
-1036
-1011
-990
-968
-943
-918
-881
-848
-807
-761
-702
-632
-557
-479
-401
-323
-252
-177
-110
-47
7
62
116
167
223
274
324
379
419
458
481
499
507
508
504
487
476
457
445
427
407
387
366
336
308
275
242
203
159
120
78
37
-9
-49
-84
-114
-146
-176
-207
-236
-264
-287
-321
-350
-383
-409
-422
-429
-417
-413
-388
-367
-340
-315
-285
-259
-238
-217
-206
-169
-159
-114
-65
-24
59
92
175
223
295
355
385
448
449
518
507
568
574
607
644
646
699
672
723
677
695
645
622
580
517
494
418
409
340
321
271
244
202
162
115
64
11
-52
-102
-170
-209
-261
-285
-322
-333
-354
-364
-382
-397
-411
-428
-441
-459
-460
-462
-444
-435
-411
-387
-351
-326
-296
-278
-257
-243
-223
-212
-199
-178
-170
-140
-129
-103
-84
-67
-52
-46
-36
-35
-38
-42
-49
-52
-59
-62
-58
-62
-58
-55
-44
-40
-38
-37
-44
-56
-63
-73
-81
-86
-81
-75
-61
-54
-44
-34
-27
-20
-29
-27
-42
-44
-53
-53
-45
-37
-16
-6
11
17
23
29
27
22
18
8
3
4
6
15
25
35
60
65
79
86
93
106
103
115
117
132
147
166
184
206
235
254
275
294
311
324
333
336
337
329
333
334
344
347
344
348
345
336
334
320
300
285
259
239
216
191
170
158
135
116
98
69
47
16
-13
-46
-76
-103
-127
-145
-167
-180
-192
-203
-210
-221
-235
-223
-241
-237
-242
-257
-247
-267
-270
-278
-267
-269
-263
-259
-254
-236
-228
-224
-212
-206
-210
-209
-209
-202
-204
-190
-189
-172
-151
-146
-137
-117
-110
-104
-93
-99
-83
-87
-82
-70
-68
-52
-44
-42
-34
-39
-22
-38
-30
-24
-51
-31
-44
-39
-38
-41
-26
-37
-25
-32
-36
-23
-52
-42
-61
-56
-70
-88
-84
-103
-101
-109
-99
-110
-104
-103
-98
-97
-84
-96
-81
-69
-48
-44
-31
-2
15
65
57
103
106
153
175
170
200
212
251
265
302
322
347
384
418
420
442
476
481
500
509
486
515
501
511
497
464
499
457
443
430
376
374
332
301
271
202
227
169
139
111
97
58
28
22
-27
1
-102
-107
-127
-185
-162
-322
-343
-131
-221
-443
-229
-296
-371
-134
-528
-282
-225
-351
-295
-412
-176
-387
-198
-375
-154
-245
-288
-77
-374
-87
-312
-164
-255
-195
-206
-217
-167
-216
-111
-308
-90
-226
-170
-124
-156
-134
-129
-111
-147
-130
-127
-98
-137
-72
-146
-129
-156
-150
-146
-181
-143
-197
-147
-169
-198
-187
-210
-162
-193
-183
-183
-169
-154
-165
-155
-167
-131
-150
-112
-119
-75
-74
-55
-24
-56
10
9
16
75
50
103
138
101
203
170
242
273
298
335
347
386
384
482
389
487
479
497
580
464
550
560
568
507
567
526
512
596
418
543
465
411
472
397
388
365
387
274
352
279
184
323
183
130
185
163
58
50
95
-68
51
-22
-146
-66
-77
-170
-249
-82
-286
-199
-132
-450
-111
-209
-402
-211
-367
-221
-309
-300
-416
-294
-212
-474
-213
-455
-187
-410
-348
-184
-467
-222
-384
-304
-348
-263
-375
-360
-169
-375
-310
-267
-265
-224
-349
-126
-348
-181
-148
-351
-147
-351
51
-478
-140
-160
-292
-62
-296
-164
-330
184
-546
2
-185
-267
106
-515
175
-289
-99
-120
-29
-85
-170
116
-258
207
-148
-89
196
-104
160
-30
-8
293
105
-66
290
241
-124
518
51
124
563
94
352
352
451
143
598
262
272
742
70
610
461
360
473
645
251
400
862
140
517
512
332
474
480
326
341
512
342
401
276
289
348
269
233
221
153
234
233
30
202
100
37
-35
-18
182
-28
-305
88
162
-304
-3
-180
-179
-139
-145
-79
-287
-195
-294
-147
-87
-294
-660
-44
185
-726
-241
-134
-578
83
-385
-522
17
-334
-296
-214
-465
-257
-200
-513
94
-671
-355
119
-595
-240
-390
-291
-235
-287
-526
-138
-494
-171
-100
-625
11
-297
-418
-39
-350
-651
349
-615
-246
38
-706
152
-239
-495
-60
329
-628
-102
-1
-231
38
-250
90
-230
144
-153
-15
189
-21
-10
-24
529
-43
34
227
132
284
37
224
239
339
-7
338
561
97
506
343
364
467
390
295
394
501
498
322
495
537
43
713
693
-41
429
933
-46
521
659
-92
723
539
-72
364
719
-59
322
297
253
113
360
654
-386
394
352
-29
421
-48
-216
576
26
-413
278
23
-226
342
-228
-205
199
-414
185
-83
-267
-227
300
-259
-423
-183
-480
8
-467
-285
-482
195
-652
-523
353
-524
-511
16
-155
-846
-77
-851
-675
92
-243
-1044
-497
314
-715
-601
-374
-411
-281
-52
-706
-670
31
-441
-766
-346
-117
-223
-393
-606
-437
216
-554
-526
228
-449
-186
-115
-250
-727
467
-326
-792
611
-428
-29
56
-40
-275
318
29
24
319
-255
480
166
233
239
459
129
238
725
40
175
726
408
167
642
741
404
496
834
245
747
800
57
291
858
689
-83
488
857
682
265
317
732
411
368
363
228
266
460
-93
91
418
-145
381
346
301
-115
-242
537
215
-388
-75
439
53
-120
-61
-266
92
711
-388
-246
652
234
-792
-99
180
-671
693
-580
-300
617
-410
-571
-166
233
-237
-7
-701
-156
283
-1197
-508
45
-1
-479
-504
308
-819
-60
-462
-1073
136
278
-1533
-452
737
-1768
-233
-182
-600
-395
267
-654
-558
72
-695
49
-832
209
-484
-530
-104
-89
-1003
-370
344
-711
-334
-215
153
-686
-3
-896
-659
84
-131
-505
-280
324
-586
-219
-346
47
-191
-89
180
-180
33
171
42
-40
476
849
417
522
702
455
292
511
939
679
1059
979
580
869
1531
753
481
1490
1159
545
1052
854
-22
882
1030
-108
655
1406
-107
18
591
194
-103
461
-97
-382
657
-264
-456
-262
-189
-431
14
-27
-201
-125
-749
81
-120
-530
-103
181
-394
-173
400
-577
102
314
-426
-288
875
169
-619
613
-516
-344
209
385
-516
-79
203
-777
299
12
115
-930
473
-26
-1226
246
-144
-796
-618
370
-1203
-150
130
-913
-446
-88
211
-956
-252
-244
-538
-483
-87
-125
-1019
139
-584
-582
-38
-344
-352
-814
-96
-912
-938
-531
-555
-1060
-911
-204
-915
-883
-1340
-852
-371
-641
-950
-453
-393
-864
-622
-331
164
-251
-181
-64
353
686
294
349
917
1006
721
1512
1936
1430
1255
1725
2008
1838
2067
1987
1562
2000
2177
1278
1565
2052
882
781
1343
1271
830
705
498
157
418
315
-70
-243
-24
-714
-1114
-603
-845
-1360
-1045
-758
-1044
-1235
-1187
-905
-1155
-964
-790
-1208
-898
-676
-865
-787
-412
-202
-240
-129
-95
129
113
159
139
42
753
524
118
553
724
243
283
914
418
172
741
162
-30
985
412
-879
289
831
-554
-26
363
-132
-383
-206
-542
-465
241
-635
-765
-213
543
-1287
-1465
220
-582
-852
-901
-54
-756
-591
-1160
-1663
-429
-935
-1672
-2141
-374
-784
-1363
-1021
-1404
-1258
-914
-479
-876
-317
-422
-956
-1121
-498
-236
-514
-117
368
212
319
871
671
725
1014
1510
1523
2018
2037
1573
1743
2378
2661
2476
2788
2559
2399
2359
2281
2084
2390
2284
1357
1199
1737
1399
614
445
260
281
237
-88
-473
-589
-1120
-1532
-1385
-1103
-1217
-1786
-1982
-2007
-2006
-2123
-2024
-1832
-1946
-1996
-1737
-1684
-1613
-1385
-1252
-1127
-810
-313
-371
-510
-192
163
160
725
1080
207
514
1051
1091
1367
1386
1327
1277
1548
972
719
1612
1915
229
-327
1060
601
295
503
-156
-371
407
-278
-1008
158
411
-1012
-1377
-43
-575
-1343
-564
-628
-1119
13
-382
-1428
-712
-505
-1033
-1183
-5
-455
-1450
-1693
-1087
-1163
-1421
-715
-1141
-625
-844
-1253
-1313
-543
-205
-887
-469
50
154
-831
-682
-334
60
169
-75
478
834
473
-171
707
1570
1500
1167
1831
2368
1980
1848
2042
2634
2843
2546
2320
2695
2773
2195
1802
2182
2454
1938
1562
1528
1252
849
529
384
431
183
-419
-903
-874
-1056
-1316
-1564
-1514
-1627
-2111
-2269
-2311
-2122
-2452
-2471
-2482
-2356
-2051
-2255
-2387
-2131
-1718
-1948
-1466
-956
-901
-817
-626
-473
-26
586
386
678
1259
1338
1062
1254
1640
1858
1826
1645
1936
2032
1544
1379
1668
1653
1316
919
773
777
666
-232
37
780
-244
-1052
-271
-150
-1046
-957
-1207
-792
-416
-1294
-1781
-1020
-476
-1408
-1723
-1074
-491
-1353
-1464
-582
-803
-1098
-2052
-2526
-1659
-474
-559
-1019
-772
-1151
-1646
-1575
-257
176
-146
113
-24
-574
-907
-551
-291
127
647
924
772
656
423
441
1310
2301
2413
2397
2533
2299
2202
2455
3228
3288
3350
3231
3025
2654
2335
2327
2403
2737
2500
2174
1528
1241
824
636
864
812
341
-196
-619
-1226
-1626
-2036
-2234
-2215
-1874
-1793
-2378
-3286
-3585
-3254
-2764
-2550
-2514
-2601
-2927
-3362
-3346
-2726
-2189
-1902
-1876
-1415
-1213
-1304
-1416
-740
267
594
646
837
1073
889
955
1446
2481
2890
2328
1886
1914
2017
1872
1724
2046
2355
2067
1179
638
884
1257
1080
732
1105
640
-2
-318
-409
-383
-268
-686
-1380
-803
-993
-1652
-1581
-1170
-1355
-1355
-1239
-1725
-1447
-1279
-1392
-1151
-841
-1385
-2448
-2667
-1856
-636
-393
-917
-1621
-1844
-1523
-1361
-1011
-210
503
108
-759
-938
-393
-209
-281
267
1147
1481
1104
480
701
1569
2026
2529
3196
3646
3092
2611
2687
3580
4045
3809
3746
3601
3249
2535
2683
2822
3109
2703
2084
1700
1449
1127
500
665
509
191
-489
-932
-1427
-1990
-2480
-2788
-2322
-2210
-2566
-3206
-3741
-3815
-3664
-3337
-3175
-2975
-3108
-3609
-3741
-3552
-2941
-2871
-2484
-2163
-1746
-1563
-1554
-1010
-624
46
278
980
1107
1224
1192
1364
1999
2366
2763
2433
2502
2205
2113
2107
2436
2433
1976
1779
1516
1745
1546
1381
1178
1215
1040
687
535
402
271
-309
-570
-727
-976
-1284
-1284
-1325
-1635
-1566
-1566
-1695
-1659
-1669
-1879
-1820
-1674
-1492
-1088
-1336
-2485
-3332
-2760
-1117
-349
-881
-1677
-2105
-1877
-1438
-1088
-509
453
217
-659
-927
-166
477
118
219
1205
2287
1944
1201
912
1827
2603
2899
3496
3943
3787
2643
2610
3650
4701
4305
3779
3574
3407
3034
2430
2813
3077
2811
1971
1479
1080
832
366
36
227
-40
-704
-1504
-1828
-2033
-2410
-2714
-2617
-2507
-2764
-3266
-3776
-3873
-3616
-3567
-3446
-3274
-3189
-3510
-3727
-3320
-2937
-2619
-2412
-2093
-1862
-1415
-1274
-1168
-596
-74
283
500
861
1033
1147
1294
1662
2158
2311
2182
2044
2107
2156
2196
2350
2374
2197
1796
1589
1656
1847
1754
1331
1135
1040
878
539
374
176
-82
-284
-529
-753
-1022
-1163
-1255
-1202
-1087
-1273
-1384
-1544
-1776
-1966
-1799
-1458
-1451
-1545
-2137
-2678
-3262
-2980
-1929
-830
-682
-1680
-2251
-2112
-1261
-1121
-728
-89
511
112
-952
-927
-194
600
562
1090
1886
2301
1626
1071
1885
3037
3754
3745
3873
3856
3501
3128
3549
4549
4899
4400
3699
3410
3267
2954
2975
3210
3177
2476
1572
961
734
672
351
190
-133
-640
-1587
-2338
-2550
-2531
-2551
-2897
-3155
-3489
-3710
-4150
-4251
-3932
-3768
-3805
-3926
-3760
-3758
-3836
-3773
-3382
-2813
-2473
-2338
-2229
-1814
-1441
-1030
-485
-50
301
460
715
1062
1484
1777
1936
2120
2306
2477
2462
2467
2421
2417
2438
2444
2436
2207
1899
1671
1620
1636
1595
1436
1181
865
527
339
189
-62
-372
-771
-1004
-1037
-1116
-1258
-1456
-1478
-1494
-1427
-1363
-1467
-1707
-1886
-1660
-1525
-1323
-1816
-2595
-3156
-2907
-1691
-894
-810
-1701
-2055
-2134
-1522
-1150
-697
43
-127
-403
-1060
-475
-60
407
470
1041
1824
1795
1747
1176
2098
2732
3509
3734
3885
3753
3258
3398
3756
4913
4833
4556
3793
3426
3313
3261
3567
3530
3308
2458
1846
1279
1266
1129
771
457
-61
-695
-1377
-1929
-2278
-2518
-2691
-2784
-3028
-3384
-3879
-4262
-4396
-3995
-3965
-4007
-4181
-4283
-4229
-4212
-3924
-3657
-3091
-3001
-2775
-2567
-1938
-1425
-1222
-773
-445
122
298
690
980
1423
1664
1874
2225
2362
2525
2330
2452
2527
2696
2647
2522
2413
2264
2188
1984
2029
1855
1670
1338
1089
883
608
329
-28
-160
-489
-773
-1100
-1138
-1089
-1265
-1445
-1599
-1540
-1733
-1771
-1827
-1727
-1698
-1818
-1640
-1632
-2024
-2957
-3086
-2109
-853
-693
-1623
-2146
-2012
-1510
-1288
-879
-90
220
-358
-1147
-872
36
476
420
674
1615
1885
1508
1189
1856
2953
3424
3704
3745
3890
3411
3256
3736
4730
5162
4493
3901
3416
3515
3335
3419
3528
3431
2789
1792
1324
1133
1282
917
500
-31
-549
-1062
-1676
-2026
-2318
-2369
-2597
-2837
-3206
-3589
-3876
-4128
-3907
-3784
-3796
-4176
-4424
-4265
-3902
-3563
-3578
-3403
-3332
-2952
-2638
-2095
-1528
-1258
-1021
-823
-191
280
725
907
1305
1644
1820
1941
2001
2243
2289
2394
2381
2478
2399
2275
2214
2278
2358
2170
1937
1652
1569
1433
1251
1004
716
454
63
-180
-440
-652
-936
-1086
-1044
-1278
-1538
-1931
-1839
-1732
-1661
-1771
-2009
-1958
-2121
-1851
-1819
-1888
-2636
-3123
-2467
-1314
-456
-1296
-2046
-2176
-1440
-856
-676
-101
139
38
-940
-977
-215
565
785
438
1131
1543
1681
1292
1674
2779
3510
3833
3519
3872
3606
3568
3654
4417
5204
4732
4046
3268
3475
3456
3589
3414
3319
2931
1862
1267
863
1213
1068
559
-205
-723
-1095
-1627
-1904
-2180
-2083
-2517
-3002
-3241
-3376
-3425
-3836
-3814
-3619
-3437
-3890
-4320
-4096
-3677
-3210
-3477
-3338
-3277
-2953
-2577
-2117
-1406
-1144
-884
-867
-138
259
690
886
1172
1677
1748
1929
1841
2094
2109
2302
2258
2294
2240
1956
1983
1933
2100
1928
1728
1407
1311
1261
1143
1000
621
399
-11
-193
-376
-507
-687
-972
-1090
-1300
-1327
-1560
-1551
-1554
-1587
-1662
-1997
-2001
-2021
-1675
-1727
-2172
-2755
-2905
-2118
-1403
-808
-1134
-1571
-1959
-1849
-969
-376
129
-198
-245
-520
-669
-510
-45
922
895
1079
899
1323
1339
1444
2242
3056
3795
3255
3253
3116
3628
3821
4271
4788
4508
4024
3165
3382
3427
3676
3405
3171
2698
1904
1440
1114
1371
1210
989
289
-453
-1160
-1551
-1460
-1522
-1718
-2318
-2801
-3248
-3512
-3492
-3426
-3209
-3374
-3620
-3993
-4138
-3957
-3630
-3212
-3221
-3169
-3253
-2944
-2564
-2058
-1507
-1121
-779
-664
-298
11
528
866
1272
1579
1739
1797
1801
2013
2230
2454
2402
2327
2093
1944
1853
1891
1960
1851
1627
1333
1197
1058
961
806
662
448
79
-219
-520
-679
-845
-940
-960
-1136
-1327
-1620
-1599
-1663
-1675
-1783
-1874
-1782
-1873
-1778
-2157
-2506
-2865
-2532
-1718
-1107
-969
-1645
-2022
-2261
-1639
-906
-305
-159
-536
-726
-1001
-633
-241
526
874
972
1097
1136
1421
1418
2081
2815
3572
3556
3260
3226
3374
3918
4210
4783
4693
4281
3585
3305
3519
3620
3626
3187
2869
2149
1583
1190
1212
1358
1095
642
-188
-892
-1549
-1673
-1483
-1452
-1858
-2739
-3301
-3597
-3499
-3320
-3186
-3133
-3484
-3840
-4160
-3988
-3641
-3245
-3011
-3038
-2982
-3019
-2653
-2234
-1557
-1006
-684
-534
-472
-68
326
910
1212
1537
1629
1627
1672
1770
2105
2287
2400
2192
2023
1819
1808
1876
1987
2021
1767
1408
1062
1020
997
949
682
443
97
-259
-554
-735
-813
-964
-1027
-1141
-1223
-1480
-1644
-1703
-1645
-1564
-1639
-1704
-1842
-1839
-1879
-2049
-2293
-2420
-2132
-1740
-1295
-1213
-1372
-1710
-1891
-1444
-897
-365
-395
-386
-527
-560
-487
-136
548
776
1029
1039
1427
1493
1678
2099
2799
3374
3353
3405
3337
3642
3753
4166
4464
4484
4085
3577
3437
3379
3456
3259
3077
2617
2075
1580
1283
1179
1007
747
323
-210
-808
-1375
-1748
-1897
-1808
-1937
-2512
-3265
-3690
-3471
-3256
-3251
-3418
-3474
-3649
-3959
-3994
-3536
-2980
-2985
-3214
-3157
-2767
-2380
-2172
-1732
-1139
-798
-750
-646
-88
484
911
1027
1339
1582
1655
1652
1791
2282
2505
2468
2110
2052
2066
2128
2091
2141
2151
1823
1394
1113
1176
1196
1051
739
515
139
-234
-529
-556
-617
-800
-1116
-1297
-1393
-1497
-1530
-1598
-1551
-1665
-1704
-1791
-1678
-1639
-1618
-1885
-2187
-2232
-2080
-1721
-1473
-1199
-1236
-1527
-1856
-1596
-916
-482
-435
-459
-308
-269
-491
-287
284
912
970
1020
1305
1552
1622
1619
2441
3045
3426
3053
3085
3336
3623
3887
4006
4361
3995
3679
3141
3345
3430
3375
3029
2512
2140
1630
1464
1207
1144
764
377
-262
-911
-1328
-1430
-1446
-1786
-2341
-2780
-2977
-3222
-3435
-3401
-3189
-3284
-3720
-4054
-3861
-3619
-3503
-3474
-3196
-3015
-3071
-3130
-2686
-1937
-1444
-1215
-1111
-774
-539
-203
248
936
1298
1330
1223
1395
1806
2081
2273
2413
2630
2520
2312
2117
2336
2527
2526
2218
1882
1668
1456
1334
1224
1224
934
529
89
-35
-80
-285
-633
-926
-1081
-1233
-1405
-1502
-1496
-1571
-1783
-1931
-1897
-1875
-1834
-1864
-1717
-1835
-2110
-2336
-2218
-1914
-1729
-1399
-1158
-1142
-1719
-1872
-1267
-471
-333
-580
-343
-44
-227
-679
-173
905
1375
990
859
1474
1913
1802
1946
2840
3548
3338
2851
3066
3715
3986
3868
3975
4174
3944
3303
2972
3218
3445
3211
2661
2186
1782
1407
1108
1000
892
548
-103
-823
-1322
-1490
-1528
-1755
-2211
-2688
-2969
-3239
-3461
-3520
-3341
-3306
-3578
-3915
-3945
-3742
-3633
-3516
-3304
-3022
-3019
-3093
-2953
-2426
-1854
-1403
-1066
-832
-604
-441
-25
536
1154
1473
1572
1566
1641
1896
2182
2513
2639
2650
2474
2311
2256
2361
2510
2474
2249
1887
1672
1552
1483
1378
1223
1017
652
264
-21
-151
-282
-512
-783
-1022
-1219
-1457
-1580
-1569
-1483
-1532
-1706
-1880
-1954
-1924
-1868
-1759
-1784
-1898
-2134
-2267
-2276
-2028
-1549
-1077
-985
-1424
-1738
-1547
-867
-437
-210
-36
25
-269
-701
-374
522
1278
1214
1040
1203
1507
1659
1873
2609
3223
3336
2984
2965
3274
3525
3633
3745
3993
3808
3335
2835
2805
2982
2991
2802
2390
1986
1423
998
741
773
737
311
-385
-1115
-1406
-1602
-1768
-1980
-2052
-2261
-2905
-3494
-3582
-3072
-2901
-3189
-3534
-3591
-3599
-3838
-3700
-3184
-2666
-2807
-3127
-3005
-2534
-2061
-1817
-1298
-793
-501
-577
-476
68
712
1208
1321
1512
1613
1734
1772
2044
2524
2769
2673
2287
2197
2233
2374
2333
2261
2118
1804
1468
1187
1209
1206
1111
753
382
59
-200
-408
-568
-563
-698
-1001
-1426
-1587
-1525
-1452
-1446
-1449
-1433
-1627
-1877
-1957
-1687
-1452
-1506
-1728
-1845
-1792
-1815
-1735
-1382
-759
-575
-1019
-1471
-1239
-490
-135
-123
-81
215
80
-341
-271
588
1434
1388
1119
1168
1636
1766
1849
2285
2924
3158
2790
2616
2776
3211
3305
3338
3391
3379
3091
2573
2399
2511
2732
2520
2075
1573
1181
857
542
448
389
201
-413
-1179
-1663
-1699
-1591
-1832
-2248
-2596
-2748
-3010
-3314
-3295
-3051
-3003
-3456
-3769
-3643
-3297
-3270
-3339
-3090
-2746
-2612
-2733
-2471
-1929
-1406
-1207
-975
-548
-189
-3
133
635
1184
1572
1637
1732
1962
2167
2289
2382
2642
2756
2631
2322
2225
2332
2350
2157
1850
1714
1600
1422
1156
989
879
622
272
-35
-103
-223
-511
-899
-1106
-1118
-1180
-1320
-1481
-1466
-1517
-1631
-1759
-1698
-1544
-1527
-1596
-1710
-1660
-1610
-1533
-1573
-1587
-1388
-976
-665
-841
-1104
-1024
-568
-376
-411
-174
296
308
-314
-505
196
1061
1144
891
1072
1487
1523
1380
1857
2650
2931
2531
2307
2620
2976
3027
2964
3123
3190
2969
2595
2430
2487
2495
2349
2021
1694
1383
1085
723
352
125
34
-132
-607
-1162
-1547
-1709
-1859
-2103
-2258
-2309
-2451
-2852
-3228
-3283
-3086
-2978
-3099
-3224
-3233
-3173
-3140
-3012
-2708
-2381
-2193
-2132
-1970
-1648
-1240
-855
-526
-224
15
232
461
791
1164
1499
1741
1870
1950
1989
2062
2172
2318
2393
2324
2171
2020
1926
1814
1686
1571
1495
1369
1135
878
679
554
370
144
-35
-158
-321
-569
-763
-870
-937
-1070
-1179
-1215
-1255
-1336
-1457
-1500
-1524
-1512
-1510
-1533
-1596
-1634
-1576
-1602
-1694
-1674
-1282
-891
-946
-1271
-1280
-882
-707
-780
-617
-16
234
-222
-621
-253
540
852
873
1125
1583
1634
1369
1537
2219
2873
2949
2836
2813
2892
2921
2962
3214
3426
3474
3179
2797
2486
2413
2492
2416
2144
1713
1380
967
508
143
74
83
-282
-890
-1412
-1586
-1758
-2028
-2244
-2293
-2378
-2754
-3109
-3209
-3049
-3013
-3138
-3235
-3212
-3101
-3039
-2913
-2765
-2549
-2371
-2202
-1987
-1700
-1308
-997
-745
-555
-252
102
404
651
881
1178
1383
1547
1675
1851
2001
2053
2064
2048
2052
2002
1952
1878
1784
1646
1457
1303
1168
1092
996
858
649
395
178
-12
-157
-312
-437
-568
-728
-907
-1064
-1133
-1180
-1193
-1220
-1251
-1320
-1422
-1504
-1566
-1554
-1504
-1413
-1409
-1547
-1668
-1608
-1334
-1076
-922
-859
-810
-840
-938
-860
-523
-55
155
105
28
106
279
461
808
1283
1726
1846
1806
1847
2064
2372
2626
2877
3041
3124
3072
3024
3013
3039
3061
2969
2808
2582
2430
2272
2065
1774
1456
1171
834
511
221
23
-248
-639
-1035
-1331
-1548
-1836
-2112
-2305
-2412
-2599
-2846
-2991
-3011
-3017
-3140
-3234
-3245
-3169
-3088
-2964
-2781
-2590
-2420
-2274
-2040
-1754
-1401
-1056
-757
-511
-276
13
287
544
797
1093
1332
1471
1591
1755
1927
2000
2026
2047
2053
1988
1882
1827
1802
1728
1566
1382
1210
1065
946
835
691
485
251
27
-151
-321
-490
-642
-794
-960
-1116
-1205
-1257
-1326
-1412
-1452
-1433
-1410
-1404
-1377
-1326
-1295
-1271
-1193
-1078
-982
-920
-821
-688
-578
-472
-338
-175
-52
60
187
291
332
367
485
632
741
799
880
945
996
1079
1231
1401
1481
1513
1540
1602
1639
1646
1645
1641
1620
1559
1500
1421
1343
1237
1127
996
868
767
654
530
361
203
53
-87
-235
-352
-413
-475
-567
-709
-835
-926
-954
-957
-964
-1008
-1093
-1145
-1162
-1139
-1132
-1117
-1102
-1100
-1101
-1093
-1023
-966
-917
-874
-807
-732
-673
-597
-513
-407
-346
-295
-248
-183
-136
-102
-42
5
43
25
20
49
120
161
149
131
134
163
151
139
139
180
204
213
231
242
237
195
196
243
316
344
308
239
166
159
189
223
210
185
168
140
119
110
145
163
154
131
139
170
168
152
140
177
205
217
199
184
181
190
214
210
180
124
95
87
91
83
53
23
-23
-59
-79
-87
-109
-150
-170
-173
-169
-188
-212
-233
-251
-243
-222
-179
-164
-167
-188
-200
-183
-132
-58
-10
19
22
31
43
80
148
230
289
303
307
311
345
398
461
506
506
485
462
467
480
493
480
431
364
309
289
269
244
194
134
65
-6
-63
-107
-131
-169
-220
-288
-356
-409
-440
-463
-491
-516
-536
-559
-591
-617
-637
-641
-638
-633
-625
-611
-599
-595
-591
-578
-539
-484
-429
-393
-376
-362
-329
-275
-210
-145
-89
-48
-21
3
42
93
144
194
236
268
283
295
323
359
395
430
461
480
477
467
473
497
518
527
523
511
495
480
472
462
454
445
423
391
356
328
306
275
231
189
150
104
53
8
-27
-66
-113
-161
-199
-224
-248
-279
-309
-330
-347
-357
-365
-369
-369
-368
-365
-353
-333
-310
-290
-276
-259
-235
-203
-166
-127
-89
-61
-40
-15
18
61
97
120
140
156
167
176
194
223
248
254
244
235
238
245
254
254
246
226
201
179
160
145
128
107
79
47
12
-21
-51
-75
-95
-122
-162
-209
-245
-273
-295
-312
-333
-357
-388
-415
-432
-435
-434
-436
-442
-440
-433
-424
-412
-394
-362
-325
-289
-253
-219
-180
-139
-89
-27
39
99
146
195
253
319
381
441
490
539
580
615
646
672
696
707
717
713
697
665
633
607
584
553
502
441
373
312
254
198
139
67
-12
-93
-166
-229
-288
-351
-417
-475
-527
-571
-617
-658
-689
-710
-722
-730
-732
-728
-716
-703
-677
-644
-604
-567
-525
-470
-407
-348
-296
-236
-164
-79
1
73
136
201
268
338
416
486
543
579
613
655
705
747
774
794
802
806
800
794
787
773
748
709
655
588
514
447
394
336
259
154
34
-76
-167
-238
-310
-400
-510
-629
-727
-802
-852
-898
-946
-1007
-1061
-1106
-1126
-1123
-1105
-1072
-1043
-1014
-985
-936
-867
-773
-664
-560
-465
-389
-303
-197
-65
74
202
303
389
480
584
695
799
889
962
1020
1072
1119
1159
1187
1205
1217
1224
1214
1184
1137
1093
1053
1011
954
877
789
694
602
517
433
338
220
98
-15
-111
-209
-313
-429
-540
-644
-737
-822
-904
-978
-1051
-1112
-1168
-1215
-1251
-1273
-1282
-1280
-1264
-1245
-1221
-1191
-1137
-1058
-966
-881
-804
-717
-611
-485
-353
-223
-93
28
145
264
398
537
665
770
860
944
1024
1096
1164
1232
1286
1312
1307
1290
1280
1274
1262
1227
1169
1083
980
876
783
705
614
494
349
197
58
-64
-179
-294
-414
-544
-682
-811
-919
-995
-1055
-1116
-1184
-1251
-1305
-1336
-1340
-1315
-1280
-1251
-1235
-1210
-1153
-1065
-957
-853
-754
-662
-568
-464
-342
-204
-66
57
168
274
381
494
608
724
828
916
979
1033
1091
1155
1218
1263
1287
1287
1274
1261
1258
1253
1226
1169
1096
1021
955
886
811
723
617
504
389
282
181
79
-36
-150
-264
-373
-482
-591
-692
-779
-858
-940
-1028
-1110
-1177
-1229
-1266
-1295
-1313
-1330
-1340
-1339
-1313
-1265
-1212
-1155
-1091
-1010
-917
-820
-716
-604
-478
-345
-214
-90
34
161
292
423
548
667
776
865
945
1021
1098
1164
1211
1239
1256
1265
1252
1226
1194
1161
1116
1042
945
839
738
638
535
422
297
152
1
-136
-249
-348
-462
-594
-722
-825
-902
-966
-1024
-1077
-1121
-1153
-1166
-1158
-1131
-1098
-1063
-1015
-949
-868
-785
-702
-607
-498
-387
-282
-183
-77
33
145
255
362
458
537
610
688
779
862
920
956
988
1025
1057
1082
1096
1101
1091
1065
1037
1015
988
942
883
821
760
692
613
532
458
382
294
194
94
-1
-96
-185
-269
-344
-433
-539
-645
-731
-796
-857
-924
-990
-1050
-1115
-1170
-1208
-1218
-1216
-1220
-1225
-1221
-1191
-1150
-1094
-1029
-955
-880
-805
-718
-613
-494
-379
-270
-158
-35
89
207
317
427
534
637
729
806
873
925
971
1016
1057
1083
1082
1057
1026
999
972
934
876
800
712
624
541
462
377
276
165
55
-46
-139
-228
-315
-401
-485
-564
-633
-689
-731
-759
-779
-794
-805
-810
-802
-776
-733
-684
-637
-592
-541
-482
-409
-329
-244
-167
-102
-41
28
107
188
265
336
396
445
490
541
598
655
701
731
752
767
776
787
803
818
817
799
770
740
715
691
663
630
585
525
460
398
345
294
235
165
83
-2
-83
-153
-215
-280
-356
-442
-526
-594
-647
-694
-744
-795
-845
-887
-912
-923
-925
-929
-934
-930
-910
-876
-843
-805
-761
-709
-649
-585
-518
-449
-382
-309
-230
-144
-61
8
70
132
205
279
345
398
442
476
507
538
569
593
605
601
591
582
568
552
532
513
483
440
395
353
322
289
247
197
141
85
30
-14
-50
-86
-131
-189
-239
-277
-300
-320
-342
-363
-386
-405
-416
-413
-404
-393
-385
-375
-360
-339
-313
-282
-244
-204
-167
-134
-97
-53
0
52
105
156
203
245
287
336
390
441
483
515
541
568
597
626
650
666
668
659
647
639
635
627
607
573
526
480
443
415
379
332
269
200
137
82
36
-16
-74
-143
-215
-278
-330
-379
-430
-483
-533
-577
-618
-656
-690
-718
-738
-751
-757
-763
-769
-770
-761
-737
-706
-673
-643
-617
-583
-540
-488
-428
-370
-316
-271
-221
-167
-108
-49
5
58
109
161
205
243
287
331
374
410
434
453
468
484
503
515
521
511
493
476
462
449
431
401
363
318
274
234
198
161
115
67
22
-19
-62
-104
-142
-175
-203
-233
-262
-289
-310
-326
-337
-339
-337
-339
-339
-333
-316
-290
-266
-241
-217
-188
-154
-116
-72
-29
9
47
84
127
173
209
245
278
315
350
382
409
432
451
464
475
487
501
506
501
489
476
462
443
422
402
375
341
300
260
223
184
143
97
53
6
-42
-90
-133
-174
-216
-259
-302
-339
-374
-405
-433
-455
-477
-498
-519
-532
-539
-541
-541
-535
-526
-516
-505
-486
-460
-432
-405
-378
-344
-305
-267
-231
-194
-153
-109
-66
-24
18
55
90
125
163
203
237
261
278
295
314
331
346
356
361
356
344
331
322
313
296
274
249
222
192
158
127
98
69
37
-1
-38
-73
-107
-135
-162
-185
-211
-238
-262
-282
-291
-296
-300
-302
-304
-301
-291
-274
-251
-229
-204
-179
-150
-117
-82
-43
-2
38
80
118
154
189
224
259
294
329
357
379
397
411
425
438
449
454
452
444
434
424
410
392
368
342
313
282
247
210
172
133
95
52
11
-31
-70
-111
-148
-184
-216
-248
-280
-308
-330
-346
-356
-367
-377
-383
-386
-383
-379
-372
-363
-351
-337
-322
-303
-285
-264
-244
-224
-199
-176
-152
-131
-108
-85
-63
-37
-14
8
29
45
64
81
97
114
128
140
150
157
162
168
175
180
183
180
173
166
159
153
147
138
127
112
97
80
64
51
37
21
4
-12
-29
-45
-61
-79
-91
-102
-115
-126
-135
-142
-143
-144
-144
-143
-142
-139
-134
-125
-113
-100
-85
-73
-59
-44
-26
-6
15
33
51
67
82
99
114
132
145
156
165
171
178
186
193
196
195
194
192
190
188
182
176
167
157
147
135
125
110
94
79
64
49
34
17
-3
-19
-35
-46
-58
-72
-85
-98
-107
-115
-121
-127
-131
-133
-135
-135
-134
-133
-129
-124
-116
-110
-103
-94
-88
-82
-73
-64
-55
-47
-41
-34
-30
-24
-20
-16
-13
-11
-12
-13
-15
-16
-15
-17
-19
-21
-23
-25
-25
-24
-21
-19
-16
-11
-8
-7
-5
-1
6
13
18
21
23
24
28
32
35
38
40
38
37
35
32
31
28
25
18
11
6
2
-3
-10
-18
-24
-28
-34
-37
-39
-40
-41
-42
-41
-39
-37
-34
-30
-25
-19
-13
-8
-1
5
13
20
27
33
38
43
47
51
55
60
66
68
70
73
76
79
82
84
86
85
84
81
77
74
74
71
68
64
58
52
48
44
39
33
27
20
12
5
-4
-10
-16
-24
-31
-39
-45
-50
-56
-62
-67
-72
-77
-78
-79
-81
-81
-82
-83
-77
-75
-70
-65
-62
-60
-56
-52
-46
-41
-36
-32
-29
-26
-23
-20
-17
-15
-13
-12
-11
-11
-9
-8
-4
0
2
2
4
8
10
15
17
18
21
23
26
29
32
33
36
36
38
40
42
44
45
45
44
42
41
38
36
34
32
26
22
17
12
8
3
-2
-7
-12
-18
-24
-28
-31
-34
-37
-42
-45
-46
-44
-45
-43
-41
-40
-39
-37
-34
-30
-26
-20
-16
-10
-6
-2
1
7
15
19
22
26
28
31
35
38
41
42
42
42
42
41
40
40
38
37
34
33
31
31
30
26
23
20
17
16
15
15
12
8
4
0
-1
-3
-6
-8
-12
-15
-18
-21
-25
-29
-31
-33
-36
-37
-39
-39
-40
-39
-40
-38
-37
-36
-33
-31
-29
-27
-25
-21
-18
-14
-10
-8
-5
-3
0
3
5
7
9
9
11
11
11
13
14
15
15
15
15
16
15
15
16
15
13
11
9
9
8
8
10
12
12
12
13
15
16
15
16
14
12
11
8
7
6
4
0
-4
-8
-11
-13
-16
-18
-20
-24
-26
-28
-27
-28
-27
-23
-22
-19
-17
-15
-11
-8
-2
0
5
8
13
17
20
23
25
26
27
27
28
28
28
26
24
22
19
16
15
14
13
10
9
7
5
3
2
1
0
-2
-4
-6
-7
-7
-9
-11
-14
-14
-14
-15
-15
-16
-17
-17
-19
-21
-24
-26
-28
-30
-31
-35
-36
-37
-38
-38
-37
-36
-34
-31
-27
-22
-16
-11
-5
2
7
14
19
26
31
37
41
43
45
45
45
43
41
39
37
34
32
29
28
24
23
22
20
18
16
14
13
12
10
8
7
6
3
1
1
-3
-4
-6
-7
-7
-8
-9
-11
-11
-13
-13
-12
-13
-15
-16
-19
-22
-25
-28
-31
-33
-35
-37
-39
-40
-40
-39
-37
-32
-28
-22
-16
-12
-6
0
7
14
19
23
26
27
29
29
29
28
25
22
20
19
17
15
13
11
8
7
6
7
7
7
8
9
9
8
6
3
1
-2
-3
-5
-6
-8
-8
-7
-5
-6
-5
-3
-1
0
-2
-3
-6
-7
-9
-9
-10
-12
-15
-17
-19
-21
-23
-25
-25
-25
-24
-21
-17
-13
-8
-2
4
10
14
19
21
23
24
26
27
27
26
25
24
22
21
20
18
15
14
12
11
10
10
10
10
13
13
13
13
12
9
8
5
2
1
-1
-3
-5
-7
-9
-10
-9
-8
-7
-7
-7
-8
-9
-9
-9
-8
-7
-8
-8
-10
-12
-16
-19
-24
-27
-29
-32
-33
-32
-31
-28
-23
-18
-13
-9
-6
-3
0
3
6
6
6
4
3
3
3
3
2
1
-1
-3
-2
-1
1
3
4
5
8
11
13
14
15
14
14
12
12
11
9
8
7
5
3
2
1
0
-1
-1
-2
-3
-3
-1
0
2
3
7
9
11
12
12
11
10
8
6
4
2
-1
-2
-4
-5
-6
-7
-8
-8
-6
-5
-2
1
2
4
6
8
9
11
11
11
11
10
8
6
2
0
0
1
4
4
6
6
6
7
9
11
13
12
10
9
7
5
5
4
2
-2
-6
-9
-11
-12
-13
-15
-17
-18
-18
-17
-16
-15
-13
-11
-10
-11
-10
-10
-8
-7
-6
-7
-7
-7
-8
-8
-8
-8
-8
-9
-11
-14
-15
-14
-12
-11
-9
-7
-5
-2
1
5
9
11
11
10
9
8
8
7
8
6
5
4
2
1
0
1
1
2
1
1
-1
-1
-1
-1
0
-1
-2
-2
-4
-5
-7
-8
-7
-5
-2
1
3
4
7
9
10
11
12
11
11
13
15
16
15
14
12
9
6
6
7
5
3
0
-2
-3
-2
-1
2
2
2
1
1
4
6
7
9
11
13
16
18
20
20
18
17
15
14
11
7
5
2
0
-1
-3
-3
-4
-5
-6
-7
-7
-9
-12
-12
-13
-14
-15
-16
-17
-19
-21
-22
-21
-21
-21
-20
-21
-19
-16
-15
-11
-9
-7
-7
-7
-8
-7
-7
-8
-10
-12
-14
-16
-16
-16
-12
-9
-8
-7
-5
-4
-2
1
2
4
5
6
7
9
11
11
12
11
10
11
12
13
13
13
11
10
12
12
13
11
9
8
6
4
4
3
3
3
3
4
4
6
7
7
7
7
7
6
5
5
5
6
8
9
9
9
10
10
11
10
10
8
5
1
-1
-3
-4
-5
-7
-9
-12
-13
-14
-12
-10
-10
-8
-5
0
5
8
12
15
16
16
16
14
12
8
6
1
-1
-2
-3
-5
-5
-5
-7
-6
-6
-6
-6
-8
-9
-10
-10
-11
-9
-10
-12
-13
-16
-16
-16
-15
-15
-14
-14
-9
-7
-5
-3
-2
-1
1
1
1
-2
-3
-5
-6
-6
-8
-10
-10
-11
-10
-8
-8
-9
-11
-11
-9
-7
-5
-3
0
0
2
5
7
9
12
13
14
16
17
18
19
18
18
19
18
17
14
9
7
4
3
2
1
0
-1
0
2
2
3
3
4
4
4
4
3
2
1
0
-2
-1
-1
-1
0
1
0
1
3
4
5
6
6
6
7
7
7
4
2
1
0
-2
-4
-6
-8
-8
-9
-8
-7
-7
-7
-5
-4
-2
0
1
2
3
3
4
4
5
5
3
2
1
0
-1
-4
-5
-6
-7
-6
-6
-5
-6
-6
-5
-5
-2
-1
-1
0
0
1
3
3
5
3
2
1
2
2
1
-1
-4
-6
-7
-6
-6
-5
-5
-6
-6
-6
-4
-3
-3
-5
-6
-7
-7
-8
-7
-10
-11
-13
-14
-13
-13
-11
-10
-9
-7
-4
-1
3
5
8
10
12
14
16
16
14
11
11
9
8
6
6
3
3
2
1
3
4
4
4
6
7
9
11
13
15
15
13
13
11
10
7
4
2
2
0
-1
-2
-2
-2
-2
-1
-2
-2
-3
-2
-2
-3
-3
-4
-3
-1
-1
1
0
-1
-3
-5
-6
-7
-6
-5
-4
-3
-1
1
2
4
5
7
7
6
5
5
3
2
1
1
1
-1
-3
-5
-7
-10
-12
-14
-15
-16
-17
-15
-13
-10
-8
-5
-1
3
4
5
4
4
4
4
3
2
1
1
2
0
0
-1
-1
-2
-1
-1
0
0
0
1
2
2
2
3
2
0
-2
-4
-6
-8
-8
-8
-8
-8
-7
-6
-5
-5
-3
-3
-1
-1
0
1
4
6
8
9
9
10
11
12
10
8
5
4
4
2
2
1
2
2
3
4
5
6
6
6
6
7
8
10
8
8
7
6
5
3
2
0
-3
-5
-7
-7
-6
-5
-5
-4
-5
-4
-3
-2
-1
-1
0
0
0
0
1
1
0
0
-1
-1
0
0
-1
-2
-1
0
1
2
1
0
0
-1
0
-1
-2
-3
-6
-7
-8
-10
-9
-10
-10
-11
-11
-9
-9
-7
-7
-5
-5
-5
-3
-1
1
2
2
2
2
4
5
4
5
4
4
3
3
3
4
3
3
2
2
2
2
2
2
2
2
1
1
2
3
2
2
0
1
0
-1
-1
0
0
0
1
2
2
2
4
5
4
4
5
3
4
4
4
3
2
2
0
0
1
1
0
0
-1
-2
-1
0
-1
-1
-1
1
1
2
1
-1
-1
0
0
0
0
0
0
0
-1
0
1
1
-1
0
-1
-2
-2
-3
-4
-4
-4
-3
-2
-2
-2
-2
-2
-2
-2
-2
-3
-3
-3
-2
-3
-2
-2
0
0
1
1
2
2
3
4
3
3
3
3
3
4
3
3
1
-2
-3
-4
-4
-4
-5
-5
-5
-5
-4
-3
-2
-1
0
0
-1
1
0
0
0
0
-2
-2
-2
-1
-1
0
-1
-1
-1
-1
0
1
2
2
3
3
2
3
3
2
3
1
0
1
0
-1
-1
-1
-1
2
2
3
2
2
3
3
2
1
2
2
3
3
3
3
4
3
2
2
2
0
-2
-1
-1
-3
-3
-4
-1
1
1
2
1
1
0
1
2
1
0
0
-1
-1
-1
-1
-1
-1
-2
-3
-2
-2
-1
0
1
1
1
1
3
3
1
1
-1
-1
-3
-3
-4
-4
-6
-7
-7
-6
-4
-4
-4
-3
-3
-3
-2
0
-1
-1
-1
-1
-1
0
-1
-1
-1
0
1
0
2
2
2
1
2
2
3
3
3
1
0
0
0
3
2
2
2
0
0
-1
-1
-1
-2
-1
-2
-1
-1
1
1
2
2
0
-1
0
0
-2
-5
-7
-5
-1
2
3
3
3
5
6
6
3
3
3
2
1
0
0
-1
-2
1
1
0
0
1
1
2
3
3
3
3
5
4
4
4
4
3
1
-1
-3
-5
-5
-5
-6
-7
-6
-6
-4
-2
1
1
0
1
1
1
0
1
0
1
1
1
0
0
-1
-1
-1
-2
-2
-2
-3
-2
-2
-1
-1
0
1
2
3
2
0
1
-1
-1
-3
-4
-3
-3
-4
-4
-4
-5
-3
-3
-1
0
1
3
4
5
6
7
9
9
8
6
5
3
2
0
0
-2
-3
-4
-3
-3
-1
-1
-2
-3
-3
-2
-2
0
1
1
2
2
1
1
2
3
3
2
0
0
-1
-1
0
0
0
-1
-1
0
0
1
0
0
-1
0
-1
-2
-3
-3
-4
-3
-5
-6
-6
-5
-4
-2
-2
-2
0
1
3
3
5
5
5
7
6
4
3
4
2
2
0
-1
-2
-4
-3
-4
-5
-5
-5
-6
-6
-5
-5
-2
-1
2
2
2
3
5
7
7
7
5
5
6
6
6
5
3
2
1
-1
-2
-2
-3
-2
-3
-2
-2
-3
-2
-2
-3
-2
-2
-1
-1
-2
-2
-2
-1
-1
-1
-2
-2
-1
0
0
1
1
3
3
4
5
5
5
4
2
2
0
0
-2
-4
-4
-6
-5
-8
-7
-7
-7
-6
-4
-3
0
2
4
5
6
6
6
6
6
4
5
3
1
-1
-3
-4
-4
-4
-4
-3
-3
-3
-3
-2
-1
-1
1
2
2
1
2
2
1
1
0
0
0
0
0
0
0
0
0
0
2
2
4
4
4
4
3
2
2
2
1
0
-2
-3
-3
-6
-6
-7
-6
-6
-5
-3
-3
-2
-2
0
2
2
3
3
3
3
3
2
2
2
2
2
3
2
1
0
0
0
-1
-1
0
0
1
0
0
-2
0
-1
0
1
1
0
1
0
0
0
0
1
3
3
2
1
0
0
-1
0
-1
-2
-1
-2
-2
-2
-2
-2
-2
0
-1
1
0
0
0
-1
0
0
0
1
0
-2
-2
-1
-2
-1
-1
-2
-1
0
0
1
1
1
2
2
1
2
1
0
0
-1
-1
0
0
1
-1
-1
-1
-1
-1
-2
-1
0
0
1
1
0
1
2
2
3
1
2
2
1
0
-1
-1
0
-1
0
0
-1
-2
-1
-1
0
0
-1
1
1
0
0
-2
-1
-2
-2
-2
-1
-2
-3
-3
-3
-3
-3
-1
0
1
1
1
1
0
0
2
2
3
4
4
4
2
2
2
4
3
3
3
1
1
0
0
-1
-1
-1
-1
-1
-2
-1
-2
-2
-2
-1
-1
0
0
0
1
1
1
1
2
2
3
1
2
2
1
1
2
0
0
0
-1
-2
-2
-2
-2
-1
-1
-1
0
-1
-1
-1
-1
0
1
0
0
-2
-1
-2
-2
-1
-1
0
0
1
0
-1
-1
0
-1
-1
0
0
0
0
-1
-1
-2
-2
-3
-2
-2
-1
0
-1
-1
0
0
1
2
2
3
3
3
3
3
3
4
3
3
4
2
2
1
0
-1
-2
-2
-2
-1
-1
-1
-1
-3
-3
-3
-3
-2
-2
-2
-2
-2
-3
-1
-1
1
1
2
2
2
2
3
3
3
3
3
2
1
1
1
1
1
2
2
1
1
2
1
0
-1
-1
-1
-1
-1
-2
-2
-1
-1
-2
-1
0
0
0
1
0
0
0
0
1
2
1
1
1
1
1
-1
-2
-2
-3
-3
-3
-2
-3
-2
-2
-1
-1
-1
-1
-1
0
-1
0
-1
1
2
3
3
3
3
2
0
1
0
0
-1
0
-1
-2
-2
-2
-1
0
0
0
-1
-2
-2
-2
-1
-2
-1
-1
1
0
1
1
1
2
2
2
3
3
4
4
4
3
3
3
1
0
0
0
-1
-1
-2
-1
-2
-2
-1
-1
-1
-3
-2
-3
-3
-3
-3
-2
-3
-2
-3
-2
-1
0
1
1
2
2
2
2
1
2
2
3
3
2
2
2
1
1
0
0
0
-1
0
-1
-1
-2
-3
-2
0
0
1
2
1
1
1
1
2
1
1
1
1
-1
0
0
0
-1
0
0
0
-1
-1
-2
-3
-3
-4
-4
-4
-3
-3
-3
-2
-2
0
1
1
1
1
1
1
0
1
1
2
3
4
4
3
4
4
5
4
4
2
2
1
0
0
-1
-1
-2
-1
-2
-1
-1
-1
-2
-2
-2
-1
-1
-1
-1
-1
-1
-2
0
1
1
2
2
2
2
3
3
3
1
1
1
0
-1
-2
-2
-3
-4
-4
-4
-3
-3
-3
-3
-3
-2
-2
-2
-2
-2
-1
-1
-1
1
1
1
3
3
5
4
4
5
3
3
3
3
3
1
1
0
1
1
2
1
0
1
0
1
0
0
0
0
0
0
0
-1
-2
-2
-2
-2
-1
