0
0
0
0
0
-1
0
0
-1
1
0
0
0
1
1
1
0
1
0
1
0
1
0
0
0
0
0
-1
0
-1
0
-1
-1
-1
0
0
-1
0
-1
0
1
0
0
0
0
0
0
0
0
0
-1
0
0
0
-1
0
0
0
0
0
0
1
1
1
0
1
1
0
1
1
1
1
1
0
0
1
0
1
0
0
-1
-1
-1
0
0
0
0
0
0
0
0
1
0
1
1
1
0
1
0
-1
0
0
0
0
0
0
0
0
0
0
0
0
0
0
1
0
0
1
0
0
0
0
0
0
0
0
-1
0
0
0
-1
0
0
-1
-1
0
-1
1
0
0
-1
0
0
0
-1
0
0
-1
-1
-1
-1
-2
-1
-1
-1
-1
0
0
-1
0
0
0
-1
1
0
0
-1
0
0
0
0
0
0
0
0
1
0
1
0
1
0
2
1
1
1
1
1
1
0
0
1
0
0
1
0
1
0
1
0
1
0
1
1
1
1
0
1
0
0
0
0
0
0
0
0
0
0
0
0
0
0
0
-1
-1
-1
0
-1
0
-1
0
0
0
0
0
0
0
-1
-1
0
-1
-1
-1
-1
0
-1
-1
0
0
0
0
0
1
1
0
1
0
1
1
0
1
1
1
1
0
1
1
1
0
0
0
0
-1
-1
0
0
0
0
0
-1
-1
-1
-1
0
0
-1
0
-2
0
-1
0
0
0
0
-1
0
0
0
0
0
0
0
0
1
1
1
1
1
1
0
0
0
1
0
0
0
0
0
0
-1
0
0
0
0
0
0
0
0
-1
1
-1
0
1
0
0
1
0
0
0
1
0
0
0
0
0
0
1
-1
1
-1
0
0
0
1
1
1
1
-1
0
0
0
0
0
0
0
-1
-1
-1
-1
-1
-1
-1
0
1
1
0
1
0
0
1
1
1
0
0
1
-1
0
-1
0
-1
0
0
1
0
-1
0
-1
-1
-1
-1
0
0
-1
-1
0
0
-1
0
0
0
1
1
0
1
1
1
1
0
0
0
0
0
-1
-1
0
0
0
1
0
-1
0
0
-1
0
-1
-1
-1
-1
0
0
-1
0
0
0
-1
0
1
-1
0
0
0
0
0
0
0
1
2
1
1
1
1
1
1
2
1
2
1
1
1
2
1
1
1
-1
1
1
0
0
0
0
0
0
0
-1
0
-1
-1
-1
0
0
0
0
0
0
0
0
0
0
1
1
0
0
-1
-1
-1
-1
-1
-2
-1
-1
-1
-1
-1
-1
-1
-1
-1
-1
-1
-1
0
-1
0
-1
0
0
-1
0
-1
0
0
0
1
0
0
1
1
1
1
1
1
0
1
0
1
1
0
0
0
-1
0
1
1
0
0
1
0
0
-1
0
-1
-1
0
-1
0
0
0
0
1
0
0
0
1
-1
0
0
0
0
1
1
0
3
1
2
1
1
1
-1
0
0
-1
-1
0
0
0
0
0
-1
-2
-1
-1
-1
-1
-1
0
0
0
-1
0
0
-1
0
1
0
0
1
1
0
0
1
1
1
1
1
0
1
0
0
-1
0
-1
-1
-1
0
-1
-1
0
0
-1
0
0
0
0
0
0
0
0
0
0
1
0
1
0
1
0
1
1
0
0
0
0
0
-1
0
0
-1
0
-1
0
0
0
0
0
-1
0
0
1
0
0
0
0
0
0
-1
-1
-1
-1
0
0
-1
0
1
1
1
1
1
1
0
1
1
1
1
1
1
2
2
1
1
1
1
0
0
1
0
0
0
0
0
0
0
-1
-1
0
0
0
0
0
0
0
1
0
1
1
1
1
0
0
1
1
0
0
0
0
0
0
0
0
-1
-1
0
-1
-1
-1
-2
-1
-2
-1
-2
-1
1
0
0
1
0
0
1
0
0
1
0
0
0
0
0
-1
0
0
0
0
0
0
0
0
-1
0
-1
-1
-1
0
0
0
1
0
0
0
0
0
0
0
0
0
0
0
0
0
0
0
0
0
0
0
0
0
0
-1
1
1
1
1
1
2
2
2
2
1
1
2
0
1
0
0
0
0
1
0
0
-1
-1
-1
-1
-1
0
-1
0
0
-1
-1
0
0
0
1
1
1
1
1
0
1
0
-1
0
-1
0
1
0
0
0
0
1
-1
-1
-1
0
-1
-1
-1
-1
-1
0
0
1
0
1
1
1
1
0
1
0
1
0
0
0
0
0
0
0
0
0
0
0
-1
0
0
0
0
0
-1
0
0
0
0
0
-1
-1
0
0
-1
0
0
0
0
0
0
0
-1
0
0
0
-1
0
-1
-1
-1
0
0
-1
0
0
0
0
0
0
0
0
1
1
1
0
0
1
1
1
1
0
1
0
0
0
1
0
0
-1
0
-1
1
1
0
0
0
1
1
0
1
1
0
1
1
1
0
0
0
0
0
-1
0
-1
0
-1
0
0
0
0
0
0
-1
-1
-1
-1
0
0
0
0
0
0
1
0
0
0
0
0
0
1
0
1
-1
-1
0
-1
-1
-1
0
-2
-1
0
-1
0
0
0
-1
-1
0
0
-1
0
0
0
-1
0
-1
0
0
0
0
0
-1
0
0
0
0
0
0
-1
0
0
0
0
1
0
1
1
0
0
2
1
1
1
1
1
1
0
1
1
0
0
0
0
0
1
0
0
0
0
-1
0
0
0
0
-1
1
0
1
0
0
1
0
0
1
1
1
-1
0
-1
0
0
0
-1
0
0
0
0
0
0
-1
-1
-1
-1
0
1
0
1
0
0
0
0
0
0
1
0
0
0
0
0
0
0
0
-1
0
-1
-1
0
-1
0
0
-1
0
-1
0
0
0
0
-1
0
-1
0
0
0
-1
0
0
0
1
0
0
0
0
0
0
0
0
-1
-1
0
-1
-1
0
0
0
0
0
0
0
0
1
1
0
0
0
-1
0
0
-1
0
0
1
-1
0
0
1
1
1
0
0
1
0
1
0
0
0
0
0
0
0
1
1
0
1
1
0
0
0
0
0
1
0
0
0
1
0
0
-1
1
0
0
0
0
0
0
1
1
-1
0
0
0
-1
1
0
0
1
1
-1
0
0
-1
0
0
0
0
0
-1
0
0
-1
-1
-1
0
-1
-1
-1
0
0
-1
-1
0
-1
0
-1
-2
1
-1
-1
-1
0
0
0
0
0
0
0
0
0
0
0
-1
0
0
0
0
0
0
0
-1
0
0
0
-1
0
1
-1
0
0
0
1
0
0
1
1
-1
0
-1
0
0
0
0
0
0
0
1
1
0
1
1
1
0
1
1
0
1
1
1
0
1
0
1
1
0
0
0
0
0
-1
0
-1
1
1
1
0
0
1
0
0
0
-1
0
0
0
-1
-1
1
0
0
0
-1
-1
-1
0
0
0
0
0
0
0
-1
0
0
0
-1
0
0
0
0
-1
0
0
0
0
0
1
0
0
1
0
1
1
0
1
0
0
0
1
1
0
1
0
0
0
0
1
0
0
-1
-1
0
0
0
-1
-1
0
-1
1
0
0
0
-1
0
-1
0
0
-1
0
0
-1
0
0
0
1
0
1
0
0
0
0
0
0
1
1
1
0
0
0
-1
-1
0
0
0
-1
0
1
1
0
1
0
0
1
0
0
1
0
-1
-1
-1
0
0
0
0
0
0
0
0
1
0
0
1
0
0
0
0
0
0
1
-1
0
-1
0
0
0
0
0
-1
0
-1
-1
0
0
0
0
0
0
0
0
0
1
0
1
1
-1
0
0
0
0
0
1
0
0
0
0
0
0
0
-1
-1
0
0
-1
0
0
-1
-1
-1
-1
0
0
0
-1
0
-1
-1
0
0
0
0
0
0
0
0
0
1
0
1
0
1
0
0
1
0
1
0
0
0
0
0
1
0
1
0
1
1
1
0
0
0
0
0
1
1
1
1
1
0
0
-1
0
-1
0
-1
-1
-1
0
0
0
0
-1
0
0
0
-1
0
0
-1
0
0
-1
0
0
0
0
0
0
0
0
0
-1
0
0
0
0
0
0
1
0
0
0
0
0
0
0
1
0
-1
0
0
0
0
0
0
0
-1
-1
0
0
0
0
0
0
0
0
0
0
-1
1
1
1
0
1
1
1
0
0
0
1
1
0
0
0
1
0
1
1
1
0
0
1
1
1
0
1
1
0
1
1
1
0
0
1
1
0
1
0
-1
0
0
0
0
-1
0
0
0
0
-1
-1
-1
0
-1
-1
-1
0
0
-1
1
0
0
0
0
-1
0
0
-1
0
0
-1
0
-1
-1
-1
-1
0
0
0
0
0
0
0
0
0
0
0
0
0
0
0
0
0
0
1
0
0
1
0
0
0
0
0
0
0
-1
0
-1
-1
-1
0
-1
0
0
0
0
0
0
1
0
1
0
0
1
0
0
0
1
1
1
1
0
1
0
0
1
-1
0
0
0
0
1
1
1
0
1
1
0
1
1
1
0
0
1
0
1
0
0
0
0
0
0
0
0
-1
0
0
0
0
-1
-1
-1
0
0
0
0
0
1
0
0
0
1
0
0
0
-1
0
0
0
-1
0
-1
0
-1
0
-1
0
0
-1
-1
0
0
-1
0
-1
-1
0
0
0
0
0
0
0
0
0
0
-1
0
-1
0
0
0
0
-1
-1
-2
-1
-1
-1
0
0
0
0
0
0
0
0
1
0
1
1
0
1
1
1
1
0
1
0
0
0
0
0
0
0
0
-1
0
0
-1
0
0
0
1
0
1
1
1
1
1
1
0
0
1
0
0
0
-1
0
1
0
0
0
0
-1
-1
0
0
0
-1
0
0
-1
-1
0
0
0
0
1
0
0
0
0
0
0
0
0
0
0
0
0
-1
-1
-2
-1
-1
-1
-1
-1
0
0
0
0
-1
-1
0
0
1
0
-1
0
0
1
0
0
1
0
1
1
1
1
0
0
-1
-1
-1
-1
-2
0
-1
0
0
0
0
1
-1
0
0
0
-1
0
-1
0
1
0
1
1
1
1
1
1
1
1
1
0
0
0
-1
0
-1
0
0
-1
0
0
-1
0
0
0
1
0
1
1
1
1
0
1
0
-1
0
0
0
0
0
0
-1
0
-1
0
-1
-1
-1
0
-1
-1
0
1
0
1
1
1
2
1
1
1
1
1
1
0
0
0
-1
0
-1
-1
-1
-1
-1
-1
-1
0
-1
-1
-1
-1
-1
-1
0
0
1
0
0
-1
0
1
0
0
0
-1
0
-1
-1
0
-1
-1
-1
-1
-2
-2
0
-1
0
1
1
0
1
2
0
1
1
1
1
0
1
2
1
0
2
2
1
2
0
0
-1
0
-1
-1
-2
-1
-1
-1
1
0
1
1
1
2
1
1
1
1
2
1
0
1
0
0
1
0
0
-1
-1
0
0
0
-1
0
-1
-1
0
-1
-1
-1
0
0
0
0
0
0
-1
0
1
0
1
1
0
1
1
1
0
0
0
-1
-1
-1
-2
-1
-2
-1
-1
-1
-1
-1
0
1
1
0
2
0
0
0
1
0
-1
0
0
0
-1
-1
-1
-1
0
0
-1
-1
-1
0
-1
-1
0
0
1
0
1
1
2
1
1
1
0
0
-1
0
0
0
0
0
1
1
1
1
1
0
0
-1
-1
-1
-1
-1
-1
0
0
0
1
0
2
1
1
2
1
1
1
0
1
0
1
0
1
-1
-4
-4
-4
-5
-4
-3
-3
-2
-2
-1
-1
-1
0
-1
-1
-2
0
2
5
8
12
13
14
13
10
6
0
-4
-6
-8
-7
-6
-3
2
5
8
10
9
7
4
-3
-10
-15
-17
-17
-15
-10
-5
1
7
10
12
12
10
6
1
-3
-9
-13
-15
-17
-17
-16
-16
-14
-11
-4
1
7
13
19
22
23
22
19
14
8
3
-3
-7
-9
-7
-3
4
14
21
27
28
24
17
7
-3
-12
-19
-22
-22
-20
-14
-5
5
14
22
24
25
20
16
10
6
5
6
9
12
12
10
2
-8
-19
-31
-41
-50
-54
-54
-48
-38
-24
-8
4
7
5
-5
-20
-36
-53
-64
-72
-71
-63
-50
-33
-14
3
15
23
20
13
-2
-19
-36
-51
-58
-57
-50
-38
-23
-5
11
26
36
44
45
45
46
49
55
67
80
92
101
106
107
104
98
94
89
86
82
82
83
90
96
107
117
122
123
114
99
77
53
32
17
7
5
9
18
30
41
49
51
44
28
2
-31
-69
-103
-128
-145
-154
-153
-147
-134
-120
-107
-100
-100
-110
-123
-141
-159
-177
-188
-193
-190
-182
-167
-151
-131
-110
-90
-73
-65
-65
-74
-91
-115
-139
-164
-185
-201
-211
-214
-212
-200
-183
-155
-126
-90
-56
-26
-3
9
13
6
-3
-17
-27
-30
-26
-12
17
53
95
140
185
227
258
282
298
313
328
346
372
401
433
462
484
500
505
506
505
502
500
494
490
489
493
500
507
509
503
482
448
398
338
268
193
117
40
-32
-97
-151
-196
-236
-267
-295
-316
-337
-356
-376
-398
-421
-443
-468
-495
-526
-565
-608
-656
-701
-736
-758
-766
-753
-721
-671
-607
-533
-456
-389
-334
-297
-274
-266
-261
-256
-247
-226
-195
-155
-113
-67
-21
27
72
109
133
143
143
130
114
94
73
49
18
-20
-64
-116
-174
-234
-289
-336
-373
-396
-405
-393
-358
-303
-229
-152
-77
-12
40
82
115
144
175
215
274
352
452
567
694
823
951
1072
1179
1273
1354
1421
1476
1516
1542
1552
1551
1539
1522
1495
1456
1403
1328
1230
1112
975
823
662
499
340
184
30
-119
-262
-402
-537
-669
-801
-933
-1062
-1190
-1310
-1419
-1516
-1591
-1639
-1661
-1658
-1634
-1597
-1551
-1496
-1433
-1358
-1278
-1189
-1102
-1010
-916
-824
-733
-644
-556
-469
-379
-291
-202
-121
-49
12
69
127
186
247
306
370
432
491
539
572
589
594
592
582
568
543
511
475
440
406
374
345
314
277
233
183
126
62
-5
-72
-137
-203
-269
-335
-398
-456
-504
-543
-572
-591
-600
-598
-590
-581
-569
-554
-530
-488
-434
-364
-281
-190
-90
16
129
246
372
502
641
782
916
1045
1159
1267
1365
1453
1531
1599
1653
1699
1729
1747
1748
1731
1699
1645
1576
1484
1374
1243
1091
930
756
574
385
197
8
-180
-363
-539
-701
-851
-983
-1102
-1204
-1292
-1367
-1431
-1484
-1522
-1549
-1559
-1555
-1537
-1509
-1469
-1419
-1362
-1295
-1223
-1143
-1053
-956
-849
-739
-627
-515
-410
-312
-217
-131
-49
23
82
132
174
209
234
257
281
303
326
342
354
363
368
370
363
351
330
304
270
227
185
140
100
61
24
-5
-38
-66
-96
-125
-154
-183
-207
-228
-239
-248
-256
-261
-263
-258
-252
-246
-239
-234
-227
-219
-212
-204
-196
-184
-160
-128
-85
-41
11
66
127
195
262
330
395
462
529
602
676
749
818
885
947
1004
1052
1088
1114
1129
1136
1135
1126
1111
1088
1059
1020
974
916
844
763
675
578
474
363
254
147
49
-41
-124
-199
-273
-340
-405
-465
-526
-586
-644
-701
-749
-791
-822
-844
-863
-875
-880
-881
-881
-883
-883
-880
-875
-862
-841
-807
-766
-714
-652
-584
-520
-466
-417
-374
-337
-311
-296
-285
-275
-265
-244
-213
-173
-125
-75
-21
33
81
118
145
166
178
184
185
182
179
176
176
181
185
193
194
198
198
193
184
171
157
145
131
116
100
81
59
36
9
-26
-64
-105
-143
-176
-208
-231
-242
-241
-231
-214
-192
-168
-144
-118
-87
-54
-25
3
34
72
117
167
226
289
352
416
473
531
582
628
672
712
751
782
810
829
838
841
835
824
805
776
740
700
659
614
569
526
481
437
392
344
293
238
176
107
37
-33
-104
-176
-249
-323
-396
-466
-528
-588
-644
-699
-749
-791
-831
-861
-882
-887
-880
-862
-832
-797
-758
-716
-674
-629
-588
-554
-520
-491
-461
-432
-399
-364
-322
-277
-229
-180
-129
-77
-23
27
75
117
154
186
220
249
272
290
305
317
328
335
335
332
325
312
296
281
262
240
221
203
191
176
158
138
114
84
53
17
-20
-55
-95
-135
-181
-221
-259
-293
-319
-345
-365
-384
-397
-409
-413
-418
-419
-413
-409
-397
-376
-349
-316
-268
-203
-130
-52
31
116
206
299
380
456
524
588
643
697
746
783
819
851
878
904
923
934
942
944
942
932
915
891
853
816
768
708
636
557
472
377
275
164
55
-55
-159
-252
-346
-428
-501
-574
-640
-702
-755
-792
-827
-856
-885
-905
-922
-928
-923
-908
-884
-863
-833
-804
-772
-735
-700
-665
-619
-562
-502
-433
-370
-311
-235
-161
-95
-31
18
65
117
164
205
239
265
299
334
358
390
415
428
437
439
438
427
410
397
391
389
383
377
355
328
306
281
253
221
184
144
110
76
39
-4
-43
-77
-107
-139
-181
-215
-248
-281
-295
-315
-336
-352
-370
-368
-366
-359
-348
-340
-329
-309
-305
-287
-269
-249
-206
-150
-94
-51
2
39
100
163
199
247
307
354
404
438
466
501
511
545
566
581
594
599
594
587
578
563
545
527
491
474
449
382
339
268
226
195
112
58
28
-18
-50
-82
-120
-166
-220
-268
-305
-313
-367
-404
-421
-470
-459
-477
-545
-591
-651
-462
-331
-532
-491
-453
-514
-349
-479
-492
-313
-348
-161
-140
-270
-190
-190
-168
-39
-157
-40
103
-38
71
71
62
122
115
141
212
204
225
206
158
230
190
195
210
179
196
236
199
188
162
180
166
104
114
45
39
32
6
7
-19
-48
-46
-72
-72
-92
-132
-111
-118
-137
-133
-164
-203
-183
-164
-138
-124
-146
-147
-111
-142
-131
-117
-113
-49
-10
20
57
56
71
116
126
162
179
206
229
247
252
244
251
279
281
309
326
343
352
316
319
269
280
278
246
231
243
207
222
162
94
140
58
83
60
-1
-4
-19
-61
-97
-102
-161
-126
-196
-223
-164
-243
-241
-290
-257
-287
-297
-260
-317
-294
-293
-220
-284
-226
-269
-234
-166
-251
-174
-202
-162
-151
-123
-145
-97
-88
-133
-52
-10
-71
-14
52
-5
56
23
43
66
95
24
103
155
25
138
157
110
129
155
86
172
137
72
202
54
97
164
16
117
88
-6
81
50
25
23
9
14
14
12
10
-50
-61
26
-81
-72
-44
-90
-51
-63
-69
-128
-85
-85
-92
-5
-96
-92
-59
-54
-26
-64
-8
-32
12
14
48
9
8
71
-44
148
102
36
99
63
117
120
-13
183
174
-11
229
40
75
194
36
76
206
5
136
157
-24
188
-2
44
27
129
98
-20
-69
16
96
-91
83
-136
-14
76
-44
-211
-24
124
-356
33
-19
-151
19
-183
-189
1
14
-251
-34
-32
-51
-133
-179
14
-154
-73
-107
27
-111
-146
85
-179
66
-67
-232
127
159
-122
-47
85
-39
37
-14
116
-96
96
94
-69
99
-64
172
-47
192
24
-42
221
61
25
32
116
-66
281
-130
56
177
-265
237
-22
-79
172
-188
-35
149
-146
-53
48
-148
-120
20
-141
18
-178
-60
10
-213
-17
-122
-50
-125
-50
-100
-87
-10
-78
-184
36
-44
-175
132
-144
-31
31
-33
-28
21
106
62
-49
51
215
-57
143
82
-4
332
-15
118
229
92
85
42
214
206
253
-124
161
256
58
135
19
159
114
208
-33
77
172
-242
113
216
-110
147
-253
-20
248
-233
-75
-102
18
-4
-18
-114
-206
-15
15
-280
-10
44
-202
19
-186
-205
-30
-49
-102
23
-142
122
-238
-218
212
-111
-51
-153
253
-36
15
-77
-167
182
-41
121
-26
201
-105
-206
168
152
44
-6
114
67
94
-2
4
-70
129
71
-54
171
20
-239
22
98
-150
110
6
-139
-38
-47
-212
-68
-31
-129
-117
-122
-42
-123
-140
-244
-58
-112
-120
-84
-104
-66
-266
-147
-56
-38
-56
-144
-11
118
-186
-110
66
-5
129
58
21
148
60
-84
185
118
166
290
46
166
133
352
58
50
401
129
284
163
225
187
124
121
186
247
333
201
-233
202
255
51
89
129
-124
105
84
-235
75
110
-76
-225
206
-7
-401
12
136
-598
-102
512
-501
-219
-77
-550
107
320
-429
-357
124
-147
-267
-2
-62
-180
10
-414
173
245
-242
-70
-285
414
-250
-80
330
85
-194
-429
349
215
212
-634
289
386
-176
481
-505
-10
600
-252
-307
748
-181
-374
372
-264
153
244
-285
25
92
-340
-136
137
222
-541
-414
314
-64
-163
-382
-6
-59
-36
-245
-131
295
-498
-158
-211
204
48
-185
-195
-208
261
-218
120
-3
59
-6
155
-75
138
440
-299
79
392
161
130
387
-175
194
443
124
92
214
307
79
360
209
-181
375
304
-229
582
297
-367
312
223
-245
441
-23
-229
255
116
-189
-92
226
-470
134
177
-556
36
287
-561
-335
331
-413
-209
120
-598
-230
274
-422
-373
472
-445
-319
221
-585
229
170
-233
-384
14
144
-153
-173
96
136
-251
298
-212
279
306
-395
104
308
1
377
-239
138
513
-589
624
355
-363
347
228
-453
625
-57
-344
548
-288
-191
163
201
-249
39
-149
-140
-23
197
-336
-342
99
-312
-153
-134
-85
-412
227
-512
-302
216
-432
-227
-181
83
-132
-22
-386
-187
173
-54
-168
109
155
-235
221
-165
66
542
-12
-125
308
345
138
283
79
172
250
259
173
417
252
-60
199
386
453
13
372
6
92
596
59
181
254
-160
168
294
-288
528
205
-300
61
-376
227
324
-565
-214
323
-90
-215
-276
-275
217
-324
-421
455
-407
-809
-16
-118
-337
-174
-532
-533
269
-365
-700
43
191
-557
-826
411
18
-413
48
-222
-213
109
73
-437
37
341
-70
-270
281
445
-277
93
501
-152
408
547
-541
409
717
-273
52
901
-131
-495
467
350
88
214
258
-302
214
240
-302
174
284
-565
-129
425
-94
-59
-244
-260
-76
124
-195
163
-137
-422
18
-85
146
-188
-166
-9
362
98
-121
253
50
-55
15
325
253
123
14
1
278
365
177
28
138
133
56
359
220
-175
47
139
-112
-121
130
-313
-294
197
-91
43
130
-255
-579
-363
276
98
-39
165
-297
-414
-25
-338
-20
451
-340
-302
210
124
-318
-83
168
45
167
-119
116
205
-100
-288
177
45
-115
-191
-285
163
-48
140
-358
-273
245
125
-643
-117
44
-462
321
-280
-115
-55
-349
-417
312
-150
-73
110
-260
707
-445
-256
81
255
-195
150
389
132
580
-560
-52
443
619
-176
-133
408
293
-206
-539
198
125
173
-163
-316
-34
324
-470
-368
121
7
-137
-323
43
-131
-74
-425
74
290
388
174
-89
348
163
310
376
820
494
296
320
523
828
453
454
488
750
635
474
369
454
311
23
176
130
129
-180
-231
-292
-356
-317
-561
-581
-587
-565
-702
-602
-530
-595
-791
-862
-481
-561
-567
-372
-421
-655
-528
-417
-290
304
-99
-312
247
118
159
444
334
379
406
266
235
222
620
380
-6
305
104
107
184
95
40
145
132
-259
-116
-325
-434
163
126
-396
-488
-125
-165
-200
-437
-241
281
-204
-278
-243
105
117
-279
-83
768
488
-465
74
159
442
155
-253
-224
-49
-298
-439
117
72
-259
-922
-281
33
-43
-315
-314
-192
-372
-305
-391
-5
-110
-250
-291
369
417
139
226
462
764
773
996
1037
1135
995
1095
1263
1596
1454
977
1155
1425
1188
871
931
914
625
287
352
516
350
-236
-435
-275
-394
-603
-746
-970
-957
-1143
-1352
-1257
-1207
-1249
-1531
-1449
-1158
-1178
-1575
-1490
-937
-778
-913
-911
-762
-466
-265
-182
38
90
185
195
223
731
870
368
329
659
812
848
692
480
774
861
556
591
559
441
379
35
171
567
144
-154
-167
-156
-26
44
-282
-281
-166
-507
-539
-395
-200
-163
-757
-671
156
-201
-401
-353
-514
-367
-261
-586
-377
-467
-1126
-1007
-1071
-471
-312
-585
-1026
-1032
-784
-547
-289
-611
-131
-358
-576
-598
-277
-6
-60
150
257
628
618
608
523
1129
1639
1594
1643
1875
2086
1731
2062
2408
2531
2662
2272
2049
2046
2047
1843
1789
1779
1502
1134
846
764
559
227
-46
5
-209
-489
-909
-1322
-1352
-1405
-1422
-1599
-1639
-1944
-2170
-2229
-2113
-1956
-2001
-2042
-2153
-1981
-1861
-1744
-1536
-1305
-1136
-1017
-909
-699
-479
-216
-8
30
188
308
385
491
620
876
1050
883
871
1032
981
831
1034
1045
1036
855
456
572
566
477
473
448
196
176
-67
-45
14
-341
-295
-420
-476
-487
-196
-577
-843
-670
-634
-322
-518
-707
-1138
-843
-509
-564
-716
-1229
-1470
-1645
-942
-550
-423
-663
-1355
-1476
-1025
-421
-536
-391
-289
-288
-513
-683
-442
-103
144
138
672
947
797
468
705
1548
2041
2147
2165
2358
2359
2394
2596
2973
3274
3071
2811
2789
2851
2602
2377
2446
2389
2171
1666
1364
1120
876
698
473
437
208
-317
-922
-1136
-1261
-1343
-1356
-1630
-1999
-2320
-2629
-2723
-2489
-2412
-2507
-2616
-2682
-2578
-2546
-2436
-2235
-2054
-1821
-1658
-1553
-1585
-1288
-957
-636
-450
-309
-175
-129
297
545
661
719
838
965
1160
1042
958
1165
1298
1172
865
767
752
928
777
551
462
619
515
288
36
-119
104
162
1
-186
-294
-900
-960
-413
-160
-337
-678
-1198
-1171
-800
-783
-734
-628
-818
-1407
-1401
-1487
-1455
-1194
-597
-449
-987
-1424
-1553
-955
-679
-306
-185
-115
-338
-767
-587
-117
390
553
748
893
1010
802
965
1560
2058
2508
2557
2471
2523
2608
2727
3325
3667
3535
3282
3010
2976
2941
2933
2885
2826
2477
2044
1634
1304
1239
1093
1015
694
199
-315
-728
-943
-911
-1083
-1516
-1833
-2249
-2406
-2536
-2604
-2810
-2843
-2840
-3038
-3027
-3078
-3005
-2919
-2681
-2593
-2513
-2441
-2320
-2085
-1815
-1415
-1226
-1052
-926
-553
-259
-50
172
426
776
915
996
1015
1087
1139
1331
1522
1458
1194
872
902
1052
1136
1058
747
571
500
541
667
695
448
48
-2
119
203
-69
-644
-664
-373
-261
-609
-897
-1076
-1292
-919
-813
-722
-945
-1279
-1815
-2126
-1670
-1268
-634
-879
-1314
-1943
-1785
-1273
-987
-627
-546
-264
-753
-981
-1091
-401
217
332
399
723
1092
693
719
1278
2342
2581
2570
2581
2758
2850
2914
3397
4016
4452
3785
3394
3374
3552
3602
3599
3577
3263
2683
2036
1931
1935
1922
1526
1107
808
295
-290
-774
-938
-887
-892
-1300
-1881
-2491
-2924
-2914
-2726
-2631
-2880
-3286
-3695
-3935
-3869
-3477
-3294
-3370
-3358
-3314
-3196
-3127
-2812
-2349
-1832
-1624
-1499
-1356
-1089
-663
-268
279
516
639
711
886
1029
1358
1642
1724
1873
1832
1695
1479
1521
1679
1809
1809
1635
1233
884
920
1038
1140
1010
614
186
-104
-16
212
273
-52
-658
-990
-952
-692
-642
-804
-1237
-1448
-1255
-1121
-1055
-1549
-2212
-2717
-2179
-1002
-419
-937
-2235
-2624
-2059
-896
-568
-680
-699
-918
-1113
-1347
-833
-397
-81
-148
223
771
788
481
371
1413
2340
2866
2661
2550
2615
2892
3435
3913
4447
4322
3897
3487
3599
3868
3961
3924
3694
3201
2496
2081
2062
2274
2280
1792
1109
448
-43
-305
-377
-421
-701
-1241
-1886
-2219
-2324
-2420
-2685
-2928
-2986
-3099
-3495
-3865
-3993
-3801
-3584
-3587
-3709
-3761
-3602
-3455
-3102
-2715
-2239
-2136
-2020
-1712
-1269
-872
-561
-93
220
508
499
725
991
1391
1671
1897
1931
1848
1838
1872
2173
2281
2316
1929
1762
1803
1880
1738
1527
1386
1159
946
643
429
203
104
34
-92
-392
-805
-1066
-1103
-1102
-1063
-1107
-1253
-1580
-1706
-1622
-1480
-1781
-2512
-2937
-2315
-1103
-839
-1700
-2729
-2469
-1760
-1143
-1164
-864
-556
-915
-1545
-1637
-607
-107
-38
-221
576
951
593
228
980
2478
2956
2782
2520
3025
3175
3309
3764
4604
4852
4284
3734
3779
4059
4096
3933
3847
3786
3162
2413
1905
2123
2252
2199
1569
848
124
-331
-528
-646
-657
-1112
-1702
-2517
-2738
-2790
-2774
-3079
-3296
-3271
-3425
-3939
-4405
-4161
-3743
-3574
-3818
-3887
-3874
-3709
-3507
-2985
-2419
-2123
-2109
-1979
-1486
-987
-649
-327
207
529
716
702
939
1354
1778
2062
2157
2193
2090
2029
2155
2526
2756
2654
2244
1932
1932
2111
2076
1810
1600
1351
1029
657
399
289
168
-61
-305
-511
-742
-1040
-1254
-1175
-1161
-1357
-1731
-1823
-1691
-1642
-1874
-2556
-3039
-2952
-1988
-1127
-1269
-2425
-3030
-2383
-1327
-947
-1271
-1163
-939
-944
-1366
-1122
-653
-219
-198
23
665
708
476
360
1550
2593
3047
2540
2403
2985
3440
3966
4049
4511
4441
4203
3881
3983
4184
4034
3983
3728
3626
2954
2316
2066
2281
2411
1969
1278
478
31
-286
-352
-392
-617
-1189
-1998
-2576
-2713
-2639
-2746
-2943
-3174
-3456
-3949
-4380
-4341
-3924
-3719
-3901
-4118
-4084
-3928
-3747
-3358
-2813
-2326
-2234
-2151
-1846
-1317
-841
-495
-55
324
503
456
643
1100
1638
1915
1938
1946
1963
2029
2094
2406
2655
2609
2267
1994
2039
2109
2085
1917
1751
1517
1229
861
652
533
388
165
-138
-358
-574
-741
-997
-1067
-1105
-1190
-1507
-1759
-1590
-1423
-1575
-2091
-2553
-2769
-2421
-1742
-1108
-1262
-2234
-2820
-2321
-1233
-730
-991
-1160
-941
-909
-1181
-1123
-566
19
155
68
452
730
704
722
1487
2579
2990
2588
2262
2809
3413
3893
3974
4168
4271
3944
3589
3572
3977
4168
4047
3546
3079
2666
2341
2255
2285
2184
1760
968
298
111
97
-66
-534
-1028
-1400
-1811
-2337
-2605
-2650
-2710
-3009
-3470
-3799
-3963
-4107
-4124
-3951
-3832
-3807
-4023
-4139
-3977
-3523
-3036
-2748
-2550
-2404
-2081
-1814
-1390
-917
-516
-160
-6
269
487
790
1067
1458
1773
1909
1959
1947
2188
2381
2624
2588
2460
2265
2169
2195
2137
2109
1868
1660
1376
1202
985
715
506
304
229
3
-288
-561
-683
-705
-798
-967
-1269
-1388
-1409
-1339
-1360
-1608
-1804
-2103
-2278
-2277
-1937
-1538
-1406
-1667
-2038
-2043
-1696
-1121
-928
-968
-969
-811
-777
-894
-826
-361
192
232
186
375
774
1024
1283
1795
2440
2659
2494
2599
2988
3524
3708
3797
3936
4002
3763
3464
3480
3702
3835
3484
3046
2691
2460
2113
1902
1844
1737
1267
528
199
41
-116
-528
-920
-1320
-1829
-2368
-2598
-2501
-2528
-2892
-3474
-3731
-3747
-3698
-3751
-3736
-3734
-3808
-3933
-3925
-3633
-3328
-3130
-2960
-2630
-2283
-2067
-1909
-1440
-854
-497
-390
-240
140
566
901
1204
1546
1761
1853
1901
2134
2447
2644
2593
2424
2325
2264
2221
2139
2136
2082
1846
1447
1202
1118
1026
789
562
417
133
-203
-514
-427
-437
-549
-797
-1002
-1082
-1256
-1290
-1350
-1265
-1461
-1565
-1909
-2300
-2342
-1992
-1369
-1267
-1614
-2145
-2132
-1789
-1206
-757
-711
-838
-1061
-1099
-862
-560
-217
68
179
231
342
499
721
1232
1726
2244
2321
2288
2384
2782
3293
3641
3792
3691
3695
3460
3471
3503
3658
3622
3364
3000
2603
2318
2047
2067
2024
1819
1254
646
201
-48
-240
-323
-571
-1130
-1839
-2236
-2234
-2247
-2462
-2829
-3061
-3341
-3526
-3726
-3660
-3620
-3601
-3644
-3671
-3663
-3694
-3441
-3118
-2623
-2429
-2281
-2187
-1900
-1438
-987
-578
-372
-95
48
371
665
1026
1325
1479
1614
1689
1927
2114
2282
2307
2289
2289
2238
2136
2007
1955
1910
1820
1633
1393
1145
881
724
695
557
194
-206
-407
-383
-378
-632
-914
-1037
-1033
-1059
-1190
-1363
-1341
-1249
-1235
-1369
-1788
-2130
-2142
-1716
-1251
-998
-1288
-1688
-1861
-1658
-989
-459
-364
-718
-903
-854
-504
-378
-186
199
433
465
326
515
890
1395
1689
2050
2259
2207
2209
2475
3075
3555
3610
3459
3362
3314
3282
3306
3381
3363
3182
2781
2484
2088
1868
1813
1902
1711
1118
518
41
-142
-405
-506
-778
-1149
-1759
-2251
-2415
-2476
-2506
-2705
-2876
-3192
-3467
-3711
-3702
-3520
-3396
-3373
-3568
-3672
-3542
-3226
-2848
-2567
-2343
-2219
-2013
-1748
-1347
-894
-566
-233
1
289
506
755
1046
1398
1675
1803
1879
1886
2002
2125
2272
2327
2251
2125
2025
2016
1982
1909
1786
1618
1417
1152
961
718
497
346
211
4
-398
-715
-841
-806
-850
-973
-1157
-1347
-1398
-1443
-1397
-1402
-1385
-1366
-1557
-1879
-2051
-1711
-1274
-995
-1113
-1372
-1588
-1690
-1261
-618
-217
-456
-826
-921
-655
-402
-145
273
552
509
361
563
1010
1461
1666
2037
2377
2526
2403
2416
2832
3327
3586
3458
3399
3237
3108
3034
3207
3430
3219
2725
2267
2114
1988
1814
1666
1464
1119
506
34
-223
-352
-474
-795
-1187
-1753
-2157
-2409
-2397
-2429
-2579
-2859
-3321
-3565
-3653
-3439
-3316
-3298
-3452
-3583
-3602
-3479
-3058
-2739
-2475
-2410
-2296
-2019
-1677
-1257
-917
-571
-344
-71
169
441
816
1112
1416
1584
1788
1887
1941
2003
2174
2375
2337
2210
2033
2039
2022
1963
1874
1749
1588
1335
1071
834
657
470
259
2
-224
-433
-686
-917
-969
-894
-905
-1124
-1420
-1483
-1440
-1438
-1406
-1289
-1210
-1426
-1774
-1924
-1613
-1272
-1039
-958
-1030
-1178
-1504
-1442
-862
-61
110
-280
-687
-659
-240
16
367
690
801
521
315
622
1322
1881
1979
2090
2229
2352
2360
2469
2908
3332
3397
3066
2823
2758
2876
2945
2954
2977
2745
2357
1866
1632
1573
1587
1385
976
480
-31
-321
-542
-543
-607
-858
-1411
-2015
-2332
-2322
-2213
-2305
-2529
-2914
-3290
-3508
-3420
-3053
-2779
-2866
-3166
-3424
-3336
-2925
-2450
-2133
-1983
-1973
-1931
-1700
-1278
-653
-198
-35
-26
62
327
687
1045
1353
1565
1566
1519
1600
1787
2032
2127
2072
1930
1743
1637
1580
1555
1512
1412
1176
912
731
659
608
388
135
-114
-350
-559
-719
-756
-823
-925
-1107
-1177
-1250
-1299
-1251
-1263
-1163
-1273
-1327
-1462
-1550
-1583
-1515
-1281
-1148
-844
-825
-823
-1036
-1057
-694
-305
10
6
50
-132
-234
-215
200
846
1071
1033
797
811
1022
1381
1840
2237
2468
2339
2241
2254
2568
2999
3243
3308
3079
2775
2460
2359
2443
2629
2639
2321
1838
1322
1116
1119
1145
1006
658
216
-283
-731
-995
-1022
-1043
-1260
-1619
-2005
-2252
-2427
-2524
-2529
-2601
-2767
-3018
-3202
-3231
-3101
-2927
-2807
-2787
-2798
-2658
-2440
-2191
-1925
-1700
-1488
-1342
-1153
-852
-495
-208
23
267
483
739
944
1183
1377
1484
1515
1533
1619
1762
1920
1950
1914
1762
1645
1567
1511
1478
1367
1170
879
635
457
373
287
147
-22
-238
-439
-614
-728
-776
-843
-973
-1108
-1238
-1304
-1331
-1298
-1204
-1128
-1129
-1232
-1319
-1414
-1392
-1322
-1168
-969
-808
-667
-670
-713
-756
-574
-325
-32
179
284
280
83
-32
57
436
816
1154
1322
1412
1416
1424
1598
1863
2184
2376
2499
2491
2513
2544
2618
2665
2602
2538
2454
2375
2251
2119
1957
1722
1382
1060
911
868
771
551
271
-3
-333
-705
-994
-1155
-1294
-1507
-1739
-1924
-2061
-2238
-2385
-2474
-2538
-2599
-2681
-2696
-2648
-2571
-2525
-2504
-2466
-2331
-2079
-1813
-1536
-1316
-1134
-984
-855
-665
-416
-154
28
190
317
483
674
864
1054
1146
1175
1153
1122
1091
1110
1153
1153
1100
971
869
812
748
672
570
464
325
142
-38
-143
-207
-281
-369
-441
-448
-461
-489
-516
-525
-555
-599
-632
-603
-503
-395
-299
-253
-220
-188
-107
-6
115
206
240
246
236
277
348
441
541
623
673
699
730
772
779
750
698
648
580
533
525
545
589
579
557
528
522
507
489
448
389
332
251
213
185
179
166
144
101
48
13
-22
-51
-101
-152
-199
-244
-278
-282
-254
-225
-225
-234
-230
-215
-222
-240
-249
-251
-237
-227
-197
-196
-214
-242
-241
-204
-166
-139
-146
-178
-237
-263
-235
-173
-128
-127
-150
-181
-212
-223
-219
-211
-215
-258
-302
-342
-335
-302
-258
-239
-258
-292
-341
-358
-349
-316
-292
-309
-358
-385
-367
-305
-246
-214
-209
-220
-225
-204
-141
-97
-76
-86
-92
-70
-17
79
170
219
209
193
193
224
277
342
402
413
388
370
400
465
524
550
541
510
485
476
482
488
476
444
398
376
377
391
373
318
241
166
109
71
50
23
-23
-92
-153
-196
-221
-251
-284
-321
-365
-402
-439
-450
-455
-462
-461
-447
-410
-366
-322
-284
-240
-210
-193
-180
-149
-88
-18
43
80
119
174
225
268
317
370
394
393
393
404
425
428
431
432
432
424
412
405
392
364
324
288
249
210
171
153
132
93
37
-19
-60
-98
-128
-160
-195
-248
-305
-352
-372
-379
-381
-392
-414
-438
-457
-463
-472
-472
-472
-460
-454
-459
-459
-452
-430
-405
-370
-343
-319
-311
-299
-283
-260
-232
-206
-169
-127
-69
-10
31
46
56
84
138
197
239
259
275
292
324
372
418
456
463
462
471
495
517
517
502
481
475
477
487
491
477
451
411
369
330
302
271
230
166
93
27
-34
-76
-123
-172
-240
-319
-399
-465
-509
-550
-591
-652
-701
-724
-718
-700
-697
-702
-714
-700
-662
-593
-522
-478
-458
-445
-393
-296
-174
-58
24
73
107
160
243
348
448
525
575
610
645
694
761
825
869
886
886
880
877
877
870
849
811
758
703
648
600
554
486
396
288
181
77
-15
-104
-190
-278
-378
-478
-582
-668
-742
-794
-838
-885
-938
-997
-1041
-1066
-1057
-1031
-993
-963
-938
-903
-856
-784
-705
-622
-550
-476
-389
-292
-183
-76
29
122
214
306
408
513
606
681
737
797
854
911
963
1003
1036
1051
1052
1041
1024
996
964
920
867
799
720
643
563
477
381
278
171
66
-32
-131
-230
-342
-457
-563
-648
-714
-779
-849
-921
-987
-1037
-1072
-1098
-1112
-1121
-1120
-1112
-1090
-1059
-1018
-973
-917
-842
-757
-670
-596
-520
-435
-335
-225
-111
4
109
211
308
408
501
592
681
769
853
915
967
1004
1042
1076
1109
1139
1151
1143
1113
1078
1045
1019
987
939
875
796
713
632
560
492
410
306
179
59
-43
-131
-221
-321
-434
-556
-668
-758
-821
-873
-935
-1008
-1082
-1139
-1173
-1173
-1157
-1129
-1105
-1091
-1071
-1035
-962
-865
-757
-664
-587
-516
-429
-313
-180
-45
67
165
257
360
475
592
697
783
852
914
982
1052
1121
1174
1208
1222
1224
1219
1213
1204
1183
1140
1073
989
895
800
704
609
502
379
239
96
-42
-174
-301
-430
-558
-687
-808
-921
-1020
-1106
-1184
-1246
-1302
-1351
-1398
-1436
-1453
-1442
-1410
-1373
-1342
-1315
-1276
-1203
-1101
-975
-857
-758
-673
-581
-460
-312
-152
-4
129
244
354
470
598
732
856
963
1045
1103
1142
1186
1240
1303
1348
1353
1322
1273
1232
1204
1179
1143
1073
971
854
745
651
573
488
388
270
138
10
-107
-206
-299
-392
-499
-614
-721
-810
-870
-909
-941
-980
-1027
-1071
-1094
-1079
-1038
-987
-945
-915
-883
-828
-736
-620
-503
-403
-324
-246
-154
-42
81
199
298
379
453
536
632
730
815
882
930
969
1007
1043
1081
1109
1121
1109
1083
1049
1020
994
962
910
827
724
614
516
425
336
229
103
-35
-166
-282
-381
-476
-576
-683
-795
-901
-999
-1081
-1143
-1191
-1228
-1269
-1310
-1344
-1358
-1347
-1318
-1281
-1240
-1200
-1154
-1095
-1015
-918
-817
-714
-607
-491
-372
-252
-135
-21
93
211
325
431
525
617
715
821
916
985
1023
1047
1084
1134
1184
1200
1177
1126
1070
1030
1006
982
936
854
741
620
510
416
330
239
128
-1
-134
-255
-352
-427
-496
-572
-663
-760
-838
-884
-901
-910
-928
-958
-976
-963
-915
-843
-778
-730
-695
-644
-565
-456
-341
-240
-155
-79
7
104
215
328
436
522
593
653
715
783
852
913
964
1003
1029
1046
1059
1069
1074
1068
1049
1019
983
946
899
841
773
699
629
560
486
397
298
194
91
-4
-99
-197
-299
-403
-500
-591
-675
-755
-836
-908
-974
-1030
-1082
-1124
-1153
-1175
-1190
-1202
-1205
-1194
-1171
-1140
-1106
-1067
-1025
-976
-922
-857
-780
-698
-616
-535
-451
-363
-276
-185
-92
2
93
175
251
323
399
475
550
613
664
706
738
771
796
818
827
823
805
782
763
744
719
681
629
566
500
440
382
326
262
187
110
37
-25
-78
-128
-176
-223
-267
-306
-341
-372
-393
-406
-412
-414
-411
-404
-393
-378
-354
-324
-290
-258
-227
-193
-153
-107
-59
-16
27
70
116
164
212
256
298
332
362
390
421
459
496
525
545
557
569
582
599
610
611
602
584
563
544
524
502
473
436
392
346
298
250
203
150
91
27
-38
-98
-154
-207
-257
-307
-362
-414
-462
-503
-536
-565
-596
-628
-657
-679
-691
-693
-692
-688
-687
-684
-677
-664
-641
-615
-586
-559
-532
-502
-465
-422
-378
-332
-287
-244
-206
-165
-122
-77
-32
10
48
81
111
143
176
209
236
253
263
265
265
268
276
274
271
263
249
235
219
207
190
171
146
119
92
70
48
32
17
1
-16
-35
-45
-51
-53
-56
-60
-63
-64
-60
-53
-40
-26
-13
-3
10
24
42
63
81
99
115
134
153
175
198
223
244
264
281
300
320
341
360
375
387
398
409
417
426
435
442
445
440
431
421
410
397
378
357
334
309
281
251
225
197
164
126
85
43
4
-36
-77
-116
-155
-193
-230
-265
-297
-326
-356
-383
-409
-431
-451
-469
-483
-494
-499
-504
-508
-510
-509
-505
-499
-491
-484
-473
-462
-447
-430
-407
-381
-354
-328
-300
-271
-237
-202
-168
-136
-105
-78
-51
-22
7
35
60
72
85
100
111
123
133
136
135
131
128
126
123
119
111
100
88
76
66
55
43
29
17
6
-4
-12
-19
-25
-28
-30
-30
-30
-27
-25
-19
-12
-2
10
20
32
44
59
74
89
105
119
135
149
165
181
199
217
234
249
261
276
290
302
313
319
326
333
339
343
348
352
356
356
354
352
347
343
335
326
312
296
278
257
238
215
189
161
130
98
68
38
8
-23
-55
-84
-114
-140
-167
-189
-213
-236
-260
-282
-302
-320
-336
-351
-366
-378
-388
-396
-400
-400
-398
-395
-389
-382
-373
-361
-349
-334
-315
-293
-272
-253
-235
-215
-193
-170
-148
-128
-113
-98
-81
-65
-47
-27
-12
0
12
20
29
38
46
49
48
45
42
42
40
38
31
24
17
12
9
5
0
-7
-14
-21
-25
-27
-30
-32
-35
-37
-39
-37
-34
-29
-24
-17
-9
0
11
24
39
52
65
79
93
110
124
139
153
168
182
195
208
220
232
244
255
265
275
282
289
296
302
308
312
314
314
312
307
301
295
288
276
264
249
234
218
201
183
163
144
122
100
76
54
32
9
-13
-35
-58
-81
-103
-124
-143
-164
-185
-204
-223
-238
-252
-262
-272
-279
-285
-290
-292
-290
-286
-280
-275
-270
-263
-256
-247
-235
-225
-214
-205
-194
-182
-172
-160
-150
-137
-128
-120
-111
-100
-89
-79
-69
-63
-56
-50
-44
-38
-34
-30
-26
-22
-20
-16
-12
-9
-4
0
2
4
7
8
9
13
14
14
15
16
17
18
19
20
22
21
22
24
30
34
41
45
49
52
59
66
72
76
79
80
82
85
90
97
101
105
108
112
117
124
131
136
139
142
146
150
154
156
158
158
159
159
158
156
151
147
144
140
136
131
125
120
115
110
105
97
91
84
73
65
55
46
36
26
16
6
-6
-16
-25
-34
-44
-55
-63
-73
-81
-90
-98
-106
-114
-121
-127
-133
-137
-143
-147
-150
-152
-153
-155
-156
-156
-155
-155
-154
-153
-152
-149
-145
-142
-137
-134
-130
-124
-118
-111
-103
-98
-90
-83
-74
-67
-58
-53
-46
-39
-31
-24
-16
-9
-2
4
9
15
22
27
34
38
42
46
49
53
56
57
59
60
61
60
60
60
58
57
55
53
50
48
43
41
38
36
33
30
28
26
24
24
24
24
25
23
23
23
25
25
27
28
31
32
32
34
36
39
42
45
47
51
53
56
58
60
62
65
67
68
68
68
68
67
66
65
63
61
59
56
53
52
51
46
42
39
34
30
26
19
11
5
-4
-10
-18
-27
-34
-42
-49
-56
-63
-67
-71
-76
-79
-81
-83
-85
-87
-89
-90
-91
-90
-91
-90
-89
-88
-87
-84
-80
-77
-73
-66
-63
-57
-51
-44
-38
-32
-29
-25
-21
-15
-11
-6
-4
1
6
10
13
16
20
23
26
28
31
34
37
38
37
39
38
38
39
37
36
34
32
29
27
26
23
22
20
17
15
13
9
7
5
2
-1
-4
-6
-7
-9
-11
-13
-14
-15
-16
-16
-15
-15
-14
-13
-13
-12
-9
-8
-5
-3
0
1
4
6
8
10
13
15
19
20
22
24
27
27
30
32
33
33
34
35
34
35
35
35
34
32
30
29
28
26
25
23
20
18
15
14
11
8
6
3
-1
-4
-6
-9
-11
-13
-15
-16
-17
-17
-18
-20
-22
-25
-25
-25
-26
-27
-26
-27
-28
-28
-26
-25
-23
-22
-21
-19
-18
-16
-15
-13
-12
-10
-8
-7
-6
-5
-4
-6
-6
-5
-5
-5
-4
-3
-2
-1
2
4
5
6
6
7
7
6
6
4
3
1
0
-2
-2
-4
-4
-4
-4
-4
-5
-7
-8
-7
-9
-9
-9
-12
-12
-14
-13
-15
-14
-15
-14
-13
-12
-11
-10
-8
-8
-5
-3
0
2
3
5
7
8
9
10
12
13
15
16
16
17
18
19
20
21
20
21
21
21
20
19
17
17
16
15
15
14
13
13
12
12
10
9
10
9
8
8
7
6
5
4
3
2
2
1
-1
-1
-2
-3
-5
-7
-6
-6
-6
-6
-5
-6
-6
-7
-7
-6
-5
-6
-6
-7
-8
-7
-6
-5
-4
-4
-4
-2
-4
-1
-1
1
3
5
6
6
6
6
7
6
7
6
6
4
3
2
0
-1
-1
0
-1
-3
-4
-6
-8
-9
-11
-11
-13
-13
-15
-16
-18
-19
-19
-20
-20
-21
-21
-22
-21
-22
-20
-19
-19
-17
-15
-14
-13
-13
-11
-11
-10
-8
-7
-6
-4
-2
-3
-1
-1
1
3
4
5
7
7
8
7
9
9
11
13
14
16
15
15
15
16
16
16
16
15
16
16
15
14
13
12
12
13
12
12
11
10
11
9
10
9
8
8
8
7
8
7
7
7
7
6
6
5
5
5
4
5
5
6
6
7
7
7
7
6
4
4
3
1
1
-1
-1
-2
-1
-1
-2
-1
0
1
1
1
0
-1
-1
-2
-3
-2
-3
-4
-5
-5
-6
-5
-7
-6
-6
-6
-7
-6
-5
-6
-6
-6
-6
-6
-8
-9
-11
-11
-12
-13
-14
-15
-16
-16
-17
-16
-17
-16
-16
-15
-15
-15
-15
-15
-15
-16
-14
-14
-15
-15
-14
-14
-14
-15
-14
-13
-12
-10
-8
-7
-5
-2
-2
-1
0
1
2
2
2
1
2
3
3
5
5
7
9
10
11
11
12
13
13
12
12
11
11
11
11
11
12
11
12
12
13
13
14
14
14
15
15
16
16
16
15
15
15
16
16
15
16
16
17
17
17
17
17
17
17
16
16
14
14
13
12
11
11
11
10
10
9
9
9
8
8
6
6
5
4
3
2
0
0
-2
-2
-5
-6
-7
-8
-8
-8
-9
-11
-10
-12
-12
-13
-14
-15
-17
-18
-19
-20
-20
-20
-21
-22
-23
-24
-24
-25
-26
-27
-28
-27
-27
-26
-26
-26
-27
-27
-26
-27
-26
-25
-26
-25
-24
-23
-24
-22
-20
-19
-17
-16
-15
-14
-13
-11
-10
-8
-6
-5
-3
-2
0
1
2
5
7
9
10
11
11
12
13
15
16
17
19
19
20
19
20
21
23
24
26
27
26
26
26
25
26
24
25
25
25
24
22
22
22
22
21
23
22
23
22
21
21
21
21
21
21
21
19
18
17
16
16
15
15
14
15
14
13
12
11
10
8
8
8
7
6
4
3
3
3
1
0
-1
-2
-5
-6
-7
-8
-9
-10
-11
-12
-13
-15
-17
-18
-18
-20
-21
-23
-24
-25
-26
-27
-28
-27
-28
-28
-29
-31
-32
-32
-33
-33
-33
-33
-33
-33
-33
-32
-31
-31
-29
-28
-28
-27
-25
-24
-22
-21
-19
-19
-17
-14
-15
-14
-13
-13
-13
-10
-10
-10
-8
-7
-5
-3
0
2
4
6
8
9
11
13
14
16
17
16
18
17
18
20
21
23
23
25
26
27
28
29
31
32
33
33
32
33
32
32
33
34
33
34
34
32
33
32
32
32
30
30
28
27
25
23
23
21
19
18
16
15
14
11
10
7
6
5
4
4
1
-1
-4
-5
-5
-6
-8
-8
-9
-10
-11
-13
-14
-14
-14
-15
-15
-16
-17
-18
-19
-20
-20
-21
-22
-21
-22
-22
-21
-22
-22
-22
-22
-22
-24
-25
-26
-27
-28
-28
-28
-27
-26
-26
-25
-24
-25
-24
-23
-22
-22
-22
-21
-20
-20
-19
-18
-18
-17
-15
-13
-11
-10
-10
-8
-6
-4
-1
1
2
3
4
4
5
5
6
7
7
8
9
11
11
11
11
12
13
14
16
16
17
17
19
20
21
22
23
22
22
21
21
21
20
20
21
20
21
21
22
22
22
22
21
21
20
19
19
18
17
17
16
17
16
15
15
15
14
13
12
11
10
11
10
8
7
7
6
4
3
2
1
-2
-2
-3
-4
-5
-6
-8
-9
-9
-10
-9
-11
-11
-13
-13
-14
-15
-16
-16
-17
-19
-20
-20
-20
-20
-21
-21
-21
-20
-20
-19
-19
-18
-18
-18
-17
-16
-15
-15
-14
-15
-14
-13
-13
-13
-13
-12
-14
-12
-12
-12
-10
-10
-9
-8
-7
-6
-4
-5
-4
-4
-3
-3
-1
-1
0
1
1
1
2
3
4
4
5
5
5
6
5
7
7
8
9
10
10
11
11
9
10
11
11
11
11
11
11
11
11
12
12
11
11
12
12
12
13
12
12
12
13
13
13
12
12
11
11
12
10
11
9
9
8
8
7
6
6
6
4
5
4
4
3
2
2
2
2
1
0
-1
-2
-3
-4
-4
-3
-3
-3
-4
-3
-4
-4
-4
-6
-6
-7
-7
-7
-7
-8
-7
-7
-8
-7
-8
-9
-9
-10
-9
-9
-10
-9
-10
-11
-10
-10
-10
-9
-9
-9
-10
-10
-10
-8
-8
-7
-8
-8
-7
-6
-5
-6
-6
-5
-5
-4
-4
-3
-3
-3
-2
-1
-1
-1
1
1
2
2
2
2
2
2
3
4
3
3
3
2
3
3
3
3
3
4
3
4
5
4
4
5
4
4
5
5
6
5
5
5
5
5
5
5
6
5
5
6
6
6
6
6
6
6
7
6
6
6
7
6
6
4
5
4
3
2
1
2
1
2
2
0
1
1
1
1
2
1
0
0
0
-2
-1
-1
-3
-2
-2
-2
-2
-2
-3
-3
-4
-5
-4
-4
-4
-4
-4
-4
-4
-4
-5
-5
-5
-6
-6
-7
-7
-5
-6
-6
-5
-4
-4
-3
-3
-2
-3
-4
-3
-3
-3
-3
-3
-3
-2
-2
-2
-1
-1
-1
-1
-1
0
0
0
0
2
1
2
2
2
3
1
1
1
2
0
1
0
1
1
2
2
2
2
2
2
2
1
1
1
1
-1
0
0
0
1
0
0
0
0
0
1
1
1
1
2
2
2
1
3
1
2
1
1
0
1
1
1
1
2
2
3
4
4
3
2
3
2
2
2
1
2
2
2
1
1
0
0
0
0
-1
-1
-1
-1
-1
0
0
1
1
0
1
0
0
0
0
0
-1
-1
-1
-2
0
-1
-1
0
-1
-2
-2
-1
0
-1
0
0
0
0
-1
0
-1
-1
-2
-2
-2
-2
-2
-2
-2
-2
-2
0
-1
-1
0
-1
-1
-1
-1
0
0
1
0
-1
0
0
-1
0
-2
-1
-2
-2
-1
-1
-1
0
1
2
2
1
1
1
0
-1
0
0
-1
-1
0
0
0
-1
0
-1
-2
-1
-2
-1
0
-1
-1
0
0
0
0
0
-1
-1
-1
-1
-1
1
0
0
1
1
2
2
2
2
2
2
0
1
0
0
1
1
0
1
0
1
1
1
1
1
2
2
2
2
2
3
3
3
2
3
3
1
1
2
1
1
1
1
1
0
1
0
1
0
0
-1
-1
-1
-1
-1
-1
0
-1
-1
-1
-1
-1
0
-1
-1
0
-2
-2
-2
-2
-1
-1
-2
-1
-1
-2
-1
-1
-1
0
-1
-1
-1
-1
-1
-1
-1
-1
-1
-2
-1
-1
0
-1
-1
-1
0
0
0
0
0
0
0
0
0
-1
-1
-1
-1
-1
-1
-1
0
-1
-1
-1
-1
-1
0
0
0
0
0
0
1
0
0
1
1
0
0
0
-1
-1
-1
0
0
0
1
1
2
2
1
1
2
1
1
0
0
1
0
0
1
1
2
2
2
3
2
1
2
2
1
1
1
2
1
1
1
2
2
2
2
2
1
1
0
1
1
0
2
1
1
1
1
1
1
0
0
-1
0
0
-1
0
-1
0
-1
0
0
0
-1
-1
0
0
-1
-2
-1
-1
-1
0
0
0
0
0
0
1
0
0
0
-1
-1
-1
-1
0
-1
0
0
0
0
-1
0
-1
0
-1
-1
-1
-1
-1
-2
-1
-2
-2
-2
-2
-2
-1
-2
-2
-1
-1
-1
-1
-2
-3
-3
-3
-2
-1
-1
-1
-1
-1
-1
0
0
0
0
0
0
0
0
1
1
1
2
2
2
3
1
1
1
1
1
2
2
2
3
2
2
2
3
2
2
3
2
2
2
2
2
0
1
1
1
1
1
-1
0
0
0
0
0
0
0
1
1
1
0
0
1
0
0
0
0
0
-1
0
0
-1
0
0
0
0
-1
-1
0
0
-1
-1
-1
-1
0
0
0
0
-1
0
-1
-1
-1
-2
-1
-1
0
0
0
0
-1
0
0
0
-1
1
0
-1
-1
-1
0
0
0
0
0
-1
0
-2
-1
-1
-1
-1
-1
-1
-1
-1
-1
-1
-1
-1
-1
-1
-1
-1
-1
-1
0
0
0
0
0
0
0
1
1
0
0
-1
-1
-1
0
1
1
0
1
0
1
1
1
1
1
1
1
1
1
1
1
2
2
1
1
2
1
1
0
1
1
1
0
0
-1
0
0
0
0
0
0
1
0
1
1
0
0
0
-1
-1
-1
-1
-2
-2
-1
-2
-1
0
0
0
0
0
0
0
0
0
0
-1
1
0
-1
-1
0
0
0
0
0
0
1
1
2
2
2
2
2
2
1
1
1
0
1
0
0
0
0
0
-1
1
1
0
1
0
-1
-1
-1
0
0
-1
0
-1
0
-1
-1
0
-1
-1
0
-1
0
-1
-1
-1
-1
-1
0
-1
0
-1
-1
-1
-1
-1
0
-1
-1
0
0
0
0
-1
-1
0
-1
0
-1
0
-1
0
0
0
0
0
0
0
1
0
1
0
1
1
0
0
1
0
0
0
0
0
0
1
0
1
1
0
1
0
1
1
1
1
1
1
1
0
1
0
1
0
0
0
0
-1
0
-1
0
-1
0
0
-1
0
0
0
0
0
1
0
0
0
0
-1
0
0
0
0
1
0
1
1
1
0
0
-1
-1
-1
-1
-1
0
0
0
1
0
0
1
0
0
0
0
1
-1
0
1
-1
-1
1
1
0
0
1
0
0
1
1
0
0
1
-1
0
0
-1
0
-1
-1
0
0
-1
0
1
0
1
0
0
0
1
1
0
-1
0
-1
-1
-1
-1
-1
0
0
0
0
0
0
0
1
0
-1
0
-1
0
0
-1
-1
-2
-2
-1
-1
-1
-2
-1
-1
-1
0
0
-1
0
0
0
1
1
0
1
0
0
1
1
1
1
0
1
1
2
1
1
1
1
1
1
0
1
0
1
0
0
0
0
0
0
1
0
1
0
0
0
1
0
0
0
0
1
0
0
0
1
1
1
1
0
0
1
1
0
0
0
1
0
0
0
0
0
0
0
0
0
-1
0
0
0
-1
-1
0
-1
-2
-1
-1
-2
-1
-1
-1
-1
-1
-1
-2
0
-1
-1
0
-1
0
0
0
0
0
0
0
-1
-1
-1
-1
-2
-1
0
0
0
0
0
-1
0
0
0
0
0
0
-1
0
0
0
0
0
0
0
0
0
0
0
-1
0
0
0
0
1
1
1
1
1
1
0
1
1
0
0
1
1
1
1
3
2
1
1
1
0
1
1
1
2
2
1
1
2
1
1
1
1
2
2
0
0
0
1
0
0
0
0
0
0
0
0
0
-1
0
-1
0
0
0
0
-1
0
-1
0
-1
-1
-1
0
0
-1
-1
-1
-1
-1
-1
-1
-2
-1
-1
-3
-1
-2
-1
-1
-2
-2
-1
-1
0
0
0
0
0
0
0
1
0
0
0
0
0
-1
-1
-1
-1
-1
-1
1
1
1
2
1
1
2
2
1
1
0
-1
-1
-2
-1
-1
0
0
0
0
1
1
0
0
1
0
0
0
0
0
0
0
0
0
0
0
0
-1
-1
-1
0
0
1
0
0
0
0
0
2
1
2
1
1
1
1
2
2
1
0
1
1
0
0
0
0
0
1
1
0
1
1
0
0
0
1
1
0
2
1
1
0
0
1
0
-1
0
-1
-1
-1
0
-1
-1
-1
-1
0
-1
-1
-2
-1
-1
-1
-1
-1
-2
-2
-2
-2
-1
-1
-1
-2
-1
-1
-1
-2
-1
-2
-3
-2
-2
0
0
1
1
0
0
1
0
1
0
1
-1
-1
1
0
1
0
1
1
1
1
0
1
1
0
0
-1
0
0
0
1
0
1
1
1
0
0
-1
-1
-1
0
-1
0
1
1
2
2
2
2
1
2
1
0
-1
0
-1
-2
-1
0
0
1
2
1
1
1
2
2
2
1
2
0
0
0
0
0
0
1
-1
0
0
0
0
0
0
-1
0
0
0
0
0
0
-1
-1
0
-1
-1
0
-1
-2
-2
-1
-1
-1
-1
0
0
0
-1
0
0
0
0
-1
-2
-2
-1
0
0
0
0
1
1
1
0
2
0
0
-1
0
-1
0
-1
0
0
0
1
1
1
1
0
-1
-1
0
-1
-1
-1
-1
0
0
-1
0
0
0
0
-1
0
0
0
-1
0
-1
-1
0
0
-1
1
0
0
1
0
0
0
0
0
0
0
0
0
0
1
0
1
1
1
1
1
0
0
0
-1
1
0
0
1
1
1
2
2
1
2
1
0
-1
-1
-1
0
-1
-1
0
0
1
1
1
1
1
-1
-1
-1
0
-1
-1
0
1
1
1
0
1
1
1
0
-1
-2
-2
-1
-1
-1
-1
0
0
1
0
0
0
0
0
-1
0
-1
-1
0
0
0
0
-2
-1
-1
-3
-1
-2
-2
-2
-2
-2
-1
-1
-1
1
1
2
2
3
2
2
0
0
0
-1
-2
-1
-1
-2
0
-1
0
1
2
2
0
2
1
0
0
0
0
0
1
1
1
1
1
0
1
-1
-1
-1
-2
-1
-1
-1
0
1
1
2
3
1
2
0
1
1
0
-1
0
0
0
0
0
-1
-1
-1
-2
-2
-2
-1
-2
-1
-1
1
0
0
1
1
1
1
0
1
-1
-1
-1
0
-1
-1
-2
-2
-2
-2
-1
-2
-1
0
1
2
2
1
1
1
1
1
0
-1
0
-1
-1
-1
1
0
0
1
0
1
0
1
0
0
0
1
1
2
