0
0
0
0
0
1
0
0
0
0
0
0
0
0
0
0
1
0
0
0
0
0
0
0
0
0
0
0
0
0
-1
-1
0
0
0
0
0
0
-1
0
0
-1
0
0
0
0
0
0
0
0
0
0
0
0
0
0
0
0
0
0
0
0
1
0
0
-1
1
0
0
0
0
0
0
0
0
0
0
-1
1
0
0
-1
0
0
0
1
0
-1
0
0
0
0
0
0
0
1
-1
0
-1
-1
-1
-1
0
0
0
1
0
0
0
0
0
1
0
-1
-1
0
0
0
0
0
0
0
-1
0
-1
0
1
0
0
0
0
1
0
0
0
0
0
-1
-1
0
0
0
0
-1
0
1
0
0
0
0
0
0
-1
0
0
0
-1
0
0
0
0
0
0
0
0
-1
0
0
0
1
0
1
0
-1
0
1
0
0
-1
0
0
0
0
0
0
0
0
1
0
0
0
0
0
1
0
1
0
0
0
1
0
1
0
0
0
-1
0
0
0
0
0
0
0
0
0
-1
0
0
0
0
0
0
0
0
0
0
1
0
1
0
0
1
0
0
1
0
0
1
0
0
1
0
0
0
0
0
0
0
0
0
0
0
1
0
0
-1
0
0
-1
0
-1
0
0
1
1
0
0
1
-1
0
0
0
0
0
0
1
0
0
-1
0
0
0
0
-1
0
1
0
0
0
0
0
0
0
0
1
0
0
0
0
1
0
0
0
0
0
-1
0
0
0
0
0
1
0
0
0
0
0
0
0
1
0
-1
0
-1
1
0
0
0
0
-1
0
-1
0
0
0
0
-1
1
1
0
0
1
0
-1
0
1
1
0
-1
0
0
1
0
0
0
0
0
-1
0
0
0
0
1
0
0
0
-1
0
0
0
0
0
1
1
0
-1
0
-1
-1
0
0
0
1
0
0
0
0
0
0
1
0
0
-1
0
0
0
0
0
0
0
0
1
0
0
-1
0
0
0
0
0
0
0
0
1
0
0
0
0
0
0
0
0
1
0
0
0
0
0
0
-1
0
0
0
0
1
0
0
1
0
0
0
1
-1
0
0
0
0
0
0
0
0
0
0
0
0
1
0
0
0
0
0
0
0
0
0
-1
0
0
0
1
0
0
0
1
0
0
0
0
0
0
0
0
0
0
1
0
1
0
-1
0
0
-1
0
0
0
-1
0
0
0
-1
0
-1
0
-1
1
0
0
0
0
0
1
0
0
0
0
0
0
0
0
0
0
0
0
0
1
0
0
-1
0
0
0
0
0
0
0
0
0
0
-1
0
0
1
0
0
-1
0
0
0
0
0
0
0
0
-1
0
1
0
0
0
0
1
0
0
0
0
0
-1
0
0
-1
0
0
0
0
0
0
0
0
0
0
0
1
0
1
1
0
0
-1
1
0
0
0
0
0
0
0
0
0
0
0
0
1
0
0
0
0
1
0
0
1
0
0
0
0
1
0
0
0
0
0
1
1
0
0
-1
0
-1
-1
0
0
0
0
1
0
-1
0
1
0
0
0
0
1
0
1
-1
0
1
0
0
0
-1
0
0
0
1
0
-1
0
-1
-1
0
0
1
0
0
0
1
1
0
0
1
1
-1
0
-1
0
0
0
1
0
0
0
0
-1
0
0
-1
0
0
-1
-1
1
0
0
0
0
-1
0
1
0
0
0
-1
1
0
1
0
1
0
0
0
0
-1
0
0
0
1
0
0
0
0
0
0
0
0
0
0
0
0
0
1
0
0
0
0
1
0
0
0
0
-1
0
0
-1
-1
0
0
0
0
0
0
0
0
0
0
0
1
0
0
0
0
-1
0
0
1
0
0
0
0
0
-1
0
0
0
0
0
0
-1
0
0
-1
0
0
0
-1
0
0
0
0
-1
0
0
0
0
0
0
0
0
0
0
0
0
0
0
0
-1
0
0
0
-1
0
0
0
-1
0
0
0
0
1
0
0
0
-1
-1
1
0
0
0
0
0
1
0
0
0
0
0
0
1
-1
0
0
0
-1
0
-1
0
0
0
0
-1
0
0
0
0
0
0
0
0
0
0
0
0
1
0
1
1
0
1
0
0
0
0
0
1
0
1
0
0
0
0
0
0
-1
0
0
1
0
0
0
0
0
0
-1
-1
1
0
0
1
0
0
1
0
0
0
-1
1
1
0
0
0
0
0
-1
0
0
0
0
0
0
0
0
0
0
0
0
0
0
0
0
0
0
0
0
-1
0
-1
0
-1
0
0
0
-1
0
-1
0
-1
1
0
0
0
0
0
0
0
-1
0
-1
0
0
0
0
-1
0
-1
0
1
0
0
0
0
0
0
1
0
0
0
0
0
0
-1
0
0
0
0
0
0
0
0
1
0
1
1
0
0
0
0
0
1
0
0
0
0
1
0
1
0
-1
0
0
0
0
0
0
0
0
0
1
0
1
1
0
0
0
0
-1
0
0
0
0
0
0
0
0
0
0
0
0
0
0
0
0
0
0
0
0
0
0
0
0
0
0
-1
0
1
0
0
0
0
0
0
0
-1
1
0
0
0
1
0
1
0
0
0
0
0
0
0
-1
0
1
0
0
0
1
0
0
0
0
-1
1
0
0
-1
1
0
0
0
0
0
0
0
0
-1
0
0
0
0
1
0
0
0
0
0
0
-1
-1
1
0
0
1
0
0
-1
1
-1
1
0
1
0
0
0
0
1
-1
0
0
0
0
0
0
0
0
0
0
0
0
0
0
-1
0
0
0
0
1
0
0
0
0
0
0
0
0
-1
0
0
0
-1
0
0
1
0
-1
0
0
0
0
1
1
1
0
0
-1
0
0
-1
0
0
0
0
-1
0
0
0
0
1
0
1
0
0
0
0
0
1
0
0
0
0
0
0
0
-1
0
-2
0
-1
0
0
0
0
-1
0
0
0
0
0
0
0
0
0
1
0
0
0
0
0
0
0
0
0
0
0
0
0
0
-1
0
0
0
1
0
0
0
0
-1
0
-1
0
1
0
0
1
0
0
0
0
0
0
0
0
0
0
1
-1
0
-1
0
0
-1
0
0
0
1
-1
0
0
0
0
0
1
0
0
0
0
0
0
0
-1
0
0
0
0
0
0
-1
0
0
0
0
0
0
-1
0
-1
0
-1
0
0
1
0
0
0
0
0
0
-1
0
0
0
0
0
1
0
0
0
0
1
0
-1
0
1
0
0
0
0
0
0
0
-1
-1
0
0
0
1
0
-1
0
0
-1
0
0
0
-1
0
0
1
0
0
0
0
0
0
1
0
0
0
0
1
0
0
0
1
1
0
0
0
0
0
0
1
0
1
0
0
0
1
0
0
0
-1
0
1
0
-1
0
0
0
0
0
0
0
0
0
0
0
1
0
1
0
0
0
0
0
-1
0
1
0
0
-1
0
-1
0
0
-1
0
0
0
0
0
0
0
0
0
0
0
0
0
0
0
0
0
0
0
0
0
0
0
0
0
0
0
0
0
0
1
0
1
0
0
0
0
0
0
0
0
-1
0
0
1
0
0
0
0
0
0
0
0
0
0
0
0
0
0
0
0
0
0
0
1
-1
0
0
0
0
0
0
-1
1
0
0
0
0
0
-1
0
0
0
0
0
0
0
0
0
0
-1
-1
-1
-1
0
-1
0
0
0
0
0
0
-1
-1
0
-1
0
0
0
-1
0
0
0
0
0
0
0
1
0
0
0
0
0
0
0
0
-1
0
1
1
0
0
0
0
0
0
0
0
0
0
0
1
0
0
0
0
0
1
1
0
0
0
0
0
-1
0
0
0
0
0
1
1
0
0
1
0
0
0
1
0
1
1
0
1
1
0
0
0
-1
0
0
0
0
0
0
1
0
1
0
-1
0
0
0
0
0
0
0
0
0
0
0
1
0
0
1
0
0
0
1
0
1
0
-1
0
0
0
0
0
0
0
0
0
-1
0
0
0
0
-1
-1
0
0
0
0
0
0
0
0
0
0
-1
0
1
0
0
0
0
0
0
0
-1
0
1
0
0
0
0
-1
0
-1
-1
0
0
0
0
1
0
0
0
0
0
0
0
0
1
1
0
1
-1
0
0
0
0
0
0
0
0
0
0
0
0
1
0
0
0
0
0
0
0
0
0
0
0
0
0
0
0
-1
1
0
1
0
0
1
0
0
0
0
0
0
-1
0
0
0
0
0
1
0
0
-1
0
0
0
0
1
0
0
1
-1
-1
0
0
0
0
0
0
0
0
0
0
0
-1
0
-1
0
0
0
0
0
0
1
0
-1
-1
0
0
0
-1
0
0
0
0
1
-1
0
0
0
0
-1
0
0
0
0
0
0
0
0
0
0
0
0
0
0
-1
0
0
0
0
0
0
0
0
0
1
0
0
0
0
0
0
0
0
0
0
0
0
0
0
0
0
0
0
0
0
0
-1
0
0
-1
0
0
0
0
0
0
0
0
0
0
0
0
0
0
0
0
0
0
1
0
0
0
1
1
0
0
0
-1
1
1
0
0
0
1
0
0
0
1
0
0
0
0
0
0
0
0
0
-1
0
0
0
0
1
0
0
0
1
0
0
-1
-1
0
0
0
0
0
0
0
0
0
0
0
0
0
0
1
0
1
0
0
0
0
0
0
1
-1
0
1
-1
0
0
0
0
0
0
0
-1
0
0
0
-1
0
-1
0
0
0
0
0
-1
0
0
0
0
0
0
-1
0
0
0
0
0
0
0
0
-1
-1
0
0
0
0
0
1
0
0
0
0
0
-1
0
0
0
0
0
0
0
0
0
1
0
1
0
0
1
-1
1
0
0
0
0
-1
0
0
0
-1
0
-1
0
0
0
-1
0
0
0
0
1
0
0
0
-1
0
0
1
0
1
0
0
0
0
0
0
1
0
0
0
1
1
0
0
0
0
0
0
0
0
-1
1
0
0
0
0
0
0
0
1
0
0
-1
0
0
0
-1
0
0
0
1
0
-1
0
0
0
0
0
0
-1
-1
0
0
-1
1
0
1
0
0
0
0
0
0
1
0
0
0
0
0
0
0
0
0
1
-1
-1
0
0
0
0
0
0
0
0
0
0
0
0
0
0
0
-1
0
0
-1
0
0
-1
0
0
0
0
0
0
0
0
1
0
0
0
1
0
0
-1
-1
0
0
0
1
-1
0
0
0
-1
1
0
0
0
1
-1
0
0
0
0
0
0
0
0
0
0
0
-1
0
0
0
0
0
0
0
1
0
0
1
-1
0
0
-1
2
0
0
0
0
0
0
0
0
0
0
0
0
0
0
-1
0
0
0
0
0
0
0
-1
0
0
0
-1
0
0
-1
-1
0
0
0
0
0
1
1
-1
0
0
0
0
0
0
0
0
0
0
1
0
0
0
0
-1
1
0
0
1
0
0
0
0
0
1
1
0
0
0
0
0
-1
0
-1
1
0
1
0
0
1
0
0
1
0
0
0
1
-1
-1
1
0
0
0
-1
0
0
1
0
0
0
0
0
0
-1
0
0
0
-1
0
0
1
1
-1
0
0
0
0
0
0
0
0
0
-1
1
0
0
1
0
0
0
-1
-1
-1
0
0
-1
0
-1
1
0
0
0
0
1
0
1
0
0
1
0
1
1
0
0
-1
0
0
0
0
0
1
0
-1
0
0
0
1
0
1
0
0
0
0
0
0
1
1
1
0
0
1
0
0
1
1
0
0
1
1
1
0
1
-1
-1
0
-1
-1
-1
-1
-2
-1
-1
-1
-1
-1
-2
-1
-2
-2
-3
-1
-2
-2
-1
-2
-1
-1
-1
0
0
1
0
1
0
1
2
2
1
1
1
1
1
1
2
2
2
2
2
1
0
0
0
0
-1
1
1
0
0
0
0
-1
0
0
-1
-1
0
0
0
0
1
1
1
1
1
0
0
1
0
0
-1
-1
-1
-1
-1
-1
0
-2
-2
-3
-3
-3
-3
-5
-5
-6
-6
-6
-5
-4
-4
-5
-4
-6
-5
-4
-5
-5
-6
-5
-5
-4
-2
0
-1
0
1
4
6
7
8
9
9
10
12
15
16
17
18
17
17
17
17
19
18
18
16
14
13
13
13
13
13
11
11
10
9
9
9
9
8
7
6
6
7
8
9
9
7
5
4
2
2
-1
-3
-6
-11
-14
-16
-17
-17
-22
-27
-31
-36
-38
-40
-42
-45
-52
-59
-62
-64
-64
-62
-63
-64
-67
-68
-66
-62
-58
-55
-52
-49
-44
-36
-26
-16
-11
-9
-6
-4
-2
1
3
1
-2
-5
-4
2
10
17
22
26
28
32
36
40
44
44
41
38
36
37
40
45
54
60
66
73
80
89
97
106
111
114
116
121
127
135
142
147
147
146
144
147
148
147
142
134
126
119
118
117
115
111
104
95
84
74
61
47
31
12
-8
-24
-37
-48
-55
-62
-71
-80
-89
-99
-109
-122
-139
-160
-180
-197
-210
-217
-223
-224
-228
-233
-240
-249
-258
-269
-282
-297
-316
-335
-349
-353
-344
-326
-310
-300
-298
-297
-296
-292
-295
-313
-349
-396
-431
-437
-412
-368
-322
-283
-252
-212
-157
-88
-21
23
37
27
14
19
50
108
185
267
345
428
525
634
747
844
906
932
930
924
921
922
925
921
911
903
908
927
949
959
943
899
829
749
668
586
499
401
297
200
121
62
18
-28
-86
-166
-267
-373
-475
-563
-647
-733
-822
-903
-956
-971
-950
-906
-863
-830
-812
-800
-785
-766
-750
-737
-725
-708
-671
-611
-524
-421
-315
-214
-120
-37
41
102
147
174
186
192
198
212
234
264
289
308
319
318
309
287
251
201
143
85
39
3
-28
-60
-101
-144
-188
-235
-290
-367
-470
-603
-749
-880
-975
-1020
-1022
-1004
-978
-952
-920
-868
-793
-710
-644
-611
-615
-635
-638
-597
-501
-357
-181
9
207
428
674
936
1183
1385
1525
1613
1669
1722
1785
1846
1895
1926
1950
1986
2040
2107
2161
2176
2136
2043
1910
1763
1616
1466
1305
1136
969
811
672
546
420
285
124
-62
-272
-498
-727
-958
-1178
-1383
-1558
-1703
-1813
-1890
-1945
-1985
-2023
-2054
-2080
-2108
-2139
-2173
-2195
-2191
-2150
-2074
-1969
-1845
-1708
-1554
-1381
-1192
-996
-816
-655
-514
-378
-231
-67
115
301
478
640
796
949
1103
1250
1367
1447
1496
1528
1557
1597
1634
1656
1648
1597
1519
1422
1312
1184
1018
810
568
318
102
-54
-155
-211
-256
-289
-302
-291
-260
-232
-234
-281
-378
-506
-640
-757
-845
-906
-940
-951
-926
-867
-771
-653
-533
-437
-374
-346
-349
-370
-393
-402
-393
-369
-348
-330
-315
-293
-259
-220
-186
-174
-189
-226
-260
-267
-224
-125
17
175
329
474
612
756
894
999
1043
1019
954
884
840
832
850
882
917
963
1031
1123
1222
1303
1333
1306
1232
1136
1041
949
861
765
671
592
539
511
484
440
366
257
125
-17
-165
-316
-476
-645
-815
-966
-1073
-1136
-1173
-1206
-1258
-1327
-1397
-1452
-1486
-1510
-1536
-1572
-1607
-1621
-1599
-1540
-1458
-1369
-1284
-1198
-1102
-988
-855
-720
-592
-468
-337
-190
-27
139
292
420
523
606
670
716
748
760
754
743
734
736
749
771
795
820
841
854
862
851
823
784
731
679
628
580
534
481
426
368
307
246
178
101
13
-75
-156
-222
-270
-296
-303
-288
-252
-203
-147
-98
-75
-70
-84
-113
-145
-197
-263
-342
-421
-473
-491
-481
-464
-458
-466
-479
-484
-469
-444
-420
-407
-399
-384
-345
-271
-170
-52
58
147
207
247
278
299
308
294
264
231
217
235
287
365
461
560
663
763
857
935
987
1008
997
965
920
874
830
792
762
741
726
716
698
669
621
552
468
369
263
147
24
-101
-220
-321
-405
-477
-545
-619
-701
-784
-863
-932
-997
-1068
-1146
-1225
-1294
-1341
-1361
-1362
-1355
-1349
-1342
-1318
-1270
-1196
-1106
-1017
-930
-845
-754
-645
-523
-402
-294
-208
-138
-69
10
92
167
227
272
317
379
464
562
657
736
803
867
939
1015
1082
1121
1129
1105
1068
1034
1001
960
901
826
743
671
612
566
524
475
423
373
335
311
294
274
245
209
175
144
115
77
22
-51
-137
-224
-308
-392
-474
-561
-646
-721
-780
-816
-834
-840
-842
-846
-850
-853
-853
-850
-849
-853
-861
-870
-875
-867
-843
-799
-739
-672
-601
-527
-443
-347
-237
-117
4
116
219
324
444
575
714
843
949
1034
1104
1166
1224
1270
1293
1290
1262
1230
1207
1201
1207
1212
1207
1193
1180
1167
1160
1144
1109
1050
966
865
757
646
529
402
262
108
-53
-214
-368
-516
-661
-798
-931
-1049
-1148
-1226
-1283
-1330
-1372
-1415
-1458
-1494
-1521
-1537
-1546
-1554
-1561
-1560
-1539
-1488
-1409
-1311
-1211
-1112
-1018
-919
-810
-695
-580
-478
-389
-303
-211
-106
15
137
247
346
433
519
607
692
769
828
872
908
948
994
1040
1080
1105
1117
1122
1119
1112
1096
1065
1021
967
911
860
810
765
716
659
597
528
457
383
302
218
128
35
-52
-132
-202
-258
-311
-359
-406
-450
-489
-524
-559
-596
-638
-681
-718
-749
-770
-783
-794
-806
-822
-834
-841
-843
-837
-831
-826
-813
-789
-739
-667
-580
-482
-382
-282
-178
-71
36
131
208
268
312
357
407
463
521
581
644
717
800
892
985
1065
1129
1172
1201
1220
1227
1221
1201
1171
1140
1114
1098
1089
1078
1064
1039
1001
947
877
789
683
561
428
289
147
12
-117
-233
-339
-439
-534
-627
-723
-820
-918
-1015
-1108
-1202
-1292
-1375
-1442
-1491
-1522
-1535
-1544
-1547
-1547
-1546
-1535
-1519
-1496
-1467
-1435
-1389
-1329
-1248
-1147
-1031
-908
-783
-661
-543
-430
-322
-221
-127
-36
55
149
254
369
493
625
757
881
995
1093
1176
1239
1283
1310
1321
1320
1314
1308
1304
1300
1295
1284
1263
1233
1192
1141
1077
998
911
819
727
644
568
498
434
370
308
243
171
87
-13
-126
-247
-373
-495
-607
-707
-791
-855
-897
-917
-920
-912
-907
-912
-925
-949
-979
-1016
-1063
-1110
-1156
-1187
-1192
-1167
-1113
-1037
-945
-841
-727
-606
-480
-357
-241
-136
-40
56
154
259
368
479
591
701
812
920
1018
1107
1184
1247
1300
1344
1383
1421
1455
1492
1529
1565
1597
1615
1613
1594
1550
1484
1396
1281
1147
994
834
675
522
377
234
91
-55
-204
-350
-498
-649
-803
-965
-1133
-1290
-1437
-1561
-1661
-1747
-1817
-1876
-1926
-1967
-2001
-2031
-2060
-2087
-2108
-2114
-2098
-2051
-1973
-1860
-1723
-1568
-1396
-1215
-1025
-838
-661
-501
-356
-221
-89
46
188
339
494
655
818
983
1148
1300
1436
1547
1632
1697
1741
1773
1795
1804
1808
1803
1793
1778
1750
1710
1651
1569
1470
1357
1230
1094
955
814
681
558
447
349
258
170
83
-5
-97
-193
-291
-391
-490
-585
-672
-747
-810
-859
-898
-930
-954
-977
-999
-1015
-1028
-1035
-1040
-1043
-1041
-1033
-1018
-996
-970
-946
-924
-909
-898
-884
-865
-832
-784
-722
-643
-551
-440
-315
-179
-38
95
215
314
396
468
532
592
652
709
770
840
923
1017
1117
1213
1292
1351
1387
1404
1403
1384
1346
1290
1223
1154
1095
1047
1009
972
928
875
809
733
648
550
436
305
161
11
-136
-275
-403
-522
-635
-747
-858
-967
-1070
-1170
-1270
-1368
-1463
-1550
-1623
-1676
-1709
-1720
-1713
-1693
-1661
-1618
-1570
-1514
-1458
-1400
-1339
-1273
-1203
-1119
-1019
-902
-771
-629
-478
-322
-164
-3
151
299
435
558
673
778
882
984
1079
1170
1250
1318
1378
1423
1457
1474
1474
1459
1436
1404
1368
1330
1290
1249
1207
1163
1117
1068
1011
945
864
772
675
574
474
379
284
191
104
22
-47
-109
-168
-227
-291
-358
-429
-498
-567
-633
-698
-764
-826
-878
-922
-953
-980
-1004
-1025
-1043
-1056
-1059
-1059
-1057
-1053
-1053
-1048
-1037
-1020
-993
-961
-929
-894
-854
-802
-736
-656
-561
-458
-348
-232
-112
14
140
263
378
479
568
651
728
806
884
960
1038
1112
1187
1262
1333
1397
1444
1471
1479
1469
1446
1414
1371
1320
1262
1198
1130
1062
993
920
834
733
615
481
338
187
35
-118
-268
-415
-553
-678
-788
-888
-978
-1067
-1157
-1252
-1348
-1441
-1532
-1617
-1695
-1761
-1807
-1827
-1820
-1781
-1718
-1636
-1538
-1432
-1319
-1202
-1082
-966
-853
-746
-640
-528
-413
-287
-154
-17
123
261
396
526
652
768
876
967
1048
1122
1190
1257
1323
1382
1432
1472
1499
1512
1509
1485
1443
1381
1303
1215
1124
1033
944
863
783
706
631
559
486
409
327
237
140
42
-54
-146
-230
-306
-374
-436
-490
-540
-588
-635
-685
-735
-786
-836
-881
-919
-947
-966
-974
-972
-959
-937
-909
-875
-839
-804
-771
-739
-705
-667
-626
-583
-543
-499
-459
-418
-376
-336
-297
-261
-228
-188
-143
-87
-20
55
140
230
323
420
516
606
686
751
800
838
865
886
902
913
917
919
922
929
939
952
960
961
952
935
910
877
837
788
730
661
589
513
436
358
274
186
92
-8
-112
-217
-325
-431
-537
-639
-735
-822
-900
-966
-1022
-1071
-1115
-1153
-1188
-1215
-1236
-1251
-1261
-1265
-1258
-1242
-1210
-1164
-1103
-1030
-952
-865
-773
-677
-579
-479
-382
-286
-192
-99
-2
99
201
303
402
500
596
688
780
864
941
1009
1064
1111
1148
1180
1200
1209
1206
1192
1169
1139
1102
1061
1013
962
905
847
786
723
660
596
526
450
371
289
205
122
37
-48
-134
-217
-296
-367
-429
-488
-539
-586
-629
-665
-694
-719
-741
-760
-779
-796
-809
-818
-821
-823
-822
-819
-815
-806
-792
-774
-751
-725
-694
-656
-613
-564
-509
-454
-397
-342
-293
-246
-202
-162
-125
-93
-61
-30
6
47
97
157
225
298
371
448
523
598
670
731
785
825
855
880
898
913
924
929
928
925
921
915
908
893
872
840
799
752
700
646
584
516
442
366
291
216
139
61
-22
-111
-203
-298
-391
-484
-579
-670
-756
-835
-902
-957
-1000
-1035
-1062
-1081
-1097
-1105
-1108
-1109
-1106
-1101
-1088
-1067
-1034
-990
-931
-861
-781
-692
-598
-498
-396
-296
-199
-108
-23
58
139
220
301
385
468
549
631
710
786
858
919
968
1009
1038
1057
1070
1074
1075
1069
1056
1041
1021
996
965
925
873
814
745
668
587
502
415
327
241
158
78
4
-70
-144
-221
-300
-379
-458
-532
-605
-672
-731
-784
-824
-855
-874
-886
-893
-895
-895
-891
-882
-869
-853
-834
-810
-782
-746
-705
-656
-604
-548
-490
-435
-379
-322
-265
-207
-152
-98
-43
11
65
120
174
223
269
310
347
383
414
444
471
496
521
547
574
601
630
656
678
698
713
724
727
726
719
705
689
667
643
617
589
558
529
495
463
429
392
354
313
266
220
170
120
72
23
-28
-76
-126
-174
-222
-270
-318
-368
-421
-473
-524
-574
-620
-665
-704
-739
-769
-792
-809
-821
-825
-826
-825
-817
-808
-794
-775
-752
-725
-691
-656
-613
-566
-514
-459
-402
-340
-278
-214
-149
-80
-10
62
134
207
279
348
418
482
540
595
645
689
730
765
795
821
840
856
869
875
876
872
860
844
819
791
756
717
672
623
568
511
451
387
321
254
184
116
46
-23
-91
-158
-220
-282
-339
-393
-443
-490
-533
-572
-607
-635
-657
-676
-689
-699
-705
-706
-705
-700
-691
-678
-663
-643
-619
-593
-564
-532
-497
-459
-421
-380
-338
-296
-253
-211
-167
-125
-83
-43
-6
33
69
106
139
171
200
230
260
290
325
358
394
429
461
497
529
561
589
610
629
641
650
655
658
656
651
642
631
615
597
575
549
522
491
454
418
379
338
294
249
200
150
97
44
-8
-61
-118
-175
-234
-294
-351
-407
-462
-515
-570
-621
-669
-712
-748
-777
-800
-814
-821
-821
-814
-804
-789
-772
-754
-734
-713
-686
-658
-626
-588
-543
-492
-433
-365
-294
-217
-139
-58
24
100
172
240
302
362
419
472
524
572
617
658
697
730
760
783
798
807
809
804
794
777
757
735
709
679
644
608
572
530
486
435
377
314
247
175
105
30
-41
-105
-163
-214
-260
-300
-334
-364
-391
-416
-439
-465
-487
-509
-525
-541
-550
-552
-549
-539
-527
-512
-495
-478
-467
-465
-460
-457
-452
-449
-443
-430
-411
-386
-349
-308
-261
-213
-168
-122
-84
-55
-30
-13
-1
10
16
29
46
67
97
136
184
239
299
355
412
465
515
559
589
613
630
643
648
650
641
634
628
620
615
602
585
566
543
519
491
453
410
370
319
268
214
158
106
46
-11
-63
-112
-155
-198
-241
-281
-320
-363
-402
-447
-498
-550
-608
-662
-714
-759
-800
-832
-849
-850
-837
-822
-791
-756
-718
-676
-636
-603
-577
-553
-528
-499
-467
-426
-376
-311
-229
-136
-35
66
167
262
340
404
452
487
511
525
539
558
590
630
680
732
791
850
902
941
958
953
924
884
831
765
692
612
533
461
399
341
286
227
162
98
34
-24
-78
-140
-210
-279
-330
-366
-397
-430
-464
-498
-528
-545
-558
-582
-614
-635
-629
-603
-580
-561
-527
-468
-411
-367
-329
-288
-276
-320
-411
-510
-591
-638
-662
-674
-660
-589
-442
-229
-14
144
255
334
385
358
232
31
-191
-359
-434
-435
-379
-226
61
466
905
1294
1610
1867
2035
2078
1981
1756
1461
1159
885
643
426
285
272
357
458
512
523
495
409
228
-55
-422
-822
-1169
-1423
-1582
-1650
-1599
-1397
-1074
-702
-330
-24
169
210
104
-137
-496
-954
-1471
-1972
-2340
-2454
-2275
-1838
-1314
-758
-141
531
1175
1603
1717
1567
1270
929
565
178
-225
-510
-522
-285
115
493
813
1103
1315
1393
1274
952
510
56
-317
-567
-694
-657
-437
-37
429
883
1286
1600
1771
1733
1497
1120
681
282
-55
-321
-470
-484
-292
19
320
547
690
750
711
528
162
-315
-801
-1168
-1361
-1394
-1326
-1102
-732
-289
137
388
361
68
-507
-1367
-2477
-3763
-4959
-5819
-6233
-6206
-5716
-4766
-3317
-1454
573
2498
4095
5296
6072
6354
6043
5220
4080
2896
1857
1060
534
288
382
788
1348
1805
2005
1915
1535
852
-130
-1315
-2459
-3405
-3916
-3926
-3528
-2664
-1394
196
1882
3329
4406
5033
5158
4844
4101
3035
1763
502
-497
-1177
-1513
-1579
-1429
-1145
-909
-788
-904
-1317
-1983
-2818
-3600
-4268
-4722
-4802
-4454
-3633
-2391
-956
512
1798
2716
3224
3119
2322
1011
-450
-1748
-2674
-3158
-3299
-2988
-2146
-818
826
2233
3173
3628
3625
3162
2158
778
-834
-2206
-3056
-3271
-2923
-2228
-1085
441
2045
3352
4099
4298
3984
3278
2335
1130
-69
-1023
-1463
-1319
-852
-159
704
1589
2269
2536
2339
1666
636
-465
-1599
-2523
-3102
-3188
-2550
-1469
-211
1126
2336
3261
3772
3729
3081
1923
503
-1034
-2242
-3142
-3674
-3545
-3034
-2207
-1205
-317
258
249
-593
-2106
-3850
-5560
-6992
-7815
-8091
-7573
-6028
-3623
-507
2702
5545
7922
9613
10320
9855
8292
5955
3229
624
-1573
-3149
-3962
-3943
-2953
-1401
224
1630
2704
3356
3311
2568
1319
-251
-1656
-2568
-2836
-2448
-1496
130
2275
4438
6156
7214
7514
6954
5567
3502
958
-1659
-3953
-5594
-6492
-6731
-6156
-4871
-3124
-1366
39
1017
1423
1324
728
-274
-1406
-2303
-2607
-2380
-1672
-559
821
2414
3857
4709
4735
3887
2353
353
-2118
-4965
-7569
-9270
-9886
-9391
-7850
-5782
-3231
-197
2807
5417
6878
7212
6891
5890
4178
2041
-64
-1987
-3200
-3510
-3187
-2441
-1463
-181
1289
2223
2415
2249
1693
733
-231
-1059
-1711
-1862
-1423
-349
961
2203
3456
4531
5094
4907
4108
2893
1326
-319
-1804
-3000
-3645
-3535
-2635
-1259
295
1808
3179
4148
4320
3778
2676
1179
-419
-1927
-3209
-3976
-4040
-3408
-2307
-1236
-368
345
617
146
-1206
-3274
-5603
-7537
-8723
-9039
-8421
-7006
-4415
-1004
2575
5992
8692
10502
11121
10467
8582
5663
2328
-870
-3374
-5161
-6042
-5716
-4376
-2293
-44
1986
3478
4238
4315
3678
2447
888
-494
-1253
-1350
-774
450
2186
4157
5867
7042
7358
6663
5224
3062
432
-2225
-4638
-6264
-6937
-6740
-5671
-3984
-1896
158
1811
2809
3013
2608
1624
271
-1219
-2601
-3390
-3538
-3101
-2203
-1151
71
1201
1947
2147
1562
455
-945
-2455
-3810
-4931
-5595
-5662
-5164
-4441
-3489
-2100
-648
780
2067
2686
2862
2879
2721
2580
2176
1509
1041
812
467
47
-376
-975
-1387
-1521
-1577
-1479
-1293
-810
107
931
1477
1970
2378
2532
2563
2405
1891
1402
1119
1013
1115
1199
1378
1751
2057
2181
2009
1610
953
159
-593
-1334
-1865
-2050
-1906
-1410
-737
-23
785
1480
1901
2050
1859
1340
520
-480
-1411
-2108
-2433
-2523
-2414
-2189
-2097
-2113
-2402
-3335
-4707
-6049
-7042
-7406
-7166
-6290
-4757
-2521
274
3364
6159
8282
9608
9972
9199
7270
4638
1566
-1255
-3544
-5108
-5702
-5337
-3988
-1943
287
2188
3646
4547
4832
4485
3637
2525
1536
1068
1167
1761
2713
3866
5130
6003
6261
5745
4353
2408
56
-2353
-4563
-6271
-7100
-6933
-5947
-4259
-2245
-182
1606
2790
3342
3132
2296
961
-510
-1847
-2921
-3437
-3360
-2908
-2113
-1221
-417
79
39
-352
-1057
-1991
-2933
-3724
-4154
-4140
-3586
-2499
-1278
-125
745
1263
1113
394
-532
-1590
-2617
-3187
-3329
-3194
-2332
-1017
768
2630
4066
5059
5564
5310
4476
3341
1722
129
-1098
-1765
-2025
-1838
-1253
-409
592
1330
1896
2159
1810
1331
884
315
-44
-44
296
873
1670
2421
2906
3117
2928
2417
1723
792
-103
-760
-1170
-1244
-1020
-548
104
848
1481
1815
1730
1217
267
-796
-1890
-2873
-3468
-3649
-3471
-2967
-2246
-1646
-1214
-1221
-1870
-3041
-4610
-6175
-7149
-7454
-6932
-5582
-3576
-1150
1532
4278
6520
8005
8491
7970
6408
4176
1634
-747
-2675
-3975
-4208
-3607
-2308
-460
1546
3277
4475
5037
5041
4475
3555
2604
1816
1419
1502
2125
3145
4220
5138
5695
5630
4841
3298
1273
-1044
-3271
-5018
-6082
-6274
-5658
-4296
-2372
-317
1577
2972
3617
3610
2838
1528
-75
-1762
-3205
-4176
-4509
-4306
-3770
-2961
-2129
-1452
-1049
-1127
-1574
-2361
-3208
-3826
-4145
-4004
-3320
-2268
-846
637
1934
2932
3312
3020
2019
384
-1806
-3890
-5442
-6419
-6567
-5786
-4350
-2234
272
2719
5072
6650
7457
7671
7088
5733
3997
2170
406
-958
-1814
-2166
-2099
-1720
-1069
-225
399
760
1086
1192
1075
1098
1172
1334
1713
2117
2575
2923
3020
3013
2802
2289
1599
851
185
-333
-560
-652
-654
-494
-331
-105
142
92
-258
-787
-1449
-1974
-2354
-2532
-2459
-2169
-1709
-1201
-742
-478
-633
-1150
-2058
-3549
-5343
-7127
-8450
-9021
-8741
-7604
-5633
-3127
-321
2640
5231
7206
8370
8595
7950
6593
4764
2751
1042
-149
-847
-874
-329
577
1603
2491
3008
3094
2755
2093
1380
640
75
-11
474
1432
2750
4162
5406
6167
6298
5760
4498
2702
566
-1629
-3512
-4841
-5441
-5188
-4347
-3080
-1584
-136
999
1619
1530
806
-275
-1586
-2813
-3767
-4313
-4272
-3642
-2603
-1367
-295
388
662
459
-314
-1514
-2890
-4126
-4964
-5276
-4924
-3999
-2692
-1121
533
1882
2750
2994
2558
1555
-46
-2183
-3846
-4534
-4688
-4048
-2541
-910
884
2979
4763
6300
6952
6583
5884
4655
2685
741
-805
-2262
-3042
-3094
-2708
-2005
-1074
-2
1124
1888
2074
2262
2336
1950
1807
1831
1596
1763
2205
2573
3011
3253
3231
3136
2740
2102
1306
384
-488
-1133
-1600
-2021
-2265
-2336
-2264
-2060
-1736
-1451
-1087
-667
-282
3
164
150
-23
-88
-261
-667
-1135
-1802
-2739
-3744
-5111
-6751
-8122
-8980
-9111
-8350
-6879
-4877
-2368
419
3124
5612
7587
8674
9106
8700
7477
5698
3525
1436
-241
-1572
-2345
-2403
-2047
-1285
-308
601
1304
1858
2263
2440
2469
2435
2445
2691
3173
3770
4293
4649
4825
4696
4221
3295
2033
532
-1103
-2563
-3620
-4286
-4516
-4290
-3630
-2689
-1667
-576
309
792
847
600
210
-309
-916
-1376
-1756
-1989
-1977
-1953
-1879
-1904
-2087
-2309
-2659
-3146
-3606
-3921
-3898
-3512
-2834
-1921
-916
120
1090
1892
2372
2369
2019
1333
137
-1077
-1930
-2432
-2553
-2101
-1338
-579
295
1095
1829
2333
2473
2392
2260
1948
1446
1107
782
549
608
784
911
940
953
913
899
762
551
556
453
581
1079
1457
1821
2212
2353
2262
2098
1715
1170
688
332
81
76
205
527
973
1225
1310
1101
527
-208
-949
-1704
-2339
-2811
-3024
-2974
-2632
-2089
-1410
-659
-92
401
602
401
-81
-824
-1680
-2819
-4453
-6174
-7561
-8465
-8548
-7717
-6256
-4305
-2076
470
3261
5835
7884
9148
9637
9092
7730
5890
3623
1324
-802
-2526
-3625
-4052
-3813
-2955
-1792
-561
694
1820
2708
3332
3649
3680
3619
3627
3721
3927
4165
4320
4363
4193
3756
2946
1687
100
-1607
-3184
-4475
-5445
-5835
-5614
-4833
-3461
-1794
-79
1418
2462
3028
3093
2590
1637
356
-1007
-2204
-3169
-3770
-4008
-3925
-3602
-3145
-2653
-2297
-2118
-2078
-2089
-2073
-2001
-1699
-1083
-312
602
1603
2477
3174
3413
3083
2266
743
-1360
-3317
-4607
-5470
-5732
-5091
-3918
-2180
-121
1930
4152
5715
6374
6641
6151
4801
3131
1498
-54
-1272
-2034
-2263
-2003
-1504
-765
209
987
1245
1447
1560
1259
1036
882
724
811
961
1267
1761
2185
2536
2809
2802
2551
2127
1580
971
339
-324
-1098
-1800
-2330
-2777
-3092
-3164
-3144
-3078
-2735
-2173
-1644
-1010
-340
265
816
1090
1248
1302
1048
402
-514
-1849
-3836
-5945
-7687
-8809
-9135
-8581
-7166
-5018
-2489
93
2970
5657
7614
8903
9334
8902
7602
5775
3817
1871
25
-1456
-2307
-2613
-2488
-1960
-1109
-325
285
903
1479
1923
2258
2645
3154
3646
4114
4608
5037
5154
4938
4446
3570
2281
667
-986
-2551
-3959
-4952
-5427
-5343
-4753
-3793
-2483
-1076
180
1148
1782
1974
1685
1045
194
-724
-1669
-2471
-3082
-3381
-3418
-3223
-2840
-2447
-2102
-1905
-1788
-1762
-1730
-1586
-1307
-843
-260
409
1132
1820
2352
2518
2337
1705
464
-945
-2120
-3125
-3845
-3877
-3384
-2515
-1372
-86
1406
2597
3290
3855
4105
3687
2936
2285
1505
697
145
-107
-67
12
243
686
972
795
632
561
198
-64
-31
102
352
829
1381
1972
2465
2706
2889
2764
2299
1779
1094
330
-351
-871
-1267
-1576
-1681
-1676
-1672
-1767
-1915
-1984
-2061
-2144
-2018
-1691
-1323
-798
-78
560
1023
1299
1377
1298
872
40
-1045
-2562
-4557
-6647
-8385
-9535
-9920
-9097
-7275
-4818
-1900
1069
4069
6810
8841
10105
10409
9671
8100
6028
3676
1348
-651
-2329
-3243
-3460
-3261
-2533
-1504
-414
553
1381
2008
2430
2749
2941
3150
3479
3771
4097
4534
4872
4939
4650
3945
2886
1443
-262
-1906
-3485
-4846
-5776
-6101
-5836
-5073
-3856
-2359
-823
499
1569
2225
2385
2033
1178
134
-994
-2069
-2800
-3157
-3198
-3039
-2684
-2200
-1756
-1482
-1383
-1424
-1614
-1802
-1819
-1552
-1097
-473
348
1222
1993
2590
2847
2550
1731
532
-1160
-3201
-4728
-5321
-5269
-4539
-2930
-910
1210
3154
4930
6510
6950
6342
5290
3812
1739
-314
-1768
-2890
-3479
-3376
-2483
-1159
63
1358
2643
3337
3240
3005
2583
1721
934
399
55
-90
-5
367
895
1235
1388
1391
1131
669
134
-333
-717
-1081
-1332
-1409
-1415
-1315
-1116
-890
-686
-571
-764
-985
-958
-1087
-1191
-1116
-958
-680
-376
-165
-86
-330
-1355
-2820
-4384
-6064
-7321
-7703
-7283
-6136
-4156
-1812
691
3238
5457
7301
8339
8329
7554
6219
4275
2212
524
-939
-1932
-2245
-2094
-1574
-822
-55
580
1055
1398
1589
1777
1971
2287
2845
3463
4141
4831
5287
5407
5164
4350
3092
1545
-176
-1864
-3305
-4295
-4869
-4859
-4318
-3419
-2278
-1149
-146
579
964
870
453
-75
-823
-1475
-1940
-2261
-2351
-2309
-2069
-1694
-1429
-1335
-1376
-1533
-1822
-2133
-2319
-2392
-2267
-1885
-1240
-402
457
1243
1893
2231
2138
1616
491
-951
-2086
-2832
-3391
-3435
-2906
-2128
-1072
40
1297
2378
2924
3289
3420
3137
2347
1557
907
151
-393
-505
-301
-50
382
1069
1644
1820
1814
1824
1551
1046
716
458
187
101
199
471
760
1061
1404
1540
1505
1370
1144
919
616
298
40
-195
-288
-345
-418
-542
-830
-1160
-1490
-1796
-2079
-2210
-2098
-1910
-1538
-989
-494
-116
188
478
631
624
425
-41
-789
-1977
-3519
-5138
-6595
-7428
-7417
-6669
-5180
-3105
-754
1569
3854
5957
7403
8028
7821
6963
5506
3536
1616
39
-1305
-2286
-2466
-2041
-1486
-655
401
1379
2036
2368
2652
2778
2590
2421
2520
2694
2834
3187
3613
3779
3684
3267
2504
1400
21
-1418
-2716
-3772
-4497
-4759
-4507
-3796
-2792
-1588
-344
733
1414
1660
1541
976
107
-911
-1884
-2652
-3170
-3284
-3067
-2679
-2186
-1703
-1333
-1132
-1137
-1341
-1639
-1966
-2132
-1938
-1410
-621
393
1400
2114
2558
2599
2166
1324
86
-1372
-2855
-4435
-5812
-6093
-5396
-4241
-2373
173
2690
4800
6347
7337
7635
6861
5379
3761
1972
-212
-1846
-2665
-3189
-3247
-2648
-1495
-388
604
1622
2563
2890
2730
2792
2698
2233
1927
1908
1797
1633
1462
1203
854
406
-124
-577
-922
-1245
-1316
-1192
-1027
-833
-709
-652
-592
-720
-1117
-1356
-1476
-1786
-1843
-1514
-1165
-899
-544
-105
273
499
400
212
-244
-1389
-2945
-4530
-6085
-7207
-7559
-7185
-5946
-4122
-1988
320
2669
4688
6215
7116
7177
6736
5711
4159
2637
1350
128
-703
-949
-904
-638
-156
420
846
997
977
1091
1170
1133
1405
1963
2576
3331
4247
5083
5587
5591
5037
4018
2543
648
-1305
-3074
-4504
-5428
-5717
-5304
-4358
-3169
-1799
-388
743
1431
1668
1490
777
-148
-1123
-1957
-2446
-2718
-2550
-2172
-1750
-1294
-986
-880
-961
-1290
-1859
-2410
-2860
-3131
-3008
-2419
-1544
-429
594
1363
2019
2191
1956
1445
502
-725
-1995
-3480
-4870
-5033
-4283
-3302
-1675
445
2319
3898
4917
5582
5966
5221
3926
2781
1546
-131
-1237
-1537
-1850
-1784
-1256
-227
678
1218
1906
2644
2757
2477
2726
2810
2417
2284
2268
2051
1815
1347
804
237
-548
-1264
-1691
-1855
-1922
-1652
-1114
-520
95
464
594
653
310
-269
-554
-752
-953
-975
-859
-835
-883
-917
-992
-1095
-1541
-2482
-3650
-5123
-6724
-7809
-7869
-6900
-5256
-3069
-504
2064
4108
5586
6717
7146
6538
5223
3627
1818
-76
-1663
-2560
-2854
-2632
-1888
-696
657
1659
2298
2676
2673
2352
2020
1893
1953
2149
2536
3188
3964
4460
4669
4679
4128
2978
1418
-240
-1827
-3262
-4147
-4298
-3814
-2946
-1833
-455
836
1658
2077
2040
1581
614
-609
-1701
-2723
-3370
-3618
-3384
-2713
-1977
-1196
-417
63
174
34
-424
-1054
-1679
-2247
-2614
-2557
-2364
-1930
-1136
-452
156
556
561
356
-19
-990
-1990
-2179
-2229
-2303
-1577
-447
429
1390
2068
2641
3072
2608
1936
1528
710
-494
-863
-861
-1028
-713
-85
714
1373
1693
2200
2653
2359
2013
2052
1706
1072
941
815
575
699
683
791
1067
1022
963
952
623
253
143
51
8
219
409
488
663
480
128
-165
-785
-1420
-1819
-2160
-2267
-1988
-1609
-1207
-687
-343
-171
-26
-355
-1067
-2053
-3512
-5058
-6297
-6777
-6303
-5143
-3482
-1391
861
2669
3986
5046
5572
5327
4483
3374
2127
725
-568
-1314
-1566
-1604
-1407
-762
13
511
877
1195
1279
1120
1135
1444
1962
2574
3325
4297
5152
5573
5547
5096
4020
2402
488
-1360
-2888
-4100
-4746
-4539
-3663
-2439
-914
798
2281
3127
3393
3160
2424
1176
-357
-1622
-2673
-3549
-3844
-3569
-2998
-2329
-1666
-1084
-723
-665
-779
-906
-1167
-1503
-1632
-1630
-1499
-1161
-879
-601
-280
-175
-200
-436
-936
-1446
-1983
-2934
-3680
-3247
-2373
-1434
37
1579
2647
3290
3450
3570
3359
2173
925
82
-884
-2061
-2319
-1953
-1628
-974
-78
1021
1693
1963
2458
2879
2545
2140
2232
2184
1945
1903
1907
1780
1595
1249
1010
555
-206
-820
-1174
-1342
-1188
-581
102
926
1805
2263
2408
2438
1920
1040
194
-786
-1753
-2445
-2874
-3073
-2999
-2788
-2397
-1971
-1942
-2245
-2875
-3957
-5088
-5631
-5282
-4209
-2635
-739
1402
3316
4579
5417
5788
5266
3878
2129
220
-1630
-3135
-3963
-3924
-3223
-2163
-694
949
2131
2778
3077
2995
2436
1815
1447
1325
1412
1825
2710
3750
4517
4963
5074
4514
3281
1667
-55
-1726
-3207
-4184
-4436
-3978
-2969
-1509
214
1805
3012
3732
3900
3496
2560
1182
-359
-1767
-3001
-3851
-4159
-3993
-3471
-2660
-1690
-779
-108
237
336
136
-327
-914
-1406
-1791
-2108
-2169
-2082
-2112
-2145
-1885
-1533
-1292
-1050
-798
-693
-765
-875
-786
-533
-339
39
663
1185
1394
1599
1726
1534
1113
574
67
-557
-1047
-1124
-948
-745
-402
129
548
828
1075
1269
1386
1437
1465
1610
1805
2069
2346
2567
2655
2462
2137
1638
945
212
-516
-1051
-1204
-1051
-533
250
1102
1890
2435
2611
2369
1871
1222
392
-427
-1136
-1749
-2216
-2548
-2609
-2539
-2445
-2402
-2543
-2933
-3810
-4937
-5646
-5608
-4962
-3778
-2087
-97
1717
3156
4342
5141
5243
4541
3438
2141
529
-1141
-2449
-3222
-3609
-3634
-2980
-1884
-834
81
948
1648
1993
2230
2680
3139
3417
3697
4132
4489
4423
4146
3801
3176
2144
970
-112
-1205
-2190
-2791
-2944
-2746
-2237
-1389
-276
760
1682
2456
2970
3173
2971
2504
1726
734
-202
-1098
-1867
-2467
-2899
-3089
-3053
-2776
-2419
-2053
-1698
-1366
-906
-527
-299
-96
-190
-484
-673
-778
-762
-827
-1018
-1202
-1423
-2134
-3140
-3374
-3131
-2841
-2095
-1083
-337
262
874
1663
2415
2522
2347
2437
2314
1372
616
104
-748
-1377
-1651
-1620
-1759
-1880
-1403
-672
-214
137
880
1633
1994
2459
2964
3114
3012
2751
2542
2118
1449
850
370
-97
-564
-611
-502
-439
-62
278
454
755
906
1026
1327
1590
1739
1857
1733
1240
740
258
-376
-1152
-2179
-3484
-4782
-6097
-7302
-7907
-7514
-6250
-4480
-2333
-171
1866
3549
4812
5864
6264
5743
4787
3624
2142
419
-1253
-2490
-3297
-3820
-3848
-3323
-2722
-2149
-1372
-542
121
710
1510
2381
3070
3639
4238
4810
5151
5220
5162
4844
3986
2772
1430
-117
-1726
-3064
-3996
-4448
-4462
-3936
-2856
-1586
-287
1003
2232
3191
3747
3885
3553
2798
1756
652
-328
-1170
-1771
-2009
-1960
-1844
-1850
-1785
-1739
-1816
-1840
-1951
-1964
-1807
-1605
-1248
-901
-792
-876
-721
-318
-69
102
221
156
46
-141
-365
-504
-816
-1194
-1402
-1520
-1884
-2109
-1880
-1622
-1142
-551
144
887
1484
2167
2691
2705
2359
1912
1274
350
-566
-1229
-1721
-1900
-1760
-1349
-797
-301
290
909
1302
1470
1618
1626
1408
1264
1156
1004
1103
1303
1568
1876
1868
1677
1338
692
-63
-665
-1068
-1239
-1169
-914
-560
-135
256
665
1090
1204
953
312
-673
-2056
-3686
-5046
-5670
-5390
-4565
-3309
-1774
-348
932
2105
3011
3665
3841
3611
3301
2600
1630
559
-391
-1131
-1728
-2096
-2177
-1919
-1618
-1246
-714
-152
372
958
1669
2326
2718
3061
3401
3471
3313
3038
2874
2557
1964
1330
586
-277
-1074
-1695
-2106
-2364
-2416
-2054
-1479
-954
-378
319
860
1233
1433
1427
1331
1047
661
321
-83
-485
-640
-673
-752
-954
-1185
-1339
-1485
-1596
-1646
-1616
-1555
-1475
-1332
-1342
-1571
-1629
-1357
-1007
-656
-325
-31
299
524
657
759
652
470
432
223
-245
-697
-1048
-1161
-1226
-1273
-1083
-815
-470
50
570
906
1104
1277
1338
1197
966
707
468
192
-6
-34
-73
-71
-1
118
198
209
248
173
115
145
168
328
418
385
429
482
626
790
802
715
554
390
324
339
304
192
110
-32
-208
-361
-529
-620
-884
-1263
-1729
-2495
-3350
-3834
-3596
-2938
-2064
-1057
-108
755
1490
2058
2561
2795
2747
2807
2711
2178
1472
828
88
-643
-1282
-1728
-1841
-1888
-1707
-1237
-773
-298
312
953
1523
2003
2467
2911
3150
3237
3285
3254
3067
2734
2288
1676
930
95
-694
-1348
-1894
-2240
-2337
-2192
-1989
-1677
-1152
-673
-270
131
394
601
704
668
771
800
761
759
620
405
137
-250
-785
-1426
-2031
-2382
-2488
-2515
-2413
-2210
-1994
-1625
-1176
-760
-371
-123
23
74
-141
-768
-1372
-1357
-914
-250
471
727
748
800
582
317
-24
-386
-246
134
243
241
366
329
316
321
293
460
598
899
1208
1250
1206
1106
903
483
60
-102
-248
-383
-359
-122
221
502
865
1097
1024
779
568
252
-115
-151
-203
-394
-486
-592
-596
-569
-688
-630
-549
-565
-361
-131
-105
-158
-296
-618
-1254
-2183
-3125
-3648
-3455
-2754
-1865
-1041
-208
776
1575
1967
2099
2254
2455
2584
2510
2080
1760
1473
996
506
-185
-736
-1046
-1354
-1481
-1326
-1060
-639
-134
323
844
1404
1897
2274
2514
2695
2982
3102
3044
2897
2676
2355
1761
1016
180
-627
-1231
-1658
-1866
-1885
-1836
-1589
-1321
-1161
-1016
-953
-1000
-985
-918
-736
-379
-92
221
684
1103
1340
1386
1100
699
203
-488
-1181
-1896
-2427
-2644
-2717
-2884
-3107
-2999
-2498
-1880
-1238
-745
-263
410
790
890
860
859
1140
1309
1072
606
302
-6
-366
-713
-985
-915
-832
-740
-630
-479
-144
189
421
657
966
1365
1728
1845
1867
1846
1673
1274
807
439
149
-121
-354
-519
-498
-297
-184
-114
77
298
584
789
729
688
660
540
364
115
-219
-480
-719
-942
-1038
-1036
-977
-1041
-1041
-891
-656
-493
-571
-876
-1269
-1776
-2286
-2479
-2262
-1677
-1044
-554
-134
348
820
1071
1154
1296
1673
1980
2044
2020
1907
1899
1596
1041
524
-9
-370
-683
-811
-791
-641
-456
-259
-35
302
716
980
1247
1511
1922
2334
2509
2574
2686
2640
2390
1979
1396
867
301
-304
-765
-1037
-1120
-1163
-1313
-1460
-1470
-1395
-1346
-1408
-1471
-1307
-1085
-751
-364
-56
288
501
581
589
502
266
-40
-441
-760
-971
-1232
-1468
-1775
-2095
-2491
-2819
-2705
-2148
-1533
-1055
-702
-284
325
547
654
734
795
878
655
471
343
310
39
-293
-583
-675
-550
-688
-616
-456
-72
395
598
832
1150
1391
1528
1574
1557
1646
1655
1431
1183
992
808
570
168
-74
-112
-111
-124
-194
-121
93
264
409
550
687
810
730
440
114
-205
-598
-920
-1268
-1368
-1294
-1248
-1147
-1241
-1366
-1592
-1901
-2312
-2686
-2825
-2546
-1876
-1182
-453
166
790
1282
1546
1827
2067
2233
2212
2039
1841
1674
1309
768
246
-244
-500
-757
-950
-975
-915
-681
-487
-252
97
499
830
1079
1322
1664
2141
2448
2567
2579
2473
2279
1909
1432
1059
709
351
3
-265
-366
-554
-827
-1048
-1143
-1145
-1168
-1274
-1287
-1089
-881
-615
-406
-196
85
240
271
174
34
-126
-319
-477
-540
-536
-627
-820
-1133
-1434
-1798
-2319
-2633
-2673
-2355
-1941
-1522
-970
-279
254
472
639
806
1012
925
716
562
503
361
-13
-410
-622
-695
-878
-964
-918
-603
-277
-141
3
315
679
900
980
1103
1415
1705
1865
1827
1766
1694
1431
989
602
403
365
335
217
178
234
234
135
68
137
290
326
280
237
245
168
-80
-378
-579
-696
-839
-948
-1133
-1316
-1546
-1876
-2265
-2601
-2570
-2196
-1608
-1149
-859
-567
-253
-3
112
389
828
1362
1782
2079
2341
2460
2276
1766
1244
731
245
-298
-706
-916
-988
-1028
-1100
-1023
-820
-546
-347
-94
263
740
1219
1624
1980
2352
2621
2618
2457
2208
1986
1691
1349
1036
816
621
247
-188
-581
-911
-1234
-1543
-1721
-1756
-1613
-1419
-1151
-811
-464
-142
127
366
495
561
470
302
153
5
-199
-500
-792
-1058
-1346
-1756
-2155
-2346
-2277
-2138
-1990
-1733
-1403
-1094
-859
-630
-255
196
535
825
1079
1246
1180
832
429
101
-152
-379
-548
-538
-371
-254
-304
-338
-390
-379
-371
-392
-179
123
485
806
1137
1443
1650
1733
1696
1685
1599
1473
1211
968
830
623
384
69
-152
-203
-186
-213
-252
-205
-200
-206
-270
-308
-273
-278
-238
-124
6
-63
-395
-837
-1194
-1610
-2021
-2189
-1955
-1451
-1057
-831
-554
-211
-145
-159
-102
269
674
915
1223
1587
1994
1984
1807
1568
1385
1047
526
158
-193
-330
-644
-927
-1031
-1015
-874
-847
-742
-573
-248
34
255
543
877
1268
1474
1648
1873
2065
2149
2021
1868
1775
1577
1210
789
402
51
-336
-712
-1000
-1145
-1233
-1253
-1146
-990
-758
-593
-419
-323
-309
-260
-188
-15
102
203
189
100
-230
-697
-968
-1074
-1024
-1068
-1086
-1045
-981
-1126
-1287
-1257
-1138
-979
-968
-776
-521
-293
-244
-247
-124
17
111
75
209
291
238
-11
-341
-487
-574
-679
-731
-565
-283
-54
24
84
168
243
240
231
380
677
970
1182
1415
1602
1680
1504
1172
882
623
359
109
28
52
32
-43
-159
-235
-309
-415
-509
-510
-388
-190
50
199
221
138
-30
-303
-620
-779
-747
-613
-498
-402
-240
-76
-69
-101
31
247
409
471
577
814
977
1000
997
1061
1112
1072
987
981
973
814
580
240
-76
-399
-716
-953
-1093
-1154
-1175
-1100
-1013
-798
-570
-336
-118
116
433
693
912
1061
1265
1445
1568
1573
1521
1458
1244
989
658
351
26
-294
-549
-733
-862
-1051
-1186
-1233
-1162
-1033
-871
-712
-604
-543
-522
-611
-713
-693
-528
-224
-71
45
86
99
-101
-357
-426
-444
-362
-435
-322
-228
-208
-403
-637
-642
-702
-694
-773
-558
-305
-133
-20
20
172
183
84
-59
-106
-156
-221
-255
-222
-100
-20
0
49
108
188
185
173
272
382
557
625
672
704
729
727
706
736
673
622
511
411
294
87
-107
-291
-374
-446
-520
-521
-471
-382
-321
-223
-134
-92
-95
-181
-186
-274
-387
-413
-331
-142
-90
-54
-24
72
93
60
103
217
396
472
594
705
756
733
687
750
876
973
994
1040
1100
1056
897
644
411
218
-26
-246
-465
-576
-658
-761
-807
-809
-741
-674
-581
-443
-208
22
193
388
583
761
865
876
933
966
964
860
728
622
469
292
50
-134
-365
-576
-816
-1005
-1111
-1195
-1191
-1133
-1000
-919
-855
-837
-780
-700
-556
-354
-136
53
177
231
195
92
-43
-80
-98
-38
-16
-22
-70
-190
-301
-413
-462
-477
-433
-372
-283
-244
-242
-243
-265
-259
-247
-234
-204
-208
-241
-285
-325
-328
-303
-218
-110
-2
81
154
224
296
351
377
425
478
546
604
620
622
620
600
560
471
346
209
57
-68
-146
-177
-177
-166
-164
-128
-134
-165
-187
-192
-145
-99
-22
59
163
206
223
206
166
162
134
172
163
150
120
101
104
86
63
30
50
57
116
212
341
463
562
636
683
660
596
563
550
585
568
551
493
410
283
124
-40
-183
-251
-295
-268
-262
-248
-204
-149
-62
2
62
127
189
279
377
468
511
491
419
314
189
-3
-172
-311
-392
-462
-553
-628
-691
-746
-815
-867
-880
-826
-741
-641
-548
-467
-391
-326
-271
-206
-165
-140
-131
-130
-119
-152
-205
-269
-298
-302
-292
-306
-338
-359
-392
-392
-406
-400
-371
-324
-254
-199
-141
-88
-34
14
31
27
12
-4
-10
-29
-30
-23
1
19
45
90
106
123
144
197
259
306
320
331
376
430
477
504
532
532
517
475
405
323
241
177
151
141
102
63
34
29
42
62
85
128
177
236
290
320
329
313
325
329
308
243
157
72
-5
-69
-143
-184
-201
-206
-202
-196
-200
-207
-206
-200
-164
-122
-61
2
79
166
209
250
292
346
390
393
353
304
267
235
211
173
162
159
153
163
167
159
164
188
234
289
322
333
336
346
341
318
274
208
121
33
-36
-130
-214
-294
-362
-418
-485
-556
-609
-628
-647
-671
-661
-623
-579
-513
-470
-423
-361
-313
-265
-210
-196
-236
-293
-378
-431
-478
-540
-568
-554
-535
-529
-505
-518
-528
-489
-467
-424
-335
-309
-320
-285
-263
-266
-227
-164
-84
37
140
157
159
189
164
149
178
218
249
330
359
348
376
335
331
411
486
535
563
526
514
488
426
388
369
339
314
297
222
240
208
200
259
324
361
374
418
365
357
316
261
286
392
440
473
519
441
352
286
215
110
55
-14
-47
-109
-179
-225
-319
-332
-347
-336
-321
-243
-215
-181
-72
-73
-114
-119
-73
-150
-114
-91
-123
-47
20
9
-8
66
-22
-7
33
59
76
71
113
104
162
127
149
165
245
274
264
317
241
178
125
125
9
-28
-85
-272
-361
-431
-553
-664
-548
-554
-565
-407
-416
-471
-405
-353
-434
-324
-203
-200
-93
-59
-93
-156
-116
-130
-119
-83
-94
-98
-271
-304
-345
-483
-541
-406
-392
-486
-301
-297
-436
-271
-159
-323
-69
165
-37
113
326
70
82
341
127
209
469
257
273
470
340
342
522
333
367
541
252
247
491
278
204
459
250
187
376
109
-9
317
121
-108
235
175
20
122
126
-95
169
220
-33
273
395
236
185
432
234
273
301
91
183
168
-11
-135
139
-57
-106
32
-55
-174
-120
-183
-321
-94
-202
-310
-135
-21
-245
-159
-125
-245
-145
-96
-130
-23
131
-74
-98
24
-5
-139
37
23
-66
-5
-44
-102
-4
155
22
136
138
83
21
47
-31
-32
105
28
136
43
4
14
-31
-204
-136
3
-215
-78
14
-250
-228
-47
-322
-273
47
-204
-179
35
-118
-247
-67
-165
-337
18
-99
-188
-93
-137
-241
-240
-87
-264
-91
1
-110
-95
-111
-273
-222
-90
-208
-18
147
-40
-79
103
-66
-133
28
13
30
202
134
-22
30
106
40
-13
96
265
234
181
326
252
177
201
185
-13
405
330
-54
272
372
24
-27
334
-4
257
337
176
130
324
145
-180
182
24
-92
-7
296
-43
138
151
-74
-49
167
-25
-56
409
-57
154
11
92
-126
35
25
35
219
-124
72
-218
12
-272
-197
-248
-118
-266
-329
10
-473
-162
-271
-224
-252
53
-87
-218
218
-343
-181
-96
-128
-103
112
111
-89
309
-119
-11
27
86
43
109
295
30
331
-130
87
-191
-18
30
-79
271
-68
204
-66
-29
-116
33
-126
58
15
-91
96
-123
-32
-188
269
-153
71
109
-33
200
-119
87
-218
-59
21
-43
93
41
77
-83
-46
-84
9
-123
-36
-70
-119
-23
-340
-13
-185
14
-170
-120
20
-75
45
-72
166
-116
-76
-176
86
-212
237
47
-31
267
1
48
-170
354
-233
309
78
78
118
110
134
-199
208
-93
175
-92
312
28
-9
61
-106
-107
130
148
-160
204
-108
-79
-115
18
-180
275
196
-60
292
22
59
-71
9
78
130
109
31
196
-103
-37
-44
-155
262
-3
181
72
130
-97
-55
-9
-314
234
-192
-122
172
48
-173
98
-40
-285
-7
-39
-274
185
216
-182
87
-42
-250
-255
166
-142
98
310
91
-97
59
-63
-265
15
-17
-79
98
179
-375
172
-104
-117
-114
270
25
13
260
-261
220
-253
-136
-250
272
-310
-13
152
-144
101
-89
8
-187
448
-277
82
85
68
-231
80
-13
-169
481
-176
92
-24
237
-422
54
153
-165
159
-14
-107
-197
72
-370
99
121
-172
74
122
-138
20
149
-50
67
85
-233
39
13
-200
84
92
51
-102
-16
-209
220
-15
72
210
252
-73
-158
99
-298
347
-84
255
75
189
-65
-125
300
-138
198
-62
188
-91
-5
-171
116
7
-91
-67
-246
132
-112
141
-115
362
-89
-45
-70
-42
145
-90
406
-237
273
-147
76
-96
-105
366
-281
284
-186
160
-119
85
8
-427
245
-146
-151
-76
170
-298
28
-93
-333
82
71
-144
-94
369
-413
32
18
-149
29
172
102
-239
357
-267
-87
81
53
82
-26
315
-246
10
-235
-146
76
-115
176
-178
245
-284
-110
-21
-198
125
-79
301
-211
175
-168
-25
85
-127
121
-31
314
-172
269
-16
50
136
-11
6
8
322
-194
159
59
153
-94
-104
210
4
51
-171
196
-41
45
184
-219
154
195
-121
-177
185
103
-110
226
108
-9
164
15
-117
159
-3
-94
150
38
17
-35
-31
-67
26
-93
-75
220
7
71
88
-50
-73
72
-83
-50
133
-183
-35
-174
-137
-69
-4
-22
-34
110
-323
-1
-216
-176
221
-86
-67
-8
30
-294
-210
-83
-76
172
-43
34
203
-103
-172
-117
-226
-114
165
-136
-51
324
-155
-252
-55
-166
-67
-10
-43
169
139
-163
-208
63
-276
-47
121
3
310
-65
48
-62
-35
-180
76
147
-22
284
-167
114
30
-154
-78
239
105
-81
206
-123
95
131
-242
112
265
-73
-31
35
108
81
71
-154
281
305
-294
124
312
41
141
56
-192
350
41
-153
88
300
-89
-73
199
-205
291
-49
146
142
125
161
-46
246
-38
67
7
129
-85
15
255
-86
51
102
-108
-94
228
-175
-113
511
-181
-163
229
-220
-216
29
-109
-94
371
-120
-103
210
-100
-250
-103
-128
-23
171
-310
117
59
-178
-264
-76
-10
-118
-18
-224
98
-120
-226
-277
8
-180
-211
-184
-122
48
-249
5
-132
7
-262
-63
-141
-50
-52
-208
175
-117
-58
-122
36
-278
48
-90
-195
295
-168
-50
158
8
-232
-10
16
-63
65
122
-53
133
-27
-176
-45
-68
260
-48
100
284
116
-24
117
106
-82
313
167
-86
306
219
-171
177
192
-157
165
232
-107
195
45
-26
61
116
-28
-29
270
-83
288
22
79
233
-12
116
113
125
21
309
51
34
150
13
-127
104
118
22
228
92
66
1
52
-163
-56
92
61
24
83
78
-93
50
-88
-183
8
51
-69
119
219
-66
-16
28
-273
6
-78
-143
192
162
-77
-126
100
-426
-244
55
-185
12
49
-168
-166
-66
-422
-261
100
-145
-63
84
-10
-42
-206
-217
-76
71
-166
23
123
-175
-98
-195
-337
-127
52
-243
34
127
-91
-327
-81
-38
-286
32
-64
113
-54
-45
-110
-160
114
-59
-75
253
167
-131
-24
-28
-56
-128
179
69
223
148
-20
138
-95
-4
66
29
1
416
-89
72
188
-206
-95
123
188
-192
454
162
96
214
-32
-45
82
81
-23
231
227
276
-81
162
11
67
-102
-54
297
42
177
-168
45
51
-177
-142
66
-31
176
137
-129
123
213
-112
-281
406
-127
-95
385
68
-43
223
-27
-252
132
-96
-146
199
220
-237
54
98
-185
-289
-85
48
101
141
-49
120
-14
-108
-340
-49
48
79
59
109
127
-104
-18
-273
-56
83
8
26
288
-132
-124
-22
-293
-153
-11
19
-65
306
-301
-140
-60
-274
-219
-35
179
-115
223
-179
20
-62
-241
-38
-67
154
-70
-24
44
-21
-276
-156
-63
-126
-89
77
118
-129
43
-89
-154
7
-55
-114
43
188
-69
-90
72
-71
-130
-49
-36
53
47
27
110
2
35
-103
-119
160
26
77
203
145
139
55
-16
-48
61
85
-124
263
76
-54
256
-180
55
30
-34
-83
113
235
-145
268
-1
-36
124
-98
-55
124
79
-18
220
33
3
147
-2
-138
140
29
-75
206
29
43
20
-114
-4
80
-104
-66
112
8
29
-8
-15
134
53
-137
17
139
-36
44
165
207
20
-82
46
-13
112
-71
141
180
16
45
-258
22
-122
-43
-101
3
186
-204
7
-180
-48
-7
-115
-79
61
220
-116
-127
-6
98
-181
-104
171
-113
-62
24
-92
-252
-25
-44
-269
275
-228
-375
188
-152
-412
-144
301
-358
-6
274
-344
68
43
-271
-86
363
-95
-161
217
15
-169
-47
-11
-186
301
-43
-150
211
11
-110
-108
215
-154
-93
116
-113
127
-58
-126
218
197
-98
-3
189
32
-29
180
-7
123
311
-171
32
220
50
-232
128
292
-27
128
-67
-5
35
44
-226
-16
198
-93
-26
72
177
-187
161
146
-18
121
4
249
-37
130
74
-91
34
-181
94
-115
157
116
-240
258
-215
-87
-33
-59
-19
-41
241
-357
101
95
-195
82
93
-37
-100
347
-219
-64
275
-159
-77
35
-91
-308
309
-27
-206
303
-26
-73
-96
137
-140
77
160
-247
89
30
29
-199
57
143
-158
76
-67
-60
208
-10
-111
124
71
-191
-79
143
-227
0
124
-235
-46
13
-179
10
79
-105
-82
35
-84
-396
177
-55
-216
184
-233
-86
-41
-114
-182
55
247
-121
74
193
-106
-57
-56
-94
-3
38
163
-117
127
251
-360
59
96
-208
114
156
125
94
230
-31
-111
227
-49
-48
393
174
107
203
103
143
-226
210
-48
-249
190
-34
140
-96
195
-52
-164
111
-206
63
100
122
-57
142
59
-311
-3
-20
-136
-18
213
-133
-132
279
-44
-162
13
81
-213
-78
140
-254
31
127
-166
-81
77
-148
-45
182
-273
103
260
-125
-118
99
119
-246
44
-65
-8
84
-134
216
8
-2
-35
-41
-61
-57
84
-133
70
23
-118
-72
1
-120
16
93
-34
112
-21
46
-83
0
-36
-156
91
-36
82
-37
0
158
-105
15
39
-58
52
179
-24
35
96
-222
-138
-128
-29
47
160
29
153
197
-313
15
32
-19
32
85
126
-24
133
-133
-75
-13
-131
57
1
134
128
27
-74
12
-77
-240
82
-198
133
215
-141
73
140
-100
-232
298
-103
77
321
-114
117
70
-103
-205
186
18
-44
244
-18
-24
-36
-62
-220
98
193
-209
98
190
-255
-202
42
-145
-10
63
65
77
169
-19
-322
139
-138
-203
70
163
125
-1
123
-300
-91
82
-285
-43
305
120
-42
57
-111
-243
-52
-86
-136
222
179
-40
88
93
-214
-124
137
-34
-2
277
93
-148
110
-55
-284
-21
29
-75
47
187
12
-71
108
-82
-114
81
-99
-23
137
74
-123
-36
104
-146
-61
23
39
99
40
8
33
118
-112
-95
52
-77
5
45
42
-13
124
4
-176
178
34
-87
85
92
-81
-24
11
-194
41
38
-18
34
4
40
-26
-26
6
5
84
114
13
19
-42
-67
-67
-57
68
49
39
128
86
12
-94
-9
-35
-162
111
25
-12
38
51
-50
-221
55
-40
43
210
33
112
86
-72
-143
-39
-8
-88
52
32
44
12
-138
-12
7
33
11
34
-11
20
9
-265
7
35
-148
-108
73
61
-164
19
31
105
24
-81
63
-48
-49
-44
-122
56
135
-115
86
187
-79
-36
34
-68
-128
148
35
-90
159
-65
-95
-41
-90
-40
181
223
-140
198
111
-234
-2
-40
-158
86
217
-148
32
218
-126
-136
135
38
-10
155
33
-68
129
-10
-290
57
69
-122
43
158
-106
-60
76
-165
31
55
-28
82
90
-117
-43
16
-210
46
68
-96
67
159
-99
-84
161
-81
-136
108
61
-138
52
-28
-236
74
-28
-205
75
127
-41
-22
100
108
-69
77
71
22
141
8
-2
12
143
-94
-90
125
-98
-6
97
-13
-42
65
40
-94
40
103
-105
28
91
-120
39
165
-70
14
162
-127
-62
66
-120
-44
55
-101
-163
126
32
-162
74
76
29
-67
68
67
-5
23
-135
-43
35
-89
-149
143
-55
-46
70
-130
-20
30
35
-46
118
-42
-156
166
-75
-174
182
45
-11
34
-6
22
32
35
-147
94
108
-168
19
16
-158
33
-94
-141
126
87
24
85
128
-83
57
33
-136
83
21
-74
14
-46
-64
44
-66
-94
41
-8
-64
-3
-21
-2
107
62
-84
87
47
-70
47
-80
36
98
5
19
23
50
22
-86
-63
64
-36
-134
7
108
-91
30
54
-4
152
-42
8
137
28
-77
37
-29
-97
14
-107
33
220
-11
-164
317
118
-260
158
93
-74
81
-24
-130
160
11
-325
37
164
-227
-47
121
-40
93
112
-15
29
133
-87
-32
148
-64
-62
164
-11
-129
155
-51
-84
46
-134
-98
-4
-66
-154
-14
-76
-75
-12
-97
157
46
2
195
-100
-50
52
-102
-28
57
64
-115
44
-73
-224
73
-68
-89
28
95
-104
76
31
-206
110
32
-108
3
239
-76
-45
110
-263
-84
149
-154
58
340
40
14
94
66
-162
42
47
-36
132
21
-71
16
-25
-157
-25
17
88
5
128
39
54
12
-107
82
-36
40
32
112
89
-46
43
94
0
18
-25
23
-48
-41
-40
-169
80
-76
-74
-7
37
-42
3
20
-24
62
-28
84
-45
31
-9
-41
-46
-25
35
-80
35
54
-41
-35
17
-106
-28
-38
-98
-102
-93
-71
-121
-48
-80
-48
18
66
75
105
169
199
134
-41
-1
52
-134
-105
69
-25
-9
110
-26
-63
-12
-150
-71
-38
-86
-20
41
43
-22
27
-12
55
79
172
225
203
235
111
48
-53
-23
-57
40
41
-47
76
36
8
-1
106
78
-34
99
50
-76
17
-145
-220
-6
-51
-158
106
202
-16
146
185
-13
165
201
-90
13
-16
-244
-193
-145
-331
-206
34
-216
-168
-12
-158
-142
7
-223
-100
110
-61
-30
40
58
-32
67
-21
29
171
67
70
9
-42
-116
-120
-85
-101
-13
9
-49
-2
61
54
30
158
12
23
108
-29
-69
-15
54
-233
-62
-57
-119
82
18
50
122
276
64
54
208
46
-40
-43
-128
-58
47
-109
-64
139
43
-92
168
134
55
189
122
68
207
179
10
212
186
57
116
146
41
72
156
-59
-52
11
-68
7
-46
-57
60
14
56
-16
89
67
18
54
-150
-65
-87
-129
-172
-120
-146
-201
-233
-221
-160
-178
13
-164
-72
88
-37
-94
-76
-18
-151
-105
-114
-99
12
-86
-139
-92
-101
-52
-111
-48
20
-64
-21
-38
-14
-11
-5
-58
-28
-6
-43
12
4
-59
-55
73
-31
7
169
145
123
197
222
93
191
271
81
189
320
78
148
219
117
128
189
148
118
257
134
95
149
124
44
4
-31
-61
2
-123
-134
-108
-113
-127
-115
-129
-142
-76
-205
-200
-156
-166
-104
-126
-141
-29
15
8
108
32
12
60
-46
-106
2
76
-105
-31
48
-88
25
11
-53
67
55
-11
19
89
6
11
8
-156
-40
-91
-189
-56
-83
-153
-32
-76
-151
15
-70
-152
-14
46
-98
-38
96
-17
75
158
21
143
164
9
73
135
29
-67
152
19
-33
150
-29
-22
83
-38
-57
115
58
4
80
61
-54
56
22
-89
18
-61
-80
59
42
-60
75
143
32
3
174
57
58
95
-105
57
73
-58
-4
125
68
43
44
42
20
21
-40
-63
72
-86
-68
-49
-133
-78
-50
-85
-51
47
-24
-96
71
6
-112
97
-70
-66
82
-20
3
-31
1
-49
-39
43
-9
92
46
17
51
-4
-11
-25
-36
-98
-16
-30
-17
29
18
7
-5
119
23
68
122
3
30
-8
-70
-109
-69
1
-75
-17
51
17
36
-58
9
7
-46
4
-92
-109
-51
-50
-88
-41
26
-35
-78
-12
-110
-102
-54
-232
-198
-122
-135
-141
-51
-16
-79
-24
-37
-64
63
48
7
111
7
-11
46
-39
-34
36
54
1
62
144
59
14
68
35
72
122
34
105
159
67
14
27
69
45
113
71
135
204
48
177
145
89
176
159
101
106
192
73
112
251
48
65
270
135
113
236
165
31
68
-24
-109
131
48
-123
99
72
-126
-49
-46
-108
-52
-86
-254
-161
-114
-263
-235
-143
-227
-265
-78
-222
-251
-104
-224
-248
-228
-273
-251
-152
-196
-290
-130
-141
-214
-119
-164
-40
-44
-64
-33
-4
74
9
40
30
86
75
38
65
46
75
54
14
66
97
71
119
133
57
70
49
11
102
50
63
69
94
80
14
105
47
52
50
-5
-8
31
24
5
26
21
-35
-31
53
-2
103
83
76
158
90
93
115
156
91
141
130
76
185
197
190
254
223
125
217
226
103
113
149
88
100
97
47
131
132
14
-61
-52
-118
-164
-149
-208
-181
-145
-175
-189
-133
-168
-233
-186
-272
-274
-207
-293
-260
-217
-253
-233
-184
-167
-177
-121
-133
-158
-95
-126
-124
-86
-85
-83
-2
2
-43
67
27
25
50
48
10
-56
-54
-82
0
2
-38
-9
72
59
30
55
34
61
7
-41
-38
15
78
115
125
149
199
179
209
261
206
199
233
242
240
185
187
226
271
177
129
205
181
137
107
153
109
65
11
0
92
-7
-34
37
61
-13
-69
2
-44
-39
-120
-136
-29
-76
-71
-30
98
21
-72
-20
24
39
-96
-69
-1
39
-7
-66
9
91
16
-115
-68
-90
-151
-157
-157
-173
-213
-271
-343
-260
-239
-387
-352
-310
-413
-460
-417
-422
-409
-360
-466
-432
-366
-385
-329
-201
-178
-231
-129
-29
-11
-24
65
116
189
202
128
220
358
361
344
459
452
488
514
472
481
514
531
504
523
423
422
513
477
402
345
299
286
274
231
272
296
230
134
126
101
87
82
33
26
-41
-32
-9
29
28
-41
-92
-169
-183
-191
-108
-140
-213
-173
-174
-149
-172
-190
-170
-108
-186
-326
-261
-214
-251
-267
-330
-380
-308
-331
-372
-271
-263
-369
-345
-329
-402
-374
-369
-367
-302
-299
-415
-358
-219
-274
-229
-136
-198
-198
-86
-142
-69
75
-36
-5
87
-12
-34
127
122
82
170
91
73
248
265
267
452
428
316
489
477
347
464
448
336
425
461
346
553
636
424
509
538
328
325
423
223
292
330
80
160
256
102
106
253
123
98
101
-98
-133
-29
-162
-247
-152
-253
-269
-115
-136
-185
-71
-237
-379
-316
-395
-406
-274
-344
-403
-285
-349
-347
-218
-207
-323
-307
-371
-385
-247
-314
-335
-302
-308
-398
-354
-277
-288
-196
-229
-280
-207
-207
-211
-74
-18
-93
-6
94
107
202
180
174
258
202
106
140
249
255
269
339
351
368
312
298
365
364
306
234
239
247
212
190
219
241
208
109
125
149
119
128
43
40
-1
-80
-54
47
65
-12
34
33
7
43
-11
28
99
1
-44
32
73
10
55
38
36
90
-26
-26
57
57
-32
13
23
-16
11
-34
-44
-7
-5
-116
-93
-71
-175
-104
-46
-149
-162
-169
-211
-127
-111
-198
-179
-176
-263
-240
-213
-201
-160
-183
-252
-252
-194
-190
-156
-171
-244
-283
-240
-230
-158
-81
-135
-151
-129
-107
-43
28
-27
30
50
-43
-25
39
72
154
168
60
169
230
190
212
267
226
234
308
240
256
325
255
236
295
185
179
237
219
183
256
241
130
176
103
88
180
150
49
124
138
-26
14
92
46
81
28
-107
3
81
-34
-38
52
-59
-145
-89
-112
-69
-50
-146
-138
-59
-99
-181
-95
-37
-139
-192
-176
-148
-75
-91
-185
-133
-91
-182
-188
-62
-90
-88
-65
-65
-20
-47
-100
-93
39
-1
-44
-9
44
47
1
-52
-80
-22
-25
-46
-83
-22
-38
-42
-34
-58
-77
-94
-59
-111
-79
-98
-114
-56
-62
-58
-96
-106
-80
-70
-30
-57
-79
-49
-8
-27
-32
42
59
111
143
74
101
190
143
135
160
124
109
193
205
200
264
196
169
241
244
188
248
243
216
219
162
127
153
170
129
122
103
75
64
80
-3
-33
-38
-70
-80
-70
-74
-137
-117
-120
-113
-151
-197
-195
-166
-148
-196
-203
-190
-178
-188
-205
-174
-148
-117
-95
-90
-102
-84
-20
-22
19
-6
-12
16
52
115
69
71
26
63
85
34
25
46
92
33
28
-4
38
120
47
25
16
3
2
21
-5
-49
-49
-85
-40
-2
-68
-82
-26
-66
-80
-39
-93
-47
1
-77
-72
-30
-60
-15
70
-12
-62
6
0
18
46
-8
-63
-3
25
-61
23
60
-28
26
45
-33
0
60
-62
-63
20
-95
-44
55
23
5
21
-26
-48
73
6
1
83
33
44
79
115
102
118
108
113
182
129
151
181
148
133
115
135
152
209
158
135
154
72
78
77
24
9
-16
-60
-63
-9
-72
-122
-115
-202
-147
-145
-211
-223
-171
-180
-239
-160
-192
-128
-89
-140
-157
-129
-91
-102
-30
-37
-48
-18
-10
21
68
80
46
102
141
94
127
127
124
161
139
77
129
193
111
115
73
-17
-4
-6
-45
-4
-21
-85
-41
16
-22
-53
-42
-68
-37
-78
-86
-91
-70
-66
-106
-52
-45
-42
-33
13
-14
-11
19
15
37
45
-16
-60
-3
-11
-53
-11
25
-54
-52
-25
-81
-89
-75
-177
-165
-104
-189
-204
-138
-134
-167
-133
-183
-166
-39
-91
-167
-71
-42
-45
-10
-19
23
87
72
28
137
199
173
203
244
276
310
223
223
324
332
284
258
342
334
334
236
222
266
204
154
136
192
142
125
89
64
95
47
-19
28
83
13
-18
-5
-21
-18
-76
-146
-102
-77
-107
-146
-61
-56
-59
-55
-112
-50
-40
-67
-86
-20
-48
-120
-105
-132
-143
-149
-207
-225
-163
-160
-198
-195
-197
-242
-231
-291
-287
-236
-261
-289
-294
-214
-271
-288
-257
-260
-237
-270
-281
-247
-186
-250
-270
-154
-142
-142
-138
-82
36
57
46
49
122
100
43
94
149
165
151
209
253
299
302
267
358
362
280
297
353
335
343
388
313
336
346
284
344
406
382
308
371
342
275
330
276
251
275
214
168
258
243
127
177
175
85
106
83
37
64
18
-111
-91
-48
-197
-215
-198
-257
-243
-205
-266
-264
-192
-312
-331
-245
-328
-357
-309
-402
-430
-340
-347
-385
-279
-271
-322
-256
-292
-263
-200
-212
-335
-298
-202
-287
-237
-152
-141
-90
-25
-105
-42
34
-19
3
21
-39
-44
71
48
48
81
112
144
185
133
74
174
144
77
125
134
95
120
131
142
168
186
139
197
236
138
144
186
184
119
126
55
67
154
105
98
127
70
23
124
85
40
120
106
63
98
50
-2
127
97
-19
33
68
29
72
105
41
114
154
63
113
137
34
52
125
50
34
57
-17
5
85
-1
-34
60
-26
-73
-16
-78
-117
-29
-73
-150
-64
-64
-86
-7
-27
-41
-42
-123
-146
-119
-115
-188
-199
-198
-175
-206
-269
-205
-177
-189
-249
-261
-236
-200
-250
-287
-205
-237
-319
-243
-181
-212
-135
-166
-158
-81
-104
-208
-112
-3
-130
-57
11
8
34
89
38
106
216
98
157
289
249
212
365
346
334
391
300
326
458
380
283
445
399
284
359
337
246
346
306
222
302
245
142
234
263
74
116
125
58
61
58
-20
-11
26
-126
-88
-60
-179
-193
-105
-198
-246
-211
-300
-281
-244
-325
-386
-285
-316
-406
-348
-349
-379
-333
-367
-410
-324
-301
-344
-282
-270
-310
-247
-241
-244
-167
-143
-185
-130
-72
-89
-71
-51
-47
0
52
3
42
130
159
154
155
184
212
251
213
230
283
275
250
287
309
308
334
276
328
350
292
311
352
345
313
345
303
315
308
289
302
285
283
209
231
274
208
129
153
133
95
107
44
32
10
-24
-67
-48
-86
-188
-146
-174
-251
-254
-223
-316
-319
-277
-418
-369
-311
-443
-440
-341
-461
-491
-364
-419
-448
-370
-423
-467
-326
-369
-444
-321
-323
-400
-278
-238
-331
-210
-176
-230
-125
-108
-170
-70
3
-56
-2
67
8
89
150
101
170
259
260
247
326
349
378
405
401
411
443
462
454
457
464
544
471
453
506
496
479
441
451
444
474
370
326
368
356
340
258
221
188
201
130
112
120
50
12
-37
-35
-103
-68
-145
-191
-168
-240
-223
-262
-272
-328
-329
-364
-394
-372
-382
-387
-413
-460
-439
-352
-438
-452
-404
-428
-444
-379
-402
-453
-359
-353
-405
-324
-290
-310
-264
-255
-216
-175
-156
-169
-59
-49
-85
-4
38
60
97
128
127
197
169
171
205
250
229
229
246
247
283
235
286
314
289
250
310
270
271
295
209
264
274
213
211
291
219
207
265
200
188
213
156
135
179
127
81
93
60
60
92
45
35
67
16
-14
46
1
-52
-13
-15
-112
-99
-39
-87
-71
-87
-98
-104
-103
-105
-86
-98
-152
-107
-138
-151
-143
-146
-169
-152
-108
-160
-132
-100
-117
-153
-151
-121
-137
-149
-149
-110
-148
-145
-132
-151
-120
-111
-117
-118
-58
-90
-55
-45
-96
-23
-59
-87
-49
-10
-73
-42
43
-63
-27
11
-11
6
29
12
46
92
-31
73
121
1
8
61
10
23
108
15
98
135
73
93
149
144
152
184
78
151
176
100
125
197
144
124
177
114
141
193
157
105
150
115
93
128
73
107
114
50
48
101
86
62
118
58
33
100
65
37
48
45
20
21
-2
3
28
-24
-34
-19
-55
-85
-63
-99
-120
-99
-116
-150
-149
-177
-186
-174
-225
-201
-208
-230
-220
-212
-228
-216
-182
-221
-199
-173
-180
-189
-163
-162
-163
-141
-148
-132
-127
-128
-128
-94
-105
-110
-53
-68
-68
-16
1
-6
14
28
22
38
48
48
67
72
76
94
100
120
145
140
159
172
154
166
183
174
175
200
153
162
176
149
182
204
178
181
246
195
206
236
206
195
202
184
153
197
145
119
153
144
85
90
104
59
74
67
24
40
43
-40
-24
-3
-80
-107
-83
-147
-168
-128
-182
-191
-177
-213
-232
-194
-217
-232
-200
-225
-251
-226
-229
-256
-223
-218
-229
-193
-196
-205
-154
-141
-149
-113
-89
-99
-75
-47
-49
-21
-14
-10
8
22
29
54
73
57
85
94
73
97
109
98
112
122
103
103
116
99
104
114
98
112
94
92
97
90
94
62
70
53
44
42
38
39
11
12
2
2
-14
-6
-12
-16
-14
-24
-22
-30
-28
-39
-13
-25
-28
-9
-15
-7
-5
6
-4
6
7
-5
22
31
24
35
50
39
43
65
57
63
75
64
61
68
56
60
75
61
67
78
63
62
76
64
59
64
41
32
32
19
16
9
-2
-21
-23
-22
-37
-29
-30
-43
-49
-59
-79
-77
-87
-103
-98
-112
-125
-127
-126
-137
-130
-125
-134
-134
-129
-141
-132
-126
-138
-131
-135
-133
-131
-119
-112
-106
-96
-85
-83
-66
-57
-53
-38
-34
-23
-19
-8
-4
12
24
31
50
56
67
72
81
86
97
102
109
114
116
131
129
136
138
139
144
138
148
139
151
147
147
150
144
153
141
148
137
143
131
121
120
108
110
91
90
75
66
57
46
44
35
31
20
6
-2
-20
-32
-47
-61
-74
-87
-98
-107
-110
-119
-121
-127
-131
-144
-147
-157
-158
-166
-167
-169
-176
-169
-176
-161
-164
-152
-150
-145
-134
-133
-120
-117
-104
-101
-91
-86
-72
-62
-50
-35
-22
-10
-3
11
15
30
41
51
62
72
79
86
100
106
112
118
123
126
126
133
138
146
148
149
152
151
145
140
141
129
126
120
114
114
107
103
98
92
75
69
59
48
36
27
15
2
-7
-19
-24
-34
-40
-51
-61
-71
-85
-92
-103
-110
-118
-127
-132
-139
-137
-143
-140
-143
-146
-147
-152
-149
-153
-147
-146
-135
-129
-119
-106
-93
-81
-75
-63
-61
-50
-44
-30
-17
-4
7
21
35
48
65
75
90
99
106
115
121
130
132
137
141
141
146
142
145
145
141
140
135
131
126
123
117
112
102
93
83
77
66
60
50
37
28
14
5
-4
-8
-16
-22
-26
-34
-38
-46
-53
-60
-65
-72
-77
-80
-83
-86
-88
-88
-90
-91
-91
-93
-90
-90
-89
-89
-90
-87
-86
-83
-81
-76
-73
-71
-67
-62
-59
-50
-44
-38
-34
-30
-25
-20
-13
-9
-3
1
4
6
9
14
18
24
25
29
33
34
38
42
44
43
41
38
36
36
31
30
27
24
22
22
23
25
27
26
26
25
24
24
23
22
18
17
14
13
13
13
14
16
17
19
21
24
26
28
31
31
31
30
31
29
28
26
24
21
19
18
17
18
19
17
17
16
14
12
10
11
8
5
4
1
0
-1
-1
-1
-3
-5
-7
-8
-10
-12
-11
-13
-11
-12
-12
-10
-9
-8
-9
-9
-10
-12
-14
-16
-17
-18
-18
-17
-17
-17
-18
-19
-21
-24
-27
-30
-31
-32
-33
-32
-33
-34
-36
-38
-39
-42
-44
-47
-47
-46
-46
-44
-43
-41
-38
-36
-32
-31
-30
-27
-27
-25
-23
-21
-18
-16
-11
-8
-6
-1
3
7
12
15
19
21
24
27
31
33
36
39
42
44
44
45
45
44
43
45
47
49
51
52
54
55
52
53
50
48
47
44
41
39
36
34
32
31
30
30
29
28
27
25
23
19
17
11
7
3
-2
-6
-9
-13
-15
-15
-15
-15
-16
-19
-21
-24
-28
-33
-35
-38
-40
-41
-42
-41
-41
-40
-39
-38
-38
-38
-37
-38
-37
-38
-36
-35
-35
-31
-29
-26
-24
-22
-19
-18
-16
-14
-13
-11
-9
-6
-5
-2
1
2
4
6
8
8
9
9
10
11
12
13
13
15
14
14
15
15
16
15
14
15
16
16
17
18
18
17
15
15
13
12
12
11
11
10
10
10
11
13
13
11
10
6
5
2
-1
-3
-5
-6
-5
-4
-2
1
2
2
2
1
-2
-4
-5
-7
-8
-8
-8
-7
-4
-2
1
3
2
2
1
0
-2
-2
-3
-4
-3
-2
0
2
5
6
7
7
7
6
4
3
0
-1
0
-2
-2
-1
-2
0
-1
-2
-2
-3
-3
-4
-5
-6
-7
-9
-8
-8
-9
-8
-9
-9
-9
-9
-9
-8
-8
-7
-6
-4
-4
-4
-5
-5
-5
-6
-4
-3
-2
-2
0
1
3
3
3
4
4
5
5
5
5
5
5
6
7
8
8
8
9
10
10
9
9
6
5
5
4
5
4
4
5
5
5
5
5
4
4
4
3
3
1
1
0
-1
-2
-3
-3
-3
-2
-2
-2
-1
0
0
-1
0
-2
-3
-3
-4
-5
-5
-6
-6
-4
-3
-2
0
0
-1
-1
-2
-2
-3
-4
-4
-5
-5
-5
-4
-2
0
0
1
1
1
0
0
-2
-2
-2
-4
-4
-3
-5
-4
-3
-1
0
2
3
2
3
2
1
0
-1
-3
-3
-4
-4
-4
-2
0
1
0
1
0
0
2
1
0
-1
-1
-1
0
1
1
3
3
4
5
4
4
4
3
2
2
1
1
0
2
2
2
3
4
4
3
2
3
2
2
2
1
0
-1
-1
-1
-1
-1
-2
-1
-1
0
0
0
0
-1
-2
-3
-4
-4
-4
-3
-3
-3
-2
0
2
3
4
4
4
3
2
-1
-1
-3
-3
-4
-2
-1
0
1
2
3
4
5
4
3
0
-1
-2
-3
-3
-2
-1
-1
1
2
3
3
2
1
-1
-2
-3
-4
-5
-6
-5
-5
-3
-1
1
1
3
2
2
0
-2
-5
-6
-5
-5
-4
-3
-3
-2
0
2
3
2
1
0
-1
-1
-1
-1
-1
-1
1
2
3
4
4
4
3
2
2
0
0
0
1
3
5
6
7
7
7
6
5
3
1
-1
-2
-2
0
2
4
5
6
8
8
8
6
5
3
1
0
1
1
0
0
0
0
1
1
1
-1
-3
-3
-2
-2
-2
-3
-2
-2
0
0
1
-1
-3
-5
-7
-7
-8
-10
-10
-11
-10
-9
-8
-7
-7
-8
-7
-8
-8
-9
-9
-9
-9
-8
-7
-6
-6
-6
-6
-5
-4
-4
-4
-5
-4
-4
-2
0
1
2
3
3
4
5
5
4
4
4
5
7
7
9
8
8
8
9
8
7
6
5
5
6
8
7
7
7
9
9
9
9
7
5
4
3
3
3
3
3
4
6
7
7
8
5
4
3
2
0
-1
-2
-1
0
3
4
5
4
4
4
4
2
0
-2
-3
-5
-3
-2
-1
1
1
1
0
2
1
-1
-3
-5
-7
-8
-7
-7
-7
-6
-4
-3
-2
-1
-2
-5
-6
-8
-8
-10
-11
-13
-13
-12
-10
-7
-7
-6
-6
-7
-6
-6
-6
-5
-7
-6
-4
-4
-3
-1
-1
0
0
3
2
2
1
-1
-2
-1
0
-1
1
1
3
6
7
8
8
7
5
7
7
6
5
2
1
1
2
2
2
2
3
3
4
5
4
2
2
2
3
2
2
1
1
3
2
3
3
2
2
3
3
3
1
1
1
1
2
2
2
1
1
2
2
1
1
1
1
2
2
2
0
-2
-3
-3
-2
-1
0
-2
-2
-2
-1
-1
0
0
-1
-3
-3
-4
-3
-4
-3
-4
-3
-2
0
0
0
0
-2
0
-1
-1
-2
-2
-3
-3
-1
0
1
1
0
-1
0
1
1
1
0
1
2
2
2
3
3
4
3
3
3
3
3
3
3
3
3
2
3
3
2
2
1
1
0
-1
0
-1
-1
-1
-1
-1
-1
0
0
-1
0
-2
-3
-4
-7
-7
-8
-8
-7
-6
-5
-4
-4
-2
-2
-1
-1
-2
-3
-5
-6
-6
-6
-6
-4
-4
-2
-1
0
0
-1
-1
-2
-3
-4
-5
-5
-4
-3
-1
1
2
3
4
5
5
6
6
4
4
3
3
4
4
6
7
8
8
9
9
8
8
8
7
6
5
5
4
5
5
5
7
6
6
5
5
4
2
2
1
2
2
1
2
0
1
-1
-1
-1
-1
-2
-3
-3
-3
-2
-3
-1
-3
-3
-4
-4
-5
-6
-5
-7
-7
-7
-8
-7
-7
-7
-8
-9
-8
-8
-7
-6
-6
-8
-7
-6
-6
-3
-3
-2
-2
-3
-2
0
0
0
-1
-1
-2
-1
0
2
4
4
5
6
6
6
5
4
2
2
1
1
3
4
6
7
6
7
7
8
7
6
3
2
3
3
5
6
5
4
4
4
6
5
4
3
2
1
1
1
-1
-3
-5
-5
-5
-5
-5
-5
-5
-5
-3
-2
-2
-4
-5
-8
-8
-8
-6
-6
-4
-4
-2
-2
-3
-4
-5
-6
-7
-6
-4
-1
1
2
4
6
7
6
4
0
-4
-5
-4
-3
-2
0
1
3
4
6
6
4
2
2
2
4
4
6
5
6
8
8
8
6
3
4
5
6
7
7
7
5
5
4
3
1
-1
-1
-1
0
1
1
-1
-1
-1
-1
-3
-5
-9
-10
-9
-8
-5
-5
-5
-5
-5
-4
-4
-6
-6
-9
-8
-8
-4
-1
0
-1
-1
0
0
-1
-2
-6
-7
-7
-5
-3
-1
0
0
-1
1
2
2
1
-1
-2
-3
-2
-1
0
1
1
2
3
4
4
5
4
4
5
7
7
6
4
5
3
3
3
3
2
3
4
4
4
5
7
7
6
5
3
0
-2
-3
-3
-4
-4
-1
-1
2
3
3
2
1
1
1
0
-1
-3
-4
-5
-3
-3
-1
0
-1
-1
-1
-1
-2
-2
-1
0
-1
-2
-1
-1
-1
-3
-3
-4
-4
-4
-5
-4
-4
-3
-1
1
2
2
1
0
-2
-3
-3
-4
-6
-5
-4
-3
0
2
3
2
3
3
3
2
2
-1
-2
-2
0
1
1
2
1
2
2
1
2
1
2
3
2
2
2
1
0
0
-1
-1
0
0
0
2
1
1
2
1
0
0
0
-1
-3
-4
-5
-2
1
4
4
5
3
2
1
0
-1
-2
-3
-4
-2
-2
-1
0
0
1
1
2
0
0
-2
-3
-3
-3
-2
-1
-1
-2
-2
-2
-2
-3
-4
-3
-3
-2
-1
1
2
1
0
1
1
-1
-1
-2
-1
-1
1
2
4
5
6
7
6
5
3
2
0
-1
-1
0
0
2
2
2
2
2
3
3
3
1
-1
-3
-2
0
1
3
3
2
1
0
0
0
0
0
0
0
1
2
3
2
1
-1
-1
0
0
0
0
-1
0
2
2
2
0
-1
-2
-4
-2
-3
-4
-4
-4
-2
0
2
1
-1
-2
-4
-5
-4
-5
-5
-6
-6
-4
-4
-3
-2
-2
-2
-1
-1
-2
-2
-4
-1
0
0
0
0
-1
-2
-1
-1
0
1
3
3
4
4
5
4
4
2
2
0
-1
-1
-1
-1
-1
0
3
4
6
5
4
2
2
1
0
0
-2
-2
-4
-2
0
1
1
0
-1
0
0
2
2
1
-1
0
1
2
3
4
2
0
1
1
2
2
3
1
0
0
1
1
3
2
1
2
1
2
2
1
1
-1
-1
-2
-2
-3
-2
-2
-4
-4
-3
-4
-3
-3
-2
-1
-1
-1
-1
-1
-1
1
0
0
-1
-1
0
0
0
0
0
1
2
2
2
2
2
3
3
4
4
4
3
2
1
1
0
-1
-2
-2
-1
-1
1
1
1
0
0
-1
-1
0
-1
-1
-2
-3
-2
-2
-2
-1
-1
-1
-2
-3
-3
-2
-2
-4
-4
-5
-3
-4
-3
-3
-1
-2
-2
-2
-2
-1
-1
-1
-1
0
1
2
3
3
1
1
1
0
1
1
1
2
4
4
5
4
3
3
2
2
1
0
1
1
1
1
2
1
3
2
4
4
2
1
0
-1
-1
1
2
3
3
1
1
0
0
0
0
-1
-2
0
1
2
3
3
1
-1
-2
-3
-4
-3
-4
-4
-3
-1
1
3
4
2
1
-2
-3
-3
-3
-3
-2
-2
0
1
2
2
1
-1
-3
-5
-4
-3
-3
-2
-2
0
-1
0
-3
-4
-4
-5
-5
-4
-4
-1
1
3
3
2
1
-1
-2
-3
-5
-4
-3
-2
0
2
3
3
3
2
2
3
1
1
2
3
3
4
5
4
3
3
3
3
3
2
2
2
2
3
4
3
2
1
-1
-1
-3
-3
-5
-4
-3
-1
0
1
1
0
-1
-1
-2
-1
-1
-2
-2
-1
0
2
4
4
5
4
4
4
2
1
1
1
1
2
3
3
3
1
1
1
-1
-1
-2
-1
0
0
1
2
2
2
1
-1
-3
-2
-3
-3
-3
-4
-4
-4
-2
-1
-1
-1
-4
-3
-3
-3
-2
-1
-1
-3
-2
-3
-3
-2
-4
-5
-6
-7
-5
-4
-2
-3
-2
-3
-2
-2
-2
-1
-1
-2
-1
0
1
2
3
2
1
1
0
0
1
2
2
3
3
3
3
3
3
2
2
3
2
2
2
2
2
0
0
0
1
1
0
1
2
2
2
3
3
5
6
5
5
3
2
0
-1
0
0
0
0
-1
0
1
1
1
2
3
4
5
4
4
2
0
-1
-2
-1
-1
-2
-1
0
0
-1
-2
-2
-2
-3
-2
-1
-1
0
-1
-1
-1
-1
0
-1
-1
-1
-3
-2
-3
-3
-4
-3
-3
-2
-2
-2
-1
-1
0
0
0
1
1
0
-2
-3
-4
-5
-5
-4
-4
-3
-4
-3
-2
-1
0
1
0
-1
-1
-2
-1
0
0
1
1
0
0
0
-1
-1
-1
-1
0
2
2
2
3
2
2
1
1
1
2
2
3
3
3
2
0
0
0
2
2
3
2
2
3
4
3
3
2
1
1
1
3
2
1
0
-2
-2
-1
0
0
-1
0
1
0
1
2
3
3
1
0
-1
-2
-2
-2
-3
-4
-3
-4
-3
-3
-2
-2
-2
-1
0
1
2
2
2
1
1
0
0
1
1
1
1
0
-1
1
0
4
4
5
4
4
2
3
3
3
3
3
1
0
1
-1
-2
-3
-3
-4
-5
-4
-3
-2
-2
-3
-3
-3
-2
-2
-2
-2
-2
-4
-5
-5
-5
-5
-4
-4
-5
-4
-4
-4
-3
-3
-3
-2
0
2
3
2
0
0
-2
-3
-3
-3
-4
-3
-2
0
2
4
4
6
7
6
7
6
6
5
6
6
7
8
8
6
6
4
4
3
4
3
3
4
5
4
4
4
4
4
3
1
-1
-2
-4
-3
-3
-2
-4
-4
-4
-3
-1
0
0
-1
-1
-2
-1
0
-1
-2
-3
-4
-4
-4
-4
-6
-6
-6
-4
-4
-3
-3
-3
-1
-1
2
1
1
2
1
3
3
3
1
-1
-2
-2
-2
-4
-4
-4
-4
-2
-1
1
2
2
2
1
2
2
1
-1
-2
-2
-1
-1
0
-1
-2
-3
-4
-2
-2
-3
-3
-2
-1
1
3
4
5
3
3
3
3
2
1
-1
-4
-4
-3
-2
0
1
3
4
5
6
5
4
3
3
3
3
3
3
4
5
5
4
5
4
3
2
2
3
2
2
0
0
-1
1
1
2
1
0
-1
-1
-1
-3
-4
-5
-6
-7
-6
-6
-5
-4
-5
-5
-4
-4
-2
-2
-3
-2
-2
-1
-2
-2
-1
-2
0
-1
-2
-2
-2
-1
0
0
0
0
0
1
2
3
4
3
3
3
4
4
4
4
3
2
1
1
1
2
2
2
2
3
3
3
5
4
5
3
2
2
0
0
0
1
2
0
1
-1
-1
-1
-2
-2
-4
-4
-4
-3
-3
-2
-2
-4
-4
-4
-3
-3
-3
-2
-2
-2
-1
0
0
1
0
-1
-3
-1
0
1
1
2
1
1
3
4
6
5
4
4
3
2
2
2
2
1
1
1
2
2
2
3
3
3
0
0
-2
-2
-3
-4
-4
-4
-4
-3
-1
-1
-1
-2
-3
-3
-3
-3
-4
-3
-4
-5
-3
-2
-1
0
0
-1
-2
-2
-2
0
0
0
-1
-1
-1
0
1
1
0
0
