0
1
0
1
2
1
1
0
0
0
1
0
1
0
-1
-1
-1
0
0
0
0
0
0
-1
0
-1
-2
-1
-1
-1
-1
-1
-1
0
-1
-1
0
0
0
0
-1
0
0
-1
0
0
0
0
1
0
0
0
0
0
0
0
0
0
0
0
0
0
1
1
0
0
0
1
1
0
1
0
1
1
2
2
1
1
2
0
1
1
1
1
1
1
1
1
1
0
0
0
0
0
-1
0
0
-1
-1
-1
-1
-1
-1
-1
-1
-1
-1
-1
-1
-1
0
-1
-1
-1
-1
-1
-1
-1
-1
0
0
0
0
0
0
0
0
0
0
0
0
0
-1
0
-1
1
0
0
0
0
-1
0
0
0
0
0
0
0
1
1
0
1
1
1
0
1
2
2
1
0
1
1
2
1
1
1
1
1
0
1
1
0
0
1
0
0
0
-1
0
0
-1
-1
-1
-1
0
-1
-2
-2
-2
-2
-2
-1
-1
0
-1
-1
-1
-1
-1
0
0
-1
0
-1
0
0
0
0
0
0
0
0
1
0
0
0
1
0
0
1
0
0
1
0
1
1
0
0
1
1
0
1
1
2
1
1
0
1
1
0
0
1
0
1
1
1
1
1
1
1
0
0
1
0
0
0
0
0
-1
0
0
0
-1
0
-1
-1
0
-1
-1
-1
-1
-2
-2
-2
-1
-1
-2
-2
-1
-1
0
-1
-1
-1
0
0
-1
0
0
0
0
0
0
0
0
1
0
1
0
0
1
1
0
0
1
1
0
1
1
1
0
1
1
2
1
2
1
1
1
1
1
2
1
1
1
1
1
1
0
0
0
0
0
0
0
0
0
-1
-1
0
0
0
-1
-1
-1
-1
-1
-1
-1
-2
-1
-1
0
-1
-1
-2
-1
-1
-1
-1
-1
0
-1
-1
-1
-1
0
0
-1
0
0
0
0
-1
0
0
0
-1
0
0
0
1
1
1
0
1
1
1
1
1
1
2
2
2
2
3
1
1
1
2
1
1
1
1
2
1
1
1
1
1
1
0
1
0
0
0
-1
0
-1
0
0
-1
-1
-1
-1
-1
-2
-1
-2
-1
-1
0
-1
-1
-1
-2
-1
-2
-2
-1
-1
-1
0
0
-1
-1
-1
0
0
0
0
0
0
0
0
-1
0
1
0
0
0
0
0
0
1
2
1
0
1
1
1
1
2
3
2
2
1
2
2
1
2
2
2
0
1
0
1
1
1
1
0
0
0
0
-1
0
0
-1
0
-1
-1
-2
0
-1
-1
-1
-1
-2
-1
0
-1
-1
-1
-2
0
-1
0
-1
0
-1
-1
-1
-1
-1
-1
-1
0
0
-1
-1
0
-1
-1
0
0
0
0
0
-1
0
0
1
0
0
1
0
2
1
1
1
2
1
1
2
1
1
2
2
2
2
1
2
1
2
2
1
1
2
0
0
1
0
-1
0
0
1
-1
-1
-1
-1
-1
-2
-2
-2
-1
-2
-1
-1
-2
-2
-1
-2
-1
-1
-1
-2
-1
-1
-1
-1
-1
0
-1
0
0
-1
0
0
0
0
0
0
0
-1
-1
0
-1
0
0
0
-1
0
0
0
0
1
1
1
1
1
1
1
1
1
1
2
1
1
1
1
1
2
1
1
1
1
1
1
1
0
1
1
0
0
0
-1
0
0
0
-1
-1
0
0
-1
-1
-1
-1
-1
-1
-1
-1
-1
-1
0
-1
0
0
-1
0
-1
-1
-1
0
0
1
0
0
0
0
-1
0
0
0
-1
-1
0
0
-1
-1
-1
0
0
0
-1
-1
1
0
0
1
0
0
2
1
1
1
0
2
2
1
1
1
1
1
1
1
2
1
1
1
1
1
1
0
1
0
1
0
0
0
0
-1
-1
0
-1
-2
0
-1
-1
-1
-1
-1
-1
-1
-1
-1
-1
-1
0
-1
-1
-1
-1
-1
-1
0
-1
-1
-1
-1
-1
0
0
-1
0
-1
0
1
0
-1
0
0
0
0
1
0
0
0
0
0
1
0
0
0
0
1
0
0
1
1
1
1
1
2
1
1
1
1
1
1
1
0
1
0
1
0
1
0
0
0
0
0
0
0
0
0
0
-1
0
-1
0
0
0
-1
0
-1
-1
-1
-1
0
0
0
-1
0
0
0
-1
-1
-1
0
-1
0
-1
-1
0
0
0
0
0
0
0
0
0
-1
0
1
1
0
0
0
0
0
0
0
1
1
0
0
1
0
1
0
1
1
0
1
0
1
0
0
1
0
1
1
1
0
0
0
0
0
1
1
0
0
1
0
0
0
0
0
0
0
0
-1
0
-1
0
-1
0
0
-1
0
-1
0
0
-1
-1
0
0
0
0
-1
0
-1
0
-1
0
0
1
0
0
0
0
1
-1
0
0
0
0
0
0
0
0
0
0
0
0
1
1
0
0
0
0
0
1
0
0
0
1
0
0
0
0
-1
0
1
0
0
0
0
1
0
-1
0
0
0
0
0
0
0
0
0
-1
0
0
-1
0
0
0
0
-1
0
0
0
0
0
0
0
0
0
0
0
0
1
0
0
0
0
0
0
0
0
1
-1
0
-1
0
0
0
1
0
0
1
1
0
0
0
0
0
0
1
0
0
0
0
0
0
0
0
0
0
0
0
0
0
-1
0
0
0
1
0
0
0
0
-1
0
-1
0
1
0
0
0
0
0
-1
0
0
0
0
0
0
-1
0
-1
0
-1
0
-1
-1
0
0
0
0
-1
0
0
0
0
1
1
1
0
0
0
0
0
0
-1
1
1
1
0
0
0
0
1
0
1
0
0
0
-1
0
-1
0
-1
0
0
1
0
0
0
0
0
0
-1
0
0
-1
0
0
0
0
0
0
0
1
0
0
0
1
0
0
0
0
0
0
0
-1
-1
0
0
0
0
0
-1
0
-1
-1
0
-1
-1
-1
0
0
1
-1
0
0
0
0
0
1
0
0
0
0
1
0
0
0
1
1
1
1
0
0
1
0
1
1
1
0
0
0
1
0
0
0
-1
0
1
0
-1
0
0
0
-1
0
0
0
0
0
0
0
1
0
1
0
0
0
0
0
-1
0
1
0
0
-1
-1
-1
0
0
-1
-1
0
0
0
0
-1
-1
0
-1
-1
0
0
0
0
0
0
0
0
0
1
0
1
1
1
1
0
0
1
1
0
1
0
1
0
0
0
1
1
1
0
0
-1
0
0
0
0
-1
0
0
0
0
0
0
0
0
-1
0
0
-1
0
0
0
0
0
1
-1
0
0
0
0
0
0
-1
1
-1
0
0
-1
0
-1
0
0
-1
-1
0
0
0
0
0
0
-1
-1
-1
-1
0
-1
0
0
1
0
1
1
0
0
1
0
1
1
1
0
1
1
1
1
1
1
0
1
1
0
0
1
0
0
0
0
0
0
1
1
0
0
0
0
0
0
0
0
-1
0
0
1
0
0
-1
0
-1
0
0
-1
-1
-1
-1
0
-2
-1
-1
-1
-1
-1
0
0
-1
-1
0
-1
-1
0
0
0
0
0
0
1
1
0
0
0
0
1
1
0
0
1
1
2
1
2
2
0
1
1
1
1
1
1
1
1
0
0
1
1
0
1
1
0
0
0
1
0
1
0
-1
-1
0
0
0
0
0
0
-1
0
-1
0
0
0
0
-1
-2
-1
-1
-1
-1
-1
-1
-1
-1
-1
-1
-2
-1
0
-1
-1
0
-1
0
0
0
-1
0
1
0
0
1
0
0
1
0
0
1
1
1
1
2
1
1
1
1
1
1
1
1
2
2
1
1
0
0
0
0
1
0
1
0
0
0
0
0
0
0
0
0
0
0
0
0
0
-1
0
0
-1
0
-1
-1
-1
-2
0
-1
0
-1
-1
0
-1
-1
0
-1
-1
0
-1
0
-1
-1
0
0
1
0
0
0
0
0
0
0
1
0
1
1
0
0
1
1
0
1
1
1
1
1
0
1
1
0
1
0
1
1
1
0
1
1
1
0
0
0
1
0
0
-1
0
0
0
0
0
-1
0
0
0
-1
-1
0
-1
0
-1
-1
-1
-1
-1
-1
0
0
-1
-1
-1
-1
0
0
-1
-1
-1
-1
-1
0
0
0
0
-1
-1
0
0
0
0
0
0
0
1
0
0
0
1
1
1
1
1
0
1
0
1
1
0
1
1
0
0
0
1
0
0
1
0
1
0
0
0
0
0
1
0
1
0
0
0
1
1
0
-1
0
-1
1
1
0
0
0
0
0
-1
0
0
-1
0
0
0
-1
-1
-1
-1
0
-1
0
-1
0
-1
0
0
0
0
0
-1
-1
-1
-1
-1
0
0
0
0
0
0
1
0
0
0
0
0
0
1
1
1
0
0
1
0
0
0
1
-1
0
1
0
1
1
0
0
0
1
0
0
0
0
0
-1
0
0
1
0
0
0
0
0
0
0
1
0
1
0
-1
0
0
0
0
0
-1
0
0
-1
-1
0
0
-1
0
0
0
0
0
0
0
-1
-1
0
0
-1
0
-1
0
-1
0
0
0
0
0
0
-1
1
-1
1
0
0
0
0
0
0
0
1
-1
0
0
0
1
0
0
0
0
0
0
1
1
0
0
0
0
0
1
0
1
0
0
0
0
1
0
1
1
1
0
1
1
0
0
0
0
0
0
0
0
-1
1
0
-1
0
0
0
0
0
0
-1
-1
-1
0
0
0
-2
-1
-1
0
0
-1
-1
-1
-1
0
0
0
0
-1
-1
0
0
-1
1
0
1
0
0
0
0
0
1
1
0
0
1
0
1
1
0
1
0
1
0
0
1
1
1
1
0
0
1
1
1
1
1
0
0
0
0
0
0
0
0
0
0
-1
0
-1
0
0
0
0
-1
0
0
0
0
-1
0
-1
-1
-1
-1
-1
-1
-1
0
-2
-1
-1
-1
-1
0
-1
-1
0
0
-1
0
0
-1
0
0
0
1
1
0
0
1
0
0
1
1
1
1
1
1
1
0
1
1
0
1
1
0
2
1
1
2
4
4
4
4
4
4
3
4
4
3
1
1
0
0
0
0
-1
-2
-2
-3
-4
-5
-6
-6
-5
-3
-5
-6
-8
-9
-8
-8
-6
-5
-4
-6
-6
-8
-8
-8
-6
-5
-4
-3
-3
-2
-1
-2
0
1
2
2
3
4
5
7
8
6
4
2
0
1
5
8
11
13
11
9
6
7
7
11
12
12
11
11
10
8
8
9
8
9
9
9
8
6
6
2
-2
-5
-8
-7
-2
4
7
8
5
0
-4
-8
-10
-9
-9
-7
-7
-6
-8
-11
-16
-19
-18
-15
-14
-14
-18
-23
-30
-31
-29
-21
-7
5
10
9
1
-8
-15
-19
-18
-13
-6
-3
-2
0
0
2
6
8
5
1
-2
3
15
28
33
29
21
18
20
25
34
39
41
35
21
5
-6
-1
11
25
32
26
12
-2
-8
-4
3
12
20
21
10
-1
-8
-3
4
1
-8
-23
-37
-42
-37
-28
-23
-23
-28
-34
-42
-49
-46
-34
-10
5
-1
-19
-34
-43
-38
-24
-7
6
15
19
12
-6
-32
-53
-55
-40
-13
15
40
53
49
31
1
-15
-15
4
28
54
73
81
78
60
36
12
2
14
44
75
90
76
42
11
-10
-22
-20
3
45
86
96
80
35
-16
-56
-76
-74
-57
-29
3
37
47
36
2
-40
-70
-73
-57
-54
-63
-84
-106
-132
-152
-151
-100
-17
56
81
54
3
-56
-111
-171
-209
-207
-137
-18
117
200
206
138
21
-76
-126
-92
3
97
117
-1
-291
-603
-649
-320
255
851
1200
1160
714
-54
-802
-1158
-931
-242
647
1318
1470
1063
264
-507
-938
-856
-416
191
691
825
533
-62
-630
-929
-835
-464
23
454
680
661
412
-9
-447
-739
-812
-666
-367
-25
256
400
353
154
-173
-496
-691
-662
-429
-94
218
370
383
232
-14
-285
-436
-347
-38
377
711
848
683
290
-169
-526
-638
-466
-80
348
617
632
405
63
-241
-388
-330
-140
111
297
372
290
118
-96
-265
-278
-156
46
177
246
235
129
-69
-223
-214
-140
-55
-3
-4
-37
-109
-122
25
230
340
303
178
-49
-210
-249
-153
75
268
356
251
55
-212
-402
-441
-335
-122
61
179
142
0
-214
-367
-356
-201
-13
129
199
120
-77
-281
-392
-324
-90
223
474
541
412
110
-241
-542
-579
-393
-67
302
559
631
362
-62
-429
-561
-495
-222
219
581
687
439
51
-279
-449
-335
-9
379
662
709
510
135
-120
-280
-387
-355
-179
91
293
367
303
187
-74
-415
-571
-417
-145
264
631
612
285
-198
-678
-979
-756
-193
446
755
680
432
-46
-609
-951
-648
-50
296
343
327
71
-359
-533
-451
-186
206
406
316
201
-108
-350
-264
-172
-41
253
265
120
57
-72
-119
50
186
187
310
244
112
-78
-252
-270
-126
-25
23
465
774
588
-27
-456
-590
-586
-421
-65
688
1136
586
-295
-564
-638
-695
-375
250
859
996
350
-241
-470
-797
-1038
-671
121
713
1074
917
651
90
-713
-1153
-909
-206
410
986
1049
629
-221
-918
-1101
-822
-135
621
1012
807
322
-266
-619
-709
-536
-322
-97
89
351
505
412
274
62
-169
-509
-573
-427
-115
202
440
342
90
-32
-233
-271
-152
53
117
221
41
-155
-133
-214
-209
-45
61
39
156
78
104
285
236
1
-20
0
-124
-134
-29
116
155
203
81
59
100
68
-43
3
82
-55
-112
-211
-112
75
103
30
224
194
-117
-118
46
170
158
194
179
142
-126
-324
-200
-26
135
175
139
11
-156
-283
-246
-123
44
166
179
24
-176
-298
-198
18
64
136
63
-72
-270
-315
-126
70
145
145
176
-75
-366
-563
-482
-153
185
257
201
104
-138
-259
-237
32
324
461
294
49
-233
-327
-126
191
500
513
269
-96
-391
-456
-45
345
535
433
91
-352
-618
-615
-337
230
533
569
368
184
-11
-94
-223
-225
-132
-80
90
358
597
452
145
-274
-437
-445
-276
19
436
642
321
-185
-526
-519
-408
-129
187
476
342
-21
-180
-75
-95
-196
-67
-2
-160
-395
-351
-65
227
265
254
149
-51
-224
-131
38
52
89
99
86
-33
-89
-27
120
146
64
-66
-138
-125
-37
80
81
15
-96
-188
-234
-106
39
151
220
155
78
27
-22
-28
32
1
-126
-183
-203
-213
-190
-246
-266
-226
-258
-260
-137
-38
-99
-221
-348
-387
-323
-165
143
321
326
270
128
-72
-168
-63
249
532
529
403
247
100
83
260
412
557
626
523
350
182
125
194
286
261
208
107
50
151
402
602
588
376
127
-33
-87
62
347
614
688
460
23
-360
-524
-341
-41
123
131
46
-137
-451
-775
-858
-715
-594
-467
-382
-390
-510
-707
-958
-1182
-1424
-1611
-1604
-1461
-1310
-1130
-1006
-1055
-1121
-1194
-1163
-934
-571
-213
117
241
260
300
387
603
914
1248
1524
1738
1767
1750
1733
1788
1832
1771
1588
1375
1186
1005
891
811
756
632
467
256
96
-51
-118
-153
-209
-345
-538
-633
-631
-490
-347
-216
-129
-74
-120
-188
-195
-124
-63
-76
-160
-373
-624
-858
-885
-735
-528
-356
-221
-176
-219
-289
-329
-285
-256
-224
-230
-239
-230
-172
-70
73
209
283
334
367
401
393
422
455
449
416
437
544
689
826
938
1025
982
829
616
381
149
35
-17
-26
5
61
116
39
-110
-239
-292
-377
-436
-540
-784
-1269
-2040
-2950
-3745
-4201
-4321
-4059
-3487
-2710
-2041
-1653
-1479
-1320
-1132
-841
-289
436
1118
1597
1963
2195
2286
2333
2504
2722
2956
3143
3193
3037
2634
2146
1723
1367
1029
813
638
476
303
170
114
181
301
336
285
119
-116
-347
-382
-229
15
213
348
379
264
80
-48
-38
-17
1
-4
-88
-283
-429
-426
-326
-178
-73
-42
-162
-406
-698
-982
-1258
-1477
-1572
-1622
-1646
-1614
-1474
-1285
-1071
-845
-609
-388
-197
64
394
756
1053
1298
1445
1509
1457
1339
1176
992
812
572
340
124
47
68
171
296
401
393
258
99
-31
-112
-181
-141
-78
11
91
229
373
500
594
596
461
118
-366
-1002
-1758
-2709
-3726
-4690
-5420
-5761
-5567
-4854
-3848
-2780
-1849
-1099
-588
-192
257
944
1747
2471
2985
3266
3336
3303
3375
3580
3813
3858
3654
3147
2380
1490
775
341
94
-69
-233
-428
-688
-867
-820
-486
-60
312
584
720
707
616
628
800
1042
1230
1336
1338
1221
1041
915
820
632
330
-61
-493
-943
-1326
-1526
-1554
-1468
-1330
-1160
-983
-811
-683
-643
-732
-967
-1334
-1730
-1944
-1907
-1661
-1321
-921
-560
-326
-198
-50
193
472
769
1043
1256
1339
1385
1437
1451
1316
1016
591
78
-407
-762
-833
-634
-219
260
662
913
994
936
771
591
427
314
276
358
506
706
940
1179
1378
1475
1419
1101
414
-727
-2250
-4065
-5922
-7458
-8304
-8303
-7526
-6156
-4561
-3048
-1814
-794
92
953
1851
2799
3640
4140
4298
4263
4239
4272
4437
4604
4554
4027
3003
1670
255
-977
-1869
-2295
-2391
-2305
-2199
-2037
-1813
-1455
-955
-355
290
859
1406
1950
2620
3310
3977
4457
4657
4446
3821
2960
2010
1158
408
-174
-701
-1179
-1683
-2135
-2550
-2920
-3231
-3469
-3536
-3414
-2958
-2245
-1285
-258
778
1639
2222
2461
2377
2047
1511
898
201
-445
-982
-1267
-1462
-1710
-2063
-2371
-2594
-2727
-2638
-2251
-1604
-977
-379
151
672
1067
1493
1925
2255
2314
2111
1805
1432
1174
1003
1045
1086
1142
1030
811
489
109
-254
-670
-983
-1275
-1334
-1198
-728
-154
422
873
1107
1031
585
-35
-979
-2280
-4055
-5937
-7673
-8801
-8920
-7772
-5630
-3143
-736
1236
2638
3349
3801
4227
4723
4963
4864
4476
3938
3450
3139
3184
3283
3170
2471
1286
-295
-1899
-3225
-4001
-4162
-3969
-3545
-3049
-2275
-1297
20
1459
2868
3972
4653
4988
5062
5079
4992
4923
4648
4080
3054
1797
517
-592
-1486
-2235
-2872
-3577
-4233
-4761
-4892
-4671
-4036
-3116
-2005
-921
29
942
1816
2709
3380
3732
3540
2969
2193
1478
861
299
-233
-842
-1530
-2378
-3182
-3848
-4228
-4505
-4760
-5099
-5537
-5852
-5554
-4157
-1990
335
2441
4498
6185
7131
7391
7521
7503
6746
5100
2867
552
-1771
-3530
-4444
-4567
-4423
-4149
-3616
-2881
-1941
-1020
-20
760
1247
1247
1090
1236
1977
3140
4204
4979
5139
4596
3345
1838
119
-1923
-4396
-6961
-9313
-11162
-11964
-11273
-9198
-6576
-3948
-1574
570
2312
3864
5348
6725
7496
7376
6553
5440
4486
3787
3427
3062
2405
1101
-611
-2376
-3845
-4933
-5663
-5980
-5979
-5629
-4881
-3401
-1176
1529
4071
5992
7116
7626
7770
7736
7556
7098
6263
4961
3387
1702
163
-1114
-2111
-3026
-4026
-5081
-5912
-6142
-5681
-4618
-3272
-1885
-649
437
1424
2350
3150
3635
3702
3314
2606
1715
887
233
-274
-904
-1823
-2909
-3926
-4558
-4783
-4637
-4299
-3829
-3265
-2538
-1576
-317
1065
2204
2820
2816
2273
1286
286
-299
-301
-126
-72
2
410
1021
1558
1935
2209
2190
1605
608
-447
-1157
-1576
-1594
-1467
-1224
-987
-573
63
695
1332
1669
1774
1389
936
658
733
1077
1508
2034
2375
2399
2053
1537
773
-430
-2217
-4340
-6477
-8254
-9419
-9585
-8640
-6782
-4465
-2012
522
2974
5227
6882
7861
7973
7306
5956
4185
2359
760
-420
-1300
-1937
-2473
-2820
-3062
-3169
-3213
-3254
-3324
-3371
-3089
-2283
-861
981
3087
5180
6965
8155
8650
8561
7996
6989
5537
3737
1719
-254
-1998
-3309
-4228
-4785
-5062
-5100
-4912
-4559
-3949
-3156
-2162
-1151
-122
856
1769
2620
3351
3915
4092
3785
2947
1725
262
-1221
-2634
-3828
-4764
-5316
-5496
-5303
-4715
-3786
-2561
-1325
-168
766
1571
2207
2788
3343
3842
4170
4149
3801
3163
2366
1401
269
-1098
-2593
-4194
-5741
-7040
-7674
-7376
-6194
-4298
-1976
660
3208
5447
7220
8387
8751
8155
6651
4539
2072
-450
-2709
-4488
-5586
-5962
-5604
-4659
-3218
-1536
139
1494
2330
2697
2718
2673
2694
2922
3279
3673
4012
4155
4052
3533
2427
571
-2095
-5302
-8608
-11518
-13439
-13934
-12710
-10051
-6415
-2254
2023
6103
9456
11884
13097
12996
11560
9040
5975
2802
-126
-2564
-4264
-5243
-5652
-5709
-5448
-4929
-4289
-3711
-3190
-2637
-1870
-793
613
2341
4188
5999
7397
8259
8451
7978
6838
4998
2638
-33
-2715
-5138
-6995
-8075
-8270
-7727
-6596
-5112
-3442
-1760
-183
1285
2589
3659
4341
4634
4590
4330
3846
3197
2414
1493
376
-946
-2309
-3541
-4454
-4975
-5054
-4770
-4180
-3342
-2291
-1142
32
1167
2179
2927
3246
3231
3000
2727
2474
2236
1952
1579
1107
598
134
-334
-815
-1445
-2186
-2948
-3706
-4487
-5036
-4889
-3892
-2374
-712
1003
2761
4286
5260
5898
6097
5645
4329
2382
440
-1364
-3021
-4284
-4871
-4835
-4340
-3610
-2480
-1063
219
1103
1544
1688
1592
1353
1240
1587
2330
3177
3919
4665
5366
5849
5775
4979
3434
897
-2477
-6184
-9520
-11991
-13256
-12981
-10978
-7632
-3550
814
5125
8843
11405
12576
12262
10579
7588
3838
107
-3176
-5762
-7470
-8226
-8021
-7139
-5840
-4194
-2544
-1176
-290
233
665
1192
1872
2766
3856
4888
5614
5892
5728
5109
3982
2347
424
-1607
-3544
-5105
-6021
-6109
-5427
-4174
-2601
-895
714
2061
2971
3405
3427
3080
2430
1609
833
177
-325
-709
-949
-1079
-1204
-1341
-1382
-1278
-1048
-707
-265
271
785
1205
1502
1681
1696
1504
1114
598
64
-407
-756
-935
-945
-888
-832
-841
-854
-892
-956
-1045
-1095
-1070
-985
-746
-347
189
670
991
1161
1225
1171
884
336
-318
-824
-1103
-1220
-1223
-1083
-862
-672
-552
-369
-121
62
214
464
830
1160
1295
1346
1439
1419
1233
929
731
740
878
1175
1580
1986
2240
2247
2047
1631
893
-69
-1049
-1830
-2269
-2335
-1926
-1020
261
1710
3062
4013
4211
3400
1560
-1068
-4093
-7119
-9619
-11097
-11235
-9972
-7563
-4269
-569
2951
5844
7797
8626
8172
6485
3982
1171
-1551
-3817
-5309
-5803
-5365
-4219
-2596
-822
764
1841
2315
2283
1891
1330
812
540
652
1125
1832
2653
3449
4034
4240
3989
3287
2242
955
-377
-1481
-2191
-2407
-2183
-1654
-921
-141
526
956
1083
945
624
177
-301
-703
-989
-1099
-984
-660
-191
269
630
882
1031
1077
990
744
346
-145
-651
-1095
-1447
-1695
-1834
-1829
-1632
-1223
-659
-32
611
1244
1792
2138
2209
2018
1620
1086
489
-77
-579
-1013
-1349
-1537
-1529
-1397
-1248
-1148
-1085
-1033
-1038
-1143
-1306
-1369
-1246
-952
-508
62
683
1237
1618
1876
2017
1875
1410
719
-12
-674
-1285
-1761
-1935
-1813
-1509
-1116
-701
-261
74
269
433
609
786
919
1081
1346
1627
1772
1735
1521
1148
602
-47
-644
-1078
-1311
-1271
-907
-255
574
1396
2105
2557
2576
2041
942
-563
-2228
-3792
-4971
-5526
-5377
-4558
-3204
-1453
467
2263
3711
4612
4876
4447
3378
1892
210
-1420
-2784
-3705
-4077
-3935
-3362
-2466
-1372
-241
757
1527
2047
2316
2366
2258
2095
1936
1738
1487
1168
794
357
-122
-555
-871
-1001
-932
-661
-189
421
1089
1693
2121
2311
2212
1855
1325
708
109
-392
-748
-875
-776
-481
-36
491
1023
1452
1667
1596
1259
705
37
-641
-1269
-1784
-2144
-2342
-2338
-2131
-1741
-1229
-704
-199
227
536
677
645
507
265
-83
-523
-966
-1324
-1566
-1684
-1680
-1574
-1408
-1209
-963
-629
-247
97
328
440
425
218
-219
-804
-1346
-1753
-1981
-1949
-1606
-941
-110
786
1741
2615
3217
3427
3232
2697
1854
740
-461
-1535
-2365
-2853
-2920
-2500
-1617
-493
690
1855
2874
3611
3951
3873
3500
2871
2040
1158
355
-260
-689
-929
-914
-677
-324
34
338
610
844
1014
1136
1200
1190
1019
581
-164
-1197
-2441
-3783
-5040
-5941
-6295
-6079
-5357
-4126
-2424
-511
1306
2806
3867
4311
3991
3010
1616
34
-1592
-2997
-3872
-4036
-3500
-2374
-823
926
2581
3849
4577
4739
4381
3574
2496
1375
406
-302
-706
-752
-410
225
955
1611
2124
2439
2505
2346
2031
1663
1284
892
523
246
40
-201
-525
-890
-1257
-1658
-2084
-2443
-2594
-2498
-2200
-1703
-1062
-423
61
378
562
593
421
55
-365
-718
-955
-1050
-986
-799
-630
-550
-548
-607
-737
-969
-1278
-1560
-1718
-1689
-1461
-1025
-420
262
903
1339
1536
1513
1221
711
174
-198
-386
-432
-282
83
548
944
1217
1373
1312
931
307
-337
-884
-1292
-1467
-1314
-834
-118
672
1401
2003
2317
2213
1754
1095
383
-294
-806
-997
-828
-393
185
824
1425
1812
1869
1631
1150
456
-353
-1123
-1677
-1878
-1751
-1381
-840
-206
369
739
890
837
602
191
-315
-757
-1053
-1236
-1332
-1317
-1241
-1227
-1367
-1615
-1892
-2148
-2325
-2323
-2023
-1420
-637
221
1100
1866
2349
2448
2189
1659
915
52
-731
-1231
-1370
-1159
-648
100
964
1756
2327
2594
2543
2178
1529
769
125
-253
-321
-74
478
1225
1966
2541
2850
2811
2389
1629
670
-301
-1141
-1733
-1983
-1869
-1415
-707
80
792
1304
1508
1368
928
312
-365
-1025
-1576
-1919
-2002
-1845
-1519
-1109
-698
-395
-238
-239
-406
-680
-993
-1293
-1513
-1579
-1508
-1320
-1030
-686
-333
-37
172
268
245
117
-84
-287
-465
-624
-757
-843
-894
-899
-831
-703
-537
-350
-156
57
297
526
716
863
942
930
840
722
595
476
386
345
373
458
584
733
895
1021
1074
1062
967
798
587
372
199
118
161
276
452
683
918
1095
1168
1104
921
639
234
-219
-603
-880
-1085
-1176
-1115
-924
-668
-415
-189
3
99
22
-153
-329
-528
-751
-908
-943
-850
-667
-454
-213
38
211
226
150
24
-181
-433
-675
-844
-881
-788
-615
-330
52
428
729
946
1084
1109
998
774
492
249
59
-104
-158
-53
141
353
573
798
984
1059
1006
897
793
627
373
154
40
-37
-99
-107
-50
44
86
64
43
28
-61
-234
-406
-541
-672
-810
-916
-947
-908
-857
-793
-668
-516
-398
-341
-320
-309
-336
-417
-531
-619
-664
-687
-690
-623
-465
-299
-156
-27
96
169
147
46
-75
-206
-360
-485
-525
-447
-296
-86
190
497
780
971
1052
1038
913
678
398
144
-40
-134
-117
43
314
630
928
1156
1269
1235
1061
785
455
142
-107
-243
-248
-109
144
437
697
872
911
788
527
157
-250
-633
-924
-1063
-1032
-845
-544
-191
142
385
484
433
242
-43
-382
-700
-925
-1024
-979
-810
-555
-280
-52
90
119
26
-171
-415
-643
-803
-855
-779
-570
-271
37
286
439
471
370
159
-113
-362
-532
-601
-528
-300
43
421
750
986
1081
1013
791
477
140
-165
-381
-455
-350
-92
256
619
918
1104
1135
999
737
415
89
-191
-363
-383
-250
-17
242
473
634
677
566
326
9
-329
-630
-851
-938
-885
-726
-515
-295
-99
22
34
-54
-211
-401
-585
-718
-749
-678
-533
-350
-169
-7
94
97
27
-97
-246
-385
-470
-466
-375
-232
-75
79
201
266
248
164
40
-102
-209
-257
-224
-112
51
242
428
567
632
600
490
329
151
-1
-80
-73
31
215
434
658
842
940
924
802
601
367
145
-22
-105
-100
-9
143
326
482
565
555
453
275
45
-195
-396
-524
-569
-520
-388
-209
-22
120
187
162
46
-146
-369
-579
-754
-868
-898
-835
-690
-503
-310
-137
-15
32
1
-96
-229
-359
-469
-524
-513
-446
-334
-212
-94
-7
37
30
-12
-68
-117
-143
-135
-74
28
159
300
429
532
590
598
565
508
439
377
341
343
377
430
487
526
536
504
437
348
249
161
100
70
78
109
148
187
214
219
190
119
23
-71
-146
-199
-214
-195
-151
-103
-75
-80
-136
-248
-394
-558
-707
-822
-911
-938
-902
-801
-649
-472
-299
-151
-50
5
20
4
-27
-67
-101
-115
-97
-50
11
56
75
59
11
-43
-103
-143
-155
-130
-61
51
192
338
463
546
583
568
509
416
303
202
134
113
148
225
331
437
527
573
563
502
402
281
155
46
-30
-65
-62
-22
35
89
125
139
128
91
36
-34
-103
-157
-195
-217
-229
-233
-245
-262
-284
-310
-329
-340
-335
-305
-259
-204
-153
-112
-89
-90
-113
-155
-209
-250
-273
-270
-236
-186
-115
-36
28
73
87
67
27
-26
-78
-119
-145
-134
-94
-23
55
117
168
195
203
190
153
96
34
-23
-60
-69
-48
2
63
120
165
191
195
187
166
130
90
55
44
56
87
123
161
200
232
245
231
184
112
44
-15
-50
-63
-56
-24
30
102
176
232
250
230
166
74
-32
-135
-227
-305
-353
-371
-351
-301
-235
-163
-103
-67
-57
-73
-103
-137
-169
-191
-197
-173
-123
-61
-4
33
48
36
0
-58
-123
-188
-245
-276
-286
-255
-194
-110
-10
86
169
223
253
246
219
183
150
143
156
184
217
241
261
269
261
231
174
97
10
-64
-116
-130
-113
-70
-4
71
151
228
280
300
289
247
190
122
48
-16
-72
-120
-158
-184
-186
-174
-157
-139
-124
-107
-85
-61
-42
-32
-31
-34
-40
-50
-73
-97
-116
-129
-135
-136
-128
-122
-111
-105
-97
-87
-78
-79
-86
-86
-82
-65
-38
-16
5
20
34
47
49
44
40
34
35
33
27
23
18
19
21
16
13
5
-1
-3
-6
4
22
51
93
141
188
240
281
302
297
250
181
95
2
-81
-156
-205
-224
-214
-172
-109
-36
35
93
124
131
114
79
40
3
-24
-44
-50
-36
-4
36
73
91
90
70
27
-23
-82
-132
-173
-200
-206
-199
-174
-137
-99
-68
-50
-50
-53
-52
-39
-21
1
29
56
79
97
105
99
78
43
1
-47
-83
-100
-95
-68
-30
16
67
110
141
148
121
74
11
-49
-98
-132
-147
-137
-109
-60
-2
53
104
136
148
148
142
129
120
109
101
96
89
80
63
40
12
-29
-72
-112
-138
-140
-121
-86
-40
9
46
68
73
64
43
16
-17
-45
-56
-47
-16
21
60
93
107
102
79
32
-30
-97
-162
-209
-233
-233
-211
-175
-125
-75
-36
-8
6
11
9
4
0
-1
6
21
38
59
73
72
60
37
5
-32
-65
-99
-114
-110
-93
-53
-10
44
99
140
168
178
168
149
124
97
80
63
56
54
61
76
91
99
98
81
56
31
5
-15
-24
-22
-10
12
32
47
57
59
54
36
6
-25
-56
-84
-104
-126
-139
-150
-158
-163
-175
-184
-189
-188
-174
-154
-130
-98
-70
-45
-29
-28
-33
-46
-66
-84
-106
-116
-104
-69
-16
51
121
188
244
274
278
261
226
183
135
83
41
10
-6
-7
-2
10
18
28
36
33
29
26
27
44
66
91
116
131
138
132
109
71
21
-32
-84
-126
-154
-161
-150
-126
-92
-58
-28
-3
5
-2
-19
-47
-74
-95
-109
-108
-97
-73
-42
-8
17
39
42
24
-1
-40
-80
-115
-137
-143
-140
-123
-100
-76
-57
-41
-29
-20
-9
-4
4
12
20
37
50
70
91
113
133
150
161
165
171
171
172
168
163
158
157
151
143
133
118
108
93
76
60
41
22
0
-23
-36
-44
-40
-27
-6
12
23
30
23
6
-29
-76
-129
-182
-218
-246
-253
-252
-241
-217
-191
-168
-150
-142
-150
-163
-185
-201
-211
-208
-186
-143
-91
-38
15
56
90
113
116
105
82
53
27
8
4
13
37
81
123
164
198
219
231
234
227
217
203
184
169
154
146
137
130
125
116
100
82
58
36
19
-1
-19
-40
-59
-72
-76
-83
-84
-91
-96
-100
-111
-115
-120
-124
-126
-129
-132
-135
-133
-134
-132
-127
-116
-102
-86
-71
-62
-50
-44
-46
-48
-58
-63
-64
-56
-37
-11
21
52
89
119
142
151
143
119
88
56
25
6
0
5
21
47
80
115
152
180
200
210
203
188
164
137
116
97
82
61
40
24
12
6
6
6
4
1
-11
-23
-30
-36
-40
-46
-57
-66
-79
-99
-122
-149
-176
-198
-215
-228
-232
-228
-211
-182
-149
-121
-97
-77
-59
-45
-36
-29
-27
-15
1
20
36
52
59
63
60
51
35
17
3
-14
-19
-15
-2
21
44
72
95
113
124
128
122
108
91
67
47
27
11
3
-4
-5
-7
-6
-4
-5
-2
1
-2
-3
-2
-3
6
16
23
29
30
26
23
20
13
5
-4
-11
-15
-15
-15
-18
-27
-43
-56
-68
-81
-90
-93
-92
-82
-66
-48
-29
-10
2
16
25
30
31
28
24
24
25
30
41
46
51
51
49
47
47
48
51
56
63
75
92
109
124
131
130
120
102
81
52
32
16
6
7
16
31
48
60
62
53
34
9
-23
-47
-72
-87
-94
-93
-85
-75
-60
-49
-44
-46
-50
-61
-69
-79
-89
-98
-102
-91
-79
-62
-49
-42
-44
-51
-58
-66
-72
-78
-82
-80
-75
-60
-44
-23
-7
3
8
8
8
1
-8
-23
-37
-48
-55
-52
-47
-36
-28
-21
-16
-12
-8
-4
-3
0
-1
3
10
16
26
32
38
43
42
43
41
39
37
31
27
27
35
51
71
90
112
126
137
144
140
128
112
90
67
47
27
14
4
0
4
12
28
46
60
65
65
55
41
26
9
-5
-20
-33
-45
-56
-59
-61
-54
-47
-41
-38
-37
-38
-41
-44
-47
-54
-59
-60
-58
-47
-31
-20
-3
9
20
32
35
34
26
14
2
-8
-13
-17
-18
-16
-14
-6
3
15
24
34
41
42
39
31
19
5
-9
-21
-31
-33
-32
-23
-15
-4
6
13
18
19
16
12
3
-5
-14
-24
-30
-35
-36
-39
-41
-40
-41
-37
-35
-33
-34
-36
-40
-41
-41
-40
-39
-40
-43
-46
-49
-50
-47
-45
-44
-48
-48
-50
-51
-52
-55
-55
-58
-57
-51
-48
-41
-36
-30
-22
-17
-8
4
20
40
59
76
90
101
113
123
135
141
144
142
136
128
117
109
98
87
78
71
64
65
70
78
89
97
104
106
106
105
100
87
71
49
26
4
-15
-33
-45
-60
-70
-78
-91
-101
-114
-122
-131
-136
-139
-136
-130
-118
-102
-89
-69
-55
-41
-32
-29
-30
-35
-41
-48
-55
-60
-63
-63
-59
-48
-36
-21
-2
13
30
45
57
69
76
80
77
75
69
66
63
60
57
57
57
59
63
68
74
70
64
49
33
15
-5
-23
-43
-61
-78
-87
-92
-92
-89
-82
-74
-67
-60
-55
-58
-63
-70
-77
-82
-87
-86
-86
-82
-79
-71
-68
-61
-51
-50
-44
-42
-35
-27
-16
-5
2
15
27
43
56
69
81
90
101
114
127
141
153
168
180
193
199
200
193
177
157
128
103
69
40
15
-6
-13
-13
-6
6
18
29
36
38
35
28
15
-3
-22
-42
-61
-80
-98
-112
-128
-141
-156
-165
-176
-179
-181
-181
-174
-164
-151
-134
-117
-103
-83
-67
-43
-27
-11
0
5
15
19
23
25
24
20
19
18
23
32
41
57
75
94
114
132
143
154
156
153
146
134
124
113
101
90
83
77
72
69
61
56
44
32
18
0
-17
-34
-47
-56
-62
-69
-72
-79
-86
-93
-104
-115
-121
-132
-137
-143
-151
-152
-155
-152
-148
-140
-131
-119
-106
-94
-77
-62
-44
-30
-16
-3
8
17
22
26
29
33
39
44
55
62
72
83
94
107
115
124
132
141
147
155
162
167
175
178
176
168
155
138
119
97
73
53
35
18
7
-2
-4
-4
-2
-5
-11
-19
-31
-42
-56
-69
-86
-98
-109
-115
-116
-118
-120
-122
-122
-124
-124
-126
-129
-134
-139
-139
-137
-128
-119
-108
-93
-81
-67
-49
-34
-17
-4
8
17
28
39
45
53
59
61
68
74
81
89
96
102
109
111
114
113
111
110
101
94
88
84
82
82
78
77
74
73
71
63
54
38
21
7
-9
-28
-43
-57
-70
-76
-80
-81
-79
-82
-79
-79
-80
-80
-84
-86
-89
-91
-89
-87
-83
-78
-71
-65
-58
-51
-46
-42
-39
-41
-42
-40
-35
-28
-19
-7
3
12
22
29
37
43
49
56
64
75
81
88
93
96
98
99
97
92
87
78
68
60
49
39
33
26
21
19
17
17
17
20
21
23
21
21
18
14
7
-4
-17
-29
-42
-55
-65
-73
-75
-75
-71
-66
-60
-53
-47
-44
-40
-38
-39
-37
-38
-37
-35
-31
-27
-22
-16
-10
-5
-3
-2
-4
-6
-8
-9
-8
-5
-5
-3
2
6
13
20
26
31
35
37
39
38
34
30
23
15
8
0
-6
-11
-17
-19
-19
-15
-9
-1
6
13
21
26
33
37
37
38
35
34
29
27
22
18
17
14
12
8
7
6
6
5
5
5
3
4
4
6
7
7
10
9
7
5
2
-3
-9
-16
-22
-28
-34
-39
-43
-49
-53
-54
-52
-50
-45
-43
-39
-35
-32
-28
-24
-20
-17
-18
-17
-19
-21
-21
-24
-23
-25
-24
-19
-14
-7
0
7
14
21
26
33
35
38
40
40
40
41
42
44
45
47
48
50
51
51
50
49
46
42
40
38
34
34
32
32
31
28
27
25
21
18
13
9
3
-3
-9
-16
-20
-26
-31
-35
-40
-43
-46
-48
-50
-49
-50
-49
-51
-52
-54
-56
-57
-59
-58
-59
-59
-58
-57
-55
-49
-44
-39
-35
-31
-26
-22
-16
-12
-6
-2
3
10
16
23
30
36
43
49
55
59
62
66
69
70
72
76
77
78
79
79
77
74
74
69
66
62
56
49
43
35
28
20
12
5
-3
-10
-17
-24
-32
-40
-49
-54
-61
-66
-69
-75
-79
-82
-86
-86
-90
-90
-90
-92
-92
-91
-90
-89
-86
-82
-78
-70
-63
-55
-49
-41
-31
-25
-16
-10
-2
6
12
21
30
38
48
58
70
79
89
96
103
108
112
116
114
114
112
107
105
103
101
98
95
92
89
85
80
74
68
59
48
36
24
12
1
-9
-18
-25
-35
-40
-47
-54
-61
-68
-74
-81
-89
-95
-103
-109
-114
-117
-118
-119
-117
-117
-113
-111
-106
-99
-95
-87
-81
-74
-66
-57
-48
-38
-29
-19
-8
1
12
20
30
39
48
56
62
69
77
84
91
97
100
104
104
105
106
106
103
102
100
96
92
87
80
73
67
60
53
43
34
25
15
5
-5
-14
-23
-31
-41
-50
-58
-66
-73
-78
-84
-88
-92
-97
-99
-101
-103
-106
-106
-106
-106
-104
-101
-97
-91
-81
-74
-63
-53
-43
-32
-23
-13
-5
2
11
18
26
34
41
50
58
65
72
78
83
87
91
95
99
99
101
102
104
104
105
106
103
103
99
94
89
81
76
68
60
52
44
36
27
18
10
0
-8
-17
-26
-33
-41
-49
-55
-62
-67
-73
-77
-80
-84
-88
-91
-94
-95
-94
-95
-95
-95
-92
-89
-85
-82
-78
-75
-70
-65
-61
-54
-48
-43
-37
-29
-23
-16
-10
-4
2
8
12
17
22
29
33
37
42
47
52
54
57
61
64
65
67
66
66
65
63
61
57
55
50
46
41
37
32
28
23
15
10
5
1
-4
-6
-10
-14
-17
-20
-23
-26
-28
-29
-29
-31
-32
-30
-31
-30
-30
-27
-27
-26
-24
-22
-19
-17
-15
-12
-8
-6
-2
2
6
10
12
16
19
22
25
27
29
31
32
33
33
33
33
33
35
34
35
35
36
35
35
33
30
26
22
19
17
12
7
2
-4
-9
-13
-18
-21
-25
-28
-30
-33
-34
-36
-39
-40
-41
-40
-41
-40
-40
-41
-42
-40
-42
-40
-40
-40
-39
-38
-38
-37
-36
-34
-30
-28
-26
-22
-18
-14
-10
-7
-4
-1
3
6
8
10
11
13
15
17
20
22
24
27
30
32
34
35
37
37
38
38
38
37
38
37
37
36
34
31
27
24
19
15
11
8
5
4
3
2
3
4
5
5
4
5
5
3
2
0
-2
-4
-6
-6
-8
-8
-9
-10
-12
-13
-15
-15
-15
-14
-14
-13
-10
-9
-8
-8
-6
-5
-6
-6
-8
-8
-8
-8
-9
-9
-10
-10
-10
-8
-7
-5
-3
-3
-2
-1
-1
0
1
0
-1
-1
-1
-1
-2
-3
-5
-7
-7
-7
-8
-8
-10
-8
-9
-9
-8
-6
-5
-2
0
2
3
3
6
6
5
4
4
1
1
0
0
-1
0
2
1
3
5
6
7
8
8
7
7
7
5
4
3
2
1
1
0
-1
0
1
2
4
4
7
8
10
8
9
9
8
8
9
8
7
6
4
3
2
2
1
0
-2
-3
-2
-4
-5
-7
-6
-6
-5
-5
-1
-1
0
2
3
4
4
4
4
5
4
2
0
-2
-1
-3
-2
-3
-4
-4
-3
-4
-3
-3
-2
-1
-3
-1
-2
-3
-4
-4
-6
-8
-8
-9
-10
-10
-11
-10
-9
-8
-8
-7
-6
-5
-6
-6
-7
-7
-7
-7
-8
-7
-7
-6
-4
-3
-2
0
1
1
2
1
2
3
4
5
7
8
9
12
13
16
17
19
20
20
21
19
20
19
19
18
16
14
13
10
7
7
5
3
0
0
0
-1
-1
-3
-3
-4
-6
-7
-8
-11
-12
-12
-12
-13
-14
-13
-14
-14
-14
-14
-14
-13
-13
-13
-13
-13
-14
-12
-11
-11
-11
-11
-10
-9
-10
-7
-6
-4
-2
-1
2
3
3
5
6
7
8
9
10
11
12
13
14
15
15
15
16
16
16
15
14
12
11
11
9
8
8
7
7
6
5
5
3
2
2
-1
-1
-2
-3
-2
-4
-4
-5
-5
-6
-7
-8
-9
-10
-11
-11
-12
-13
-12
-13
-11
-11
-12
-12
-11
-10
-10
-10
-9
-8
-7
-6
-5
-4
-3
-1
0
1
1
3
3
3
4
6
7
8
8
10
9
10
9
9
8
8
7
6
5
4
5
3
3
3
3
4
3
3
3
3
4
5
4
4
4
3
4
3
4
2
2
2
1
0
-1
-1
-2
-2
-2
-2
-4
-3
-4
-6
-6
-7
-7
-6
-6
-6
-6
-6
-5
-4
-4
-3
-2
-3
-3
-1
-2
0
0
0
1
0
0
0
0
-1
0
-1
-1
-1
-1
1
0
0
-1
-2
-3
-3
-3
-3
-2
-2
-1
-1
0
1
2
2
2
3
4
4
4
4
4
4
4
4
4
3
3
2
2
2
2
2
2
2
2
3
3
3
4
4
4
4
3
4
5
5
5
5
4
6
4
4
4
4
2
3
1
1
0
0
-1
-2
-2
-3
-4
-5
-6
-8
-9
-10
-11
-10
-11
-10
-12
-10
-11
-9
-9
-9
-7
-7
-5
-5
-4
-3
-4
-4
-4
-3
-3
-1
-1
0
0
0
1
3
4
4
5
4
5
6
5
6
7
6
7
8
7
6
8
8
9
9
10
9
8
10
9
7
8
7
6
5
4
2
2
2
1
1
-1
-2
-3
-5
-6
-7
-7
-6
-7
-7
-8
-9
-9
-9
-10
-7
-7
-6
-4
-4
-2
-3
-1
-3
-2
-2
-2
-2
-2
-2
-2
-2
-2
-2
-1
0
0
1
2
2
3
3
4
5
5
6
8
8
7
7
8
6
5
5
6
5
6
5
3
2
2
1
0
-1
-2
-2
-4
-4
-5
-5
-5
-6
-6
-6
-5
-7
-7
-9
-10
-9
-9
-9
-7
-6
-5
-4
-3
-2
-1
-1
-1
1
2
3
2
3
3
3
4
5
6
4
4
5
6
6
6
6
7
7
7
7
7
6
6
6
5
6
5
5
6
5
5
4
4
2
3
1
0
-1
-2
-4
-4
-5
-6
-7
-8
-9
-9
-10
-11
-11
-10
-10
-10
-9
-10
-10
-9
-9
-9
-8
-8
-7
-7
-5
-6
-4
-3
-1
0
1
3
4
5
6
6
6
7
8
9
10
10
10
10
11
12
12
12
13
13
13
13
13
12
12
12
11
10
10
9
8
6
4
3
2
1
-2
-2
-3
-4
-6
-8
-10
-11
-12
-14
-14
-16
-16
-16
-17
-18
-18
-18
-17
-18
-17
-16
-17
-17
-16
-16
-14
-13
-12
-10
-7
-6
-4
-3
-1
0
0
1
3
4
6
7
8
10
11
13
15
16
17
18
19
18
17
18
17
17
18
17
17
15
15
14
15
13
11
10
8
7
5
5
3
1
0
-2
-3
-6
-6
-7
-9
-10
-11
-11
-11
-11
-11
-11
-12
-13
-12
-12
-12
-12
-13
-13
-12
-12
-11
-9
-10
-8
-6
-6
-4
-3
-3
-2
-1
0
0
2
3
3
4
4
5
6
5
6
6
7
7
7
7
7
8
8
9
8
7
7
8
6
6
6
5
4
4
4
4
2
1
0
0
-1
0
-1
-3
-3
-3
-4
-5
-5
-5
-5
-5
-4
-4
-5
-4
-4
-5
-5
-4
-5
-4
-4
-4
-3
-4
-3
-2
