0
0
0
0
0
0
0
-1
-1
1
0
0
0
0
0
0
0
0
0
0
0
0
1
0
0
0
0
0
1
1
0
0
0
0
0
-1
0
0
0
0
0
1
1
0
0
1
0
0
0
1
1
1
1
0
1
1
0
0
0
0
0
0
0
0
1
1
1
0
1
1
0
0
0
0
0
0
0
0
0
0
0
0
1
0
0
1
0
0
0
1
0
0
0
-1
-1
0
0
0
0
0
0
0
0
-1
0
0
0
0
-1
-1
0
0
0
0
0
-1
0
0
0
0
-1
0
0
0
0
0
0
0
0
0
-1
0
1
0
0
1
0
-1
0
0
-1
1
0
0
0
1
0
0
0
1
0
1
1
0
1
1
0
1
-1
0
0
0
0
0
0
0
0
0
0
0
0
1
0
0
0
0
0
0
0
-1
0
0
0
0
0
0
0
-1
1
0
1
0
0
1
0
0
0
0
0
0
-1
0
0
0
0
0
1
0
0
-1
0
0
0
-1
1
0
0
1
-1
-1
0
0
0
0
0
0
0
0
0
1
0
0
1
0
0
1
0
0
0
0
1
0
-1
-1
0
0
0
-1
0
0
0
0
0
-1
0
0
0
0
-1
0
0
0
0
0
0
0
0
0
0
0
0
0
0
-1
0
0
0
0
0
0
0
0
0
1
0
0
0
0
0
0
0
0
0
0
1
0
0
0
0
0
0
0
0
0
0
-1
0
0
0
0
0
0
0
0
0
0
0
0
0
0
0
-1
0
0
0
0
0
1
0
0
0
0
0
0
-1
0
-1
0
1
-1
0
0
0
0
0
0
0
0
0
0
0
0
0
0
0
0
0
0
0
0
0
1
0
0
0
1
0
-1
-1
0
0
0
0
0
0
0
0
1
0
0
0
0
0
0
1
1
1
0
0
0
0
0
0
1
-1
0
1
1
2
1
1
0
0
1
1
0
1
0
-1
-2
-1
-1
0
0
0
-1
-2
-2
-1
-1
0
-1
-1
-2
-3
-2
-2
-1
-2
-2
-3
-3
-2
-3
-2
-1
-1
-2
-2
-1
1
2
2
3
2
2
2
3
4
4
4
3
3
2
2
1
2
1
1
1
0
2
1
2
1
1
1
1
2
3
3
3
1
2
2
3
4
3
2
2
1
0
0
1
0
-1
-3
-5
-6
-6
-5
-6
-6
-7
-7
-7
-7
-6
-5
-4
-5
-4
-4
-2
-1
-1
0
0
-1
0
-1
0
0
-1
0
0
-1
-2
-2
-2
-2
-1
0
0
0
-1
0
1
1
1
3
4
5
5
6
7
9
9
10
9
8
8
6
7
7
5
3
3
1
1
1
1
0
0
-2
-2
-2
-3
-2
0
0
1
-1
-3
-3
-2
2
2
4
4
1
-3
-4
-4
-1
2
1
-2
-6
-9
-10
-8
-5
-2
-2
-2
-6
-9
-9
-7
-3
1
2
0
-3
-6
-6
-4
2
7
8
6
0
-2
-3
-2
1
3
3
-2
-8
-10
-10
-4
2
4
2
0
-3
-3
1
6
8
9
7
3
0
1
4
9
12
11
8
4
1
1
3
6
7
5
2
-2
-3
-3
-1
3
3
3
-1
-5
-3
-3
0
3
4
2
-1
-4
-4
-3
0
2
2
-1
-5
-7
-8
-7
-5
-4
-4
-6
-7
-9
-8
-5
-3
-2
0
0
-3
-3
-2
0
1
1
-1
-2
-3
-4
-1
1
3
3
2
0
-2
-1
0
3
4
3
3
3
4
4
8
9
9
10
9
8
7
6
5
6
6
5
3
3
2
1
0
1
-1
0
-1
-1
-1
-1
-1
-2
-2
-1
-2
0
1
2
0
0
2
0
0
0
-2
-2
-2
-3
-5
-6
-8
-10
-10
-11
-12
-10
-11
-10
-10
-9
-8
-6
-5
-5
-2
0
1
3
4
6
6
8
9
8
9
8
6
5
3
2
0
-1
-2
-5
-5
-6
-6
-4
-4
-3
-3
-2
-1
0
2
4
5
5
6
8
8
10
10
10
11
10
9
7
6
3
0
-1
-2
-4
-4
-5
-8
-8
-10
-9
-8
-8
-7
-6
-6
-6
-4
-2
0
2
6
7
7
8
9
9
9
8
7
6
4
0
-1
-4
-6
-8
-9
-10
-9
-9
-7
-6
-5
-5
-5
-5
-3
0
3
6
7
9
8
7
7
7
8
9
9
8
6
5
1
1
-1
-2
-2
-3
-4
-5
-7
-6
-7
-7
-7
-7
-6
-5
-3
-1
1
2
3
4
4
6
8
8
10
10
8
6
3
1
-1
-2
-3
-5
-7
-10
-11
-12
-13
-12
-11
-11
-10
-9
-7
-4
-2
0
1
2
2
3
5
6
7
7
6
4
2
1
1
2
1
1
0
-2
-3
-5
-4
-4
-4
-3
-3
-2
-2
-1
-1
-1
1
3
4
6
8
10
10
11
11
11
10
10
9
8
6
4
2
1
-1
-4
-6
-6
-7
-7
-7
-6
-6
-6
-6
-5
-3
-1
2
3
4
5
6
5
5
5
4
3
2
0
-1
-2
-3
-3
-4
-5
-6
-8
-7
-6
-7
-6
-6
-7
-5
-5
-5
-3
-2
-1
0
2
4
4
4
6
6
5
5
6
7
7
6
4
3
0
-1
-2
-2
-2
-2
-4
-4
-4
-5
-3
-2
-1
0
1
2
4
4
5
5
5
5
4
4
3
4
3
2
1
-1
-4
-5
-5
-4
-4
-4
-3
-4
-4
-4
-4
-3
-3
-3
-2
-2
-2
-1
-1
-2
-2
-1
0
1
2
4
4
3
2
0
0
-1
0
0
0
0
0
-1
-3
-1
-1
0
2
3
2
2
1
1
2
3
3
3
3
2
2
1
1
0
0
0
0
0
0
0
1
1
1
2
2
2
1
2
1
1
0
-1
-2
-2
-4
-4
-4
-3
-3
-3
-4
-5
-4
-4
-3
-1
1
1
1
2
2
3
3
5
5
4
4
4
3
3
3
1
1
1
1
2
2
1
0
-2
-4
-4
-5
-4
-3
-3
-4
-5
-6
-5
-4
-1
0
0
1
2
1
2
2
3
3
4
3
2
2
2
1
0
-1
-3
-4
-3
-3
-2
-3
-3
-4
-4
-2
-1
1
2
2
2
2
2
3
4
4
4
5
5
5
5
4
2
2
0
1
-1
-1
-2
-2
-4
-6
-6
-4
-4
-4
-2
-3
-3
-2
-2
-2
-1
0
0
1
2
4
4
4
5
3
3
2
1
1
0
0
-1
-2
-3
-3
-4
-3
-3
-2
-1
-1
-1
-2
-1
-2
-1
0
0
1
3
4
4
4
4
4
5
5
5
5
4
2
2
-1
-2
-3
-5
-5
-6
-6
-5
-6
-5
-6
-5
-5
-2
-1
0
1
2
1
2
2
2
3
5
5
4
3
3
2
2
2
0
-1
-2
-1
-1
-2
-3
-2
-2
-2
-2
-1
-1
0
1
1
2
2
2
3
3
2
2
3
2
2
1
1
0
0
0
-1
0
0
-2
-3
-4
-5
-4
-3
-3
-3
-4
-3
-3
-2
-1
0
2
2
2
3
2
3
3
3
3
3
3
3
2
2
0
-1
-1
-1
-1
0
-1
-1
-1
-2
-4
-3
-3
-1
1
1
2
1
0
0
0
0
1
2
2
1
1
1
0
0
-1
0
1
1
1
1
-1
-2
-3
-3
-2
-2
-1
-1
0
0
-1
1
0
0
1
2
2
3
3
3
2
2
0
0
0
0
0
0
-2
-3
-4
-3
-3
-2
-2
-2
-1
0
0
0
1
1
1
2
3
3
2
3
2
2
1
1
0
0
0
0
-2
-2
-3
-3
-3
-2
-2
-2
-2
-2
-2
-3
-2
-1
-1
0
1
2
3
2
2
3
2
2
3
2
1
1
1
-1
0
0
0
-1
-1
-1
-3
-3
-4
-3
-2
-3
-2
0
0
0
1
2
2
3
1
2
2
3
3
2
1
1
0
1
1
1
1
1
1
0
-1
-1
-1
-1
0
-1
-2
-2
-3
-3
-2
-3
-2
-3
-1
1
1
2
2
2
1
1
3
3
3
3
2
2
1
0
-1
-2
-3
-3
-3
-3
-3
-3
-4
-3
-3
-1
-1
0
2
3
3
3
2
3
2
2
3
3
2
3
2
3
3
2
2
0
0
-1
-1
-2
-2
-2
-3
-3
-3
-3
-4
-3
-2
-3
-3
-3
-2
-1
-2
-1
-1
0
1
0
1
2
3
3
4
4
3
3
2
2
2
1
0
-1
-1
-2
-3
-3
-3
-3
-2
-1
0
1
1
1
0
2
1
2
3
2
3
3
2
2
1
0
0
0
1
1
1
0
-1
-1
-2
-2
-3
-3
-3
-3
-3
-3
-3
-4
-4
-4
-2
-1
0
0
1
0
0
0
1
1
2
3
3
4
3
2
2
1
0
0
0
1
0
1
0
-1
-1
-1
-1
-1
0
1
1
0
-1
-1
-1
0
1
1
2
2
2
1
2
0
0
0
1
2
2
2
2
1
1
-1
-1
-1
-1
0
0
-1
-1
-1
-2
-1
-2
-1
-1
0
-1
-1
0
-1
-1
-2
-3
-1
0
1
0
0
-1
-1
-1
0
0
0
1
1
0
1
0
1
1
0
0
0
0
1
0
2
1
0
0
-1
0
0
0
1
1
1
1
0
0
0
0
0
1
2
1
1
0
-1
-1
-1
-1
-1
-2
-1
0
0
0
-1
0
-1
0
0
0
0
-1
0
0
0
0
-1
-1
0
0
1
1
1
0
0
-1
-2
-2
-2
0
0
2
2
2
1
0
-1
1
0
1
1
1
1
1
1
0
-1
-2
0
0
0
0
0
-1
-2
-2
-2
-2
-1
1
1
1
0
1
1
-1
0
0
0
0
1
1
0
-1
0
-1
-1
-1
0
1
2
1
1
1
-1
-1
-2
-1
-2
-1
0
0
-1
-1
-1
-2
-1
0
1
1
2
3
2
0
0
-1
-2
-1
0
2
2
2
1
0
-1
-1
-2
-1
0
1
1
0
2
0
0
-1
-1
0
0
1
0
1
1
0
0
-1
-1
0
1
2
1
1
0
-2
-3
-2
-2
-1
0
1
0
-1
-1
-2
-2
-3
-3
-3
-2
0
0
0
-2
0
-1
-1
0
1
1
2
2
1
1
0
1
2
3
4
4
3
2
2
2
1
0
1
0
0
1
1
1
0
0
-2
-1
0
0
1
1
1
0
0
0
-1
-1
1
1
0
0
0
0
-1
-2
-1
-1
-2
-2
-1
-1
0
0
-2
-2
-1
-1
0
0
-1
-1
-1
-1
-2
-2
0
0
0
0
1
0
0
-1
0
0
0
0
1
0
0
-1
-1
-1
0
-1
0
1
0
1
1
0
0
0
1
2
2
3
3
2
2
1
0
1
1
1
0
1
-1
-1
0
-1
-1
-2
-2
-2
-3
-2
-2
-1
-2
-2
-3
-2
-2
0
2
3
2
3
2
1
3
3
3
4
3
3
3
3
2
3
1
0
-2
-3
-3
-4
-4
-5
-5
-6
-5
-6
-5
-4
-3
-2
-2
-1
-1
-2
-2
1
2
2
3
3
4
6
6
6
6
5
5
5
5
4
3
3
2
1
-1
-2
-4
-4
-6
-6
-6
-6
-6
-6
-5
-4
-3
-2
0
2
3
5
5
5
5
5
5
5
3
2
2
2
2
3
4
4
3
2
2
3
2
3
3
3
2
0
-3
-5
-7
-8
-10
-12
-12
-13
-14
-14
-13
-13
-12
-9
-7
-4
0
2
4
7
6
6
6
5
6
8
10
12
12
12
11
10
7
7
5
7
8
7
6
5
3
1
-1
-1
-2
-2
-3
-5
-7
-10
-13
-17
-19
-22
-22
-23
-23
-22
-21
-20
-20
-19
-16
-14
-9
-5
0
4
9
12
14
17
20
25
28
33
37
40
42
42
43
45
45
44
40
33
26
20
13
5
-5
-15
-28
-39
-47
-52
-55
-57
-59
-64
-68
-70
-68
-64
-55
-46
-37
-28
-19
-7
6
20
35
47
57
66
75
84
93
99
99
96
92
85
78
68
54
38
19
-1
-21
-40
-60
-78
-98
-114
-128
-136
-137
-134
-128
-125
-120
-114
-103
-86
-62
-36
-14
5
21
37
54
74
95
114
127
136
142
146
150
153
150
138
123
104
88
75
64
49
28
0
-30
-55
-73
-85
-94
-103
-114
-126
-135
-137
-132
-123
-110
-99
-87
-74
-56
-37
-16
-5
0
4
12
26
47
68
83
88
83
74
67
67
70
70
62
48
29
13
3
-4
-9
-20
-35
-51
-62
-68
-68
-71
-79
-94
-110
-119
-117
-102
-84
-69
-62
-57
-49
-34
-7
22
51
71
82
91
103
120
139
156
165
169
170
174
186
202
211
209
194
172
151
140
129
115
91
56
14
-23
-48
-62
-74
-89
-113
-140
-161
-170
-166
-156
-146
-145
-149
-152
-148
-130
-105
-81
-63
-55
-52
-53
-48
-39
-30
-29
-37
-55
-73
-88
-98
-105
-118
-139
-169
-196
-221
-233
-238
-243
-255
-275
-294
-301
-295
-273
-243
-215
-191
-168
-139
-97
-45
13
66
110
146
184
230
283
338
385
416
436
449
466
490
515
528
526
507
480
455
441
433
421
400
367
327
287
256
237
224
209
185
153
119
94
78
73
67
55
36
12
-6
-15
-15
-13
-17
-35
-62
-90
-115
-131
-142
-154
-175
-204
-239
-274
-302
-324
-342
-363
-388
-414
-438
-459
-476
-490
-502
-511
-518
-522
-521
-514
-505
-495
-483
-472
-460
-446
-430
-409
-386
-361
-336
-313
-294
-272
-255
-235
-214
-196
-180
-168
-159
-154
-150
-145
-140
-129
-118
-104
-90
-71
-50
-23
13
54
99
142
185
229
280
340
405
474
542
604
666
729
800
880
963
1041
1107
1162
1210
1252
1287
1316
1333
1337
1329
1310
1284
1252
1210
1152
1076
984
884
779
671
560
444
317
183
42
-100
-237
-367
-491
-611
-728
-840
-946
-1043
-1133
-1215
-1285
-1345
-1393
-1425
-1442
-1447
-1440
-1426
-1403
-1367
-1321
-1260
-1191
-1118
-1042
-965
-886
-805
-721
-629
-533
-437
-343
-249
-153
-55
40
128
211
284
349
409
467
523
572
609
631
640
637
631
622
610
593
563
517
455
383
310
233
155
70
-20
-113
-208
-300
-389
-478
-565
-653
-733
-803
-858
-899
-923
-941
-953
-956
-946
-914
-860
-785
-694
-591
-476
-351
-212
-62
100
270
444
617
789
959
1126
1288
1440
1579
1708
1824
1932
2030
2114
2182
2228
2249
2248
2230
2197
2149
2081
1989
1875
1740
1592
1438
1277
1104
916
714
502
289
79
-128
-331
-534
-743
-950
-1148
-1329
-1493
-1642
-1778
-1906
-2019
-2113
-2181
-2224
-2240
-2237
-2220
-2195
-2154
-2096
-2017
-1913
-1793
-1668
-1545
-1427
-1306
-1178
-1036
-885
-732
-583
-445
-311
-181
-54
73
193
304
403
491
572
644
708
763
808
841
863
880
893
902
905
902
888
862
829
794
761
729
694
655
608
562
515
469
418
360
296
232
167
104
44
-19
-81
-151
-220
-289
-351
-406
-452
-493
-530
-568
-606
-647
-682
-711
-734
-753
-768
-779
-780
-767
-737
-698
-652
-598
-530
-443
-337
-215
-83
57
195
328
451
568
686
802
916
1024
1123
1210
1289
1361
1428
1489
1541
1583
1615
1638
1652
1652
1635
1597
1536
1455
1360
1256
1149
1037
919
790
652
508
360
213
69
-73
-214
-350
-484
-610
-736
-862
-989
-1115
-1234
-1342
-1436
-1511
-1576
-1628
-1670
-1699
-1712
-1707
-1684
-1646
-1593
-1529
-1457
-1376
-1294
-1211
-1132
-1058
-988
-916
-835
-747
-649
-550
-454
-363
-275
-184
-87
18
129
239
346
448
543
631
711
778
829
866
891
912
926
936
933
917
886
846
804
764
730
697
664
623
574
515
447
377
304
232
157
85
16
-50
-116
-183
-250
-316
-377
-428
-469
-496
-514
-531
-555
-589
-628
-668
-702
-728
-746
-756
-761
-760
-749
-730
-696
-645
-574
-477
-362
-234
-95
49
192
323
442
551
655
758
862
960
1047
1118
1179
1230
1280
1333
1390
1444
1492
1528
1550
1555
1541
1507
1452
1377
1285
1183
1072
956
832
697
551
397
242
94
-42
-168
-289
-411
-538
-669
-803
-932
-1056
-1175
-1285
-1384
-1469
-1538
-1594
-1633
-1658
-1668
-1663
-1640
-1590
-1518
-1426
-1324
-1218
-1114
-1012
-913
-814
-714
-610
-509
-412
-323
-243
-168
-95
-20
57
141
230
325
424
519
606
679
736
777
805
826
843
851
847
829
794
746
692
637
589
548
513
477
441
402
358
306
247
182
112
42
-28
-99
-170
-245
-329
-417
-498
-567
-615
-647
-665
-679
-699
-723
-751
-777
-801
-826
-847
-864
-870
-865
-847
-817
-774
-715
-641
-544
-424
-278
-115
52
216
369
510
638
760
879
994
1102
1202
1292
1373
1446
1511
1573
1625
1672
1708
1732
1743
1738
1712
1661
1586
1492
1384
1269
1148
1025
893
750
596
434
269
105
-54
-209
-360
-512
-662
-809
-953
-1090
-1223
-1345
-1456
-1545
-1612
-1656
-1680
-1688
-1680
-1657
-1620
-1568
-1497
-1410
-1313
-1206
-1098
-991
-888
-786
-689
-592
-493
-392
-291
-187
-86
7
91
168
241
314
387
462
535
603
658
700
729
747
759
767
769
763
748
723
688
645
593
535
473
410
350
292
234
174
112
45
-27
-101
-174
-240
-302
-358
-411
-462
-513
-561
-603
-633
-648
-652
-647
-638
-629
-622
-619
-619
-620
-624
-627
-629
-628
-620
-606
-585
-551
-499
-430
-342
-236
-115
16
150
282
407
525
633
728
810
879
936
983
1022
1055
1084
1114
1143
1170
1199
1226
1250
1267
1274
1266
1238
1192
1130
1058
975
886
790
692
596
505
421
344
275
212
152
91
28
-40
-116
-201
-296
-397
-503
-607
-709
-801
-883
-951
-1006
-1044
-1063
-1064
-1049
-1018
-975
-925
-875
-828
-786
-747
-712
-681
-652
-624
-597
-568
-538
-506
-470
-429
-384
-336
-282
-225
-167
-110
-55
-4
44
88
129
168
205
240
270
298
322
342
357
369
377
383
386
388
385
378
365
348
322
289
250
202
149
89
21
-52
-129
-211
-292
-369
-438
-495
-540
-574
-597
-611
-618
-621
-623
-627
-633
-642
-655
-676
-699
-723
-742
-752
-751
-728
-681
-611
-516
-398
-264
-117
37
189
340
482
611
725
824
905
971
1023
1070
1116
1164
1217
1274
1336
1399
1461
1518
1568
1605
1622
1616
1585
1531
1458
1370
1268
1156
1037
915
797
685
584
492
409
326
243
154
61
-40
-148
-267
-392
-526
-661
-795
-921
-1038
-1141
-1226
-1295
-1343
-1375
-1391
-1393
-1380
-1354
-1321
-1282
-1242
-1201
-1160
-1117
-1069
-1016
-958
-896
-830
-760
-689
-613
-532
-444
-349
-251
-155
-59
36
130
224
314
401
483
557
619
669
707
732
743
742
730
706
672
633
591
546
502
456
413
367
320
269
214
154
87
10
-76
-171
-270
-373
-475
-570
-655
-729
-787
-831
-861
-876
-876
-866
-850
-830
-814
-804
-801
-801
-801
-796
-786
-771
-746
-704
-641
-553
-442
-308
-158
5
175
343
503
650
781
893
986
1060
1115
1152
1178
1198
1219
1239
1264
1290
1318
1347
1376
1403
1424
1433
1426
1401
1357
1293
1217
1127
1032
932
831
730
631
536
448
369
297
226
153
75
-7
-95
-188
-286
-387
-490
-590
-689
-781
-862
-925
-973
-1005
-1023
-1028
-1020
-1001
-971
-934
-893
-851
-812
-776
-743
-709
-677
-647
-615
-584
-551
-519
-485
-448
-406
-364
-319
-272
-223
-173
-125
-78
-35
10
50
85
110
128
138
139
137
128
115
97
73
44
15
-12
-37
-59
-80
-98
-118
-140
-163
-188
-216
-243
-272
-303
-338
-373
-408
-438
-460
-473
-479
-476
-466
-447
-424
-394
-362
-329
-299
-273
-252
-236
-226
-220
-214
-208
-196
-177
-149
-109
-56
11
93
184
289
399
506
612
709
796
870
928
974
1006
1026
1034
1035
1033
1032
1032
1034
1039
1044
1052
1058
1062
1062
1057
1042
1014
975
923
862
795
721
647
568
492
418
350
287
229
177
127
77
25
-28
-84
-143
-207
-273
-342
-413
-482
-548
-606
-655
-692
-720
-739
-751
-754
-751
-740
-727
-711
-698
-687
-681
-678
-675
-675
-672
-670
-667
-663
-653
-641
-622
-599
-572
-540
-506
-472
-437
-404
-369
-337
-304
-272
-241
-212
-186
-163
-143
-123
-105
-86
-71
-61
-55
-53
-54
-54
-57
-58
-66
-74
-82
-88
-92
-93
-94
-93
-91
-90
-87
-84
-80
-74
-69
-65
-61
-58
-56
-53
-48
-41
-31
-19
-7
3
9
20
29
41
53
65
76
87
98
110
128
151
182
220
262
309
358
408
460
514
566
612
652
683
707
725
737
742
745
744
739
732
722
715
710
707
701
692
681
668
650
628
602
573
539
502
460
416
373
330
288
248
210
175
140
104
69
32
-6
-48
-92
-139
-192
-243
-295
-344
-392
-438
-479
-515
-540
-558
-569
-575
-580
-581
-581
-578
-573
-569
-566
-567
-570
-572
-572
-571
-565
-558
-548
-533
-514
-494
-470
-445
-419
-394
-370
-349
-330
-315
-304
-296
-288
-281
-273
-268
-264
-261
-258
-253
-246
-237
-229
-221
-214
-208
-202
-196
-186
-175
-164
-152
-140
-125
-106
-85
-63
-40
-17
6
29
51
70
87
99
107
111
113
114
117
117
117
117
117
118
118
117
115
111
106
102
96
90
86
84
90
104
127
156
193
235
281
332
387
440
493
540
581
614
642
665
683
696
706
714
720
728
736
744
750
756
758
757
752
739
720
692
658
616
571
520
467
412
357
303
252
208
163
124
88
52
17
-19
-54
-93
-135
-179
-222
-265
-306
-346
-384
-420
-452
-480
-502
-519
-531
-541
-548
-555
-563
-574
-584
-596
-608
-619
-631
-644
-656
-666
-675
-681
-679
-673
-663
-650
-632
-612
-591
-569
-548
-527
-507
-486
-468
-451
-433
-414
-393
-370
-343
-317
-288
-258
-225
-193
-161
-129
-98
-70
-44
-21
0
19
35
50
62
76
89
104
118
129
140
151
161
171
178
185
189
190
190
187
186
183
180
177
176
173
173
172
173
172
171
171
169
168
167
166
169
174
182
195
209
226
246
272
301
332
365
399
429
455
479
500
518
535
549
558
564
567
568
569
571
573
574
578
582
585
587
585
581
573
560
543
521
496
467
433
396
358
321
285
249
213
175
139
100
64
28
-9
-47
-87
-130
-176
-220
-263
-303
-339
-375
-409
-441
-472
-497
-518
-538
-553
-569
-585
-601
-619
-634
-652
-666
-679
-693
-704
-709
-713
-713
-707
-700
-689
-671
-653
-636
-619
-603
-590
-578
-567
-555
-546
-535
-525
-516
-505
-492
-475
-454
-431
-405
-377
-349
-318
-286
-250
-214
-178
-143
-109
-76
-42
-9
26
59
91
122
153
184
214
242
266
286
301
314
323
329
333
331
329
323
317
310
302
296
289
284
281
279
277
276
272
271
271
273
278
285
297
311
332
358
389
424
462
504
548
592
635
676
710
741
765
783
796
803
806
803
799
790
779
767
751
733
714
690
664
633
596
553
507
456
399
339
278
219
161
104
48
-6
-56
-102
-143
-180
-216
-255
-291
-327
-362
-396
-432
-467
-506
-542
-577
-610
-640
-667
-692
-715
-734
-748
-758
-769
-777
-787
-796
-806
-814
-822
-829
-835
-838
-838
-835
-826
-814
-797
-773
-743
-711
-676
-639
-602
-565
-530
-495
-462
-430
-400
-371
-342
-313
-283
-252
-221
-189
-159
-127
-94
-61
-28
2
29
57
84
111
137
164
192
220
248
274
300
326
351
375
395
410
423
431
437
440
439
435
428
420
410
400
392
383
372
362
351
341
328
314
300
287
272
259
249
244
241
241
245
255
271
293
321
351
383
413
444
474
502
526
544
554
563
567
570
572
570
566
560
553
549
546
543
537
530
522
511
495
476
451
422
392
354
316
275
231
185
138
96
52
12
-27
-70
-109
-151
-193
-239
-286
-337
-391
-444
-495
-545
-593
-638
-676
-711
-741
-767
-786
-799
-805
-809
-809
-808
-806
-804
-801
-795
-787
-776
-768
-761
-749
-732
-715
-696
-676
-654
-628
-603
-582
-565
-549
-537
-524
-507
-489
-469
-453
-436
-414
-391
-361
-328
-288
-244
-200
-154
-110
-68
-27
10
57
102
143
191
231
277
316
350
382
410
445
478
509
537
550
558
556
550
551
545
539
524
508
491
472
455
432
419
409
397
385
372
359
347
337
331
331
335
335
332
338
354
375
400
424
447
475
502
530
551
562
565
561
557
541
510
481
453
427
407
378
347
325
309
295
280
273
257
227
199
159
113
64
4
-63
-119
-151
-186
-226
-256
-276
-290
-297
-304
-298
-283
-267
-270
-284
-282
-292
-318
-349
-380
-397
-409
-433
-459
-485
-497
-500
-482
-457
-419
-364
-317
-279
-288
-345
-401
-452
-511
-556
-599
-625
-707
-898
-1130
-1182
-981
-845
-703
-508
-465
-372
-447
-640
-705
-590
-415
-488
-391
-455
-627
-646
-662
-481
-117
344
563
745
876
877
911
965
967
982
1064
986
878
833
769
694
762
831
799
809
770
540
291
78
-161
-406
-599
-888
-1232
-1335
-1427
-1518
-1504
-1409
-1325
-1117
-798
-589
-356
-67
157
348
621
773
863
968
1020
968
989
1071
1087
1204
1370
1533
1713
1958
2077
2105
2125
2030
1845
1671
1408
1004
629
278
-77
-346
-434
-516
-526
-390
-246
-91
84
169
123
56
-84
-332
-620
-874
-1167
-1394
-1507
-1590
-1547
-1382
-1199
-1013
-740
-476
-250
-68
21
11
-27
-47
-136
-217
-293
-401
-453
-380
-281
-211
-131
-24
103
212
298
361
418
416
318
205
117
-4
-144
-261
-326
-332
-329
-305
-268
-222
-144
-33
126
255
299
273
184
70
-56
-197
-364
-521
-609
-638
-652
-662
-627
-563
-475
-408
-362
-321
-439
-822
-1443
-2068
-2497
-2811
-3198
-3712
-4093
-4169
-3911
-3460
-2952
-2369
-1636
-708
282
1232
1950
2401
2753
3074
3356
3474
3396
3224
3062
3030
3100
3249
3435
3609
3815
4071
4395
4663
4815
4766
4506
4097
3584
2987
2241
1346
302
-757
-1654
-2385
-3008
-3534
-3953
-4116
-3969
-3558
-3035
-2485
-1902
-1285
-601
21
452
633
650
554
390
110
-303
-749
-1178
-1490
-1678
-1708
-1587
-1336
-931
-469
27
521
957
1312
1519
1592
1503
1301
970
507
-47
-643
-1164
-1570
-1796
-1906
-1928
-1825
-1564
-1147
-640
-112
386
807
1122
1354
1495
1523
1432
1220
915
576
273
18
-251
-489
-638
-651
-562
-421
-293
-221
-166
-101
-30
-16
-102
-289
-483
-660
-789
-887
-938
-931
-924
-907
-913
-886
-796
-771
-966
-1604
-2481
-3229
-3685
-4054
-4735
-5600
-6218
-6233
-5793
-5162
-4521
-3764
-2658
-1182
498
1994
3120
3897
4618
5380
5979
6199
6060
5756
5470
5295
5196
5120
5045
4988
5021
5188
5416
5616
5642
5499
5143
4659
4055
3276
2299
1082
-300
-1694
-2867
-3822
-4651
-5440
-6025
-6220
-5906
-5199
-4359
-3504
-2637
-1605
-411
717
1472
1808
1930
2019
1972
1701
1154
485
-96
-542
-775
-891
-902
-819
-631
-319
85
533
881
1068
1070
900
648
297
-181
-845
-1605
-2289
-2818
-3176
-3461
-3648
-3676
-3468
-2950
-2255
-1524
-824
-102
695
1512
2212
2676
2889
2929
2916
2810
2555
2137
1619
1078
564
127
-260
-577
-858
-1084
-1233
-1290
-1260
-1185
-1083
-1023
-975
-852
-707
-595
-602
-770
-982
-1184
-1304
-1505
-2024
-2948
-3964
-4554
-4760
-4946
-5431
-6020
-6121
-5583
-4690
-3821
-3063
-2143
-917
585
2071
3262
4051
4593
5185
5771
6114
6057
5777
5455
5205
5007
4829
4674
4489
4344
4268
4284
4362
4445
4403
4161
3742
3229
2695
2031
1183
132
-1060
-2126
-2983
-3686
-4347
-4961
-5238
-5068
-4500
-3723
-2894
-2020
-1036
89
1238
2075
2426
2467
2368
2213
1815
1098
209
-637
-1270
-1708
-1966
-2101
-2019
-1664
-1081
-362
334
938
1374
1673
1795
1703
1451
1004
371
-376
-1092
-1651
-2059
-2353
-2528
-2538
-2291
-1768
-1090
-429
161
727
1338
1867
2147
2179
2000
1733
1408
1009
463
-164
-728
-1137
-1414
-1687
-1895
-1996
-1981
-1820
-1593
-1378
-1184
-996
-743
-489
-282
-168
-110
-146
-314
-484
-634
-995
-1855
-3016
-4110
-4720
-5067
-5647
-6494
-7172
-7137
-6463
-5467
-4427
-3353
-2056
-379
1544
3363
4746
5617
6291
7008
7544
7686
7352
6692
6011
5431
5035
4594
4115
3638
3292
3199
3266
3383
3425
3373
3187
2945
2611
2138
1466
521
-625
-1819
-2889
-3746
-4535
-5275
-5858
-6020
-5620
-4771
-3680
-2619
-1469
-101
1470
2890
3821
4200
4237
4156
3837
3169
2067
709
-550
-1601
-2364
-2962
-3404
-3545
-3361
-2797
-2041
-1202
-502
135
670
1047
1311
1327
1105
602
33
-524
-976
-1299
-1576
-1727
-1661
-1335
-708
14
709
1357
1997
2646
3219
3573
3612
3381
2945
2507
1929
1214
338
-585
-1466
-2211
-2715
-3052
-3230
-3292
-3149
-2800
-2306
-1775
-1229
-724
-339
-228
-301
-556
-919
-1788
-3203
-4659
-5827
-6516
-7142
-7863
-8330
-7930
-6908
-5435
-3802
-2143
-311
1767
3917
5726
6979
7519
7730
7806
7624
6876
5855
4767
3874
3178
2609
2198
1981
2023
2256
2631
2967
3388
3658
3852
3765
3340
2694
1944
1048
-13
-1233
-2515
-3552
-4346
-4866
-5301
-5446
-5231
-4532
-3499
-2304
-1108
140
1501
2818
3852
4364
4483
4266
3892
3212
2055
493
-1100
-2530
-3563
-4415
-5104
-5535
-5497
-4830
-3863
-2621
-1452
-259
911
2058
2900
3329
3429
3073
2504
1787
991
169
-612
-1267
-1734
-1812
-1484
-1028
-366
321
1056
1877
2709
3349
3590
3617
3395
3106
2643
1901
933
-63
-926
-1606
-2142
-2630
-2984
-3065
-2777
-2250
-1565
-869
-152
537
1129
1587
1685
1381
656
-699
-2546
-4380
-5943
-7308
-8676
-10102
-10965
-10627
-9501
-7852
-5944
-3882
-1350
1537
4476
6873
8448
9245
9606
9804
9526
8536
6982
5242
3714
2597
1773
1081
499
209
414
1013
1754
2494
3012
3399
3656
3663
3417
2740
1635
295
-1173
-2682
-4030
-5257
-6288
-7072
-7450
-7159
-6247
-4869
-3283
-1557
259
2175
4055
5514
6346
6588
6279
5625
4594
3068
1175
-875
-2744
-4259
-5352
-6208
-6725
-6734
-6193
-5130
-3817
-2455
-1139
184
1391
2354
2956
3104
2913
2467
1822
1120
332
-460
-1100
-1506
-1568
-1319
-752
26
931
1854
2772
3661
4374
4804
4868
4641
4154
3482
2639
1620
507
-603
-1561
-2310
-2820
-3083
-3188
-3026
-2607
-2019
-1261
-482
252
887
1344
1512
1469
1235
628
-430
-1997
-3839
-5354
-6453
-7382
-8380
-9229
-9338
-8512
-7015
-5375
-3668
-1839
409
2881
5109
6730
7587
8029
8304
8401
8012
7063
5811
4655
3687
2956
2266
1660
1225
1000
1037
1222
1500
1757
1990
1998
1877
1589
1244
737
-71
-1125
-2315
-3375
-4198
-4851
-5507
-6062
-6230
-5743
-4796
-3579
-2364
-1033
503
2152
3659
4708
5221
5304
5197
4691
3744
2275
581
-1011
-2449
-3663
-4713
-5492
-5831
-5664
-5060
-4191
-3142
-2030
-860
250
1143
1788
2117
2131
1810
1359
803
230
-324
-844
-1189
-1248
-959
-368
313
1041
1843
2678
3532
4172
4486
4503
4357
4013
3545
2775
1766
709
-279
-1097
-1827
-2416
-2886
-3084
-2928
-2492
-1926
-1250
-533
276
1006
1535
1782
1734
1390
684
-539
-2248
-4013
-5564
-6664
-7656
-8601
-9089
-8766
-7584
-5901
-4141
-2209
-43
2395
4766
6562
7645
8103
8300
8245
7864
6860
5571
4267
3262
2527
1925
1455
1139
1151
1428
1865
2273
2666
2881
3042
2925
2607
2058
1314
353
-839
-2131
-3406
-4434
-5263
-5909
-6478
-6640
-6307
-5381
-4185
-2879
-1569
-82
1543
3097
4296
4846
4964
4688
4254
3395
2142
471
-1314
-2924
-4252
-5248
-5995
-6417
-6428
-5953
-5055
-3884
-2605
-1279
-81
1011
1832
2446
2623
2464
1962
1249
599
-89
-647
-1193
-1498
-1473
-1013
-210
652
1519
2385
3310
4265
4938
5192
4991
4578
4067
3367
2446
1186
-94
-1227
-2070
-2730
-3301
-3641
-3654
-3279
-2574
-1784
-925
-34
828
1572
2099
2260
2020
1412
149
-1648
-3645
-5398
-6735
-8001
-9228
-9891
-9751
-8442
-6551
-4461
-2163
354
3283
6125
8512
9825
10357
10345
10055
9336
7969
6082
4030
2442
1307
533
49
-239
-202
414
1299
2423
3279
3963
4374
4491
4389
3908
3078
1818
318
-1445
-2993
-4424
-5551
-6492
-7199
-7472
-7089
-6041
-4630
-3075
-1481
287
2108
3920
5190
5813
5744
5238
4382
3182
1467
-558
-2684
-4605
-6011
-7074
-7662
-7892
-7523
-6672
-5238
-3632
-2004
-482
835
1951
2712
3111
2903
2292
1366
331
-686
-1577
-2415
-3057
-3336
-3105
-2475
-1526
-442
636
1827
3008
4066
4797
5135
5013
4713
4179
3454
2512
1416
343
-638
-1443
-2096
-2571
-2824
-2781
-2474
-1933
-1313
-527
315
1114
1812
2285
2385
2360
2062
1475
459
-1188
-3088
-4982
-6347
-7408
-8285
-8956
-9086
-8484
-6984
-5076
-3189
-1033
1205
3583
5768
7376
8172
8502
8502
8215
7500
6455
5242
4078
3305
2686
2276
2124
2238
2497
2988
3466
3974
4407
4674
4626
4208
3668
2898
2001
880
-473
-2022
-3260
-4234
-4997
-5633
-6110
-6171
-5711
-4721
-3603
-2406
-1192
214
1637
2955
3843
4177
4177
3932
3364
2391
1024
-619
-2143
-3496
-4664
-5749
-6476
-6851
-6790
-6296
-5491
-4503
-3395
-2195
-1145
-104
665
1161
1369
1271
877
347
-176
-730
-1223
-1595
-1740
-1571
-1051
-424
303
1129
2035
2984
3804
4262
4366
4279
4033
3637
2953
1982
874
-125
-909
-1613
-2310
-2900
-3246
-3210
-2839
-2317
-1704
-1037
-209
593
1274
1759
1831
1803
1390
510
-807
-2574
-4406
-5970
-7199
-8302
-9003
-9248
-8755
-7404
-5657
-3650
-1330
1163
3709
5956
7631
8613
9077
9189
8705
7868
6568
5166
3953
2979
2233
1686
1526
1763
2304
2928
3642
4322
5023
5590
5770
5548
5098
4335
3410
2234
685
-896
-2317
-3454
-4437
-5232
-5812
-5898
-5411
-4427
-3291
-2083
-754
710
2236
3509
4308
4485
4292
3848
3071
1857
303
-1535
-3214
-4637
-5931
-6922
-7542
-7742
-7425
-6691
-5789
-4688
-3449
-2120
-913
41
699
1047
1195
1119
717
168
-428
-952
-1284
-1474
-1443
-1161
-584
176
1019
1905
2808
3623
4292
4680
4733
4534
4146
3560
2766
1760
653
-371
-1291
-2054
-2748
-3272
-3488
-3439
-3092
-2503
-1848
-1047
-189
583
1209
1536
1586
1306
588
-746
-2616
-4572
-6252
-7582
-8883
-9946
-10433
-10041
-8566
-6728
-4593
-2201
486
3366
5999
8011
9100
9634
9687
9243
8314
6903
5195
3654
2438
1526
948
816
991
1571
2441
3418
4549
5501
6303
6651
6657
6359
5712
4745
3431
1699
-131
-1779
-3246
-4436
-5441
-6118
-6323
-5845
-4897
-3606
-2181
-611
1043
2728
4210
5222
5690
5593
5065
4108
2845
1175
-717
-2696
-4431
-5892
-6966
-7721
-8157
-8016
-7301
-6219
-4977
-3627
-2350
-1008
163
1014
1449
1530
1242
781
189
-594
-1395
-2093
-2529
-2621
-2357
-1859
-1115
-175
976
2138
3314
4272
4966
5335
5364
5146
4620
3848
2810
1647
461
-583
-1575
-2369
-3011
-3427
-3422
-3130
-2594
-1932
-1155
-279
550
1271
1664
1651
1371
712
-417
-2071
-4119
-6169
-7725
-9019
-10169
-10768
-10772
-9784
-8066
-6037
-3592
-965
1909
4568
6838
8482
9289
9586
9298
8599
7471
6048
4494
3161
2143
1406
1078
1126
1489
2103
2852
3774
4648
5304
5733
5665
5438
4830
3941
2810
1403
-186
-1739
-3060
-4164
-4987
-5606
-5772
-5458
-4543
-3336
-1933
-437
1177
2786
4296
5484
6119
6245
5897
5197
4089
2705
896
-1009
-2856
-4465
-5775
-6695
-7286
-7474
-7109
-6373
-5335
-4155
-2935
-1774
-662
154
647
753
566
66
-516
-1213
-1964
-2556
-2974
-3021
-2720
-2032
-1116
1
1252
2546
3764
4861
5593
5963
5964
5656
5051
4207
3135
1883
698
-479
-1438
-2262
-2817
-3162
-3267
-2998
-2520
-1877
-1118
-410
260
918
1379
1533
1319
680
-312
-1632
-3233
-5033
-6875
-8243
-9309
-9943
-10015
-9684
-8565
-6669
-4541
-2144
408
2823
5127
6948
8100
8589
8560
8027
7131
5901
4527
3071
1979
1259
726
666
930
1530
2393
3326
4181
5033
5662
6064
5955
5494
4673
3518
2247
715
-971
-2578
-3909
-5045
-5708
-6138
-6167
-5672
-4658
-3309
-1786
-160
1484
3057
4430
5450
5920
6016
5599
4845
3715
2253
544
-1133
-2704
-4152
-5380
-6195
-6532
-6473
-5977
-5319
-4383
-3234
-2018
-927
-18
564
916
1033
864
416
-210
-909
-1568
-2055
-2372
-2400
-2159
-1531
-740
283
1397
2550
3604
4480
5116
5399
5412
5097
4488
3600
2569
1392
265
-852
-1835
-2568
-2958
-3112
-3004
-2618
-2004
-1148
-291
477
1052
1451
1534
1250
418
-840
-2463
-4274
-6146
-7839
-9257
-10336
-10772
-10673
-9780
-8181
-6140
-3626
-798
1956
4623
6929
8617
9658
9979
9599
8701
7425
5815
4063
2345
940
-126
-610
-668
-383
334
1333
2573
3858
4948
5699
6063
6059
5662
4739
3460
1840
54
-1674
-3312
-4764
-5830
-6483
-6687
-6304
-5455
-4181
-2591
-807
979
2693
4238
5446
6223
6524
6257
5480
4325
2806
1042
-842
-2683
-4383
-5685
-6538
-7015
-7040
-6646
-5813
-4570
-3170
-1907
-721
301
1108
1638
1699
1342
721
36
-705
-1430
-2047
-2453
-2509
-2196
-1658
-911
84
1206
2342
3376
4218
4787
5190
5245
4917
4254
3404
2445
1395
297
-887
-1796
-2421
-2796
-2852
-2699
-2295
-1545
-703
195
939
1430
1718
1556
914
-291
-2000
-3934
-5709
-7420
-9023
-10258
-10938
-10763
-9707
-8131
-6044
-3354
-372
2681
5517
7861
9568
10711
11052
10673
9682
8164
6353
4432
2591
864
-415
-1162
-1431
-1303
-833
-8
1168
2430
3543
4296
4771
4934
4592
3860
2624
1006
-770
-2492
-4151
-5557
-6695
-7411
-7450
-6880
-5771
-4232
-2323
-198
1990
3990
5725
7023
7782
7906
7396
6345
4890
3155
1207
-808
-2806
-4494
-5721
-6428
-6758
-6705
-6233
-5354
-4090
-2750
-1552
-505
376
1003
1366
1327
891
205
-625
-1484
-2278
-2955
-3385
-3483
-3259
-2708
-1843
-662
655
2016
3251
4284
5109
5616
5761
5446
4742
3751
2640
1453
162
-1062
-2108
-2850
-3202
-3253
-2964
-2346
-1532
-556
458
1341
2014
2394
2275
1583
310
-1371
-3130
-4777
-6612
-8485
-9925
-10718
-10409
-9525
-8236
-6254
-3641
-507
2706
5598
7980
9836
11089
11658
11468
10602
9092
7157
5076
2994
1123
-234
-1216
-1816
-2014
-1706
-686
574
1890
2861
3653
4414
4815
4691
3878
2473
797
-847
-2610
-4423
-6128
-7513
-8183
-8084
-7440
-6245
-4606
-2474
-92
2277
4492
6326
7758
8533
8644
8092
7007
5452
3457
1137
-1170
-3161
-4835
-6033
-6903
-7313
-6889
-6075
-4948
-3612
-2371
-979
264
1151
1607
1639
1271
604
-318
-1475
-2654
-3781
-4550
-5010
-5059
-4591
-3793
-2558
-1066
547
2266
3846
5202
6094
6631
6784
6422
5677
4439
2935
1362
-146
-1562
-2738
-3616
-4197
-4209
-3833
-3131
-2136
-1028
193
1300
2165
2725
2857
2343
1096
-573
-2364
-4073
-5927
-7913
-9519
-10417
-10390
-9644
-8447
-6635
-4214
-1276
1857
4867
7474
9507
10987
11785
11931
11347
10133
8412
6425
4387
2499
1007
-136
-1003
-1524
-1525
-922
62
1086
1969
2714
3461
3955
4070
3586
2538
1163
-367
-1911
-3540
-5117
-6449
-7261
-7481
-7082
-6186
-4821
-3028
-992
1144
3313
5279
6848
7832
8148
7890
7119
5908
4166
2112
-81
-2154
-3894
-5276
-6334
-6963
-7026
-6545
-5588
-4410
-3195
-1906
-639
388
1088
1279
1075
551
-256
-1288
-2484
-3616
-4505
-5082
-5315
-5156
-4559
-3501
-2083
-458
1233
2915
4443
5718
6575
6950
6823
6297
5408
4152
2668
1052
-483
-1834
-3025
-3919
-4368
-4363
-3896
-3165
-2156
-933
388
1566
2407
2857
2849
2359
1182
-537
-2511
-4469
-6230
-7977
-9532
-10481
-10581
-9643
-8195
-6280
-3796
-895
2257
5186
7676
9626
11007
11647
11588
10929
9754
8113
6183
4228
2402
930
-79
-834
-1223
-1223
-762
238
1272
2142
2741
3358
3852
3951
3519
2499
1204
-166
-1605
-3130
-4563
-5782
-6598
-6817
-6490
-5710
-4415
-2760
-805
1199
3182
5042
6617
7704
8033
7822
7194
6177
4628
2627
440
-1563
-3258
-4641
-5774
-6595
-6733
-6289
-5456
-4362
-3363
-2323
-1183
-258
363
539
295
-279
-996
-1960
-3061
-4064
-4868
-5339
-5480
-5178
-4522
-3445
-2040
-589
958
2528
3982
5196
5982
6325
6259
5969
5242
4150
2840
1347
-61
-1397
-2517
-3469
-4052
-4171
-3945
-3319
-2472
-1414
-129
1102
2141
2798
3084
3010
2446
1243
-521
-2588
-4703
-6347
-7975
-9405
-10233
-10508
-9596
-7845
-5880
-3521
-855
2023
5010
7488
9193
10257
10732
10560
9744
8424
6813
4905
3067
1413
97
-514
-831
-832
-492
177
1270
2583
3777
4515
4860
5008
4872
4362
3295
1623
-194
-1838
-3393
-4788
-5930
-6812
-7048
-6640
-5701
-4231
-2466
-526
1504
3479
5249
6670
7605
7899
7502
6591
5354
3822
1987
-38
-2031
-3609
-4683
-5410
-5782
-5805
-5454
-4624
-3455
-2288
-1316
-566
-40
364
512
122
-647
-1605
-2598
-3557
-4445
-5189
-5661
-5678
-5296
-4524
-3390
-2048
-526
1084
2627
3968
5136
6008
6370
6359
5911
5180
4264
3055
1651
170
-1145
-2259
-3092
-3641
-3945
-3850
-3387
-2628
-1669
-658
319
1205
1955
2324
2291
1845
1028
-195
-1920
-3790
-5587
-6910
-7908
-8805
-9148
-8865
-7706
-5818
-3857
-1688
716
3118
5364
7085
8149
8653
8577
7939
6906
5558
4069
2523
1125
56
-629
-701
-328
269
1048
2026
3283
4582
5575
5992
5944
5663
4990
3952
2477
623
-1216
-2843
-4218
-5280
-5955
-6224
-5922
-5060
-3797
-2198
-389
1477
3216
4689
5827
6571
6834
6446
5518
4253
2833
1315
-358
-1983
-3391
-4316
-4748
-4884
-4816
-4459
-3648
-2668
-1663
-880
-413
36
181
-3
-432
-1154
-1945
-2791
-3617
-4329
-4815
-4959
-4766
-4309
-3585
-2517
-1240
166
1496
2663
3749
4641
5282
5546
5421
5016
4433
3694
2690
1565
423
-601
-1458
-2217
-2807
-3145
-3155
-2904
-2484
-1941
-1258
-487
250
803
1119
1201
991
520
-322
-1515
-2963
-4521
-5848
-6907
-7602
-7911
-7699
-6947
-5801
-4103
-2193
-61
2052
3817
5392
6448
7058
7123
6577
5644
4371
3106
1910
846
15
-458
-471
-30
808
1721
2765
3813
4789
5646
6069
6111
5661
4862
3772
2435
993
-627
-2125
-3417
-4345
-4826
-4903
-4533
-3857
-2825
-1543
-41
1487
2799
3891
4614
5028
5036
4582
3752
2590
1314
22
-1149
-2160
-2977
-3510
-3757
-3584
-3087
-2503
-1883
-1300
-802
-318
-137
-223
-495
-1099
-1737
-2524
-3279
-3865
-4397
-4641
-4707
-4422
-3773
-2965
-1928
-826
296
1492
2645
3572
4247
4626
4763
4774
4535
4105
3460
2718
1958
1176
464
-274
-873
-1351
-1694
-1884
-1927
-1802
-1591
-1212
-832
-366
96
365
528
434
204
-240
-870
-1708
-2901
-4077
-5211
-6104
-6631
-6930
-6851
-6363
-5555
-4312
-2668
-1052
582
2076
3330
4474
5091
5214
4950
4367
3581
2618
1809
1135
623
391
492
996
1781
2753
3704
4634
5377
5853
6164
6024
5417
4390
3098
1755
377
-999
-2343
-3373
-4032
-4337
-4156
-3657
-2884
-1940
-865
270
1325
2237
2819
3095
3025
2636
2103
1438
621
-304
-1155
-1730
-2019
-2100
-2001
-1733
-1329
-796
-189
242
411
383
76
-306
-876
-1672
-2389
-3287
-4009
-4433
-4716
-4566
-4246
-3694
-2937
-2049
-965
39
978
1740
2326
2797
3133
3276
3191
3044
2813
2649
2519
2303
2081
1803
1564
1359
1151
858
514
133
-282
-518
-688
-783
-823
-867
-792
-647
-429
-343
-388
-488
-732
-1033
-1454
-1984
-2784
-3768
-4727
-5622
-5958
-6063
-6049
-5674
-5263
-4185
-2708
-1355
94
1262
2427
3439
3999
4228
3992
3613
2956
2137
1545
1114
970
1011
1343
2011
2943
4121
5172
5977
6386
6442
6357
5843
4792
3400
1839
321
-1039
-2269
-3291
-3908
-4145
-4023
-3513
-2741
-1803
-808
154
941
1549
1969
2082
1898
1346
594
-126
-772
-1329
-1861
-2175
-2132
-1765
-1200
-586
107
764
1329
1713
1707
1382
770
-153
-1228
-2402
-3522
-4345
-5063
-5518
-5509
-5146
-4355
-3429
-2348
-1209
-162
896
1706
2284
2547
2604
2496
2264
2070
1737
1526
1370
1276
1371
1536
1856
2090
2239
2327
2357
2381
2175
1797
1261
718
269
-151
-497
-876
-1134
-1224
-1235
-1134
-1064
-1037
-1013
-1121
-1327
-1617
-2043
-2665
-3548
-4436
-5156
-5469
-5373
-5210
-4795
-4308
-3464
-2114
-934
313
1241
1990
2671
2849
2922
2585
2253
1736
1077
896
885
1384
1999
2781
3752
4728
5935
6700
7178
7059
6336
5593
4368
2959
1273
-463
-1838
-2971
-3579
-3828
-3554
-2932
-2157
-1188
-241
681
1285
1575
1475
1002
439
-309
-1096
-1914
-2652
-3029
-2993
-2587
-1963
-1117
-120
963
2005
2789
3253
3336
2985
2138
894
-474
-1917
-3439
-4838
-6083
-6603
-6484
-6218
-5432
-4573
-3271
-1713
-436
763
1398
2005
2088
1902
1584
883
527
-20
-197
-273
47
800
1382
2283
2757
3435
4058
4267
4321
3831
3379
2774
2227
1547
774
281
-207
-341
-523
-605
-612
-621
-593
-855
-959
-1197
-1371
-1576
-2014
-2183
-2425
-2457
-2675
-3120
-3383
-3753
-3636
-3503
-3358
-3116
-2997
-2619
-2136
-1518
-966
-498
-101
261
520
708
842
1010
1163
1299
1725
2335
3192
3920
4653
5238
5644
5957
5829
5507
4681
3540
2372
1254
315
-529
-1064
-1325
-1186
-739
-136
646
1226
1572
1586
1362
899
94
-846
-1939
-2965
-3693
-3999
-3837
-3267
-2501
-1502
-223
1046
2199
3031
3396
3333
2784
1954
856
-464
-1829
-3159
-4190
-4892
-5127
-4986
-4470
-3709
-2917
-1976
-1155
-361
156
313
286
-54
-350
-720
-1020
-1208
-1317
-1121
-760
-109
538
1239
1886
2452
2990
3215
3293
3059
2735
2370
2038
1803
1617
1502
1387
1459
1566
1717
1766
1597
1275
713
93
-625
-1364
-2070
-2677
-3012
-3069
-2762
-2290
-1623
-953
-351
333
722
935
655
-168
-1218
-2510
-3537
-4281
-4801
-4993
-4891
-4428
-3424
-2261
-993
325
1282
2256
2616
2774
2681
2270
1886
1169
850
648
985
1363
1923
2628
3171
4096
4457
4956
4891
4485
4055
3161
2532
1670
1047
552
185
-43
-211
-109
-120
-87
-400
-796
-1229
-1804
-2175
-2631
-2813
-2777
-2496
-1875
-1139
-320
477
1213
1638
1770
1461
842
-8
-1081
-2086
-2966
-3538
-3746
-3614
-3155
-2498
-1831
-1067
-271
339
655
426
28
-499
-1191
-1690
-2404
-2585
-2498
-2141
-1315
-652
494
1288
2168
2691
2838
2889
2499
2279
1609
1291
829
758
948
1040
1558
1850
2552
3026
3308
3295
2868
2351
1583
780
-233
-1178
-1960
-2500
-2708
-2777
-2563
-2132
-1593
-945
-376
124
476
440
151
-332
-922
-1381
-1916
-2505
-3212
-4008
-4512
-4468
-3982
-3377
-2763
-2281
-1533
-757
-182
462
712
1008
996
646
608
413
670
807
1021
1492
2029
3033
3911
4880
5278
5585
5610
5507
5354
4530
3828
2783
2012
1369
811
590
400
323
130
0
-168
-267
-470
-844
-1289
-1865
-2251
-2366
-2328
-2142
-2016
-1837
-1480
-1221
-950
-934
-1141
-1397
-1846
-2143
-2357
-2350
-2205
-1889
-1433
-920
-240
215
672
671
363
-137
-808
-1293
-1876
-2335
-2601
-2471
-2037
-1331
-609
178
970
1503
1906
1852
1644
1221
650
117
-400
-656
-594
-150
519
1365
2194
2991
3705
4037
4031
3564
2918
2215
1364
575
-203
-698
-907
-826
-542
-210
156
391
510
302
-99
-710
-1328
-1827
-2292
-2535
-2626
-2429
-2105
-1732
-1310
-938
-630
-530
-792
-1312
-2219
-3232
-4030
-4423
-4180
-3811
-3186
-2564
-1666
-695
117
898
1253
1565
1335
1107
913
920
1280
1587
2279
3024
3987
4911
5683
6217
6309
5907
5068
4132
3131
2218
1379
727
417
408
745
1352
1951
2356
2312
1934
1304
419
-703
-1939
-3109
-4053
-4688
-4989
-4751
-4167
-3266
-2370
-1608
-1012
-625
-403
-383
-544
-881
-1230
-1478
-1454
-1256
-895
-493
-70
258
466
452
284
-35
-537
-894
-1225
-1357
-1321
-1187
-684
-185
252
553
442
455
118
-212
-577
-930
-965
-1027
-636
-204
591
1381
2183
2837
3201
3332
2969
2561
1920
1303
675
164
-117
-100
167
610
1035
1358
1534
1517
1372
947
328
-484
-1310
-2088
-2688
-3102
-3189
-3053
-2674
-2146
-1609
-1114
-814
-690
-722
-805
-1055
-1126
-1297
-1449
-1859
-2559
-2945
-3099
-2532
-1843
-1197
-723
-575
-419
-249
196
634
1055
1173
1235
1383
1590
2057
2469
2953
3240
3215
3084
2985
3011
3198
3239
3174
3010
2804
2789
2979
3309
3520
3417
2896
2262
1370
573
-314
-1201
-1978
-2825
-3378
-3630
-3399
-2831
-2055
-1363
-775
-474
-364
-431
-633
-959
-1515
-2179
-2822
-3223
-3315
-2924
-2260
-1312
-409
387
1026
1494
1815
1904
1759
1330
704
-31
-599
-950
-982
-879
-656
-445
-202
8
193
379
492
571
505
425
261
123
-18
-69
-66
-15
-13
-115
-200
-340
-375
-303
-98
239
543
792
962
1107
1348
1535
1609
1392
897
188
-507
-1024
-1319
-1414
-1465
-1442
-1418
-1245
-1007
-684
-365
-124
-17
-50
-150
-315
-440
-602
-734
-845
-875
-817
-728
-705
-803
-1086
-1367
-1564
-1494
-1140
-671
-123
201
390
285
98
-105
-199
-125
26
301
554
859
1095
1357
1594
1884
2173
2421
2580
2601
2469
2196
1871
1564
1413
1368
1435
1454
1446
1324
1165
973
838
740
669
628
483
316
5
-327
-707
-1053
-1380
-1687
-1931
-2060
-2076
-1971
-1776
-1519
-1185
-828
-474
-213
-5
13
-43
-258
-520
-787
-1024
-1118
-1104
-933
-682
-348
21
485
836
1086
1094
947
754
514
329
119
-43
-215
-346
-459
-477
-448
-380
-261
-142
-4
131
198
228
180
34
-177
-506
-783
-1060
-1241
-1318
-1323
-1238
-1119
-986
-879
-781
-702
-605
-504
-366
-212
-31
191
438
683
921
1106
1241
1334
1336
1301
1189
1035
856
715
670
705
805
903
1008
1099
1209
1276
1279
1175
933
642
309
31
-213
-423
-582
-709
-780
-787
-699
-560
-415
-368
-431
-572
-727
-867
-1001
-1118
-1219
-1272
-1254
-1163
-1023
-882
-777
-703
-655
-602
-545
-477
-412
-363
-312
-259
-156
3
196
391
556
663
747
809
859
912
918
931
933
980
1066
1150
1238
1286
1312
1298
1258
1203
1142
1084
1035
1003
977
934
855
721
550
361
153
-54
-295
-550
-815
-1034
-1162
-1187
-1112
-984
-835
-710
-613
-558
-522
-516
-558
-648
-781
-932
-1059
-1149
-1183
-1154
-1095
-997
-907
-803
-701
-589
-450
-299
-164
-58
-2
6
-1
-26
-38
-49
-58
-75
-87
-80
-15
85
245
435
634
846
1028
1199
1329
1414
1429
1391
1298
1199
1091
970
846
674
483
254
24
-199
-394
-550
-653
-715
-727
-706
-653
-557
-457
-345
-267
-233
-275
-394
-569
-772
-952
-1094
-1165
-1169
-1085
-929
-702
-426
-149
101
266
353
349
279
159
-8
-180
-340
-443
-449
-342
-138
117
369
585
748
859
917
928
901
843
775
719
699
712
757
813
872
933
974
996
975
901
784
620
448
274
118
-16
-134
-223
-296
-347
-387
-420
-459
-498
-540
-575
-598
-614
-622
-631
-638
-645
-642
-637
-624
-610
-582
-540
-476
-387
-283
-164
-47
79
203
319
406
435
399
298
148
-17
-186
-331
-439
-502
-509
-462
-357
-223
-59
97
259
407
540
647
700
703
636
533
409
295
196
113
36
-31
-91
-126
-130
-97
-35
30
89
114
111
67
-8
-113
-239
-375
-511
-621
-699
-719
-692
-622
-526
-422
-318
-221
-130
-45
25
74
104
121
132
144
163
176
174
140
78
-8
-100
-175
-225
-237
-215
-152
-52
80
234
382
497
565
572
531
456
368
285
216
174
157
177
230
315
415
504
562
567
524
431
310
181
54
-42
-115
-151
-166
-166
-164
-181
-220
-297
-399
-527
-652
-758
-824
-842
-809
-734
-632
-519
-405
-289
-182
-92
-34
-7
-7
-13
-8
16
62
115
165
197
227
255
299
355
419
478
524
567
616
688
774
863
932
963
946
886
789
668
529
378
222
74
-42
-113
-128
-95
-34
28
70
76
41
-38
-157
-318
-503
-704
-895
-1056
-1173
-1229
-1241
-1212
-1166
-1101
-1023
-931
-825
-718
-610
-513
-424
-343
-272
-211
-167
-139
-126
-121
-114
-99
-65
-12
61
157
271
400
532
656
760
837
882
895
880
833
767
689
617
558
520
492
472
453
429
401
363
316
259
200
147
115
105
114
126
125
100
44
-30
-115
-206
-301
-399
-491
-569
-618
-631
-606
-560
-510
-470
-444
-429
-416
-399
-377
-355
-339
-331
-329
-329
-331
-328
-327
-321
-308
-284
-242
-181
-97
-1
103
204
295
371
431
475
502
517
518
513
504
493
484
477
479
487
501
518
538
560
581
601
619
631
635
624
600
560
503
432
346
249
142
29
-81
-176
-248
-300
-331
-349
-364
-383
-410
-447
-494
-549
-610
-672
-730
-779
-816
-837
-844
-838
-821
-794
-760
-723
-688
-653
-616
-570
-505
-420
-311
-188
-65
46
138
217
278
329
359
370
366
355
354
369
402
446
497
540
577
606
630
642
637
613
566
503
434
369
314
269
228
187
146
103
54
-4
-74
-154
-239
-323
-393
-445
-470
-473
-460
-440
-419
-400
-389
-388
-397
-417
-442
-463
-475
-468
-438
-388
-319
-235
-141
-45
48
131
200
257
299
333
358
377
388
390
386
382
383
393
409
428
446
460
467
467
459
445
425
399
372
347
323
299
269
232
187
136
86
37
-7
-46
-80
-104
-120
-125
-122
-118
-121
-135
-160
-189
-215
-236
-256
-280
-313
-353
-391
-418
-430
-425
-408
-386
-363
-342
-318
-294
-269
-250
-236
-225
-212
-189
-155
-114
-71
-33
0
25
39
44
42
35
28
26
33
53
91
141
197
248
289
317
331
336
332
323
310
292
272
250
225
197
165
131
95
64
37
19
-1
-27
-61
-103
-152
-206
-263
-322
-378
-427
-463
-488
-504
-513
-521
-527
-532
-528
-512
-479
-435
-381
-322
-258
-196
-137
-81
-28
27
83
140
197
252
303
350
392
431
467
505
548
591
635
671
698
716
719
710
686
647
600
547
496
450
413
385
360
333
298
251
193
127
56
-17
-87
-153
-211
-260
-303
-341
-375
-407
-438
-469
-501
-525
-542
-545
-534
-511
-481
-445
-408
-372
-338
-306
-275
-242
-203
-158
-108
-56
-6
38
77
109
136
160
177
192
197
198
193
182
171
156
146
132
121
113
107
101
89
67
32
-12
-58
-102
-136
-158
-166
-162
-150
-134
-116
-100
-90
-89
-96
-108
-121
-129
-132
-133
-133
-134
-137
-141
-146
-152
-158
-166
-170
-170
-162
-149
-130
-110
-87
-64
-42
-24
-10
2
13
27
43
62
85
110
134
158
177
195
210
223
237
251
264
274
281
284
282
276
269
264
259
255
251
251
250
249
246
241
235
233
231
228
223
211
190
159
120
74
27
-21
-64
-96
-118
-133
-143
-157
-174
-198
-228
-262
-297
-328
-350
-361
-357
-338
-308
-270
-228
-187
-150
-121
-96
-76
-59
-42
-24
-2
24
51
79
107
131
151
166
175
177
172
163
154
144
130
112
92
67
41
18
-4
-24
-43
-62
-79
-95
-109
-118
-126
-133
-136
-137
-135
-128
-122
-119
-123
-134
-150
-167
-182
-191
-198
-197
-196
-190
-182
-171
-157
-145
-132
-121
-108
-95
-77
-60
-43
-28
-17
-9
0
16
36
62
89
114
138
160
178
190
193
184
165
139
112
88
69
55
46
39
39
43
54
68
85
101
116
130
146
167
190
210
226
238
248
259
269
280
286
285
277
260
238
211
182
148
109
70
30
-5
-33
-61
-86
-115
-143
-168
-188
-199
-204
-204
-196
-185
-170
-152
-133
-118
-107
-100
-95
-90
-83
-70
-57
-43
-32
-25
-21
-16
-11
-9
-6
-7
-6
-4
0
3
8
9
10
8
7
6
3
-1
-9
-19
-29
-38
-47
-56
-63
-71
-80
-91
-100
-107
-115
-124
-134
-145
-158
-171
-179
-183
-185
-182
-178
-174
-169
-167
-168
-169
-168
-165
-157
-144
-126
-104
-78
-52
-23
6
36
63
87
110
131
148
165
176
184
186
182
175
163
152
138
127
115
103
94
84
77
71
68
69
71
77
85
97
110
124
137
150
163
175
186
197
204
212
215
217
216
211
201
189
171
149
124
99
72
45
18
-6
-25
-42
-53
-62
-69
-74
-77
-78
-78
-80
-81
-83
-85
-88
-91
-92
-91
-87
-80
-74
-68
-63
-61
-60
-60
-64
-65
-66
-65
-61
-55
-50
-46
-45
-47
-49
-52
-57
-61
-64
-65
-67
-69
-69
-70
-72
-74
-76
-79
-84
-89
-93
-96
-98
-98
-97
-94
-90
-86
-83
-81
-80
-79
-80
-80
-81
-80
-78
-77
-75
-73
-67
-61
-55
-47
-38
-28
-21
-12
-5
0
6
10
14
20
26
34
42
48
55
60
63
66
69
73
77
81
86
88
89
87
85
82
79
77
79
81
86
91
95
102
106
111
116
120
125
130
134
137
138
138
136
130
125
119
110
98
87
75
64
53
43
35
25
19
12
8
3
-1
-9
-17
-26
-35
-43
-47
-48
-50
-50
-50
-50
-50
-47
-44
-42
-38
-38
-40
-43
-47
-50
-53
-57
-58
-58
-56
-52
-49
-47
-45
-44
-45
-46
-48
-51
-51
-52
-51
-51
-52
-55
-58
-61
-62
-63
-62
-61
-57
-56
-55
-54
-53
-50
-46
-40
-36
-32
-30
-26
-24
-22
-18
-14
-14
-12
-11
-9
-9
-9
-10
-15
-19
-24
-27
-31
-31
-30
-26
-20
-12
-6
2
9
17
24
31
37
40
42
42
42
42
42
44
46
47
46
43
38
33
30
29
29
29
30
30
31
32
34
35
35
35
34
33
32
31
30
31
31
31
31
32
32
33
33
34
34
35
36
38
40
43
45
48
49
49
47
47
46
45
45
44
41
39
33
28
22
13
5
-4
-13
-21
-30
-39
-45
-50
-51
-50
-46
-45
-42
-41
-41
-41
-41
-39
-39
-40
-40
-42
-43
-42
-38
-35
-32
-32
-33
-34
-39
-42
-44
-43
-45
-43
-44
-44
-41
-39
-36
-33
-30
-30
-27
-27
-28
-30
-32
-33
-34
-33
-32
-29
-27
-25
-25
-25
-23
-21
-17
-14
-10
-6
-3
1
9
16
23
30
35
42
48
54
59
63
67
69
72
74
73
70
68
62
56
50
44
37
31
25
19
15
11
8
7
6
6
4
3
4
6
9
16
21
25
26
24
22
18
13
9
5
1
-2
-6
-9
-12
-12
-13
-11
-10
-11
-12
-14
-16
-19
-21
-26
-29
-31
-31
-31
-33
-33
-36
-40
-44
-46
-49
-51
-50
-48
-46
-41
-36
-32
-26
-24
-20
-15
-8
0
9
19
29
37
44
49
51
51
51
48
46
41
33
27
21
15
9
5
3
2
2
4
3
3
4
7
11
19
27
36
43
49
53
55
55
53
49
43
35
26
17
8
-2
-11
-21
-30
-37
-44
-48
-52
-53
-51
-49
-46
-44
-43
-42
-43
-45
-48
-52
-58
-61
-66
-69
-72
-72
-73
-71
-67
-63
-58
-54
-51
-49
-43
-34
-22
-8
9
24
37
51
61
70
76
79
81
79
78
74
70
63
57
50
42
35
30
23
16
9
1
-5
-11
-15
-15
-12
-7
0
6
15
23
30
36
39
40
37
35
33
32
29
26
21
14
8
2
0
-2
-4
-3
-1
2
7
11
14
15
15
15
12
10
7
1
-4
-10
-16
-21
-25
-30
-36
-44
-51
-57
-62
-65
-64
-62
-58
-50
-42
-30
-17
-5
6
16
22
30
33
36
37
40
39
38
35
32
27
21
14
4
-7
-18
-26
-34
-40
-46
-50
-53
-55
-55
-53
-50
-48
-44
-45
-42
-40
-36
-31
-25
-18
-14
-9
-3
1
6
10
15
17
23
28
35
42
50
58
66
72
76
80
80
78
73
66
60
53
44
35
25
13
1
-9
-19
-28
-35
-41
-46
-50
-51
-50
-49
-45
-40
-33
-25
-19
-14
-9
-4
0
4
7
10
15
18
20
20
18
16
11
7
3
-1
-5
-11
-17
-19
-21
-23
-23
-23
-23
-25
-24
-28
-27
-24
-21
-16
-11
-6
0
4
10
15
19
23
26
29
32
34
38
42
46
50
53
57
60
61
61
59
57
53
49
46
42
37
30
21
9
-3
-13
-22
-32
-41
-49
-55
-60
-65
-67
-67
-67
-66
-65
-64
-61
-60
-56
-54
-49
-43
-35
-27
-19
-11
-5
2
5
9
12
15
18
20
22
22
23
24
25
24
21
17
11
4
0
-5
-11
-17
-22
-27
-31
-32
-33
-33
-31
-30
-28
-24
-19
-12
-7
-1
5
12
18
23
27
29
34
34
36
38
42
44
45
46
44
43
40
35
32
25
18
9
2
-5
-10
-14
-19
-23
-25
-27
-29
-31
-34
-35
-35
-34
-32
-27
-22
-16
-9
-1
8
19
29
38
46
52
57
63
67
71
73
73
70
66
60
52
42
32
21
9
-3
-12
-22
-29
-34
-40
-46
-50
-54
-54
-54
-51
-48
-43
-39
-35
-30
-24
-20
-16
-12
-9
-6
-3
-2
1
1
2
1
-1
-2
-2
-3
-4
-7
-8
-10
-13
-13
-14
-15
-15
-16
-18
-17
-19
-22
-24
-27
-28
-31
-33
-32
-31
-32
-32
-31
-29
-25
-21
-16
-10
-4
3
9
16
23
30
37
42
46
49
49
50
47
44
41
38
33
29
24
19
14
9
6
2
-1
-4
-7
-9
-10
-9
-9
-10
-11
-11
-11
-11
-11
-10
-8
-6
-5
-2
0
2
5
6
9
11
13
18
24
30
38
45
49
54
56
56
55
52
47
40
32
21
10
-2
-13
-23
-31
-40
-48
-54
-59
-64
-69
-70
-70
-65
-59
-50
-41
-31
-21
-11
-2
8
18
27
35
42
48
52
53
55
54
51
46
41
34
27
22
14
5
-2
-8
-14
-17
-21
-23
-26
-30
-33
-34
-36
-38
-38
-39
-39
-37
-35
-31
-27
-23
-18
-13
-7
-1
6
12
16
20
25
30
33
35
37
35
33
31
25
21
13
4
-5
-15
-27
-37
-47
-56
-64
-69
-73
-74
-72
-69
-65
-57
-48
-39
-31
-21
-12
-5
1
7
11
15
18
19
20
21
22
20
18
17
14
13
14
16
17
21
24
28
35
39
42
44
46
48
48
48
46
44
40
35
31
26
19
14
7
0
-4
-7
-9
-7
-4
-1
4
9
17
24
32
39
46
53
58
61
65
65
65
63
61
56
50
42
31
20
11
-1
-10
-20
-30
-38
-46
-53
-61
-66
-73
-78
-83
-89
-94
-97
-99
-102
-104
-102
-102
-100
-95
-89
-81
-70
-57
-45
-29
-11
9
27
47
64
78
88
95
100
100
98
92
83
71
56
39
19
-1
-23
-44
-65
-83
-98
-108
-115
-118
-116
-110
-100
-87
-75
-61
-45
-29
-14
0
14
25
35
44
51
58
63
68
73
75
78
79
80
83
84
84
86
88
88
88
89
88
85
79
72
62
53
40
27
15
1
-13
-26
-39
-52
-65
-74
-83
-87
-88
-87
-85
-80
-71
-63
-54
-43
-34
-23
-12
-2
5
14
21
26
30
32
33
31
30
25
20
15
12
10
10
11
15
20
28
33
39
41
41
40
37
31
22
14
3
-9
-21
-33
-45
-56
-68
-79
-85
-90
-94
-93
-88
-80
-69
-52
-34
-12
11
33
53
71
84
93
100
102
99
94
85
74
60
46
30
14
-4
-21
-35
-46
-54
-60
-63
-63
-62
-60
-58
-56
-53
-50
-46
-41
-36
-32
-30
-27
-25
-26
-27
-28
-30
-32
-35
-37
-37
-35
-30
-23
-15
-7
3
11
20
27
32
37
38
39
38
35
31
25
20
14
6
-1
-8
-14
-18
-21
-18
-14
-4
7
20
33
50
65
81
95
107
118
125
130
132
130
125
117
105
90
70
50
27
6
-15
-34
-48
-57
-64
-68
-68
-67
-63
-59
-54
-48
-43
-39
-36
-32
-30
-27
-26
-27
-26
-29
-32
-37
-39
-42
-44
-42
-40
-37
-30
-23
-15
-6
2
10
19
25
30
32
34
33
32
28
23
16
7
-3
-14
-26
-38
-50
-59
-67
-74
-77
-78
-76
-71
-64
-59
-51
-42
-34
-25
-16
-6
2
12
18
23
27
30
31
32
34
35
36
38
39
40
41
43
47
49
52
54
54
55
55
52
50
47
42
36
29
20
11
-1
-12
-23
-33
-42
-51
-57
-60
-59
-56
-50
-42
-33
-23
-11
-2
10
21
32
39
46
52
54
54
54
55
51
48
42
33
25
16
7
-1
-9
-16
-22
-27
-28
-29
-29
-27
-25
-23
-22
-19
-18
-15
-13
-10
-8
-7
-6
-6
-6
-7
-7
-8
-8
-5
-5
-3
-2
0
2
4
6
7
7
7
6
4
2
-1
-2
-4
-6
-10
-12
-17
-19
-22
-25
-28
-30
-30
-29
-28
-26
-22
-17
-11
-5
1
6
11
16
21
24
27
28
27
26
23
20
16
12
8
4
-1
-5
-9
-11
-13
-13
-14
-14
-14
-13
-13
-12
-12
-11
-9
-7
-4
-2
-1
1
3
4
6
6
5
4
4
2
3
5
7
11
14
17
18
19
20
21
21
24
26
26
25
24
22
20
17
14
11
7
4
-1
-5
-7
-10
-12
-13
-14
-16
-18
-18
-20
-20
-19
-17
-16
-14
-12
-10
-7
-4
-3
0
1
2
3
4
5
6
8
10
11
11
12
12
12
11
9
9
7
6
4
0
-3
-6
-10
-13
-17
-20
-24
-27
-29
-29
-28
-26
-24
-21
-18
-15
-12
-9
-5
-1
3
8
11
15
19
21
24
27
29
29
27
24
21
18
14
12
8
5
1
-2
-5
-6
-8
-9
-12
-13
-15
-16
-16
-15
-16
-15
-15
-14
-13
-10
-8
-7
-4
-2
2
4
7
9
11
13
14
16
18
19
21
20
21
20
17
16
14
10
7
2
-2
-7
-11
-14
-17
-18
-19
-20
-22
-22
-22
-21
-19
-16
-13
-8
-4
0
4
9
12
17
18
20
20
19
18
17
16
13
11
9
5
4
3
2
0
-2
-3
-4
-5
-5
-5
-6
-8
-7
-8
-8
-7
-9
-11
-12
-13
-15
-16
-17
-20
-21
-22
-21
-19
-17
-12
-7
0
7
12
18
25
29
33
37
38
40
39
40
37
36
31
27
20
13
6
-3
-11
-20
-28
-34
-39
-43
-46
-47
-47
-45
-43
-39
-35
-31
-26
-22
-18
-13
-7
-1
4
10
13
18
21
24
27
30
33
36
37
38
39
38
38
39
40
40
37
34
30
23
16
7
-3
-14
-25
-36
-46
-55
-61
-67
-70
-70
-68
-64
-58
-51
-41
-30
-17
-4
10
22
35
45
55
65
71
76
77
74
69
62
53
43
31
18
4
-9
-22
-31
-40
-46
-51
-54
-56
-56
-55
-53
-50
-46
-41
-35
-28
-23
-18
-11
-6
1
7
14
18
22
25
28
31
34
37
39
41
44
45
49
51
51
51
47
44
38
31
23
15
4
-5
-14
-24
-33
-42
-50
-57
-63
-66
-67
-66
-63
-57
-49
-39
-26
-15
-1
10
23
33
42
49
53
54
55
51
48
43
36
27
19
10
1
-7
-14
-20
-27
-33
-38
-41
-41
-41
-41
-40
-37
-34
-31
-26
-23
-21
-19
-18
-17
-18
-19
-19
-19
-17
-15
-12
-6
-3
3
10
16
23
30
35
42
47
51
54
57
58
56
54
50
44
38
29
19
10
-1
-11
-21
-29
-35
-40
-42
-43
-43
-40
-34
-29
-23
-17
-10
-4
4
9
13
18
19
22
23
24
25
25
23
21
19
18
15
13
11
8
8
8
8
9
9
9
9
9
8
6
3
-2
-7
-12
-17
-21
-26
-29
-33
-36
-37
-36
-36
-35
-32
-30
-24
-18
-13
-6
1
8
14
20
25
28
30
30
29
27
26
22
17
12
5
-1
-6
-11
-15
-19
-21
-23
-24
-24
-24
-22
-20
-17
-13
-11
-9
-5
-3
-1
1
2
4
5
6
6
7
7
6
5
5
4
5
4
5
7
7
10
11
11
12
12
12
12
11
9
7
3
1
-2
-4
-6
-9
-11
-12
-14
-14
-15
-13
-11
-9
-7
-4
0
3
6
9
12
14
15
17
16
16
16
15
14
13
10
9
6
5
1
-2
-4
-6
-8
-9
-10
-11
-10
-11
-9
-9
-8
-7
-7
-5
-3
-3
-2
-1
-1
0
1
1
1
1
2
3
3
5
6
7
9
11
11
13
12
11
11
11
9
7
6
3
0
-2
-3
-5
-6
-8
-9
-11
-11
-12
-13
-13
-13
-12
-11
-10
-7
-6
-4
-1
1
1
2
2
2
1
0
0
-1
-1
-1
-2
-2
-3
-4
-4
-4
-5
-4
-3
-3
-3
-2
-2
0
-1
1
0
1
1
0
1
1
1
0
0
-1
-1
-1
-1
-1
-1
0
0
1
2
2
3
3
4
6
6
5
5
6
5
5
4
4
3
1
1
0
-1
-1
-1
-2
-2
-1
0
1
3
5
5
6
8
8
8
8
9
8
7
6
5
4
3
2
1
0
-1
-2
-3
-3
-5
-5
-5
-4
-3
-3
-2
0
1
2
3
3
2
2
1
0
-1
-4
-4
-4
-6
-7
-7
-8
-7
-7
-6
-8
-5
-4
-4
-3
-1
-1
0
2
2
2
3
3
3
3
4
3
2
1
1
-1
-1
-2
-3
-3
-3
-4
-4
-5
-4
-3
-2
-1
-1
1
2
1
1
1
1
1
1
1
1
1
1
1
1
1
0
0
0
0
1
2
2
4
4
6
6
8
8
8
7
6
4
3
1
1
0
-2
-2
-4
-5
-6
-7
-7
-8
-8
-7
-7
-5
-5
-4
-1
-1
1
2
2
3
3
3
3
3
3
2
2
1
1
2
1
0
0
-1
-1
-1
-1
-1
-1
0
1
1
1
2
3
3
3
2
3
2
2
2
3
1
1
1
1
0
0
0
-1
0
-1
-1
-1
-1
0
1
1
1
0
0
0
-1
-1
-1
-2
-2
-2
-2
-1
-2
-2
-3
-4
-4
-4
-3
-3
-2
-1
1
2
2
4
4
3
3
3
3
2
1
1
0
0
-1
0
0
-1
-1
-1
-3
-3
-4
-4
-4
-4
-3
-2
0
-1
0
1
1
1
1
-1
-1
-2
-2
-1
0
0
0
0
1
0
2
2
0
0
0
0
0
0
0
1
1
2
2
3
2
1
2
1
1
0
1
1
2
1
2
1
0
0
0
-1
-1
-2
-1
-1
-1
-1
0
0
0
0
0
-1
-2
-2
-2
-1
-1
0
0
1
-1
0
0
0
0
0
0
-1
0
1
1
3
3
4
3
3
3
3
1
2
1
0
-2
-1
-2
-1
-2
-2
-3
-4
-5
-4
-5
-3
-3
-2
-1
-1
1
2
2
3
3
2
2
1
-2
-2
-1
-1
0
1
2
3
2
2
2
1
0
-1
-1
-1
-1
-1
-1
0
-1
0
0
1
0
0
-1
-3
-2
-3
-2
-2
-2
-1
-1
-1
0
0
-1
-3
-2
-2
-1
-1
-2
-1
0
1
0
0
1
1
0
0
0
0
0
2
1
2
1
1
1
1
1
0
1
1
2
2
4
5
5
5
5
5
4
3
2
1
0
0
-1
-1
-1
-1
-1
0
0
0
-2
-1
-2
-1
-1
-2
-3
-2
-2
-1
-1
-1
-2
-2
-3
-3
-3
-3
-2
-2
-1
0
0
0
2
1
2
1
1
1
1
1
2
2
0
0
1
0
0
0
-1
-1
-1
0
-1
-1
-1
-1
0
0
-1
-1
-1
-2
-2
-2
-2
-2
-2
-1
-1
-1
0
0
0
1
1
1
1
1
1
2
3
3
2
3
3
3
2
2
2
1
0
0
0
1
0
1
1
-1
0
-1
-2
-3
-2
-2
-2
-2
-1
-2
0
0
0
0
1
0
1
0
-1
-1
-1
-2
-1
-1
0
0
0
0
1
1
-1
-1
-1
-2
0
0
-1
2
1
1
2
3
2
1
1
1
0
0
0
0
0
1
1
2
2
2
2
2
0
0
-1
0
0
0
0
0
1
0
1
1
0
0
-1
-1
-1
-1
-2
-1
-2
-2
-2
-1
-1
-1
-1
-1
-1
-1
-2
-2
-2
-1
-2
-1
-1
-2
0
0
0
0
1
1
1
1
0
-1
-1
-2
-2
-3
-2
-2
-1
0
1
1
1
2
2
2
2
1
2
1
0
-1
-1
1
-1
0
0
-1
-1
0
0
-1
-1
-2
-1
0
-1
-1
0
0
1
1
2
3
3
3
3
3
3
3
4
4
4
3
3
3
1
2
2
1
1
0
-1
-1
0
-1
-2
-1
-1
-1
-1
-2
-1
-1
-1
-2
-3
-3
-3
-3
-3
-4
-3
-3
-2
-2
-2
-1
-2
-1
-1
0
1
1
2
2
1
3
3
2
3
2
2
1
0
0
1
-1
-1
0
0
-1
-2
-2
-1
-2
-1
-1
-1
-1
-2
-1
0
1
0
1
0
0
2
2
1
2
2
1
1
1
1
0
0
0
0
-1
-1
-1
1
0
0
0
0
0
0
0
0
-1
-1
-2
-1
-1
-1
0
0
0
0
-1
-1
-1
-1
0
-1
-1
-1
-1
-1
0
1
1
2
2
3
3
1
1
0
0
0
0
1
0
0
1
1
1
0
0
-2
-2
-1
-1
-2
-2
-1
-1
1
1
2
2
2
2
2
2
1
1
1
1
1
0
-1
-1
-1
-1
-1
0
-1
0
-1
0
-1
-2
-2
-2
-1
-1
-1
-2
-2
-1
0
-1
-1
-2
-1
-1
-1
0
-1
-2
-2
-1
0
0
0
-1
-1
0
0
0
1
1
2
2
2
3
2
2
2
2
1
1
1
1
1
2
2
0
0
0
-1
0
0
0
-1
0
1
1
1
1
-1
0
1
0
0
-1
-1
0
-1
-1
-1
-1
-1
0
0
1
0
-1
0
1
0
1
1
2
2
2
1
1
0
-1
-2
-1
-2
-3
-4
-4
-3
-4
-1
-1
-1
-1
-1
-1
0
-1
-2
-1
1
2
2
3
2
3
2
2
1
1
0
0
1
1
0
-1
1
1
2
2
2
2
1
1
1
1
0
1
1
0
0
0
-1
-1
-3
-2
-2
-3
-3
-3
-2
-2
0
0
0
0
1
1
1
3
2
2
3
3
2
3
3
3
4
3
2
1
-1
-2
-3
-3
-3
-3
-2
-2
-1
-1
-2
-2
-1
0
0
0
0
0
0
0
0
0
1
0
0
1
-1
-1
-2
-1
-1
0
0
0
1
0
1
1
2
2
2
2
0
0
0
0
0
-1
0
-1
-2
-2
-3
-5
-5
-5
-5
-4
-4
-4
-2
-1
0
1
0
1
2
2
2
2
2
2
2
3
3
2
2
3
2
2
0
0
0
0
-1
-1
0
0
0
0
1
0
0
1
0
0
0
0
0
-1
1
1
1
1
0
0
0
-1
-1
0
0
-1
1
1
2
3
3
3
4
4
4
3
3
2
2
2
1
0
0
0
-1
-2
-3
-4
-4
-5
-4
-3
-3
-3
-3
-3
-3
-2
-2
0
-1
1
1
1
1
0
0
0
0
0
0
0
0
-1
0
0
0
0
0
1
0
0
0
0
0
0
0
-1
-1
0
0
-1
-2
-1
-2
-1
-2
-1
-2
-1
-1
-1
-1
-1
-1
1
0
2
2
2
2
3
2
2
3
4
3
3
2
1
2
3
2
2
1
1
0
0
0
0
-1
-1
1
0
0
-1
0
0
-1
-1
-1
-1
-2
-2
-2
-2
-2
-2
-2
-2
-1
0
1
0
0
-1
-1
-1
-1
-1
-1
1
1
1
1
1
0
1
0
0
-1
-3
-2
-2
-2
-2
-2
-1
-1
0
1
0
1
1
1
0
0
0
1
0
2
1
2
3
3
3
4
3
3
3
3
2
2
2
1
2
0
1
0
0
-1
-1
-1
-1
0
0
0
-1
0
-2
-1
-2
-2
-2
-3
-2
-2
-2
-1
-1
-1
0
0
0
-1
0
0
-1
1
0
0
1
2
2
2
2
1
-1
0
-1
0
-1
-2
-2
-1
-2
-1
-1
-1
-2
-2
-3
-4
-3
-4
-3
-4
-2
-1
-1
0
1
2
2
3
1
1
1
2
2
3
3
3
3
4
3
3
2
0
0
-1
0
-1
0
-1
0
1
1
1
1
1
1
-1
-1
0
-1
-1
0
0
-1
0
1
1
2
3
3
1
2
3
1
1
1
1
1
-1
-1
0
0
-1
0
-1
-2
-1
-2
-1
-1
0
-1
-1
-2
-1
-2
-3
-3
-3
-2
-1
-1
0
-2
-2
-2
-1
0
-1
0
1
0
1
2
1
1
0
2
2
2
1
-1
-1
-3
-3
-2
-2
-2
0
0
1
1
0
0
1
1
2
3
3
3
2
1
2
2
3
3
2
2
1
0
1
0
1
0
0
0
0
0
0
-1
-1
0
-1
0
-1
-2
-3
-2
-2
-2
0
1
0
0
-2
-2
-2
-1
0
0
0
0
0
-2
-2
-2
-2
-1
-1
0
-1
0
-1
0
0
0
1
1
2
3
2
2
1
1
2
2
3
3
2
2
1
1
1
1
1
0
1
0
0
0
-1
0
0
0
0
-1
-1
0
-1
0
-1
0
0
1
2
1
1
1
0
0
0
-1
0
0
0
-1
-1
-1
-1
-1
-1
0
-1
-1
-2
-2
-3
-3
-4
-4
-4
-4
-4
-4
-4
-4
-3
-3
-2
-1
0
1
1
1
2
2
2
2
4
4
5
5
5
4
4
4
3
3
3
1
0
1
0
-1
-1
0
1
2
2
2
1
1
-1
-2
-1
0
1
2
2
3
3
2
3
2
3
3
3
1
0
1
0
0
0
-1
0
-1
-1
-3
-4
-4
-4
-3
-2
-1
-1
-1
-2
-4
-4
-5
-4
-4
-4
-4
-4
-4
-4
-3
-1
-1
-1
-1
-1
-1
-1
-1
0
1
2
2
3
3
3
2
0
1
1
1
2
1
0
1
1
1
2
1
1
1
0
1
1
2
2
3
3
4
3
2
2
2
1
1
1
1
1
2
2
2
1
0
0
1
1
1
1
1
0
0
0
2
2
2
1
2
0
0
-1
-3
-3
-3
-3
-4
-4
-6
-5
