-23
-15
-7
1
5
4
-3
-6
-5
5
15
22
27
30
31
32
29
23
14
3
-9
-23
-34
-38
-36
-30
-26
-23
-23
-21
-17
-8
2
10
14
15
14
18
23
24
19
12
5
-7
-15
-17
-15
-11
-4
2
3
-1
-4
-2
1
4
4
5
6
11
16
26
34
38
35
23
9
-4
-14
-20
-24
-28
-30
-28
-21
-11
2
15
21
22
15
4
-7
-13
-13
-14
-17
-18
-15
-8
-1
8
14
20
18
10
1
-7
-13
-14
-12
-10
-9
-9
-6
0
8
14
14
9
-2
-10
-18
-19
-16
-10
-4
2
7
12
17
20
21
18
7
-8
-23
-32
-33
-25
-13
-4
4
14
25
33
37
36
29
18
5
-9
-18
-23
-20
-14
-6
0
3
5
7
9
13
16
14
7
2
0
0
3
4
1
-3
-8
-11
-10
-9
-9
-8
-8
-9
-8
-9
-7
-3
1
4
0
-2
-2
3
7
8
7
5
1
-4
-9
-11
-9
-6
-5
-1
1
3
2
1
1
-2
-8
-14
-20
-22
-16
-5
8
21
30
36
38
33
30
21
6
-12
-29
-37
-41
-37
-27
-16
-10
-4
2
8
11
11
10
9
8
8
8
8
11
15
16
12
5
-3
-11
-15
-17
-16
-12
-5
1
9
13
15
16
16
15
7
-4
-10
-10
-6
-2
3
6
4
5
7
11
11
4
-5
-12
-16
-16
-14
-14
-17
-20
-21
-19
-15
-12
-9
-3
5
17
26
29
31
35
34
31
21
8
-5
-17
-26
-33
-37
-38
-35
-30
-26
-19
-9
4
14
20
24
24
24
26
28
25
16
4
-6
-15
-16
-14
-13
-13
-12
-8
0
7
15
18
17
11
6
3
-1
-4
-5
-5
-2
0
5
12
16
20
22
25
23
15
5
-5
-11
-18
-21
-24
-29
-32
-31
-25
-17
-9
0
6
7
9
14
20
26
26
21
10
0
-7
-12
-15
-24
-31
-39
-41
-36
-27
-16
-4
7
20
28
32
32
30
27
20
12
5
-4
-16
-24
-23
-16
-9
-5
-4
-2
1
8
14
17
14
8
2
-2
-3
-2
-1
0
-2
-4
-3
-1
3
10
16
17
12
7
3
1
0
0
-2
-7
-10
-10
-10
-9
-5
-2
0
-1
0
0
2
5
8
12
10
9
4
-2
-7
-11
-14
-20
-27
-28
-27
-20
-8
10
26
33
35
34
31
30
25
17
-1
-19
-35
-44
-44
-40
-29
-17
-4
8
19
28
33
34
33
28
20
8
-3
-8
-10
-10
-7
-4
-1
-1
-1
1
1
1
-4
-10
-17
-21
-21
-16
-7
1
5
3
0
-3
-4
-2
-2
-6
-10
-9
-5
2
11
18
22
20
13
4
-7
-16
-22
-21
-19
-13
-6
3
16
27
34
33
28
18
8
-2
-10
-14
-17
-16
-16
-17
-12
-6
1
6
9
10
6
-1
-4
-2
3
4
4
-1
-8
-9
-6
0
6
11
18
20
22
20
17
10
-3
-16
-30
-41
-48
-46
-35
-24
-12
1
17
28
36
38
37
31
24
19
11
4
0
1
1
-3
-11
-22
-35
-43
-44
-39
-30
-19
-6
6
21
34
45
49
45
32
16
-2
-16
-26
-35
-38
-38
-34
-28
-16
-4
5
14
21
26
26
26
27
28
23
18
12
3
-5
-10
-11
-11
-11
-7
-3
2
3
5
6
5
2
-4
-13
-23
-31
-31
-27
-20
-11
-3
3
9
15
23
27
29
28
23
20
18
15
8
-2
-12
-21
-28
-34
-37
-34
-25
-13
0
15
28
39
50
56
54
44
27
8
-12
-30
-42
-50
-54
-52
-45
-36
-26
-12
1
16
27
33
34
33
27
21
14
5
-6
-16
-22
-23
-24
-23
-19
-13
-4
2
9
13
18
20
20
19
14
9
2
-1
-7
-10
-15
-19
-20
-20
-16
-10
1
10
20
26
27
26
21
13
4
-6
-16
-26
-29
-28
-24
-16
-7
3
14
24
30
33
30
25
17
11
1
-7
-13
-15
-16
-16
-16
-16
-16
-13
-7
-3
-1
0
5
6
7
6
3
-2
-6
-6
-9
-13
-16
-13
-8
-2
3
8
11
13
14
14
12
8
4
2
-1
-2
-3
-4
-5
-7
-6
-4
-2
3
10
15
22
28
30
29
26
20
10
-5
-19
-30
-38
-42
-43
-38
-30
-17
-1
13
21
25
29
31
28
21
9
-2
-10
-14
-16
-18
-19
-19
-15
-12
-8
-6
-3
2
6
9
12
15
17
16
15
13
9
3
-1
-5
-9
-14
-13
-14
-13
-13
-8
-6
-5
-1
5
8
7
7
6
5
5
3
-3
-10
-13
-11
-9
-8
-5
2
8
14
19
20
17
15
12
6
-3
-10
-14
-12
-10
-8
-3
0
4
7
7
4
-2
-7
-10
-11
-13
-13
-9
-5
0
5
9
9
5
3
1
-1
-4
-5
-4
-2
-1
2
6
6
3
3
3
1
-4
-7
-6
-4
-3
-1
1
3
5
9
12
13
15
15
16
16
12
8
3
-5
-11
-13
-15
-16
-16
-11
-5
2
6
11
11
12
12
8
3
-2
-4
-6
-7
-6
-4
-2
-3
-5
-7
-11
-15
-17
-16
-12
-7
1
10
15
21
25
25
18
9
0
-7
-15
-21
-24
-22
-19
-12
-4
2
3
3
5
4
4
1
1
4
6
7
4
1
-4
-6
-8
-13
-16
-14
-11
-5
0
6
12
17
19
19
17
13
8
6
5
4
4
5
6
4
2
0
-6
-14
-21
-24
-22
-17
-9
0
8
14
20
22
17
10
2
-1
-6
-9
-9
-5
0
5
7
7
3
-5
-13
-22
-28
-27
-20
-11
0
13
25
34
40
38
31
18
5
-6
-15
-22
-25
-23
-17
-10
-5
-4
-2
-4
-6
-8
-8
-9
-6
-1
7
14
19
20
17
11
4
-4
-11
-14
-15
-11
-6
0
4
10
12
11
7
1
-7
-9
-9
-5
1
7
13
17
19
17
14
7
-1
-4
-6
-6
-5
1
7
11
11
9
0
-10
-20
-27
-34
-37
-31
-21
-10
1
11
19
22
23
19
12
0
-8
-12
-13
-10
-7
-3
1
3
6
8
6
2
1
-1
1
3
7
8
12
14
15
12
8
2
-6
-8
-11
-11
-10
-8
-5
-3
-1
-2
-5
-8
-12
-14
-15
-12
-8
-6
-1
4
9
11
13
13
14
12
12
13
14
13
14
13
10
5
-1
-8
-15
-21
-23
-23
-22
-16
-9
0
8
12
15
15
13
11
6
2
-1
-3
-1
-1
-2
-3
-5
-5
-5
-6
-10
-11
-12
-10
-8
-5
1
7
12
15
17
17
15
14
14
10
6
2
2
-2
-4
-7
-8
-11
-15
-16
-17
-17
-17
-16
-14
-8
-1
5
10
15
19
21
20
15
9
3
-1
-5
-9
-13
-14
-14
-11
-8
-4
-2
2
5
8
9
7
6
5
4
1
0
-2
-1
-1
-1
-1
0
-1
0
1
3
3
3
2
0
-1
-3
-5
-9
-10
-13
-12
-11
-9
-6
-1
5
12
16
20
20
19
17
14
9
3
-4
-8
-10
-11
-11
-10
-8
-4
-2
-1
1
3
5
6
8
9
9
8
7
6
2
-2
-7
-11
-16
-20
-22
-21
-20
-16
-9
-3
3
8
11
15
15
13
10
5
1
-4
-5
-5
-3
0
3
7
13
17
19
20
17
14
9
4
-1
-7
-12
-15
-18
-20
-21
-21
-21
-18
-14
-7
0
4
8
13
18
20
19
14
8
0
-7
-12
-15
-16
-17
-12
-6
-1
5
9
14
17
17
16
13
12
13
15
17
16
16
14
11
4
-6
-14
-21
-26
-29
-29
-28
-21
-12
-3
4
6
4
-1
-7
-14
-22
-27
-31
-29
-22
-10
2
13
23
32
38
40
37
30
24
20
15
10
4
-3
-6
-8
-9
-10
-14
-15
-15
-12
-8
-4
1
6
11
14
15
14
9
4
-1
-5
-9
-11
-13
-11
-9
-8
-6
-6
-6
-8
-11
-12
-12
-9
-6
1
7
13
19
25
30
31
26
19
10
3
-5
-10
-15
-16
-14
-8
-1
4
7
9
7
2
-5
-13
-24
-34
-38
-38
-32
-22
-9
5
17
28
31
32
27
17
4
-8
-17
-23
-22
-19
-9
2
13
22
26
26
21
11
1
-9
-15
-16
-12
-3
7
17
28
35
33
25
11
-6
-23
-36
-45
-48
-47
-40
-24
-5
10
22
29
31
26
22
15
6
-2
-5
-3
0
4
5
5
4
2
-4
-12
-18
-21
-19
-13
-3
7
16
27
34
37
35
30
23
12
0
-10
-20
-26
-31
-31
-29
-27
-26
-23
-21
-21
-22
-21
-19
-13
-9
-2
6
13
21
27
32
34
33
31
27
20
13
8
5
2
2
3
5
9
11
9
6
0
-6
-11
-17
-20
-22
-22
-18
-12
-4
1
4
4
3
-1
-7
-14
-22
-29
-30
-26
-19
-11
-2
5
10
12
12
9
6
2
-1
-1
3
11
21
32
43
49
49
47
40
29
14
-1
-16
-28
-36
-39
-37
-34
-30
-22
-13
-9
-7
-6
-7
-7
-10
-12
-14
-17
-17
-14
-10
-3
4
12
20
24
28
29
31
28
20
14
9
4
1
3
6
8
12
14
16
14
10
3
-5
-13
-19
-23
-21
-17
-11
-5
-2
-3
-7
-15
-24
-34
-43
-47
-45
-37
-23
-5
16
34
49
60
62
55
40
23
5
-11
-23
-28
-30
-24
-13
0
12
19
22
22
16
12
5
1
-4
-6
-4
-2
1
3
2
-1
-7
-16
-24
-32
-37
-37
-33
-24
-13
2
17
31
40
43
40
35
24
12
-2
-14
-20
-20
-15
-7
2
13
22
28
28
23
13
-1
-16
-27
-35
-36
-32
-22
-11
1
11
19
20
18
10
2
-8
-17
-21
-21
-17
-10
-1
6
11
13
11
6
-2
-9
-14
-17
-15
-10
0
12
21
27
29
27
18
7
-5
-14
-20
-21
-18
-11
-2
8
17
24
27
24
19
9
-2
-12
-20
-26
-29
-26
-20
-13
-6
2
7
9
10
10
8
5
3
2
1
1
1
2
2
-1
-3
-6
-9
-12
-13
-13
-12
-8
-1
7
16
23
30
35
34
29
21
8
-3
-17
-26
-32
-32
-30
-24
-15
-4
5
15
19
16
10
0
-10
-19
-24
-25
-21
-16
-7
5
15
23
26
25
20
12
3
-3
-8
-10
-9
-3
4
10
15
18
17
15
9
2
-7
-15
-19
-19
-16
-9
-3
4
8
11
10
6
-1
-8
-16
-24
-27
-28
-23
-15
-4
7
17
23
23
22
18
10
2
-5
-11
-15
-13
-6
3
11
20
26
27
24
20
12
4
-3
-9
-14
-16
-15
-11
-6
-1
1
0
-3
-8
-12
-15
-17
-17
-14
-10
-3
5
10
13
14
11
4
-5
-15
-21
-25
-24
-18
-10
0
9
19
25
27
25
20
13
6
1
-2
0
3
8
13
17
18
13
8
0
-8
-16
-23
-26
-24
-17
-8
0
8
12
13
10
3
-5
-13
-19
-23
-23
-18
-11
-3
7
16
23
25
24
19
13
6
1
-3
-5
-4
-1
3
6
8
7
6
2
-3
-7
-9
-10
-9
-7
-4
-1
0
1
0
-4
-9
-14
-19
-22
-22
-19
-15
-9
-3
5
11
14
14
14
12
11
9
8
7
8
8
10
11
9
7
3
-1
-4
-6
-6
-4
-1
4
9
13
15
15
12
7
0
-10
-19
-25
-29
-28
-25
-20
-13
-7
0
3
6
7
6
4
3
1
2
4
7
10
12
12
10
7
4
0
-4
-6
-7
-4
2
9
17
23
26
26
21
12
-1
-13
-22
-27
-30
-28
-24
-16
-8
1
8
12
11
6
0
-7
-14
-19
-21
-21
-18
-12
-6
0
5
10
10
12
12
11
13
16
18
21
22
21
18
14
9
3
-4
-10
-15
-17
-17
-13
-8
-2
6
11
11
11
7
2
0
-8
-13
-18
-20
-20
-19
-16
-13
-10
-7
-4
-2
0
2
4
7
9
11
11
11
10
9
6
4
2
-1
-3
-1
3
6
10
13
15
16
14
10
7
3
-3
-7
-13
-18
-22
-22
-21
-19
-16
-13
-8
-2
3
9
13
15
13
13
8
1
-6
-14
-21
-26
-26
-24
-18
-8
3
14
25
32
35
35
33
28
23
17
10
3
-2
-6
-10
-12
-12
-13
-15
-17
-19
-20
-17
-10
-5
2
9
13
15
14
10
2
-9
-21
-31
-36
-35
-29
-18
-4
11
24
36
44
45
40
29
16
2
-12
-22
-27
-26
-19
-7
7
17
27
30
30
27
19
8
-3
-13
-21
-26
-24
-22
-19
-16
-14
-12
-12
-13
-15
-16
-15
-12
-6
1
9
19
24
26
23
16
7
-4
-12
-19
-21
-19
-13
-1
11
21
30
34
32
26
14
2
-12
-20
-23
-21
-16
-6
5
15
22
23
20
12
0
-11
-20
-26
-28
-26
-19
-11
-2
3
8
8
5
2
-2
-5
-5
-3
3
11
20
26
28
25
18
8
-5
-16
-26
-29
-28
-21
-9
3
18
28
32
30
23
13
-2
-15
-26
-32
-32
-28
-21
-13
-5
2
3
1
-5
-13
-20
-24
-24
-19
-11
1
13
24
31
36
34
26
16
6
-3
-10
-13
-10
-4
4
14
22
29
30
29
23
15
7
-1
-9
-13
-15
-16
-14
-12
-10
-9
-8
-8
-8
-7
-7
-5
-3
-1
2
4
3
2
-1
-5
-9
-11
-13
-12
-10
-5
0
5
10
14
18
17
15
10
6
3
1
-2
-3
-4
-4
-6
-8
-10
-12
-14
-14
-13
-10
-7
-2
4
9
13
15
13
11
3
-4
-11
-17
-21
-21
-19
-14
-7
2
11
18
22
24
24
20
15
10
4
-1
-3
-3
-2
-1
1
4
6
7
6
3
1
0
-1
-1
-1
-1
0
-2
-3
-4
-6
-8
-11
-13
-14
-14
-13
-9
-5
-1
3
5
5
4
2
-1
-2
-5
-7
-8
-6
-5
-2
1
4
7
8
12
13
12
10
10
8
7
4
2
0
-1
-1
-2
-3
-3
-3
-1
1
2
4
4
4
5
4
2
-1
-2
-5
-8
-10
-12
-14
-14
-13
-10
-6
-2
4
9
13
16
19
17
14
8
3
-4
-9
-11
-11
-8
-5
2
7
12
17
19
17
11
5
-5
-14
-21
-26
-29
-27
-22
-15
-6
2
8
12
12
11
8
4
0
-4
-6
-7
-7
-6
-6
-6
-5
-5
-6
-6
-7
-5
-2
4
10
17
25
30
32
32
27
19
10
1
-8
-16
-22
-25
-22
-18
-12
-5
2
5
8
9
6
3
-2
-7
-10
-13
-13
-11
-8
-2
1
5
10
12
13
12
10
7
5
4
5
6
5
7
9
8
7
5
1
-5
-10
-12
-14
-15
-12
-8
-3
2
6
10
11
9
4
-2
-9
-15
-19
-22
-21
-19
-16
-10
-4
3
7
10
12
11
11
8
5
2
-1
-2
-2
-2
-2
-1
-1
-1
-2
-3
-3
-3
-4
-3
-1
0
3
5
8
8
7
6
4
0
-3
-7
-10
-12
-14
-13
-12
-10
-6
-2
0
2
3
4
5
4
3
2
0
-1
-1
0
1
2
4
5
8
11
13
15
16
15
15
14
13
11
10
9
8
8
9
8
9
10
11
10
10
9
8
7
5
4
2
1
0
0
0
0
0
0
1
1
0
0
-1
-2
-2
-3
-3
-3
-5
-5
-6
-7
-9
-11
-14
-17
-19
-21
-23
-25
-25
-25
-25
-24
-22
-21
-20
-21
-19
-20
-20
-21
-20
-20
-19
-17
-15
-12
-10
-7
-4
-3
-1
0
1
0
0
-1
-1
-2
-2
-3
-2
-2
-2
-2
-2
-1
-1
-2
-1
-2
-2
0
1
2
3
4
7
9
11
14
16
20
22
26
31
35
40
44
48
52
56
60
64
66
69
71
72
74
74
74
73
70
69
67
64
59
55
49
42
36
27
21
12
3
-7
-16
-26
-35
-43
-52
-61
-68
-74
-82
-87
-93
-97
-101
-104
-106
-107
-108
-107
-105
-103
-99
-95
-89
-83
-76
-70
-64
-55
-49
-42
-34
-27
-20
-13
-6
0
6
12
16
20
23
25
27
27
26
25
24
23
21
19
17
14
12
9
5
1
-1
-5
-8
-9
-9
-9
-9
-6
-4
-1
3
7
10
14
18
22
26
31
36
42
49
56
65
73
81
87
93
97
103
108
111
114
116
119
121
121
121
121
117
113
108
101
92
82
73
62
52
42
31
20
11
3
-9
-19
-30
-41
-52
-64
-76
-86
-97
-108
-115
-121
-128
-133
-138
-139
-140
-139
-138
-137
-137
-133
-131
-127
-122
-118
-112
-105
-97
-87
-78
-69
-60
-51
-42
-35
-29
-21
-16
-9
-1
5
12
19
27
35
42
48
52
58
60
63
65
65
64
65
65
65
64
63
60
58
54
51
46
40
34
28
22
18
14
10
5
0
-4
-9
-15
-21
-30
-36
-44
-49
-53
-55
-57
-56
-54
-50
-45
-41
-35
-31
-26
-21
-14
-9
-3
4
10
18
26
36
45
56
66
74
82
90
97
103
107
111
115
118
121
122
124
124
122
117
113
107
100
92
82
74
66
57
49
40
31
21
10
1
-10
-23
-35
-49
-61
-71
-80
-87
-93
-97
-102
-104
-105
-107
-106
-107
-108
-108
-108
-106
-103
-100
-95
-90
-83
-77
-69
-63
-59
-56
-53
-51
-48
-44
-41
-37
-33
-28
-23
-19
-13
-10
-7
-5
-3
-1
0
1
3
2
4
5
8
10
12
13
15
17
20
21
23
24
25
28
30
33
35
37
38
37
36
35
31
25
19
13
6
1
-3
-7
-8
-11
-12
-13
-12
-12
-12
-13
-14
-15
-17
-20
-22
-24
-24
-24
-21
-16
-9
-3
6
14
24
33
43
53
61
70
77
86
93
99
105
106
108
108
106
105
103
101
98
96
94
93
92
90
86
79
72
62
50
38
23
9
-6
-19
-31
-41
-50
-57
-64
-67
-71
-74
-76
-79
-80
-82
-83
-82
-82
-82
-83
-83
-84
-84
-85
-87
-88
-89
-90
-89
-88
-85
-80
-73
-67
-60
-54
-48
-40
-35
-31
-28
-26
-25
-22
-20
-19
-18
-17
-15
-12
-9
-5
1
5
10
14
19
24
29
34
37
39
40
43
44
44
43
42
39
38
36
34
32
31
28
27
25
23
21
18
15
12
8
3
-1
-7
-13
-17
-20
-23
-25
-27
-29
-29
-26
-21
-16
-10
-6
0
5
7
12
15
20
25
30
35
41
47
55
60
64
68
72
76
80
82
84
84
82
79
75
72
66
59
54
48
43
37
32
26
21
17
13
8
4
0
-5
-12
-17
-23
-29
-34
-39
-43
-47
-50
-51
-53
-54
-54
-56
-56
-58
-60
-64
-66
-65
-66
-65
-64
-61
-60
-59
-59
-60
-59
-56
-52
-46
-43
-40
-36
-32
-28
-28
-28
-29
-28
-26
-23
-21
-19
-18
-15
-11
-5
2
9
16
21
25
29
32
34
35
35
34
34
33
32
32
31
28
27
26
24
22
21
20
20
19
18
16
13
11
7
2
-4
-11
-16
-23
-26
-28
-30
-31
-31
-32
-31
-29
-26
-23
-18
-13
-6
0
6
11
14
18
24
31
37
41
43
47
50
54
56
55
53
54
59
62
63
61
58
57
57
58
57
53
47
42
39
35
32
27
22
14
8
4
2
-3
-6
-11
-13
-15
-17
-21
-24
-28
-29
-31
-35
-39
-42
-43
-42
-42
-45
-47
-49
-49
-46
-44
-41
-39
-38
-36
-34
-32
-31
-30
-30
-31
-30
-28
-26
-24
-27
-28
-25
-22
-19
-18
-18
-19
-16
-11
-8
-7
-7
-5
-2
4
7
7
8
11
14
18
18
15
13
10
7
5
2
1
0
-2
-5
-5
-5
-4
-4
-7
-7
-6
-4
-3
-4
-8
-9
-9
-10
-12
-17
-22
-24
-23
-23
-24
-25
-21
-16
-12
-8
-5
2
9
15
18
20
22
26
30
32
33
35
41
45
47
48
49
50
52
52
52
54
56
59
60
59
58
57
55
53
49
43
40
37
34
30
25
22
21
19
18
17
14
11
7
3
-2
-5
-11
-17
-23
-29
-30
-29
-29
-33
-37
-42
-43
-41
-39
-39
-43
-42
-41
-39
-36
-36
-36
-38
-39
-41
-43
-45
-46
-46
-41
-40
-37
-36
-35
-31
-27
-22
-17
-15
-14
-13
-11
-9
-7
-8
-7
-6
-6
-5
-4
-5
-6
-5
-4
-3
-1
1
3
6
9
12
14
18
20
21
20
17
17
17
17
14
9
4
-2
-6
-9
-10
-13
-15
-17
-16
-12
-7
-3
-3
-2
-1
0
2
0
-4
-7
-10
-10
-9
-8
-8
-6
-3
2
8
16
20
23
27
30
34
36
39
38
38
38
38
37
37
34
30
28
28
30
32
34
36
38
41
44
45
44
44
45
44
42
40
33
27
21
16
14
9
4
-2
-7
-11
-12
-14
-16
-19
-22
-22
-21
-21
-22
-25
-28
-30
-32
-32
-33
-35
-37
-39
-37
-34
-32
-32
-32
-31
-29
-28
-28
-28
-29
-29
-29
-26
-25
-25
-24
-24
-24
-23
-22
-22
-20
-18
-15
-11
-9
-7
-3
1
6
10
11
12
11
10
8
6
3
3
-1
-4
-5
-6
-8
-9
-12
-12
-11
-9
-7
-7
-8
-9
-8
-7
-6
-8
-10
-13
-16
-17
-19
-20
-20
-17
-16
-13
-11
-8
-2
2
7
9
10
12
14
15
15
14
10
9
6
7
8
10
12
15
18
22
30
37
44
49
53
58
63
66
67
66
61
57
57
54
52
48
45
42
38
36
33
30
29
28
28
26
25
23
20
18
15
11
7
2
-3
-9
-13
-17
-22
-25
-29
-31
-31
-30
-31
-33
-36
-36
-34
-31
-31
-32
-34
-37
-36
-39
-39
-41
-43
-45
-45
-44
-42
-42
-41
-41
-40
-36
-29
-22
-17
-15
-12
-11
-8
-7
-6
-8
-9
-11
-11
-13
-15
-20
-23
-23
-21
-19
-16
-13
-11
-8
-4
-2
-1
1
3
6
6
5
4
1
-2
-3
-3
-3
-3
-5
-5
-7
-6
-3
-1
0
1
3
6
10
10
7
4
2
3
5
8
7
5
4
3
4
7
11
14
16
19
23
28
31
34
36
37
37
36
36
36
34
32
30
29
30
31
36
41
46
50
50
51
51
55
53
52
50
49
47
46
41
34
25
16
8
2
-5
-11
-19
-25
-30
-34
-31
-27
-22
-17
-11
-6
-4
-5
-8
-14
-20
-28
-33
-37
-36
-33
-35
-34
-33
-29
-25
-20
-18
-15
-17
-27
-40
-48
-50
-49
-39
-32
-21
-8
7
20
28
31
34
31
24
12
-3
-21
-45
-64
-72
-66
-54
-35
-10
13
19
17
7
-3
-16
-31
-53
-77
-96
-114
-120
-119
-108
-91
-64
-38
-12
7
17
10
-7
-29
-40
-32
-11
13
38
59
64
84
111
140
164
168
161
150
121
74
15
-36
-81
-120
-161
-194
-201
-210
-214
-228
-220
-201
-150
-98
-42
-11
-1
12
24
52
79
119
176
261
310
342
362
368
357
314
254
178
100
26
-46
-139
-191
-219
-308
-332
-161
-70
-162
-73
-67
-122
-35
-22
-1
93
373
296
360
548
561
604
601
688
497
551
447
331
163
67
9
-126
-62
-156
-79
-147
-62
-180
-143
-184
-237
-165
-175
-86
-156
12
-80
46
-2
-16
-58
-165
-160
-361
-397
-654
-720
-818
-767
-672
-631
-399
-276
-55
6
103
79
11
1
-197
-243
-453
-500
-582
-497
-323
-101
336
541
902
953
1103
1002
867
637
315
119
-179
-144
-284
-171
-161
57
243
415
486
256
0
-615
-1084
-1857
-2494
-3168
-3541
-3525
-3324
-2803
-2391
-1578
-759
230
1019
1601
2070
2316
2544
2479
2403
2049
1857
1686
1673
1771
1859
2060
2085
2246
2062
1828
1382
864
295
-417
-1118
-1863
-2272
-2563
-2558
-2468
-2065
-1411
-572
305
1017
1664
2033
2382
2449
2338
2024
1587
1221
839
484
106
-153
-348
-414
-522
-690
-887
-1171
-1427
-1644
-1726
-1787
-1637
-1269
-722
-41
665
1393
2022
2549
2841
2897
2653
2238
1631
917
157
-616
-1237
-1746
-2048
-2271
-2305
-2188
-1990
-1759
-1605
-1456
-1238
-896
-551
-232
-6
184
404
562
688
625
412
179
-41
-279
-530
-715
-841
-878
-872
-788
-711
-634
-581
-579
-659
-728
-617
-435
-174
109
413
834
1200
1297
1107
432
-598
-1936
-3668
-5572
-7449
-8799
-9117
-8363
-6780
-4698
-2078
1227
4816
8161
10503
11646
11773
10925
9202
6621
3423
235
-2335
-4082
-4956
-5029
-4290
-2894
-1081
727
2177
2881
2826
2378
1547
393
-824
-1658
-1696
-894
380
2065
3913
5630
6914
7388
6959
5482
3177
454
-2415
-5171
-7445
-8787
-8889
-7974
-6321
-4011
-1240
1661
4090
5554
6016
5575
4525
3248
1770
152
-1235
-1979
-1888
-1261
-555
101
757
1363
1643
1464
714
-413
-1561
-2432
-2850
-2854
-2379
-1371
44
1428
2421
2853
2792
2194
1091
-395
-2072
-3546
-4634
-5140
-5093
-4539
-3369
-1672
241
1977
3244
4002
4239
3838
2820
1286
-457
-2047
-3275
-4035
-4432
-4521
-4320
-3850
-3124
-2248
-1307
-345
508
1125
1435
1365
1145
939
830
812
865
1175
1788
2581
3246
3559
3468
3057
2505
1745
476
-1536
-4350
-7766
-11392
-14478
-15866
-15023
-12346
-8504
-4197
646
5968
11159
15526
17896
17724
15653
12414
8373
3727
-1408
-5849
-8602
-9584
-8879
-6586
-3322
-6
2900
4912
5944
5545
3866
1912
266
-1160
-1929
-1358
648
3678
6639
9159
10995
11655
10767
8465
4725
-234
-5466
-9943
-12663
-13468
-12617
-10001
-5988
-1689
2329
5519
7441
7917
6776
4501
1790
-880
-2897
-3889
-3935
-3222
-1855
-22
1808
2953
2849
1638
-371
-2772
-5049
-6752
-7655
-7367
-5714
-2899
528
3786
6482
8212
8670
7610
5283
2106
-1321
-4435
-6809
-8072
-8112
-6868
-4525
-1469
1497
3758
4981
5120
4274
2633
635
-1335
-2933
-3917
-4136
-3550
-2329
-806
673
1784
2269
2075
1243
-40
-1565
-3026
-3995
-4265
-3721
-2575
-1032
766
2486
3832
4551
4225
3020
1393
-455
-1794
-2565
-2919
-2604
-1674
-170
1720
3271
4017
4018
3194
1255
-1631
-5166
-8989
-12185
-14760
-16002
-14204
-9931
-4079
2331
7400
11409
14440
15813
15932
14165
9963
4935
422
-3311
-5685
-6956
-6980
-5003
-2231
258
3025
4885
5306
4965
3507
1743
62
-1563
-1923
-629
1112
3352
6212
8898
10932
11371
9638
6438
2139
-3010
-7455
-11083
-13782
-14327
-12668
-8930
-3664
1607
6517
10702
12878
13119
11544
8273
4250
-88
-4232
-7216
-8750
-8697
-7121
-5192
-3695
-2244
-961
-139
225
-438
-1678
-2590
-3013
-2052
75
1995
3948
5743
6732
6839
5483
2883
-154
-3743
-7465
-9997
-11285
-11376
-9761
-6787
-2908
1157
4420
7064
8842
8819
7575
5638
3047
337
-2281
-4441
-5762
-6386
-6296
-5312
-3935
-2521
-896
692
1871
2556
2807
2877
2886
2351
1485
483
-825
-2086
-3097
-3891
-4258
-4201
-3664
-2284
-579
1226
2958
4073
4650
4861
4686
4559
4319
3644
2980
2347
1786
1292
475
-1080
-3192
-5985
-9417
-12975
-16630
-19297
-18638
-14513
-7996
-365
6200
11952
16962
20247
21883
21003
16637
10346
3781
-2329
-7167
-10681
-12518
-11802
-9370
-6491
-2630
1014
3371
4762
4714
3715
2536
1306
1322
2981
4983
7315
9981
12280
13561
13053
10073
5259
-746
-7309
-12789
-16730
-19000
-18576
-15456
-10008
-2823
4462
11154
16324
18716
18335
15587
11005
5597
63
-5058
-9042
-11376
-11666
-10011
-7344
-4825
-2850
-1513
-646
74
760
1316
1756
2307
3207
4414
5584
6216
5952
4558
1789
-1748
-5342
-8732
-11412
-12981
-13243
-11910
-9145
-5212
-494
4037
7608
10015
11096
10712
9050
6421
3117
-435
-3782
-6566
-8450
-9528
-9832
-9231
-8049
-6553
-4582
-2336
-3
2231
3942
5170
5859
5820
5269
4309
2791
819
-1307
-3218
-4420
-4595
-4102
-3160
-1873
-547
944
2311
2912
2898
2342
1502
1250
1571
2096
2971
4152
5559
7258
8169
7508
5199
935
-5046
-11714
-18472
-24331
-26747
-24248
-17137
-7038
2994
11285
18247
22897
25006
24706
20793
13893
5895
-1901
-8197
-12325
-14560
-13995
-10753
-6681
-2394
1747
4561
6170
6459
5489
4353
3165
2627
3616
5388
6928
8261
9198
9496
8598
5817
1327
-3815
-8840
-12800
-14809
-15069
-13345
-9481
-3997
2312
8524
13581
16978
17914
16128
12265
7140
1649
-3451
-7766
-11194
-13290
-13681
-12158
-9322
-6166
-3402
-1134
672
2200
3521
4494
4971
4858
4625
4575
4462
4044
3232
1612
-765
-3661
-6499
-8664
-10170
-11082
-10970
-9764
-7694
-4604
-790
3047
6308
8601
9923
10503
9953
8371
6114
3201
-169
-3593
-6623
-8876
-10366
-11153
-10889
-9670
-7581
-4708
-1473
1517
3863
5262
5980
6246
5786
4517
2577
266
-1870
-3340
-3946
-3647
-2926
-2082
-1193
-468
44
285
-21
-545
-1108
-1422
-700
919
2961
5294
7402
8809
9741
9831
8693
5866
745
-6233
-13708
-20422
-25212
-26673
-23243
-15129
-4362
6733
15402
20955
23749
23949
22033
17811
11225
3877
-2565
-7491
-10618
-11918
-11417
-9165
-5939
-2968
-173
2075
3437
4422
5097
5538
6186
7138
8389
9662
9982
9260
7879
5901
3134
-266
-4229
-8107
-11067
-12898
-13244
-12106
-9771
-6051
-1175
3841
8510
12256
14816
15839
14783
11712
7322
2534
-2035
-6213
-9972
-12931
-14441
-13990
-11933
-8940
-5713
-2468
830
4026
6795
8588
9140
8801
7962
6605
4687
2095
-964
-3905
-6586
-9122
-11031
-12182
-12448
-11478
-9574
-7138
-4131
-724
2638
5583
7554
8442
8635
8258
7203
5625
3491
856
-1958
-4660
-7075
-8867
-9809
-9752
-8788
-7383
-5548
-3242
-566
2225
4582
6036
6809
6951
6415
5287
3442
1132
-852
-2264
-3249
-3671
-3595
-2895
-1647
-398
364
679
683
607
429
143
-136
96
1487
3420
5407
7164
8215
8470
7810
5556
1737
-2824
-7635
-12340
-16444
-20305
-22693
-20519
-13436
-2990
7753
14962
18156
19170
18471
16456
13232
8454
3333
-890
-4487
-7345
-8711
-8775
-7361
-5130
-3359
-1572
885
3668
6440
8206
8541
8372
8187
7932
7208
5589
3267
1232
-322
-1663
-2906
-4318
-5601
-6268
-6666
-6813
-6327
-5154
-2922
125
3430
6819
10106
12779
14016
12890
9435
4664
-172
-4401
-8096
-11352
-13744
-14306
-12661
-9221
-5042
-1075
2254
4806
6546
7414
7452
6841
5796
4464
2607
353
-2040
-4481
-6422
-8138
-9758
-10555
-10154
-8486
-5904
-3380
-1335
550
2330
3659
4339
4166
3264
2346
1662
1263
1058
713
-128
-1600
-3480
-5283
-6520
-6774
-6172
-5081
-3567
-1677
614
2932
4679
5223
4541
3359
2178
1248
438
-723
-1924
-2600
-2593
-1918
-963
37
989
1734
2119
2112
1873
1657
1528
1279
745
155
-121
240
1201
2258
3323
4516
5766
6746
6606
4451
220
-5473
-11949
-18031
-22232
-23262
-19181
-9804
1946
12613
18974
20479
19315
16777
13279
9204
4942
930
-2360
-5081
-7362
-8304
-8016
-7083
-5669
-4185
-2067
1305
5264
8704
10723
11092
10335
9125
7438
5236
3038
1166
67
-362
-782
-1469
-2690
-4501
-6552
-8650
-10300
-10752
-9595
-6739
-2612
2147
7105
11734
15039
16016
14018
9482
3838
-1336
-5234
-8003
-9951
-11040
-10980
-9840
-7915
-5706
-3514
-1341
902
3192
5348
6928
7703
7820
7065
5021
1853
-1780
-5101
-7365
-8750
-9395
-8995
-7649
-5830
-3965
-2588
-1794
-998
-98
836
1837
2684
3342
3989
4231
3753
2761
1334
-635
-2897
-5218
-7024
-7476
-6641
-5025
-2917
-750
1114
2742
3974
4637
4688
4259
3543
2914
2122
794
-844
-2534
-4020
-4978
-5008
-4179
-2513
-307
2015
4178
5724
6338
6186
5078
3040
660
-1391
-2149
-1307
507
2362
3746
4211
4292
4451
4397
3766
1601
-3298
-10957
-19678
-26383
-27383
-20834
-8199
6032
16864
20766
18800
14596
10654
8235
7021
6241
5200
3489
608
-2725
-5455
-7565
-8955
-9231
-8229
-5225
-270
5019
8814
9838
8359
5664
3506
2440
2626
4040
6121
8119
9059
8148
5046
249
-5342
-10313
-13524
-14477
-13369
-10560
-6708
-2522
1439
4961
8010
10128
10863
9974
8031
5852
4086
2549
743
-1669
-4529
-7094
-8747
-9434
-9438
-8576
-6597
-3470
203
3434
5330
5681
4682
3039
1399
-33
-1040
-1657
-1883
-2225
-2870
-3595
-4138
-4536
-4992
-5401
-5364
-4414
-2793
-1097
226
965
1065
826
529
415
706
1342
1953
2108
1548
319
-1049
-2119
-2769
-2996
-2647
-1704
-309
1063
1838
1819
1302
738
459
470
534
630
666
600
288
-363
-1123
-1383
-856
426
1974
2630
2241
1531
943
740
875
1051
1521
2495
3595
4916
6411
6905
6232
4640
1221
-4603
-12146
-19467
-23854
-23730
-19104
-10157
1354
10954
14799
13411
10161
8559
9606
11915
13946
14273
11556
5771
-936
-6502
-9901
-10846
-9681
-7419
-4610
-1645
1037
2950
3312
2077
697
858
2794
6201
9928
12548
12990
11149
7463
3054
-1092
-4768
-7412
-8622
-8559
-7913
-7264
-7146
-7298
-7182
-6157
-3686
212
4679
8367
10307
10207
8670
6468
4272
2267
571
-876
-2305
-3985
-5643
-6877
-7421
-7164
-6283
-4721
-2434
118
2132
3334
3381
2337
647
-989
-1873
-1903
-1449
-830
-8
630
660
-43
-1393
-3044
-4514
-5415
-5442
-4627
-3483
-2627
-2311
-2441
-2477
-1801
-408
1195
2456
2997
2868
2482
2016
1487
783
-123
-970
-1383
-1277
-819
-406
-547
-1304
-2081
-2183
-1310
307
1927
2973
3279
3124
2730
2340
1892
1521
1894
2648
2998
2513
1255
-78
-872
-1348
-1249
81
2152
4002
4970
4288
1865
-1888
-6748
-11175
-13830
-14184
-11397
-5470
804
4108
3245
66
-1239
1007
5725
11244
15818
17026
13908
7668
1060
-2949
-3955
-3009
-1464
-569
-1052
-2141
-3368
-4730
-5978
-6143
-3964
538
5705
9589
11393
10793
8550
5652
3353
2398
2742
3192
2468
120
-3501
-7165
-9773
-10506
-9430
-6965
-3971
-956
1260
2040
1431
411
110
1021
2857
4731
6075
6129
4551
1286
-2560
-5481
-6409
-5449
-3458
-1337
97
423
-183
-884
-1008
-340
547
1157
1048
88
-1594
-3320
-4559
-5102
-4933
-4126
-2822
-1470
-569
-248
-23
123
358
806
1506
2094
1988
718
-1465
-3659
-5061
-5334
-4716
-3619
-2387
-1010
293
1514
2426
2789
2559
2137
1720
1299
972
721
497
-38
-745
-1082
-606
128
450
266
-68
-275
-188
303
1404
2805
3654
3900
4006
4134
3953
3421
2560
1731
856
-330
-1836
-3951
-6568
-8706
-9469
-8896
-6662
-2700
1391
2939
343
-4143
-5825
-3097
2015
6868
10125
10920
8924
5138
2007
2195
5013
8150
9632
8390
4724
284
-3485
-6220
-7385
-6968
-5075
-2488
-629
153
330
348
740
2254
4706
7145
8816
8941
7420
4636
1475
-830
-1735
-1660
-1492
-1733
-2613
-3674
-4627
-5396
-5864
-5834
-5013
-3557
-2027
-1227
-1339
-1910
-2075
-1244
330
1981
3048
3045
1867
-61
-1703
-1945
-477
1692
3132
3199
2237
1025
49
-437
-674
-1023
-1753
-2714
-3676
-4647
-5441
-5933
-5920
-5546
-4744
-3266
-1222
899
2522
3676
4529
5281
5634
5155
3825
1697
-803
-3077
-4548
-5124
-5083
-4729
-4210
-3491
-2670
-1770
-898
-242
132
426
771
1016
1163
1360
1828
2275
2338
2291
2523
3036
3241
2730
1507
309
-295
-189
722
1917
3076
3724
3571
2523
989
-477
-1931
-3280
-4772
-5861
-6495
-7598
-8488
-6848
-1843
3019
3741
382
-2375
-1471
880
2341
3114
4214
4360
2665
730
1450
5096
8652
10397
9941
8009
5176
2211
-364
-2240
-2987
-2907
-2531
-2785
-3502
-3869
-3370
-2077
-71
2550
4763
5474
4397
2477
1168
1161
2144
3137
3409
2575
928
-811
-2018
-2174
-1639
-1119
-1298
-2077
-2935
-3387
-3501
-3781
-4160
-4199
-3440
-2248
-1345
-1193
-1693
-2250
-2006
-708
976
2136
2407
2151
1933
2004
2446
3238
3725
3242
1740
-68
-1262
-1530
-1526
-1832
-2482
-3393
-4344
-5157
-5819
-6014
-5196
-3514
-1604
49
1302
2188
2838
3241
3499
3686
3612
3046
1868
118
-1994
-3772
-4759
-4981
-4654
-3842
-2660
-1410
-317
376
530
222
-237
-456
-240
272
389
-234
-851
-785
-80
570
1046
1955
3286
4160
4044
3922
4029
3671
2696
1363
-228
-1990
-3356
-3949
-4068
-5560
-7820
-6816
-2057
1341
-409
-3976
-4102
-41
3842
4575
4509
4923
3526
-223
-2299
-50
4189
7249
7965
7459
6844
5967
4779
4015
4088
4364
4296
2966
112
-3009
-5062
-5752
-5284
-3670
-1786
-702
-875
-1693
-1830
-612
1404
3191
4219
4229
3315
2031
947
576
1294
2446
2664
1433
-599
-2296
-2859
-2581
-2169
-1944
-1768
-1661
-2060
-3188
-4588
-5261
-4825
-3859
-3104
-2644
-2230
-1831
-1592
-1219
-157
1782
3762
4649
4559
3993
3321
2673
2108
1377
602
-30
-1005
-2298
-3430
-3999
-4210
-4307
-4518
-4753
-4628
-4248
-3604
-2488
-875
805
2262
3309
3750
3857
3839
3432
2369
867
-800
-2214
-2971
-3134
-2815
-2131
-1520
-1308
-1068
-395
354
629
229
-436
-694
-543
-398
-369
-752
-1216
-709
970
3126
4297
3884
2653
1578
528
-616
-821
-598
-1533
-3806
-4544
-2095
532
-779
-5174
-6431
-3061
494
881
214
1108
1949
1380
609
2541
5764
7177
6635
5529
5044
4486
4009
3564
3623
4253
4510
3766
1907
281
-264
481
1264
1373
950
-262
-2185
-4265
-5120
-4397
-2708
-1039
-33
384
274
25
231
1429
3387
5016
5184
3570
1367
-173
-731
-1001
-1461
-1771
-1727
-1812
-2811
-4126
-4456
-3324
-1711
-754
-973
-1899
-2672
-2711
-2026
-1102
-82
311
-158
-1307
-2281
-2311
-1379
92
1101
1580
1567
1283
1043
1127
1694
2394
2706
1906
338
-1091
-1883
-2220
-2297
-2085
-1914
-2019
-2603
-3186
-3088
-2199
-1048
-141
449
649
469
3
-396
-245
606
1539
1639
654
-777
-1586
-1501
-1286
-1427
-1647
-1205
-461
-111
-125
-230
-8
937
2087
2318
1362
-297
-1488
-1651
-1102
-1700
-3823
-4979
-3086
-173
-488
-3837
-5317
-2061
1828
2435
1195
1786
3164
2606
1021
1691
4696
6148
5624
4692
4703
4629
4167
3863
3844
4263
4275
3468
1808
506
374
1274
1930
1430
488
-374
-1387
-2239
-2224
-1191
-330
-443
-1221
-1762
-1546
-1312
-1193
-705
689
2049
2140
530
-1281
-1487
-107
1467
1986
1633
871
465
370
211
-414
-1313
-1728
-1739
-2244
-3500
-4479
-3999
-2713
-1936
-1900
-1914
-1331
-904
-772
-674
-140
478
558
163
-334
-364
-301
-129
126
712
1340
1416
1145
930
1240
1709
1989
1715
1157
520
-344
-952
-1265
-1296
-1569
-2232
-2978
-3403
-3196
-2494
-1429
-822
-765
-520
106
450
203
91
273
438
528
443
423
433
57
-579
-850
-697
-663
-518
-148
-972
-2901
-3898
-3873
-3768
-3929
-2897
-581
487
-1871
-5579
-4716
-287
2449
1706
557
1333
1279
-82
-663
1889
5396
6293
5684
4866
4474
3762
3912
5210
6546
7355
6118
3856
1818
1554
2534
3417
3256
1721
387
-1042
-2448
-3107
-2315
-917
-411
-996
-2349
-3244
-3275
-2507
-1083
406
1217
876
-161
-1302
-1459
-283
1242
2262
2285
1652
726
278
295
374
787
1401
1486
218
-1618
-2605
-1927
-585
-157
-805
-1862
-2657
-3425
-3901
-3357
-2268
-1668
-1815
-2046
-1994
-1583
-1025
-503
214
1014
1456
1072
437
365
912
1528
1640
1245
828
585
234
33
248
733
962
611
-182
-719
-490
173
523
220
-250
-701
-1207
-1984
-2515
-2060
-1440
-1367
-2109
-2712
-1899
-447
444
190
-234
-499
-642
-525
-468
-772
-1901
-3135
-4227
-4352
-2994
-1309
-1292
-3529
-5440
-4162
-799
627
-289
-853
456
1225
175
-276
1702
4269
4802
4547
4604
4715
4162
3983
4995
6221
6843
6048
4684
3760
3941
4753
4975
4203
3078
2472
1667
229
-1073
-1199
-459
-213
-890
-2265
-3547
-4174
-3897
-2680
-1363
-954
-1691
-2797
-3377
-2634
-948
469
863
390
-47
-204
-288
-407
-125
716
1328
803
-407
-983
-360
950
1812
1876
1416
517
-658
-1187
-809
-217
-68
-572
-1439
-2105
-2014
-1552
-1044
-494
27
176
-156
-561
-632
-135
450
810
870
628
180
-235
-224
195
594
582
204
-322
-733
-986
-867
-192
603
1007
675
-88
-726
-989
-799
-220
607
700
-245
-1518
-2103
-1675
-1423
-1534
-1909
-2320
-2994
-3619
-3659
-3911
-4216
-4672
-4437
-2815
-844
-631
-3009
-5214
-4545
-1723
-15
-434
-1132
-702
-465
-1350
-1465
764
3590
4640
4512
4343
4493
4691
5377
6700
7811
7776
6338
4695
3915
4428
5377
5415
4306
3085
2581
2137
1223
470
655
1284
956
-312
-1698
-2659
-2990
-2769
-2018
-1453
-1581
-2367
-3198
-3429
-2791
-1748
-1171
-1244
-1733
-1878
-1526
-841
150
1122
1604
1202
348
-59
333
971
1318
1348
1135
478
-625
-1431
-1440
-796
-79
21
-498
-1026
-1126
-954
-560
-17
486
670
475
241
82
225
555
678
476
185
57
53
138
263
352
373
356
472
570
401
78
-87
-28
-255
-863
-1219
-894
-170
-62
-1045
-2122
-2205
-1354
-746
-688
-1156
-1576
-1339
-1166
-1331
-1822
-1591
-1283
-1320
-1554
-2487
-3884
-5119
-3923
-1564
-1077
-3975
-7141
-5805
-2165
-1001
-3164
-4037
-1677
166
-504
-1378
363
2835
3491
3415
3707
4237
4204
4592
5887
7062
7279
5827
4125
3546
4696
6100
6175
5101
4098
4118
3872
2909
2086
2358
2728
1864
306
-1123
-2056
-2764
-3212
-3181
-2914
-2890
-3437
-4232
-4491
-3609
-2104
-1107
-1037
-1731
-2184
-1754
-560
340
288
-54
-163
44
157
101
3
405
1017
1114
714
259
374
982
1667
1646
928
156
-80
234
427
138
-498
-830
-859
-950
-1074
-1097
-880
-551
-418
-479
-404
-3
576
1045
1206
1202
1235
1384
1500
1363
1237
1242
1314
974
208
-385
-475
-53
271
59
-554
-905
-770
-530
-589
-928
-1418
-1642
-1678
-2165
-2787
-3109
-3145
-3286
-3284
-3276
-3922
-5198
-5653
-3492
-413
-684
-4724
-6966
-3725
409
273
-2291
-2562
-299
103
-1585
-1842
815
2909
2493
1907
1853
2286
2549
3574
5038
6414
6961
5669
4168
3977
5738
7258
6935
5280
4345
4588
4008
2601
1840
2359
2430
1012
-667
-1591
-1675
-1858
-2406
-2780
-2904
-2859
-3300
-4025
-4238
-3382
-2408
-2279
-2878
-3672
-3640
-2760
-1465
-862
-1021
-1358
-1337
-546
452
1011
1035
1206
1703
2063
1943
1442
1374
2005
2468
2231
1276
487
435
849
1008
574
109
-228
-281
-235
-116
-109
-162
-106
-159
-150
-256
-365
-402
-451
-490
-468
-247
-263
-479
-471
-153
268
394
302
276
511
793
981
1141
1163
956
631
718
1131
1192
563
-348
-845
-938
-941
-1205
-1724
-2190
-2578
-3055
-3668
-4134
-4351
-3368
-1585
-1850
-4955
-7386
-5282
-1646
-907
-2790
-3972
-2837
-2216
-2779
-2629
50
2386
1687
396
282
1673
2844
4015
4923
5400
5674
4801
3871
3914
5802
7376
6912
4910
3417
3904
4426
4157
3559
3622
3512
2117
339
-628
-99
588
244
-1064
-2431
-3137
-3572
-3939
-4250
-3680
-2912
-3339
-4755
-5788
-5233
-4237
-3583
-3220
-2529
-1953
-2462
-3085
-2308
-31
1463
1069
365
861
2018
2333
2029
2175
2791
3261
2751
1899
1711
2223
2502
2114
1731
1392
1163
777
557
551
577
287
-325
-366
-121
-68
-445
-927
-999
-650
-278
-371
-706
-702
-300
36
-91
-296
-75
485
726
550
425
429
520
365
256
622
936
582
-319
-970
-938
-484
-36
-387
-1182
-2016
-2745
-3226
-3269
-1809
-97
-303
-3501
-6527
-5287
-1884
-633
-2461
-3889
-2994
-2262
-3439
-4553
-2433
888
1542
182
-773
-145
1039
2506
3531
4224
4983
4603
3605
3230
4800
6628
7063
5865
4336
4346
4788
4577
3793
3762
3944
3160
1634
189
-146
76
121
-438
-1476
-2468
-3169
-3601
-3954
-3701
-3313
-3644
-4573
-5137
-4607
-4004
-3996
-4355
-3834
-2601
-2399
-3266
-3603
-2145
-442
-109
-989
-1311
-253
682
908
777
1106
1666
2108
2195
2002
2386
2905
3143
3065
3175
3133
2777
2632
2567
2569
2118
1344
717
842
1168
711
-78
-635
-665
-596
-622
-738
-852
-785
-738
-590
-475
-455
-478
-340
92
424
554
461
443
410
238
231
481
665
186
-471
-759
-455
-350
-1253
-2657
-3367
-2344
-733
-521
-2722
-5017
-4742
-2192
-508
-1581
-3190
-3475
-2275
-2008
-2434
-2120
-870
-111
-921
-1221
-881
269
1019
1737
2297
2341
2243
1591
1978
3185
4983
5422
4422
3360
3420
4798
5416
5403
5006
4902
4262
3006
2375
2536
3043
2397
946
-436
-899
-783
-1267
-2189
-3007
-2835
-2794
-3622
-4785
-5245
-4427
-3594
-3460
-4334
-4879
-4572
-3770
-3134
-3053
-2969
-2770
-2164
-1885
-1720
-1356
-843
-559
-277
525
1003
945
718
1030
1657
2294
2460
2169
2214
2592
2849
2679
2514
2356
2448
2552
2172
1579
1249
1201
1055
1109
1087
700
222
-88
-102
141
376
195
-136
-379
-568
-577
-303
-64
-67
-248
-543
-671
-558
-261
-44
7
-253
-690
-819
-565
-31
-14
-600
-1377
-1913
-1906
-1192
50
-88
-1852
-3457
-3079
-1163
-139
-773
-2204
-2406
-1824
-1760
-1726
-1077
28
-205
-990
-1195
-430
677
1171
1510
1411
1763
1883
1857
2092
2915
4018
3918
3220
2349
2727
3738
4268
3787
2933
2722
2372
2113
1926
2136
1997
1243
334
-279
-94
117
-105
-1051
-1747
-1617
-1397
-1750
-2603
-2997
-2939
-2678
-2717
-3214
-3782
-4128
-3875
-3324
-2769
-2928
-3594
-3863
-3193
-2042
-1481
-1616
-1950
-1673
-895
-83
292
362
528
854
1178
1432
1823
2144
2215
2049
2012
2174
2346
2372
2309
2238
2048
1758
1433
1303
1410
1555
1406
874
367
218
454
679
531
93
-322
-508
-491
-249
-57
-203
-656
-1042
-980
-586
-300
-468
-763
-836
-701
-520
-364
-320
-430
-409
-214
143
404
222
-384
-851
-588
212
1054
910
-273
-1495
-1395
-150
616
413
-509
-1021
-1124
-942
-794
-438
103
-131
-783
-1265
-829
-310
132
274
143
103
18
121
236
902
1468
1670
1439
1133
1326
1828
2341
2324
2315
2331
2223
1949
1800
1962
2018
1908
1556
1268
1062
998
899
407
-84
-281
-257
-542
-1067
-1577
-1880
-1939
-2083
-2348
-2655
-2733
-2779
-2852
-2946
-3035
-2982
-2895
-2750
-2637
-2473
-2410
-2438
-2235
-1727
-1099
-879
-1009
-1032
-605
24
387
523
561
798
1099
1355
1511
1722
2002
2078
2029
1936
2075
2199
2126
1828
1541
1473
1466
1364
1035
771
636
519
197
-102
-83
47
52
-236
-590
-714
-483
-164
-36
-42
-209
-502
-595
-249
167
270
97
-169
-333
-252
70
366
495
306
-52
-203
18
405
522
341
16
-23
315
541
283
-189
-148
233
332
-56
-459
-473
-491
-685
-884
-706
-562
-753
-924
-890
-640
-466
-299
-296
-242
-75
90
197
333
647
785
734
580
699
980
1089
957
867
988
1000
881
795
920
985
800
525
442
571
618
434
53
-232
-257
-116
-55
-203
-487
-799
-959
-912
-715
-682
-986
-1407
-1597
-1479
-1317
-1302
-1484
-1567
-1495
-1448
-1514
-1425
-1095
-873
-872
-964
-951
-795
-493
-216
-24
46
24
19
171
463
710
825
759
640
597
692
799
861
913
902
744
555
545
703
809
768
633
505
474
458
449
403
379
338
285
209
111
55
-5
-14
25
145
208
130
28
40
155
328
529
520
328
247
431
641
714
642
472
385
434
518
556
551
413
191
54
38
120
252
152
-242
-562
-436
-138
-123
-346
-596
-732
-827
-772
-624
-561
-716
-993
-1096
-977
-758
-738
-883
-983
-876
-673
-584
-621
-556
-312
-139
-217
-330
-162
182
383
296
174
208
369
481
572
694
747
656
527
610
820
926
752
453
271
367
548
503
236
-5
-27
27
18
-71
-129
-162
-236
-333
-373
-357
-401
-476
-547
-545
-506
-503
-544
-592
-578
-530
-438
-407
-421
-436
-407
-333
-284
-172
-83
-48
-85
-45
105
246
348
383
376
317
341
449
540
519
419
341
310
308
316
336
353
315
185
90
127
268
392
446
355
146
21
120
343
471
439
296
169
127
179
279
346
330
266
191
121
106
121
109
97
117
80
-67
-217
-234
-111
-11
-94
-289
-387
-342
-286
-303
-335
-353
-386
-448
-512
-544
-523
-479
-499
-621
-747
-759
-655
-511
-444
-496
-589
-600
-486
-303
-121
-30
-44
-86
-53
101
312
469
510
472
425
432
500
609
697
671
543
423
392
450
540
598
546
404
295
307
416
474
390
232
115
72
61
11
-117
-244
-313
-355
-413
-464
-512
-593
-672
-682
-619
-561
-570
-638
-657
-584
-485
-428
-384
-304
-242
-225
-198
-65
118
229
221
153
147
250
411
510
502
408
327
326
424
550
599
533
420
363
397
508
597
604
521
403
332
339
433
504
449
266
92
23
34
52
27
-51
-180
-312
-390
-392
-393
-420
-479
-546
-591
-617
-626
-638
-632
-620
-579
-541
-527
-518
-467
-375
-316
-291
-262
-187
-117
-103
-114
-91
-12
82
135
105
64
102
222
332
367
352
316
316
377
479
536
503
430
373
360
357
364
374
353
285
209
188
186
170
154
145
98
5
-58
-39
-11
-46
-142
-220
-244
-229
-223
-262
-301
-318
-308
-305
-307
-300
-283
-272
-250
-209
-195
-244
-318
-321
-273
-246
-287
-335
-342
-325
-303
-270
-212
-142
-73
-35
-12
38
141
262
338
365
371
389
432
498
558
578
554
512
494
529
569
554
483
438
465
501
465
367
296
301
343
336
253
162
108
70
19
-20
-26
-59
-164
-313
-419
-456
-455
-461
-528
-654
-785
-861
-854
-788
-746
-785
-867
-907
-846
-712
-584
-529
-531
-526
-464
-348
-219
-114
-43
0
32
76
156
287
423
492
479
451
491
590
680
711
702
687
682
708
747
770
756
703
649
603
560
526
496
457
419
382
306
189
79
26
-3
-55
-150
-268
-372
-442
-473
-499
-524
-542
-562
-607
-655
-655
-601
-553
-548
-579
-622
-641
-616
-549
-473
-435
-448
-466
-434
-346
-246
-180
-149
-111
-34
70
162
219
267
318
376
420
449
477
509
533
546
554
565
579
585
588
582
571
560
548
529
488
439
389
370
377
366
297
178
77
32
28
8
-51
-130
-205
-252
-282
-311
-337
-361
-398
-444
-484
-499
-494
-499
-514
-527
-535
-532
-509
-468
-426
-408
-423
-451
-453
-408
-346
-310
-301
-295
-276
-231
-178
-129
-69
4
69
106
138
195
276
348
406
449
476
487
505
542
580
606
617
606
567
534
524
516
475
427
407
394
340
250
195
181
175
128
61
-1
-52
-88
-120
-153
-195
-232
-276
-327
-375
-397
-403
-437
-499
-560
-588
-599
-600
-594
-589
-596
-602
-571
-499
-417
-344
-286
-249
-226
-178
-92
1
63
101
134
160
186
231
296
359
390
401
407
422
445
466
483
505
533
544
537
520
503
485
472
454
409
355
323
322
313
263
176
90
23
-19
-43
-65
-110
-187
-281
-363
-394
-386
-374
-398
-455
-503
-520
-513
-499
-480
-466
-468
-480
-466
-411
-345
-305
-294
-292
-283
-245
-168
-78
-27
-29
-40
-21
43
141
236
271
239
192
195
257
329
372
384
378
355
337
351
395
433
432
389
334
289
261
237
215
185
138
88
47
18
-7
-34
-72
-126
-174
-193
-190
-192
-200
-209
-213
-211
-192
-167
-161
-175
-186
-185
-190
-222
-247
-241
-228
-233
-240
-235
-229
-222
-210
-182
-160
-160
-172
-177
-158
-123
-82
-54
-43
-22
18
66
111
150
183
213
239
256
279
310
336
348
350
360
391
424
437
428
403
374
354
336
324
311
273
214
167
139
103
54
-1
-53
-99
-138
-183
-234
-285
-320
-340
-352
-354
-352
-371
-410
-432
-421
-396
-371
-352
-356
-371
-375
-345
-281
-213
-159
-127
-111
-89
-40
23
78
111
129
145
173
218
262
295
316
331
346
362
368
358
349
358
367
346
296
251
214
191
169
146
123
80
23
-29
-66
-78
-78
-79
-92
-127
-178
-220
-231
-213
-194
-197
-242
-304
-344
-344
-319
-291
-280
-287
-301
-311
-295
-253
-198
-149
-114
-104
-105
-79
-15
66
126
155
165
173
187
207
222
218
194
164
142
127
108
98
96
103
109
107
108
120
143
163
164
153
135
128
146
180
206
198
172
153
154
157
144
124
93
56
14
-7
-5
-8
-19
-35
-50
-60
-68
-66
-70
-94
-142
-190
-217
-212
-193
-197
-239
-291
-316
-317
-303
-290
-287
-299
-312
-308
-280
-233
-181
-126
-83
-58
-33
5
59
118
169
203
226
246
260
275
293
313
331
356
377
373
347
319
306
312
322
314
276
219
155
103
68
34
-12
-66
-125
-174
-214
-239
-247
-243
-242
-258
-283
-297
-284
-251
-226
-228
-254
-274
-273
-254
-226
-203
-197
-199
-193
-175
-151
-125
-89
-54
-24
4
25
40
56
87
121
140
136
130
132
146
161
165
168
176
183
185
178
164
160
164
171
172
157
143
132
130
129
124
108
99
107
121
117
82
44
27
36
55
56
33
-2
-30
-42
-52
-65
-84
-98
-115
-140
-165
-175
-164
-140
-119
-121
-137
-147
-132
-99
-66
-59
-70
-79
-68
-49
-36
-35
-36
-27
-13
-11
-24
-38
-38
-21
-1
11
10
7
12
28
45
56
58
56
56
66
82
93
96
92
80
67
57
57
68
79
66
29
-15
-38
-31
-9
8
8
-10
-29
-36
-29
-19
-15
-18
-32
-55
-85
-103
-102
-92
-91
-106
-128
-138
-133
-120
-106
-101
-100
-90
-65
-29
6
29
39
53
74
93
106
119
134
146
144
127
108
98
99
109
116
110
90
64
46
42
45
46
47
42
30
9
-12
-21
-15
-13
-23
-40
-45
-42
-40
-41
-44
-48
-48
-40
-29
-20
-26
-37
-43
-33
-15
2
12
18
20
22
24
25
23
22
21
16
3
-11
-23
-30
-38
-50
-63
-64
-59
-54
-53
-57
-64
-66
-58
-43
-28
-22
-20
-10
8
27
34
31
27
34
46
55
51
38
27
24
30
37
38
36
29
17
6
4
8
6
-1
-8
-10
-10
-11
-11
-8
-7
-14
-25
-36
-39
-40
-38
-41
-45
-48
-48
-43
-32
-17
-2
8
13
11
14
26
41
55
62
64
59
53
47
45
44
41
37
32
26
16
7
-4
-11
-15
-18
-18
-19
-20
-21
-18
-15
-17
-21
-19
-14
-7
-7
-7
-3
2
4
3
0
0
0
1
6
5
0
-4
-3
0
6
13
18
19
17
13
13
17
25
31
27
15
3
-3
-5
-8
-13
-16
-20
-30
-41
-45
-42
-32
-28
-30
-32
-30
-25
-20
-18
-18
-17
-14
-8
-1
1
1
0
-1
0
1
5
6
3
0
-1
-1
-4
-4
-3
2
7
7
6
6
4
1
2
2
5
5
2
-2
0
4
8
11
14
15
13
6
0
-2
3
14
20
22
20
19
17
15
14
14
17
21
21
17
13
12
19
28
32
28
24
21
18
14
11
11
13
16
12
8
4
1
1
-1
-1
-4
-7
-8
-8
-9
-11
-14
-16
-19
-22
-25
-28
-33
-38
-44
-49
-49
-46
-41
-36
-35
-36
-34
-30
-27
-21
-16
-13
-12
-9
-4
1
4
7
8
9
10
8
8
10
13
14
15
16
18
19
20
21
19
15
11
7
3
1
0
2
3
6
9
9
10
10
13
15
14
10
7
5
4
6
5
2
2
0
-1
-5
-10
-14
-15
-13
-9
-6
-4
-2
-3
-1
1
1
2
4
3
-1
-5
-6
-6
-4
-4
-4
-2
-2
-4
-7
-9
-8
-5
-3
-1
0
1
3
6
10
15
16
15
16
19
21
20
18
18
19
20
18
12
8
9
11
10
12
13
14
13
12
10
11
14
15
13
9
7
2
-2
-8
-11
-11
-13
-14
-15
-18
-22
-26
-28
-28
-24
-21
-20
-21
-24
-24
-20
-17
-13
-13
-15
-12
-11
-9
-11
-11
-8
-6
-2
1
1
-2
-4
-7
-7
-5
-6
-7
-9
-9
-12
-12
-9
-4
0
3
3
3
4
5
4
5
4
4
3
2
2
0
0
-1
0
3
5
7
8
7
6
5
7
11
15
17
17
14
12
11
10
11
12
9
8
7
9
10
12
14
17
22
25
27
28
26
26
26
23
21
17
14
11
7
2
-3
-5
-6
-7
-9
-10
-11
-9
-9
-9
-8
-8
-7
-7
-7
-7
-8
-10
-13
-14
-16
-18
-21
-24
-25
-22
-22
-23
-24
-24
-22
-17
-14
-13
-13
-10
-7
-3
-2
-3
-4
-4
-4
-4
-5
-5
-5
-3
-5
-8
-10
-10
-7
-5
-2
2
4
5
6
7
11
16
19
21
23
22
20
20
20
20
17
12
8
7
7
6
3
-3
-6
-5
-2
-2
-4
-6
-7
-6
-4
1
5
8
10
10
8
6
5
3
1
-1
-4
-7
-10
-13
-13
-14
-15
-12
-7
-3
-1
-1
0
3
7
9
12
15
16
17
18
16
14
10
6
3
1
-1
-5
-8
-9
-10
-8
-8
-8
-5
-3
-1
1
4
7
9
8
6
5
5
3
1
0
-2
-4
-10
-14
-16
-15
-16
-15
-15
-13
-11
-10
-8
-3
1
4
6
9
12
15
15
15
13
10
4
1
-2
-5
-9
-12
-12
-14
-15
-18
-15
-11
-7
-4
-1
3
6
12
16
16
16
14
10
7
5
4
2
-3
-8
-13
-18
-20
-18
-16
-15
-15
-16
-15
-12
-9
-6
-5
-2
-1
1
4
4
5
5
4
3
2
-1
-2
-3
-6
-5
-4
-5
-5
-3
-1
3
6
9
13
16
20
22
25
25
26
28
28
28
25
23
20
18
15
11
8
5
5
3
4
2
0
0
0
2
6
9
11
10
11
9
10
9
7
4
2
-1
-5
-8
-12
-18
-23
-25
-26
-24
-22
-22
-25
-26
-28
-25
-21
-18
-16
-16
-16
-16
-15
-15
-14
-14
-14
-13
-14
-16
-16
-16
-13
-10
-8
-4
-2
1
4
7
9
10
11
13
14
17
16
15
13
12
10
11
13
14
13
9
7
6
7
9
11
13
13
12
13
13
11
10
10
9
8
6
5
1
-3
-4
-4
-4
-4
-4
-5
-8
-7
-6
-6
-6
-6
-5
-6
-6
-5
-4
-4
-3
-3
-3
-3
-5
-5
-6
-6
-7
-7
-8
-9
-9
-6
-4
-2
-1
0
-1
0
1
3
4
4
3
2
4
5
4
4
3
3
0
-1
0
2
3
1
1
3
4
7
9
10
10
12
11
11
10
7
3
2
1
-1
-1
-3
-4
-5
-5
-6
-4
-2
-1
2
3
3
3
2
3
4
5
4
2
0
-4
-4
-5
-8
-7
-10
-11
-10
-8
-7
-5
-3
0
1
3
5
7
6
6
6
7
7
6
3
0
-4
-8
-11
-12
-12
-13
-16
-17
-17
-17
-16
-13
-9
-4
-1
1
2
2
2
3
3
3
3
3
0
-2
-2
-2
-1
-2
-5
-4
-2
0
0
3
5
7
11
14
17
18
20
21
22
23
22
21
20
18
16
13
11
6
4
0
-3
-5
-7
-9
-12
-14
-14
-14
-10
-6
-3
-4
-2
2
4
5
6
5
5
5
4
1
-3
-7
-10
-12
-14
-17
-18
-19
-19
-17
-13
-8
-3
-1
-1
0
1
1
2
1
2
0
-1
-3
-5
-5
-5
-4
-4
-6
-7
-8
-7
-7
-7
-4
-2
1
4
5
8
9
12
13
14
15
16
17
17
16
16
13
11
7
4
3
0
-1
-3
-3
-4
-5
-4
-3
-1
3
3
2
2
0
1
0
0
0
0
-2
-4
-6
-7
-9
-11
-11
-11
-11
-9
-7
-6
-2
1
4
5
4
3
4
3
1
0
-2
-3
-2
-3
-5
-6
-8
-9
-10
-10
-10
-9
-9
-8
-7
-5
-4
-2
1
4
7
8
9
10
11
14
14
15
14
16
17
15
12
10
7
8
7
7
6
4
2
1
1
1
2
4
5
6
4
4
2
-1
-1
-3
-6
-10
-13
-14
-16
-15
-13
-11
-9
-9
-8
-8
-5
-1
2
5
8
10
12
13
12
13
13
12
9
5
3
0
-2
-3
-6
-8
-9
-11
-12
-14
-16
-15
-13
-13
-11
-11
-10
-11
-10
-8
-7
-5
-4
-4
-5
-7
-8
-7
-6
-4
-3
-1
-2
-4
-5
-4
-3
0
1
3
3
5
6
6
6
6
6
8
7
9
9
9
8
9
10
11
13
12
13
13
13
12
13
12
11
10
9
7
7
6
6
6
7
7
6
5
2
-1
-1
-2
-5
-6
-8
-9
-9
-12
-13
-13
-14
-14
-14
-15
-14
-14
-14
-13
-13
-12
-10
-6
-3
-1
-2
-4
-4
-4
-3
-2
-1
0
0
-2
-2
1
0
5
9
11
13
14
15
15
15
17
19
20
18
13
10
9
11
11
10
7
4
1
2
6
10
14
15
14
9
4
4
5
5
1
-3
-8
-12
-16
-16
-16
-17
-19
-20
-19
-20
-22
-20
-18
-18
-19
-22
-23
-22
-19
-16
-12
-10
-9
-7
-8
-6
-7
-7
-5
-2
2
6
8
8
8
7
4
6
10
14
15
13
10
5
3
7
12
17
20
21
18
13
8
8
8
9
7
5
1
-2
-6
-12
-14
-14
-15
-13
-10
-9
-9
-8
-9
-10
-7
-7
-2
3
8
8
8
10
14
23
29
27
23
17
9
-2
-7
-4
3
11
19
22
18
12
10
9
12
13
8
0
-8
-10
-8
-6
-6
-10
-18
-23
-25
-26
-30
-37
-38
-29
-19
-13
-10
-3
4
11
13
11
5
-4
-12
-20
-21
-16
-11
-4
0
0
-14
-33
-42
-41
-28
-11
7
16
15
8
2
10
30
55
69
74
68
46
25
14
12
21
29
23
17
8
-2
-8
-7
-4
0
4
12
19
21
13
1
2
11
19
34
52
53
28
-19
-64
-91
-94
-80
-61
-48
-56
-83
-96
-80
-63
-48
-32
-16
-18
-26
-24
-16
-3
15
33
44
59
79
90
87
70
41
8
-4
1
18
29
11
-24
-55
-68
-58
-20
24
36
4
-52
-91
-63
29
133
179
155
75
-50
-140
-74
111
225
200
107
-100
-435
-597
-319
169
453
451
276
-52
-419
-527
-216
335
701
654
316
-106
-508
-658
-300
296
617
524
224
-211
-637
-685
-285
196
422
377
80
-359
-646
-521
-116
270
482
428
88
-335
-492
-304
30
333
483
360
-9
-349
-408
-198
118
368
396
161
-186
-420
-426
-209
105
332
321
117
-117
-263
-249
-54
223
373
308
114
-90
-224
-216
-74
100
197
168
27
-143
-224
-166
-37
78
140
121
26
-85
-106
-42
57
123
136
94
-10
-106
-123
-44
39
84
67
-5
-96
-166
-160
-79
33
92
83
25
-52
-108
-93
-5
90
153
155
94
-5
-65
-51
-12
45
108
119
49
-30
-88
-116
-92
-25
40
62
33
-26
-77
-97
-83
-32
33
84
98
73
27
-13
-21
2
33
56
56
24
-30
-78
-96
-79
-42
-22
-21
-17
-10
-19
-16
18
52
68
58
44
31
27
28
29
27
7
-16
-25
-24
-26
-21
-21
-53
-69
-41
-16
-21
-6
-1
-48
-92
-65
8
56
80
79
39
-48
-107
-67
33
111
132
102
6
-116
-153
-76
32
110
140
90
-27
-125
-120
-32
71
149
166
88
-47
-115
-79
-5
66
134
136
27
-101
-134
-79
-6
66
114
80
-34
-128
-135
-79
9
93
105
24
-71
-110
-96
-39
52
115
80
-14
-79
-94
-94
-50
32
61
6
-49
-58
-59
-47
3
47
36
-4
-28
-31
-12
17
30
32
31
10
-25
-19
17
39
47
54
32
-8
-18
1
28
62
93
78
26
-6
-9
-7
-4
18
30
9
-27
-39
-22
-4
5
1
-9
-23
-27
-15
9
25
17
-9
-38
-52
-38
1
40
53
34
-5
-43
-63
-50
-3
48
64
37
-14
-57
-80
-75
-36
13
32
17
-12
-45
-62
-46
-1
47
72
64
27
-15
-40
-44
-14
31
49
36
17
-4
-25
-30
-7
21
32
32
22
-2
-29
-28
-4
14
26
39
37
8
-25
-27
-12
3
21
39
27
-15
-48
-53
-38
-11
24
41
23
-13
-42
-52
-38
-2
34
44
21
-10
-29
-25
-9
20
46
41
12
-13
-17
-11
-3
7
10
-1
-13
-8
7
12
4
-7
-18
-27
-24
-6
15
19
7
-4
-11
-16
-3
23
36
24
0
-22
-37
-31
-6
16
15
-1
-18
-28
-23
1
27
40
31
10
-12
-25
-21
3
31
44
33
8
-13
-17
4
37
61
55
21
-20
-48
-46
-15
26
50
46
15
-28
-54
-42
-2
38
57
43
2
-40
-56
-37
0
24
26
6
-31
-62
-62
-26
19
49
53
29
-10
-43
-49
-28
4
23
16
-10
-41
-58
-51
-25
1
13
-1
-31
-57
-62
-36
5
39
46
25
-5
-25
-22
1
31
45
37
12
-12
-21
-6
22
43
44
25
0
-16
-16
1
22
33
26
13
1
-7
-7
2
13
14
5
-4
-8
-3
5
15
19
17
9
5
5
9
15
24
27
20
7
-3
-6
-2
6
9
8
-2
-17
-27
-32
-28
-20
-13
-15
-21
-22
-17
-7
5
12
12
4
-9
-13
-12
-6
4
12
12
5
-3
-6
-5
-2
-2
-7
-15
-21
-23
-16
-5
6
11
6
-3
-14
-23
-24
-17
-7
2
7
5
1
-2
3
12
21
26
27
21
12
4
5
12
17
21
21
17
10
7
7
5
2
0
-6
-12
-17
-14
-6
0
2
-1
-6
-11
-12
-6
0
6
8
4
-3
-10
-14
-13
-6
6
12
10
0
-11
-18
-18
-13
-5
1
3
3
-2
-9
-11
-9
-8
-12
-18
-22
-22
-18
-10
-3
2
1
-1
-2
2
8
18
26
30
29
26
23
19
19
23
25
19
8
-7
-19
-24
-20
-9
-3
-1
-2
-5
-3
5
17
24
26
22
13
4
-1
0
2
7
7
0
-12
-21
-23
-20
-12
-4
-1
-4
-9
-9
-7
1
11
20
20
13
3
-5
-9
-10
-9
-7
-8
-10
-12
-14
-15
-14
-11
-8
-9
-10
-10
-7
-3
6
13
18
18
14
10
8
7
6
3
-3
-10
-15
-18
-16
-10
-4
0
0
-3
-5
-7
-5
-2
2
7
7
2
-5
-8
-8
-5
0
4
4
4
2
2
4
6
9
11
13
13
12
12
9
7
4
-1
-8
-13
-16
-13
-8
-2
1
1
0
-1
2
4
9
16
18
19
18
15
11
9
7
6
4
2
-2
-9
-16
-20
-19
-17
-11
-5
0
3
5
4
3
4
4
1
-3
-3
-3
-4
-6
-11
-13
-14
-16
-17
-16
-13
-10
-6
-4
-2
0
5
9
15
19
21
19
15
9
4
0
-4
-5
-3
-2
-2
-4
-5
-5
-4
-3
1
2
4
7
9
9
9
6
4
2
0
-1
-1
-3
-7
-11
-14
-14
-9
-4
3
9
14
15
13
8
4
-1
-4
-5
-5
-3
-4
-7
-10
-12
-13
-10
-5
-1
2
4
5
7
10
11
14
15
16
16
13
7
1
-6
-14
-19
-23
-25
-21
-17
-10
-6
-3
0
5
9
12
14
15
16
17
17
13
7
0
-6
-11
-13
-15
-14
-15
-17
-17
-17
-14
-9
-3
5
10
15
16
15
11
7
1
-3
-4
-3
-1
-3
-6
-10
-13
-12
-11
-8
-1
4
10
14
17
18
19
20
19
17
16
13
8
4
-1
-8
-14
-16
-14
-8
-2
4
5
6
5
5
6
6
7
7
8
11
10
7
1
-4
-7
-7
-6
-8
-10
-11
-15
-15
-15
-13
-9
-6
-2
1
2
1
1
-2
-5
-8
-9
-8
-7
-6
-7
-8
-9
-9
-7
-3
0
3
7
8
10
10
10
10
11
11
11
8
4
0
-3
-6
-8
-7
-4
1
7
10
10
9
8
9
9
10
9
7
4
3
2
0
-4
-8
-12
-13
-12
-11
-12
-11
-11
-8
-6
-1
4
9
11
13
13
11
9
5
1
-2
-4
-4
-3
-2
-2
-4
-7
-10
-11
-7
-4
-1
1
4
4
5
4
3
4
3
5
3
0
-2
-5
-8
-9
-8
-6
1
6
12
13
11
8
8
8
7
6
3
2
1
-1
-2
-6
-11
-14
-14
-13
-13
-12
-12
-11
-10
-8
-5
-2
4
8
9
9
8
7
5
4
3
2
2
3
5
5
5
2
-1
-2
-2
-1
1
1
2
2
3
2
2
1
2
1
-1
-4
-6
-6
-7
-6
-8
-5
-1
3
6
8
7
6
4
4
4
3
2
