-16.000000
-11.000000
-6.000000
-10.000000
-8.000000
-12.000000
-13.000000
-14.000000
-22.000000
-8.000000
-5.000000
-4.000000
9.000000
7.000000
6.000000
11.000000
17.000000
18.000000
18.000000
25.000000
21.000000
23.000000
26.000000
25.000000
20.000000
18.000000
16.000000
20.000000
22.000000
17.000000
16.000000
23.000000
15.000000
8.000000
5.000000
2.000000
5.000000
8.000000
7.000000
7.000000
3.000000
8.000000
4.000000
4.000000
13.000000
9.000000
8.000000
17.000000
14.000000
9.000000
18.000000
5.000000
16.000000
13.000000
7.000000
16.000000
16.000000
22.000000
18.000000
14.000000
17.000000
26.000000
22.000000
23.000000
33.000000
28.000000
22.000000
23.000000
26.000000
20.000000
19.000000
25.000000
19.000000
8.000000
6.000000
5.000000
-4.000000
-5.000000
-8.000000
-12.000000
-30.000000
-25.000000
-20.000000
-31.000000
-30.000000
-35.000000
-29.000000
-33.000000
-26.000000
-34.000000
-29.000000
-20.000000
-24.000000
-24.000000
-24.000000
-23.000000
-23.000000
-22.000000
-26.000000
-20.000000
-28.000000
-27.000000
-16.000000
-21.000000
-26.000000
-27.000000
-22.000000
-16.000000
-26.000000
-27.000000
-16.000000
-19.000000
-11.000000
-11.000000
-13.000000
-13.000000
-8.000000
-8.000000
-11.000000
-14.000000
-14.000000
-3.000000
-9.000000
-10.000000
-6.000000
-10.000000
-15.000000
-2.000000
-8.000000
-5.000000
-6.000000
-3.000000
4.000000
-6.000000
7.000000
9.000000
7.000000
9.000000
10.000000
19.000000
21.000000
20.000000
29.000000
16.000000
21.000000
23.000000
23.000000
34.000000
29.000000
35.000000
35.000000
35.000000
33.000000
24.000000
26.000000
31.000000
22.000000
25.000000
23.000000
22.000000
24.000000
14.000000
17.000000
17.000000
14.000000
15.000000
17.000000
20.000000
11.000000
15.000000
12.000000
10.000000
10.000000
9.000000
15.000000
20.000000
15.000000
19.000000
21.000000
16.000000
18.000000
10.000000
16.000000
18.000000
17.000000
15.000000
15.000000
19.000000
17.000000
20.000000
12.000000
10.000000
17.000000
19.000000
11.000000
6.000000
2.000000
-1.000000
-5.000000
-9.000000
-4.000000
-16.000000
-15.000000
-24.000000
-25.000000
-20.000000
-32.000000
-36.000000
-36.000000
-31.000000
-38.000000
-33.000000
-45.000000
-51.000000
-45.000000
-43.000000
-41.000000
-43.000000
-40.000000
-46.000000
-43.000000
-37.000000
-40.000000
-33.000000
-30.000000
-32.000000
-37.000000
-27.000000
-22.000000
-24.000000
-13.000000
-11.000000
-21.000000
-19.000000
-11.000000
-13.000000
-9.000000
-13.000000
-7.000000
3.000000
-3.000000
-1.000000
-1.000000
1.000000
11.000000
8.000000
6.000000
11.000000
2.000000
11.000000
12.000000
10.000000
8.000000
1.000000
5.000000
3.000000
5.000000
8.000000
3.000000
4.000000
8.000000
13.000000
18.000000
16.000000
15.000000
21.000000
25.000000
26.000000
27.000000
23.000000
26.000000
26.000000
24.000000
25.000000
16.000000
27.000000
25.000000
19.000000
24.000000
23.000000
17.000000
22.000000
21.000000
19.000000
26.000000
34.000000
38.000000
35.000000
33.000000
29.000000
24.000000
24.000000
18.000000
23.000000
35.000000
28.000000
36.000000
30.000000
33.000000
36.000000
26.000000
24.000000
27.000000
37.000000
27.000000
22.000000
17.000000
18.000000
10.000000
6.000000
11.000000
20.000000
14.000000
13.000000
11.000000
0.000000
-1.000000
0.000000
4.000000
0.000000
0.000000
-2.000000
-19.000000
-22.000000
-25.000000
-24.000000
-30.000000
-34.000000
-35.000000
-41.000000
-49.000000
-48.000000
-42.000000
-48.000000
-38.000000
-42.000000
-42.000000
-48.000000
-50.000000
-41.000000
-39.000000
-35.000000
-43.000000
-29.000000
-31.000000
-34.000000
-22.000000
-31.000000
-29.000000
-23.000000
-15.000000
-21.000000
-29.000000
-26.000000
-22.000000
-20.000000
-27.000000
-22.000000
-24.000000
-23.000000
-31.000000
-28.000000
-27.000000
-43.000000
-35.000000
-24.000000
-29.000000
-23.000000
-9.000000
-14.000000
-20.000000
-11.000000
-13.000000
-14.000000
-14.000000
-15.000000
-14.000000
-10.000000
-15.000000
-9.000000
-8.000000
-5.000000
1.000000
-4.000000
-2.000000
4.000000
11.000000
10.000000
17.000000
24.000000
23.000000
21.000000
24.000000
32.000000
28.000000
29.000000
36.000000
35.000000
37.000000
33.000000
39.000000
39.000000
47.000000
41.000000
39.000000
37.000000
33.000000
36.000000
36.000000
45.000000
40.000000
37.000000
44.000000
39.000000
36.000000
41.000000
38.000000
42.000000
41.000000
42.000000
37.000000
33.000000
37.000000
30.000000
35.000000
38.000000
30.000000
29.000000
25.000000
24.000000
33.000000
21.000000
24.000000
26.000000
12.000000
16.000000
17.000000
11.000000
15.000000
17.000000
11.000000
6.000000
-3.000000
-5.000000
-4.000000
-10.000000
-9.000000
-8.000000
-19.000000
-23.000000
-29.000000
-38.000000
-40.000000
-35.000000
-37.000000
-27.000000
-36.000000
-36.000000
-33.000000
-41.000000
-35.000000
-38.000000
-35.000000
-41.000000
-42.000000
-43.000000
-34.000000
-39.000000
-41.000000
-33.000000
-29.000000
-24.000000
-21.000000
-22.000000
-16.000000
-17.000000
-27.000000
-17.000000
-22.000000
-22.000000
-27.000000
-23.000000
-21.000000
-15.000000
-20.000000
-22.000000
-21.000000
-30.000000
-28.000000
-27.000000
-29.000000
-35.000000
-35.000000
-28.000000
-27.000000
-26.000000
-27.000000
-30.000000
-28.000000
-27.000000
-23.000000
-20.000000
-13.000000
-10.000000
-13.000000
-7.000000
-18.000000
-17.000000
-2.000000
-7.000000
1.000000
6.000000
6.000000
10.000000
13.000000
32.000000
31.000000
28.000000
24.000000
25.000000
26.000000
37.000000
35.000000
35.000000
45.000000
47.000000
47.000000
46.000000
47.000000
48.000000
51.000000
43.000000
51.000000
48.000000
48.000000
51.000000
38.000000
41.000000
40.000000
39.000000
37.000000
41.000000
40.000000
37.000000
31.000000
30.000000
38.000000
25.000000
28.000000
28.000000
24.000000
22.000000
16.000000
19.000000
18.000000
17.000000
10.000000
17.000000
15.000000
13.000000
11.000000
-1.000000
5.000000
5.000000
4.000000
6.000000
0.000000
4.000000
2.000000
-12.000000
-13.000000
-11.000000
-25.000000
-18.000000
-8.000000
-22.000000
-33.000000
-36.000000
-26.000000
-28.000000
-23.000000
-29.000000
-37.000000
-39.000000
-42.000000
-41.000000
-42.000000
-38.000000
-37.000000
-36.000000
-39.000000
-43.000000
-41.000000
-38.000000
-47.000000
-46.000000
-47.000000
-53.000000
-45.000000
-47.000000
-41.000000
-42.000000
-34.000000
-30.000000
-44.000000
-44.000000
-42.000000
-40.000000
-32.000000
-24.000000
-27.000000
-26.000000
-33.000000
-29.000000
-30.000000
-26.000000
-19.000000
-24.000000
-14.000000
-20.000000
-14.000000
-10.000000
-19.000000
-10.000000
-9.000000
5.000000
-2.000000
-3.000000
5.000000
3.000000
6.000000
8.000000
12.000000
9.000000
20.000000
12.000000
18.000000
30.000000
20.000000
18.000000
21.000000
29.000000
39.000000
41.000000
41.000000
40.000000
43.000000
49.000000
51.000000
48.000000
50.000000
50.000000
44.000000
46.000000
50.000000
48.000000
48.000000
44.000000
41.000000
48.000000
51.000000
48.000000
46.000000
45.000000
39.000000
35.000000
37.000000
39.000000
38.000000
39.000000
31.000000
25.000000
23.000000
21.000000
24.000000
23.000000
18.000000
18.000000
17.000000
23.000000
22.000000
19.000000
13.000000
7.000000
9.000000
6.000000
-1.000000
3.000000
-2.000000
-5.000000
-2.000000
0.000000
-16.000000
-24.000000
-24.000000
-26.000000
-30.000000
-37.000000
-26.000000
-30.000000
-40.000000
-36.000000
-40.000000
-39.000000
-44.000000
-37.000000
-36.000000
-39.000000
-38.000000
-48.000000
-40.000000
-42.000000
-36.000000
-36.000000
-36.000000
-31.000000
-41.000000
-33.000000
-27.000000
-39.000000
-30.000000
-23.000000
-29.000000
-24.000000
-28.000000
-28.000000
-33.000000
-32.000000
-30.000000
-27.000000
-27.000000
-30.000000
-26.000000
-31.000000
-19.000000
-22.000000
-20.000000
-13.000000
-23.000000
-12.000000
-16.000000
-17.000000
-14.000000
-5.000000
4.000000
6.000000
3.000000
-4.000000
3.000000
5.000000
-2.000000
7.000000
12.000000
6.000000
8.000000
2.000000
6.000000
12.000000
8.000000
9.000000
7.000000
12.000000
18.000000
22.000000
29.000000
26.000000
24.000000
23.000000
30.000000
30.000000
30.000000
30.000000
32.000000
39.000000
45.000000
43.000000
39.000000
49.000000
49.000000
47.000000
51.000000
52.000000
56.000000
50.000000
50.000000
55.000000
47.000000
43.000000
41.000000
43.000000
50.000000
43.000000
37.000000
40.000000
45.000000
40.000000
31.000000
28.000000
23.000000
19.000000
12.000000
18.000000
10.000000
2.000000
-4.000000
-10.000000
-12.000000
-17.000000
-8.000000
-9.000000
-10.000000
-13.000000
-19.000000
-33.000000
-36.000000
-37.000000
-31.000000
-33.000000
-36.000000
-35.000000
-40.000000
-40.000000
-44.000000
-34.000000
-35.000000
-30.000000
-26.000000
-32.000000
-29.000000
-28.000000
-30.000000
-32.000000
-35.000000
-34.000000
-28.000000
-27.000000
-32.000000
-34.000000
-24.000000
-30.000000
-26.000000
-27.000000
-32.000000
-26.000000
-29.000000
-33.000000
-40.000000
-29.000000
-28.000000
-37.000000
-41.000000
-37.000000
-34.000000
-41.000000
-26.000000
-30.000000
-37.000000
-23.000000
-28.000000
-32.000000
-25.000000
-27.000000
-23.000000
-17.000000
-13.000000
-11.000000
-8.000000
0.000000
6.000000
-1.000000
4.000000
12.000000
12.000000
15.000000
25.000000
24.000000
17.000000
22.000000
28.000000
34.000000
31.000000
29.000000
31.000000
33.000000
35.000000
42.000000
43.000000
38.000000
49.000000
50.000000
44.000000
44.000000
38.000000
44.000000
41.000000
41.000000
39.000000
36.000000
41.000000
39.000000
54.000000
42.000000
44.000000
51.000000
48.000000
48.000000
37.000000
37.000000
19.000000
22.000000
28.000000
20.000000
25.000000
22.000000
21.000000
21.000000
16.000000
15.000000
14.000000
9.000000
0.000000
-6.000000
-7.000000
-9.000000
-4.000000
-6.000000
-9.000000
-3.000000
-9.000000
-3.000000
-1.000000
3.000000
8.000000
-5.000000
-10.000000
-14.000000
-34.000000
-37.000000
-37.000000
-31.000000
-18.000000
-24.000000
-21.000000
-26.000000
-27.000000
-29.000000
-32.000000
-15.000000
-12.000000
-12.000000
-2.000000
-6.000000
-11.000000
-26.000000
-32.000000
-28.000000
-28.000000
-22.000000
-26.000000
-29.000000
-31.000000
-29.000000
-24.000000
-22.000000
-21.000000
-18.000000
-21.000000
-37.000000
-39.000000
-41.000000
-50.000000
-45.000000
-37.000000
-30.000000
-28.000000
-30.000000
-36.000000
-43.000000
-36.000000
-25.000000
-22.000000
-20.000000
-12.000000
-10.000000
-19.000000
-22.000000
-9.000000
-13.000000
0.000000
12.000000
4.000000
13.000000
16.000000
13.000000
16.000000
32.000000
35.000000
36.000000
47.000000
37.000000
46.000000
42.000000
34.000000
25.000000
27.000000
42.000000
33.000000
41.000000
54.000000
49.000000
38.000000
31.000000
28.000000
22.000000
24.000000
27.000000
21.000000
14.000000
22.000000
24.000000
26.000000
21.000000
15.000000
20.000000
26.000000
29.000000
19.000000
22.000000
13.000000
9.000000
12.000000
12.000000
20.000000
9.000000
15.000000
8.000000
5.000000
14.000000
14.000000
16.000000
18.000000
10.000000
10.000000
0.000000
-6.000000
2.000000
-4.000000
-6.000000
-9.000000
-17.000000
-14.000000
-2.000000
9.000000
-2.000000
-12.000000
-14.000000
-17.000000
-16.000000
-19.000000
-25.000000
-28.000000
-33.000000
-38.000000
-40.000000
-42.000000
-35.000000
-33.000000
-31.000000
-22.000000
-26.000000
-32.000000
-35.000000
-42.000000
-41.000000
-45.000000
-48.000000
-42.000000
-38.000000
-36.000000
-28.000000
-28.000000
-25.000000
-23.000000
-26.000000
-20.000000
-24.000000
-18.000000
-15.000000
-9.000000
-11.000000
-23.000000
-16.000000
-18.000000
-22.000000
-20.000000
-11.000000
-11.000000
-10.000000
-2.000000
-7.000000
-6.000000
-2.000000
3.000000
4.000000
-1.000000
-5.000000
0.000000
1.000000
7.000000
5.000000
18.000000
19.000000
18.000000
30.000000
31.000000
32.000000
31.000000
38.000000
35.000000
27.000000
35.000000
33.000000
33.000000
37.000000
37.000000
37.000000
42.000000
42.000000
38.000000
43.000000
39.000000
29.000000
32.000000
29.000000
28.000000
25.000000
24.000000
26.000000
15.000000
22.000000
19.000000
18.000000
27.000000
29.000000
29.000000
16.000000
13.000000
9.000000
12.000000
12.000000
15.000000
21.000000
23.000000
28.000000
16.000000
13.000000
15.000000
22.000000
21.000000
18.000000
22.000000
15.000000
0.000000
-7.000000
-15.000000
-21.000000
-17.000000
-21.000000
-25.000000
-27.000000
-31.000000
-33.000000
-31.000000
-26.000000
-19.000000
-35.000000
-32.000000
-35.000000
-31.000000
-34.000000
-39.000000
-39.000000
-42.000000
-35.000000
-31.000000
-30.000000
-37.000000
-22.000000
-19.000000
-26.000000
-22.000000
-27.000000
-30.000000
-28.000000
-39.000000
-34.000000
-34.000000
-32.000000
-24.000000
-33.000000
-26.000000
-35.000000
-28.000000
-12.000000
-14.000000
-14.000000
-20.000000
-25.000000
-23.000000
-24.000000
-20.000000
-12.000000
-7.000000
-10.000000
-10.000000
-9.000000
-8.000000
-4.000000
2.000000
17.000000
12.000000
10.000000
8.000000
0.000000
-7.000000
-9.000000
-1.000000
-1.000000
-4.000000
4.000000
8.000000
7.000000
9.000000
10.000000
14.000000
17.000000
19.000000
23.000000
31.000000
22.000000
27.000000
35.000000
35.000000
31.000000
37.000000
42.000000
39.000000
40.000000
46.000000
59.000000
60.000000
53.000000
47.000000
45.000000
42.000000
44.000000
36.000000
40.000000
39.000000
35.000000
38.000000
30.000000
30.000000
18.000000
16.000000
14.000000
7.000000
9.000000
14.000000
16.000000
7.000000
-3.000000
-8.000000
-11.000000
-10.000000
-12.000000
-6.000000
-1.000000
-8.000000
-7.000000
-7.000000
-5.000000
-6.000000
-2.000000
-6.000000
-12.000000
-16.000000
-16.000000
-11.000000
-18.000000
-13.000000
-11.000000
-9.000000
-15.000000
-11.000000
-13.000000
-19.000000
-22.000000
-23.000000
-19.000000
-24.000000
-26.000000
-30.000000
-37.000000
-42.000000
-41.000000
-43.000000
-42.000000
-35.000000
-42.000000
-38.000000
-45.000000
-45.000000
-36.000000
-33.000000
-30.000000
-39.000000
-42.000000
-46.000000
-51.000000
-46.000000
-41.000000
-28.000000
-27.000000
-17.000000
-8.000000
-12.000000
-4.000000
-3.000000
-7.000000
-3.000000
0.000000
-1.000000
-10.000000
-9.000000
-12.000000
2.000000
4.000000
9.000000
11.000000
-5.000000
-10.000000
-11.000000
-17.000000
-26.000000
-13.000000
-1.000000
-5.000000
-16.000000
-19.000000
-28.000000
-22.000000
-19.000000
-11.000000
13.000000
17.000000
24.000000
30.000000
34.000000
36.000000
39.000000
43.000000
53.000000
67.000000
68.000000
66.000000
54.000000
54.000000
58.000000
61.000000
69.000000
62.000000
66.000000
58.000000
55.000000
49.000000
38.000000
38.000000
32.000000
21.000000
13.000000
5.000000
2.000000
12.000000
12.000000
19.000000
15.000000
7.000000
1.000000
9.000000
12.000000
4.000000
7.000000
13.000000
17.000000
23.000000
19.000000
15.000000
18.000000
23.000000
24.000000
32.000000
38.000000
32.000000
19.000000
6.000000
1.000000
-6.000000
-9.000000
-8.000000
-13.000000
-18.000000
-14.000000
-21.000000
-24.000000
-26.000000
-25.000000
-20.000000
-19.000000
-18.000000
-25.000000
-25.000000
-29.000000
-46.000000
-37.000000
-32.000000
-29.000000
-27.000000
-47.000000
-43.000000
-36.000000
-35.000000
-26.000000
-21.000000
-16.000000
-27.000000
-44.000000
-42.000000
-48.000000
-40.000000
-31.000000
-39.000000
-40.000000
-46.000000
-48.000000
-50.000000
-44.000000
-33.000000
-26.000000
-20.000000
-14.000000
-20.000000
-26.000000
-26.000000
-28.000000
-27.000000
-17.000000
-7.000000
-7.000000
-12.000000
-18.000000
-16.000000
0.000000
2.000000
13.000000
16.000000
9.000000
-4.000000
-7.000000
-6.000000
4.000000
4.000000
0.000000
8.000000
4.000000
8.000000
9.000000
19.000000
23.000000
33.000000
27.000000
31.000000
35.000000
15.000000
24.000000
24.000000
26.000000
31.000000
40.000000
43.000000
32.000000
32.000000
28.000000
38.000000
38.000000
45.000000
42.000000
33.000000
32.000000
23.000000
25.000000
29.000000
26.000000
21.000000
19.000000
19.000000
16.000000
20.000000
23.000000
23.000000
17.000000
21.000000
24.000000
11.000000
6.000000
4.000000
12.000000
15.000000
11.000000
9.000000
3.000000
6.000000
5.000000
8.000000
14.000000
18.000000
17.000000
7.000000
-4.000000
-8.000000
-11.000000
-9.000000
-1.000000
4.000000
3.000000
0.000000
-4.000000
-8.000000
-9.000000
1.000000
1.000000
2.000000
1.000000
-9.000000
-11.000000
-15.000000
-14.000000
-12.000000
-20.000000
-18.000000
-18.000000
-29.000000
-34.000000
-38.000000
-40.000000
-38.000000
-43.000000
-41.000000
-37.000000
-44.000000
-59.000000
-56.000000
-44.000000
-40.000000
-33.000000
-32.000000
-32.000000
-38.000000
-32.000000
-25.000000
-16.000000
-12.000000
-10.000000
-6.000000
-21.000000
-14.000000
-7.000000
-7.000000
1.000000
0.000000
3.000000
4.000000
4.000000
4.000000
1.000000
7.000000
8.000000
7.000000
1.000000
1.000000
-13.000000
-18.000000
-9.000000
-15.000000
-6.000000
-9.000000
-8.000000
-2.000000
0.000000
-7.000000
-1.000000
3.000000
3.000000
10.000000
17.000000
11.000000
16.000000
21.000000
31.000000
35.000000
37.000000
51.000000
50.000000
46.000000
46.000000
54.000000
41.000000
42.000000
50.000000
47.000000
38.000000
24.000000
17.000000
16.000000
16.000000
19.000000
9.000000
4.000000
1.000000
3.000000
2.000000
2.000000
-2.000000
-12.000000
-4.000000
-1.000000
5.000000
-4.000000
-12.000000
-2.000000
13.000000
21.000000
18.000000
17.000000
21.000000
26.000000
28.000000
16.000000
20.000000
24.000000
16.000000
14.000000
10.000000
7.000000
7.000000
12.000000
9.000000
-1.000000
-8.000000
-10.000000
-22.000000
-21.000000
-23.000000
-30.000000
-29.000000
-25.000000
-25.000000
-28.000000
-30.000000
-28.000000
-31.000000
-27.000000
-28.000000
-25.000000
-19.000000
-27.000000
-27.000000
-33.000000
-31.000000
-25.000000
-24.000000
-31.000000
-26.000000
-22.000000
-16.000000
-13.000000
-10.000000
-8.000000
-13.000000
-11.000000
-23.000000
-18.000000
-20.000000
-21.000000
-12.000000
-6.000000
1.000000
-8.000000
-10.000000
4.000000
8.000000
8.000000
11.000000
15.000000
8.000000
-1.000000
4.000000
-4.000000
-1.000000
2.000000
-11.000000
-10.000000
-12.000000
-8.000000
-5.000000
1.000000
2.000000
5.000000
5.000000
4.000000
-1.000000
1.000000
-2.000000
1.000000
4.000000
17.000000
12.000000
-3.000000
9.000000
17.000000
23.000000
28.000000
38.000000
30.000000
26.000000
26.000000
21.000000
16.000000
17.000000
12.000000
26.000000
27.000000
23.000000
23.000000
27.000000
34.000000
34.000000
39.000000
23.000000
24.000000
15.000000
16.000000
15.000000
8.000000
5.000000
2.000000
-2.000000
-5.000000
-1.000000
-8.000000
-4.000000
-12.000000
-11.000000
-11.000000
-17.000000
-24.000000
-24.000000
-34.000000
-30.000000
-25.000000
-25.000000
-9.000000
-4.000000
7.000000
8.000000
10.000000
18.000000
18.000000
16.000000
14.000000
10.000000
14.000000
9.000000
1.000000
0.000000
5.000000
10.000000
-2.000000
-5.000000
0.000000
4.000000
1.000000
-7.000000
-6.000000
-15.000000
-18.000000
-23.000000
-35.000000
-36.000000
-53.000000
-53.000000
-40.000000
-37.000000
-41.000000
-35.000000
-36.000000
-36.000000
-27.000000
-28.000000
-21.000000
-15.000000
-10.000000
-6.000000
-10.000000
-8.000000
-4.000000
4.000000
17.000000
23.000000
23.000000
24.000000
20.000000
18.000000
20.000000
18.000000
22.000000
23.000000
20.000000
15.000000
5.000000
3.000000
3.000000
6.000000
7.000000
3.000000
5.000000
-9.000000
-17.000000
-17.000000
-13.000000
-17.000000
-12.000000
-20.000000
-17.000000
-12.000000
-20.000000
-4.000000
2.000000
9.000000
6.000000
14.000000
14.000000
7.000000
12.000000
17.000000
19.000000
27.000000
26.000000
13.000000
27.000000
18.000000
28.000000
31.000000
22.000000
21.000000
25.000000
31.000000
14.000000
12.000000
4.000000
3.000000
4.000000
7.000000
4.000000
-8.000000
-5.000000
-13.000000
-11.000000
-7.000000
-7.000000
-2.000000
-7.000000
-21.000000
-29.000000
-27.000000
-22.000000
-27.000000
-28.000000
-23.000000
-12.000000
-11.000000
-10.000000
1.000000
-3.000000
10.000000
17.000000
13.000000
14.000000
11.000000
12.000000
3.000000
5.000000
14.000000
15.000000
18.000000
21.000000
20.000000
17.000000
17.000000
21.000000
27.000000
18.000000
8.000000
11.000000
-7.000000
-12.000000
-8.000000
-13.000000
-24.000000
-23.000000
-18.000000
-24.000000
-25.000000
-30.000000
-23.000000
-15.000000
-20.000000
-31.000000
-38.000000
-29.000000
-33.000000
-37.000000
-29.000000
-22.000000
-17.000000
-2.000000
3.000000
0.000000
7.000000
1.000000
-1.000000
0.000000
11.000000
11.000000
7.000000
17.000000
16.000000
22.000000
21.000000
22.000000
29.000000
27.000000
27.000000
21.000000
11.000000
9.000000
5.000000
3.000000
4.000000
3.000000
-7.000000
-12.000000
-7.000000
-10.000000
-8.000000
-10.000000
-10.000000
-10.000000
-6.000000
-1.000000
-12.000000
-11.000000
-12.000000
-11.000000
-3.000000
-5.000000
2.000000
3.000000
2.000000
4.000000
12.000000
17.000000
11.000000
27.000000
28.000000
22.000000
15.000000
8.000000
12.000000
8.000000
3.000000
7.000000
4.000000
1.000000
0.000000
7.000000
-7.000000
-8.000000
-10.000000
-8.000000
2.000000
-1.000000
4.000000
0.000000
1.000000
0.000000
-5.000000
-4.000000
-11.000000
-7.000000
-12.000000
-11.000000
-16.000000
-12.000000
-11.000000
-14.000000
-17.000000
-19.000000
-14.000000
-12.000000
-10.000000
-21.000000
-21.000000
-15.000000
-11.000000
-10.000000
3.000000
1.000000
0.000000
6.000000
-11.000000
0.000000
-4.000000
-7.000000
1.000000
4.000000
7.000000
10.000000
12.000000
12.000000
12.000000
11.000000
8.000000
10.000000
10.000000
14.000000
8.000000
-2.000000
-9.000000
-17.000000
-15.000000
-17.000000
-19.000000
-13.000000
-12.000000
-11.000000
-8.000000
-7.000000
-5.000000
-4.000000
-5.000000
3.000000
4.000000
5.000000
6.000000
5.000000
22.000000
32.000000
26.000000
26.000000
28.000000
25.000000
24.000000
30.000000
33.000000
28.000000
35.000000
32.000000
20.000000
16.000000
15.000000
14.000000
13.000000
10.000000
5.000000
5.000000
-5.000000
0.000000
-7.000000
-11.000000
-14.000000
-12.000000
-9.000000
-19.000000
-16.000000
-18.000000
-18.000000
-12.000000
-19.000000
-14.000000
-16.000000
-16.000000
-6.000000
-4.000000
-4.000000
-6.000000
8.000000
6.000000
14.000000
18.000000
6.000000
10.000000
9.000000
9.000000
-7.000000
-5.000000
-6.000000
-5.000000
-1.000000
0.000000
-1.000000
-2.000000
-1.000000
5.000000
-4.000000
-15.000000
-20.000000
-20.000000
-12.000000
-18.000000
-15.000000
-16.000000
-13.000000
-21.000000
-15.000000
-13.000000
-14.000000
-4.000000
-5.000000
0.000000
-12.000000
-12.000000
-13.000000
-11.000000
-15.000000
-15.000000
-15.000000
-20.000000
-10.000000
-12.000000
-12.000000
-7.000000
-1.000000
0.000000
-15.000000
-15.000000
-8.000000
-5.000000
-12.000000
-18.000000
-18.000000
-30.000000
-29.000000
-17.000000
-18.000000
-14.000000
-4.000000
-1.000000
9.000000
11.000000
9.000000
10.000000
18.000000
24.000000
21.000000
15.000000
11.000000
21.000000
16.000000
18.000000
17.000000
18.000000
31.000000
36.000000
38.000000
41.000000
34.000000
32.000000
28.000000
25.000000
23.000000
19.000000
20.000000
21.000000
26.000000
28.000000
24.000000
30.000000
20.000000
18.000000
20.000000
15.000000
17.000000
11.000000
10.000000
12.000000
14.000000
7.000000
0.000000
14.000000
17.000000
16.000000
17.000000
12.000000
18.000000
9.000000
17.000000
20.000000
14.000000
18.000000
18.000000
5.000000
3.000000
6.000000
4.000000
-3.000000
-9.000000
-10.000000
-6.000000
-1.000000
-14.000000
-12.000000
-16.000000
-18.000000
-28.000000
-26.000000
-27.000000
-34.000000
-35.000000
-35.000000
-38.000000
-36.000000
-33.000000
-40.000000
-41.000000
-48.000000
-42.000000
-48.000000
-52.000000
-50.000000
-45.000000
-44.000000
-39.000000
-32.000000
-30.000000
-30.000000
-17.000000
-17.000000
-19.000000
-19.000000
-15.000000
-19.000000
-17.000000
-15.000000
-17.000000
-12.000000
-5.000000
-6.000000
-2.000000
-2.000000
-4.000000
-2.000000
-5.000000
6.000000
-3.000000
-5.000000
-1.000000
0.000000
1.000000
1.000000
-3.000000
7.000000
8.000000
2.000000
14.000000
16.000000
22.000000
18.000000
22.000000
22.000000
20.000000
26.000000
23.000000
25.000000
33.000000
38.000000
36.000000
39.000000
45.000000
45.000000
47.000000
54.000000
56.000000
48.000000
53.000000
49.000000
42.000000
45.000000
44.000000
45.000000
35.000000
36.000000
36.000000
36.000000
41.000000
33.000000
25.000000
18.000000
21.000000
16.000000
11.000000
4.000000
1.000000
1.000000
-3.000000
-5.000000
-2.000000
1.000000
-8.000000
-17.000000
-18.000000
-17.000000
-13.000000
-13.000000
-10.000000
-21.000000
-25.000000
-19.000000
-12.000000
-14.000000
-16.000000
-15.000000
-30.000000
-28.000000
-30.000000
-30.000000
-31.000000
-28.000000
-20.000000
-20.000000
-18.000000
-25.000000
-16.000000
-21.000000
-20.000000
-21.000000
-33.000000
-28.000000
-26.000000
-29.000000
-37.000000
-47.000000
-42.000000
-51.000000
-45.000000
-51.000000
-52.000000
-44.000000
-30.000000
-35.000000
-43.000000
-32.000000
-42.000000
-31.000000
-33.000000
-35.000000
-28.000000
-32.000000
-25.000000
-21.000000
-15.000000
-15.000000
-10.000000
0.000000
7.000000
15.000000
20.000000
14.000000
23.000000
15.000000
17.000000
24.000000
24.000000
30.000000
26.000000
30.000000
25.000000
26.000000
19.000000
23.000000
23.000000
20.000000
29.000000
15.000000
10.000000
14.000000
4.000000
-2.000000
-1.000000
-1.000000
12.000000
10.000000
17.000000
14.000000
17.000000
12.000000
23.000000
21.000000
26.000000
35.000000
39.000000
48.000000
44.000000
50.000000
45.000000
54.000000
58.000000
52.000000
58.000000
47.000000
45.000000
40.000000
43.000000
40.000000
38.000000
38.000000
28.000000
30.000000
29.000000
24.000000
15.000000
13.000000
5.000000
-5.000000
-8.000000
-15.000000
-8.000000
-15.000000
-24.000000
-26.000000
-27.000000
-31.000000
-30.000000
-32.000000
-28.000000
-26.000000
-21.000000
-5.000000
-8.000000
-2.000000
-9.000000
-9.000000
-3.000000
0.000000
8.000000
8.000000
12.000000
4.000000
5.000000
4.000000
0.000000
0.000000
10.000000
15.000000
-3.000000
-5.000000
-6.000000
-12.000000
-20.000000
-22.000000
-26.000000
-40.000000
-39.000000
-42.000000
-49.000000
-56.000000
-55.000000
-63.000000
-59.000000
-53.000000
-53.000000
-56.000000
-56.000000
-57.000000
-51.000000
-50.000000
-53.000000
-51.000000
-43.000000
-38.000000
-36.000000
-21.000000
-27.000000
-19.000000
-6.000000
-8.000000
-2.000000
3.000000
18.000000
15.000000
22.000000
24.000000
22.000000
20.000000
24.000000
24.000000
18.000000
22.000000
13.000000
12.000000
8.000000
1.000000
0.000000
-1.000000
0.000000
-2.000000
-2.000000
-2.000000
-6.000000
0.000000
5.000000
6.000000
10.000000
8.000000
11.000000
4.000000
8.000000
10.000000
0.000000
11.000000
14.000000
20.000000
23.000000
31.000000
42.000000
43.000000
54.000000
58.000000
63.000000
58.000000
54.000000
53.000000
49.000000
49.000000
52.000000
45.000000
48.000000
44.000000
38.000000
33.000000
34.000000
29.000000
26.000000
19.000000
7.000000
7.000000
9.000000
9.000000
-11.000000
-11.000000
-20.000000
-31.000000
-22.000000
-25.000000
-25.000000
-22.000000
-21.000000
-12.000000
-2.000000
-8.000000
-4.000000
-3.000000
-12.000000
-9.000000
-4.000000
-29.000000
-27.000000
-21.000000
-29.000000
-25.000000
-31.000000
-30.000000
-28.000000
-13.000000
-3.000000
7.000000
23.000000
31.000000
43.000000
43.000000
48.000000
41.000000
41.000000
36.000000
26.000000
5.000000
1.000000
-3.000000
-24.000000
-33.000000
-30.000000
-30.000000
-29.000000
-23.000000
-36.000000
-35.000000
-23.000000
-25.000000
-44.000000
-57.000000
-65.000000
-80.000000
-84.000000
-96.000000
-110.000000
-108.000000
-95.000000
-97.000000
-80.000000
-53.000000
-40.000000
-16.000000
5.000000
12.000000
29.000000
42.000000
42.000000
37.000000
23.000000
15.000000
8.000000
2.000000
-11.000000
-21.000000
-24.000000
-24.000000
-20.000000
-12.000000
-1.000000
18.000000
28.000000
36.000000
46.000000
44.000000
46.000000
36.000000
32.000000
12.000000
-4.000000
-31.000000
-80.000000
-100.000000
-129.000000
-138.000000
-121.000000
-108.000000
-69.000000
-16.000000
59.000000
135.000000
198.000000
250.000000
309.000000
335.000000
339.000000
334.000000
301.000000
255.000000
205.000000
150.000000
99.000000
69.000000
45.000000
33.000000
60.000000
90.000000
111.000000
143.000000
182.000000
190.000000
190.000000
177.000000
138.000000
84.000000
31.000000
-36.000000
-104.000000
-149.000000
-185.000000
-206.000000
-196.000000
-179.000000
-157.000000
-100.000000
-45.000000
-6.000000
38.000000
73.000000
81.000000
74.000000
62.000000
46.000000
13.000000
-31.000000
-68.000000
-102.000000
-124.000000
-148.000000
-156.000000
-155.000000
-159.000000
-155.000000
-151.000000
-150.000000
-157.000000
-166.000000
-179.000000
-195.000000
-218.000000
-243.000000
-272.000000
-307.000000
-323.000000
-353.000000
-373.000000
-375.000000
-370.000000
-351.000000
-324.000000
-297.000000
-266.000000
-224.000000
-185.000000
-154.000000
-112.000000
-97.000000
-88.000000
-81.000000
-92.000000
-107.000000
-121.000000
-126.000000
-131.000000
-120.000000
-103.000000
-80.000000
-42.000000
2.000000
52.000000
110.000000
169.000000
240.000000
309.000000
372.000000
444.000000
536.000000
626.000000
729.000000
840.000000
933.000000
1026.000000
1105.000000
1161.000000
1193.000000
1186.000000
1137.000000
1068.000000
961.000000
842.000000
717.000000
588.000000
468.000000
353.000000
257.000000
172.000000
78.000000
-21.000000
-121.000000
-253.000000
-427.000000
-630.000000
-856.000000
-1084.000000
-1321.000000
-1514.000000
-1659.000000
-1754.000000
-1752.000000
-1654.000000
-1475.000000
-1221.000000
-899.000000
-544.000000
-192.000000
142.000000
433.000000
653.000000
798.000000
869.000000
837.000000
754.000000
622.000000
466.000000
311.000000
168.000000
60.000000
-21.000000
-59.000000
-86.000000
-95.000000
-90.000000
-74.000000
-83.000000
-152.000000
-246.000000
-385.000000
-538.000000
-720.000000
-910.000000
-1091.000000
-1248.000000
-1376.000000
-1443.000000
-1469.000000
-1437.000000
-1339.000000
-1213.000000
-1031.000000
-849.000000
-645.000000
-437.000000
-249.000000
-61.000000
95.000000
259.000000
424.000000
594.000000
762.000000
962.000000
1184.000000
1418.000000
1676.000000
1928.000000
2149.000000
2357.000000
2532.000000
2639.000000
2700.000000
2694.000000
2603.000000
2473.000000
2314.000000
2109.000000
1902.000000
1678.000000
1457.000000
1251.000000
1051.000000
841.000000
630.000000
406.000000
123.000000
-179.000000
-500.000000
-883.000000
-1291.000000
-1665.000000
-2100.000000
-2487.000000
-2750.000000
-2966.000000
-3042.000000
-2975.000000
-2833.000000
-2541.000000
-2112.000000
-1662.000000
-1165.000000
-651.000000
-212.000000
187.000000
514.000000
678.000000
747.000000
773.000000
691.000000
556.000000
415.000000
236.000000
113.000000
84.000000
36.000000
29.000000
101.000000
146.000000
168.000000
209.000000
150.000000
5.000000
-134.000000
-381.000000
-710.000000
-1019.000000
-1346.000000
-1633.000000
-1796.000000
-1933.000000
-2015.000000
-1924.000000
-1775.000000
-1577.000000
-1284.000000
-975.000000
-665.000000
-368.000000
-182.000000
-53.000000
57.000000
89.000000
53.000000
-14.000000
-105.000000
-192.000000
-195.000000
-131.000000
-12.000000
224.000000
535.000000
859.000000
1214.000000
1544.000000
1837.000000
2099.000000
2247.000000
2263.000000
2196.000000
2058.000000
1850.000000
1616.000000
1367.000000
1153.000000
1033.000000
1033.000000
1081.000000
1194.000000
1378.000000
1645.000000
1934.000000
2144.000000
2287.000000
2346.000000
2367.000000
2338.000000
2193.000000
1951.000000
1717.000000
1440.000000
1135.000000
819.000000
427.000000
53.000000
-314.000000
-830.000000
-1600.000000
-2303.000000
-2949.000000
-3569.000000
-4031.000000
-4511.000000
-4867.000000
-4826.000000
-4493.000000
-4054.000000
-3392.000000
-2600.000000
-1735.000000
-712.000000
147.000000
681.000000
1211.000000
1650.000000
1748.000000
1696.000000
1496.000000
1127.000000
903.000000
737.000000
401.000000
234.000000
325.000000
401.000000
494.000000
597.000000
553.000000
604.000000
734.000000
510.000000
39.000000
-390.000000
-867.000000
-1328.000000
-1696.000000
-2211.000000
-2643.000000
-2707.000000
-2696.000000
-2651.000000
-2396.000000
-2043.000000
-1651.000000
-1134.000000
-765.000000
-530.000000
-181.000000
91.000000
135.000000
116.000000
64.000000
2.000000
84.000000
142.000000
137.000000
287.000000
590.000000
930.000000
1283.000000
1576.000000
1804.000000
2097.000000
2330.000000
2389.000000
2315.000000
2163.000000
1944.000000
1656.000000
1299.000000
928.000000
581.000000
223.000000
-79.000000
-304.000000
-440.000000
-411.000000
-288.000000
-173.000000
51.000000
401.000000
802.000000
1280.000000
1704.000000
2004.000000
2330.000000
2593.000000
2661.000000
2639.000000
2527.000000
2287.000000
2049.000000
1850.000000
1534.000000
1315.000000
1214.000000
1069.000000
972.000000
891.000000
696.000000
431.000000
54.000000
-814.000000
-1766.000000
-2627.000000
-3634.000000
-4475.000000
-5197.000000
-5846.000000
-6061.000000
-5685.000000
-5132.000000
-4289.000000
-3095.000000
-1864.000000
-480.000000
885.000000
1793.000000
2417.000000
2969.000000
3061.000000
2738.000000
2268.000000
1564.000000
865.000000
436.000000
-99.000000
-579.000000
-576.000000
-386.000000
-163.000000
192.000000
470.000000
694.000000
1067.000000
1130.000000
667.000000
98.000000
-510.000000
-1250.000000
-1936.000000
-2754.000000
-3618.000000
-4024.000000
-4105.000000
-4058.000000
-3760.000000
-3151.000000
-2381.000000
-1468.000000
-610.000000
41.000000
662.000000
1252.000000
1559.000000
1461.000000
1223.000000
859.000000
529.000000
230.000000
-126.000000
-413.000000
-433.000000
-196.000000
86.000000
488.000000
992.000000
1584.000000
2162.000000
2593.000000
2720.000000
2698.000000
2598.000000
2291.000000
1813.000000
1214.000000
587.000000
-9.000000
-476.000000
-844.000000
-1053.000000
-1058.000000
-891.000000
-604.000000
-161.000000
370.000000
1007.000000
1693.000000
2245.000000
2738.000000
3151.000000
3332.000000
3380.000000
3390.000000
3164.000000
2815.000000
2441.000000
1880.000000
1394.000000
1226.000000
926.000000
707.000000
901.000000
936.000000
1217.000000
1658.000000
1788.000000
1647.000000
1579.000000
992.000000
-480.000000
-1596.000000
-3047.000000
-4652.000000
-5596.000000
-6707.000000
-7711.000000
-7584.000000
-6917.000000
-6170.000000
-4535.000000
-2724.000000
-1152.000000
985.000000
2746.000000
3379.000000
4162.000000
4680.000000
4068.000000
3326.000000
2353.000000
689.000000
-403.000000
-1012.000000
-1992.000000
-2441.000000
-2066.000000
-1669.000000
-1090.000000
-51.000000
538.000000
1092.000000
1922.000000
1795.000000
939.000000
271.000000
-767.000000
-2093.000000
-3045.000000
-4363.000000
-5620.000000
-5942.000000
-5853.000000
-5685.000000
-4823.000000
-3545.000000
-2316.000000
-715.000000
575.000000
1433.000000
2353.000000
2886.000000
2891.000000
2547.000000
1822.000000
1006.000000
329.000000
-329.000000
-952.000000
-1277.000000
-1171.000000
-782.000000
-147.000000
640.000000
1658.000000
2749.000000
3615.000000
4217.000000
4376.000000
4148.000000
3800.000000
3264.000000
2344.000000
1311.000000
230.000000
-754.000000
-1464.000000
-1863.000000
-1915.000000
-1663.000000
-1128.000000
-539.000000
369.000000
1303.000000
2167.000000
3059.000000
3690.000000
3976.000000
4064.000000
3928.000000
3492.000000
3000.000000
2469.000000
1931.000000
1221.000000
706.000000
295.000000
63.000000
261.000000
416.000000
474.000000
1126.000000
1650.000000
2002.000000
2723.000000
3089.000000
2802.000000
2555.000000
1903.000000
-549.000000
-2029.000000
-3583.000000
-5779.000000
-6771.000000
-7882.000000
-9109.000000
-8745.000000
-7362.000000
-6661.000000
-4665.000000
-2229.000000
-700.000000
1451.000000
3378.000000
3392.000000
3697.000000
4254.000000
3012.000000
1545.000000
467.000000
-1384.000000
-2549.000000
-2439.000000
-3146.000000
-3322.000000
-2017.000000
-908.000000
-65.000000
1526.000000
2355.000000
2674.000000
3618.000000
3099.000000
1243.000000
77.000000
-1276.000000
-3237.000000
-4407.000000
-5838.000000
-7314.000000
-7253.000000
-6471.000000
-5912.000000
-4427.000000
-2342.000000
-624.000000
1347.000000
2861.000000
3555.000000
4210.000000
4669.000000
4074.000000
3001.000000
1858.000000
582.000000
-432.000000
-1134.000000
-1758.000000
-2093.000000
-1522.000000
-719.000000
111.000000
1230.000000
2543.000000
3609.000000
4469.000000
4968.000000
4632.000000
4137.000000
3510.000000
2462.000000
1337.000000
254.000000
-934.000000
-1768.000000
-2180.000000
-2313.000000
-1962.000000
-1167.000000
-351.000000
419.000000
1507.000000
2590.000000
3418.000000
4171.000000
4514.000000
4408.000000
4150.000000
3700.000000
3018.000000
2248.000000
1545.000000
838.000000
229.000000
-325.000000
-655.000000
-615.000000
-500.000000
-173.000000
350.000000
596.000000
1577.000000
2190.000000
2583.000000
3248.000000
3472.000000
2896.000000
2310.000000
1214.000000
-1887.000000
-3176.000000
-5025.000000
-7325.000000
-8120.000000
-9019.000000
-9927.000000
-8923.000000
-6976.000000
-6078.000000
-3442.000000
-790.000000
526.000000
2710.000000
4425.000000
3855.000000
4091.000000
4125.000000
2225.000000
680.000000
-251.000000
-2100.000000
-2885.000000
-2345.000000
-2837.000000
-2406.000000
-485.000000
721.000000
1553.000000
3222.000000
3464.000000
3404.000000
3760.000000
2435.000000
-34.000000
-1514.000000
-3328.000000
-5488.000000
-6364.000000
-7620.000000
-8414.000000
-7546.000000
-6049.000000
-4839.000000
-2590.000000
-222.000000
1493.000000
3365.000000
4492.000000
4701.000000
4824.000000
4593.000000
3265.000000
1715.000000
295.000000
-1162.000000
-2039.000000
-2481.000000
-2911.000000
-2536.000000
-1523.000000
-242.000000
1062.000000
2396.000000
3718.000000
4649.000000
5319.000000
5354.000000
4745.000000
3829.000000
2775.000000
1625.000000
305.000000
-696.000000
-1487.000000
-2119.000000
-2034.000000
-1662.000000
-1061.000000
70.000000
1039.000000
1738.000000
2782.000000
3575.000000
3922.000000
4264.000000
4069.000000
3420.000000
2854.000000
2285.000000
1470.000000
914.000000
398.000000
-91.000000
-253.000000
-443.000000
-355.000000
-81.000000
405.000000
790.000000
1423.000000
1687.000000
2461.000000
2870.000000
3139.000000
3712.000000
3403.000000
3145.000000
2136.000000
1111.000000
-1876.000000
-3610.000000
-5461.000000
-7719.000000
-8254.000000
-9193.000000
-9717.000000
-8799.000000
-6934.000000
-5696.000000
-3104.000000
-761.000000
759.000000
2678.000000
4152.000000
3465.000000
3212.000000
2966.000000
1188.000000
-219.000000
-1248.000000
-2865.000000
-3388.000000
-2562.000000
-2516.000000
-1579.000000
158.000000
1699.000000
2659.000000
3952.000000
3893.000000
3447.000000
3346.000000
1767.000000
-745.000000
-2933.000000
-4909.000000
-6858.000000
-7480.000000
-8194.000000
-8339.000000
-7279.000000
-5375.000000
-3500.000000
-1236.000000
1194.000000
3028.000000
4578.000000
5215.000000
5034.000000
4290.000000
3574.000000
2215.000000
557.000000
-840.000000
-2116.000000
-2833.000000
-2779.000000
-2541.000000
-1853.000000
-413.000000
1043.000000
2365.000000
3538.000000
4345.000000
4850.000000
5038.000000
4672.000000
3775.000000
2607.000000
1448.000000
370.000000
-416.000000
-893.000000
-1142.000000
-1141.000000
-790.000000
-225.000000
472.000000
1470.000000
2306.000000
2611.000000
3061.000000
3303.000000
3041.000000
3085.000000
2814.000000
2189.000000
1928.000000
1652.000000
1105.000000
1008.000000
886.000000
605.000000
776.000000
734.000000
481.000000
493.000000
724.000000
543.000000
1096.000000
1236.000000
1484.000000
2272.000000
2423.000000
3164.000000
3315.000000
3631.000000
2827.000000
2369.000000
10.000000
-2936.000000
-4263.000000
-7234.000000
-8446.000000
-9211.000000
-10303.000000
-10251.000000
-8338.000000
-6884.000000
-4905.000000
-1748.000000
291.000000
2013.000000
4313.000000
4233.000000
3218.000000
3469.000000
2066.000000
171.000000
-882.000000
-2322.000000
-3790.000000
-2964.000000
-2387.000000
-1884.000000
-71.000000
2139.000000
3072.000000
4190.000000
4818.000000
3886.000000
3642.000000
2493.000000
-294.000000
-3221.000000
-5156.000000
-7508.000000
-8496.000000
-8790.000000
-9091.000000
-8077.000000
-5900.000000
-3653.000000
-1593.000000
1347.000000
3317.000000
4912.000000
5718.000000
5233.000000
4258.000000
3274.000000
1771.000000
68.000000
-1402.000000
-2658.000000
-3122.000000
-2928.000000
-2381.000000
-1561.000000
151.000000
1687.000000
3008.000000
3969.000000
4468.000000
4677.000000
4376.000000
3780.000000
2580.000000
1372.000000
283.000000
-518.000000
-909.000000
-955.000000
-622.000000
-7.000000
598.000000
1174.000000
1976.000000
2542.000000
2992.000000
2909.000000
2577.000000
2302.000000
1749.000000
1590.000000
1338.000000
1090.000000
1125.000000
1266.000000
1445.000000
1661.000000
1839.000000
1968.000000
1945.000000
1741.000000
1369.000000
830.000000
405.000000
-90.000000
-88.000000
94.000000
489.000000
1082.000000
2343.000000
2816.000000
4001.000000
4838.000000
4991.000000
4544.000000
3623.000000
1525.000000
-2339.000000
-4015.000000
-7622.000000
-9515.000000
-10282.000000
-11500.000000
-11227.000000
-9061.000000
-7314.000000
-4999.000000
-1355.000000
787.000000
2669.000000
4877.000000
4839.000000
3002.000000
3012.000000
1054.000000
-1020.000000
-2099.000000
-3406.000000
-4483.000000
-3491.000000
-2159.000000
-1095.000000
1446.000000
3711.000000
5146.000000
5918.000000
6220.000000
4475.000000
3491.000000
1579.000000
-2049.000000
-5177.000000
-7646.000000
-9896.000000
-10635.000000
-10204.000000
-9691.000000
-7466.000000
-4610.000000
-1624.000000
899.000000
3565.000000
5393.000000
6657.000000
6665.000000
5145.000000
3462.000000
1455.000000
-558.000000
-2179.000000
-3468.000000
-4313.000000
-3812.000000
-3011.000000
-1614.000000
-16.000000
1921.000000
3773.000000
5007.000000
5353.000000
4891.000000
4382.000000
3119.000000
1766.000000
294.000000
-893.000000
-1695.000000
-1597.000000
-1049.000000
-307.000000
839.000000
2284.000000
3285.000000
3878.000000
4359.000000
3962.000000
3569.000000
2523.000000
1266.000000
294.000000
-541.000000
-1027.000000
-765.000000
-378.000000
325.000000
1438.000000
2391.000000
3134.000000
3418.000000
3577.000000
3200.000000
2424.000000
1294.000000
364.000000
-519.000000
-1272.000000
-1245.000000
-740.000000
119.000000
1400.000000
2539.000000
4156.000000
4946.000000
5732.000000
5708.000000
5187.000000
3121.000000
1543.000000
-617.000000
-5102.000000
-6559.000000
-10012.000000
-11199.000000
-10858.000000
-10691.000000
-9334.000000
-6360.000000
-3953.000000
-1727.000000
1227.000000
2638.000000
2956.000000
4098.000000
3310.000000
418.000000
-206.000000
-2310.000000
-3917.000000
-4126.000000
-4061.000000
-3688.000000
-1396.000000
747.000000
2459.000000
4526.000000
6094.000000
6666.000000
6230.000000
5114.000000
1703.000000
-498.000000
-3143.000000
-6358.000000
-8570.000000
-9794.000000
-10437.000000
-9487.000000
-7543.000000
-5598.000000
-2530.000000
273.000000
3005.000000
4249.000000
4897.000000
4747.000000
4029.000000
2586.000000
609.000000
-1257.000000
-2759.000000
-3491.000000
-3653.000000
-3123.000000
-1865.000000
54.000000
1980.000000
3909.000000
4720.000000
5380.000000
5651.000000
4953.000000
3466.000000
1785.000000
-8.000000
-1726.000000
-2441.000000
-2860.000000
-2220.000000
-990.000000
672.000000
2601.000000
3829.000000
4967.000000
5822.000000
5789.000000
4990.000000
3541.000000
1780.000000
179.000000
-1342.000000
-2373.000000
-2524.000000
-2330.000000
-1316.000000
147.000000
1511.000000
2839.000000
4034.000000
4817.000000
4794.000000
4287.000000
3036.000000
1862.000000
438.000000
-458.000000
-1129.000000
-1536.000000
-1148.000000
-150.000000
1012.000000
2183.000000
3460.000000
4128.000000
4874.000000
4153.000000
4624.000000
3178.000000
2932.000000
1333.000000
388.000000
-2804.000000
-6897.000000
-7032.000000
-10452.000000
-8894.000000
-8779.000000
-7815.000000
-5289.000000
-3737.000000
-2490.000000
-367.000000
172.000000
904.000000
1877.000000
2124.000000
-581.000000
-2334.000000
-2136.000000
-4452.000000
-3427.000000
-3212.000000
-2134.000000
-609.000000
1447.000000
2703.000000
4273.000000
5086.000000
5892.000000
5787.000000
3582.000000
887.000000
-1960.000000
-3247.000000
-6291.000000
-7770.000000
-8724.000000
-8604.000000
-7679.000000
-5545.000000
-3648.000000
-1896.000000
631.000000
2710.000000
3649.000000
2682.000000
2554.000000
1651.000000
837.000000
-786.000000
-1921.000000
-2892.000000
-3091.000000
-2581.000000
-1196.000000
10.000000
1493.000000
3885.000000
5074.000000
5067.000000
4196.000000
4085.000000
2433.000000
1054.000000
-223.000000
-1814.000000
-1881.000000
-2262.000000
-1611.000000
-405.000000
170.000000
2142.000000
3991.000000
4464.000000
4638.000000
4261.000000
3775.000000
2425.000000
1149.000000
53.000000
-1044.000000
-1471.000000
-1664.000000
-1227.000000
-440.000000
476.000000
2222.000000
3223.000000
3660.000000
4137.000000
3669.000000
3616.000000
2556.000000
1478.000000
982.000000
321.000000
-252.000000
-214.000000
103.000000
393.000000
1329.000000
1927.000000
2135.000000
2513.000000
2674.000000
2643.000000
2889.000000
2855.000000
2303.000000
2590.000000
2277.000000
1983.000000
1600.000000
898.000000
223.000000
-2871.000000
-4331.000000
-6587.000000
-7972.000000
-7367.000000
-7420.000000
-5542.000000
-4032.000000
-3210.000000
-2195.000000
-1807.000000
-1911.000000
-1372.000000
-293.000000
-359.000000
-1378.000000
-1493.000000
-2904.000000
-2881.000000
-2215.000000
-1788.000000
425.000000
1899.000000
2971.000000
3909.000000
3610.000000
2868.000000
2665.000000
1464.000000
-190.000000
-2036.000000
-3964.000000
-5536.000000
-6277.000000
-6547.000000
-5996.000000
-4617.000000
-3317.000000
-1640.000000
-462.000000
94.000000
722.000000
1077.000000
545.000000
41.000000
-857.000000
-1745.000000
-2088.000000
-2206.000000
-1547.000000
-627.000000
370.000000
1646.000000
2902.000000
3364.000000
3604.000000
3430.000000
2596.000000
1489.000000
192.000000
-1129.000000
-1941.000000
-2162.000000
-1949.000000
-765.000000
374.000000
1458.000000
2921.000000
3667.000000
3599.000000
3469.000000
2939.000000
2226.000000
1671.000000
736.000000
23.000000
-406.000000
-501.000000
-11.000000
949.000000
1703.000000
2589.000000
3352.000000
3305.000000
2874.000000
2495.000000
1849.000000
1436.000000
1233.000000
558.000000
570.000000
649.000000
844.000000
1585.000000
2253.000000
2542.000000
2982.000000
2775.000000
1947.000000
1307.000000
442.000000
28.000000
-141.000000
244.000000
391.000000
1256.000000
1981.000000
2447.000000
3500.000000
4150.000000
4495.000000
5232.000000
4562.000000
3429.000000
2355.000000
-1987.000000
-5041.000000
-8689.000000
-11008.000000
-10861.000000
-9255.000000
-6755.000000
-4518.000000
-2119.000000
-941.000000
-303.000000
-114.000000
-760.000000
-789.000000
-1305.000000
-2927.000000
-3736.000000
-5734.000000
-5769.000000
-4926.000000
-2822.000000
295.000000
2947.000000
5201.000000
6137.000000
6017.000000
4492.000000
3171.000000
1250.000000
-709.000000
-2664.000000
-4274.000000
-5926.000000
-6323.000000
-6066.000000
-5007.000000
-3121.000000
-1453.000000
364.000000
652.000000
352.000000
-771.000000
-2054.000000
-2979.000000
-3345.000000
-3081.000000
-2616.000000
-1923.000000
-1158.000000
-37.000000
1100.000000
2224.000000
3394.000000
3786.000000
3584.000000
2727.000000
1508.000000
96.000000
-957.000000
-1122.000000
-939.000000
-321.000000
647.000000
1313.000000
2287.000000
2696.000000
2846.000000
2939.000000
2257.000000
1743.000000
1044.000000
535.000000
421.000000
737.000000
1515.000000
2326.000000
2722.000000
3144.000000
3178.000000
2725.000000
2271.000000
1516.000000
676.000000
-34.000000
-429.000000
-550.000000
-346.000000
183.000000
883.000000
1979.000000
2724.000000
3288.000000
3600.000000
3240.000000
2787.000000
2159.000000
1351.000000
672.000000
109.000000
58.000000
14.000000
466.000000
858.000000
1465.000000
2347.000000
2858.000000
3439.000000
3241.000000
3397.000000
3230.000000
3111.000000
2962.000000
2496.000000
1833.000000
1094.000000
-1519.000000
-4012.000000
-6919.000000
-9220.000000
-9476.000000
-8449.000000
-6526.000000
-4322.000000
-1811.000000
-817.000000
-586.000000
-1467.000000
-2918.000000
-3418.000000
-4075.000000
-4344.000000
-4322.000000
-4724.000000
-4394.000000
-3684.000000
-2103.000000
-34.000000
2600.000000
4996.000000
6240.000000
6117.000000
4273.000000
2203.000000
-231.000000
-2198.000000
-2940.000000
-3247.000000
-2789.000000
-2274.000000
-2117.000000
-2044.000000
-2095.000000
-1822.000000
-1370.000000
-1222.000000
-1648.000000
-2307.000000
-3220.000000
-4364.000000
-4528.000000
-3944.000000
-2860.000000
-770.000000
850.000000
1989.000000
2402.000000
1932.000000
1314.000000
760.000000
348.000000
308.000000
758.000000
808.000000
952.000000
1252.000000
1302.000000
1668.000000
2240.000000
2696.000000
3218.000000
2967.000000
2065.000000
1152.000000
-105.000000
-694.000000
-358.000000
567.000000
1946.000000
3489.000000
4440.000000
4570.000000
3887.000000
2653.000000
1658.000000
874.000000
389.000000
318.000000
153.000000
16.000000
102.000000
271.000000
643.000000
1088.000000
1812.000000
2207.000000
2200.000000
1900.000000
1240.000000
668.000000
540.000000
906.000000
1702.000000
2433.000000
2940.000000
3076.000000
2824.000000
2156.000000
1435.000000
1350.000000
1209.000000
1401.000000
2015.000000
2076.000000
2145.000000
2216.000000
2367.000000
2459.000000
2848.000000
2520.000000
2222.000000
888.000000
-2358.000000
-4797.000000
-7915.000000
-9553.000000
-9000.000000
-6976.000000
-4347.000000
-1116.000000
749.000000
886.000000
-506.000000
-3486.000000
-6348.000000
-7877.000000
-8667.000000
-7591.000000
-5705.000000
-4087.000000
-2150.000000
-919.000000
102.000000
1070.000000
2117.000000
2945.000000
3597.000000
2715.000000
1620.000000
26.000000
-2037.000000
-2608.000000
-2292.000000
-1025.000000
1191.000000
2827.000000
3131.000000
2363.000000
450.000000
-1676.000000
-3001.000000
-3826.000000
-3649.000000
-2479.000000
-1490.000000
-669.000000
-76.000000
-466.000000
-701.000000
-1078.000000
-1389.000000
-1577.000000
-2236.000000
-2578.000000
-2996.000000
-3138.000000
-2570.000000
-1378.000000
-22.000000
1523.000000
2765.000000
3216.000000
3015.000000
2285.000000
1318.000000
748.000000
687.000000
1257.000000
2494.000000
3683.000000
4679.000000
5377.000000
5493.000000
5252.000000
4662.000000
4080.000000
3481.000000
2872.000000
2380.000000
2100.000000
1805.000000
1703.000000
1683.000000
1505.000000
1220.000000
708.000000
38.000000
-633.000000
-1308.000000
-1822.000000
-1922.000000
-1760.000000
-1132.000000
-265.000000
530.000000
1465.000000
2044.000000
2250.000000
2106.000000
1764.000000
1341.000000
1165.000000
1141.000000
1443.000000
1950.000000
2492.000000
2984.000000
3379.000000
3328.000000
2852.000000
2631.000000
2096.000000
1509.000000
1194.000000
1034.000000
823.000000
928.000000
-223.000000
-1352.000000
-3280.000000
-5316.000000
-6340.000000
-6541.000000
-5996.000000
-4365.000000
-2682.000000
-1644.000000
-1575.000000
-2941.000000
-4937.000000
-6852.000000
-8181.000000
-7925.000000
-6115.000000
-4090.000000
-1474.000000
215.000000
651.000000
320.000000
-720.000000
-1820.000000
-2239.000000
-2228.000000
-1370.000000
-142.000000
563.000000
1060.000000
1011.000000
622.000000
487.000000
675.000000
892.000000
1352.000000
1573.000000
1574.000000
1589.000000
1013.000000
592.000000
437.000000
275.000000
575.000000
1048.000000
968.000000
622.000000
-97.000000
-1175.000000
-2149.000000
-3050.000000
-3550.000000
-3378.000000
-2832.000000
-2041.000000
-1091.000000
-503.000000
-342.000000
-465.000000
-920.000000
-1428.000000
-1675.000000
-1485.000000
-673.000000
553.000000
1895.000000
3299.000000
4149.000000
4339.000000
4162.000000
3729.000000
3446.000000
3505.000000
4015.000000
4629.000000
5262.000000
5482.000000
5358.000000
4730.000000
3846.000000
3091.000000
2402.000000
1965.000000
1816.000000
1731.000000
1586.000000
1424.000000
902.000000
366.000000
-140.000000
-662.000000
-800.000000
-887.000000
-791.000000
-683.000000
-731.000000
-798.000000
-1087.000000
-1122.000000
-1073.000000
-858.000000
-446.000000
-115.000000
205.000000
313.000000
145.000000
-1.000000
-125.000000
156.000000
578.000000
1243.000000
1949.000000
2367.000000
2492.000000
1638.000000
511.000000
-1016.000000
-2478.000000
-3001.000000
-2931.000000
-2287.000000
-840.000000
356.000000
1157.000000
1170.000000
58.000000
-1723.000000
-3515.000000
-5092.000000
-5643.000000
-5084.000000
-3976.000000
-2129.000000
-874.000000
-333.000000
-909.000000
-2410.000000
-4232.000000
-5874.000000
-6585.000000
-6156.000000
-4679.000000
-2706.000000
-785.000000
561.000000
831.000000
303.000000
-716.000000
-1994.000000
-2500.000000
-2387.000000
-1258.000000
429.000000
2012.000000
3493.000000
4084.000000
3994.000000
3285.000000
2210.000000
1300.000000
805.000000
785.000000
1238.000000
1823.000000
2225.000000
2363.000000
2001.000000
1173.000000
158.000000
-756.000000
-1460.000000
-1664.000000
-1654.000000
-1367.000000
-904.000000
-529.000000
-168.000000
0.000000
-37.000000
-50.000000
-66.000000
-85.000000
189.000000
317.000000
772.000000
1369.000000
1722.000000
2224.000000
2385.000000
2314.000000
2200.000000
1915.000000
1619.000000
1457.000000
1582.000000
1867.000000
2380.000000
2767.000000
3069.000000
3170.000000
2928.000000
2605.000000
2055.000000
1598.000000
1190.000000
1003.000000
925.000000
860.000000
857.000000
798.000000
648.000000
308.000000
-170.000000
-640.000000
-1126.000000
-1356.000000
-1423.000000
-1298.000000
-1068.000000
-894.000000
-787.000000
-1020.000000
-1309.000000
-1745.000000
-1916.000000
-1977.000000
-1838.000000
-1414.000000
-919.000000
-393.000000
176.000000
401.000000
450.000000
285.000000
-55.000000
-226.000000
-436.000000
-340.000000
5.000000
495.000000
1057.000000
1378.000000
1355.000000
1025.000000
412.000000
-230.000000
-667.000000
-835.000000
-819.000000
-536.000000
-356.000000
-531.000000
-892.000000
-1652.000000
-2463.000000
-3086.000000
-3417.000000
-3211.000000
-2587.000000
-1917.000000
-1228.000000
-875.000000
-1006.000000
-1393.000000
-2021.000000
-2567.000000
-2816.000000
-2721.000000
-2008.000000
-1020.000000
-122.000000
791.000000
1101.000000
833.000000
480.000000
-170.000000
-620.000000
-636.000000
-409.000000
166.000000
941.000000
1393.000000
1565.000000
1412.000000
816.000000
296.000000
-48.000000
-116.000000
190.000000
710.000000
1270.000000
1627.000000
1622.000000
1312.000000
782.000000
80.000000
-339.000000
-566.000000
-525.000000
-146.000000
284.000000
694.000000
965.000000
996.000000
791.000000
567.000000
184.000000
-49.000000
-1.000000
117.000000
526.000000
1031.000000
1386.000000
1591.000000
1591.000000
1388.000000
1171.000000
1048.000000
984.000000
1105.000000
1341.000000
1610.000000
1766.000000
1680.000000
1404.000000
1095.000000
813.000000
626.000000
587.000000
640.000000
751.000000
886.000000
977.000000
958.000000
708.000000
404.000000
-83.000000
-570.000000
-826.000000
-869.000000
-608.000000
-224.000000
173.000000
463.000000
596.000000
430.000000
116.000000
-167.000000
-495.000000
-534.000000
-458.000000
-601.000000
-618.000000
-699.000000
-780.000000
-780.000000
-774.000000
-739.000000
-513.000000
-422.000000
-325.000000
-247.000000
-414.000000
-564.000000
-647.000000
-825.000000
-948.000000
-895.000000
-950.000000
-817.000000
-749.000000
-656.000000
-517.000000
-482.000000
-614.000000
-648.000000
-919.000000
-1186.000000
-1310.000000
-1543.000000
-1622.000000
-1588.000000
-1458.000000
-1381.000000
-1270.000000
-1173.000000
-1019.000000
-813.000000
-666.000000
-503.000000
-376.000000
-352.000000
-388.000000
-284.000000
-323.000000
-323.000000
-116.000000
41.000000
232.000000
385.000000
555.000000
636.000000
618.000000
556.000000
379.000000
272.000000
-71.000000
-247.000000
-253.000000
-311.000000
-143.000000
37.000000
120.000000
150.000000
127.000000
75.000000
34.000000
-40.000000
9.000000
97.000000
393.000000
548.000000
728.000000
848.000000
850.000000
943.000000
994.000000
1168.000000
1274.000000
1461.000000
1611.000000
1698.000000
1715.000000
1601.000000
1435.000000
1235.000000
1011.000000
822.000000
661.000000
574.000000
585.000000
606.000000
667.000000
662.000000
554.000000
364.000000
179.000000
27.000000
23.000000
108.000000
264.000000
383.000000
376.000000
349.000000
307.000000
174.000000
248.000000
311.000000
362.000000
531.000000
528.000000
425.000000
330.000000
189.000000
47.000000
-48.000000
-161.000000
-301.000000
-378.000000
-465.000000
-469.000000
-343.000000
-195.000000
-2.000000
130.000000
126.000000
6.000000
-208.000000
-495.000000
-649.000000
-780.000000
-721.000000
-519.000000
-469.000000
-471.000000
-500.000000
-620.000000
-700.000000
-792.000000
-924.000000
-1046.000000
-1116.000000
-1132.000000
-1207.000000
-1267.000000
-1324.000000
-1327.000000
-1240.000000
-1163.000000
-1044.000000
-886.000000
-706.000000
-518.000000
-407.000000
-278.000000
-279.000000
-265.000000
-223.000000
-233.000000
-123.000000
23.000000
167.000000
334.000000
371.000000
411.000000
433.000000
368.000000
230.000000
53.000000
-67.000000
-239.000000
-304.000000
-405.000000
-531.000000
-563.000000
-608.000000
-587.000000
-546.000000
-625.000000
-599.000000
-598.000000
-651.000000
-572.000000
-502.000000
-396.000000
-194.000000
-27.000000
148.000000
380.000000
514.000000
722.000000
815.000000
864.000000
934.000000
928.000000
863.000000
861.000000
837.000000
881.000000
1013.000000
1006.000000
1089.000000
1016.000000
809.000000
649.000000
450.000000
345.000000
388.000000
543.000000
690.000000
811.000000
914.000000
918.000000
904.000000
815.000000
743.000000
687.000000
661.000000
559.000000
459.000000
367.000000
251.000000
188.000000
224.000000
234.000000
165.000000
181.000000
171.000000
137.000000
176.000000
124.000000
68.000000
71.000000
-3.000000
-33.000000
-15.000000
-6.000000
77.000000
273.000000
446.000000
575.000000
680.000000
699.000000
646.000000
525.000000
387.000000
220.000000
120.000000
51.000000
-19.000000
-26.000000
-36.000000
-48.000000
-130.000000
-258.000000
-480.000000
-680.000000
-879.000000
-997.000000
-1073.000000
-1055.000000
-1036.000000
-1009.000000
-1009.000000
-1122.000000
-1140.000000
-1166.000000
-1097.000000
-1043.000000
-947.000000
-823.000000
-782.000000
-689.000000
-638.000000
-602.000000
-560.000000
-491.000000
-490.000000
-531.000000
-533.000000
-613.000000
-529.000000
-495.000000
-517.000000
-439.000000
-447.000000
-432.000000
-341.000000
-303.000000
-226.000000
-195.000000
-139.000000
-227.000000
-340.000000
-534.000000
-729.000000
-807.000000
-846.000000
-741.000000
-553.000000
-325.000000
-76.000000
193.000000
314.000000
390.000000
370.000000
317.000000
289.000000
271.000000
312.000000
351.000000
394.000000
402.000000
436.000000
457.000000
488.000000
517.000000
523.000000
497.000000
520.000000
502.000000
515.000000
614.000000
673.000000
854.000000
941.000000
1040.000000
1049.000000
1045.000000
1021.000000
1032.000000
1000.000000
904.000000
797.000000
656.000000
552.000000
536.000000
587.000000
683.000000
811.000000
870.000000
862.000000
754.000000
578.000000
359.000000
209.000000
104.000000
7.000000
17.000000
44.000000
43.000000
110.000000
148.000000
151.000000
207.000000
278.000000
246.000000
280.000000
258.000000
184.000000
203.000000
156.000000
116.000000
81.000000
55.000000
85.000000
69.000000
95.000000
189.000000
220.000000
270.000000
285.000000
196.000000
116.000000
36.000000
-33.000000
-96.000000
-131.000000
-162.000000
-192.000000
-273.000000
-396.000000
-528.000000
-657.000000
-724.000000
-803.000000
-855.000000
-866.000000
-970.000000
-999.000000
-1035.000000
-1131.000000
-1202.000000
-1230.000000
-1246.000000
-1219.000000
-1092.000000
-1000.000000
-919.000000
-824.000000
-839.000000
-807.000000
-836.000000
-890.000000
-864.000000
-817.000000
-773.000000
-671.000000
-630.000000
-637.000000
-624.000000
-638.000000
-602.000000
-568.000000
-436.000000
-271.000000
-94.000000
40.000000
117.000000
126.000000
57.000000
-9.000000
-49.000000
-39.000000
46.000000
187.000000
253.000000
340.000000
333.000000
339.000000
331.000000
266.000000
228.000000
196.000000
183.000000
157.000000
197.000000
200.000000
245.000000
321.000000
385.000000
424.000000
420.000000
417.000000
482.000000
508.000000
617.000000
759.000000
831.000000
914.000000
932.000000
966.000000
973.000000
1014.000000
1098.000000
1184.000000
1231.000000
1218.000000
1163.000000
1066.000000
931.000000
850.000000
834.000000
831.000000
835.000000
854.000000
872.000000
785.000000
720.000000
628.000000
518.000000
451.000000
357.000000
282.000000
217.000000
118.000000
56.000000
0.000000
-41.000000
-47.000000
18.000000
114.000000
182.000000
283.000000
302.000000
300.000000
276.000000
175.000000
94.000000
-29.000000
-99.000000
-153.000000
-192.000000
-210.000000
-202.000000
-242.000000
-306.000000
-378.000000
-509.000000
-567.000000
-648.000000
-712.000000
-734.000000
-791.000000
-783.000000
-705.000000
-674.000000
-596.000000
-558.000000
-561.000000
-575.000000
-592.000000
-669.000000
-710.000000
-720.000000
-764.000000
-754.000000
-833.000000
-887.000000
-942.000000
-1006.000000
-1048.000000
-1066.000000
-1099.000000
-1152.000000
-1172.000000
-1210.000000
-1238.000000
-1175.000000
-1087.000000
-978.000000
-837.000000
-699.000000
-612.000000
-517.000000
-532.000000
-537.000000
-489.000000
-442.000000
-244.000000
-73.000000
73.000000
172.000000
287.000000
304.000000
294.000000
308.000000
283.000000
327.000000
403.000000
419.000000
446.000000
428.000000
370.000000
384.000000
340.000000
357.000000
418.000000
521.000000
623.000000
699.000000
794.000000
844.000000
863.000000
841.000000
805.000000
714.000000
627.000000
616.000000
602.000000
646.000000
753.000000
875.000000
979.000000
1022.000000
965.000000
897.000000
841.000000
785.000000
803.000000
846.000000
854.000000
875.000000
844.000000
787.000000
731.000000
638.000000
585.000000
537.000000
516.000000
572.000000
620.000000
678.000000
692.000000
689.000000
647.000000
573.000000
465.000000
346.000000
266.000000
185.000000
179.000000
159.000000
120.000000
80.000000
-26.000000
-137.000000
-243.000000
-388.000000
-552.000000
-656.000000
-761.000000
-846.000000
-905.000000
-992.000000
-1031.000000
-1019.000000
-980.000000
-884.000000
-774.000000
-627.000000
-531.000000
-412.000000
-367.000000
-361.000000
-361.000000
-400.000000
-429.000000
-493.000000
-500.000000
-526.000000
-520.000000
-481.000000
-508.000000
-547.000000
-538.000000
-628.000000
-699.000000
-723.000000
-764.000000
-782.000000
-828.000000
-900.000000
-922.000000
-934.000000
-889.000000
-820.000000
-712.000000
-595.000000
-486.000000
-373.000000
-369.000000
-390.000000
-410.000000
-389.000000
-363.000000
-275.000000
-200.000000
-90.000000
6.000000
49.000000
45.000000
29.000000
22.000000
38.000000
134.000000
211.000000
304.000000
433.000000
496.000000
571.000000
603.000000
634.000000
676.000000
656.000000
639.000000
597.000000
566.000000
555.000000
568.000000
549.000000
537.000000
492.000000
482.000000
493.000000
520.000000
572.000000
624.000000
695.000000
685.000000
701.000000
638.000000
548.000000
495.000000
445.000000
445.000000
434.000000
437.000000
455.000000
465.000000
463.000000
458.000000
455.000000
449.000000
437.000000
444.000000
437.000000
471.000000
497.000000
508.000000
516.000000
461.000000
415.000000
363.000000
300.000000
279.000000
276.000000
294.000000
310.000000
300.000000
197.000000
50.000000
-122.000000
-296.000000
-408.000000
-511.000000
-521.000000
-515.000000
-489.000000
-453.000000
-462.000000
-483.000000
-495.000000
-546.000000
-525.000000
-500.000000
-477.000000
-429.000000
-435.000000
-432.000000
-456.000000
-452.000000
-470.000000
-442.000000
-365.000000
-297.000000
-196.000000
-130.000000
-101.000000
-149.000000
-222.000000
-338.000000
-463.000000
-535.000000
-554.000000
-538.000000
-453.000000
-388.000000
-342.000000
-320.000000
-318.000000
-352.000000
-391.000000
-392.000000
-407.000000
-388.000000
-390.000000
-378.000000
-380.000000
-411.000000
-454.000000
-485.000000
-506.000000
-449.000000
-378.000000
-281.000000
-148.000000
-90.000000
12.000000
63.000000
62.000000
69.000000
82.000000
87.000000
117.000000
175.000000
197.000000
213.000000
229.000000
248.000000
247.000000
260.000000
265.000000
339.000000
389.000000
385.000000
420.000000
414.000000
367.000000
359.000000
339.000000
322.000000
348.000000
372.000000
397.000000
439.000000
462.000000
462.000000
483.000000
446.000000
418.000000
418.000000
367.000000
330.000000
270.000000
212.000000
144.000000
112.000000
56.000000
8.000000
7.000000
32.000000
100.000000
147.000000
209.000000
293.000000
339.000000
383.000000
371.000000
314.000000
266.000000
206.000000
190.000000
192.000000
200.000000
195.000000
227.000000
217.000000
192.000000
217.000000
187.000000
157.000000
131.000000
102.000000
68.000000
9.000000
-51.000000
-132.000000
-201.000000
-253.000000
-302.000000
-324.000000
-333.000000
-287.000000
-199.000000
-126.000000
-95.000000
-86.000000
-86.000000
-129.000000
-140.000000
-194.000000
-231.000000
-231.000000
-242.000000
-238.000000
-219.000000
-236.000000
-220.000000
-199.000000
-202.000000
-165.000000
-157.000000
-169.000000
-182.000000
-223.000000
-283.000000
-330.000000
-391.000000
-426.000000
-467.000000
-470.000000
-467.000000
-414.000000
-378.000000
-333.000000
-267.000000
-235.000000
-205.000000
-183.000000
-191.000000
-224.000000
-231.000000
-240.000000
-271.000000
-293.000000
-310.000000
-327.000000
-296.000000
-256.000000
-175.000000
-92.000000
-23.000000
11.000000
54.000000
65.000000
47.000000
64.000000
55.000000
82.000000
99.000000
146.000000
175.000000
205.000000
248.000000
289.000000
366.000000
402.000000
462.000000
508.000000
508.000000
494.000000
474.000000
412.000000
365.000000
342.000000
286.000000
238.000000
190.000000
132.000000
93.000000
109.000000
104.000000
118.000000
156.000000
175.000000
175.000000
159.000000
116.000000
79.000000
60.000000
33.000000
37.000000
37.000000
40.000000
63.000000
85.000000
128.000000
184.000000
242.000000
325.000000
372.000000
378.000000
382.000000
338.000000
292.000000
251.000000
173.000000
107.000000
80.000000
44.000000
16.000000
14.000000
26.000000
26.000000
53.000000
80.000000
71.000000
82.000000
50.000000
-4.000000
-75.000000
-177.000000
-242.000000
-283.000000
-309.000000
-280.000000
-236.000000
-172.000000
-118.000000
-123.000000
-113.000000
-155.000000
-190.000000
-212.000000
-248.000000
-295.000000
-320.000000
-300.000000
-300.000000
-261.000000
-252.000000
-204.000000
-178.000000
-171.000000
-150.000000
-136.000000
-130.000000
-113.000000
-92.000000
-84.000000
-77.000000
-121.000000
-140.000000
-186.000000
-237.000000
-259.000000
-283.000000
-274.000000
-247.000000
-207.000000
-161.000000
-130.000000
-104.000000
-114.000000
-141.000000
-189.000000
-233.000000
-240.000000
-252.000000
-227.000000
-187.000000
-135.000000
-39.000000
32.000000
110.000000
148.000000
140.000000
140.000000
113.000000
76.000000
67.000000
83.000000
99.000000
148.000000
165.000000
173.000000
204.000000
215.000000
229.000000
286.000000
311.000000
335.000000
371.000000
332.000000
298.000000
248.000000
185.000000
130.000000
77.000000
17.000000
-16.000000
-32.000000
-49.000000
-32.000000
-41.000000
-21.000000
-3.000000
28.000000
61.000000
64.000000
89.000000
107.000000
155.000000
208.000000
238.000000
259.000000
266.000000
273.000000
274.000000
258.000000
241.000000
230.000000
202.000000
201.000000
197.000000
214.000000
238.000000
252.000000
249.000000
221.000000
166.000000
84.000000
26.000000
-25.000000
-68.000000
-72.000000
-89.000000
-99.000000
-108.000000
-104.000000
-113.000000
-105.000000
-107.000000
-126.000000
-140.000000
-181.000000
-213.000000
-254.000000
-262.000000
-272.000000
-262.000000
-247.000000
-234.000000
-208.000000
-198.000000
-200.000000
-192.000000
-195.000000
-200.000000
-181.000000
-187.000000
-207.000000
-210.000000
-219.000000
-221.000000
-200.000000
-183.000000
-170.000000
-161.000000
-164.000000
-162.000000
-163.000000
-144.000000
-126.000000
-121.000000
-105.000000
-126.000000
-138.000000
-137.000000
-163.000000
-167.000000
-156.000000
-133.000000
-121.000000
-82.000000
-58.000000
-33.000000
-6.000000
-9.000000
-14.000000
-27.000000
-49.000000
-56.000000
-54.000000
-26.000000
6.000000
45.000000
104.000000
143.000000
198.000000
245.000000
283.000000
291.000000
311.000000
320.000000
314.000000
316.000000
281.000000
257.000000
199.000000
158.000000
130.000000
91.000000
52.000000
25.000000
26.000000
23.000000
35.000000
58.000000
75.000000
79.000000
95.000000
95.000000
75.000000
64.000000
78.000000
117.000000
170.000000
219.000000
247.000000
284.000000
302.000000
312.000000
332.000000
324.000000
324.000000
304.000000
293.000000
263.000000
243.000000
226.000000
198.000000
194.000000
165.000000
153.000000
109.000000
51.000000
-12.000000
-46.000000
-90.000000
-106.000000
-108.000000
-113.000000
-101.000000
-112.000000
-108.000000
-118.000000
-145.000000
-167.000000
-196.000000
-235.000000
-236.000000
-235.000000
-223.000000
-197.000000
-189.000000
-178.000000
-178.000000
-193.000000
-214.000000
-243.000000
-262.000000
-265.000000
-265.000000
-267.000000
-270.000000
-262.000000
-259.000000
-255.000000
-248.000000
-256.000000
-244.000000
-237.000000
-236.000000
-206.000000
-200.000000
-193.000000
-170.000000
-151.000000
-127.000000
-126.000000
-129.000000
-155.000000
-174.000000
-188.000000
-186.000000
-168.000000
-152.000000
-139.000000
-129.000000
-113.000000
-150.000000
-134.000000
-144.000000
-168.000000
-145.000000
-145.000000
-105.000000
-54.000000
0.000000
51.000000
92.000000
121.000000
159.000000
178.000000
203.000000
227.000000
244.000000
288.000000
315.000000
318.000000
295.000000
290.000000
258.000000
266.000000
268.000000
248.000000
237.000000
204.000000
189.000000
177.000000
173.000000
157.000000
160.000000
161.000000
154.000000
152.000000
113.000000
83.000000
66.000000
82.000000
108.000000
136.000000
189.000000
242.000000
304.000000
313.000000
312.000000
297.000000
272.000000
280.000000
304.000000
332.000000
355.000000
368.000000
361.000000
312.000000
247.000000
193.000000
130.000000
105.000000
70.000000
50.000000
69.000000
69.000000
98.000000
96.000000
86.000000
48.000000
-14.000000
-65.000000
-133.000000
-162.000000
-184.000000
-205.000000
-188.000000
-180.000000
-164.000000
-166.000000
-217.000000
-229.000000
-248.000000
-269.000000
-293.000000
-330.000000
-363.000000
-373.000000
-337.000000
-311.000000
-283.000000
-321.000000
-360.000000
-368.000000
-374.000000
-339.000000
-332.000000
-299.000000
-259.000000
-194.000000
-178.000000
-215.000000
-260.000000
-304.000000
-273.000000
-220.000000
-171.000000
-141.000000
-151.000000
-135.000000
-99.000000
-86.000000
-52.000000
-74.000000
-80.000000
-73.000000
-114.000000
-117.000000
-149.000000
-152.000000
-134.000000
-95.000000
-27.000000
18.000000
47.000000
67.000000
99.000000
113.000000
114.000000
109.000000
93.000000
81.000000
93.000000
138.000000
182.000000
202.000000
219.000000
227.000000
233.000000
260.000000
257.000000
268.000000
286.000000
305.000000
340.000000
318.000000
239.000000
151.000000
91.000000
66.000000
74.000000
108.000000
154.000000
199.000000
234.000000
267.000000
231.000000
183.000000
180.000000
191.000000
253.000000
286.000000
319.000000
338.000000
321.000000
342.000000
333.000000
315.000000
299.000000
240.000000
203.000000
99.000000
74.000000
71.000000
88.000000
124.000000
-13.000000
-110.000000
-392.000000
-551.000000
-501.000000
-681.000000
-722.000000
-921.000000
-917.000000
-617.000000
-320.000000
163.000000
263.000000
197.000000
1.000000
-400.000000
-672.000000
-830.000000
-552.000000
17.000000
541.000000
785.000000
508.000000
59.000000
-341.000000
-400.000000
-29.000000
507.000000
986.000000
1177.000000
1065.000000
604.000000
65.000000
-349.000000
-464.000000
-292.000000
17.000000
352.000000
367.000000
220.000000
54.000000
-113.000000
-121.000000
-111.000000
-122.000000
-149.000000
-156.000000
-16.000000
14.000000
54.000000
-20.000000
-169.000000
-135.000000
-90.000000
143.000000
332.000000
400.000000
441.000000
415.000000
536.000000
551.000000
451.000000
365.000000
204.000000
119.000000
61.000000
4.000000
-65.000000
-65.000000
108.000000
245.000000
235.000000
41.000000
-256.000000
-486.000000
-581.000000
-604.000000
-643.000000
-755.000000
-972.000000
-1078.000000
-1169.000000
-1216.000000
-1179.000000
-1202.000000
-1151.000000
-1121.000000
-1044.000000
-873.000000
-789.000000
-689.000000
-640.000000
-634.000000
-609.000000
-537.000000
-380.000000
-291.000000
-163.000000
-44.000000
39.000000
241.000000
379.000000
552.000000
724.000000
856.000000
1020.000000
987.000000
859.000000
628.000000
491.000000
595.000000
719.000000
892.000000
916.000000
883.000000
842.000000
777.000000
853.000000
777.000000
709.000000
754.000000
864.000000
1155.000000
1433.000000
1651.000000
1734.000000
1732.000000
1777.000000
1789.000000
1786.000000
1735.000000
1679.000000
1692.000000
1826.000000
2122.000000
2401.000000
2562.000000
2560.000000
2281.000000
1687.000000
690.000000
-658.000000
-1832.000000
-2465.000000
-2294.000000
-1514.000000
-895.000000
-803.000000
-1317.000000
-2162.000000
-2977.000000
-3736.000000
-4364.000000
-4806.000000
-4917.000000
-4629.000000
-4037.000000
-3371.000000
-2807.000000
-2360.000000
-2038.000000
-1883.000000
-1874.000000
-1941.000000
-1911.000000
-1513.000000
-754.000000
274.000000
1247.000000
1864.000000
2175.000000
2300.000000
2322.000000
2256.000000
1989.000000
1476.000000
914.000000
563.000000
532.000000
761.000000
921.000000
806.000000
363.000000
-355.000000
-1108.000000
-1776.000000
-2353.000000
-2743.000000
-2967.000000
-3052.000000
-3005.000000
-2974.000000
-2924.000000
-2778.000000
-2549.000000
-2209.000000
-1888.000000
-1719.000000
-1588.000000
-1338.000000
-784.000000
35.000000
964.000000
1853.000000
2550.000000
3089.000000
3561.000000
3926.000000
4234.000000
4455.000000
4582.000000
4753.000000
4926.000000
5133.000000
5386.000000
5501.000000
5519.000000
5347.000000
5052.000000
4743.000000
4338.000000
3920.000000
3388.000000
2871.000000
2441.000000
2085.000000
1797.000000
1411.000000
1067.000000
781.000000
549.000000
483.000000
346.000000
265.000000
390.000000
588.000000
655.000000
77.000000
-1401.000000
-3234.000000
-4697.000000
-5106.000000
-4394.000000
-3131.000000
-2134.000000
-1677.000000
-1770.000000
-2234.000000
-2766.000000
-3495.000000
-4225.000000
-4751.000000
-5139.000000
-5158.000000
-4938.000000
-4483.000000
-3655.000000
-2594.000000
-1614.000000
-1019.000000
-956.000000
-1330.000000
-1611.000000
-1533.000000
-1085.000000
-417.000000
47.000000
386.000000
805.000000
1399.000000
2215.000000
2809.000000
2886.000000
2401.000000
1624.000000
883.000000
391.000000
118.000000
-124.000000
-341.000000
-600.000000
-1002.000000
-1459.000000
-2057.000000
-2696.000000
-3282.000000
-3871.000000
-4510.000000
-5123.000000
-5533.000000
-5467.000000
-4859.000000
-3912.000000
-2961.000000
-2262.000000
-1916.000000
-1727.000000
-1518.000000
-1238.000000
-734.000000
-47.000000
756.000000
1704.000000
2650.000000
3613.000000
4663.000000
5651.000000
6484.000000
6939.000000
6901.000000
6535.000000
6110.000000
5795.000000
5583.000000
5405.000000
5225.000000
4983.000000
4729.000000
4350.000000
3858.000000
3180.000000
2398.000000
1634.000000
874.000000
230.000000
-228.000000
-493.000000
-528.000000
-423.000000
-317.000000
-303.000000
-399.000000
-514.000000
-525.000000
-400.000000
-167.000000
96.000000
489.000000
1072.000000
1901.000000
2802.000000
3156.000000
2621.000000
1116.000000
-748.000000
-2105.000000
-2588.000000
-2121.000000
-1284.000000
-720.000000
-394.000000
-513.000000
-831.000000
-1414.000000
-2192.000000
-3013.000000
-3890.000000
-4737.000000
-5575.000000
-6191.000000
-6231.000000
-5600.000000
-4244.000000
-2830.000000
-1699.000000
-1039.000000
-795.000000
-632.000000
-480.000000
-314.000000
-147.000000
-54.000000
120.000000
591.000000
1323.000000
2179.000000
3040.000000
3511.000000
3524.000000
3178.000000
2464.000000
1634.000000
702.000000
-236.000000
-1065.000000
-1824.000000
-2465.000000
-2951.000000
-3294.000000
-3568.000000
-3862.000000
-4212.000000
-4779.000000
-5300.000000
-5791.000000
-5991.000000
-5776.000000
-5286.000000
-4499.000000
-3563.000000
-2715.000000
-1844.000000
-1016.000000
-138.000000
781.000000
1689.000000
2403.000000
2862.000000
3224.000000
3635.000000
4271.000000
5069.000000
5753.000000
6343.000000
6668.000000
6796.000000
6731.000000
6303.000000
5623.000000
4829.000000
4025.000000
3321.000000
2586.000000
1742.000000
971.000000
337.000000
-28.000000
-289.000000
-605.000000
-1080.000000
-1541.000000
-1754.000000
-1699.000000
-1467.000000
-1197.000000
-1084.000000
-898.000000
-587.000000
-100.000000
532.000000
1126.000000
1647.000000
2152.000000
2621.000000
3135.000000
3655.000000
4290.000000
4931.000000
5571.000000
5769.000000
5174.000000
3758.000000
1670.000000
-219.000000
-1445.000000
-1887.000000
-1757.000000
-1684.000000
-1830.000000
-2061.000000
-2390.000000
-2680.000000
-3067.000000
-3564.000000
-4278.000000
-5120.000000
-6163.000000
-7122.000000
-7590.000000
-7287.000000
-6147.000000
-4540.000000
-3096.000000
-1818.000000
-856.000000
66.000000
1036.000000
1806.000000
2252.000000
2339.000000
1993.000000
1612.000000
1437.000000
1616.000000
2155.000000
2848.000000
3218.000000
3245.000000
2862.000000
2258.000000
1594.000000
801.000000
-192.000000
-1416.000000
-2875.000000
-4251.000000
-5332.000000
-5952.000000
-6097.000000
-5936.000000
-5736.000000
-5671.000000
-5623.000000
-5607.000000
-5375.000000
-4867.000000
-4276.000000
-3611.000000
-3008.000000
-2524.000000
-1856.000000
-1033.000000
134.000000
1571.000000
3033.000000
4241.000000
5110.000000
5564.000000
5827.000000
6004.000000
6086.000000
6062.000000
5939.000000
5647.000000
5391.000000
5089.000000
4762.000000
4449.000000
4151.000000
3799.000000
3310.000000
2620.000000
1728.000000
798.000000
-52.000000
-761.000000
-1298.000000
-1724.000000
-1921.000000
-1849.000000
-1597.000000
-1134.000000
-601.000000
-83.000000
366.000000
709.000000
890.000000
1073.000000
1310.000000
1688.000000
2167.000000
2648.000000
3068.000000
3481.000000
3953.000000
4566.000000
5226.000000
5814.000000
5763.000000
4909.000000
3118.000000
855.000000
-1136.000000
-2489.000000
-3116.000000
-3219.000000
-3326.000000
-3254.000000
-3247.000000
-3300.000000
-3382.000000
-3562.000000
-3849.000000
-4290.000000
-5116.000000
-6232.000000
-7317.000000
-7852.000000
-7625.000000
-6596.000000
-5277.000000
-3793.000000
-2216.000000
-687.000000
815.000000
2053.000000
2890.000000
3368.000000
3329.000000
2842.000000
2093.000000
1362.000000
978.000000
1060.000000
1383.000000
1664.000000
1916.000000
2047.000000
2154.000000
2079.000000
1598.000000
689.000000
-616.000000
-2151.000000
-3665.000000
-5016.000000
-6027.000000
-6526.000000
-6512.000000
-6206.000000
-5718.000000
-5109.000000
-4359.000000
-3458.000000
-2546.000000
-1786.000000
-1252.000000
-885.000000
-626.000000
-379.000000
-59.000000
486.000000
1435.000000
2690.000000
3987.000000
5191.000000
6074.000000
6731.000000
7205.000000
7285.000000
6974.000000
6303.000000
5345.000000
4417.000000
3484.000000
2588.000000
1936.000000
1552.000000
1426.000000
1429.000000
1326.000000
1055.000000
629.000000
105.000000
-517.000000
-1216.000000
-1895.000000
-2391.000000
-2650.000000
-2693.000000
-2514.000000
-2034.000000
-1296.000000
-363.000000
567.000000
1304.000000
1877.000000
2367.000000
2754.000000
2979.000000
3035.000000
2946.000000
2907.000000
3002.000000
3181.000000
3478.000000
3935.000000
4401.000000
4627.000000
4177.000000
2854.000000
895.000000
-1037.000000
-2592.000000
-3652.000000
-4361.000000
-4911.000000
-5199.000000
-5212.000000
-5066.000000
-4713.000000
-4309.000000
-3876.000000
-3536.000000
-3623.000000
-4202.000000
-4963.000000
-5605.000000
-5804.000000
-5503.000000
-4828.000000
-3837.000000
-2482.000000
-967.000000
655.000000
2296.000000
3703.000000
4788.000000
5326.000000
5091.000000
4341.000000
3382.000000
2503.000000
1773.000000
1174.000000
637.000000
400.000000
458.000000
717.000000
1009.000000
1092.000000
866.000000
407.000000
-465.000000
-1640.000000
-2942.000000
-4185.000000
-5188.000000
-5883.000000
-6440.000000
-6663.000000
-6398.000000
-5606.000000
-4354.000000
-2957.000000
-1687.000000
-592.000000
284.000000
815.000000
1089.000000
1207.000000
1310.000000
1586.000000
1966.000000
2354.000000
2870.000000
3521.000000
4380.000000
5254.000000
5838.000000
6001.000000
5865.000000
5451.000000
4846.000000
3999.000000
2949.000000
1916.000000
1103.000000
493.000000
60.000000
-301.000000
-502.000000
-507.000000
-376.000000
-319.000000
-399.000000
-620.000000
-902.000000
-1197.000000
-1467.000000
-1671.000000
-1723.000000
-1566.000000
-1181.000000
-688.000000
-37.000000
727.000000
1539.000000
2339.000000
2947.000000
3325.000000
3547.000000
3616.000000
3514.000000
3378.000000
3191.000000
3131.000000
3224.000000
3258.000000
2894.000000
2252.000000
1072.000000
-91.000000
-1124.000000
-1959.000000
-2645.000000
-3133.000000
-3749.000000
-4002.000000
-4287.000000
-4405.000000
-4334.000000
-4034.000000
-3849.000000
-3551.000000
-3785.000000
-4101.000000
-4335.000000
-4321.000000
-4138.000000
-3695.000000
-3394.000000
-2791.000000
-1979.000000
-971.000000
142.000000
1444.000000
2506.000000
3498.000000
3964.000000
3892.000000
3631.000000
3289.000000
2863.000000
2427.000000
1665.000000
840.000000
291.000000
-26.000000
-133.000000
-77.000000
-114.000000
-229.000000
-403.000000
-909.000000
-1507.000000
-2129.000000
-2753.000000
-3339.000000
-4006.000000
-4802.000000
-5329.000000
-5450.000000
-5104.000000
-4369.000000
-3380.000000
-2480.000000
-1427.000000
-493.000000
302.000000
1090.000000
1703.000000
2172.000000
2646.000000
2798.000000
2924.000000
3088.000000
3328.000000
3702.000000
4082.000000
4277.000000
4409.000000
4465.000000
4426.000000
4288.000000
3949.000000
3377.000000
2750.000000
2045.000000
1326.000000
711.000000
168.000000
-250.000000
-547.000000
-779.000000
-993.000000
-1103.000000
-1156.000000
-1140.000000
-1122.000000
-1090.000000
-1048.000000
-945.000000
-828.000000
-611.000000
-333.000000
72.000000
557.000000
1093.000000
1604.000000
2072.000000
2434.000000
2752.000000
2972.000000
3090.000000
3186.000000
3236.000000
3286.000000
3412.000000
3381.000000
2977.000000
2171.000000
848.000000
-373.000000
-1429.000000
-2215.000000
-2865.000000
-3441.000000
-4072.000000
-4346.000000
-4577.000000
-4531.000000
-4327.000000
-3893.000000
-3601.000000
-3338.000000
-3593.000000
-3870.000000
-4045.000000
-3993.000000
-3914.000000
-3662.000000
-3540.000000
-2999.000000
-2181.000000
-1138.000000
38.000000
1348.000000
2419.000000
3421.000000
3899.000000
3969.000000
3944.000000
3817.000000
3479.000000
2952.000000
2043.000000
1142.000000
534.000000
90.000000
-199.000000
-343.000000
-571.000000
-718.000000
-882.000000
-1283.000000
-1599.000000
-1884.000000
-2269.000000
-2753.000000
-3478.000000
-4338.000000
-4870.000000
-5086.000000
-4887.000000
-4331.000000
-3614.000000
-2821.000000
-1837.000000
-897.000000
106.000000
1101.000000
1945.000000
2611.000000
3130.000000
3370.000000
3568.000000
3752.000000
3829.000000
3917.000000
3949.000000
3860.000000
3881.000000
3937.000000
3992.000000
4064.000000
3909.000000
3581.000000
3115.000000
2565.000000
1969.000000
1393.000000
719.000000
86.000000
-540.000000
-1091.000000
-1552.000000
-1817.000000
-1938.000000
-1838.000000
-1662.000000
-1447.000000
-1232.000000
-961.000000
-665.000000
-291.000000
-28.000000
239.000000
466.000000
777.000000
1158.000000
1547.000000
1864.000000
2209.000000
2451.000000
2681.000000
2900.000000
3086.000000
3333.000000
3678.000000
3763.000000
3456.000000
2652.000000
1383.000000
258.000000
-771.000000
-1672.000000
-2475.000000
-3306.000000
-4068.000000
-4409.000000
-4667.000000
-4585.000000
-4261.000000
-3798.000000
-3460.000000
-3236.000000
-3504.000000
-3660.000000
-3710.000000
-3715.000000
-3813.000000
-3905.000000
-4070.000000
-3674.000000
-3024.000000
-2138.000000
-993.000000
291.000000
1477.000000
2615.000000
3215.000000
3589.000000
3961.000000
4109.000000
3921.000000
3361.000000
2319.000000
1391.000000
704.000000
111.000000
-289.000000
-526.000000
-768.000000
-864.000000
-1013.000000
-1234.000000
-1238.000000
-1250.000000
-1498.000000
-1938.000000
-2706.000000
-3504.000000
-3982.000000
-4347.000000
-4487.000000
-4350.000000
-4034.000000
-3418.000000
-2526.000000
-1618.000000
-520.000000
631.000000
1636.000000
2474.000000
3080.000000
3410.000000
3749.000000
3960.000000
4036.000000
4023.000000
3923.000000
3790.000000
3783.000000
3783.000000
3826.000000
3855.000000
3759.000000
3497.000000
3152.000000
2716.000000
2290.000000
1836.000000
1235.000000
569.000000
-102.000000
-696.000000
-1127.000000
-1454.000000
-1666.000000
-1739.000000
-1683.000000
-1491.000000
-1226.000000
-899.000000
-542.000000
-153.000000
202.000000
543.000000
825.000000
1160.000000
1486.000000
1760.000000
1924.000000
2113.000000
2232.000000
2466.000000
2695.000000
2926.000000
3198.000000
3476.000000
3397.000000
3001.000000
2061.000000
974.000000
6.000000
-835.000000
-1762.000000
-2636.000000
-3609.000000
-4287.000000
-4622.000000
-4781.000000
-4719.000000
-4384.000000
-4122.000000
-3803.000000
-3708.000000
-3793.000000
-3705.000000
-3532.000000
-3553.000000
-3587.000000
-3773.000000
-3777.000000
-3316.000000
-2664.000000
-1848.000000
-739.000000
313.000000
1400.000000
2286.000000
2837.000000
3327.000000
3794.000000
3916.000000
3687.000000
3073.000000
2236.000000
1558.000000
989.000000
350.000000
-180.000000
-697.000000
-1170.000000
-1442.000000
-1684.000000
-1806.000000
-1715.000000
-1742.000000
-1992.000000
-2360.000000
-2878.000000
-3289.000000
-3491.000000
-3737.000000
-3881.000000
-3801.000000
-3584.000000
-3070.000000
-2343.000000
-1526.000000
-496.000000
544.000000
1422.000000
2231.000000
2963.000000
3595.000000
4232.000000
4578.000000
4674.000000
4683.000000
4531.000000
4374.000000
4282.000000
4103.000000
3978.000000
3807.000000
3495.000000
3090.000000
2719.000000
2408.000000
2149.000000
1797.000000
1272.000000
668.000000
82.000000
-450.000000
-853.000000
-1253.000000
-1586.000000
-1811.000000
-1927.000000
-1900.000000
-1701.000000
-1348.000000
-893.000000
-405.000000
61.000000
490.000000
897.000000
1294.000000
1632.000000
1855.000000
1960.000000
2085.000000
2243.000000
2435.000000
2597.000000
2748.000000
2943.000000
3197.000000
3226.000000
2946.000000
2270.000000
1371.000000
500.000000
-359.000000
-1321.000000
-2300.000000
-3264.000000
-3972.000000
-4353.000000
-4611.000000
-4674.000000
-4500.000000
-4269.000000
-4004.000000
-3843.000000
-3816.000000
-3631.000000
-3409.000000
-3370.000000
-3410.000000
-3540.000000
-3500.000000
-3069.000000
-2532.000000
-1890.000000
-1034.000000
-159.000000
758.000000
1538.000000
2059.000000
2577.000000
3101.000000
3318.000000
3213.000000
2738.000000
2087.000000
1588.000000
1089.000000
485.000000
-48.000000
-569.000000
-989.000000
-1297.000000
-1627.000000
-1853.000000
-1884.000000
-1908.000000
-2067.000000
-2347.000000
-2689.000000
-2899.000000
-2959.000000
-3059.000000
-3087.000000
-2973.000000
-2751.000000
-2363.000000
-1846.000000
-1305.000000
-587.000000
183.000000
875.000000
1546.000000
2215.000000
2882.000000
3596.000000
4119.000000
4414.000000
4554.000000
4526.000000
4424.000000
4313.000000
4106.000000
3872.000000
3579.000000
3117.000000
2628.000000
2187.000000
1851.000000
1604.000000
1353.000000
1023.000000
677.000000
338.000000
39.000000
-259.000000
-549.000000
-853.000000
-1073.000000
-1271.000000
-1378.000000
-1398.000000
-1254.000000
-980.000000
-577.000000
-141.000000
337.000000
823.000000
1307.000000
1678.000000
1964.000000
2125.000000
2228.000000
2315.000000
2373.000000
2429.000000
2493.000000
2633.000000
2803.000000
2866.000000
2665.000000
2192.000000
1491.000000
771.000000
-15.000000
-840.000000
-1780.000000
-2602.000000
-3336.000000
-3813.000000
-4223.000000
-4419.000000
-4405.000000
-4209.000000
-3997.000000
-3794.000000
-3753.000000
-3542.000000
-3323.000000
-3142.000000
-3132.000000
-3208.000000
-3242.000000
-2981.000000
-2646.000000
-2173.000000
-1529.000000
-768.000000
66.000000
833.000000
1350.000000
1871.000000
2375.000000
2722.000000
2818.000000
2539.000000
2071.000000
1661.000000
1219.000000
737.000000
244.000000
-261.000000
-661.000000
-1012.000000
-1360.000000
-1608.000000
-1708.000000
-1730.000000
-1813.000000
-2020.000000
-2284.000000
-2499.000000
-2567.000000
-2635.000000
-2641.000000
-2575.000000
-2422.000000
-2194.000000
-1870.000000
-1521.000000
-1000.000000
-452.000000
99.000000
617.000000
1190.000000
1824.000000
2540.000000
3129.000000
3557.000000
3855.000000
4077.000000
4167.000000
4203.000000
4088.000000
3915.000000
3634.000000
3222.000000
2770.000000
2352.000000
2057.000000
1883.000000
1675.000000
1419.000000
1193.000000
1031.000000
932.000000
794.000000
596.000000
337.000000
50.000000
-264.000000
-557.000000
-825.000000
-904.000000
-842.000000
-695.000000
-440.000000
-111.000000
279.000000
736.000000
1071.000000
1324.000000
1537.000000
1701.000000
1871.000000
1969.000000
1929.000000
1922.000000
1923.000000
1990.000000
2110.000000
2077.000000
1897.000000
1581.000000
1085.000000
545.000000
-63.000000
-798.000000
-1533.000000
-2244.000000
-2854.000000
-3310.000000
-3679.000000
-3900.000000
-3917.000000
-3837.000000
-3710.000000
-3592.000000
-3460.000000
-3250.000000
-3019.000000
-2945.000000
-2991.000000
-3079.000000
-3040.000000
-2829.000000
-2535.000000
-2215.000000
-1735.000000
-1141.000000
-520.000000
17.000000
482.000000
994.000000
1580.000000
1979.000000
2086.000000
1939.000000
1723.000000
1507.000000
1250.000000
846.000000
385.000000
-32.000000
-393.000000
-767.000000
-1082.000000
-1295.000000
-1254.000000
-1227.000000
-1403.000000
-1707.000000
-2026.000000
-2156.000000
-2113.000000
-2142.000000
-2166.000000
-2122.000000
-1989.000000
-1756.000000
-1529.000000
-1261.000000
-844.000000
-350.000000
113.000000
510.000000
900.000000
1460.000000
2121.000000
2682.000000
3095.000000
3386.000000
3568.000000
3732.000000
3801.000000
3777.000000
3669.000000
3477.000000
3197.000000
2890.000000
2577.000000
2350.000000
2167.000000
1937.000000
1674.000000
1448.000000
1237.000000
1090.000000
866.000000
596.000000
321.000000
58.000000
-191.000000
-393.000000
-571.000000
-628.000000
-618.000000
-506.000000
-342.000000
-76.000000
188.000000
419.000000
582.000000
721.000000
853.000000
1028.000000
1161.000000
1278.000000
1386.000000
1522.000000
1724.000000
1949.000000
2118.000000
2199.000000
2095.000000
1728.000000
1258.000000
691.000000
110.000000
-491.000000
-1127.000000
-1784.000000
-2301.000000
-2737.000000
-2993.000000
-3155.000000
-3185.000000
-3117.000000
-2989.000000
-2963.000000
-2905.000000
-2837.000000
-2784.000000
-2796.000000
-2869.000000
-3005.000000
-3002.000000
-2914.000000
-2736.000000
-2457.000000
-2088.000000
-1641.000000
-1092.000000
-613.000000
-135.000000
388.000000
884.000000
1248.000000
1379.000000
1300.000000
1193.000000
1079.000000
897.000000
597.000000
284.000000
-34.000000
-295.000000
-535.000000
-810.000000
-967.000000
-1028.000000
-1122.000000
-1262.000000
-1503.000000
-1713.000000
-1732.000000
-1705.000000
-1696.000000
-1683.000000
-1672.000000
-1589.000000
-1432.000000
-1299.000000
-1077.000000
-792.000000
-461.000000
-139.000000
179.000000
596.000000
1177.000000
1774.000000
2262.000000
2608.000000
2880.000000
3123.000000
3328.000000
3430.000000
3441.000000
3370.000000
3239.000000
3022.000000
2763.000000
2554.000000
2395.000000
2262.000000
2075.000000
1872.000000
1682.000000
1557.000000
1410.000000
1189.000000
932.000000
679.000000
428.000000
198.000000
-83.000000
-264.000000
-337.000000
-359.000000
-346.000000
-280.000000
-160.000000
77.000000
292.000000
450.000000
584.000000
729.000000
873.000000
1002.000000
1050.000000
1105.000000
1246.000000
1395.000000
1535.000000
1666.000000
1763.000000
1766.000000
1628.000000
1259.000000
826.000000
376.000000
-110.000000
-665.000000
-1219.000000
-1785.000000
-2146.000000
-2422.000000
-2644.000000
-2772.000000
-2810.000000
-2792.000000
-2722.000000
-2775.000000
-2823.000000
-2829.000000
-2837.000000
-2894.000000
-2987.000000
-3091.000000
-3047.000000
-2903.000000
-2757.000000
-2547.000000
-2220.000000
-1789.000000
-1318.000000
-884.000000
-471.000000
13.000000
473.000000
772.000000
884.000000
871.000000
855.000000
857.000000
754.000000
557.000000
341.000000
159.000000
-22.000000
-202.000000
-386.000000
-495.000000
-539.000000
-617.000000
-775.000000
-909.000000
-965.000000
-932.000000
-906.000000
-947.000000
-1008.000000
-1008.000000
-994.000000
-967.000000
-929.000000
-838.000000
-670.000000
-444.000000
-185.000000
136.000000
570.000000
1051.000000
1499.000000
1825.000000
2083.000000
2330.000000
2570.000000
2713.000000
2780.000000
2773.000000
2698.000000
2559.000000
2406.000000
2225.000000
2147.000000
2077.000000
1997.000000
1903.000000
1799.000000
1708.000000
1638.000000
1493.000000
1308.000000
1093.000000
891.000000
681.000000
477.000000
304.000000
195.000000
129.000000
100.000000
138.000000
261.000000
423.000000
551.000000
622.000000
647.000000
693.000000
768.000000
824.000000
856.000000
896.000000
964.000000
1065.000000
1183.000000
1307.000000
1414.000000
1437.000000
1262.000000
913.000000
500.000000
50.000000
-403.000000
-917.000000
-1471.000000
-1938.000000
-2299.000000
-2586.000000
-2744.000000
-2804.000000
-2726.000000
-2605.000000
-2555.000000
-2573.000000
-2556.000000
-2514.000000
-2470.000000
-2520.000000
-2674.000000
-2801.000000
-2782.000000
-2709.000000
-2560.000000
-2319.000000
-1962.000000
-1502.000000
-1041.000000
-663.000000
-258.000000
202.000000
589.000000
854.000000
906.000000
855.000000
849.000000
777.000000
616.000000
416.000000
159.000000
-66.000000
-281.000000
-523.000000
-686.000000
-703.000000
-690.000000
-703.000000
-787.000000
-885.000000
-901.000000
-861.000000
-888.000000
-939.000000
-1007.000000
-1056.000000
-1041.000000
-1043.000000
-989.000000
-800.000000
-573.000000
-335.000000
-68.000000
255.000000
687.000000
1165.000000
1562.000000
1867.000000
2104.000000
2328.000000
2500.000000
2606.000000
2634.000000
2609.000000
2564.000000
2462.000000
2346.000000
2279.000000
2244.000000
2216.000000
2130.000000
1971.000000
1845.000000
1750.000000
1622.000000
1462.000000
1279.000000
1073.000000
923.000000
739.000000
564.000000
444.000000
369.000000
337.000000
339.000000
305.000000
339.000000
399.000000
455.000000
490.000000
489.000000
468.000000
473.000000
473.000000
481.000000
525.000000
595.000000
708.000000
834.000000
953.000000
1027.000000
1015.000000
841.000000
577.000000
233.000000
-151.000000
-581.000000
-1019.000000
-1470.000000
-1807.000000
-2093.000000
-2277.000000
-2367.000000
-2355.000000
-2283.000000
-2188.000000
-2158.000000
-2078.000000
-2030.000000
-2011.000000
-2087.000000
-2253.000000
-2433.000000
-2517.000000
-2567.000000
-2551.000000
-2471.000000
-2282.000000
-1997.000000
-1647.000000
-1347.000000
-1024.000000
-632.000000
-243.000000
91.000000
271.000000
327.000000
380.000000
383.000000
311.000000
187.000000
-5.000000
-191.000000
-345.000000
-515.000000
-637.000000
-614.000000
-553.000000
-449.000000
-405.000000
-414.000000
-369.000000
-282.000000
-239.000000
-222.000000
-296.000000
-383.000000
-418.000000
-463.000000
-481.000000
-428.000000
-345.000000
-195.000000
-6.000000
224.000000
525.000000
895.000000
1218.000000
1497.000000
1715.000000
1884.000000
2048.000000
2169.000000
2226.000000
2257.000000
2224.000000
2160.000000
2090.000000
2025.000000
2015.000000
2020.000000
1989.000000
1936.000000
1879.000000
1861.000000
1829.000000
1765.000000
1653.000000
1490.000000
1330.000000
1144.000000
965.000000
822.000000
697.000000
594.000000
495.000000
389.000000
340.000000
341.000000
336.000000
311.000000
252.000000
203.000000
142.000000
98.000000
69.000000
83.000000
132.000000
186.000000
236.000000
310.000000
408.000000
458.000000
403.000000
225.000000
-17.000000
-264.000000
-539.000000
-836.000000
-1143.000000
-1422.000000
-1613.000000
-1762.000000
-1871.000000
-1914.000000
-1874.000000
-1818.000000
-1756.000000
-1763.000000
-1783.000000
-1800.000000
-1845.000000
-1979.000000
-2130.000000
-2289.000000
-2391.000000
-2411.000000
-2408.000000
-2348.000000
-2176.000000
-1936.000000
-1635.000000
-1344.000000
-1023.000000
-659.000000
-345.000000
-133.000000
-16.000000
79.000000
165.000000
209.000000
164.000000
44.000000
-68.000000
-143.000000
-215.000000
-262.000000
-264.000000
-201.000000
-88.000000
-30.000000
-36.000000
-21.000000
40.000000
107.000000
117.000000
31.000000
-73.000000
-131.000000
-190.000000
-238.000000
-260.000000
-241.000000
-132.000000
5.000000
140.000000
338.000000
601.000000
892.000000
1168.000000
1357.000000
1529.000000
1713.000000
1876.000000
2003.000000
2039.000000
2010.000000
1992.000000
1964.000000
1931.000000
1911.000000
1928.000000
1941.000000
1933.000000
1876.000000
1810.000000
1766.000000
1723.000000
1631.000000
1500.000000
1324.000000
1171.000000
1025.000000
876.000000
718.000000
551.000000
397.000000
257.000000
139.000000
73.000000
31.000000
27.000000
1.000000
-4.000000
-35.000000
-58.000000
-36.000000
-10.000000
32.000000
84.000000
125.000000
203.000000
300.000000
355.000000
358.000000
252.000000
98.000000
-56.000000
-254.000000
-473.000000
-705.000000
-954.000000
-1113.000000
-1259.000000
-1389.000000
-1474.000000
-1491.000000
-1522.000000
-1545.000000
-1644.000000
-1743.000000
-1793.000000
-1842.000000
-1947.000000
-2085.000000
-2268.000000
-2373.000000
-2407.000000
-2420.000000
-2383.000000
-2276.000000
-2091.000000
-1815.000000
-1549.000000
-1282.000000
-958.000000
-617.000000
-339.000000
-146.000000
-25.000000
74.000000
197.000000
245.000000
228.000000
175.000000
100.000000
59.000000
36.000000
21.000000
70.000000
159.000000
235.000000
251.000000
233.000000
232.000000
248.000000
256.000000
187.000000
52.000000
-66.000000
-182.000000
-246.000000
-291.000000
-306.000000
-245.000000
-154.000000
-60.000000
62.000000
252.000000
517.000000
784.000000
986.000000
1149.000000
1309.000000
1474.000000
1620.000000
1740.000000
1804.000000
1824.000000
1840.000000
1826.000000
1808.000000
1836.000000
1845.000000
1849.000000
1809.000000
1742.000000
1692.000000
1690.000000
1671.000000
1615.000000
1504.000000
1350.000000
1196.000000
1044.000000
870.000000
673.000000
477.000000
296.000000
152.000000
33.000000
-56.000000
-116.000000
-164.000000
-184.000000
-192.000000
-200.000000
-198.000000
-173.000000
-146.000000
-120.000000
-90.000000
-87.000000
-56.000000
-3.000000
15.000000
-6.000000
-103.000000
-217.000000
-325.000000
-435.000000
-547.000000
-680.000000
-806.000000
-891.000000
-1008.000000
-1126.000000
-1201.000000
-1255.000000
-1269.000000
-1320.000000
-1423.000000
-1504.000000
-1553.000000
-1592.000000
-1667.000000
-1774.000000
-1883.000000
-1921.000000
-1912.000000
-1888.000000
-1840.000000
-1757.000000
-1619.000000
-1440.000000
-1277.000000
-1078.000000
-847.000000
-607.000000
-397.000000
-246.000000
-145.000000
-37.000000
51.000000
96.000000
90.000000
58.000000
32.000000
23.000000
28.000000
26.000000
89.000000
170.000000
223.000000
247.000000
257.000000
264.000000
279.000000
260.000000
207.000000
148.000000
103.000000
51.000000
30.000000
28.000000
72.000000
150.000000
231.000000
329.000000
474.000000
657.000000
882.000000
1071.000000
1202.000000
1304.000000
1390.000000
1482.000000
1568.000000
1613.000000
1621.000000
1623.000000
1612.000000
1588.000000
1583.000000
1582.000000
1571.000000
1550.000000
1498.000000
1432.000000
1379.000000
1321.000000
1234.000000
1126.000000
974.000000
814.000000
648.000000
512.000000
383.000000
257.000000
133.000000
27.000000
-72.000000
-151.000000
-219.000000
-291.000000
-347.000000
