85.000000
87.000000
82.000000
87.000000
82.000000
92.000000
94.000000
91.000000
98.000000
98.000000
100.000000
104.000000
99.000000
101.000000
101.000000
106.000000
107.000000
101.000000
94.000000
89.000000
92.000000
86.000000
85.000000
80.000000
77.000000
75.000000
69.000000
66.000000
66.000000
64.000000
63.000000
63.000000
64.000000
59.000000
45.000000
48.000000
33.000000
36.000000
34.000000
30.000000
17.000000
7.000000
11.000000
2.000000
-2.000000
-13.000000
-18.000000
-20.000000
-25.000000
-37.000000
-36.000000
-38.000000
-39.000000
-49.000000
-52.000000
-60.000000
-72.000000
-67.000000
-67.000000
-75.000000
-73.000000
-81.000000
-87.000000
-82.000000
-89.000000
-95.000000
-96.000000
-93.000000
-96.000000
-96.000000
-104.000000
-100.000000
-95.000000
-95.000000
-100.000000
-97.000000
-99.000000
-97.000000
-94.000000
-91.000000
-85.000000
-90.000000
-81.000000
-82.000000
-82.000000
-78.000000
-79.000000
-73.000000
-71.000000
-62.000000
-66.000000
-61.000000
-59.000000
-53.000000
-48.000000
-52.000000
-38.000000
-43.000000
-40.000000
-33.000000
-21.000000
-24.000000
-17.000000
-7.000000
-1.000000
6.000000
3.000000
17.000000
17.000000
21.000000
17.000000
20.000000
25.000000
31.000000
37.000000
39.000000
51.000000
49.000000
51.000000
56.000000
61.000000
67.000000
74.000000
80.000000
79.000000
90.000000
95.000000
89.000000
88.000000
91.000000
94.000000
98.000000
92.000000
93.000000
92.000000
95.000000
100.000000
95.000000
93.000000
93.000000
94.000000
83.000000
89.000000
93.000000
87.000000
84.000000
82.000000
83.000000
82.000000
69.000000
69.000000
69.000000
60.000000
62.000000
74.000000
70.000000
61.000000
50.000000
43.000000
46.000000
39.000000
41.000000
32.000000
24.000000
17.000000
14.000000
17.000000
11.000000
-4.000000
-6.000000
-17.000000
-21.000000
-27.000000
-40.000000
-41.000000
-49.000000
-45.000000
-48.000000
-47.000000
-53.000000
-60.000000
-62.000000
-67.000000
-66.000000
-69.000000
-77.000000
-81.000000
-72.000000
-78.000000
-73.000000
-77.000000
-83.000000
-88.000000
-96.000000
-87.000000
-81.000000
-86.000000
-88.000000
-93.000000
-94.000000
-91.000000
-88.000000
-86.000000
-85.000000
-87.000000
-89.000000
-84.000000
-80.000000
-73.000000
-72.000000
-66.000000
-65.000000
-56.000000
-51.000000
-48.000000
-40.000000
-41.000000
-42.000000
-35.000000
-30.000000
-32.000000
-18.000000
-13.000000
-9.000000
-8.000000
-2.000000
6.000000
5.000000
9.000000
10.000000
15.000000
9.000000
19.000000
28.000000
27.000000
41.000000
41.000000
51.000000
58.000000
57.000000
55.000000
65.000000
65.000000
64.000000
62.000000
56.000000
65.000000
64.000000
70.000000
74.000000
81.000000
71.000000
69.000000
71.000000
71.000000
70.000000
65.000000
73.000000
68.000000
64.000000
72.000000
71.000000
63.000000
69.000000
72.000000
73.000000
73.000000
66.000000
62.000000
59.000000
54.000000
48.000000
50.000000
53.000000
44.000000
41.000000
38.000000
41.000000
48.000000
36.000000
38.000000
29.000000
26.000000
29.000000
20.000000
13.000000
7.000000
5.000000
1.000000
3.000000
-2.000000
-3.000000
-11.000000
-22.000000
-21.000000
-36.000000
-39.000000
-42.000000
-35.000000
-32.000000
-45.000000
-46.000000
-45.000000
-44.000000
-59.000000
-56.000000
-57.000000
-57.000000
-53.000000
-61.000000
-62.000000
-65.000000
-73.000000
-67.000000
-63.000000
-69.000000
-65.000000
-61.000000
-59.000000
-59.000000
-72.000000
-71.000000
-65.000000
-67.000000
-61.000000
-58.000000
-55.000000
-56.000000
-55.000000
-52.000000
-49.000000
-44.000000
-48.000000
-51.000000
-45.000000
-46.000000
-43.000000
-33.000000
-27.000000
-23.000000
-23.000000
-21.000000
-12.000000
-7.000000
-4.000000
-5.000000
-5.000000
0.000000
6.000000
10.000000
12.000000
16.000000
17.000000
19.000000
16.000000
21.000000
24.000000
33.000000
29.000000
29.000000
41.000000
39.000000
40.000000
42.000000
44.000000
54.000000
55.000000
50.000000
54.000000
54.000000
56.000000
54.000000
54.000000
64.000000
68.000000
62.000000
58.000000
57.000000
55.000000
55.000000
53.000000
52.000000
49.000000
49.000000
46.000000
44.000000
47.000000
48.000000
44.000000
42.000000
42.000000
39.000000
45.000000
41.000000
28.000000
29.000000
21.000000
15.000000
21.000000
16.000000
15.000000
12.000000
11.000000
9.000000
6.000000
9.000000
-2.000000
-5.000000
-3.000000
-13.000000
-17.000000
-20.000000
-21.000000
-27.000000
-32.000000
-31.000000
-40.000000
-45.000000
-44.000000
-45.000000
-36.000000
-41.000000
-45.000000
-39.000000
-46.000000
-39.000000
-43.000000
-56.000000
-50.000000
-51.000000
-50.000000
-42.000000
-38.000000
-39.000000
-43.000000
-48.000000
-45.000000
-46.000000
-44.000000
-36.000000
-42.000000
-44.000000
-41.000000
-38.000000
-35.000000
-37.000000
-31.000000
-31.000000
-33.000000
-22.000000
-28.000000
-23.000000
-16.000000
-17.000000
-16.000000
-22.000000
-8.000000
-9.000000
-9.000000
-5.000000
-1.000000
2.000000
3.000000
-1.000000
0.000000
5.000000
11.000000
18.000000
20.000000
21.000000
16.000000
22.000000
27.000000
25.000000
28.000000
31.000000
40.000000
41.000000
30.000000
30.000000
28.000000
35.000000
40.000000
33.000000
42.000000
43.000000
39.000000
44.000000
49.000000
50.000000
42.000000
42.000000
46.000000
51.000000
44.000000
44.000000
40.000000
38.000000
40.000000
41.000000
39.000000
30.000000
36.000000
25.000000
23.000000
25.000000
28.000000
24.000000
26.000000
29.000000
21.000000
12.000000
10.000000
9.000000
8.000000
9.000000
8.000000
-2.000000
0.000000
4.000000
-10.000000
-7.000000
-15.000000
-12.000000
-12.000000
-21.000000
-28.000000
-27.000000
-23.000000
-25.000000
-27.000000
-41.000000
-34.000000
-32.000000
-38.000000
-37.000000
-25.000000
-35.000000
-45.000000
-37.000000
-40.000000
-44.000000
-49.000000
-48.000000
-46.000000
-54.000000
-52.000000
-48.000000
-50.000000
-48.000000
-48.000000
-46.000000
-48.000000
-37.000000
-33.000000
-36.000000
-42.000000
-45.000000
-41.000000
-46.000000
-44.000000
-41.000000
-33.000000
-32.000000
-21.000000
-28.000000
-22.000000
-20.000000
-19.000000
-15.000000
-23.000000
-18.000000
-16.000000
-9.000000
-5.000000
-9.000000
-9.000000
-6.000000
-2.000000
8.000000
3.000000
8.000000
16.000000
13.000000
8.000000
20.000000
20.000000
13.000000
23.000000
23.000000
27.000000
20.000000
31.000000
35.000000
32.000000
43.000000
37.000000
38.000000
40.000000
41.000000
33.000000
38.000000
38.000000
36.000000
31.000000
34.000000
42.000000
29.000000
34.000000
30.000000
41.000000
39.000000
41.000000
41.000000
36.000000
41.000000
36.000000
34.000000
30.000000
30.000000
34.000000
32.000000
31.000000
33.000000
18.000000
19.000000
21.000000
21.000000
11.000000
18.000000
15.000000
16.000000
22.000000
13.000000
9.000000
7.000000
7.000000
-1.000000
0.000000
-2.000000
1.000000
4.000000
-10.000000
-10.000000
-4.000000
-5.000000
-5.000000
-13.000000
-17.000000
-15.000000
-15.000000
-21.000000
-18.000000
-21.000000
-18.000000
-23.000000
-30.000000
-23.000000
-35.000000
-22.000000
-26.000000
-35.000000
-29.000000
-29.000000
-28.000000
-30.000000
-29.000000
-31.000000
-32.000000
-33.000000
-32.000000
-38.000000
-33.000000
-34.000000
-36.000000
-35.000000
-44.000000
-41.000000
-37.000000
-31.000000
-29.000000
-23.000000
-18.000000
-20.000000
-26.000000
-25.000000
-20.000000
-23.000000
-25.000000
-20.000000
-24.000000
-25.000000
-16.000000
-15.000000
-9.000000
-7.000000
2.000000
-7.000000
-1.000000
-3.000000
-2.000000
10.000000
4.000000
2.000000
3.000000
11.000000
7.000000
17.000000
22.000000
21.000000
21.000000
21.000000
22.000000
23.000000
29.000000
24.000000
27.000000
30.000000
20.000000
30.000000
32.000000
24.000000
31.000000
29.000000
25.000000
27.000000
35.000000
35.000000
32.000000
36.000000
32.000000
29.000000
31.000000
30.000000
28.000000
25.000000
24.000000
22.000000
23.000000
23.000000
25.000000
23.000000
19.000000
18.000000
22.000000
15.000000
21.000000
16.000000
6.000000
1.000000
2.000000
4.000000
6.000000
-1.000000
-10.000000
-6.000000
-4.000000
-4.000000
-1.000000
-4.000000
-11.000000
-10.000000
-9.000000
-14.000000
-20.000000
-29.000000
-27.000000
-29.000000
-29.000000
-24.000000
-20.000000
-19.000000
-21.000000
-24.000000
-19.000000
-21.000000
-32.000000
-23.000000
-15.000000
-24.000000
-26.000000
-25.000000
-24.000000
-17.000000
-19.000000
-22.000000
-13.000000
-14.000000
-16.000000
-17.000000
-18.000000
-14.000000
-18.000000
-15.000000
-12.000000
-22.000000
-12.000000
-12.000000
-9.000000
-5.000000
-11.000000
-5.000000
-3.000000
-3.000000
0.000000
3.000000
-2.000000
0.000000
-1.000000
-4.000000
0.000000
3.000000
3.000000
6.000000
4.000000
8.000000
16.000000
14.000000
12.000000
15.000000
16.000000
12.000000
12.000000
13.000000
16.000000
12.000000
11.000000
11.000000
10.000000
12.000000
15.000000
16.000000
17.000000
22.000000
13.000000
18.000000
15.000000
11.000000
21.000000
21.000000
26.000000
20.000000
13.000000
20.000000
20.000000
18.000000
17.000000
14.000000
17.000000
13.000000
9.000000
10.000000
8.000000
3.000000
4.000000
8.000000
4.000000
5.000000
5.000000
1.000000
4.000000
-1.000000
-6.000000
3.000000
8.000000
4.000000
1.000000
5.000000
-1.000000
-5.000000
-11.000000
-12.000000
-9.000000
-4.000000
1.000000
-9.000000
-6.000000
-4.000000
0.000000
-6.000000
-7.000000
-7.000000
-9.000000
-4.000000
-9.000000
-13.000000
-11.000000
-16.000000
-11.000000
-12.000000
-12.000000
-10.000000
-14.000000
-13.000000
-23.000000
-23.000000
-15.000000
-16.000000
-12.000000
-7.000000
-12.000000
-20.000000
-18.000000
-18.000000
-18.000000
-12.000000
-15.000000
-8.000000
-15.000000
-17.000000
-15.000000
-12.000000
-10.000000
-17.000000
-10.000000
-8.000000
-7.000000
-4.000000
-5.000000
-11.000000
-2.000000
-2.000000
-8.000000
-5.000000
-2.000000
-4.000000
-1.000000
5.000000
9.000000
3.000000
2.000000
3.000000
0.000000
0.000000
0.000000
0.000000
9.000000
10.000000
6.000000
18.000000
14.000000
16.000000
14.000000
6.000000
12.000000
13.000000
18.000000
16.000000
17.000000
23.000000
13.000000
20.000000
24.000000
15.000000
23.000000
22.000000
16.000000
18.000000
22.000000
19.000000
21.000000
22.000000
10.000000
13.000000
9.000000
9.000000
18.000000
11.000000
17.000000
19.000000
16.000000
13.000000
9.000000
13.000000
7.000000
11.000000
9.000000
10.000000
5.000000
5.000000
16.000000
5.000000
2.000000
-2.000000
-2.000000
-2.000000
1.000000
3.000000
0.000000
-5.000000
-5.000000
-7.000000
-1.000000
0.000000
-7.000000
-1.000000
-6.000000
-10.000000
-7.000000
-4.000000
-16.000000
-19.000000
-18.000000
-12.000000
-12.000000
-15.000000
-18.000000
-28.000000
-30.000000
-25.000000
-17.000000
-21.000000
-26.000000
-26.000000
-30.000000
-30.000000
-25.000000
-22.000000
-26.000000
-28.000000
-16.000000
-17.000000
-26.000000
-18.000000
-18.000000
-22.000000
-16.000000
-16.000000
-18.000000
-13.000000
-3.000000
-9.000000
-8.000000
-3.000000
-1.000000
-2.000000
-3.000000
-3.000000
-10.000000
3.000000
0.000000
-2.000000
-8.000000
-4.000000
1.000000
1.000000
9.000000
3.000000
0.000000
-3.000000
-1.000000
1.000000
2.000000
6.000000
10.000000
5.000000
12.000000
7.000000
9.000000
13.000000
16.000000
25.000000
19.000000
23.000000
19.000000
17.000000
18.000000
14.000000
17.000000
19.000000
9.000000
8.000000
20.000000
20.000000
13.000000
9.000000
11.000000
18.000000
23.000000
21.000000
15.000000
9.000000
7.000000
10.000000
13.000000
12.000000
9.000000
12.000000
11.000000
8.000000
8.000000
5.000000
0.000000
2.000000
10.000000
9.000000
1.000000
2.000000
3.000000
1.000000
-1.000000
-5.000000
-2.000000
5.000000
-3.000000
3.000000
-1.000000
-3.000000
1.000000
-4.000000
2.000000
4.000000
1.000000
-10.000000
-7.000000
0.000000
-10.000000
-15.000000
-17.000000
-11.000000
-8.000000
-6.000000
-8.000000
-11.000000
-11.000000
-9.000000
-14.000000
-13.000000
-2.000000
-8.000000
3.000000
-5.000000
-10.000000
-2.000000
-5.000000
-9.000000
-11.000000
-9.000000
-4.000000
-10.000000
-11.000000
-6.000000
-5.000000
-3.000000
-3.000000
2.000000
-1.000000
-5.000000
0.000000
-6.000000
2.000000
4.000000
-5.000000
-2.000000
-8.000000
-8.000000
-5.000000
-10.000000
-10.000000
-14.000000
-8.000000
0.000000
-4.000000
-8.000000
-8.000000
-3.000000
-2.000000
-9.000000
-12.000000
-1.000000
-5.000000
-2.000000
1.000000
-4.000000
4.000000
2.000000
-3.000000
-3.000000
-3.000000
-3.000000
2.000000
-2.000000
7.000000
-4.000000
-8.000000
-8.000000
-1.000000
8.000000
-3.000000
11.000000
14.000000
4.000000
3.000000
8.000000
11.000000
7.000000
-6.000000
-3.000000
-1.000000
-3.000000
-3.000000
-5.000000
-4.000000
-3.000000
-1.000000
-6.000000
6.000000
0.000000
-1.000000
11.000000
11.000000
11.000000
16.000000
14.000000
13.000000
7.000000
7.000000
10.000000
-9.000000
-2.000000
-2.000000
2.000000
3.000000
6.000000
12.000000
11.000000
10.000000
4.000000
6.000000
9.000000
6.000000
6.000000
9.000000
8.000000
4.000000
8.000000
7.000000
13.000000
15.000000
6.000000
16.000000
6.000000
8.000000
9.000000
5.000000
3.000000
3.000000
1.000000
-14.000000
-2.000000
3.000000
0.000000
-3.000000
13.000000
10.000000
5.000000
-2.000000
-6.000000
8.000000
7.000000
5.000000
5.000000
1.000000
2.000000
0.000000
3.000000
8.000000
2.000000
-3.000000
1.000000
7.000000
1.000000
-7.000000
-3.000000
-3.000000
1.000000
-1.000000
-6.000000
-1.000000
-11.000000
-14.000000
-9.000000
-5.000000
-10.000000
-10.000000
-12.000000
-11.000000
-6.000000
-11.000000
-6.000000
-3.000000
-5.000000
-10.000000
-12.000000
-6.000000
-2.000000
-10.000000
-18.000000
-21.000000
-7.000000
-14.000000
-18.000000
-4.000000
-11.000000
-9.000000
-6.000000
-7.000000
-10.000000
-6.000000
-2.000000
-5.000000
-5.000000
-3.000000
-5.000000
-4.000000
-9.000000
-8.000000
-7.000000
-10.000000
-4.000000
-1.000000
-5.000000
-9.000000
-8.000000
-10.000000
5.000000
6.000000
-3.000000
-5.000000
-4.000000
-7.000000
-3.000000
-8.000000
-9.000000
1.000000
5.000000
13.000000
-1.000000
-4.000000
-1.000000
5.000000
5.000000
6.000000
7.000000
10.000000
15.000000
14.000000
10.000000
10.000000
19.000000
19.000000
20.000000
27.000000
23.000000
14.000000
13.000000
17.000000
16.000000
16.000000
14.000000
16.000000
14.000000
11.000000
12.000000
2.000000
10.000000
8.000000
10.000000
8.000000
3.000000
9.000000
11.000000
9.000000
5.000000
4.000000
11.000000
7.000000
9.000000
11.000000
9.000000
10.000000
4.000000
8.000000
5.000000
7.000000
7.000000
10.000000
6.000000
-1.000000
-1.000000
0.000000
3.000000
2.000000
3.000000
-1.000000
0.000000
3.000000
2.000000
-2.000000
0.000000
1.000000
-3.000000
-8.000000
-7.000000
-5.000000
-13.000000
-11.000000
-22.000000
-21.000000
-13.000000
-20.000000
-9.000000
-19.000000
-22.000000
-17.000000
-20.000000
-17.000000
-8.000000
-5.000000
-4.000000
-7.000000
-10.000000
-4.000000
-11.000000
-10.000000
-10.000000
-15.000000
-16.000000
-9.000000
-11.000000
-16.000000
-13.000000
-10.000000
-7.000000
-8.000000
-5.000000
-9.000000
-14.000000
-9.000000
-18.000000
-16.000000
-10.000000
-11.000000
-11.000000
-6.000000
-4.000000
-6.000000
-1.000000
-4.000000
-2.000000
0.000000
0.000000
5.000000
4.000000
7.000000
5.000000
-3.000000
-4.000000
-11.000000
1.000000
11.000000
8.000000
6.000000
14.000000
12.000000
5.000000
14.000000
14.000000
19.000000
12.000000
3.000000
6.000000
3.000000
6.000000
10.000000
6.000000
12.000000
20.000000
10.000000
13.000000
8.000000
6.000000
6.000000
12.000000
12.000000
10.000000
10.000000
9.000000
8.000000
9.000000
17.000000
13.000000
12.000000
15.000000
11.000000
8.000000
4.000000
5.000000
12.000000
6.000000
-5.000000
6.000000
7.000000
5.000000
3.000000
6.000000
13.000000
8.000000
5.000000
5.000000
5.000000
6.000000
6.000000
4.000000
2.000000
-2.000000
-6.000000
-5.000000
-7.000000
-6.000000
-12.000000
-10.000000
1.000000
-9.000000
-3.000000
-7.000000
-5.000000
-11.000000
-9.000000
-11.000000
-12.000000
-11.000000
-12.000000
-9.000000
-11.000000
-4.000000
-8.000000
-9.000000
-9.000000
-11.000000
-16.000000
-17.000000
-12.000000
-13.000000
-7.000000
-5.000000
-1.000000
-2.000000
-15.000000
-17.000000
-12.000000
-6.000000
-12.000000
-20.000000
-15.000000
-5.000000
-9.000000
-12.000000
0.000000
4.000000
2.000000
-3.000000
0.000000
-5.000000
4.000000
10.000000
2.000000
6.000000
2.000000
2.000000
2.000000
-5.000000
3.000000
3.000000
1.000000
1.000000
-6.000000
-4.000000
8.000000
13.000000
13.000000
14.000000
6.000000
8.000000
6.000000
14.000000
12.000000
2.000000
2.000000
2.000000
7.000000
0.000000
5.000000
14.000000
10.000000
9.000000
8.000000
10.000000
7.000000
1.000000
0.000000
5.000000
0.000000
-6.000000
7.000000
12.000000
10.000000
5.000000
4.000000
0.000000
-7.000000
-7.000000
-7.000000
-2.000000
5.000000
12.000000
6.000000
9.000000
9.000000
12.000000
17.000000
4.000000
2.000000
-2.000000
2.000000
5.000000
4.000000
5.000000
7.000000
8.000000
11.000000
10.000000
2.000000
4.000000
11.000000
4.000000
-4.000000
-2.000000
3.000000
1.000000
0.000000
3.000000
8.000000
8.000000
8.000000
7.000000
2.000000
1.000000
-9.000000
-15.000000
-10.000000
1.000000
-1.000000
-8.000000
-9.000000
-7.000000
-7.000000
-7.000000
-10.000000
-4.000000
-6.000000
-10.000000
-6.000000
-6.000000
-2.000000
-2.000000
4.000000
9.000000
-4.000000
-21.000000
-14.000000
-4.000000
-4.000000
10.000000
-1.000000
-22.000000
-26.000000
-24.000000
-9.000000
5.000000
5.000000
-7.000000
-22.000000
-33.000000
-26.000000
-11.000000
0.000000
6.000000
3.000000
-12.000000
-18.000000
-20.000000
-17.000000
-7.000000
3.000000
1.000000
-8.000000
-15.000000
-9.000000
-3.000000
1.000000
-4.000000
-7.000000
-8.000000
-6.000000
-6.000000
-2.000000
9.000000
18.000000
12.000000
-1.000000
-3.000000
-6.000000
3.000000
14.000000
3.000000
-3.000000
-9.000000
-16.000000
-5.000000
3.000000
9.000000
8.000000
6.000000
-5.000000
-3.000000
-1.000000
1.000000
11.000000
13.000000
10.000000
8.000000
4.000000
8.000000
23.000000
20.000000
18.000000
20.000000
-1.000000
-7.000000
4.000000
12.000000
14.000000
10.000000
12.000000
5.000000
16.000000
13.000000
11.000000
23.000000
11.000000
0.000000
-11.000000
-7.000000
1.000000
1.000000
15.000000
17.000000
9.000000
-3.000000
-4.000000
4.000000
4.000000
6.000000
-2.000000
-13.000000
-18.000000
-8.000000
7.000000
20.000000
22.000000
13.000000
5.000000
6.000000
5.000000
8.000000
13.000000
17.000000
8.000000
-1.000000
-4.000000
-4.000000
10.000000
11.000000
20.000000
10.000000
1.000000
-3.000000
-15.000000
-8.000000
4.000000
16.000000
12.000000
-2.000000
-4.000000
-16.000000
-12.000000
-2.000000
-4.000000
-12.000000
-34.000000
-37.000000
-36.000000
-26.000000
-13.000000
-17.000000
-21.000000
-31.000000
-40.000000
-43.000000
-31.000000
-36.000000
-30.000000
-44.000000
-59.000000
-55.000000
-51.000000
-32.000000
-35.000000
-36.000000
-47.000000
-60.000000
-63.000000
-59.000000
-62.000000
-57.000000
-45.000000
-51.000000
-54.000000
-51.000000
-47.000000
-44.000000
-40.000000
-46.000000
-45.000000
-51.000000
-51.000000
-36.000000
-27.000000
-10.000000
-1.000000
1.000000
-10.000000
-12.000000
1.000000
13.000000
24.000000
29.000000
39.000000
44.000000
59.000000
71.000000
58.000000
53.000000
47.000000
53.000000
63.000000
74.000000
70.000000
73.000000
86.000000
96.000000
109.000000
104.000000
83.000000
73.000000
68.000000
89.000000
102.000000
108.000000
116.000000
109.000000
108.000000
103.000000
117.000000
119.000000
117.000000
112.000000
93.000000
88.000000
85.000000
97.000000
118.000000
130.000000
122.000000
97.000000
62.000000
50.000000
58.000000
65.000000
61.000000
39.000000
-4.000000
-33.000000
-33.000000
-11.000000
16.000000
15.000000
-8.000000
-51.000000
-103.000000
-118.000000
-113.000000
-93.000000
-71.000000
-93.000000
-141.000000
-193.000000
-167.000000
-101.000000
-19.000000
-7.000000
-103.000000
-207.000000
-295.000000
-268.000000
-173.000000
-113.000000
-97.000000
-169.000000
-216.000000
-207.000000
-155.000000
-83.000000
-86.000000
-153.000000
-255.000000
-328.000000
-363.000000
-313.000000
-215.000000
-92.000000
-41.000000
-93.000000
-194.000000
-275.000000
-263.000000
-181.000000
-103.000000
-111.000000
-210.000000
-266.000000
-196.000000
4.000000
210.000000
252.000000
151.000000
-7.000000
-68.000000
1.000000
98.000000
166.000000
131.000000
74.000000
39.000000
63.000000
132.000000
184.000000
184.000000
166.000000
139.000000
82.000000
57.000000
56.000000
106.000000
150.000000
176.000000
127.000000
82.000000
119.000000
211.000000
326.000000
380.000000
355.000000
275.000000
222.000000
229.000000
273.000000
326.000000
350.000000
360.000000
357.000000
334.000000
327.000000
337.000000
349.000000
336.000000
264.000000
162.000000
68.000000
93.000000
192.000000
266.000000
289.000000
207.000000
101.000000
53.000000
85.000000
152.000000
156.000000
99.000000
45.000000
5.000000
14.000000
29.000000
3.000000
-42.000000
-90.000000
-143.000000
-196.000000
-243.000000
-272.000000
-252.000000
-209.000000
-192.000000
-252.000000
-338.000000
-381.000000
-360.000000
-283.000000
-259.000000
-336.000000
-459.000000
-542.000000
-522.000000
-451.000000
-402.000000
-473.000000
-583.000000
-606.000000
-537.000000
-407.000000
-350.000000
-388.000000
-468.000000
-496.000000
-451.000000
-372.000000
-302.000000
-277.000000
-266.000000
-250.000000
-195.000000
-118.000000
-49.000000
-12.000000
24.000000
65.000000
85.000000
108.000000
132.000000
167.000000
208.000000
217.000000
204.000000
164.000000
155.000000
178.000000
233.000000
285.000000
301.000000
291.000000
265.000000
263.000000
273.000000
300.000000
310.000000
312.000000
312.000000
326.000000
364.000000
410.000000
468.000000
495.000000
504.000000
510.000000
507.000000
540.000000
597.000000
638.000000
646.000000
621.000000
605.000000
614.000000
643.000000
667.000000
640.000000
603.000000
575.000000
560.000000
584.000000
600.000000
568.000000
490.000000
420.000000
375.000000
391.000000
407.000000
405.000000
387.000000
321.000000
295.000000
241.000000
204.000000
158.000000
107.000000
96.000000
97.000000
113.000000
62.000000
-1.000000
-136.000000
-335.000000
-636.000000
-1050.000000
-1467.000000
-1831.000000
-2028.000000
-2097.000000
-2097.000000
-2138.000000
-2166.000000
-2129.000000
-2033.000000
-1881.000000
-1819.000000
-1857.000000
-1927.000000
-1886.000000
-1637.000000
-1256.000000
-866.000000
-592.000000
-453.000000
-341.000000
-191.000000
12.000000
185.000000
309.000000
385.000000
452.000000
564.000000
664.000000
733.000000
694.000000
530.000000
256.000000
-41.000000
-223.000000
-246.000000
-86.000000
120.000000
229.000000
196.000000
86.000000
31.000000
63.000000
175.000000
259.000000
289.000000
301.000000
374.000000
528.000000
663.000000
717.000000
622.000000
510.000000
463.000000
532.000000
734.000000
973.000000
1225.000000
1403.000000
1517.000000
1547.000000
1568.000000
1627.000000
1725.000000
1875.000000
1944.000000
1953.000000
1939.000000
1973.000000
2048.000000
2048.000000
1919.000000
1603.000000
1253.000000
980.000000
858.000000
820.000000
728.000000
543.000000
270.000000
52.000000
-105.000000
-190.000000
-228.000000
-261.000000
-301.000000
-324.000000
-305.000000
-249.000000
-121.000000
17.000000
98.000000
58.000000
-71.000000
-161.000000
-168.000000
-64.000000
-24.000000
-80.000000
-227.000000
-394.000000
-440.000000
-515.000000
-656.000000
-976.000000
-1403.000000
-1799.000000
-2114.000000
-2336.000000
-2603.000000
-2881.000000
-3117.000000
-3235.000000
-3180.000000
-3072.000000
-2943.000000
-2866.000000
-2708.000000
-2456.000000
-2159.000000
-1881.000000
-1674.000000
-1442.000000
-1158.000000
-735.000000
-317.000000
23.000000
256.000000
438.000000
671.000000
897.000000
1113.000000
1202.000000
1171.000000
1113.000000
1077.000000
1107.000000
1117.000000
1046.000000
847.000000
586.000000
318.000000
91.000000
-37.000000
-120.000000
-141.000000
-170.000000
-142.000000
-32.000000
116.000000
270.000000
353.000000
355.000000
267.000000
237.000000
268.000000
359.000000
445.000000
429.000000
380.000000
319.000000
354.000000
429.000000
498.000000
501.000000
412.000000
367.000000
365.000000
476.000000
623.000000
735.000000
814.000000
840.000000
896.000000
961.000000
1035.000000
1074.000000
1060.000000
1009.000000
930.000000
867.000000
759.000000
673.000000
572.000000
475.000000
392.000000
276.000000
136.000000
-32.000000
-157.000000
-211.000000
-173.000000
-108.000000
-99.000000
-159.000000
-271.000000
-324.000000
-336.000000
-279.000000
-217.000000
-188.000000
-144.000000
-95.000000
-7.000000
63.000000
91.000000
12.000000
-118.000000
-235.000000
-273.000000
-208.000000
-122.000000
-21.000000
18.000000
43.000000
83.000000
116.000000
168.000000
194.000000
257.000000
370.000000
541.000000
730.000000
828.000000
828.000000
758.000000
785.000000
955.000000
1227.000000
1476.000000
1547.000000
1439.000000
1230.000000
1080.000000
1071.000000
1225.000000
1448.000000
1593.000000
1590.000000
1457.000000
1358.000000
1378.000000
1417.000000
1017.000000
-299.000000
-2483.000000
-4777.000000
-5950.000000
-5344.000000
-3335.000000
-1388.000000
-864.000000
-1938.000000
-3598.000000
-4423.000000
-4016.000000
-3201.000000
-3221.000000
-4471.000000
-5851.000000
-5836.000000
-3699.000000
-466.000000
2037.000000
2475.000000
1162.000000
-314.000000
-611.000000
476.000000
1875.000000
2483.000000
2048.000000
1312.000000
1196.000000
1884.000000
2746.000000
2878.000000
2010.000000
611.000000
-548.000000
-1040.000000
-1025.000000
-855.000000
-808.000000
-798.000000
-768.000000
-758.000000
-937.000000
-1407.000000
-1931.000000
-2208.000000
-2091.000000
-1780.000000
-1539.000000
-1435.000000
-1244.000000
-634.000000
353.000000
1320.000000
1763.000000
1619.000000
1300.000000
1369.000000
2066.000000
3028.000000
3709.000000
3767.000000
3410.000000
3093.000000
3079.000000
3212.000000
3139.000000
2711.000000
2100.000000
1676.000000
1595.000000
1698.000000
1671.000000
1328.000000
755.000000
181.000000
-209.000000
-459.000000
-657.000000
-810.000000
-864.000000
-788.000000
-710.000000
-765.000000
-1029.000000
-1365.000000
-1547.000000
-1477.000000
-1190.000000
-873.000000
-595.000000
-282.000000
170.000000
729.000000
1202.000000
1324.000000
997.000000
451.000000
29.000000
-10.000000
265.000000
606.000000
764.000000
665.000000
496.000000
372.000000
310.000000
168.000000
-226.000000
-778.000000
-1262.000000
-1412.000000
-1254.000000
-1011.000000
-948.000000
-1161.000000
-1456.000000
-1629.000000
-1563.000000
-1376.000000
-1208.000000
-1124.000000
-931.000000
-477.000000
208.000000
950.000000
1428.000000
1580.000000
1508.000000
1457.000000
1581.000000
1816.000000
2023.000000
2080.000000
2016.000000
1990.000000
2128.000000
2321.000000
2234.000000
1550.000000
207.000000
-1441.000000
-2668.000000
-2912.000000
-2181.000000
-1091.000000
-513.000000
-850.000000
-1769.000000
-2513.000000
-2576.000000
-2143.000000
-1947.000000
-2550.000000
-3729.000000
-4633.000000
-4378.000000
-2888.000000
-976.000000
262.000000
285.000000
-475.000000
-1111.000000
-990.000000
-259.000000
350.000000
234.000000
-522.000000
-1207.000000
-1100.000000
-107.000000
1122.000000
1758.000000
1424.000000
452.000000
-402.000000
-639.000000
-314.000000
62.000000
71.000000
-268.000000
-584.000000
-483.000000
17.000000
567.000000
743.000000
441.000000
-71.000000
-454.000000
-511.000000
-356.000000
-162.000000
-43.000000
104.000000
407.000000
822.000000
1150.000000
1134.000000
798.000000
341.000000
70.000000
121.000000
321.000000
510.000000
562.000000
635.000000
908.000000
1399.000000
1929.000000
2155.000000
1994.000000
1607.000000
1389.000000
1509.000000
1875.000000
2171.000000
2164.000000
1962.000000
1759.000000
1788.000000
1934.000000
1968.000000
1693.000000
1131.000000
597.000000
293.000000
248.000000
230.000000
42.000000
-307.000000
-615.000000
-638.000000
-404.000000
-107.000000
-71.000000
-357.000000
-782.000000
-1079.000000
-1025.000000
-757.000000
-498.000000
-455.000000
-559.000000
-615.000000
-493.000000
-212.000000
15.000000
34.000000
-196.000000
-493.000000
-653.000000
-596.000000
-392.000000
-264.000000
-293.000000
-491.000000
-706.000000
-821.000000
-805.000000
-688.000000
-660.000000
-729.000000
-911.000000
-1037.000000
-978.000000
-762.000000
-469.000000
-275.000000
-194.000000
-255.000000
-277.000000
-206.000000
-28.000000
227.000000
429.000000
608.000000
690.000000
770.000000
849.000000
961.000000
1087.000000
1128.000000
1100.000000
922.000000
754.000000
704.000000
798.000000
997.000000
1121.000000
1164.000000
1162.000000
1261.000000
1318.000000
954.000000
-121.000000
-1842.000000
-3324.000000
-3764.000000
-2816.000000
-1184.000000
-54.000000
-103.000000
-1078.000000
-1879.000000
-1836.000000
-1162.000000
-919.000000
-1917.000000
-3722.000000
-5046.000000
-4557.000000
-2370.000000
250.000000
1668.000000
1326.000000
132.000000
-599.000000
-97.000000
995.000000
1546.000000
856.000000
-531.000000
-1289.000000
-684.000000
1022.000000
2550.000000
2878.000000
1954.000000
647.000000
-40.000000
-4.000000
252.000000
-8.000000
-749.000000
-1406.000000
-1351.000000
-540.000000
298.000000
519.000000
-34.000000
-850.000000
-1346.000000
-1410.000000
-1284.000000
-1426.000000
-1687.000000
-1709.000000
-1119.000000
-88.000000
763.000000
1048.000000
733.000000
409.000000
441.000000
836.000000
1188.000000
1139.000000
881.000000
829.000000
1427.000000
2412.000000
3250.000000
3452.000000
2995.000000
2428.000000
2128.000000
2233.000000
2272.000000
1914.000000
1183.000000
533.000000
419.000000
783.000000
1238.000000
1172.000000
541.000000
-249.000000
-713.000000
-614.000000
-318.000000
-168.000000
-441.000000
-839.000000
-978.000000
-749.000000
-268.000000
-13.000000
-16.000000
-221.000000
-308.000000
-149.000000
85.000000
250.000000
142.000000
-18.000000
-138.000000
-109.000000
-24.000000
-34.000000
-40.000000
-73.000000
31.000000
80.000000
-37.000000
-357.000000
-780.000000
-991.000000
-1032.000000
-879.000000
-845.000000
-927.000000
-963.000000
-818.000000
-382.000000
-27.000000
98.000000
-154.000000
-491.000000
-564.000000
-346.000000
141.000000
500.000000
710.000000
752.000000
896.000000
1202.000000
1516.000000
1732.000000
1616.000000
1385.000000
1161.000000
1246.000000
1680.000000
2148.000000
2464.000000
2328.000000
2165.000000
2226.000000
2639.000000
2653.000000
1075.000000
-2309.000000
-6591.000000
-9302.000000
-8901.000000
-5562.000000
-1766.000000
-145.000000
-1254.000000
-3457.000000
-4133.000000
-2709.000000
-825.000000
-944.000000
-3784.000000
-7090.000000
-7917.000000
-4693.000000
637.000000
4841.000000
5729.000000
3934.000000
2150.000000
2102.000000
3652.000000
4701.000000
3861.000000
1513.000000
-555.000000
-764.000000
551.000000
2079.000000
2337.000000
1302.000000
-172.000000
-1274.000000
-1816.000000
-2489.000000
-3288.000000
-3950.000000
-3739.000000
-2677.000000
-1452.000000
-744.000000
-779.000000
-837.000000
-501.000000
176.000000
460.000000
-197.000000
-1309.000000
-1951.000000
-1240.000000
382.000000
1932.000000
2448.000000
1956.000000
1450.000000
1565.000000
2331.000000
2795.000000
2366.000000
1209.000000
201.000000
193.000000
1060.000000
2218.000000
2808.000000
2792.000000
2555.000000
2534.000000
2769.000000
2771.000000
2341.000000
1415.000000
488.000000
-214.000000
-614.000000
-775.000000
-869.000000
-730.000000
-521.000000
-316.000000
-413.000000
-789.000000
-1136.000000
-1242.000000
-918.000000
-587.000000
-456.000000
-607.000000
-636.000000
-108.000000
857.000000
1924.000000
2391.000000
2180.000000
1568.000000
1110.000000
1097.000000
1233.000000
1228.000000
745.000000
108.000000
-353.000000
-367.000000
-96.000000
13.000000
-281.000000
-1013.000000
-1771.000000
-2272.000000
-2365.000000
-2179.000000
-1989.000000
-1803.000000
-1692.000000
-1376.000000
-859.000000
-171.000000
497.000000
837.000000
851.000000
578.000000
399.000000
538.000000
1015.000000
1611.000000
1995.000000
2129.000000
2053.000000
2018.000000
2087.000000
2187.000000
2187.000000
2036.000000
1947.000000
1940.000000
2186.000000
2582.000000
3038.000000
3119.000000
2190.000000
-339.000000
-4313.000000
-8476.000000
-10913.000000
-10415.000000
-7372.000000
-3830.000000
-1799.000000
-1828.000000
-2654.000000
-2589.000000
-1286.000000
-110.000000
-852.000000
-3711.000000
-6816.000000
-7529.000000
-4751.000000
157.000000
4438.000000
6163.000000
5571.000000
4451.000000
4198.000000
4750.000000
4747.000000
3287.000000
654.000000
-1668.000000
-2512.000000
-1830.000000
-592.000000
150.000000
57.000000
-578.000000
-1342.000000
-2078.000000
-2928.000000
-3701.000000
-4112.000000
-3747.000000
-2693.000000
-1335.000000
-53.000000
1008.000000
1990.000000
2785.000000
3105.000000
2531.000000
1140.000000
-418.000000
-1353.000000
-1169.000000
-241.000000
692.000000
1067.000000
955.000000
922.000000
1215.000000
1725.000000
1780.000000
1078.000000
-156.000000
-1079.000000
-1043.000000
-81.000000
1278.000000
2340.000000
2999.000000
3433.000000
3921.000000
4362.000000
4294.000000
3589.000000
2364.000000
1194.000000
387.000000
-64.000000
-368.000000
-742.000000
-997.000000
-1113.000000
-1074.000000
-1156.000000
-1471.000000
-1904.000000
-2138.000000
-1914.000000
-1369.000000
-681.000000
-124.000000
350.000000
863.000000
1443.000000
2033.000000
2342.000000
2344.000000
2064.000000
1715.000000
1415.000000
1136.000000
820.000000
386.000000
-60.000000
-461.000000
-691.000000
-824.000000
-950.000000
-1144.000000
-1457.000000
-1701.000000
-1846.000000
-1778.000000
-1601.000000
-1408.000000
-1217.000000
-1047.000000
-733.000000
-271.000000
390.000000
1063.000000
1591.000000
1857.000000
1842.000000
1805.000000
1793.000000
1884.000000
1875.000000
1687.000000
1405.000000
1219.000000
1347.000000
1649.000000
1886.000000
1830.000000
1594.000000
1474.000000
1627.000000
2006.000000
2293.000000
2456.000000
2418.000000
2075.000000
839.000000
-1861.000000
-5677.000000
-9357.000000
-10848.000000
-9489.000000
-6083.000000
-2970.000000
-1759.000000
-2247.000000
-2867.000000
-2174.000000
-771.000000
-289.000000
-2055.000000
-5318.000000
-7506.000000
-6700.000000
-2796.000000
1806.000000
4819.000000
5347.000000
4577.000000
4167.000000
4503.000000
4792.000000
3725.000000
1336.000000
-1266.000000
-2756.000000
-2626.000000
-1748.000000
-969.000000
-881.000000
-1089.000000
-1223.000000
-1323.000000
-1657.000000
-2550.000000
-3396.000000
-3696.000000
-2924.000000
-1429.000000
124.000000
1381.000000
2272.000000
3110.000000
3742.000000
3840.000000
3018.000000
1390.000000
-242.000000
-1253.000000
-1249.000000
-793.000000
-389.000000
-344.000000
-356.000000
23.000000
690.000000
1285.000000
1203.000000
499.000000
-303.000000
-580.000000
-54.000000
875.000000
1869.000000
2626.000000
3383.000000
4227.000000
4960.000000
5214.000000
4599.000000
3458.000000
2162.000000
1205.000000
520.000000
-149.000000
-832.000000
-1443.000000
-1610.000000
-1494.000000
-1331.000000
-1508.000000
-2029.000000
-2465.000000
-2514.000000
-1968.000000
-1152.000000
-313.000000
382.000000
991.000000
1648.000000
2202.000000
2601.000000
2609.000000
2311.000000
1845.000000
1353.000000
961.000000
570.000000
236.000000
-170.000000
-570.000000
-952.000000
-1268.000000
-1426.000000
-1531.000000
-1566.000000
-1633.000000
-1702.000000
-1722.000000
-1661.000000
-1430.000000
-1165.000000
-871.000000
-608.000000
-314.000000
170.000000
832.000000
1610.000000
2230.000000
2502.000000
2451.000000
2249.000000
2159.000000
2131.000000
2074.000000
1820.000000
1467.000000
1270.000000
1287.000000
1525.000000
1667.000000
1633.000000
1479.000000
1328.000000
1360.000000
1523.000000
1929.000000
2370.000000
2415.000000
1359.000000
-1545.000000
-5646.000000
-9588.000000
-11168.000000
-9832.000000
-6505.000000
-3435.000000
-2201.000000
-2377.000000
-2554.000000
-1428.000000
263.000000
819.000000
-899.000000
-4216.000000
-6554.000000
-6193.000000
-2873.000000
1320.000000
4308.000000
5267.000000
4872.000000
4574.000000
4553.000000
4413.000000
3119.000000
738.000000
-1864.000000
-3681.000000
-4108.000000
-3675.000000
-2845.000000
-2107.000000
-1497.000000
-955.000000
-884.000000
-1249.000000
-2164.000000
-2827.000000
-2895.000000
-2190.000000
-1057.000000
35.000000
1151.000000
2305.000000
3650.000000
4667.000000
4777.000000
3777.000000
1900.000000
98.000000
-1212.000000
-1747.000000
-1902.000000
-1952.000000
-1872.000000
-1527.000000
-669.000000
375.000000
1292.000000
1606.000000
1360.000000
900.000000
616.000000
818.000000
1340.000000
2106.000000
2917.000000
3795.000000
4681.000000
5345.000000
5519.000000
4977.000000
3901.000000
2529.000000
1133.000000
-169.000000
-1362.000000
-2292.000000
-2806.000000
-2759.000000
-2354.000000
-1861.000000
-1555.000000
-1440.000000
-1320.000000
-1077.000000
-684.000000
-240.000000
202.000000
648.000000
1180.000000
1735.000000
2228.000000
2564.000000
2675.000000
2551.000000
2194.000000
1610.000000
872.000000
109.000000
-525.000000
-984.000000
-1292.000000
-1559.000000
-1753.000000
-1845.000000
-1765.000000
-1538.000000
-1294.000000
-1088.000000
-968.000000
-801.000000
-594.000000
-352.000000
-212.000000
-178.000000
-53.000000
291.000000
922.000000
1524.000000
1852.000000
1839.000000
1672.000000
1677.000000
1798.000000
1897.000000
1652.000000
1255.000000
969.000000
1056.000000
1458.000000
1761.000000
1877.000000
1816.000000
1904.000000
2308.000000
2894.000000
3546.000000
3686.000000
2928.000000
384.000000
-3850.000000
-8733.000000
-12199.000000
-12435.000000
-9678.000000
-5568.000000
-2740.000000
-1876.000000
-2063.000000
-1535.000000
235.000000
1704.000000
1224.000000
-1738.000000
-5235.000000
-6726.000000
-5013.000000
-900.000000
3086.000000
5528.000000
5964.000000
5625.000000
5177.000000
4634.000000
3466.000000
1134.000000
-1711.000000
-4426.000000
-6071.000000
-6424.000000
-5675.000000
-3981.000000
-2028.000000
-115.000000
861.000000
772.000000
-121.000000
-1125.000000
-1377.000000
-1053.000000
-363.000000
62.000000
504.000000
1449.000000
3061.000000
4927.000000
5774.000000
5041.000000
2776.000000
3.000000
-2247.000000
-3689.000000
-4357.000000
-4682.000000
-4485.000000
-3658.000000
-2121.000000
-194.000000
1466.000000
2570.000000
2954.000000
2958.000000
2742.000000
2470.000000
2315.000000
2399.000000
2982.000000
3931.000000
5067.000000
5896.000000
6016.000000
5327.000000
3825.000000
1891.000000
-305.000000
-2401.000000
-4116.000000
-5160.000000
-5326.000000
-4737.000000
-3513.000000
-2072.000000
-530.000000
812.000000
1764.000000
2194.000000
2003.000000
1496.000000
998.000000
905.000000
1243.000000
1799.000000
2295.000000
2495.000000
2406.000000
1994.000000
1397.000000
576.000000
-362.000000
-1278.000000
-2072.000000
-2507.000000
-2579.000000
-2245.000000
-1727.000000
-1184.000000
-802.000000
-625.000000
-514.000000
-410.000000
-118.000000
260.000000
681.000000
978.000000
1090.000000
1115.000000
1122.000000
1280.000000
1451.000000
1555.000000
1397.000000
987.000000
531.000000
161.000000
107.000000
152.000000
359.000000
476.000000
610.000000
774.000000
1092.000000
1755.000000
2558.000000
3448.000000
4020.000000
4415.000000
4794.000000
5117.000000
4814.000000
2409.000000
-2423.000000
-8888.000000
-14041.000000
-15384.000000
-12577.000000
-7449.000000
-3318.000000
-1296.000000
-975.000000
-324.000000
1251.000000
2546.000000
2072.000000
-871.000000
-4360.000000
-6408.000000
-5580.000000
-2508.000000
1114.000000
4231.000000
6063.000000
7003.000000
6702.000000
5231.000000
2667.000000
-527.000000
-3311.000000
-5580.000000
-6901.000000
-7589.000000
-7282.000000
-5655.000000
-2927.000000
340.000000
2578.000000
3224.000000
2218.000000
628.000000
-429.000000
-688.000000
-193.000000
345.000000
949.000000
1690.000000
2746.000000
3919.000000
4437.000000
3954.000000
2163.000000
-377.000000
-3104.000000
-5393.000000
-6687.000000
-6776.000000
-5524.000000
-3306.000000
-666.000000
1734.000000
3406.000000
4398.000000
4790.000000
4804.000000
4411.000000
3658.000000
2810.000000
2298.000000
2535.000000
3457.000000
4656.000000
5484.000000
5498.000000
4591.000000
2858.000000
505.000000
-2240.000000
-4924.000000
-6871.000000
-7498.000000
-6507.000000
-4374.000000
-1815.000000
433.000000
2055.000000
3111.000000
3623.000000
3619.000000
2960.000000
1819.000000
619.000000
-124.000000
-65.000000
682.000000
1728.000000
2569.000000
2848.000000
2452.000000
1439.000000
144.000000
-1123.000000
-1994.000000
-2367.000000
-2359.000000
-2126.000000
-1836.000000
-1370.000000
-737.000000
11.000000
575.000000
675.000000
417.000000
4.000000
-77.000000
255.000000
824.000000
1334.000000
1453.000000
1431.000000
1257.000000
1221.000000
1148.000000
941.000000
613.000000
2.000000
-417.000000
-765.000000
-676.000000
-322.000000
158.000000
906.000000
1568.000000
2612.000000
3536.000000
4454.000000
5143.000000
5450.000000
5876.000000
5651.000000
4637.000000
1152.000000
-4555.000000
-11051.000000
-15619.000000
-15523.000000
-11693.000000
-5757.000000
-1369.000000
656.000000
921.000000
855.000000
1687.000000
1861.000000
779.000000
-2285.000000
-5485.000000
-6755.000000
-5613.000000
-2138.000000
1393.000000
4441.000000
5887.000000
5917.000000
4819.000000
2578.000000
241.000000
-2338.000000
-4159.000000
-5420.000000
-6058.000000
-5952.000000
-5398.000000
-3615.000000
-1360.000000
1046.000000
2455.000000
2389.000000
1498.000000
123.000000
-438.000000
-390.000000
480.000000
1570.000000
2340.000000
2881.000000
2863.000000
2712.000000
2059.000000
950.000000
-653.000000
-2714.000000
-4477.000000
-5749.000000
-5742.000000
-4726.000000
-2847.000000
-518.000000
1669.000000
3656.000000
4747.000000
5112.000000
4581.000000
3824.000000
3253.000000
3023.000000
3159.000000
3183.000000
3364.000000
3598.000000
4106.000000
4472.000000
4152.000000
2956.000000
799.000000
-1508.000000
-3688.000000
-5171.000000
-5843.000000
-5607.000000
-4185.000000
-2079.000000
406.000000
2084.000000
2788.000000
2609.000000
2086.000000
1748.000000
1312.000000
932.000000
318.000000
12.000000
195.000000
906.000000
2010.000000
2681.000000
2761.000000
1962.000000
756.000000
-492.000000
-1517.000000
-1979.000000
-2158.000000
-2009.000000
-1840.000000
-1604.000000
-1183.000000
-633.000000
39.000000
382.000000
498.000000
373.000000
291.000000
383.000000
520.000000
766.000000
784.000000
787.000000
675.000000
571.000000
510.000000
348.000000
261.000000
-83.000000
-409.000000
-725.000000
-670.000000
-183.000000
545.000000
1640.000000
2720.000000
3907.000000
4663.000000
4938.000000
4843.000000
4509.000000
4647.000000
4722.000000
4175.000000
1297.000000
-4330.000000
-10852.000000
-15501.000000
-15273.000000
-11237.000000
-5265.000000
-499.000000
1951.000000
2552.000000
1731.000000
1127.000000
234.000000
-794.000000
-2682.000000
-4891.000000
-5755.000000
-4922.000000
-1828.000000
1814.000000
5184.000000
6923.000000
6276.000000
4011.000000
638.000000
-1968.000000
-3992.000000
-5012.000000
-5240.000000
-4845.000000
-3738.000000
-2937.000000
-1942.000000
-994.000000
223.000000
1120.000000
1013.000000
403.000000
-581.000000
-824.000000
-335.000000
1079.000000
2970.000000
4380.000000
4854.000000
3870.000000
2108.000000
-26.000000
-1929.000000
-3264.000000
-4144.000000
-4508.000000
-4619.000000
-4213.000000
-3171.000000
-1552.000000
426.000000
2183.000000
3541.000000
4104.000000
3924.000000
3181.000000
2496.000000
2433.000000
3046.000000
3995.000000
4599.000000
4650.000000
4240.000000
3670.000000
3116.000000
2456.000000
1474.000000
129.000000
-1415.000000
-2789.000000
-3767.000000
-4125.000000
-3842.000000
-2833.000000
-1312.000000
155.000000
1079.000000
1238.000000
970.000000
722.000000
696.000000
797.000000
817.000000
626.000000
406.000000
278.000000
550.000000
1121.000000
1815.000000
2272.000000
2222.000000
1674.000000
600.000000
-628.000000
-1657.000000
-2144.000000
-2172.000000
-1971.000000
-1692.000000
-1290.000000
-615.000000
185.000000
884.000000
1264.000000
1242.000000
909.000000
457.000000
70.000000
-86.000000
-29.000000
239.000000
482.000000
643.000000
595.000000
310.000000
-72.000000
-786.000000
-1404.000000
-1809.000000
-1501.000000
-613.000000
554.000000
1968.000000
3287.000000
4760.000000
5693.000000
6102.000000
5849.000000
5152.000000
4726.000000
4002.000000
2773.000000
-911.000000
-6518.000000
-12017.000000
-14423.000000
-11915.000000
-7079.000000
-1681.000000
1492.000000
2847.000000
2334.000000
351.000000
-1397.000000
-3016.000000
-3398.000000
-4141.000000
-4585.000000
-3963.000000
-2041.000000
1317.000000
4010.000000
6034.000000
6166.000000
4571.000000
1760.000000
-1598.000000
-3583.000000
-4599.000000
-4236.000000
-3385.000000
-2357.000000
-1491.000000
-1723.000000
-2031.000000
-2255.000000
-1643.000000
-1037.000000
-1060.000000
-1182.000000
-1101.000000
20.000000
1514.000000
3172.000000
4634.000000
5235.000000
4768.000000
2774.000000
187.000000
-2132.000000
-3528.000000
-3853.000000
-3661.000000
-3057.000000
-2438.000000
-1761.000000
-1134.000000
-613.000000
31.000000
754.000000
1683.000000
2387.000000
2689.000000
2593.000000
2662.000000
3296.000000
4280.000000
5067.000000
4997.000000
4330.000000
3306.000000
2451.000000
1719.000000
1118.000000
638.000000
28.000000
-721.000000
-1833.000000
-2907.000000
-3620.000000
-3578.000000
-2600.000000
-1044.000000
543.000000
1353.000000
1414.000000
1045.000000
742.000000
580.000000
390.000000
284.000000
182.000000
258.000000
304.000000
602.000000
1213.000000
1943.000000
2474.000000
2239.000000
1416.000000
-38.000000
-1524.000000
-2636.000000
-3012.000000
-2631.000000
-1895.000000
-1016.000000
-320.000000
203.000000
438.000000
535.000000
597.000000
659.000000
665.000000
552.000000
533.000000
716.000000
1065.000000
1348.000000
1375.000000
1173.000000
635.000000
-93.000000
-1173.000000
-2097.000000
-2531.000000
-2110.000000
-891.000000
435.000000
1868.000000
2845.000000
3862.000000
4558.000000
5081.000000
5302.000000
4820.000000
4666.000000
4210.000000
3627.000000
630.000000
-4788.000000
-10286.000000
-13185.000000
-11088.000000
-6960.000000
-2056.000000
1328.000000
3059.000000
2827.000000
92.000000
-2545.000000
-4521.000000
-4663.000000
-4632.000000
-4682.000000
-3563.000000
-1499.000000
1665.000000
3948.000000
5536.000000
5977.000000
4689.000000
2091.000000
-1308.000000
-3281.000000
-3763.000000
-2941.000000
-1548.000000
-352.000000
412.000000
-328.000000
-1883.000000
-3254.000000
-3622.000000
-3048.000000
-2636.000000
-2066.000000
-1208.000000
109.000000
1494.000000
2384.000000
3235.000000
3765.000000
3702.000000
2455.000000
248.000000
-1746.000000
-2859.000000
-2771.000000
-2028.000000
-1157.000000
-488.000000
-422.000000
-885.000000
-1652.000000
-1968.000000
-1347.000000
125.000000
1810.000000
3051.000000
3623.000000
3701.000000
3749.000000
3804.000000
3935.000000
3774.000000
3414.000000
2816.000000
2160.000000
1764.000000
1519.000000
1575.000000
1375.000000
853.000000
-255.000000
-1826.000000
-3322.000000
-4376.000000
-4149.000000
-2893.000000
-870.000000
886.000000
1818.000000
1921.000000
1242.000000
447.000000
-364.000000
-610.000000
-469.000000
-126.000000
304.000000
660.000000
1397.000000
2118.000000
2668.000000
2577.000000
1673.000000
316.000000
-1383.000000
-2603.000000
-3140.000000
-2767.000000
-1794.000000
-803.000000
105.000000
505.000000
565.000000
182.000000
-353.000000
-642.000000
-567.000000
36.000000
814.000000
1653.000000
2196.000000
2260.000000
1973.000000
1370.000000
784.000000
59.000000
-844.000000
-1714.000000
-2287.000000
-2027.000000
-1148.000000
141.000000
1491.000000
2559.000000
3416.000000
3803.000000
3998.000000
3976.000000
3705.000000
3836.000000
3882.000000
3307.000000
167.000000
-4996.000000
-9545.000000
-10839.000000
-8176.000000
-4387.000000
-631.000000
1763.000000
2668.000000
1289.000000
-1849.000000
-4216.000000
-5036.000000
-4532.000000
-4290.000000
-3659.000000
-1744.000000
731.000000
2710.000000
3500.000000
4138.000000
4298.000000
3091.000000
627.000000
-1680.000000
-2348.000000
-1936.000000
-1187.000000
-216.000000
809.000000
1126.000000
-373.000000
-2817.000000
-4452.000000
-4559.000000
-3649.000000
-2742.000000
-1442.000000
165.000000
1426.000000
1761.000000
1400.000000
1483.000000
1808.000000
1719.000000
783.000000
-464.000000
-1032.000000
-1075.000000
-626.000000
-43.000000
617.000000
920.000000
194.000000
-1188.000000
-2674.000000
-3183.000000
-2548.000000
-875.000000
1316.000000
3197.000000
4246.000000
4104.000000
3405.000000
2640.000000
2265.000000
2207.000000
2308.000000
2564.000000
2759.000000
2910.000000
2793.000000
2500.000000
1881.000000
776.000000
-792.000000
-2589.000000
-3983.000000
-4537.000000
-3854.000000
-2148.000000
-58.000000
1562.000000
2088.000000
1577.000000
364.000000
-869.000000
-1602.000000
-1459.000000
-542.000000
593.000000
1602.000000
2269.000000
2675.000000
2781.000000
2416.000000
1664.000000
535.000000
-593.000000
-1624.000000
-2228.000000
-2177.000000
-1614.000000
-721.000000
-46.000000
294.000000
28.000000
-697.000000
-1615.000000
-2267.000000
-2144.000000
-1301.000000
79.000000
1429.000000
2476.000000
2928.000000
2722.000000
2069.000000
1244.000000
631.000000
109.000000
-341.000000
-696.000000
-759.000000
-347.000000
334.000000
1233.000000
1995.000000
2439.000000
2613.000000
2614.000000
2750.000000
2771.000000
2847.000000
3272.000000
3630.000000
2737.000000
-799.000000
-5409.000000
-8523.000000
-8353.000000
-5909.000000
-3007.000000
-174.000000
1617.000000
1546.000000
-1041.000000
-4101.000000
-5561.000000
-5410.000000
-4853.000000
-4381.000000
-2687.000000
-183.000000
1769.000000
2336.000000
2513.000000
3163.000000
3202.000000
2084.000000
515.000000
-48.000000
113.000000
84.000000
107.000000
819.000000
1697.000000
1005.000000
-1359.000000
-3672.000000
-4551.000000
-4347.000000
-3920.000000
-2957.000000
-1248.000000
433.000000
796.000000
58.000000
-515.000000
-423.000000
-167.000000
-319.000000
-327.000000
60.000000
520.000000
638.000000
749.000000
1285.000000
1796.000000
1568.000000
445.000000
-884.000000
-1763.000000
-1951.000000
-1335.000000
36.000000
1696.000000
2856.000000
3096.000000
2565.000000
1777.000000
983.000000
556.000000
720.000000
1489.000000
2513.000000
3259.000000
3566.000000
3391.000000
2746.000000
1725.000000
554.000000
-483.000000
-1295.000000
-1808.000000
-1806.000000
-1264.000000
-380.000000
333.000000
620.000000
435.000000
-184.000000
-1091.000000
-1954.000000
-2171.000000
-1560.000000
-342.000000
904.000000
1892.000000
2483.000000
2534.000000
2072.000000
1242.000000
522.000000
11.000000
-356.000000
-710.000000
-834.000000
-675.000000
-313.000000
-10.000000
158.000000
224.000000
-11.000000
-543.000000
-1351.000000
-1902.000000
-2021.000000
-1645.000000
-867.000000
-62.000000
770.000000
1170.000000
1259.000000
1067.000000
785.000000
600.000000
379.000000
341.000000
322.000000
495.000000
812.000000
1267.000000
1790.000000
2038.000000
2153.000000
2197.000000
2349.000000
2305.000000
2045.000000
1825.000000
1608.000000
919.000000
-990.000000
-3328.000000
-4848.000000
-4639.000000
-3399.000000
-1824.000000
-244.000000
843.000000
606.000000
-1318.000000
-3578.000000
-4943.000000
-5257.000000
-5219.000000
-4621.000000
-2997.000000
-913.000000
421.000000
733.000000
935.000000
1213.000000
999.000000
215.000000
-53.000000
619.000000
1265.000000
1276.000000
1203.000000
1863.000000
2417.000000
1848.000000
349.000000
-945.000000
-1626.000000
-2292.000000
-2816.000000
-2503.000000
-1268.000000
-270.000000
-335.000000
-928.000000
-1352.000000
-1574.000000
-1962.000000
-2206.000000
-1776.000000
-995.000000
-352.000000
-68.000000
379.000000
1059.000000
1473.000000
1465.000000
1149.000000
868.000000
460.000000
72.000000
145.000000
857.000000
1936.000000
2659.000000
2886.000000
2588.000000
1909.000000
999.000000
270.000000
169.000000
682.000000
1503.000000
2160.000000
2514.000000
2441.000000
2001.000000
1352.000000
774.000000
370.000000
37.000000
-194.000000
-296.000000
-218.000000
-77.000000
78.000000
306.000000
458.000000
363.000000
-104.000000
-757.000000
-1179.000000
-1277.000000
-903.000000
-263.000000
518.000000
1151.000000
1341.000000
1186.000000
757.000000
476.000000
275.000000
194.000000
165.000000
125.000000
210.000000
230.000000
306.000000
372.000000
444.000000
455.000000
200.000000
-182.000000
-735.000000
-1278.000000
-1668.000000
-1789.000000
-1512.000000
-1108.000000
-738.000000
-591.000000
-609.000000
-678.000000
-833.000000
-940.000000
-968.000000
-855.000000
-657.000000
-387.000000
10.000000
419.000000
812.000000
1138.000000
1471.000000
1763.000000
1818.000000
1585.000000
1164.000000
834.000000
673.000000
605.000000
624.000000
726.000000
747.000000
521.000000
-23.000000
-592.000000
-1003.000000
-1195.000000
-1193.000000
-1123.000000
-935.000000
-940.000000
-1190.000000
-1565.000000
-1833.000000
-1908.000000
-1952.000000
-1822.000000
-1588.000000
-1294.000000
-1225.000000
-1196.000000
-916.000000
-418.000000
14.000000
80.000000
-8.000000
-113.000000
-228.000000
-388.000000
-377.000000
-104.000000
201.000000
237.000000
142.000000
107.000000
137.000000
-72.000000
-536.000000
-957.000000
-1175.000000
-1142.000000
-1077.000000
-775.000000
-334.000000
134.000000
413.000000
548.000000
749.000000
923.000000
1050.000000
986.000000
872.000000
804.000000
790.000000
815.000000
833.000000
921.000000
1044.000000
1107.000000
1006.000000
649.000000
262.000000
-56.000000
-221.000000
-203.000000
-39.000000
376.000000
759.000000
994.000000
901.000000
609.000000
266.000000
-83.000000
-125.000000
60.000000
466.000000
766.000000
975.000000
1175.000000
1345.000000
1479.000000
1423.000000
1320.000000
1123.000000
859.000000
519.000000
227.000000
143.000000
250.000000
396.000000
427.000000
312.000000
61.000000
-264.000000
-576.000000
-741.000000
-731.000000
-650.000000
-594.000000
-590.000000
-553.000000
-477.000000
-422.000000
-407.000000
-418.000000
-371.000000
-379.000000
-417.000000
-530.000000
-640.000000
-699.000000
-714.000000
-571.000000
-358.000000
-111.000000
78.000000
161.000000
142.000000
-56.000000
-348.000000
-698.000000
-919.000000
-1053.000000
-1042.000000
-832.000000
-540.000000
-216.000000
31.000000
253.000000
434.000000
476.000000
335.000000
100.000000
-88.000000
-134.000000
-2.000000
322.000000
738.000000
1071.000000
1147.000000
1004.000000
742.000000
482.000000
288.000000
115.000000
62.000000
47.000000
79.000000
102.000000
38.000000
-75.000000
-369.000000
-628.000000
-859.000000
-952.000000
-911.000000
-804.000000
-557.000000
-340.000000
-66.000000
118.000000
226.000000
173.000000
-72.000000
-270.000000
-369.000000
-254.000000
-132.000000
-71.000000
29.000000
151.000000
260.000000
174.000000
-54.000000
-311.000000
-583.000000
-764.000000
-902.000000
-897.000000
-798.000000
-650.000000
-474.000000
-372.000000
-238.000000
-191.000000
-157.000000
-129.000000
-135.000000
-84.000000
-17.000000
207.000000
452.000000
587.000000
615.000000
543.000000
551.000000
584.000000
654.000000
731.000000
756.000000
720.000000
624.000000
571.000000
610.000000
645.000000
672.000000
606.000000
475.000000
224.000000
-123.000000
-361.000000
-449.000000
-396.000000
-361.000000
-308.000000
-234.000000
-158.000000
-86.000000
1.000000
151.000000
255.000000
213.000000
110.000000
109.000000
236.000000
369.000000
418.000000
461.000000
530.000000
576.000000
487.000000
303.000000
196.000000
191.000000
204.000000
127.000000
71.000000
101.000000
172.000000
141.000000
39.000000
-31.000000
-17.000000
-8.000000
-92.000000
-211.000000
-312.000000
-428.000000
-570.000000
-632.000000
-575.000000
-411.000000
-308.000000
-260.000000
-275.000000
-373.000000
-550.000000
-770.000000
-900.000000
-927.000000
-827.000000
-660.000000
-421.000000
-197.000000
-45.000000
43.000000
106.000000
173.000000
148.000000
44.000000
-121.000000
-174.000000
-87.000000
160.000000
426.000000
637.000000
704.000000
619.000000
472.000000
267.000000
144.000000
61.000000
99.000000
226.000000
378.000000
484.000000
422.000000
246.000000
-31.000000
-252.000000
-364.000000
-333.000000
-191.000000
-17.000000
114.000000
166.000000
240.000000
303.000000
356.000000
246.000000
18.000000
-216.000000
-314.000000
-216.000000
-68.000000
83.000000
157.000000
206.000000
226.000000
133.000000
-19.000000
-155.000000
-175.000000
-183.000000
-192.000000
-166.000000
24.000000
252.000000
280.000000
103.000000
-164.000000
-253.000000
-326.000000
-396.000000
-459.000000
-369.000000
-173.000000
-30.000000
116.000000
163.000000
201.000000
54.000000
-114.000000
-142.000000
-55.000000
70.000000
64.000000
182.000000
343.000000
502.000000
522.000000
463.000000
468.000000
348.000000
80.000000
-354.000000
-656.000000
-764.000000
-745.000000
-607.000000
-409.000000
-144.000000
45.000000
96.000000
85.000000
56.000000
-20.000000
-220.000000
-414.000000
-405.000000
-172.000000
129.000000
302.000000
399.000000
434.000000
420.000000
290.000000
106.000000
-28.000000
-120.000000
-188.000000
-231.000000
-197.000000
-132.000000
-44.000000
30.000000
114.000000
176.000000
159.000000
87.000000
-7.000000
-65.000000
-127.000000
-131.000000
-47.000000
88.000000
169.000000
171.000000
166.000000
161.000000
142.000000
35.000000
-125.000000
-274.000000
-394.000000
-460.000000
-415.000000
-309.000000
-181.000000
-97.000000
-43.000000
34.000000
76.000000
97.000000
64.000000
44.000000
30.000000
34.000000
79.000000
119.000000
178.000000
217.000000
278.000000
326.000000
340.000000
252.000000
138.000000
79.000000
58.000000
52.000000
37.000000
48.000000
72.000000
59.000000
-10.000000
-92.000000
-171.000000
-266.000000
-378.000000
-383.000000
-246.000000
-54.000000
94.000000
220.000000
311.000000
282.000000
146.000000
-1.000000
-41.000000
-36.000000
-13.000000
6.000000
43.000000
101.000000
116.000000
147.000000
127.000000
90.000000
19.000000
5.000000
31.000000
83.000000
165.000000
230.000000
292.000000
214.000000
40.000000
-158.000000
-286.000000
-362.000000
-441.000000
-468.000000
-429.000000
-342.000000
-256.000000
-153.000000
-23.000000
88.000000
133.000000
82.000000
52.000000
81.000000
196.000000
330.000000
466.000000
594.000000
676.000000
692.000000
632.000000
550.000000
434.000000
259.000000
25.000000
-194.000000
-270.000000
-254.000000
-195.000000
-167.000000
-150.000000
-117.000000
-93.000000
-38.000000
15.000000
42.000000
-23.000000
-137.000000
-197.000000
-167.000000
-85.000000
-40.000000
-29.000000
-8.000000
-15.000000
-68.000000
-168.000000
-247.000000
-259.000000
-247.000000
-276.000000
-385.000000
-492.000000
-570.000000
-578.000000
-525.000000
-407.000000
-233.000000
-91.000000
10.000000
58.000000
94.000000
110.000000
127.000000
158.000000
205.000000
234.000000
192.000000
158.000000
128.000000
113.000000
25.000000
-100.000000
-212.000000
-284.000000
-299.000000
-334.000000
-315.000000
-271.000000
-187.000000
-131.000000
-78.000000
-36.000000
-42.000000
-39.000000
-6.000000
100.000000
189.000000
228.000000
233.000000
260.000000
305.000000
349.000000
372.000000
373.000000
356.000000
314.000000
242.000000
180.000000
166.000000
171.000000
179.000000
193.000000
252.000000
288.000000
229.000000
95.000000
-32.000000
-60.000000
-22.000000
25.000000
43.000000
110.000000
160.000000
132.000000
31.000000
-43.000000
-39.000000
-54.000000
-75.000000
-93.000000
-40.000000
9.000000
-1.000000
-82.000000
-157.000000
-175.000000
-115.000000
21.000000
168.000000
305.000000
348.000000
296.000000
142.000000
-54.000000
-253.000000
-430.000000
-526.000000
-564.000000
-531.000000
-436.000000
-381.000000
-351.000000
-332.000000
-272.000000
-178.000000
-147.000000
-123.000000
-85.000000
9.000000
84.000000
140.000000
245.000000
395.000000
572.000000
633.000000
643.000000
607.000000
518.000000
402.000000
203.000000
5.000000
-204.000000
-362.000000
-443.000000
-452.000000
-394.000000
-352.000000
-332.000000
-294.000000
-224.000000
-117.000000
-67.000000
-27.000000
12.000000
104.000000
241.000000
354.000000
470.000000
469.000000
427.000000
318.000000
198.000000
137.000000
105.000000
117.000000
94.000000
78.000000
20.000000
-103.000000
-262.000000
-439.000000
-495.000000
-489.000000
-434.000000
-335.000000
-205.000000
-40.000000
64.000000
109.000000
133.000000
166.000000
186.000000
138.000000
65.000000
-25.000000
-59.000000
-47.000000
-24.000000
15.000000
-13.000000
-62.000000
-153.000000
-257.000000
-314.000000
-382.000000
-375.000000
-334.000000
-247.000000
-164.000000
-101.000000
-13.000000
44.000000
109.000000
91.000000
45.000000
-9.000000
-29.000000
-2.000000
64.000000
180.000000
268.000000
307.000000
267.000000
200.000000
143.000000
141.000000
148.000000
112.000000
87.000000
106.000000
144.000000
158.000000
169.000000
179.000000
208.000000
214.000000
219.000000
225.000000
218.000000
182.000000
103.000000
50.000000
31.000000
77.000000
104.000000
104.000000
79.000000
33.000000
-22.000000
-78.000000
-101.000000
-114.000000
-76.000000
-21.000000
93.000000
252.000000
390.000000
452.000000
393.000000
258.000000
92.000000
-73.000000
-232.000000
-363.000000
-439.000000
-466.000000
-479.000000
-490.000000
-478.000000
-452.000000
-431.000000
-409.000000
-400.000000
-365.000000
-309.000000
-235.000000
-142.000000
-51.000000
60.000000
184.000000
319.000000
433.000000
481.000000
407.000000
302.000000
231.000000
171.000000
110.000000
13.000000
-60.000000
-123.000000
-191.000000
-256.000000
-291.000000
-282.000000
-275.000000
-284.000000
-313.000000
-299.000000
-245.000000
-184.000000
-53.000000
114.000000
286.000000
376.000000
344.000000
273.000000
193.000000
144.000000
107.000000
116.000000
198.000000
256.000000
265.000000
145.000000
-4.000000
-114.000000
-175.000000
-173.000000
-185.000000
-162.000000
-149.000000
-83.000000
-3.000000
109.000000
217.000000
260.000000
295.000000
299.000000
280.000000
204.000000
111.000000
46.000000
28.000000
40.000000
42.000000
33.000000
11.000000
-29.000000
-109.000000
-159.000000
-180.000000
-184.000000
-187.000000
-177.000000
-144.000000
-102.000000
-72.000000
-79.000000
-93.000000
-113.000000
-161.000000
-170.000000
-135.000000
-82.000000
-66.000000
-73.000000
-40.000000
3.000000
17.000000
-50.000000
-78.000000
-44.000000
-26.000000
-37.000000
-32.000000
56.000000
132.000000
162.000000
161.000000
188.000000
267.000000
290.000000
279.000000
252.000000
238.000000
169.000000
69.000000
23.000000
35.000000
72.000000
37.000000
-24.000000
-80.000000
-120.000000
-154.000000
-169.000000
-136.000000
-78.000000
-70.000000
-89.000000
-43.000000
90.000000
230.000000
289.000000
293.000000
257.000000
188.000000
110.000000
6.000000
-38.000000
-32.000000
-33.000000
-47.000000
-96.000000
-114.000000
-135.000000
-179.000000
-258.000000
-336.000000
-338.000000
-278.000000
-188.000000
-139.000000
-62.000000
-1.000000
41.000000
50.000000
35.000000
28.000000
35.000000
21.000000
-11.000000
-17.000000
-25.000000
-8.000000
-41.000000
-68.000000
-128.000000
-195.000000
-250.000000
-308.000000
-300.000000
-253.000000
-160.000000
-112.000000
-51.000000
10.000000
70.000000
169.000000
230.000000
299.000000
315.000000
297.000000
239.000000
178.000000
166.000000
185.000000
245.000000
259.000000
200.000000
73.000000
-59.000000
-134.000000
-179.000000
-197.000000
-189.000000
-168.000000
-136.000000
-114.000000
-80.000000
-41.000000
5.000000
64.000000
111.000000
159.000000
153.000000
112.000000
39.000000
-21.000000
-20.000000
2.000000
38.000000
45.000000
51.000000
41.000000
11.000000
-17.000000
-49.000000
-49.000000
-25.000000
8.000000
68.000000
113.000000
161.000000
187.000000
172.000000
136.000000
71.000000
12.000000
-71.000000
-120.000000
-144.000000
-124.000000
-76.000000
-33.000000
4.000000
-16.000000
-35.000000
-62.000000
-87.000000
-127.000000
-150.000000
-158.000000
-138.000000
-88.000000
-47.000000
15.000000
78.000000
146.000000
164.000000
161.000000
126.000000
63.000000
-6.000000
-51.000000
-29.000000
6.000000
14.000000
-6.000000
-46.000000
-76.000000
-82.000000
-60.000000
-17.000000
15.000000
29.000000
47.000000
103.000000
176.000000
218.000000
203.000000
151.000000
104.000000
34.000000
-36.000000
-88.000000
-80.000000
-67.000000
-74.000000
-77.000000
-82.000000
-82.000000
-152.000000
-232.000000
-289.000000
-319.000000
-288.000000
-235.000000
-158.000000
-98.000000
-28.000000
22.000000
84.000000
156.000000
180.000000
156.000000
81.000000
31.000000
-8.000000
-12.000000
14.000000
30.000000
37.000000
2.000000
-47.000000
-108.000000
-175.000000
-237.000000
-268.000000
-232.000000
-175.000000
-110.000000
-39.000000
61.000000
165.000000
218.000000
241.000000
238.000000
251.000000
253.000000
218.000000
211.000000
200.000000
207.000000
195.000000
147.000000
71.000000
-10.000000
-58.000000
-79.000000
-76.000000
-74.000000
-73.000000
-80.000000
-59.000000
-27.000000
-10.000000
26.000000
78.000000
118.000000
132.000000
121.000000
72.000000
22.000000
-25.000000
-54.000000
-57.000000
-55.000000
-43.000000
-24.000000
-34.000000
-61.000000
-87.000000
-103.000000
-88.000000
-70.000000
-37.000000
-5.000000
24.000000
72.000000
118.000000
150.000000
152.000000
114.000000
62.000000
-6.000000
-62.000000
-122.000000
-146.000000
-127.000000
-93.000000
-62.000000
-63.000000
-65.000000
-114.000000
-128.000000
-123.000000
-82.000000
-21.000000
8.000000
29.000000
36.000000
79.000000
96.000000
102.000000
92.000000
79.000000
85.000000
65.000000
40.000000
3.000000
-18.000000
-34.000000
-31.000000
-36.000000
-69.000000
-113.000000
-148.000000
-161.000000
-133.000000
-59.000000
11.000000
61.000000
84.000000
84.000000
109.000000
132.000000
160.000000
175.000000
148.000000
115.000000
61.000000
19.000000
18.000000
30.000000
46.000000
27.000000
-6.000000
-53.000000
-127.000000
-186.000000
-208.000000
-177.000000
-139.000000
-91.000000
-42.000000
-13.000000
9.000000
24.000000
37.000000
33.000000
47.000000
53.000000
35.000000
4.000000
-17.000000
-14.000000
-1.000000
0.000000
-7.000000
-32.000000
-79.000000
-137.000000
-187.000000
-189.000000
-146.000000
-113.000000
-100.000000
-80.000000
-55.000000
-5.000000
65.000000
132.000000
181.000000
195.000000
176.000000
162.000000
157.000000
152.000000
137.000000
142.000000
145.000000
107.000000
36.000000
-19.000000
-60.000000
-65.000000
-53.000000
-30.000000
-2.000000
26.000000
43.000000
38.000000
29.000000
52.000000
95.000000
102.000000
77.000000
31.000000
-17.000000
-67.000000
-82.000000
-74.000000
-32.000000
10.000000
26.000000
49.000000
31.000000
-6.000000
-83.000000
-157.000000
-176.000000
-146.000000
-85.000000
-31.000000
41.000000
102.000000
152.000000
147.000000
117.000000
89.000000
22.000000
-69.000000
-152.000000
-152.000000
-108.000000
-63.000000
-18.000000
-10.000000
-20.000000
-70.000000
-140.000000
-173.000000
-151.000000
-80.000000
-19.000000
38.000000
100.000000
146.000000
176.000000
176.000000
179.000000
157.000000
118.000000
72.000000
9.000000
-31.000000
-60.000000
-54.000000
-24.000000
-16.000000
-56.000000
-116.000000
-158.000000
-189.000000
-195.000000
-161.000000
-106.000000
-38.000000
0.000000
35.000000
101.000000
162.000000
191.000000
198.000000
207.000000
180.000000
137.000000
84.000000
50.000000
56.000000
65.000000
67.000000
59.000000
48.000000
9.000000
-60.000000
-134.000000
-175.000000
-153.000000
-118.000000
-88.000000
-59.000000
-44.000000
-39.000000
-43.000000
-36.000000
-5.000000
15.000000
7.000000
-17.000000
-56.000000
-77.000000
-101.000000
-103.000000
-84.000000
-71.000000
-62.000000
-100.000000
-153.000000
-181.000000
-177.000000
-136.000000
-90.000000
-35.000000
-4.000000
31.000000
54.000000
74.000000
110.000000
122.000000
134.000000
119.000000
113.000000
108.000000
92.000000
92.000000
89.000000
76.000000
42.000000
22.000000
-7.000000
-22.000000
-29.000000
-48.000000
-17.000000
28.000000
81.000000
130.000000
157.000000
163.000000
166.000000
170.000000
152.000000
114.000000
43.000000
-20.000000
-49.000000
-61.000000
-39.000000
-16.000000
17.000000
44.000000
45.000000
37.000000
25.000000
0.000000
-25.000000
-47.000000
-49.000000
-18.000000
30.000000
81.000000
110.000000
132.000000
137.000000
124.000000
72.000000
-2.000000
-98.000000
-168.000000
-185.000000
-182.000000
-162.000000
-138.000000
-102.000000
-112.000000
-141.000000
-176.000000
-183.000000
-155.000000
-129.000000
-81.000000
-31.000000
25.000000
80.000000
124.000000
157.000000
176.000000
177.000000
162.000000
126.000000
76.000000
42.000000
19.000000
6.000000
-6.000000
-24.000000
-43.000000
-69.000000
-123.000000
-164.000000
-173.000000
-152.000000
-130.000000
-109.000000
-87.000000
-61.000000
-27.000000
16.000000
55.000000
83.000000
114.000000
119.000000
112.000000
89.000000
66.000000
55.000000
39.000000
31.000000
19.000000
11.000000
-19.000000
-66.000000
-113.000000
-125.000000
-88.000000
-48.000000
-21.000000
6.000000
33.000000
51.000000
44.000000
48.000000
81.000000
100.000000
91.000000
67.000000
33.000000
8.000000
-12.000000
-31.000000
-35.000000
-49.000000
-86.000000
-134.000000
-170.000000
-184.000000
-187.000000
-146.000000
-85.000000
-6.000000
49.000000
69.000000
91.000000
92.000000
109.000000
114.000000
121.000000
127.000000
120.000000
112.000000
83.000000
43.000000
-3.000000
-39.000000
-84.000000
-113.000000
-134.000000
-140.000000
-130.000000
-111.000000
-72.000000
-12.000000
50.000000
96.000000
119.000000
132.000000
153.000000
155.000000
138.000000
113.000000
75.000000
36.000000
2.000000
-23.000000
-23.000000
-39.000000
-64.000000
-80.000000
-69.000000
-54.000000
-43.000000
-36.000000
-40.000000
-46.000000
-40.000000
-9.000000
41.000000
110.000000
147.000000
162.000000
165.000000
146.000000
106.000000
44.000000
-24.000000
-76.000000
-99.000000
-109.000000
-126.000000
-121.000000
-107.000000
-118.000000
-138.000000
-152.000000
-146.000000
-123.000000
-106.000000
-80.000000
-23.000000
28.000000
70.000000
86.000000
91.000000
113.000000
118.000000
112.000000
93.000000
84.000000
67.000000
31.000000
-16.000000
-26.000000
-32.000000
-40.000000
-39.000000
-34.000000
-21.000000
-19.000000
-15.000000
-14.000000
10.000000
23.000000
35.000000
65.000000
80.000000
86.000000
86.000000
82.000000
67.000000
47.000000
26.000000
22.000000
-9.000000
-50.000000
-76.000000
-88.000000
-92.000000
-127.000000
-142.000000
-127.000000
-107.000000
-90.000000
-80.000000
-64.000000
-26.000000
10.000000
23.000000
32.000000
36.000000
42.000000
45.000000
65.000000
74.000000
63.000000
35.000000
-2.000000
-23.000000
-57.000000
-90.000000
-108.000000
-114.000000
-133.000000
-130.000000
-126.000000
-117.000000
-75.000000
-28.000000
24.000000
60.000000
80.000000
109.000000
143.000000
155.000000
148.000000
151.000000
143.000000
101.000000
64.000000
51.000000
31.000000
-30.000000
-98.000000
-137.000000
-141.000000
-144.000000
-150.000000
-128.000000
-92.000000
-52.000000
-18.000000
50.000000
103.000000
139.000000
146.000000
133.000000
123.000000
106.000000
104.000000
96.000000
89.000000
68.000000
37.000000
19.000000
16.000000
19.000000
19.000000
15.000000
-10.000000
-52.000000
-81.000000
-96.000000
-83.000000
-58.000000
-8.000000
44.000000
74.000000
92.000000
75.000000
69.000000
47.000000
32.000000
3.000000
-34.000000
-43.000000
-73.000000
-99.000000
-96.000000
-88.000000
-77.000000
-74.000000
-74.000000
-76.000000
-85.000000
-74.000000
-57.000000
-28.000000
-7.000000
22.000000
51.000000
65.000000
89.000000
95.000000
113.000000
99.000000
69.000000
35.000000
-2.000000
-38.000000
-82.000000
-110.000000
-113.000000
-98.000000
-83.000000
-53.000000
-23.000000
2.000000
15.000000
24.000000
44.000000
62.000000
68.000000
75.000000
84.000000
105.000000
110.000000
121.000000
123.000000
115.000000
86.000000
33.000000
-6.000000
-51.000000
-85.000000
-101.000000
-100.000000
-100.000000
-95.000000
-90.000000
-82.000000
-77.000000
-63.000000
-29.000000
-3.000000
8.000000
16.000000
21.000000
24.000000
35.000000
42.000000
54.000000
58.000000
47.000000
15.000000
-27.000000
-57.000000
-74.000000
-73.000000
-75.000000
-77.000000
-88.000000
-93.000000
-89.000000
-86.000000
-56.000000
-36.000000
-3.000000
26.000000
28.000000
37.000000
43.000000
47.000000
54.000000
64.000000
68.000000
86.000000
85.000000
66.000000
33.000000
-4.000000
-42.000000
-74.000000
-87.000000
-103.000000
-96.000000
-80.000000
-58.000000
-19.000000
28.000000
60.000000
79.000000
75.000000
48.000000
46.000000
54.000000
59.000000
71.000000
90.000000
102.000000
106.000000
92.000000
79.000000
82.000000
66.000000
26.000000
-1.000000
-15.000000
-46.000000
-68.000000
-74.000000
-70.000000
-56.000000
-32.000000
-13.000000
18.000000
33.000000
34.000000
35.000000
31.000000
33.000000
24.000000
10.000000
-7.000000
-22.000000
-31.000000
-40.000000
-45.000000
-65.000000
-86.000000
-114.000000
-127.000000
-120.000000
-100.000000
-70.000000
-32.000000
2.000000
31.000000
48.000000
83.000000
123.000000
144.000000
154.000000
134.000000
107.000000
62.000000
25.000000
-14.000000
-52.000000
-59.000000
-63.000000
-74.000000
-77.000000
-79.000000
-69.000000
-62.000000
-56.000000
-44.000000
-16.000000
4.000000
12.000000
33.000000
57.000000
89.000000
102.000000
105.000000
102.000000
72.000000
38.000000
3.000000
-21.000000
-34.000000
-53.000000
-63.000000
-55.000000
-54.000000
-67.000000
-86.000000
-76.000000
-48.000000
-18.000000
6.000000
26.000000
35.000000
33.000000
18.000000
24.000000
41.000000
38.000000
39.000000
29.000000
10.000000
-7.000000
-30.000000
-32.000000
-32.000000
-54.000000
-70.000000
-85.000000
-103.000000
-103.000000
-87.000000
-58.000000
-21.000000
18.000000
33.000000
30.000000
8.000000
-10.000000
-15.000000
-2.000000
15.000000
24.000000
42.000000
53.000000
64.000000
68.000000
53.000000
27.000000
-8.000000
-51.000000
-76.000000
-70.000000
-67.000000
-55.000000
-14.000000
26.000000
59.000000
63.000000
50.000000
25.000000
-4.000000
-17.000000
-20.000000
3.000000
26.000000
42.000000
54.000000
74.000000
96.000000
111.000000
115.000000
89.000000
64.000000
15.000000
-20.000000
-38.000000
-51.000000
-37.000000
-14.000000
8.000000
22.000000
39.000000
46.000000
37.000000
26.000000
28.000000
31.000000
40.000000
53.000000
55.000000
60.000000
64.000000
56.000000
41.000000
24.000000
-10.000000
-53.000000
-73.000000
-95.000000
-103.000000
-102.000000
-104.000000
-86.000000
-79.000000
-62.000000
-31.000000
-10.000000
9.000000
22.000000
37.000000
40.000000
44.000000
47.000000
34.000000
42.000000
34.000000
27.000000
29.000000
22.000000
16.000000
-17.000000
-39.000000
-61.000000
-72.000000
-68.000000
-49.000000
-39.000000
-37.000000
-24.000000
-13.000000
0.000000
13.000000
31.000000
37.000000
43.000000
43.000000
38.000000
41.000000
35.000000
33.000000
30.000000
21.000000
0.000000
-19.000000
-38.000000
-46.000000
-35.000000
-24.000000
-22.000000
-26.000000
-30.000000
-32.000000
-22.000000
-25.000000
-7.000000
6.000000
13.000000
14.000000
6.000000
14.000000
13.000000
13.000000
-7.000000
-30.000000
-51.000000
-72.000000
-80.000000
-79.000000
-69.000000
-59.000000
-38.000000
-36.000000
-48.000000
-47.000000
-49.000000
-38.000000
-25.000000
-11.000000
23.000000
44.000000
56.000000
73.000000
75.000000
65.000000
48.000000
25.000000
-5.000000
-30.000000
-40.000000
-48.000000
-37.000000
-19.000000
-8.000000
4.000000
2.000000
-3.000000
-21.000000
-34.000000
-34.000000
-20.000000
4.000000
20.000000
37.000000
43.000000
46.000000
71.000000
84.000000
85.000000
82.000000
59.000000
23.000000
-12.000000
-49.000000
-63.000000
-55.000000
-43.000000
-24.000000
-2.000000
6.000000
0.000000
-3.000000
-12.000000
-1.000000
28.000000
40.000000
59.000000
84.000000
109.000000
115.000000
108.000000
101.000000
83.000000
48.000000
17.000000
-15.000000
-35.000000
-47.000000
-51.000000
-48.000000
-48.000000
-43.000000
-39.000000
-40.000000
-38.000000
-32.000000
-30.000000
-16.000000
-16.000000
-6.000000
6.000000
20.000000
31.000000
35.000000
48.000000
45.000000
42.000000
30.000000
12.000000
-4.000000
-9.000000
-19.000000
-15.000000
-5.000000
0.000000
4.000000
-6.000000
4.000000
11.000000
25.000000
24.000000
22.000000
18.000000
14.000000
23.000000
25.000000
30.000000
37.000000
31.000000
16.000000
7.000000
-2.000000
-9.000000
-19.000000
-28.000000
-26.000000
-29.000000
-45.000000
-53.000000
-51.000000
-49.000000
-47.000000
-42.000000
-28.000000
1.000000
8.000000
25.000000
33.000000
37.000000
23.000000
-9.000000
-28.000000
-53.000000
-67.000000
-73.000000
-74.000000
-58.000000
-29.000000
-28.000000
-33.000000
-38.000000
-55.000000
-66.000000
-79.000000
-86.000000
-60.000000
-28.000000
-8.000000
27.000000
52.000000
63.000000
75.000000
62.000000
46.000000
16.000000
-20.000000
-40.000000
-51.000000
-43.000000
-30.000000
-22.000000
-21.000000
-13.000000
-27.000000
-35.000000
-42.000000
-46.000000
-32.000000
-19.000000
-12.000000
9.000000
42.000000
65.000000
92.000000
101.000000
106.000000
91.000000
59.000000
35.000000
3.000000
-22.000000
-25.000000
-25.000000
-17.000000
-1.000000
5.000000
9.000000
5.000000
-8.000000
-4.000000
2.000000
9.000000
28.000000
50.000000
71.000000
86.000000
92.000000
97.000000
93.000000
77.000000
57.000000
35.000000
16.000000
-6.000000
-15.000000
-20.000000
-21.000000
-25.000000
-41.000000
-43.000000
-39.000000
-36.000000
-36.000000
-43.000000
-41.000000
-31.000000
-25.000000
-13.000000
0.000000
19.000000
31.000000
35.000000
41.000000
39.000000
40.000000
31.000000
21.000000
16.000000
13.000000
9.000000
-6.000000
-9.000000
-22.000000
-19.000000
-9.000000
-18.000000
-2.000000
-7.000000
-19.000000
-15.000000
-14.000000
-6.000000
8.000000
15.000000
8.000000
7.000000
4.000000
2.000000
2.000000
8.000000
8.000000
6.000000
4.000000
-15.000000
-29.000000
-38.000000
-42.000000
-35.000000
-43.000000
-47.000000
-31.000000
-34.000000
-30.000000
-9.000000
0.000000
13.000000
25.000000
5.000000
-15.000000
-25.000000
-33.000000
-24.000000
-25.000000
-15.000000
-5.000000
-4.000000
-13.000000
-27.000000
-35.000000
-51.000000
-73.000000
-79.000000
-72.000000
-66.000000
-57.000000
-36.000000
-13.000000
7.000000
29.000000
40.000000
42.000000
33.000000
20.000000
12.000000
4.000000
4.000000
1.000000
-3.000000
-5.000000
-12.000000
-20.000000
-33.000000
-46.000000
-52.000000
-49.000000
-44.000000
-36.000000
-15.000000
7.000000
39.000000
71.000000
86.000000
93.000000
92.000000
73.000000
55.000000
41.000000
33.000000
27.000000
19.000000
22.000000
9.000000
-4.000000
-16.000000
-29.000000
-35.000000
-35.000000
-25.000000
-9.000000
2.000000
7.000000
21.000000
29.000000
40.000000
55.000000
56.000000
59.000000
62.000000
46.000000
42.000000
41.000000
32.000000
35.000000
23.000000
7.000000
-10.000000
-23.000000
-34.000000
-50.000000
-56.000000
-55.000000
-42.000000
-26.000000
-19.000000
-5.000000
13.000000
13.000000
15.000000
22.000000
21.000000
19.000000
16.000000
16.000000
6.000000
-1.000000
-4.000000
-7.000000
-15.000000
-22.000000
-33.000000
-44.000000
-44.000000
-39.000000
-35.000000
-31.000000
-18.000000
-11.000000
4.000000
23.000000
30.000000
36.000000
45.000000
33.000000
28.000000
23.000000
11.000000
15.000000
15.000000
15.000000
6.000000
-5.000000
-10.000000
-25.000000
-45.000000
-46.000000
-55.000000
-51.000000
-46.000000
-45.000000
-22.000000
-8.000000
15.000000
36.000000
39.000000
35.000000
20.000000
3.000000
-6.000000
-12.000000
-6.000000
9.000000
12.000000
9.000000
6.000000
1.000000
-24.000000
-43.000000
-59.000000
-72.000000
-69.000000
-59.000000
-42.000000
-32.000000
-8.000000
10.000000
17.000000
26.000000
28.000000
22.000000
19.000000
10.000000
7.000000
7.000000
12.000000
15.000000
6.000000
8.000000
-13.000000
-24.000000
-33.000000
-35.000000
-37.000000
-31.000000
-21.000000
-21.000000
-10.000000
0.000000
14.000000
34.000000
49.000000
47.000000
62.000000
60.000000
55.000000
58.000000
50.000000
49.000000
44.000000
47.000000
37.000000
11.000000
0.000000
-10.000000
-16.000000
-12.000000
-8.000000
-5.000000
-1.000000
0.000000
7.000000
19.000000
22.000000
27.000000
32.000000
32.000000
36.000000
35.000000
34.000000
39.000000
39.000000
35.000000
18.000000
5.000000
-11.000000
-42.000000
-48.000000
-58.000000
-68.000000
-61.000000
-55.000000
-42.000000
-23.000000
0.000000
13.000000
22.000000
28.000000
33.000000
35.000000
33.000000
30.000000
34.000000
32.000000
28.000000
30.000000
7.000000
-1.000000
-19.000000
-49.000000
-58.000000
-65.000000
-79.000000
-80.000000
-63.000000
-53.000000
-37.000000
-18.000000
-2.000000
15.000000
26.000000
28.000000
23.000000
18.000000
12.000000
9.000000
11.000000
11.000000
2.000000
-2.000000
-8.000000
-20.000000
-36.000000
-58.000000
-61.000000
-66.000000
-74.000000
-63.000000
-40.000000
-21.000000
-2.000000
27.000000
40.000000
43.000000
39.000000
27.000000
26.000000
30.000000
27.000000
26.000000
32.000000
20.000000
9.000000
2.000000
-22.000000
-40.000000
-57.000000
-74.000000
-84.000000
-74.000000
-63.000000
-48.000000
-29.000000
-9.000000
7.000000
11.000000
29.000000
26.000000
27.000000
18.000000
16.000000
18.000000
13.000000
16.000000
3.000000
0.000000
-17.000000
-10.000000
-19.000000
-22.000000
-21.000000
-11.000000
-12.000000
-13.000000
1.000000
5.000000
17.000000
19.000000
38.000000
36.000000
40.000000
37.000000
31.000000
36.000000
41.000000
45.000000
39.000000
37.000000
24.000000
14.000000
-8.000000
-20.000000
-24.000000
-23.000000
-20.000000
-7.000000
5.000000
7.000000
20.000000
28.000000
27.000000
40.000000
43.000000
39.000000
37.000000
46.000000
43.000000
47.000000
49.000000
36.000000
31.000000
5.000000
-14.000000
-35.000000
-56.000000
-59.000000
-62.000000
-59.000000
-38.000000
-37.000000
-24.000000
-6.000000
9.000000
13.000000
17.000000
30.000000
29.000000
28.000000
35.000000
41.000000
39.000000
44.000000
37.000000
31.000000
7.000000
-17.000000
-37.000000
-59.000000
-65.000000
-67.000000
-59.000000
-50.000000
-40.000000
-25.000000
-5.000000
-2.000000
5.000000
6.000000
9.000000
11.000000
15.000000
29.000000
29.000000
35.000000
35.000000
26.000000
15.000000
5.000000
-17.000000
-32.000000
-47.000000
-57.000000
-57.000000
-59.000000
-45.000000
-32.000000
-22.000000
-6.000000
4.000000
12.000000
14.000000
16.000000
18.000000
15.000000
20.000000
28.000000
29.000000
41.000000
39.000000
33.000000
22.000000
-1.000000
-20.000000
-43.000000
-50.000000
-59.000000
-64.000000
-57.000000
-49.000000
-43.000000
-27.000000
-15.000000
-5.000000
6.000000
17.000000
19.000000
20.000000
20.000000
18.000000
19.000000
12.000000
9.000000
7.000000
-2.000000
-19.000000
-21.000000
-31.000000
-46.000000
-39.000000
-38.000000
-40.000000
-29.000000
-32.000000
-18.000000
-9.000000
-4.000000
18.000000
26.000000
32.000000
46.000000
45.000000
51.000000
55.000000
44.000000
46.000000
35.000000
16.000000
-4.000000
-11.000000
-28.000000
-37.000000
-31.000000
-27.000000
-28.000000
-18.000000
-10.000000
1.000000
8.000000
14.000000
28.000000
38.000000
46.000000
51.000000
65.000000
64.000000
66.000000
67.000000
57.000000
36.000000
8.000000
-10.000000
-26.000000
-45.000000
-45.000000
-30.000000
-28.000000
-15.000000
-4.000000
-4.000000
-2.000000
0.000000
8.000000
21.000000
26.000000
41.000000
47.000000
49.000000
50.000000
49.000000
43.000000
33.000000
10.000000
-11.000000
-23.000000
-40.000000
-45.000000
-48.000000
-33.000000
-29.000000
-17.000000
-13.000000
-5.000000
0.000000
-3.000000
7.000000
15.000000
21.000000
28.000000
26.000000
30.000000
39.000000
21.000000
14.000000
6.000000
-11.000000
-18.000000
-27.000000
-40.000000
-42.000000
-46.000000
-44.000000
-33.000000
-27.000000
-23.000000
-15.000000
-7.000000
3.000000
3.000000
13.000000
16.000000
18.000000
16.000000
22.000000
27.000000
18.000000
22.000000
10.000000
-1.000000
-17.000000
-32.000000
-44.000000
-50.000000
-59.000000
-57.000000
-48.000000
-43.000000
-42.000000
-29.000000
-14.000000
-11.000000
2.000000
9.000000
15.000000
20.000000
20.000000
19.000000
22.000000
11.000000
2.000000
-3.000000
-19.000000
-34.000000
-46.000000
-46.000000
-54.000000
-59.000000
-49.000000
-44.000000
-50.000000
-38.000000
-23.000000
-13.000000
1.000000
20.000000
30.000000
33.000000
40.000000
51.000000
49.000000
52.000000
51.000000
41.000000
39.000000
23.000000
3.000000
-6.000000
-19.000000
-26.000000
-28.000000
-17.000000
-26.000000
-25.000000
-5.000000
-16.000000
-6.000000
1.000000
7.000000
19.000000
32.000000
39.000000
49.000000
55.000000
59.000000
50.000000
38.000000
32.000000
15.000000
4.000000
-15.000000
-20.000000
-15.000000
-13.000000
-14.000000
-9.000000
-1.000000
-6.000000
0.000000
10.000000
10.000000
19.000000
27.000000
35.000000
34.000000
35.000000
43.000000
41.000000
33.000000
23.000000
17.000000
0.000000
-12.000000
-16.000000
-21.000000
-21.000000
-9.000000
-12.000000
-15.000000
-9.000000
-18.000000
-10.000000
-9.000000
-5.000000
5.000000
7.000000
19.000000
28.000000
31.000000
27.000000
31.000000
23.000000
12.000000
8.000000
-6.000000
-14.000000
-23.000000
-27.000000
-42.000000
-43.000000
-33.000000
-38.000000
-27.000000
-13.000000
-10.000000
-6.000000
7.000000
10.000000
9.000000
14.000000
18.000000
11.000000
8.000000
14.000000
10.000000
8.000000
-2.000000
-9.000000
-18.000000
-25.000000
-43.000000
-46.000000
-45.000000
-55.000000
-43.000000
-34.000000
-30.000000
-26.000000
-14.000000
-7.000000
7.000000
15.000000
21.000000
27.000000
28.000000
30.000000
19.000000
11.000000
7.000000
-8.000000
-12.000000
-20.000000
-28.000000
-25.000000
-29.000000
-29.000000
-25.000000
-26.000000
-26.000000
-22.000000
-19.000000
-16.000000
-9.000000
7.000000
16.000000
25.000000
30.000000
38.000000
37.000000
28.000000
22.000000
13.000000
1.000000
-5.000000
-6.000000
-23.000000
-12.000000
-14.000000
-12.000000
-4.000000
-4.000000
0.000000
-5.000000
-4.000000
-3.000000
9.000000
9.000000
28.000000
41.000000
42.000000
46.000000
43.000000
41.000000
28.000000
18.000000
11.000000
2.000000
-1.000000
-1.000000
-2.000000
7.000000
10.000000
10.000000
14.000000
6.000000
2.000000
-1.000000
2.000000
2.000000
11.000000
16.000000
29.000000
37.000000
31.000000
37.000000
37.000000
24.000000
18.000000
11.000000
5.000000
1.000000
-5.000000
-6.000000
-1.000000
-11.000000
-8.000000
-5.000000
-13.000000
-9.000000
-3.000000
-9.000000
-1.000000
6.000000
4.000000
10.000000
16.000000
17.000000
14.000000
10.000000
7.000000
2.000000
-8.000000
-10.000000
-20.000000
-24.000000
-25.000000
-27.000000
-20.000000
-18.000000
-9.000000
-12.000000
-12.000000
-10.000000
-16.000000
-11.000000
-9.000000
-9.000000
-6.000000
-4.000000
5.000000
16.000000
12.000000
13.000000
13.000000
-2.000000
-18.000000
-30.000000
-37.000000
-44.000000
-41.000000
-27.000000
-19.000000
-16.000000
-5.000000
-10.000000
-13.000000
-21.000000
-26.000000
-25.000000
-25.000000
-14.000000
-11.000000
0.000000
15.000000
16.000000
20.000000
22.000000
9.000000
-8.000000
-22.000000
-40.000000
-49.000000
-47.000000
-48.000000
-30.000000
-14.000000
-5.000000
14.000000
22.000000
17.000000
13.000000
14.000000
-5.000000
-18.000000
-24.000000
-29.000000
-24.000000
-8.000000
14.000000
28.000000
38.000000
50.000000
41.000000
18.000000
-7.000000
-34.000000
-57.000000
-61.000000
-49.000000
-32.000000
-2.000000
35.000000
74.000000
93.000000
90.000000
82.000000
47.000000
-3.000000
-46.000000
-69.000000
-82.000000
-64.000000
-19.000000
33.000000
89.000000
129.000000
143.000000
125.000000
81.000000
17.000000
-44.000000
-101.000000
-134.000000
-121.000000
-77.000000
-14.000000
72.000000
131.000000
176.000000
190.000000
150.000000
88.000000
5.000000
-76.000000
-133.000000
-153.000000
-150.000000
-104.000000
-26.000000
46.000000
108.000000
146.000000
147.000000
114.000000
51.000000
-17.000000
-78.000000
-126.000000
-136.000000
-105.000000
-58.000000
1.000000
65.000000
109.000000
128.000000
101.000000
57.000000
0.000000
-72.000000
-117.000000
-142.000000
-131.000000
-86.000000
-31.000000
31.000000
88.000000
112.000000
103.000000
71.000000
21.000000
-42.000000
-78.000000
-100.000000
-97.000000
-78.000000
-37.000000
14.000000
47.000000
70.000000
64.000000
45.000000
10.000000
-34.000000
-78.000000
-103.000000
-103.000000
-83.000000
-47.000000
6.000000
43.000000
72.000000
77.000000
67.000000
40.000000
-7.000000
-30.000000
-58.000000
-68.000000
-56.000000
-41.000000
-11.000000
14.000000
29.000000
39.000000
33.000000
16.000000
-14.000000
-37.000000
-53.000000
-63.000000
-53.000000
-37.000000
-19.000000
17.000000
44.000000
52.000000
64.000000
53.000000
36.000000
16.000000
-11.000000
-37.000000
-49.000000
-56.000000
-54.000000
-29.000000
-21.000000
5.000000
24.000000
30.000000
35.000000
20.000000
12.000000
-6.000000
-17.000000
-16.000000
-15.000000
-6.000000
5.000000
18.000000
33.000000
34.000000
37.000000
34.000000
16.000000
14.000000
-3.000000
-12.000000
-16.000000
-25.000000
-12.000000
-12.000000
-10.000000
7.000000
12.000000
14.000000
28.000000
26.000000
21.000000
23.000000
21.000000
22.000000
14.000000
14.000000
8.000000
2.000000
-6.000000
-10.000000
-11.000000
-12.000000
-4.000000
1.000000
6.000000
11.000000
6.000000
-4.000000
-4.000000
-17.000000
-23.000000
-18.000000
-16.000000
-3.000000
20.000000
33.000000
43.000000
48.000000
40.000000
26.000000
-4.000000
-29.000000
-59.000000
-66.000000
-60.000000
-43.000000
-12.000000
11.000000
40.000000
55.000000
51.000000
27.000000
-7.000000
-43.000000
-71.000000
-91.000000
-93.000000
-70.000000
-24.000000
28.000000
89.000000
135.000000
148.000000
128.000000
71.000000
4.000000
-84.000000
-154.000000
-189.000000
-178.000000
-126.000000
-49.000000
57.000000
140.000000
188.000000
200.000000
170.000000
94.000000
-7.000000
-116.000000
-180.000000
-205.000000
-183.000000
-104.000000
8.000000
121.000000
208.000000
260.000000
248.000000
179.000000
69.000000
-40.000000
-142.000000
-210.000000
-230.000000
-192.000000
-99.000000
-6.000000
99.000000
181.000000
217.000000
192.000000
126.000000
54.000000
-54.000000
-130.000000
-160.000000
-151.000000
-95.000000
-17.000000
74.000000
147.000000
177.000000
169.000000
125.000000
42.000000
-51.000000
-127.000000
-165.000000
-172.000000
-137.000000
-68.000000
16.000000
99.000000
153.000000
172.000000
152.000000
100.000000
27.000000
-45.000000
-107.000000
-138.000000
-131.000000
-92.000000
-32.000000
37.000000
85.000000
112.000000
112.000000
79.000000
16.000000
-49.000000
-99.000000
-136.000000
-136.000000
-105.000000
-53.000000
10.000000
62.000000
108.000000
127.000000
102.000000
59.000000
2.000000
-52.000000
-98.000000
-120.000000
-110.000000
-83.000000
-34.000000
13.000000
57.000000
76.000000
54.000000
36.000000
2.000000
-49.000000
-82.000000
-101.000000
-101.000000
-77.000000
-40.000000
4.000000
46.000000
73.000000
75.000000
71.000000
43.000000
-14.000000
-54.000000
-83.000000
-108.000000
-99.000000
-72.000000
-45.000000
-6.000000
24.000000
45.000000
48.000000
29.000000
3.000000
-23.000000
-46.000000
-66.000000
-69.000000
-52.000000
-32.000000
5.000000
37.000000
59.000000
66.000000
54.000000
35.000000
4.000000
-27.000000
-47.000000
-62.000000
-57.000000
-43.000000
-18.000000
6.000000
26.000000
42.000000
45.000000
40.000000
25.000000
5.000000
-10.000000
-22.000000
-17.000000
-13.000000
8.000000
28.000000
38.000000
55.000000
49.000000
36.000000
25.000000
13.000000
-2.000000
-7.000000
-13.000000
-15.000000
-2.000000
4.000000
8.000000
17.000000
22.000000
26.000000
35.000000
32.000000
27.000000
28.000000
26.000000
20.000000
19.000000
7.000000
-4.000000
4.000000
4.000000
6.000000
16.000000
26.000000
32.000000
38.000000
37.000000
29.000000
14.000000
-5.000000
-22.000000
-31.000000
-33.000000
-28.000000
-18.000000
14.000000
33.000000
57.000000
72.000000
70.000000
56.000000
30.000000
13.000000
-22.000000
-53.000000
-62.000000
-61.000000
-44.000000
-17.000000
11.000000
40.000000
56.000000
64.000000
54.000000
30.000000
-1.000000
-29.000000
-45.000000
-51.000000
-49.000000
-24.000000
1.000000
21.000000
50.000000
63.000000
52.000000
33.000000
14.000000
-24.000000
-57.000000
-65.000000
-76.000000
-68.000000
-43.000000
-6.000000
22.000000
41.000000
50.000000
44.000000
29.000000
-2.000000
-29.000000
-51.000000
-56.000000
-51.000000
-40.000000
-11.000000
12.000000
29.000000
47.000000
50.000000
25.000000
4.000000
-28.000000
-55.000000
-75.000000
-87.000000
-80.000000
-54.000000
-29.000000
-5.000000
33.000000
39.000000
46.000000
43.000000
26.000000
4.000000
-20.000000
-35.000000
-51.000000
-45.000000
-40.000000
-32.000000
-6.000000
8.000000
14.000000
27.000000
17.000000
2.000000
-14.000000
-26.000000
-36.000000
-40.000000
-40.000000
-24.000000
-5.000000
12.000000
26.000000
32.000000
35.000000
24.000000
9.000000
-9.000000
-22.000000
-34.000000
-38.000000
-23.000000
-8.000000
0.000000
22.000000
32.000000
25.000000
18.000000
5.000000
-12.000000
-25.000000
-40.000000
-34.000000
-18.000000
-9.000000
11.000000
32.000000
40.000000
46.000000
37.000000
18.000000
-1.000000
-24.000000
-29.000000
-37.000000
-34.000000
-20.000000
2.000000
19.000000
29.000000
33.000000
26.000000
15.000000
3.000000
-12.000000
-21.000000
-24.000000
-12.000000
0.000000
16.000000
28.000000
38.000000
41.000000
28.000000
26.000000
0.000000
-15.000000
-20.000000
-34.000000
-30.000000
-14.000000
-9.000000
9.000000
20.000000
34.000000
36.000000
28.000000
24.000000
11.000000
5.000000
-4.000000
-7.000000
-1.000000
-2.000000
11.000000
25.000000
22.000000
27.000000
17.000000
23.000000
13.000000
1.000000
-6.000000
-10.000000
-8.000000
-10.000000
-9.000000
-1.000000
1.000000
6.000000
14.000000
11.000000
24.000000
20.000000
23.000000
31.000000
24.000000
15.000000
10.000000
6.000000
-16.000000
-19.000000
-12.000000
-17.000000
-11.000000
1.000000
9.000000
16.000000
19.000000
9.000000
4.000000
-6.000000
-17.000000
-21.000000
-32.000000
-20.000000
-14.000000
9.000000
23.000000
27.000000
37.000000
32.000000
21.000000
2.000000
-20.000000
-34.000000
-40.000000
-47.000000
-30.000000
-23.000000
-10.000000
14.000000
17.000000
17.000000
15.000000
2.000000
-12.000000
-26.000000
-31.000000
-25.000000
-22.000000
-4.000000
8.000000
18.000000
32.000000
23.000000
7.000000
-8.000000
-27.000000
-38.000000
-47.000000
-52.000000
-45.000000
-26.000000
-9.000000
12.000000
19.000000
27.000000
25.000000
19.000000
7.000000
-14.000000
-29.000000
-32.000000
-35.000000
-29.000000
-20.000000
-7.000000
9.000000
11.000000
23.000000
14.000000
8.000000
-5.000000
-21.000000
-27.000000
-39.000000
-31.000000
-22.000000
-21.000000
-8.000000
11.000000
17.000000
22.000000
20.000000
16.000000
14.000000
8.000000
0.000000
-6.000000
-11.000000
-15.000000
-7.000000
-10.000000
-7.000000
-6.000000
-6.000000
7.000000
3.000000
4.000000
15.000000
16.000000
13.000000
14.000000
15.000000
7.000000
3.000000
1.000000
-3.000000
2.000000
8.000000
10.000000
19.000000
24.000000
26.000000
32.000000
27.000000
13.000000
3.000000
-5.000000
-19.000000
-25.000000
-20.000000
-13.000000
4.000000
20.000000
34.000000
39.000000
41.000000
33.000000
25.000000
8.000000
-7.000000
-10.000000
-17.000000
-18.000000
-12.000000
-2.000000
11.000000
21.000000
22.000000
30.000000
25.000000
16.000000
-4.000000
-12.000000
-21.000000
-31.000000
-21.000000
-16.000000
-4.000000
0.000000
26.000000
33.000000
26.000000
30.000000
17.000000
8.000000
-3.000000
-23.000000
-23.000000
-19.000000
-22.000000
-11.000000
1.000000
6.000000
13.000000
5.000000
5.000000
-3.000000
-19.000000
-10.000000
-17.000000
-20.000000
1.000000
5.000000
13.000000
20.000000
15.000000
14.000000
6.000000
-3.000000
-15.000000
-25.000000
-19.000000
-18.000000
-13.000000
-6.000000
-3.000000
9.000000
5.000000
2.000000
-7.000000
-13.000000
-11.000000
-24.000000
-8.000000
-6.000000
0.000000
17.000000
17.000000
16.000000
14.000000
7.000000
-9.000000
-18.000000
-27.000000
-25.000000
-23.000000
-11.000000
-11.000000
2.000000
15.000000
13.000000
14.000000
0.000000
-5.000000
-10.000000
-21.000000
-19.000000
-20.000000
-11.000000
7.000000
20.000000
24.000000
20.000000
20.000000
13.000000
1.000000
-16.000000
-18.000000
-26.000000
-21.000000
-15.000000
-6.000000
8.000000
8.000000
19.000000
22.000000
13.000000
5.000000
3.000000
-12.000000
-17.000000
-14.000000
-2.000000
6.000000
11.000000
18.000000
24.000000
23.000000
14.000000
-2.000000
-10.000000
-15.000000
-22.000000
-18.000000
-14.000000
-10.000000
1.000000
20.000000
20.000000
19.000000
16.000000
8.000000
4.000000
-7.000000
-9.000000
-10.000000
-5.000000
2.000000
9.000000
