-13.000000
-6.000000
-3.000000
2.000000
3.000000
-4.000000
-3.000000
7.000000
4.000000
-5.000000
-8.000000
-3.000000
-1.000000
-6.000000
-6.000000
-1.000000
-2.000000
-8.000000
-1.000000
7.000000
17.000000
8.000000
14.000000
16.000000
18.000000
22.000000
16.000000
24.000000
33.000000
39.000000
33.000000
36.000000
35.000000
41.000000
40.000000
43.000000
40.000000
44.000000
45.000000
38.000000
43.000000
30.000000
25.000000
27.000000
23.000000
15.000000
10.000000
9.000000
7.000000
-1.000000
-7.000000
-10.000000
-14.000000
-24.000000
-21.000000
-21.000000
-31.000000
-36.000000
-37.000000
-33.000000
-38.000000
-39.000000
-40.000000
-45.000000
-40.000000
-47.000000
-49.000000
-40.000000
-34.000000
-32.000000
-34.000000
-31.000000
-36.000000
-39.000000
-25.000000
-21.000000
-20.000000
-18.000000
-18.000000
-9.000000
-9.000000
-14.000000
-7.000000
-6.000000
-2.000000
1.000000
-4.000000
4.000000
3.000000
-7.000000
0.000000
4.000000
8.000000
15.000000
18.000000
13.000000
14.000000
13.000000
20.000000
31.000000
23.000000
20.000000
33.000000
43.000000
38.000000
38.000000
34.000000
38.000000
41.000000
38.000000
46.000000
42.000000
38.000000
39.000000
44.000000
37.000000
32.000000
40.000000
31.000000
27.000000
24.000000
20.000000
22.000000
15.000000
17.000000
11.000000
9.000000
3.000000
4.000000
3.000000
-7.000000
-5.000000
-10.000000
-10.000000
-9.000000
-16.000000
-26.000000
-21.000000
-24.000000
-23.000000
-21.000000
-35.000000
-36.000000
-39.000000
-41.000000
-47.000000
-49.000000
-47.000000
-54.000000
-57.000000
-55.000000
-56.000000
-52.000000
-48.000000
-42.000000
-36.000000
-38.000000
-33.000000
-30.000000
-30.000000
-38.000000
-22.000000
-21.000000
-19.000000
-13.000000
-12.000000
-4.000000
-5.000000
7.000000
1.000000
7.000000
15.000000
17.000000
27.000000
23.000000
27.000000
19.000000
20.000000
24.000000
30.000000
29.000000
31.000000
28.000000
17.000000
16.000000
12.000000
22.000000
24.000000
24.000000
25.000000
17.000000
13.000000
15.000000
17.000000
19.000000
19.000000
21.000000
20.000000
16.000000
25.000000
20.000000
23.000000
26.000000
22.000000
23.000000
22.000000
18.000000
21.000000
18.000000
13.000000
21.000000
17.000000
15.000000
8.000000
6.000000
8.000000
3.000000
2.000000
1.000000
-7.000000
-6.000000
-3.000000
-16.000000
-19.000000
-17.000000
-26.000000
-20.000000
-15.000000
-17.000000
-12.000000
-20.000000
-19.000000
-11.000000
-6.000000
-5.000000
-7.000000
-5.000000
-4.000000
0.000000
5.000000
4.000000
0.000000
7.000000
14.000000
17.000000
19.000000
26.000000
26.000000
13.000000
8.000000
15.000000
15.000000
15.000000
19.000000
19.000000
15.000000
19.000000
15.000000
15.000000
17.000000
11.000000
13.000000
8.000000
9.000000
10.000000
4.000000
2.000000
0.000000
1.000000
10.000000
6.000000
-5.000000
7.000000
4.000000
1.000000
3.000000
-1.000000
-5.000000
-14.000000
-7.000000
-11.000000
-18.000000
-17.000000
-19.000000
-23.000000
-26.000000
-30.000000
-24.000000
-34.000000
-34.000000
-31.000000
-43.000000
-40.000000
-52.000000
-53.000000
-47.000000
-44.000000
-38.000000
-43.000000
-40.000000
-31.000000
-31.000000
-42.000000
-35.000000
-26.000000
-36.000000
-34.000000
-33.000000
-36.000000
-26.000000
-18.000000
-15.000000
-13.000000
-15.000000
-6.000000
2.000000
-3.000000
5.000000
9.000000
-7.000000
0.000000
3.000000
-1.000000
8.000000
3.000000
8.000000
9.000000
14.000000
14.000000
6.000000
13.000000
16.000000
22.000000
27.000000
26.000000
30.000000
25.000000
34.000000
40.000000
43.000000
46.000000
45.000000
50.000000
56.000000
53.000000
57.000000
56.000000
51.000000
49.000000
50.000000
55.000000
51.000000
53.000000
51.000000
48.000000
36.000000
42.000000
38.000000
36.000000
37.000000
28.000000
29.000000
27.000000
26.000000
23.000000
32.000000
23.000000
13.000000
16.000000
14.000000
24.000000
11.000000
15.000000
18.000000
9.000000
11.000000
6.000000
3.000000
8.000000
7.000000
3.000000
-2.000000
-9.000000
-11.000000
-7.000000
-11.000000
-14.000000
-9.000000
-11.000000
-19.000000
-20.000000
-29.000000
-33.000000
-27.000000
-30.000000
-35.000000
-34.000000
-39.000000
-37.000000
-38.000000
-47.000000
-49.000000
-51.000000
-54.000000
-53.000000
-52.000000
-51.000000
-54.000000
-51.000000
-43.000000
-52.000000
-53.000000
-51.000000
-46.000000
-56.000000
-54.000000
-48.000000
-42.000000
-46.000000
-50.000000
-46.000000
-55.000000
-37.000000
-37.000000
-36.000000
-35.000000
-38.000000
-41.000000
-38.000000
-34.000000
-29.000000
-26.000000
-26.000000
-28.000000
-22.000000
-14.000000
-12.000000
-1.000000
-4.000000
1.000000
2.000000
8.000000
14.000000
5.000000
11.000000
12.000000
19.000000
18.000000
16.000000
25.000000
19.000000
19.000000
16.000000
20.000000
22.000000
21.000000
25.000000
24.000000
29.000000
31.000000
26.000000
25.000000
27.000000
26.000000
23.000000
22.000000
24.000000
19.000000
17.000000
20.000000
19.000000
28.000000
27.000000
26.000000
22.000000
19.000000
33.000000
29.000000
28.000000
34.000000
23.000000
26.000000
30.000000
31.000000
28.000000
30.000000
33.000000
26.000000
33.000000
29.000000
30.000000
27.000000
23.000000
22.000000
25.000000
19.000000
23.000000
14.000000
11.000000
26.000000
19.000000
7.000000
7.000000
9.000000
5.000000
16.000000
20.000000
17.000000
28.000000
21.000000
27.000000
22.000000
16.000000
24.000000
20.000000
25.000000
24.000000
34.000000
31.000000
37.000000
39.000000
25.000000
23.000000
21.000000
28.000000
22.000000
14.000000
8.000000
6.000000
3.000000
-2.000000
-5.000000
-4.000000
-10.000000
-14.000000
-13.000000
-15.000000
-20.000000
-28.000000
-25.000000
-36.000000
-34.000000
-37.000000
-33.000000
-31.000000
-41.000000
-43.000000
-51.000000
-47.000000
-53.000000
-51.000000
-41.000000
-61.000000
-62.000000
-52.000000
-56.000000
-59.000000
-51.000000
-51.000000
-52.000000
-54.000000
-51.000000
-46.000000
-52.000000
-52.000000
-55.000000
-53.000000
-50.000000
-46.000000
-44.000000
-54.000000
-50.000000
-38.000000
-31.000000
-36.000000
-31.000000
-37.000000
-37.000000
-30.000000
-18.000000
-14.000000
-19.000000
-12.000000
-11.000000
3.000000
-4.000000
-2.000000
2.000000
11.000000
16.000000
22.000000
29.000000
22.000000
28.000000
35.000000
26.000000
34.000000
40.000000
41.000000
48.000000
50.000000
51.000000
49.000000
50.000000
50.000000
54.000000
60.000000
55.000000
56.000000
52.000000
56.000000
55.000000
50.000000
59.000000
57.000000
54.000000
51.000000
50.000000
41.000000
42.000000
34.000000
42.000000
36.000000
22.000000
32.000000
15.000000
17.000000
24.000000
17.000000
18.000000
6.000000
4.000000
8.000000
-3.000000
3.000000
5.000000
-2.000000
-2.000000
-5.000000
-8.000000
-10.000000
-19.000000
-22.000000
-26.000000
-23.000000
-25.000000
-26.000000
-28.000000
-33.000000
-30.000000
-34.000000
-33.000000
-37.000000
-33.000000
-38.000000
-38.000000
-41.000000
-47.000000
-48.000000
-52.000000
-46.000000
-44.000000
-36.000000
-46.000000
-48.000000
-48.000000
-50.000000
-53.000000
-52.000000
-46.000000
-38.000000
-39.000000
-37.000000
-36.000000
-33.000000
-28.000000
-26.000000
-20.000000
-22.000000
-19.000000
-13.000000
-8.000000
-10.000000
-11.000000
-8.000000
-4.000000
-5.000000
3.000000
10.000000
7.000000
15.000000
8.000000
12.000000
21.000000
15.000000
17.000000
15.000000
17.000000
19.000000
22.000000
19.000000
20.000000
27.000000
21.000000
27.000000
28.000000
30.000000
29.000000
23.000000
22.000000
22.000000
32.000000
35.000000
39.000000
39.000000
37.000000
40.000000
46.000000
44.000000
34.000000
39.000000
30.000000
35.000000
38.000000
31.000000
33.000000
30.000000
32.000000
30.000000
29.000000
23.000000
15.000000
21.000000
12.000000
6.000000
14.000000
7.000000
8.000000
9.000000
13.000000
11.000000
12.000000
11.000000
0.000000
3.000000
5.000000
1.000000
7.000000
9.000000
10.000000
3.000000
2.000000
7.000000
-1.000000
3.000000
-2.000000
-1.000000
2.000000
1.000000
3.000000
-4.000000
0.000000
3.000000
-2.000000
3.000000
-7.000000
3.000000
0.000000
-2.000000
11.000000
7.000000
5.000000
-2.000000
-4.000000
0.000000
1.000000
4.000000
-1.000000
-4.000000
4.000000
-4.000000
2.000000
0.000000
-3.000000
-3.000000
-8.000000
-7.000000
-5.000000
-7.000000
-7.000000
-6.000000
4.000000
-2.000000
-12.000000
-7.000000
-13.000000
-10.000000
-16.000000
-21.000000
-19.000000
-12.000000
-17.000000
-28.000000
-24.000000
-24.000000
-26.000000
-27.000000
-28.000000
-33.000000
-34.000000
-32.000000
-29.000000
-29.000000
-23.000000
-19.000000
-28.000000
-25.000000
-23.000000
-19.000000
-21.000000
-14.000000
-7.000000
-13.000000
-12.000000
-22.000000
-18.000000
-11.000000
-9.000000
-8.000000
-9.000000
-9.000000
-14.000000
-10.000000
-11.000000
-11.000000
-5.000000
-6.000000
-9.000000
-7.000000
-10.000000
-6.000000
-5.000000
3.000000
3.000000
-1.000000
5.000000
1.000000
4.000000
6.000000
13.000000
12.000000
14.000000
17.000000
17.000000
22.000000
10.000000
20.000000
28.000000
24.000000
25.000000
32.000000
30.000000
17.000000
27.000000
35.000000
34.000000
29.000000
34.000000
41.000000
31.000000
30.000000
27.000000
24.000000
29.000000
19.000000
28.000000
32.000000
26.000000
24.000000
22.000000
33.000000
37.000000
32.000000
32.000000
26.000000
36.000000
34.000000
20.000000
22.000000
24.000000
32.000000
30.000000
27.000000
21.000000
26.000000
25.000000
23.000000
23.000000
18.000000
8.000000
16.000000
16.000000
10.000000
9.000000
7.000000
-1.000000
6.000000
3.000000
-2.000000
-2.000000
-4.000000
2.000000
-9.000000
-9.000000
-11.000000
-11.000000
-13.000000
-21.000000
-17.000000
-16.000000
-17.000000
-13.000000
-12.000000
-20.000000
-27.000000
-18.000000
-18.000000
-28.000000
-24.000000
-23.000000
-32.000000
-31.000000
-32.000000
-26.000000
-22.000000
-29.000000
-36.000000
-32.000000
-33.000000
-32.000000
-22.000000
-22.000000
-28.000000
-30.000000
-27.000000
-31.000000
-29.000000
-26.000000
-23.000000
-12.000000
-19.000000
-19.000000
-10.000000
-11.000000
-14.000000
-10.000000
-5.000000
-4.000000
4.000000
-3.000000
-2.000000
2.000000
6.000000
12.000000
11.000000
7.000000
10.000000
18.000000
20.000000
19.000000
17.000000
17.000000
16.000000
13.000000
14.000000
25.000000
23.000000
25.000000
15.000000
12.000000
14.000000
10.000000
9.000000
15.000000
20.000000
14.000000
20.000000
12.000000
9.000000
13.000000
10.000000
9.000000
6.000000
18.000000
18.000000
15.000000
12.000000
11.000000
7.000000
7.000000
13.000000
6.000000
-1.000000
4.000000
3.000000
3.000000
0.000000
-5.000000
-2.000000
-10.000000
-12.000000
0.000000
1.000000
-1.000000
-2.000000
3.000000
3.000000
0.000000
3.000000
6.000000
-2.000000
-7.000000
3.000000
-6.000000
2.000000
8.000000
15.000000
8.000000
1.000000
13.000000
7.000000
4.000000
0.000000
3.000000
7.000000
3.000000
11.000000
14.000000
6.000000
13.000000
18.000000
14.000000
15.000000
17.000000
16.000000
24.000000
17.000000
19.000000
15.000000
11.000000
18.000000
15.000000
19.000000
15.000000
22.000000
16.000000
14.000000
10.000000
10.000000
9.000000
3.000000
16.000000
2.000000
1.000000
5.000000
7.000000
-1.000000
-4.000000
1.000000
3.000000
-4.000000
-13.000000
-12.000000
-13.000000
-18.000000
-16.000000
-17.000000
-27.000000
-29.000000
-32.000000
-33.000000
-36.000000
-40.000000
-32.000000
-34.000000
-41.000000
-43.000000
-46.000000
-39.000000
-34.000000
-34.000000
-39.000000
-36.000000
-44.000000
-40.000000
-33.000000
-41.000000
-35.000000
-33.000000
-40.000000
-29.000000
-27.000000
-32.000000
-25.000000
-26.000000
-22.000000
-22.000000
-20.000000
-18.000000
-13.000000
-9.000000
-18.000000
-19.000000
-17.000000
-13.000000
-4.000000
-6.000000
2.000000
7.000000
9.000000
19.000000
12.000000
14.000000
17.000000
24.000000
27.000000
32.000000
29.000000
21.000000
26.000000
29.000000
25.000000
37.000000
46.000000
41.000000
39.000000
44.000000
42.000000
48.000000
51.000000
46.000000
59.000000
47.000000
42.000000
48.000000
38.000000
47.000000
43.000000
36.000000
37.000000
30.000000
27.000000
19.000000
22.000000
20.000000
15.000000
14.000000
15.000000
11.000000
-6.000000
3.000000
1.000000
-7.000000
-9.000000
-17.000000
-14.000000
-16.000000
-16.000000
-12.000000
-14.000000
-18.000000
-29.000000
-28.000000
-21.000000
-40.000000
-38.000000
-33.000000
-37.000000
-40.000000
-43.000000
-48.000000
-45.000000
-42.000000
-41.000000
-36.000000
-39.000000
-43.000000
-48.000000
-44.000000
-39.000000
-41.000000
-45.000000
-36.000000
-35.000000
-45.000000
-40.000000
-42.000000
-38.000000
-30.000000
-30.000000
-19.000000
-21.000000
-12.000000
-14.000000
-16.000000
-14.000000
-15.000000
-11.000000
-3.000000
0.000000
-4.000000
2.000000
-5.000000
5.000000
3.000000
6.000000
19.000000
12.000000
11.000000
16.000000
25.000000
16.000000
19.000000
18.000000
12.000000
18.000000
21.000000
24.000000
27.000000
20.000000
9.000000
19.000000
19.000000
7.000000
9.000000
10.000000
-2.000000
7.000000
5.000000
4.000000
4.000000
-4.000000
1.000000
-12.000000
-11.000000
-7.000000
-11.000000
-6.000000
-5.000000
-10.000000
-18.000000
-18.000000
-22.000000
-28.000000
-26.000000
-25.000000
-25.000000
-30.000000
-28.000000
-27.000000
-26.000000
-22.000000
-30.000000
-22.000000
-20.000000
-21.000000
-17.000000
-19.000000
-15.000000
-14.000000
-16.000000
-10.000000
-10.000000
-8.000000
-5.000000
-7.000000
-6.000000
-3.000000
-8.000000
-1.000000
11.000000
8.000000
15.000000
15.000000
21.000000
21.000000
30.000000
31.000000
30.000000
39.000000
43.000000
43.000000
48.000000
46.000000
40.000000
48.000000
45.000000
41.000000
34.000000
35.000000
39.000000
45.000000
38.000000
45.000000
40.000000
34.000000
36.000000
29.000000
29.000000
33.000000
37.000000
32.000000
25.000000
22.000000
19.000000
23.000000
18.000000
11.000000
10.000000
6.000000
-2.000000
-10.000000
-12.000000
-15.000000
-16.000000
-25.000000
-22.000000
-23.000000
-15.000000
-26.000000
-37.000000
-52.000000
-59.000000
-42.000000
-58.000000
-49.000000
-49.000000
-56.000000
-55.000000
-72.000000
-65.000000
-65.000000
-65.000000
-64.000000
-63.000000
-67.000000
-76.000000
-65.000000
-63.000000
-61.000000
-53.000000
-59.000000
-62.000000
-62.000000
-62.000000
-48.000000
-53.000000
-43.000000
-44.000000
-47.000000
-38.000000
-38.000000
-20.000000
-20.000000
-20.000000
-20.000000
-20.000000
-13.000000
-7.000000
11.000000
15.000000
9.000000
16.000000
21.000000
23.000000
38.000000
44.000000
34.000000
33.000000
33.000000
25.000000
40.000000
47.000000
42.000000
52.000000
56.000000
55.000000
49.000000
45.000000
49.000000
55.000000
55.000000
50.000000
52.000000
50.000000
48.000000
55.000000
60.000000
62.000000
65.000000
61.000000
57.000000
52.000000
45.000000
42.000000
48.000000
57.000000
42.000000
37.000000
42.000000
25.000000
22.000000
15.000000
3.000000
8.000000
12.000000
12.000000
-1.000000
-9.000000
-23.000000
-19.000000
-16.000000
-19.000000
-17.000000
-29.000000
-30.000000
-31.000000
-21.000000
-29.000000
-33.000000
-34.000000
-36.000000
-24.000000
-11.000000
-7.000000
-12.000000
-13.000000
-15.000000
4.000000
8.000000
6.000000
9.000000
-6.000000
-13.000000
-13.000000
-2.000000
5.000000
14.000000
8.000000
-2.000000
6.000000
9.000000
18.000000
24.000000
18.000000
11.000000
14.000000
23.000000
25.000000
18.000000
13.000000
5.000000
11.000000
28.000000
33.000000
41.000000
32.000000
31.000000
44.000000
45.000000
55.000000
58.000000
53.000000
44.000000
35.000000
41.000000
45.000000
33.000000
19.000000
17.000000
25.000000
38.000000
43.000000
28.000000
12.000000
-4.000000
-6.000000
-6.000000
-18.000000
-26.000000
-46.000000
-69.000000
-75.000000
-68.000000
-70.000000
-64.000000
-66.000000
-63.000000
-47.000000
-55.000000
-43.000000
-39.000000
-55.000000
-67.000000
-78.000000
-66.000000
-44.000000
-25.000000
-13.000000
-7.000000
-7.000000
-17.000000
-20.000000
-19.000000
-6.000000
0.000000
-7.000000
-7.000000
-11.000000
-12.000000
-12.000000
-10.000000
-13.000000
-22.000000
-28.000000
-47.000000
-67.000000
-69.000000
-55.000000
-40.000000
-39.000000
-33.000000
-29.000000
-36.000000
-35.000000
-37.000000
-44.000000
-47.000000
-46.000000
-35.000000
-16.000000
2.000000
23.000000
36.000000
34.000000
34.000000
28.000000
46.000000
75.000000
86.000000
90.000000
75.000000
39.000000
36.000000
36.000000
25.000000
16.000000
-9.000000
-23.000000
-17.000000
14.000000
45.000000
43.000000
-3.000000
-47.000000
-62.000000
-33.000000
-20.000000
-49.000000
-195.000000
-337.000000
-372.000000
-229.000000
86.000000
284.000000
330.000000
152.000000
-54.000000
-123.000000
-31.000000
156.000000
231.000000
97.000000
-109.000000
-213.000000
-82.000000
217.000000
437.000000
444.000000
274.000000
59.000000
19.000000
126.000000
231.000000
177.000000
-67.000000
-309.000000
-351.000000
-115.000000
198.000000
331.000000
164.000000
-144.000000
-349.000000
-262.000000
4.000000
226.000000
200.000000
-51.000000
-325.000000
-373.000000
-173.000000
83.000000
168.000000
44.000000
-119.000000
-149.000000
37.000000
257.000000
354.000000
252.000000
53.000000
-74.000000
-37.000000
122.000000
197.000000
108.000000
-69.000000
-190.000000
-77.000000
153.000000
343.000000
336.000000
140.000000
-133.000000
-327.000000
-304.000000
-108.000000
97.000000
142.000000
8.000000
-179.000000
-295.000000
-242.000000
-83.000000
117.000000
199.000000
113.000000
-10.000000
-88.000000
39.000000
274.000000
444.000000
413.000000
224.000000
2.000000
-50.000000
100.000000
340.000000
475.000000
395.000000
159.000000
-23.000000
-30.000000
132.000000
243.000000
132.000000
-135.000000
-395.000000
-473.000000
-351.000000
-159.000000
-100.000000
-237.000000
-482.000000
-627.000000
-590.000000
-448.000000
-330.000000
-349.000000
-478.000000
-559.000000
-508.000000
-318.000000
-136.000000
-93.000000
-182.000000
-292.000000
-308.000000
-174.000000
1.000000
87.000000
64.000000
-56.000000
-127.000000
-96.000000
-8.000000
83.000000
76.000000
-12.000000
-103.000000
-144.000000
-128.000000
-97.000000
-63.000000
-75.000000
-124.000000
-198.000000
-230.000000
-239.000000
-216.000000
-205.000000
-189.000000
-167.000000
-127.000000
-77.000000
-23.000000
43.000000
108.000000
185.000000
246.000000
300.000000
361.000000
417.000000
459.000000
497.000000
495.000000
488.000000
488.000000
504.000000
542.000000
588.000000
598.000000
572.000000
519.000000
488.000000
463.000000
441.000000
402.000000
341.000000
312.000000
306.000000
328.000000
352.000000
355.000000
339.000000
365.000000
437.000000
566.000000
671.000000
704.000000
683.000000
679.000000
754.000000
895.000000
1003.000000
1020.000000
914.000000
784.000000
696.000000
680.000000
678.000000
628.000000
513.000000
384.000000
318.000000
251.000000
134.000000
-152.000000
-587.000000
-1072.000000
-1527.000000
-1895.000000
-2220.000000
-2525.000000
-2774.000000
-2878.000000
-2765.000000
-2498.000000
-2212.000000
-2105.000000
-2160.000000
-2320.000000
-2396.000000
-2295.000000
-2028.000000
-1683.000000
-1334.000000
-950.000000
-510.000000
-3.000000
497.000000
902.000000
1131.000000
1236.000000
1285.000000
1346.000000
1443.000000
1541.000000
1583.000000
1558.000000
1422.000000
1190.000000
854.000000
501.000000
188.000000
-59.000000
-339.000000
-696.000000
-1178.000000
-1677.000000
-1979.000000
-2022.000000
-1769.000000
-1484.000000
-1374.000000
-1415.000000
-1519.000000
-1437.000000
-1149.000000
-789.000000
-509.000000
-432.000000
-353.000000
-96.000000
475.000000
1185.000000
1777.000000
2076.000000
2109.000000
2132.000000
2290.000000
2650.000000
3010.000000
3169.000000
3079.000000
2817.000000
2576.000000
2467.000000
2418.000000
2326.000000
2098.000000
1739.000000
1346.000000
1052.000000
822.000000
657.000000
451.000000
153.000000
-213.000000
-552.000000
-798.000000
-887.000000
-868.000000
-807.000000
-775.000000
-823.000000
-883.000000
-846.000000
-677.000000
-398.000000
-103.000000
126.000000
331.000000
551.000000
883.000000
1260.000000
1589.000000
1764.000000
1751.000000
1617.000000
1458.000000
1350.000000
1313.000000
1297.000000
1277.000000
1201.000000
1071.000000
862.000000
650.000000
445.000000
200.000000
-235.000000
-1051.000000
-2330.000000
-3825.000000
-5017.000000
-5388.000000
-4767.000000
-3618.000000
-2636.000000
-2450.000000
-2932.000000
-3572.000000
-3787.000000
-3456.000000
-3011.000000
-2954.000000
-3310.000000
-3578.000000
-3064.000000
-1626.000000
203.000000
1517.000000
1779.000000
1178.000000
505.000000
409.000000
985.000000
1740.000000
2098.000000
1924.000000
1513.000000
1316.000000
1437.000000
1641.000000
1506.000000
896.000000
-22.000000
-816.000000
-1238.000000
-1238.000000
-1033.000000
-840.000000
-796.000000
-937.000000
-1219.000000
-1565.000000
-1834.000000
-1917.000000
-1799.000000
-1575.000000
-1412.000000
-1349.000000
-1242.000000
-899.000000
-256.000000
488.000000
1067.000000
1276.000000
1223.000000
1217.000000
1555.000000
2189.000000
2873.000000
3222.000000
3139.000000
2784.000000
2458.000000
2296.000000
2274.000000
2251.000000
2130.000000
1963.000000
1875.000000
1903.000000
1941.000000
1824.000000
1431.000000
821.000000
117.000000
-480.000000
-847.000000
-960.000000
-865.000000
-683.000000
-541.000000
-521.000000
-655.000000
-845.000000
-1002.000000
-1012.000000
-915.000000
-735.000000
-522.000000
-246.000000
99.000000
506.000000
905.000000
1149.000000
1176.000000
1044.000000
905.000000
874.000000
992.000000
1182.000000
1341.000000
1403.000000
1375.000000
1273.000000
1122.000000
832.000000
451.000000
23.000000
-314.000000
-498.000000
-532.000000
-547.000000
-604.000000
-734.000000
-870.000000
-905.000000
-830.000000
-697.000000
-605.000000
-592.000000
-565.000000
-382.000000
26.000000
570.000000
1055.000000
1309.000000
1331.000000
1323.000000
1472.000000
1800.000000
2028.000000
1819.000000
907.000000
-418.000000
-1624.000000
-2081.000000
-1667.000000
-818.000000
-242.000000
-491.000000
-1477.000000
-2618.000000
-3336.000000
-3452.000000
-3330.000000
-3504.000000
-4145.000000
-4895.000000
-5082.000000
-4303.000000
-2797.000000
-1297.000000
-495.000000
-593.000000
-1146.000000
-1522.000000
-1298.000000
-593.000000
177.000000
621.000000
723.000000
737.000000
907.000000
1282.000000
1649.000000
1733.000000
1493.000000
1052.000000
653.000000
461.000000
431.000000
441.000000
373.000000
183.000000
-68.000000
-335.000000
-597.000000
-833.000000
-1049.000000
-1200.000000
-1266.000000
-1205.000000
-1060.000000
-829.000000
-533.000000
-217.000000
103.000000
349.000000
508.000000
605.000000
712.000000
931.000000
1250.000000
1643.000000
1987.000000
2196.000000
2257.000000
2245.000000
2259.000000
2341.000000
2459.000000
2534.000000
2524.000000
2400.000000
2232.000000
2065.000000
1892.000000
1660.000000
1332.000000
942.000000
634.000000
480.000000
507.000000
619.000000
650.000000
534.000000
294.000000
66.000000
-79.000000
-136.000000
-220.000000
-338.000000
-457.000000
-497.000000
-385.000000
-215.000000
-121.000000
-235.000000
-540.000000
-874.000000
-1092.000000
-1138.000000
-1093.000000
-1080.000000
-1132.000000
-1202.000000
-1201.000000
-1071.000000
-893.000000
-781.000000
-801.000000
-909.000000
-992.000000
-977.000000
-858.000000
-662.000000
-482.000000
-343.000000
-227.000000
-117.000000
24.000000
171.000000
292.000000
319.000000
262.000000
167.000000
85.000000
64.000000
139.000000
257.000000
336.000000
317.000000
225.000000
128.000000
110.000000
202.000000
314.000000
382.000000
325.000000
228.000000
178.000000
247.000000
425.000000
609.000000
686.000000
645.000000
554.000000
496.000000
514.000000
593.000000
667.000000
677.000000
599.000000
437.000000
260.000000
117.000000
36.000000
29.000000
77.000000
86.000000
5.000000
-147.000000
-304.000000
-381.000000
-373.000000
-360.000000
-459.000000
-720.000000
-1055.000000
-1292.000000
-1277.000000
-1038.000000
-760.000000
-622.000000
-719.000000
-955.000000
-1140.000000
-1181.000000
-1120.000000
-1069.000000
-1116.000000
-1235.000000
-1301.000000
-1212.000000
-1006.000000
-808.000000
-723.000000
-769.000000
-845.000000
-855.000000
-781.000000
-713.000000
-749.000000
-820.000000
-855.000000
-736.000000
-439.000000
-95.000000
121.000000
139.000000
35.000000
-61.000000
-33.000000
94.000000
218.000000
261.000000
235.000000
229.000000
331.000000
559.000000
796.000000
924.000000
894.000000
767.000000
670.000000
660.000000
756.000000
870.000000
970.000000
1054.000000
1156.000000
1294.000000
1435.000000
1502.000000
1453.000000
1325.000000
1195.000000
1152.000000
1202.000000
1297.000000
1332.000000
1292.000000
1223.000000
1195.000000
1266.000000
1335.000000
1329.000000
1205.000000
973.000000
773.000000
663.000000
653.000000
677.000000
632.000000
498.000000
311.000000
126.000000
-21.000000
-140.000000
-231.000000
-282.000000
-286.000000
-254.000000
-275.000000
-397.000000
-614.000000
-856.000000
-987.000000
-1006.000000
-1003.000000
-1081.000000
-1295.000000
-1497.000000
-1554.000000
-1424.000000
-1187.000000
-1042.000000
-1099.000000
-1283.000000
-1378.000000
-1251.000000
-965.000000
-727.000000
-706.000000
-862.000000
-1014.000000
-943.000000
-680.000000
-358.000000
-191.000000
-231.000000
-335.000000
-340.000000
-182.000000
15.000000
145.000000
135.000000
66.000000
55.000000
144.000000
289.000000
385.000000
427.000000
456.000000
504.000000
581.000000
644.000000
716.000000
787.000000
910.000000
1044.000000
1146.000000
1199.000000
1248.000000
1368.000000
1570.000000
1723.000000
1666.000000
1281.000000
674.000000
62.000000
-392.000000
-580.000000
-557.000000
-425.000000
-307.000000
-193.000000
-151.000000
-224.000000
-432.000000
-774.000000
-1167.000000
-1543.000000
-1819.000000
-1944.000000
-1883.000000
-1598.000000
-1104.000000
-486.000000
41.000000
296.000000
253.000000
104.000000
19.000000
89.000000
235.000000
272.000000
195.000000
112.000000
211.000000
523.000000
872.000000
977.000000
710.000000
198.000000
-278.000000
-510.000000
-524.000000
-522.000000
-638.000000
-883.000000
-1031.000000
-1008.000000
-858.000000
-785.000000
-945.000000
-1295.000000
-1624.000000
-1726.000000
-1581.000000
-1310.000000
-1086.000000
-924.000000
-769.000000
-508.000000
-167.000000
139.000000
354.000000
457.000000
543.000000
702.000000
952.000000
1240.000000
1486.000000
1670.000000
1751.000000
1694.000000
1474.000000
1148.000000
877.000000
788.000000
972.000000
1311.000000
1559.000000
1554.000000
1356.000000
1101.000000
946.000000
875.000000
729.000000
413.000000
26.000000
-183.000000
-48.000000
311.000000
629.000000
600.000000
235.000000
-230.000000
-482.000000
-406.000000
-142.000000
62.000000
96.000000
87.000000
155.000000
352.000000
559.000000
568.000000
349.000000
49.000000
-123.000000
-86.000000
89.000000
281.000000
429.000000
508.000000
536.000000
492.000000
303.000000
-1.000000
-321.000000
-470.000000
-398.000000
-211.000000
-108.000000
-101.000000
-118.000000
-17.000000
177.000000
367.000000
477.000000
563.000000
867.000000
1391.000000
1981.000000
2351.000000
2425.000000
2427.000000
2464.000000
2346.000000
1425.000000
-702.000000
-3577.000000
-5910.000000
-6290.000000
-4645.000000
-2102.000000
-614.000000
-1004.000000
-2625.000000
-3867.000000
-3724.000000
-2827.000000
-2601.000000
-3974.000000
-6091.000000
-7032.000000
-5450.000000
-1756.000000
1932.000000
3775.000000
3405.000000
2240.000000
1878.000000
2686.000000
3759.000000
3775.000000
2588.000000
1068.000000
560.000000
1354.000000
2621.000000
3227.000000
2557.000000
1120.000000
-328.000000
-1227.000000
-1726.000000
-2212.000000
-2714.000000
-3018.000000
-2767.000000
-2147.000000
-1492.000000
-1125.000000
-1025.000000
-929.000000
-825.000000
-810.000000
-1153.000000
-1664.000000
-1864.000000
-1315.000000
-41.000000
1295.000000
2084.000000
2132.000000
1873.000000
1872.000000
2245.000000
2618.000000
2423.000000
1673.000000
816.000000
559.000000
1095.000000
1979.000000
2578.000000
2488.000000
1937.000000
1358.000000
1034.000000
774.000000
257.000000
-542.000000
-1372.000000
-1742.000000
-1506.000000
-900.000000
-371.000000
-234.000000
-438.000000
-772.000000
-986.000000
-1105.000000
-1144.000000
-1111.000000
-936.000000
-514.000000
70.000000
667.000000
1102.000000
1382.000000
1596.000000
1804.000000
1969.000000
1997.000000
1828.000000
1599.000000
1435.000000
1429.000000
1444.000000
1303.000000
904.000000
394.000000
13.000000
-106.000000
2.000000
80.000000
-49.000000
-357.000000
-714.000000
-888.000000
-901.000000
-826.000000
-778.000000
-749.000000
-622.000000
-302.000000
238.000000
795.000000
1250.000000
1486.000000
1626.000000
1850.000000
2267.000000
2926.000000
3559.000000
3957.000000
4018.000000
3853.000000
3750.000000
3563.000000
3026.000000
1400.000000
-1383.000000
-4736.000000
-7264.000000
-7710.000000
-6139.000000
-3650.000000
-2156.000000
-2394.000000
-3883.000000
-5122.000000
-5101.000000
-4337.000000
-4022.000000
-5162.000000
-7041.000000
-7942.000000
-6464.000000
-2703.000000
1368.000000
3959.000000
4199.000000
3279.000000
2615.000000
2973.000000
3764.000000
3762.000000
2639.000000
920.000000
-53.000000
223.000000
1288.000000
2098.000000
1759.000000
572.000000
-921.000000
-1960.000000
-2535.000000
-2983.000000
-3433.000000
-3832.000000
-3712.000000
-3149.000000
-2251.000000
-1554.000000
-1188.000000
-975.000000
-835.000000
-619.000000
-628.000000
-837.000000
-994.000000
-673.000000
379.000000
1744.000000
2973.000000
3483.000000
3484.000000
3371.000000
3507.000000
3874.000000
3940.000000
3513.000000
2610.000000
1842.000000
1627.000000
2017.000000
2652.000000
3001.000000
2910.000000
2474.000000
2012.000000
1656.000000
1308.000000
832.000000
103.000000
-662.000000
-1256.000000
-1414.000000
-1172.000000
-774.000000
-591.000000
-848.000000
-1482.000000
-2132.000000
-2417.000000
-2202.000000
-1655.000000
-1153.000000
-869.000000
-703.000000
-360.000000
287.000000
1051.000000
1527.000000
1445.000000
926.000000
378.000000
229.000000
534.000000
969.000000
1163.000000
880.000000
356.000000
-120.000000
-240.000000
-146.000000
-77.000000
-256.000000
-666.000000
-1040.000000
-1251.000000
-1170.000000
-1062.000000
-1048.000000
-1138.000000
-1212.000000
-1017.000000
-568.000000
92.000000
747.000000
1265.000000
1623.000000
1747.000000
1815.000000
1733.000000
1725.000000
1759.000000
1887.000000
2074.000000
2242.000000
2548.000000
2904.000000
3381.000000
3664.000000
3657.000000
3414.000000
2959.000000
2469.000000
1437.000000
-425.000000
-3171.000000
-5947.000000
-7268.000000
-6509.000000
-3935.000000
-1456.000000
-435.000000
-1287.000000
-2732.000000
-3163.000000
-2328.000000
-1256.000000
-1691.000000
-3855.000000
-6435.000000
-7265.000000
-5235.000000
-1522.000000
1834.000000
2988.000000
2320.000000
1338.000000
1462.000000
2750.000000
3655.000000
3077.000000
879.000000
-1426.000000
-2371.000000
-1529.000000
217.000000
1343.000000
1296.000000
347.000000
-554.000000
-957.000000
-1231.000000
-1830.000000
-3073.000000
-4226.000000
-4709.000000
-4158.000000
-2986.000000
-1886.000000
-1128.000000
-739.000000
-299.000000
87.000000
162.000000
-325.000000
-1200.000000
-1751.000000
-1532.000000
-415.000000
1025.000000
2228.000000
2963.000000
3350.000000
3768.000000
4096.000000
4137.000000
3547.000000
2444.000000
1347.000000
716.000000
894.000000
1625.000000
2552.000000
3227.000000
3518.000000
3496.000000
3204.000000
2756.000000
1969.000000
876.000000
-417.000000
-1611.000000
-2283.000000
-2278.000000
-1630.000000
-842.000000
-266.000000
-162.000000
-424.000000
-741.000000
-987.000000
-1083.000000
-1178.000000
-1312.000000
-1351.000000
-1061.000000
-264.000000
849.000000
2011.000000
2737.000000
2840.000000
2419.000000
1749.000000
1244.000000
998.000000
998.000000
1014.000000
921.000000
752.000000
625.000000
625.000000
637.000000
428.000000
-106.000000
-899.000000
-1652.000000
-2116.000000
-2167.000000
-1937.000000
-1660.000000
-1469.000000
-1382.000000
-1271.000000
-1027.000000
-652.000000
-278.000000
-28.000000
61.000000
123.000000
365.000000
887.000000
1594.000000
2305.000000
2829.000000
3238.000000
3581.000000
3945.000000
4255.000000
4375.000000
4322.000000
4158.000000
3862.000000
3039.000000
1152.000000
-1782.000000
-5057.000000
-7106.000000
-7092.000000
-5155.000000
-2959.000000
-2113.000000
-2971.000000
-4459.000000
-4877.000000
-3855.000000
-2452.000000
-2446.000000
-4437.000000
-7087.000000
-8190.000000
-6294.000000
-2312.000000
1562.000000
3375.000000
3058.000000
2301.000000
2607.000000
4257.000000
5705.000000
5467.000000
3176.000000
203.000000
-1585.000000
-1421.000000
95.000000
1350.000000
1418.000000
456.000000
-609.000000
-1011.000000
-1066.000000
-1355.000000
-2489.000000
-4053.000000
-5201.000000
-5308.000000
-4373.000000
-3122.000000
-1991.000000
-1188.000000
-428.000000
386.000000
1022.000000
1157.000000
612.000000
-117.000000
-475.000000
-117.000000
797.000000
1748.000000
2484.000000
2957.000000
3450.000000
3931.000000
4153.000000
3781.000000
2710.000000
1382.000000
304.000000
-47.000000
253.000000
900.000000
1526.000000
1946.000000
2265.000000
2513.000000
2631.000000
2411.000000
1663.000000
508.000000
-757.000000
-1655.000000
-1935.000000
-1636.000000
-1060.000000
-513.000000
-157.000000
37.000000
202.000000
318.000000
274.000000
8.000000
-444.000000
-803.000000
-841.000000
-432.000000
346.000000
1200.000000
1876.000000
2162.000000
2123.000000
1856.000000
1502.000000
1220.000000
966.000000
739.000000
508.000000
310.000000
251.000000
273.000000
379.000000
297.000000
-30.000000
-596.000000
-1232.000000
-1675.000000
-1895.000000
-1853.000000
-1772.000000
-1648.000000
-1446.000000
-1110.000000
-573.000000
-48.000000
411.000000
550.000000
502.000000
444.000000
531.000000
955.000000
1418.000000
1917.000000
2259.000000
2603.000000
3049.000000
3532.000000
4034.000000
4245.000000
4322.000000
4203.000000
3820.000000
2740.000000
268.000000
-3281.000000
-7153.000000
-9399.000000
-9155.000000
-6687.000000
-3729.000000
-2243.000000
-2509.000000
-3658.000000
-3837.000000
-2786.000000
-1557.000000
-1835.000000
-4280.000000
-7192.000000
-8493.000000
-6550.000000
-2306.000000
1896.000000
4169.000000
4167.000000
3605.000000
3764.000000
5034.000000
5954.000000
5138.000000
2484.000000
-798.000000
-2736.000000
-2782.000000
-1423.000000
-158.000000
152.000000
-252.000000
-801.000000
-799.000000
-740.000000
-1022.000000
-1963.000000
-3132.000000
-3724.000000
-3458.000000
-2401.000000
-1201.000000
-74.000000
934.000000
1931.000000
2783.000000
3014.000000
2438.000000
1192.000000
-24.000000
-679.000000
-594.000000
-47.000000
503.000000
1040.000000
1602.000000
2343.000000
3033.000000
3254.000000
2768.000000
1649.000000
481.000000
-265.000000
-315.000000
214.000000
1027.000000
1950.000000
2854.000000
3703.000000
4296.000000
4418.000000
3896.000000
2651.000000
937.000000
-936.000000
-2508.000000
-3471.000000
-3677.000000
-3232.000000
-2462.000000
-1629.000000
-980.000000
-544.000000
-329.000000
-263.000000
-335.000000
-532.000000
-740.000000
-779.000000
-410.000000
436.000000
1587.000000
2632.000000
3159.000000
2996.000000
2277.000000
1431.000000
702.000000
225.000000
-204.000000
-680.000000
-1175.000000
-1486.000000
-1404.000000
-1054.000000
-702.000000
-681.000000
-990.000000
-1425.000000
-1628.000000
-1446.000000
-1021.000000
-564.000000
-286.000000
-17.000000
376.000000
928.000000
1538.000000
1865.000000
1991.000000
1892.000000
1929.000000
2012.000000
2151.000000
2225.000000
2224.000000
2449.000000
2824.000000
3377.000000
3736.000000
3873.000000
3871.000000
3489.000000
2534.000000
18.000000
-3841.000000
-8206.000000
-10995.000000
-10619.000000
-7442.000000
-3072.000000
-312.000000
229.000000
-819.000000
-1424.000000
-811.000000
-128.000000
-805.000000
-3745.000000
-7084.000000
-8588.000000
-6649.000000
-2102.000000
2447.000000
5209.000000
5422.000000
4659.000000
3914.000000
3663.000000
3109.000000
1367.000000
-1147.000000
-3702.000000
-4831.000000
-4531.000000
-3167.000000
-1594.000000
-429.000000
434.000000
660.000000
416.000000
-505.000000
-1636.000000
-2400.000000
-2470.000000
-1671.000000
-661.000000
358.000000
1100.000000
1869.000000
2696.000000
3187.000000
2994.000000
1688.000000
-174.000000
-1984.000000
-2971.000000
-3033.000000
-2495.000000
-1613.000000
-684.000000
488.000000
1712.000000
2810.000000
3420.000000
3246.000000
2556.000000
1670.000000
1219.000000
1296.000000
1886.000000
2738.000000
3674.000000
4667.000000
5448.000000
5823.000000
5322.000000
3985.000000
2021.000000
-126.000000
-2099.000000
-3799.000000
-5019.000000
-5726.000000
-5616.000000
-4683.000000
-3073.000000
-1213.000000
338.000000
1343.000000
1647.000000
1597.000000
1379.000000
1193.000000
1052.000000
917.000000
872.000000
940.000000
1245.000000
1588.000000
1799.000000
1542.000000
747.000000
-416.000000
-1646.000000
-2506.000000
-2890.000000
-2729.000000
-2258.000000
-1607.000000
-954.000000
-365.000000
154.000000
435.000000
531.000000
391.000000
257.000000
242.000000
386.000000
680.000000
945.000000
1352.000000
1772.000000
2253.000000
2427.000000
2153.000000
1496.000000
644.000000
99.000000
-204.000000
-157.000000
-68.000000
101.000000
579.000000
1326.000000
2481.000000
3485.000000
4451.000000
5171.000000
5392.000000
4455.000000
1127.000000
-3850.000000
-9084.000000
-11328.000000
-9754.000000
-5397.000000
-1162.000000
460.000000
74.000000
-1029.000000
-669.000000
418.000000
677.000000
-1151.000000
-4757.000000
-7321.000000
-7333.000000
-3996.000000
496.000000
4154.000000
5875.000000
5728.000000
5038.000000
3757.000000
2313.000000
189.000000
-2039.000000
-3836.000000
-5012.000000
-5229.000000
-4939.000000
-3798.000000
-2162.000000
-215.000000
1323.000000
1646.000000
912.000000
-642.000000
-1757.000000
-2078.000000
-1382.000000
-245.000000
700.000000
1414.000000
1853.000000
2326.000000
2440.000000
1937.000000
592.000000
-1346.000000
-3207.000000
-4648.000000
-5266.000000
-5085.000000
-4077.000000
-2460.000000
-523.000000
1421.000000
2982.000000
4086.000000
4564.000000
4579.000000
4187.000000
3684.000000
3314.000000
3250.000000
3585.000000
4066.000000
4604.000000
4883.000000
4808.000000
4112.000000
2687.000000
741.000000
-1419.000000
-3222.000000
-4585.000000
-5350.000000
-5633.000000
-5343.000000
-4315.000000
-2633.000000
-438.000000
1655.000000
3138.000000
3596.000000
3186.000000
2393.000000
1675.000000
1286.000000
1034.000000
864.000000
626.000000
497.000000
606.000000
962.000000
1291.000000
1115.000000
338.000000
-916.000000
-2023.000000
-2651.000000
-2661.000000
-2211.000000
-1524.000000
-672.000000
82.000000
773.000000
1106.000000
1196.000000
1046.000000
841.000000
735.000000
632.000000
636.000000
513.000000
487.000000
628.000000
947.000000
1288.000000
1114.000000
492.000000
-558.000000
-1455.000000
-1836.000000
-1621.000000
-820.000000
43.000000
1036.000000
2045.000000
3359.000000
4901.000000
6231.000000
7419.000000
7961.000000
7492.000000
4486.000000
-1702.000000
-9343.000000
-15177.000000
-15658.000000
-11543.000000
-5330.000000
-772.000000
1196.000000
1636.000000
1763.000000
2566.000000
2723.000000
1537.000000
-1805.000000
-5965.000000
-8472.000000
-7772.000000
-3499.000000
1657.000000
5737.000000
7260.000000
6724.000000
5002.000000
2426.000000
-320.000000
-3077.000000
-4941.000000
-5922.000000
-5935.000000
-5162.000000
-3778.000000
-1659.000000
660.000000
2743.000000
3713.000000
3122.000000
1302.000000
-959.000000
-2450.000000
-2697.000000
-1753.000000
-250.000000
1184.000000
2249.000000
2669.000000
2345.000000
1260.000000
-333.000000
-2075.000000
-3801.000000
-5216.000000
-6056.000000
-5870.000000
-4492.000000
-2144.000000
658.000000
3218.000000
5128.000000
6086.000000
6208.000000
5661.000000
4736.000000
3680.000000
2704.000000
2081.000000
1915.000000
2225.000000
2697.000000
3057.000000
3093.000000
2683.000000
1785.000000
275.000000
-1492.000000
-3119.000000
-4053.000000
-4161.000000
-3630.000000
-2659.000000
-1637.000000
-480.000000
504.000000
1437.000000
2123.000000
2421.000000
2317.000000
1728.000000
1100.000000
522.000000
318.000000
271.000000
251.000000
222.000000
111.000000
142.000000
98.000000
5.000000
-311.000000
-799.000000
-1365.000000
-1874.000000
-2057.000000
-1858.000000
-1253.000000
-378.000000
627.000000
1518.000000
2150.000000
2310.000000
2020.000000
1457.000000
871.000000
418.000000
-22.000000
-421.000000
-815.000000
-983.000000
-831.000000
-392.000000
184.000000
405.000000
243.000000
-356.000000
-928.000000
-1088.000000
-709.000000
383.000000
1662.000000
3046.000000
4193.000000
5125.000000
5861.000000
6009.000000
6120.000000
5921.000000
5332.000000
2434.000000
-3730.000000
-11251.000000
-16471.000000
-15543.000000
-10143.000000
-3328.000000
1195.000000
3170.000000
3686.000000
3108.000000
2495.000000
1208.000000
-122.000000
-2530.000000
-5644.000000
-7672.000000
-7154.000000
-3159.000000
1660.000000
5640.000000
7123.000000
6418.000000
4189.000000
827.000000
-2226.000000
-4643.000000
-5582.000000
-5633.000000
-4934.000000
-3576.000000
-2225.000000
-669.000000
645.000000
2181.000000
3193.000000
2871.000000
1244.000000
-1008.000000
-2181.000000
-2152.000000
-1036.000000
478.000000
1979.000000
3118.000000
3000.000000
1633.000000
-537.000000
-2340.000000
-3369.000000
-3957.000000
-4367.000000
-4550.000000
-3943.000000
-2576.000000
-718.000000
1360.000000
3361.000000
5007.000000
5699.000000
5304.000000
4158.000000
2950.000000
2278.000000
2076.000000
2291.000000
2490.000000
2615.000000
2604.000000
2554.000000
2613.000000
2424.000000
1800.000000
493.000000
-938.000000
-2073.000000
-2676.000000
-2722.000000
-2395.000000
-1621.000000
-823.000000
-172.000000
15.000000
70.000000
209.000000
458.000000
753.000000
832.000000
847.000000
757.000000
769.000000
724.000000
607.000000
461.000000
370.000000
374.000000
290.000000
49.000000
-296.000000
-697.000000
-1118.000000
-1567.000000
-1826.000000
-1715.000000
-1245.000000
-485.000000
316.000000
1197.000000
1822.000000
1962.000000
1534.000000
696.000000
-40.000000
-710.000000
-1097.000000
-1302.000000
-1201.000000
-746.000000
-230.000000
464.000000
940.000000
1298.000000
1099.000000
379.000000
-388.000000
-815.000000
-281.000000
696.000000
2000.000000
3322.000000
4679.000000
6069.000000
6618.000000
6558.000000
5710.000000
4512.000000
1690.000000
-3993.000000
-10996.000000
-16090.000000
-15187.000000
-9669.000000
-2691.000000
2131.000000
4266.000000
4882.000000
3893.000000
2216.000000
-205.000000
-2115.000000
-3931.000000
-5901.000000
-6913.000000
-6052.000000
-2348.000000
2137.000000
5964.000000
7675.000000
6998.000000
4432.000000
461.000000
-3012.000000
-5333.000000
-6007.000000
-5565.000000
-4316.000000
-2356.000000
-765.000000
152.000000
453.000000
1105.000000
1887.000000
1730.000000
333.000000
-1465.000000
-2103.000000
-1517.000000
-257.000000
1063.000000
2424.000000
3545.000000
3557.000000
1977.000000
-741.000000
-3151.000000
-4513.000000
-4715.000000
-4432.000000
-3773.000000
-2716.000000
-1377.000000
35.000000
1204.000000
2420.000000
3485.000000
4193.000000
4158.000000
3433.000000
2626.000000
2072.000000
2156.000000
2597.000000
3116.000000
3404.000000
3232.000000
2895.000000
2369.000000
1866.000000
1181.000000
279.000000
-522.000000
-1275.000000
-1642.000000
-1873.000000
-1728.000000
-1265.000000
-899.000000
-704.000000
-1045.000000
-1192.000000
-1008.000000
-265.000000
756.000000
1382.000000
1687.000000
1384.000000
1174.000000
881.000000
660.000000
371.000000
17.000000
-60.000000
-145.000000
-67.000000
-89.000000
-104.000000
-319.000000
-850.000000
-1409.000000
-1781.000000
-1669.000000
-1156.000000
-289.000000
773.000000
1670.000000
2080.000000
1806.000000
1088.000000
207.000000
-648.000000
-1294.000000
-1687.000000
-1700.000000
-1315.000000
-685.000000
171.000000
919.000000
1444.000000
1475.000000
922.000000
96.000000
-632.000000
-506.000000
308.000000
1592.000000
2998.000000
4381.000000
5786.000000
6384.000000
6429.000000
5752.000000
4552.000000
1513.000000
-4520.000000
-11454.000000
-15835.000000
-13942.000000
-7880.000000
-956.000000
3437.000000
5106.000000
5008.000000
3087.000000
722.000000
-1780.000000
-3149.000000
-4403.000000
-5769.000000
-6147.000000
-4653.000000
-756.000000
3251.000000
6461.000000
7552.000000
6471.000000
3445.000000
-633.000000
-3668.000000
-5260.000000
-5221.000000
-4569.000000
-3221.000000
-1453.000000
-239.000000
99.000000
-273.000000
-61.000000
347.000000
232.000000
-696.000000
-1488.000000
-1174.000000
-273.000000
654.000000
1333.000000
2341.000000
3247.000000
3058.000000
1191.000000
-1601.000000
-3825.000000
-4791.000000
-4546.000000
-3689.000000
-2507.000000
-1207.000000
-167.000000
465.000000
710.000000
1063.000000
1806.000000
2693.000000
3290.000000
3144.000000
2712.000000
2366.000000
2620.000000
3302.000000
3855.000000
3942.000000
3328.000000
2547.000000
1766.000000
1244.000000
819.000000
378.000000
0.000000
-436.000000
-791.000000
-1316.000000
-1925.000000
-2436.000000
-2603.000000
-2226.000000
-1572.000000
-667.000000
403.000000
1390.000000
1892.000000
1725.000000
1361.000000
1009.000000
728.000000
251.000000
-277.000000
-488.000000
-226.000000
317.000000
793.000000
1155.000000
1236.000000
876.000000
-76.000000
-1216.000000
-2103.000000
-2286.000000
-1903.000000
-1065.000000
0.000000
964.000000
1570.000000
1470.000000
1050.000000
473.000000
-25.000000
-566.000000
-1142.000000
-1346.000000
-1159.000000
-330.000000
601.000000
1471.000000
1848.000000
1587.000000
950.000000
-25.000000
-488.000000
-558.000000
34.000000
933.000000
2006.000000
3473.000000
4808.000000
6300.000000
7007.000000
6403.000000
3039.000000
-3442.000000
-10422.000000
-14584.000000
-12947.000000
-7647.000000
-1446.000000
2936.000000
5076.000000
5237.000000
3099.000000
238.000000
-2429.000000
-3719.000000
-4705.000000
-5780.000000
-5756.000000
-3863.000000
-49.000000
3410.000000
5901.000000
7033.000000
6627.000000
4200.000000
-114.000000
-3829.000000
-5491.000000
-4728.000000
-3225.000000
-1726.000000
-316.000000
512.000000
425.000000
-659.000000
-1458.000000
-1588.000000
-1449.000000
-1599.000000
-1816.000000
-1315.000000
-69.000000
1497.000000
2767.000000
3501.000000
3469.000000
2469.000000
560.000000
-1758.000000
-3732.000000
-4834.000000
-4792.000000
-3780.000000
-2136.000000
-517.000000
619.000000
1035.000000
908.000000
656.000000
546.000000
700.000000
1030.000000
1558.000000
2285.000000
3013.000000
3617.000000
3912.000000
4021.000000
3989.000000
3580.000000
2683.000000
1368.000000
349.000000
-84.000000
39.000000
296.000000
315.000000
15.000000
-861.000000
-1943.000000
-2790.000000
-2870.000000
-2388.000000
-1690.000000
-722.000000
471.000000
1744.000000
2437.000000
2507.000000
2082.000000
1402.000000
519.000000
-511.000000
-1148.000000
-1161.000000
-564.000000
145.000000
661.000000
924.000000
880.000000
600.000000
-25.000000
-676.000000
-1261.000000
-1553.000000
-1515.000000
-1056.000000
-137.000000
797.000000
1420.000000
1456.000000
1112.000000
602.000000
84.000000
-184.000000
-211.000000
-102.000000
-75.000000
-28.000000
295.000000
906.000000
1518.000000
1719.000000
1427.000000
932.000000
494.000000
363.000000
499.000000
1029.000000
1956.000000
3056.000000
4297.000000
4990.000000
4492.000000
1404.000000
-3859.000000
-8967.000000
-10907.000000
-8613.000000
-4302.000000
-173.000000
2319.000000
3306.000000
2631.000000
427.000000
-1871.000000
-3330.000000
-3694.000000
-4207.000000
-4677.000000
-3856.000000
-1365.000000
1960.000000
4197.000000
5423.000000
5739.000000
5036.000000
2739.000000
-681.000000
-3221.000000
-4087.000000
-3352.000000
-2167.000000
-823.000000
410.000000
691.000000
-130.000000
-1731.000000
-2755.000000
-3135.000000
-3123.000000
-2816.000000
-2096.000000
-824.000000
275.000000
1108.000000
1820.000000
2499.000000
2649.000000
1585.000000
-301.000000
-2204.000000
-3327.000000
-3654.000000
-3415.000000
-2484.000000
-1000.000000
606.000000
1353.000000
1113.000000
424.000000
27.000000
175.000000
491.000000
790.000000
1128.000000
1739.000000
2607.000000
3463.000000
3968.000000
3895.000000
3463.000000
2975.000000
2563.000000
2074.000000
1387.000000
834.000000
652.000000
670.000000
240.000000
-796.000000
-1944.000000
-2586.000000
-2509.000000
-1986.000000
-1096.000000
-42.000000
929.000000
1393.000000
1400.000000
1269.000000
1154.000000
1039.000000
723.000000
412.000000
180.000000
132.000000
254.000000
564.000000
1001.000000
1181.000000
810.000000
-17.000000
-839.000000
-1214.000000
-1161.000000
-856.000000
-544.000000
-169.000000
236.000000
467.000000
415.000000
133.000000
-55.000000
-26.000000
149.000000
297.000000
315.000000
417.000000
636.000000
989.000000
1227.000000
1236.000000
1106.000000
804.000000
625.000000
491.000000
524.000000
754.000000
1180.000000
1823.000000
2265.000000
2653.000000
2901.000000
2765.000000
1255.000000
-2365.000000
-6506.000000
-8880.000000
-7673.000000
-4281.000000
-772.000000
1631.000000
2703.000000
2476.000000
273.000000
-2768.000000
-5079.000000
-5596.000000
-5054.000000
-4557.000000
-3588.000000
-1748.000000
909.000000
2984.000000
4152.000000
4755.000000
4667.000000
3580.000000
1298.000000
-729.000000
-1716.000000
-1612.000000
-1009.000000
-158.000000
913.000000
1289.000000
396.000000
-1400.000000
-2839.000000
-3349.000000
-3386.000000
-3287.000000
-2725.000000
-1545.000000
-293.000000
344.000000
494.000000
730.000000
1011.000000
813.000000
-179.000000
-1270.000000
-1875.000000
-1889.000000
-1631.000000
-1302.000000
-610.000000
248.000000
1002.000000
1165.000000
864.000000
548.000000
449.000000
602.000000
835.000000
1215.000000
1704.000000
2189.000000
2590.000000
2798.000000
2873.000000
2712.000000
2409.000000
2097.000000
1749.000000
1438.000000
1048.000000
695.000000
354.000000
-84.000000
-567.000000
-1113.000000
-1410.000000
-1417.000000
-1082.000000
-509.000000
6.000000
487.000000
716.000000
891.000000
835.000000
681.000000
548.000000
446.000000
501.000000
416.000000
411.000000
446.000000
688.000000
1021.000000
1155.000000
1098.000000
627.000000
10.000000
-685.000000
-1089.000000
-1053.000000
-730.000000
-326.000000
-164.000000
-77.000000
-17.000000
71.000000
176.000000
276.000000
452.000000
583.000000
569.000000
421.000000
210.000000
129.000000
249.000000
501.000000
810.000000
1043.000000
1345.000000
1531.000000
1468.000000
1168.000000
946.000000
1201.000000
1527.000000
1820.000000
1866.000000
1775.000000
853.000000
-1559.000000
-4458.000000
-6155.000000
-5267.000000
-3000.000000
-783.000000
527.000000
945.000000
497.000000
-1272.000000
-3370.000000
-4832.000000
-4985.000000
-4542.000000
-4038.000000
-3085.000000
-1699.000000
-121.000000
855.000000
1619.000000
2332.000000
2607.000000
2047.000000
925.000000
317.000000
299.000000
538.000000
842.000000
1488.000000
2302.000000
2335.000000
1256.000000
-349.000000
-1466.000000
-2087.000000
-2539.000000
-2727.000000
-2344.000000
-1472.000000
-844.000000
-690.000000
-763.000000
-659.000000
-568.000000
-824.000000
-1431.000000
-2000.000000
-2099.000000
-1853.000000
-1337.000000
-701.000000
56.000000
822.000000
1263.000000
1310.000000
991.000000
640.000000
483.000000
597.000000
934.000000
1352.000000
1831.000000
2225.000000
2601.000000
2870.000000
2940.000000
2732.000000
2194.000000
1598.000000
1065.000000
641.000000
268.000000
12.000000
-8.000000
15.000000
-103.000000
-408.000000
-590.000000
-565.000000
-476.000000
-477.000000
-546.000000
-510.000000
-421.000000
-264.000000
-55.000000
359.000000
960.000000
1545.000000
1865.000000
1754.000000
1399.000000
989.000000
740.000000
605.000000
560.000000
537.000000
432.000000
282.000000
47.000000
-36.000000
53.000000
271.000000
486.000000
439.000000
190.000000
-227.000000
-480.000000
-503.000000
-270.000000
166.000000
562.000000
794.000000
645.000000
343.000000
75.000000
-44.000000
10.000000
72.000000
280.000000
519.000000
763.000000
951.000000
1099.000000
1431.000000
1752.000000
2049.000000
1980.000000
1381.000000
66.000000
-1802.000000
-3309.000000
-3816.000000
-2991.000000
-1458.000000
101.000000
1126.000000
1185.000000
141.000000
-1742.000000
-3524.000000
-4585.000000
-4832.000000
-4557.000000
-3799.000000
-2528.000000
-1307.000000
-645.000000
-550.000000
-415.000000
-133.000000
-72.000000
-407.000000
-634.000000
-387.000000
73.000000
410.000000
729.000000
1422.000000
2145.000000
2349.000000
1822.000000
1067.000000
505.000000
10.000000
-422.000000
-692.000000
-532.000000
-188.000000
-59.000000
-176.000000
-518.000000
-870.000000
-1294.000000
-1698.000000
-1988.000000
-2125.000000
-2146.000000
-2077.000000
-1776.000000
-1346.000000
-900.000000
-568.000000
-310.000000
-64.000000
184.000000
429.000000
674.000000
930.000000
1180.000000
1394.000000
1586.000000
1707.000000
1776.000000
1908.000000
2221.000000
2584.000000
2742.000000
2640.000000
2515.000000
2452.000000
2372.000000
2129.000000
1755.000000
1331.000000
777.000000
119.000000
-486.000000
-722.000000
-589.000000
-335.000000
-247.000000
-375.000000
-485.000000
-531.000000
-489.000000
-492.000000
-489.000000
-356.000000
-212.000000
5.000000
219.000000
505.000000
796.000000
989.000000
1003.000000
794.000000
524.000000
195.000000
-47.000000
-231.000000
-368.000000
-370.000000
-288.000000
-17.000000
218.000000
366.000000
418.000000
414.000000
377.000000
248.000000
117.000000
-15.000000
-51.000000
-116.000000
-192.000000
-285.000000
-418.000000
-511.000000
-492.000000
-300.000000
-79.000000
90.000000
91.000000
-6.000000
-117.000000
-224.000000
-254.000000
-185.000000
12.000000
148.000000
165.000000
128.000000
180.000000
276.000000
210.000000
16.000000
-153.000000
-135.000000
-64.000000
-9.000000
42.000000
102.000000
127.000000
-38.000000
-291.000000
-567.000000
-786.000000
-908.000000
-922.000000
-827.000000
-834.000000
-962.000000
-1197.000000
-1396.000000
-1565.000000
-1775.000000
-1938.000000
-1966.000000
-1793.000000
-1525.000000
-1279.000000
-1027.000000
-768.000000
-449.000000
-269.000000
-249.000000
-289.000000
-295.000000
-168.000000
2.000000
231.000000
434.000000
588.000000
656.000000
589.000000
445.000000
180.000000
-71.000000
-267.000000
-390.000000
-350.000000
-175.000000
195.000000
561.000000
853.000000
974.000000
897.000000
671.000000
254.000000
-101.000000
-281.000000
-217.000000
49.000000
366.000000
712.000000
830.000000
716.000000
395.000000
72.000000
-75.000000
-80.000000
101.000000
430.000000
959.000000
1518.000000
1795.000000
1710.000000
1383.000000
1112.000000
958.000000
801.000000
576.000000
371.000000
378.000000
559.000000
827.000000
1090.000000
1249.000000
1253.000000
1044.000000
697.000000
277.000000
-86.000000
-266.000000
-254.000000
-64.000000
152.000000
325.000000
382.000000
312.000000
130.000000
-121.000000
-369.000000
-590.000000
-770.000000
-906.000000
-926.000000
-840.000000
-646.000000
-393.000000
-94.000000
177.000000
256.000000
89.000000
-295.000000
-610.000000
-788.000000
-763.000000
-592.000000
-301.000000
103.000000
314.000000
275.000000
7.000000
-220.000000
-352.000000
-442.000000
-460.000000
-459.000000
-384.000000
-462.000000
-613.000000
-683.000000
-578.000000
-343.000000
-207.000000
-194.000000
-319.000000
-351.000000
-259.000000
-17.000000
305.000000
582.000000
811.000000
860.000000
781.000000
655.000000
575.000000
577.000000
652.000000
814.000000
983.000000
1037.000000
864.000000
509.000000
177.000000
-91.000000
-323.000000
-570.000000
-780.000000
-896.000000
-997.000000
-1056.000000
-1039.000000
-899.000000
-755.000000
-821.000000
-1042.000000
-1291.000000
-1392.000000
-1375.000000
-1257.000000
-979.000000
-617.000000
-299.000000
-209.000000
-282.000000
-421.000000
-550.000000
-651.000000
-710.000000
-607.000000
-389.000000
-152.000000
76.000000
357.000000
669.000000
830.000000
800.000000
649.000000
477.000000
312.000000
195.000000
236.000000
458.000000
782.000000
1054.000000
1142.000000
1096.000000
880.000000
539.000000
141.000000
-204.000000
-340.000000
-315.000000
-168.000000
-43.000000
115.000000
282.000000
419.000000
468.000000
321.000000
94.000000
-191.000000
-343.000000
-358.000000
-220.000000
33.000000
347.000000
681.000000
852.000000
849.000000
664.000000
490.000000
328.000000
177.000000
69.000000
45.000000
200.000000
385.000000
583.000000
704.000000
805.000000
888.000000
848.000000
742.000000
547.000000
400.000000
258.000000
153.000000
62.000000
36.000000
101.000000
113.000000
55.000000
-117.000000
-291.000000
-439.000000
-556.000000
-674.000000
-757.000000
-751.000000
-707.000000
-643.000000
-635.000000
-564.000000
-436.000000
-249.000000
-93.000000
-74.000000
-98.000000
-85.000000
-28.000000
-94.000000
-237.000000
-376.000000
-441.000000
-491.000000
-610.000000
-651.000000
-549.000000
-327.000000
-175.000000
-217.000000
-344.000000
-453.000000
-487.000000
-481.000000
-352.000000
-67.000000
320.000000
681.000000
873.000000
934.000000
856.000000
737.000000
575.000000
373.000000
148.000000
-72.000000
-200.000000
-226.000000
-144.000000
-13.000000
85.000000
141.000000
119.000000
70.000000
20.000000
-2.000000
-50.000000
-155.000000
-226.000000
-172.000000
23.000000
274.000000
505.000000
660.000000
637.000000
424.000000
82.000000
-203.000000
-339.000000
-418.000000
-471.000000
-460.000000
-333.000000
-217.000000
-213.000000
-288.000000
-360.000000
-401.000000
-483.000000
-570.000000
-534.000000
-318.000000
-43.000000
145.000000
213.000000
247.000000
293.000000
294.000000
242.000000
97.000000
-51.000000
-134.000000
-128.000000
-42.000000
27.000000
49.000000
31.000000
-14.000000
-122.000000
-283.000000
-385.000000
-316.000000
-132.000000
37.000000
125.000000
197.000000
284.000000
347.000000
367.000000
329.000000
346.000000
409.000000
465.000000
428.000000
320.000000
239.000000
192.000000
160.000000
41.000000
-85.000000
-193.000000
-252.000000
-273.000000
-275.000000
-218.000000
-106.000000
49.000000
147.000000
191.000000
194.000000
150.000000
102.000000
55.000000
24.000000
33.000000
72.000000
118.000000
148.000000
163.000000
155.000000
106.000000
26.000000
-121.000000
-249.000000
-294.000000
-265.000000
-158.000000
-22.000000
201.000000
452.000000
640.000000
677.000000
551.000000
416.000000
284.000000
186.000000
79.000000
-1.000000
-30.000000
-99.000000
-200.000000
-343.000000
-414.000000
-465.000000
-520.000000
-571.000000
-622.000000
-582.000000
-561.000000
-503.000000
-395.000000
-231.000000
-6.000000
175.000000
324.000000
322.000000
184.000000
-83.000000
-329.000000
-420.000000
-391.000000
-307.000000
-237.000000
-96.000000
1.000000
20.000000
-47.000000
-135.000000
-188.000000
-233.000000
-263.000000
-244.000000
-82.000000
147.000000
356.000000
505.000000
595.000000
647.000000
626.000000
540.000000
409.000000
270.000000
179.000000
156.000000
220.000000
275.000000
248.000000
126.000000
-34.000000
-150.000000
-244.000000
-266.000000
-237.000000
-118.000000
17.000000
70.000000
80.000000
67.000000
102.000000
114.000000
60.000000
-32.000000
-54.000000
59.000000
224.000000
397.000000
478.000000
461.000000
347.000000
120.000000
-134.000000
-398.000000
-529.000000
-513.000000
-386.000000
-244.000000
-133.000000
-23.000000
73.000000
138.000000
147.000000
137.000000
100.000000
56.000000
-2.000000
-41.000000
30.000000
165.000000
287.000000
335.000000
336.000000
246.000000
84.000000
-135.000000
-340.000000
-462.000000
-494.000000
-449.000000
-396.000000
-319.000000
-267.000000
-247.000000
-275.000000
-304.000000
-315.000000
-356.000000
-412.000000
-493.000000
-566.000000
-558.000000
-442.000000
-233.000000
-93.000000
-82.000000
-194.000000
-329.000000
-430.000000
-478.000000
-419.000000
-285.000000
-75.000000
129.000000
267.000000
366.000000
452.000000
533.000000
576.000000
596.000000
586.000000
515.000000
413.000000
320.000000
309.000000
361.000000
420.000000
411.000000
316.000000
191.000000
67.000000
-32.000000
-75.000000
-31.000000
64.000000
147.000000
195.000000
214.000000
240.000000
299.000000
326.000000
326.000000
300.000000
270.000000
189.000000
55.000000
-59.000000
-136.000000
-138.000000
-133.000000
-159.000000
-192.000000
-193.000000
-118.000000
-29.000000
70.000000
121.000000
108.000000
91.000000
26.000000
-19.000000
-65.000000
-49.000000
8.000000
92.000000
208.000000
273.000000
314.000000
235.000000
63.000000
-120.000000
-235.000000
-257.000000
-275.000000
-306.000000
-369.000000
-359.000000
-296.000000
-234.000000
-159.000000
-107.000000
-69.000000
-151.000000
-326.000000
-505.000000
-551.000000
-363.000000
-83.000000
179.000000
326.000000
384.000000
379.000000
320.000000
232.000000
110.000000
-13.000000
-144.000000
-300.000000
-394.000000
-386.000000
-261.000000
-88.000000
60.000000
184.000000
235.000000
222.000000
106.000000
-11.000000
-48.000000
20.000000
166.000000
295.000000
438.000000
522.000000
553.000000
542.000000
502.000000
447.000000
329.000000
169.000000
-7.000000
-117.000000
-167.000000
-185.000000
-187.000000
-173.000000
-142.000000
-143.000000
-190.000000
-240.000000
-232.000000
-182.000000
-126.000000
-97.000000
-80.000000
-49.000000
-41.000000
-105.000000
-222.000000
-300.000000
-314.000000
-311.000000
-337.000000
-346.000000
-302.000000
-264.000000
-243.000000
-250.000000
-250.000000
-260.000000
-315.000000
-341.000000
-298.000000
-149.000000
-5.000000
101.000000
167.000000
152.000000
88.000000
-5.000000
-47.000000
-37.000000
-15.000000
-19.000000
-21.000000
43.000000
115.000000
165.000000
143.000000
104.000000
63.000000
24.000000
-20.000000
-46.000000
8.000000
141.000000
331.000000
485.000000
537.000000
471.000000
363.000000
235.000000
93.000000
-49.000000
-114.000000
-62.000000
32.000000
133.000000
237.000000
353.000000
439.000000
465.000000
394.000000
253.000000
106.000000
-30.000000
-96.000000
-30.000000
153.000000
377.000000
514.000000
552.000000
511.000000
408.000000
263.000000
97.000000
-2.000000
-58.000000
-73.000000
-69.000000
-56.000000
-28.000000
-45.000000
-84.000000
-173.000000
-251.000000
-337.000000
-385.000000
-349.000000
-293.000000
-203.000000
-127.000000
-45.000000
8.000000
10.000000
-59.000000
-139.000000
-161.000000
-146.000000
-96.000000
-79.000000
-92.000000
-133.000000
-191.000000
-255.000000
-285.000000
-251.000000
-220.000000
-203.000000
-225.000000
-221.000000
-182.000000
-140.000000
-83.000000
-46.000000
28.000000
90.000000
132.000000
150.000000
118.000000
101.000000
101.000000
137.000000
183.000000
195.000000
139.000000
29.000000
-65.000000
-141.000000
-195.000000
-200.000000
-167.000000
-92.000000
-37.000000
-14.000000
-27.000000
-12.000000
47.000000
98.000000
119.000000
98.000000
64.000000
26.000000
-9.000000
-20.000000
5.000000
73.000000
124.000000
114.000000
28.000000
-90.000000
-211.000000
-300.000000
-322.000000
-326.000000
-294.000000
-250.000000
-191.000000
-137.000000
-83.000000
-26.000000
27.000000
108.000000
166.000000
171.000000
142.000000
104.000000
86.000000
72.000000
70.000000
67.000000
44.000000
-3.000000
-64.000000
-103.000000
-118.000000
-111.000000
-88.000000
-74.000000
-32.000000
39.000000
68.000000
97.000000
125.000000
168.000000
189.000000
173.000000
164.000000
182.000000
220.000000
234.000000
215.000000
173.000000
136.000000
102.000000
77.000000
83.000000
106.000000
125.000000
96.000000
36.000000
-26.000000
-53.000000
-29.000000
22.000000
107.000000
188.000000
249.000000
301.000000
332.000000
344.000000
295.000000
187.000000
53.000000
-85.000000
-226.000000
-320.000000
-330.000000
-251.000000
-118.000000
19.000000
130.000000
173.000000
199.000000
188.000000
146.000000
103.000000
72.000000
64.000000
87.000000
133.000000
172.000000
217.000000
240.000000
214.000000
110.000000
-33.000000
-189.000000
-317.000000
-377.000000
-414.000000
-379.000000
-307.000000
-229.000000
-178.000000
-175.000000
-161.000000
-161.000000
-122.000000
-92.000000
-50.000000
-2.000000
38.000000
77.000000
67.000000
22.000000
-48.000000
-85.000000
-97.000000
-101.000000
-94.000000
-105.000000
-147.000000
-189.000000
-194.000000
-183.000000
-139.000000
-109.000000
-99.000000
-116.000000
-142.000000
-119.000000
-85.000000
-11.000000
57.000000
75.000000
61.000000
46.000000
45.000000
31.000000
-19.000000
-72.000000
-123.000000
-153.000000
-175.000000
-211.000000
-227.000000
-237.000000
-221.000000
-203.000000
-211.000000
-235.000000
-232.000000
-181.000000
-103.000000
5.000000
143.000000
269.000000
345.000000
355.000000
330.000000
288.000000
250.000000
220.000000
165.000000
138.000000
112.000000
87.000000
52.000000
22.000000
-3.000000
-52.000000
-96.000000
-168.000000
-211.000000
-220.000000
-155.000000
-17.000000
143.000000
285.000000
348.000000
344.000000
287.000000
209.000000
108.000000
17.000000
-21.000000
-21.000000
-6.000000
-22.000000
-25.000000
-8.000000
3.000000
10.000000
-9.000000
-48.000000
-82.000000
-100.000000
-66.000000
18.000000
158.000000
317.000000
418.000000
440.000000
377.000000
242.000000
99.000000
-5.000000
-47.000000
-65.000000
-78.000000
-83.000000
-85.000000
-82.000000
-71.000000
-76.000000
-86.000000
-60.000000
-26.000000
11.000000
43.000000
96.000000
161.000000
216.000000
276.000000
293.000000
257.000000
193.000000
104.000000
35.000000
6.000000
-11.000000
-10.000000
-21.000000
-18.000000
-18.000000
-41.000000
-70.000000
-95.000000
-119.000000
-141.000000
-126.000000
-102.000000
-36.000000
56.000000
143.000000
189.000000
161.000000
124.000000
72.000000
27.000000
-33.000000
-109.000000
-161.000000
-185.000000
-165.000000
-158.000000
-130.000000
-111.000000
-104.000000
-89.000000
-134.000000
-161.000000
-198.000000
-205.000000
-192.000000
-206.000000
-218.000000
-203.000000
-140.000000
-76.000000
-58.000000
-95.000000
-139.000000
-142.000000
-134.000000
-143.000000
-179.000000
-210.000000
-214.000000
-240.000000
-282.000000
-313.000000
-292.000000
-241.000000
-199.000000
-158.000000
-104.000000
-35.000000
1.000000
4.000000
23.000000
73.000000
132.000000
189.000000
223.000000
238.000000
232.000000
201.000000
154.000000
88.000000
34.000000
1.000000
-46.000000
-83.000000
-127.000000
-143.000000
-135.000000
-83.000000
-11.000000
57.000000
115.000000
128.000000
166.000000
194.000000
223.000000
218.000000
198.000000
173.000000
149.000000
134.000000
109.000000
117.000000
114.000000
106.000000
88.000000
68.000000
71.000000
105.000000
167.000000
233.000000
306.000000
346.000000
339.000000
321.000000
322.000000
328.000000
299.000000
238.000000
171.000000
107.000000
46.000000
-9.000000
-37.000000
-34.000000
-56.000000
-85.000000
-104.000000
-115.000000
-113.000000
-108.000000
-82.000000
-43.000000
22.000000
98.000000
145.000000
172.000000
160.000000
133.000000
101.000000
35.000000
-54.000000
-163.000000
-228.000000
-235.000000
-198.000000
-155.000000
-125.000000
-91.000000
-92.000000
-155.000000
-240.000000
-299.000000
-303.000000
-301.000000
-295.000000
-271.000000
-218.000000
-141.000000
-103.000000
-89.000000
-76.000000
-73.000000
-104.000000
-153.000000
-209.000000
-227.000000
-216.000000
-178.000000
-97.000000
-12.000000
53.000000
78.000000
68.000000
41.000000
9.000000
-9.000000
-10.000000
25.000000
63.000000
71.000000
43.000000
19.000000
5.000000
-6.000000
-3.000000
-5.000000
0.000000
-1.000000
-5.000000
-6.000000
6.000000
51.000000
48.000000
2.000000
-41.000000
-89.000000
-106.000000
-112.000000
-113.000000
-86.000000
-26.000000
41.000000
93.000000
130.000000
149.000000
166.000000
181.000000
196.000000
184.000000
159.000000
120.000000
73.000000
41.000000
19.000000
14.000000
26.000000
0.000000
-59.000000
-114.000000
-132.000000
-88.000000
-37.000000
4.000000
31.000000
49.000000
38.000000
18.000000
16.000000
31.000000
59.000000
74.000000
74.000000
65.000000
31.000000
-7.000000
-33.000000
-29.000000
13.000000
68.000000
117.000000
160.000000
217.000000
257.000000
297.000000
326.000000
367.000000
395.000000
385.000000
333.000000
248.000000
162.000000
83.000000
35.000000
-1.000000
-24.000000
-42.000000
-62.000000
-86.000000
-112.000000
-102.000000
-64.000000
-30.000000
-10.000000
-8.000000
-17.000000
-22.000000
-16.000000
10.000000
42.000000
65.000000
63.000000
26.000000
-40.000000
-91.000000
-134.000000
-156.000000
-178.000000
-195.000000
-199.000000
-199.000000
-183.000000
-143.000000
-89.000000
-49.000000
-22.000000
-37.000000
-78.000000
-118.000000
-161.000000
-192.000000
-215.000000
-219.000000
-201.000000
-180.000000
-164.000000
-163.000000
-166.000000
-152.000000
-102.000000
-58.000000
-28.000000
-19.000000
-33.000000
-46.000000
-78.000000
-104.000000
-94.000000
-53.000000
7.000000
48.000000
69.000000
56.000000
17.000000
-20.000000
-62.000000
-61.000000
-56.000000
-68.000000
-72.000000
-79.000000
-56.000000
-36.000000
-10.000000
-3.000000
-7.000000
-10.000000
-13.000000
6.000000
25.000000
51.000000
64.000000
75.000000
97.000000
100.000000
109.000000
115.000000
128.000000
154.000000
168.000000
137.000000
67.000000
7.000000
-25.000000
-18.000000
7.000000
12.000000
23.000000
13.000000
17.000000
45.000000
80.000000
143.000000
197.000000
230.000000
226.000000
201.000000
163.000000
132.000000
121.000000
116.000000
98.000000
34.000000
-51.000000
-114.000000
-158.000000
-165.000000
-119.000000
-39.000000
67.000000
156.000000
194.000000
191.000000
198.000000
237.000000
278.000000
309.000000
308.000000
286.000000
255.000000
208.000000
158.000000
128.000000
101.000000
41.000000
-25.000000
-114.000000
-209.000000
-276.000000
-306.000000
-272.000000
-199.000000
-111.000000
-69.000000
-31.000000
18.000000
48.000000
65.000000
40.000000
12.000000
-21.000000
-57.000000
-115.000000
-170.000000
-201.000000
-229.000000
-244.000000
-269.000000
-284.000000
-292.000000
-292.000000
-265.000000
-237.000000
-172.000000
-101.000000
-25.000000
32.000000
46.000000
67.000000
79.000000
91.000000
83.000000
39.000000
1.000000
-32.000000
-68.000000
-91.000000
-127.000000
-137.000000
-131.000000
-108.000000
-67.000000
-39.000000
-13.000000
-2.000000
4.000000
15.000000
47.000000
93.000000
135.000000
150.000000
130.000000
87.000000
28.000000
-12.000000
-26.000000
-41.000000
-61.000000
-71.000000
-81.000000
-81.000000
-78.000000
-73.000000
-38.000000
-2.000000
33.000000
50.000000
57.000000
68.000000
81.000000
77.000000
50.000000
37.000000
28.000000
37.000000
38.000000
48.000000
67.000000
71.000000
81.000000
71.000000
55.000000
27.000000
-15.000000
-58.000000
-95.000000
-103.000000
-95.000000
-72.000000
-11.000000
65.000000
113.000000
153.000000
164.000000
163.000000
147.000000
119.000000
103.000000
105.000000
121.000000
145.000000
165.000000
184.000000
189.000000
153.000000
102.000000
40.000000
-23.000000
-55.000000
-74.000000
-68.000000
-37.000000
11.000000
66.000000
118.000000
166.000000
199.000000
219.000000
196.000000
159.000000
123.000000
86.000000
58.000000
36.000000
-13.000000
-73.000000
-109.000000
-150.000000
-194.000000
-220.000000
-228.000000
-229.000000
-206.000000
-185.000000
-179.000000
-160.000000
-137.000000
-109.000000
-90.000000
-79.000000
-80.000000
-95.000000
-112.000000
-130.000000
-161.000000
-162.000000
-144.000000
-137.000000
-123.000000
-108.000000
-91.000000
-86.000000
-99.000000
-119.000000
-102.000000
-61.000000
-28.000000
5.000000
41.000000
74.000000
90.000000
84.000000
42.000000
11.000000
-2.000000
-14.000000
-10.000000
-12.000000
-5.000000
17.000000
41.000000
41.000000
32.000000
12.000000
-3.000000
-19.000000
-50.000000
-58.000000
-53.000000
-45.000000
-22.000000
-3.000000
7.000000
24.000000
13.000000
4.000000
16.000000
54.000000
107.000000
142.000000
176.000000
196.000000
205.000000
195.000000
168.000000
133.000000
88.000000
47.000000
10.000000
-11.000000
-10.000000
8.000000
21.000000
41.000000
60.000000
77.000000
94.000000
110.000000
119.000000
129.000000
155.000000
183.000000
205.000000
221.000000
205.000000
164.000000
118.000000
51.000000
-8.000000
-65.000000
-120.000000
-149.000000
-154.000000
-159.000000
-148.000000
-103.000000
-37.000000
40.000000
105.000000
159.000000
191.000000
203.000000
193.000000
176.000000
139.000000
77.000000
27.000000
-37.000000
-97.000000
-145.000000
-174.000000
-173.000000
-171.000000
-177.000000
-191.000000
-184.000000
-192.000000
-193.000000
-165.000000
-122.000000
-31.000000
47.000000
96.000000
114.000000
95.000000
47.000000
-27.000000
-133.000000
-223.000000
-291.000000
-340.000000
-367.000000
-397.000000
-385.000000
-349.000000
-291.000000
-225.000000
-168.000000
-120.000000
-77.000000
-51.000000
-35.000000
-7.000000
35.000000
68.000000
93.000000
94.000000
70.000000
57.000000
30.000000
13.000000
17.000000
20.000000
33.000000
53.000000
79.000000
114.000000
132.000000
161.000000
181.000000
190.000000
187.000000
162.000000
147.000000
136.000000
115.000000
97.000000
81.000000
76.000000
69.000000
38.000000
5.000000
-38.000000
-77.000000
-111.000000
-138.000000
-161.000000
-175.000000
-150.000000
-97.000000
-41.000000
24.000000
75.000000
107.000000
118.000000
102.000000
88.000000
75.000000
59.000000
43.000000
31.000000
24.000000
10.000000
15.000000
9.000000
-6.000000
14.000000
49.000000
78.000000
98.000000
105.000000
97.000000
89.000000
81.000000
78.000000
93.000000
116.000000
131.000000
153.000000
164.000000
165.000000
166.000000
153.000000
142.000000
111.000000
59.000000
16.000000
-18.000000
-27.000000
-27.000000
-23.000000
-28.000000
-35.000000
-29.000000
-40.000000
-37.000000
-14.000000
9.000000
33.000000
37.000000
31.000000
20.000000
0.000000
-30.000000
-74.000000
-111.000000
-112.000000
-93.000000
-76.000000
-46.000000
-29.000000
-16.000000
-14.000000
-32.000000
-66.000000
-99.000000
-132.000000
-179.000000
-203.000000
-195.000000
-170.000000
-155.000000
-150.000000
-151.000000
-151.000000
-154.000000
-171.000000
-180.000000
-178.000000
-155.000000
-143.000000
-125.000000
-109.000000
-97.000000
-82.000000
-65.000000
-46.000000
-42.000000
-49.000000
-87.000000
-110.000000
-130.000000
-123.000000
-101.000000
-61.000000
1.000000
35.000000
72.000000
87.000000
101.000000
124.000000
137.000000
173.000000
211.000000
242.000000
261.000000
264.000000
259.000000
264.000000
261.000000
229.000000
163.000000
93.000000
34.000000
-16.000000
-46.000000
-53.000000
-38.000000
-2.000000
12.000000
6.000000
-15.000000
-42.000000
-47.000000
-33.000000
19.000000
81.000000
133.000000
198.000000
244.000000
247.000000
217.000000
139.000000
24.000000
-94.000000
-203.000000
-258.000000
-249.000000
-215.000000
-164.000000
-100.000000
-25.000000
36.000000
71.000000
86.000000
102.000000
116.000000
139.000000
170.000000
198.000000
234.000000
252.000000
263.000000
242.000000
202.000000
141.000000
59.000000
-23.000000
-103.000000
-145.000000
-164.000000
-163.000000
-165.000000
-167.000000
-153.000000
-121.000000
-74.000000
-39.000000
-9.000000
32.000000
80.000000
111.000000
113.000000
90.000000
50.000000
35.000000
11.000000
-37.000000
-99.000000
-157.000000
-189.000000
-211.000000
-233.000000
-239.000000
-227.000000
-215.000000
-201.000000
-177.000000
-133.000000
-94.000000
-76.000000
-73.000000
-78.000000
-95.000000
-100.000000
-92.000000
-85.000000
-51.000000
6.000000
49.000000
41.000000
9.000000
-33.000000
-62.000000
-78.000000
-106.000000
-133.000000
-133.000000
-116.000000
-77.000000
-38.000000
-20.000000
-6.000000
-1.000000
-1.000000
-16.000000
-42.000000
-54.000000
-40.000000
15.000000
96.000000
171.000000
232.000000
277.000000
296.000000
302.000000
297.000000
255.000000
193.000000
123.000000
56.000000
15.000000
-5.000000
-28.000000
-48.000000
-64.000000
-83.000000
-106.000000
-108.000000
-82.000000
-43.000000
24.000000
121.000000
220.000000
275.000000
312.000000
331.000000
319.000000
290.000000
237.000000
163.000000
84.000000
-4.000000
-95.000000
-178.000000
-245.000000
-294.000000
-327.000000
-318.000000
-296.000000
-241.000000
-162.000000
-78.000000
9.000000
88.000000
163.000000
220.000000
271.000000
299.000000
293.000000
274.000000
230.000000
186.000000
138.000000
73.000000
10.000000
-60.000000
-116.000000
-158.000000
-196.000000
-197.000000
-170.000000
-124.000000
-67.000000
-19.000000
23.000000
60.000000
74.000000
98.000000
144.000000
184.000000
204.000000
182.000000
117.000000
41.000000
-33.000000
-115.000000
-211.000000
-295.000000
-333.000000
-325.000000
-288.000000
-268.000000
-247.000000
-206.000000
-166.000000
-137.000000
-136.000000
-153.000000
-160.000000
-130.000000
-76.000000
-33.000000
-18.000000
-24.000000
-42.000000
-88.000000
-105.000000
-108.000000
-119.000000
-94.000000
-49.000000
5.000000
56.000000
63.000000
35.000000
-2.000000
-33.000000
-39.000000
-44.000000
-38.000000
-16.000000
52.000000
137.000000
175.000000
184.000000
152.000000
120.000000
93.000000
88.000000
103.000000
130.000000
174.000000
212.000000
248.000000
247.000000
215.000000
177.000000
140.000000
123.000000
112.000000
78.000000
24.000000
-31.000000
-79.000000
-117.000000
-161.000000
-201.000000
-214.000000
-192.000000
-133.000000
-47.000000
60.000000
165.000000
249.000000
288.000000
292.000000
268.000000
213.000000
152.000000
100.000000
63.000000
37.000000
-4.000000
-68.000000
-132.000000
-191.000000
-235.000000
-269.000000
-272.000000
-252.000000
-196.000000
-110.000000
-27.000000
48.000000
117.000000
162.000000
182.000000
200.000000
204.000000
199.000000
201.000000
205.000000
187.000000
126.000000
37.000000
-49.000000
-123.000000
-184.000000
-245.000000
-276.000000
-268.000000
-223.000000
-169.000000
-120.000000
-77.000000
-31.000000
18.000000
67.000000
110.000000
149.000000
186.000000
222.000000
229.000000
190.000000
131.000000
54.000000
-37.000000
-105.000000
-155.000000
-190.000000
-209.000000
-219.000000
-222.000000
-214.000000
-215.000000
-247.000000
-280.000000
-284.000000
-256.000000
-203.000000
-150.000000
-106.000000
-53.000000
-3.000000
50.000000
67.000000
55.000000
32.000000
17.000000
37.000000
56.000000
88.000000
112.000000
120.000000
84.000000
25.000000
-36.000000
-96.000000
-152.000000
-162.000000
-114.000000
-41.000000
24.000000
71.000000
104.000000
138.000000
184.000000
231.000000
270.000000
315.000000
389.000000
450.000000
479.000000
461.000000
376.000000
264.000000
147.000000
38.000000
-57.000000
-152.000000
-198.000000
-194.000000
-182.000000
-167.000000
-166.000000
-182.000000
-199.000000
-187.000000
-129.000000
-46.000000
55.000000
157.000000
249.000000
321.000000
343.000000
310.000000
243.000000
151.000000
58.000000
-23.000000
-95.000000
-180.000000
-262.000000
-311.000000
-353.000000
-377.000000
-368.000000
-340.000000
-264.000000
-155.000000
-33.000000
86.000000
178.000000
241.000000
265.000000
258.000000
259.000000
235.000000
187.000000
138.000000
74.000000
8.000000
-69.000000
-171.000000
-253.000000
-334.000000
-383.000000
-382.000000
-363.000000
-312.000000
-241.000000
-150.000000
-73.000000
-15.000000
27.000000
70.000000
104.000000
121.000000
150.000000
182.000000
205.000000
203.000000
167.000000
126.000000
67.000000
-23.000000
-112.000000
-186.000000
-239.000000
-262.000000
-252.000000
-222.000000
-180.000000
-124.000000
-83.000000
-61.000000
-42.000000
-17.000000
15.000000
52.000000
98.000000
134.000000
166.000000
181.000000
160.000000
96.000000
38.000000
13.000000
-2.000000
-24.000000
-51.000000
-58.000000
-61.000000
-72.000000
-76.000000
-73.000000
-64.000000
-31.000000
27.000000
99.000000
151.000000
196.000000
237.000000
271.000000
290.000000
276.000000
259.000000
229.000000
199.000000
204.000000
203.000000
181.000000
124.000000
45.000000
-38.000000
-112.000000
-155.000000
-163.000000
-141.000000
-91.000000
-23.000000
44.000000
69.000000
54.000000
35.000000
18.000000
44.000000
71.000000
104.000000
153.000000
195.000000
216.000000
208.000000
157.000000
60.000000
-28.000000
-105.000000
-171.000000
-196.000000
-176.000000
-144.000000
-106.000000
-74.000000
-59.000000
-66.000000
-100.000000
-141.000000
-153.000000
-142.000000
-86.000000
-24.000000
20.000000
66.000000
69.000000
54.000000
24.000000
-37.000000
-99.000000
-138.000000
-150.000000
-136.000000
-118.000000
-115.000000
-117.000000
-133.000000
-157.000000
-207.000000
-242.000000
-251.000000
-217.000000
-154.000000
-72.000000
15.000000
76.000000
93.000000
63.000000
2.000000
-66.000000
-109.000000
-127.000000
-103.000000
-60.000000
-14.000000
24.000000
23.000000
-23.000000
-101.000000
-178.000000
-197.000000
-175.000000
-128.000000
-58.000000
5.000000
46.000000
58.000000
43.000000
12.000000
6.000000
20.000000
61.000000
134.000000
201.000000
235.000000
229.000000
195.000000
148.000000
91.000000
27.000000
-20.000000
-29.000000
2.000000
67.000000
122.000000
149.000000
143.000000
140.000000
124.000000
106.000000
95.000000
102.000000
116.000000
138.000000
170.000000
175.000000
167.000000
135.000000
106.000000
91.000000
97.000000
102.000000
96.000000
85.000000
95.000000
112.000000
111.000000
89.000000
44.000000
17.000000
1.000000
-7.000000
-13.000000
-16.000000
-3.000000
34.000000
54.000000
44.000000
14.000000
-34.000000
-103.000000
-152.000000
-143.000000
-99.000000
-41.000000
17.000000
54.000000
54.000000
19.000000
-41.000000
-110.000000
-166.000000
-171.000000
-140.000000
-102.000000
-87.000000
-77.000000
-67.000000
-80.000000
-102.000000
-120.000000
-123.000000
-107.000000
-73.000000
-23.000000
55.000000
116.000000
138.000000
119.000000
74.000000
-7.000000
-101.000000
-172.000000
-203.000000
-199.000000
-172.000000
-128.000000
-103.000000
-97.000000
-122.000000
-155.000000
-158.000000
-129.000000
-113.000000
-75.000000
-21.000000
17.000000
44.000000
54.000000
62.000000
43.000000
-6.000000
-53.000000
-80.000000
-93.000000
-95.000000
-97.000000
-90.000000
-86.000000
-80.000000
-73.000000
-72.000000
-58.000000
-33.000000
35.000000
118.000000
162.000000
187.000000
173.000000
147.000000
119.000000
87.000000
66.000000
61.000000
68.000000
67.000000
55.000000
26.000000
-29.000000
-81.000000
-113.000000
-122.000000
-114.000000
-87.000000
-57.000000
-47.000000
-22.000000
3.000000
10.000000
-5.000000
-25.000000
-21.000000
11.000000
51.000000
87.000000
123.000000
178.000000
221.000000
206.000000
165.000000
122.000000
97.000000
85.000000
92.000000
123.000000
157.000000
170.000000
136.000000
88.000000
55.000000
28.000000
23.000000
50.000000
99.000000
166.000000
226.000000
252.000000
244.000000
219.000000
201.000000
187.000000
160.000000
109.000000
58.000000
29.000000
13.000000
-9.000000
-62.000000
-112.000000
-163.000000
-221.000000
-261.000000
-265.000000
-220.000000
-110.000000
2.000000
97.000000
162.000000
196.000000
207.000000
191.000000
197.000000
193.000000
193.000000
181.000000
129.000000
49.000000
-34.000000
-139.000000
-235.000000
-295.000000
-348.000000
-370.000000
-377.000000
-372.000000
-324.000000
-257.000000
-179.000000
-101.000000
-38.000000
-6.000000
-4.000000
2.000000
7.000000
-6.000000
-20.000000
-30.000000
-66.000000
-122.000000
-209.000000
-285.000000
-320.000000
-301.000000
-261.000000
-203.000000
-111.000000
-34.000000
30.000000
59.000000
83.000000
119.000000
167.000000
220.000000
272.000000
322.000000
337.000000
310.000000
230.000000
131.000000
23.000000
-94.000000
-209.000000
-307.000000
-344.000000
-335.000000
-297.000000
-256.000000
-219.000000
-188.000000
-167.000000
-187.000000
-195.000000
-190.000000
-156.000000
-77.000000
-23.000000
20.000000
45.000000
48.000000
16.000000
-15.000000
-32.000000
-15.000000
39.000000
76.000000
117.000000
154.000000
200.000000
222.000000
201.000000
192.000000
205.000000
217.000000
216.000000
206.000000
240.000000
293.000000
322.000000
303.000000
257.000000
218.000000
179.000000
136.000000
114.000000
139.000000
185.000000
218.000000
232.000000
219.000000
185.000000
134.000000
86.000000
51.000000
50.000000
63.000000
90.000000
124.000000
131.000000
140.000000
147.000000
137.000000
107.000000
71.000000
69.000000
95.000000
128.000000
167.000000
223.000000
267.000000
256.000000
187.000000
78.000000
-48.000000
-137.000000
-164.000000
-133.000000
-78.000000
-18.000000
6.000000
-12.000000
-85.000000
-174.000000
-224.000000
-237.000000
-233.000000
-213.000000
-178.000000
-144.000000
-141.000000
-124.000000
-69.000000
28.000000
106.000000
150.000000
161.000000
99.000000
7.000000
-141.000000
-267.000000
-362.000000
-435.000000
-442.000000
-396.000000
-325.000000
-270.000000
-222.000000
-187.000000
-158.000000
-159.000000
-197.000000
-226.000000
-264.000000
-306.000000
-329.000000
-311.000000
-240.000000
-176.000000
-146.000000
-121.000000
-133.000000
-180.000000
-261.000000
-333.000000
-364.000000
-383.000000
-378.000000
-374.000000
-316.000000
-229.000000
-94.000000
41.000000
143.000000
199.000000
186.000000
113.000000
27.000000
-20.000000
-22.000000
21.000000
76.000000
115.000000
145.000000
153.000000
142.000000
158.000000
207.000000
239.000000
233.000000
213.000000
160.000000
92.000000
49.000000
86.000000
206.000000
321.000000
441.000000
498.000000
484.000000
395.000000
273.000000
197.000000
169.000000
192.000000
246.000000
307.000000
368.000000
368.000000
331.000000
266.000000
221.000000
193.000000
167.000000
135.000000
80.000000
24.000000
-24.000000
-47.000000
-66.000000
-63.000000
-42.000000
3.000000
74.000000
129.000000
206.000000
277.000000
312.000000
318.000000
267.000000
196.000000
99.000000
-10.000000
-55.000000
-53.000000
14.000000
95.000000
171.000000
239.000000
297.000000
327.000000
310.000000
253.000000
116.000000
-35.000000
-142.000000
-200.000000
-215.000000
-158.000000
-26.000000
108.000000
200.000000
199.000000
122.000000
-7.000000
-190.000000
-347.000000
-458.000000
-535.000000
-623.000000
-738.000000
-715.000000
-653.000000
-503.000000
-307.000000
-57.000000
156.000000
166.000000
45.000000
-224.000000
-602.000000
-940.000000
-1165.000000
-1112.000000
-899.000000
-543.000000
-156.000000
194.000000
443.000000
503.000000
439.000000
213.000000
-89.000000
-412.000000
-684.000000
-820.000000
-820.000000
-618.000000
-279.000000
86.000000
394.000000
585.000000
643.000000
509.000000
262.000000
17.000000
-173.000000
-308.000000
-403.000000
-344.000000
-218.000000
-52.000000
158.000000
384.000000
564.000000
584.000000
476.000000
302.000000
83.000000
-132.000000
-266.000000
-255.000000
-159.000000
-12.000000
160.000000
334.000000
462.000000
502.000000
521.000000
482.000000
359.000000
150.000000
-56.000000
-170.000000
-203.000000
-89.000000
126.000000
404.000000
610.000000
696.000000
666.000000
490.000000
238.000000
-17.000000
-185.000000
-229.000000
-185.000000
-46.000000
97.000000
228.000000
300.000000
346.000000
387.000000
368.000000
319.000000
240.000000
164.000000
87.000000
34.000000
44.000000
75.000000
130.000000
178.000000
233.000000
220.000000
141.000000
54.000000
1.000000
2.000000
-27.000000
-50.000000
-61.000000
-79.000000
-78.000000
-80.000000
-25.000000
45.000000
73.000000
9.000000
-124.000000
-256.000000
-392.000000
-539.000000
-626.000000
-601.000000
-484.000000
-372.000000
-274.000000
-170.000000
-74.000000
-8.000000
-9.000000
-40.000000
-124.000000
-218.000000
-292.000000
-297.000000
-242.000000
-183.000000
-51.000000
-30.000000
-39.000000
-120.000000
-180.000000
-198.000000
-204.000000
-125.000000
19.000000
137.000000
174.000000
138.000000
84.000000
9.000000
-62.000000
-110.000000
-149.000000
-202.000000
-294.000000
-321.000000
-320.000000
-300.000000
-260.000000
-199.000000
-168.000000
-196.000000
-249.000000
-251.000000
-217.000000
-202.000000
-132.000000
-4.000000
69.000000
73.000000
77.000000
93.000000
115.000000
104.000000
113.000000
106.000000
60.000000
-14.000000
-34.000000
-6.000000
26.000000
94.000000
174.000000
237.000000
226.000000
207.000000
197.000000
157.000000
129.000000
127.000000
188.000000
212.000000
214.000000
256.000000
309.000000
332.000000
334.000000
348.000000
325.000000
220.000000
113.000000
70.000000
71.000000
83.000000
155.000000
286.000000
371.000000
382.000000
329.000000
261.000000
174.000000
99.000000
95.000000
133.000000
182.000000
172.000000
146.000000
86.000000
-1.000000
-76.000000
-136.000000
-183.000000
-244.000000
-296.000000
-334.000000
-386.000000
-438.000000
-446.000000
-386.000000
-317.000000
-252.000000
-169.000000
-87.000000
-14.000000
18.000000
58.000000
80.000000
35.000000
-23.000000
-60.000000
-36.000000
-2.000000
78.000000
199.000000
288.000000
294.000000
225.000000
167.000000
112.000000
61.000000
66.000000
135.000000
170.000000
153.000000
96.000000
25.000000
-37.000000
-73.000000
-71.000000
-85.000000
-150.000000
-260.000000
-373.000000
-453.000000
-461.000000
-393.000000
-258.000000
-163.000000
-141.000000
-151.000000
-190.000000
-254.000000
-318.000000
-276.000000
-162.000000
-65.000000
-44.000000
-63.000000
-36.000000
-26.000000
-19.000000
24.000000
102.000000
154.000000
160.000000
167.000000
201.000000
213.000000
169.000000
127.000000
121.000000
115.000000
79.000000
48.000000
66.000000
77.000000
66.000000
22.000000
-52.000000
-136.000000
-188.000000
-160.000000
-73.000000
26.000000
94.000000
125.000000
122.000000
102.000000
92.000000
100.000000
123.000000
143.000000
163.000000
171.000000
110.000000
50.000000
36.000000
59.000000
96.000000
124.000000
163.000000
146.000000
50.000000
-61.000000
-106.000000
-122.000000
-173.000000
-191.000000
-142.000000
-93.000000
-110.000000
-173.000000
-183.000000
-161.000000
-129.000000
-75.000000
41.000000
149.000000
143.000000
73.000000
28.000000
11.000000
1.000000
38.000000
148.000000
253.000000
295.000000
280.000000
225.000000
189.000000
164.000000
181.000000
246.000000
315.000000
355.000000
335.000000
274.000000
190.000000
137.000000
91.000000
10.000000
-82.000000
-148.000000
-183.000000
-243.000000
-290.000000
-287.000000
-262.000000
-295.000000
-338.000000
-316.000000
-270.000000
-272.000000
-290.000000
-248.000000
-172.000000
-120.000000
-136.000000
-121.000000
-46.000000
35.000000
71.000000
65.000000
38.000000
-13.000000
-85.000000
-91.000000
-29.000000
37.000000
74.000000
64.000000
81.000000
110.000000
79.000000
20.000000
12.000000
38.000000
55.000000
28.000000
-47.000000
-118.000000
-180.000000
-203.000000
-163.000000
-117.000000
-100.000000
-121.000000
-111.000000
-60.000000
-9.000000
-13.000000
-62.000000
-91.000000
-77.000000
-50.000000
-61.000000
-15.000000
58.000000
113.000000
126.000000
113.000000
112.000000
61.000000
-30.000000
-62.000000
-28.000000
-6.000000
-84.000000
-175.000000
-144.000000
-81.000000
-41.000000
-14.000000
39.000000
57.000000
-9.000000
-85.000000
-72.000000
-16.000000
-10.000000
-5.000000
67.000000
162.000000
200.000000
197.000000
225.000000
297.000000
345.000000
350.000000
325.000000
319.000000
306.000000
300.000000
336.000000
434.000000
535.000000
529.000000
441.000000
350.000000
310.000000
236.000000
83.000000
-34.000000
-71.000000
-93.000000
-150.000000
-198.000000
-163.000000
-135.000000
-181.000000
-220.000000
-200.000000
-197.000000
-268.000000
-310.000000
-243.000000
-132.000000
-99.000000
-99.000000
-88.000000
-81.000000
-75.000000
-74.000000
-57.000000
-73.000000
-128.000000
-152.000000
-132.000000
-83.000000
-64.000000
-27.000000
43.000000
134.000000
221.000000
249.000000
224.000000
178.000000
134.000000
87.000000
13.000000
-61.000000
-106.000000
-131.000000
-140.000000
-121.000000
-99.000000
-122.000000
-197.000000
-217.000000
-156.000000
-127.000000
-167.000000
-216.000000
-184.000000
-134.000000
-97.000000
-22.000000
77.000000
132.000000
99.000000
45.000000
-3.000000
-70.000000
-168.000000
-224.000000
-197.000000
-155.000000
-171.000000
-236.000000
-285.000000
-274.000000
-223.000000
-173.000000
-150.000000
-129.000000
-116.000000
-132.000000
-152.000000
-126.000000
-62.000000
-58.000000
-102.000000
-92.000000
-6.000000
53.000000
51.000000
106.000000
229.000000
323.000000
327.000000
308.000000
335.000000
365.000000
379.000000
439.000000
522.000000
526.000000
425.000000
317.000000
304.000000
342.000000
361.000000
338.000000
327.000000
311.000000
245.000000
153.000000
67.000000
2.000000
-54.000000
-72.000000
-82.000000
-113.000000
-203.000000
-300.000000
-304.000000
-231.000000
-146.000000
-119.000000
-150.000000
-176.000000
-189.000000
-180.000000
-141.000000
-93.000000
-58.000000
-10.000000
62.000000
137.000000
178.000000
168.000000
138.000000
159.000000
191.000000
194.000000
132.000000
59.000000
52.000000
87.000000
113.000000
106.000000
69.000000
23.000000
-29.000000
-52.000000
-43.000000
-63.000000
-150.000000
-226.000000
-230.000000
-160.000000
-128.000000
-145.000000
-123.000000
-53.000000
-43.000000
-90.000000
-132.000000
-180.000000
-258.000000
-344.000000
-330.000000
-226.000000
-196.000000
-235.000000
-237.000000
-163.000000
-121.000000
-182.000000
-237.000000
-238.000000
-222.000000
-217.000000
-202.000000
-190.000000
-217.000000
-282.000000
-323.000000
-257.000000
-163.000000
-127.000000
-166.000000
-215.000000
-222.000000
-194.000000
-186.000000
-174.000000
-133.000000
-44.000000
44.000000
94.000000
144.000000
179.000000
219.000000
277.000000
394.000000
474.000000
417.000000
276.000000
190.000000
240.000000
344.000000
443.000000
475.000000
462.000000
427.000000
390.000000
347.000000
298.000000
245.000000
192.000000
177.000000
199.000000
182.000000
87.000000
-4.000000
-11.000000
83.000000
143.000000
90.000000
-27.000000
-111.000000
-130.000000
-96.000000
-23.000000
42.000000
41.000000
-5.000000
-5.000000
46.000000
58.000000
-6.000000
-19.000000
62.000000
164.000000
191.000000
150.000000
126.000000
122.000000
119.000000
172.000000
245.000000
236.000000
163.000000
150.000000
217.000000
242.000000
187.000000
109.000000
47.000000
14.000000
-27.000000
-47.000000
-50.000000
-89.000000
-112.000000
-95.000000
-78.000000
-109.000000
-187.000000
-249.000000
-275.000000
-275.000000
-264.000000
-286.000000
-343.000000
-386.000000
-389.000000
-336.000000
-290.000000
-268.000000
-255.000000
-246.000000
-245.000000
-260.000000
-267.000000
-300.000000
-349.000000
-362.000000
-325.000000
-262.000000
-238.000000
-256.000000
-259.000000
-231.000000
-176.000000
-122.000000
-84.000000
-47.000000
-17.000000
-10.000000
7.000000
40.000000
32.000000
-5.000000
2.000000
92.000000
172.000000
148.000000
59.000000
6.000000
43.000000
106.000000
148.000000
160.000000
143.000000
99.000000
47.000000
51.000000
85.000000
86.000000
74.000000
100.000000
162.000000
170.000000
90.000000
-17.000000
-53.000000
-11.000000
22.000000
3.000000
-62.000000
-121.000000
-115.000000
-83.000000
-52.000000
-42.000000
-81.000000
-109.000000
-101.000000
-12.000000
57.000000
72.000000
75.000000
123.000000
180.000000
190.000000
187.000000
188.000000
248.000000
326.000000
386.000000
418.000000
394.000000
353.000000
338.000000
381.000000
448.000000
448.000000
379.000000
289.000000
230.000000
196.000000
159.000000
154.000000
165.000000
183.000000
174.000000
132.000000
84.000000
23.000000
-24.000000
-49.000000
-39.000000
-31.000000
-76.000000
-164.000000
-238.000000
-259.000000
-269.000000
-276.000000
-268.000000
-257.000000
-275.000000
-310.000000
-305.000000
-273.000000
-273.000000
-289.000000
-260.000000
-163.000000
-58.000000
3.000000
23.000000
37.000000
24.000000
-33.000000
-72.000000
-57.000000
-37.000000
-51.000000
-47.000000
-1.000000
17.000000
-43.000000
-127.000000
-140.000000
-94.000000
-49.000000
-50.000000
-71.000000
-85.000000
-92.000000
-63.000000
-1.000000
44.000000
50.000000
40.000000
55.000000
88.000000
85.000000
35.000000
-23.000000
-44.000000
-40.000000
-45.000000
-66.000000
-94.000000
-99.000000
-60.000000
-41.000000
-50.000000
-92.000000
-137.000000
-154.000000
-130.000000
-75.000000
-60.000000
-102.000000
-152.000000
-156.000000
-116.000000
-70.000000
-73.000000
-85.000000
-84.000000
-101.000000
-143.000000
-199.000000
-202.000000
-162.000000
-90.000000
7.000000
64.000000
75.000000
50.000000
50.000000
99.000000
176.000000
241.000000
276.000000
282.000000
247.000000
230.000000
257.000000
259.000000
221.000000
212.000000
233.000000
234.000000
186.000000
134.000000
106.000000
69.000000
16.000000
-43.000000
-68.000000
-93.000000
-148.000000
-164.000000
-146.000000
-127.000000
-135.000000
-163.000000
-161.000000
-144.000000
-109.000000
-65.000000
-68.000000
-110.000000
-152.000000
-141.000000
-102.000000
-58.000000
-9.000000
13.000000
32.000000
28.000000
38.000000
71.000000
93.000000
116.000000
163.000000
211.000000
216.000000
180.000000
133.000000
127.000000
176.000000
235.000000
263.000000
254.000000
212.000000
175.000000
147.000000
144.000000
135.000000
113.000000
66.000000
34.000000
50.000000
79.000000
56.000000
9.000000
24.000000
54.000000
37.000000
-34.000000
-81.000000
-49.000000
-13.000000
6.000000
23.000000
17.000000
-11.000000
-76.000000
-95.000000
-61.000000
-56.000000
-107.000000
-163.000000
-179.000000
-182.000000
-188.000000
-185.000000
-167.000000
-154.000000
-123.000000
-89.000000
-98.000000
-129.000000
-120.000000
-58.000000
17.000000
65.000000
91.000000
121.000000
141.000000
153.000000
170.000000
179.000000
172.000000
132.000000
112.000000
125.000000
123.000000
95.000000
58.000000
18.000000
-16.000000
-29.000000
-33.000000
-57.000000
-95.000000
-128.000000
-140.000000
-160.000000
-190.000000
-227.000000
-248.000000
-257.000000
-260.000000
-281.000000
-331.000000
-379.000000
-398.000000
-371.000000
-326.000000
-304.000000
-336.000000
-380.000000
-397.000000
-368.000000
-308.000000
-244.000000
-153.000000
-69.000000
-21.000000
25.000000
97.000000
149.000000
176.000000
214.000000
318.000000
405.000000
363.000000
283.000000
260.000000
293.000000
302.000000
275.000000
249.000000
225.000000
151.000000
68.000000
84.000000
148.000000
177.000000
160.000000
177.000000
232.000000
247.000000
212.000000
169.000000
179.000000
195.000000
185.000000
152.000000
87.000000
40.000000
17.000000
43.000000
82.000000
76.000000
5.000000
-73.000000
-86.000000
-51.000000
-13.000000
-19.000000
-31.000000
-28.000000
-36.000000
-35.000000
-13.000000
23.000000
50.000000
75.000000
112.000000
124.000000
80.000000
7.000000
-9.000000
54.000000
138.000000
173.000000
147.000000
113.000000
87.000000
112.000000
159.000000
166.000000
136.000000
125.000000
153.000000
180.000000
160.000000
125.000000
111.000000
104.000000
93.000000
75.000000
77.000000
77.000000
0.000000
-92.000000
-127.000000
-156.000000
-229.000000
-320.000000
-376.000000
-367.000000
-358.000000
-412.000000
-508.000000
-584.000000
-611.000000
-577.000000
-514.000000
-482.000000
-473.000000
-488.000000
-475.000000
-427.000000
-361.000000
-298.000000
-267.000000
-239.000000
-206.000000
-172.000000
-136.000000
-145.000000
-170.000000
-144.000000
-57.000000
51.000000
77.000000
48.000000
19.000000
46.000000
109.000000
144.000000
163.000000
185.000000
203.000000
231.000000
279.000000
320.000000
312.000000
270.000000
272.000000
323.000000
346.000000
295.000000
233.000000
215.000000
214.000000
202.000000
173.000000
144.000000
97.000000
48.000000
67.000000
137.000000
148.000000
69.000000
-4.000000
37.000000
125.000000
161.000000
144.000000
108.000000
93.000000
67.000000
43.000000
51.000000
73.000000
54.000000
25.000000
