5.000000
7.000000
9.000000
4.000000
6.000000
2.000000
-7.000000
1.000000
5.000000
5.000000
3.000000
-4.000000
2.000000
7.000000
9.000000
-9.000000
1.000000
3.000000
-13.000000
10.000000
2.000000
3.000000
-4.000000
-1.000000
6.000000
13.000000
21.000000
15.000000
23.000000
13.000000
10.000000
-1.000000
7.000000
10.000000
-4.000000
-1.000000
2.000000
2.000000
7.000000
4.000000
-2.000000
6.000000
4.000000
-2.000000
7.000000
-6.000000
3.000000
1.000000
3.000000
3.000000
-2.000000
-12.000000
-2.000000
5.000000
-15.000000
-4.000000
2.000000
1.000000
-7.000000
-9.000000
-8.000000
-11.000000
-15.000000
-18.000000
-9.000000
-13.000000
-1.000000
-1.000000
-5.000000
8.000000
3.000000
2.000000
-7.000000
-5.000000
4.000000
4.000000
-4.000000
-12.000000
-4.000000
4.000000
-8.000000
-13.000000
-5.000000
-2.000000
3.000000
1.000000
-5.000000
-9.000000
1.000000
-5.000000
-12.000000
-6.000000
-1.000000
9.000000
15.000000
11.000000
10.000000
4.000000
4.000000
2.000000
-1.000000
3.000000
7.000000
6.000000
-2.000000
-6.000000
-1.000000
-1.000000
0.000000
4.000000
2.000000
-1.000000
0.000000
-3.000000
-8.000000
-7.000000
-7.000000
2.000000
6.000000
0.000000
-3.000000
-2.000000
2.000000
6.000000
7.000000
9.000000
3.000000
3.000000
7.000000
5.000000
4.000000
4.000000
7.000000
13.000000
14.000000
10.000000
8.000000
0.000000
-6.000000
-7.000000
-9.000000
15.000000
13.000000
1.000000
1.000000
-4.000000
-5.000000
2.000000
2.000000
-2.000000
14.000000
8.000000
0.000000
-1.000000
-5.000000
-1.000000
0.000000
-2.000000
0.000000
3.000000
3.000000
6.000000
3.000000
13.000000
13.000000
11.000000
7.000000
4.000000
-8.000000
-16.000000
-1.000000
-2.000000
-11.000000
-5.000000
-5.000000
3.000000
7.000000
7.000000
2.000000
-2.000000
-1.000000
-3.000000
1.000000
-2.000000
-7.000000
-13.000000
-8.000000
-8.000000
-4.000000
3.000000
-1.000000
7.000000
-3.000000
-6.000000
-10.000000
-4.000000
-8.000000
-9.000000
-3.000000
0.000000
-8.000000
-1.000000
3.000000
3.000000
6.000000
-4.000000
2.000000
-1.000000
-6.000000
0.000000
1.000000
-12.000000
-6.000000
-3.000000
-10.000000
1.000000
1.000000
-5.000000
4.000000
4.000000
-1.000000
2.000000
0.000000
-7.000000
4.000000
5.000000
0.000000
7.000000
5.000000
2.000000
-4.000000
0.000000
7.000000
2.000000
8.000000
-1.000000
3.000000
0.000000
-8.000000
-4.000000
-2.000000
-2.000000
-2.000000
-7.000000
-6.000000
-7.000000
-1.000000
0.000000
-3.000000
7.000000
3.000000
3.000000
0.000000
5.000000
0.000000
-3.000000
1.000000
-5.000000
-5.000000
6.000000
9.000000
5.000000
-1.000000
-8.000000
8.000000
12.000000
4.000000
3.000000
-2.000000
7.000000
5.000000
-4.000000
3.000000
6.000000
12.000000
12.000000
7.000000
2.000000
4.000000
1.000000
12.000000
10.000000
4.000000
8.000000
13.000000
3.000000
8.000000
10.000000
-3.000000
-2.000000
-5.000000
0.000000
-2.000000
0.000000
6.000000
1.000000
6.000000
4.000000
6.000000
6.000000
0.000000
1.000000
1.000000
-6.000000
-13.000000
-16.000000
-4.000000
-4.000000
-3.000000
5.000000
-3.000000
-3.000000
-1.000000
-7.000000
-5.000000
-1.000000
2.000000
-3.000000
-4.000000
-17.000000
-4.000000
7.000000
3.000000
0.000000
1.000000
3.000000
8.000000
6.000000
-4.000000
-5.000000
-11.000000
-13.000000
-9.000000
-8.000000
-13.000000
-13.000000
-16.000000
-12.000000
2.000000
6.000000
20.000000
7.000000
3.000000
-3.000000
-12.000000
7.000000
3.000000
-13.000000
-13.000000
-4.000000
-5.000000
-14.000000
-2.000000
5.000000
-5.000000
-5.000000
-7.000000
-4.000000
-2.000000
1.000000
-2.000000
-4.000000
-15.000000
-12.000000
-1.000000
-5.000000
3.000000
7.000000
13.000000
8.000000
1.000000
6.000000
10.000000
10.000000
13.000000
2.000000
6.000000
7.000000
4.000000
0.000000
-10.000000
8.000000
7.000000
10.000000
8.000000
-5.000000
-4.000000
-3.000000
2.000000
2.000000
10.000000
0.000000
3.000000
5.000000
7.000000
8.000000
4.000000
5.000000
6.000000
7.000000
6.000000
0.000000
-2.000000
0.000000
-4.000000
0.000000
-4.000000
3.000000
0.000000
-1.000000
0.000000
-1.000000
2.000000
5.000000
0.000000
6.000000
5.000000
4.000000
8.000000
7.000000
-5.000000
-6.000000
-1.000000
-4.000000
1.000000
3.000000
-2.000000
-3.000000
8.000000
0.000000
6.000000
-1.000000
-14.000000
-6.000000
-4.000000
-3.000000
-6.000000
-21.000000
-18.000000
-10.000000
-6.000000
5.000000
6.000000
3.000000
1.000000
0.000000
4.000000
-7.000000
-6.000000
-4.000000
-4.000000
-4.000000
-15.000000
-1.000000
-5.000000
-8.000000
-2.000000
10.000000
8.000000
9.000000
5.000000
2.000000
6.000000
4.000000
7.000000
7.000000
2.000000
3.000000
6.000000
2.000000
1.000000
-5.000000
4.000000
12.000000
13.000000
4.000000
-7.000000
-8.000000
-4.000000
-3.000000
-6.000000
-3.000000
-1.000000
4.000000
-13.000000
-9.000000
0.000000
-2.000000
6.000000
7.000000
5.000000
-3.000000
6.000000
2.000000
-9.000000
-5.000000
2.000000
7.000000
-2.000000
4.000000
5.000000
-7.000000
-4.000000
3.000000
13.000000
12.000000
6.000000
5.000000
4.000000
8.000000
5.000000
0.000000
0.000000
-5.000000
4.000000
4.000000
-1.000000
2.000000
-5.000000
-7.000000
-16.000000
-6.000000
8.000000
-6.000000
-7.000000
-10.000000
-12.000000
-2.000000
-5.000000
-1.000000
-1.000000
-1.000000
-4.000000
-3.000000
1.000000
0.000000
-2.000000
-2.000000
-10.000000
-16.000000
-11.000000
-3.000000
2.000000
-2.000000
-5.000000
-6.000000
3.000000
-4.000000
-4.000000
-8.000000
-13.000000
-7.000000
-4.000000
-1.000000
-4.000000
8.000000
-7.000000
-14.000000
-4.000000
9.000000
16.000000
10.000000
16.000000
4.000000
-2.000000
9.000000
4.000000
3.000000
3.000000
-2.000000
2.000000
-1.000000
0.000000
4.000000
4.000000
9.000000
-2.000000
-4.000000
4.000000
2.000000
5.000000
8.000000
4.000000
-6.000000
-2.000000
-2.000000
-6.000000
-8.000000
5.000000
10.000000
0.000000
5.000000
9.000000
18.000000
18.000000
4.000000
-1.000000
-2.000000
13.000000
12.000000
1.000000
2.000000
5.000000
9.000000
-2.000000
7.000000
6.000000
2.000000
8.000000
9.000000
11.000000
4.000000
-10.000000
-6.000000
-6.000000
-18.000000
-13.000000
-6.000000
-2.000000
-1.000000
4.000000
3.000000
0.000000
1.000000
-5.000000
-1.000000
-6.000000
-3.000000
6.000000
5.000000
8.000000
4.000000
-4.000000
-3.000000
1.000000
7.000000
15.000000
5.000000
7.000000
-1.000000
-7.000000
0.000000
0.000000
0.000000
7.000000
10.000000
-7.000000
5.000000
4.000000
0.000000
-2.000000
-6.000000
-5.000000
-3.000000
5.000000
1.000000
-9.000000
-2.000000
-3.000000
-5.000000
-6.000000
-3.000000
-3.000000
0.000000
4.000000
-3.000000
-1.000000
-1.000000
1.000000
-1.000000
4.000000
-3.000000
-16.000000
-10.000000
-1.000000
0.000000
-3.000000
5.000000
0.000000
-1.000000
-11.000000
-14.000000
-7.000000
-5.000000
-9.000000
-11.000000
-16.000000
-8.000000
-5.000000
0.000000
-1.000000
-7.000000
-1.000000
1.000000
-4.000000
4.000000
14.000000
8.000000
3.000000
3.000000
-7.000000
-6.000000
-3.000000
-3.000000
-5.000000
-6.000000
-4.000000
7.000000
-4.000000
-1.000000
5.000000
14.000000
14.000000
8.000000
9.000000
4.000000
14.000000
7.000000
11.000000
6.000000
-5.000000
4.000000
2.000000
-7.000000
-4.000000
3.000000
-3.000000
-1.000000
15.000000
3.000000
-3.000000
6.000000
5.000000
-3.000000
-10.000000
-3.000000
-1.000000
3.000000
1.000000
5.000000
1.000000
2.000000
4.000000
-1.000000
-2.000000
-9.000000
-12.000000
-8.000000
-17.000000
-6.000000
-3.000000
-3.000000
6.000000
-3.000000
-5.000000
-3.000000
-3.000000
-3.000000
-1.000000
0.000000
-1.000000
-12.000000
-11.000000
-1.000000
-2.000000
0.000000
1.000000
0.000000
3.000000
3.000000
9.000000
13.000000
6.000000
9.000000
-2.000000
-6.000000
-3.000000
-9.000000
4.000000
5.000000
-1.000000
-2.000000
9.000000
8.000000
4.000000
3.000000
-5.000000
5.000000
1.000000
4.000000
11.000000
3.000000
-7.000000
-8.000000
-3.000000
-3.000000
3.000000
3.000000
3.000000
4.000000
-5.000000
-7.000000
-3.000000
4.000000
10.000000
13.000000
6.000000
6.000000
8.000000
0.000000
-4.000000
1.000000
7.000000
13.000000
6.000000
1.000000
0.000000
-2.000000
12.000000
9.000000
2.000000
4.000000
-2.000000
7.000000
6.000000
10.000000
5.000000
9.000000
7.000000
-9.000000
-2.000000
-1.000000
2.000000
-9.000000
-17.000000
-10.000000
-7.000000
-15.000000
-8.000000
-7.000000
-9.000000
-2.000000
-9.000000
-6.000000
-7.000000
-8.000000
-7.000000
-10.000000
-21.000000
-19.000000
-10.000000
-9.000000
-8.000000
-16.000000
-7.000000
-4.000000
-4.000000
-9.000000
-4.000000
3.000000
1.000000
2.000000
6.000000
-1.000000
-4.000000
3.000000
11.000000
7.000000
0.000000
7.000000
0.000000
10.000000
8.000000
-1.000000
2.000000
10.000000
9.000000
6.000000
16.000000
1.000000
-5.000000
-5.000000
10.000000
2.000000
7.000000
15.000000
8.000000
16.000000
-3.000000
-2.000000
2.000000
-2.000000
-6.000000
-7.000000
-7.000000
2.000000
4.000000
2.000000
6.000000
-3.000000
-4.000000
-5.000000
-1.000000
7.000000
1.000000
1.000000
6.000000
4.000000
7.000000
14.000000
0.000000
-9.000000
0.000000
-1.000000
3.000000
-4.000000
-6.000000
1.000000
7.000000
-5.000000
-4.000000
0.000000
-5.000000
3.000000
5.000000
10.000000
4.000000
7.000000
-1.000000
1.000000
-1.000000
-1.000000
-4.000000
-15.000000
-13.000000
-12.000000
-7.000000
-13.000000
-17.000000
-10.000000
3.000000
-7.000000
6.000000
-7.000000
-17.000000
-2.000000
-1.000000
5.000000
-9.000000
-2.000000
-10.000000
-8.000000
-2.000000
6.000000
7.000000
-7.000000
-6.000000
2.000000
3.000000
2.000000
10.000000
5.000000
12.000000
-3.000000
3.000000
6.000000
1.000000
9.000000
-1.000000
5.000000
6.000000
8.000000
4.000000
4.000000
0.000000
-6.000000
9.000000
4.000000
2.000000
4.000000
7.000000
8.000000
2.000000
-4.000000
-4.000000
4.000000
7.000000
-2.000000
-8.000000
-1.000000
-4.000000
-2.000000
-2.000000
-4.000000
-5.000000
-7.000000
-2.000000
1.000000
3.000000
-7.000000
-2.000000
3.000000
4.000000
-2.000000
-9.000000
3.000000
-1.000000
-5.000000
-7.000000
4.000000
-4.000000
-10.000000
0.000000
4.000000
9.000000
1.000000
4.000000
-7.000000
-5.000000
-1.000000
-11.000000
-7.000000
4.000000
9.000000
6.000000
7.000000
12.000000
5.000000
6.000000
6.000000
8.000000
-8.000000
-3.000000
5.000000
5.000000
-2.000000
-12.000000
-2.000000
-7.000000
4.000000
0.000000
-2.000000
2.000000
-4.000000
-2.000000
8.000000
5.000000
11.000000
9.000000
5.000000
4.000000
-1.000000
0.000000
-3.000000
-1.000000
-1.000000
-3.000000
-5.000000
-1.000000
6.000000
3.000000
-2.000000
1.000000
9.000000
-6.000000
-7.000000
-6.000000
-7.000000
4.000000
2.000000
0.000000
-2.000000
-3.000000
1.000000
2.000000
1.000000
-2.000000
-4.000000
-3.000000
-1.000000
0.000000
2.000000
3.000000
2.000000
4.000000
-1.000000
-1.000000
-5.000000
-1.000000
-2.000000
-5.000000
-2.000000
-5.000000
0.000000
3.000000
8.000000
3.000000
7.000000
-9.000000
-4.000000
1.000000
-2.000000
4.000000
3.000000
2.000000
0.000000
9.000000
12.000000
-2.000000
-8.000000
2.000000
0.000000
-9.000000
-15.000000
-7.000000
-1.000000
6.000000
8.000000
0.000000
1.000000
0.000000
0.000000
-1.000000
3.000000
-1.000000
-5.000000
-5.000000
-9.000000
-2.000000
-2.000000
1.000000
4.000000
7.000000
5.000000
13.000000
10.000000
0.000000
8.000000
7.000000
15.000000
11.000000
-1.000000
-11.000000
-8.000000
2.000000
3.000000
9.000000
-1.000000
-1.000000
-3.000000
-4.000000
-2.000000
-8.000000
-12.000000
-9.000000
-10.000000
-2.000000
7.000000
-3.000000
-9.000000
-3.000000
-1.000000
-5.000000
6.000000
-1.000000
-6.000000
-7.000000
-9.000000
0.000000
-2.000000
-4.000000
-1.000000
3.000000
4.000000
9.000000
3.000000
2.000000
-3.000000
4.000000
9.000000
-2.000000
-2.000000
4.000000
2.000000
8.000000
-6.000000
5.000000
11.000000
-4.000000
-2.000000
0.000000
8.000000
0.000000
-2.000000
-4.000000
-5.000000
-2.000000
-10.000000
-2.000000
-8.000000
-15.000000
-4.000000
-2.000000
0.000000
-6.000000
1.000000
8.000000
8.000000
7.000000
5.000000
4.000000
3.000000
-4.000000
-4.000000
-7.000000
-3.000000
4.000000
-3.000000
-7.000000
-12.000000
-2.000000
11.000000
6.000000
0.000000
-4.000000
-6.000000
-2.000000
-2.000000
-4.000000
-2.000000
4.000000
10.000000
9.000000
4.000000
2.000000
10.000000
10.000000
3.000000
5.000000
14.000000
5.000000
12.000000
23.000000
8.000000
8.000000
1.000000
7.000000
10.000000
4.000000
16.000000
12.000000
5.000000
5.000000
13.000000
13.000000
-2.000000
-3.000000
-2.000000
-12.000000
-8.000000
-5.000000
4.000000
-5.000000
-11.000000
-3.000000
-3.000000
-8.000000
-1.000000
0.000000
-8.000000
-4.000000
-7.000000
-4.000000
0.000000
-3.000000
-7.000000
-6.000000
1.000000
-3.000000
-3.000000
-13.000000
-10.000000
0.000000
-17.000000
-6.000000
0.000000
-4.000000
-3.000000
0.000000
-7.000000
-15.000000
-13.000000
-8.000000
-8.000000
-3.000000
-3.000000
-10.000000
-2.000000
-1.000000
4.000000
-3.000000
-1.000000
5.000000
-2.000000
-7.000000
-9.000000
-2.000000
-4.000000
-2.000000
-7.000000
-12.000000
-10.000000
-9.000000
-13.000000
-4.000000
1.000000
3.000000
-7.000000
-9.000000
0.000000
-13.000000
-7.000000
-13.000000
7.000000
6.000000
5.000000
1.000000
-4.000000
7.000000
1.000000
4.000000
-3.000000
7.000000
2.000000
6.000000
11.000000
6.000000
5.000000
6.000000
14.000000
10.000000
10.000000
15.000000
15.000000
16.000000
11.000000
6.000000
13.000000
0.000000
5.000000
12.000000
-3.000000
-3.000000
-3.000000
1.000000
0.000000
5.000000
12.000000
10.000000
10.000000
8.000000
-3.000000
0.000000
5.000000
11.000000
9.000000
-4.000000
1.000000
2.000000
7.000000
0.000000
-7.000000
-2.000000
7.000000
-1.000000
10.000000
8.000000
-3.000000
4.000000
5.000000
9.000000
7.000000
8.000000
2.000000
1.000000
5.000000
8.000000
9.000000
10.000000
9.000000
9.000000
6.000000
4.000000
-4.000000
3.000000
5.000000
4.000000
-1.000000
3.000000
8.000000
6.000000
-3.000000
-5.000000
-4.000000
-8.000000
3.000000
6.000000
-7.000000
-4.000000
-5.000000
-9.000000
-2.000000
-16.000000
-21.000000
-16.000000
-11.000000
-9.000000
-7.000000
-11.000000
-11.000000
-11.000000
-5.000000
-15.000000
-18.000000
-12.000000
-18.000000
-15.000000
-2.000000
-3.000000
-12.000000
-9.000000
-11.000000
-7.000000
-10.000000
-14.000000
-10.000000
-10.000000
-14.000000
-16.000000
-8.000000
-2.000000
-6.000000
-2.000000
-6.000000
5.000000
-2.000000
6.000000
-3.000000
-7.000000
4.000000
4.000000
9.000000
-5.000000
-4.000000
-5.000000
-3.000000
-3.000000
1.000000
0.000000
11.000000
13.000000
5.000000
2.000000
4.000000
-5.000000
10.000000
20.000000
12.000000
23.000000
12.000000
7.000000
16.000000
3.000000
-4.000000
1.000000
-4.000000
-8.000000
-3.000000
6.000000
7.000000
-5.000000
-5.000000
4.000000
5.000000
7.000000
4.000000
-3.000000
-1.000000
5.000000
-1.000000
-11.000000
-8.000000
-2.000000
3.000000
2.000000
-6.000000
-2.000000
2.000000
-3.000000
-3.000000
12.000000
7.000000
-4.000000
3.000000
4.000000
4.000000
10.000000
13.000000
4.000000
8.000000
12.000000
7.000000
10.000000
12.000000
12.000000
18.000000
14.000000
14.000000
12.000000
13.000000
17.000000
8.000000
4.000000
5.000000
4.000000
5.000000
1.000000
6.000000
14.000000
7.000000
5.000000
-2.000000
-2.000000
5.000000
-3.000000
-10.000000
-9.000000
-6.000000
-3.000000
2.000000
-2.000000
-4.000000
4.000000
-1.000000
-1.000000
-7.000000
-18.000000
-14.000000
-8.000000
-5.000000
0.000000
0.000000
-4.000000
-16.000000
-12.000000
-16.000000
-18.000000
-13.000000
-6.000000
-3.000000
3.000000
-1.000000
-10.000000
-13.000000
-14.000000
-11.000000
-14.000000
-10.000000
-6.000000
-11.000000
-9.000000
-11.000000
-12.000000
-6.000000
-14.000000
-6.000000
-8.000000
-5.000000
-4.000000
-5.000000
-5.000000
-12.000000
-4.000000
-6.000000
-14.000000
0.000000
-2.000000
-1.000000
1.000000
-4.000000
11.000000
-2.000000
8.000000
5.000000
3.000000
3.000000
5.000000
9.000000
8.000000
10.000000
8.000000
0.000000
11.000000
15.000000
1.000000
11.000000
11.000000
8.000000
7.000000
7.000000
2.000000
8.000000
3.000000
-1.000000
10.000000
7.000000
2.000000
5.000000
6.000000
11.000000
5.000000
6.000000
7.000000
6.000000
2.000000
-3.000000
2.000000
7.000000
1.000000
1.000000
5.000000
11.000000
12.000000
10.000000
12.000000
-6.000000
2.000000
-5.000000
-6.000000
0.000000
-8.000000
-2.000000
-8.000000
-9.000000
-5.000000
-8.000000
-5.000000
-3.000000
0.000000
-6.000000
-7.000000
-1.000000
11.000000
3.000000
2.000000
10.000000
11.000000
16.000000
21.000000
10.000000
9.000000
11.000000
3.000000
9.000000
10.000000
12.000000
13.000000
16.000000
12.000000
16.000000
8.000000
7.000000
-7.000000
-10.000000
-5.000000
-9.000000
-10.000000
-14.000000
1.000000
-1.000000
-2.000000
-3.000000
-12.000000
-17.000000
-10.000000
-10.000000
-11.000000
-12.000000
-13.000000
-20.000000
-14.000000
-9.000000
-10.000000
0.000000
-2.000000
-4.000000
-8.000000
-15.000000
-15.000000
-2.000000
-8.000000
-8.000000
-2.000000
4.000000
-3.000000
-4.000000
9.000000
7.000000
9.000000
-4.000000
-1.000000
3.000000
-14.000000
-11.000000
-8.000000
-2.000000
5.000000
3.000000
-5.000000
-8.000000
-8.000000
-10.000000
-1.000000
7.000000
-1.000000
3.000000
4.000000
-3.000000
4.000000
14.000000
16.000000
0.000000
-1.000000
-12.000000
-12.000000
4.000000
13.000000
5.000000
6.000000
3.000000
-3.000000
-13.000000
-9.000000
-14.000000
-23.000000
-3.000000
5.000000
11.000000
3.000000
-4.000000
4.000000
13.000000
28.000000
27.000000
16.000000
14.000000
17.000000
11.000000
18.000000
22.000000
6.000000
6.000000
-4.000000
6.000000
14.000000
21.000000
14.000000
6.000000
11.000000
-4.000000
-7.000000
-4.000000
1.000000
-6.000000
-12.000000
-10.000000
-5.000000
-9.000000
-22.000000
-16.000000
-14.000000
0.000000
15.000000
7.000000
2.000000
-13.000000
-7.000000
-9.000000
-1.000000
1.000000
-14.000000
-13.000000
-5.000000
4.000000
2.000000
8.000000
8.000000
0.000000
-3.000000
7.000000
8.000000
18.000000
12.000000
8.000000
10.000000
4.000000
-4.000000
-9.000000
-1.000000
-8.000000
13.000000
12.000000
13.000000
4.000000
3.000000
-6.000000
-1.000000
8.000000
4.000000
5.000000
-7.000000
-16.000000
-23.000000
-25.000000
-10.000000
-2.000000
-2.000000
2.000000
-3.000000
-8.000000
-8.000000
-10.000000
-11.000000
-15.000000
-10.000000
-18.000000
-10.000000
-7.000000
7.000000
25.000000
20.000000
13.000000
-10.000000
-14.000000
-5.000000
-15.000000
7.000000
17.000000
8.000000
13.000000
3.000000
7.000000
16.000000
17.000000
22.000000
10.000000
-3.000000
-13.000000
-24.000000
-28.000000
-19.000000
-16.000000
-11.000000
-8.000000
-1.000000
10.000000
8.000000
13.000000
12.000000
-11.000000
-21.000000
-21.000000
-30.000000
-22.000000
-15.000000
-2.000000
7.000000
14.000000
15.000000
4.000000
3.000000
10.000000
22.000000
29.000000
25.000000
7.000000
-3.000000
-7.000000
-6.000000
-4.000000
6.000000
11.000000
1.000000
15.000000
26.000000
29.000000
36.000000
31.000000
18.000000
-11.000000
-19.000000
-10.000000
-13.000000
-7.000000
-7.000000
2.000000
4.000000
-1.000000
11.000000
-4.000000
-2.000000
20.000000
24.000000
27.000000
16.000000
-3.000000
-14.000000
-21.000000
-9.000000
5.000000
12.000000
6.000000
-1.000000
-11.000000
-3.000000
16.000000
19.000000
19.000000
3.000000
-21.000000
-37.000000
-22.000000
1.000000
28.000000
42.000000
27.000000
-17.000000
-40.000000
-38.000000
-27.000000
-5.000000
10.000000
12.000000
-8.000000
-19.000000
-48.000000
-56.000000
-42.000000
-22.000000
1.000000
19.000000
32.000000
3.000000
-13.000000
-36.000000
-35.000000
-9.000000
7.000000
2.000000
-5.000000
-13.000000
-4.000000
29.000000
56.000000
54.000000
28.000000
-6.000000
-33.000000
-21.000000
12.000000
54.000000
80.000000
71.000000
24.000000
-38.000000
-54.000000
-40.000000
0.000000
32.000000
38.000000
18.000000
-20.000000
1.000000
30.000000
40.000000
17.000000
-37.000000
-85.000000
-93.000000
-66.000000
-52.000000
-64.000000
-83.000000
-85.000000
-46.000000
29.000000
68.000000
41.000000
-22.000000
-68.000000
-64.000000
-39.000000
-110.000000
-295.000000
-464.000000
-459.000000
-171.000000
232.000000
516.000000
491.000000
247.000000
-17.000000
-78.000000
42.000000
186.000000
173.000000
20.000000
-109.000000
-48.000000
145.000000
340.000000
364.000000
234.000000
126.000000
171.000000
285.000000
293.000000
67.000000
-289.000000
-512.000000
-392.000000
-99.000000
89.000000
0.000000
-212.000000
-324.000000
-191.000000
45.000000
160.000000
10.000000
-349.000000
-651.000000
-628.000000
-280.000000
140.000000
271.000000
111.000000
-66.000000
-6.000000
253.000000
416.000000
328.000000
125.000000
8.000000
92.000000
307.000000
467.000000
453.000000
289.000000
155.000000
184.000000
361.000000
537.000000
481.000000
181.000000
-119.000000
-187.000000
-76.000000
20.000000
-85.000000
-306.000000
-433.000000
-379.000000
-232.000000
-120.000000
-107.000000
-220.000000
-379.000000
-471.000000
-420.000000
-244.000000
-84.000000
-39.000000
-91.000000
-87.000000
29.000000
176.000000
249.000000
212.000000
159.000000
182.000000
261.000000
358.000000
396.000000
346.000000
254.000000
165.000000
141.000000
172.000000
187.000000
113.000000
-62.000000
-236.000000
-303.000000
-270.000000
-236.000000
-269.000000
-381.000000
-503.000000
-550.000000
-473.000000
-372.000000
-323.000000
-366.000000
-473.000000
-535.000000
-489.000000
-362.000000
-251.000000
-176.000000
-142.000000
-88.000000
0.000000
96.000000
162.000000
160.000000
103.000000
79.000000
136.000000
231.000000
316.000000
332.000000
286.000000
226.000000
196.000000
202.000000
208.000000
207.000000
177.000000
148.000000
121.000000
105.000000
91.000000
61.000000
26.000000
8.000000
15.000000
47.000000
58.000000
48.000000
43.000000
48.000000
72.000000
91.000000
102.000000
106.000000
106.000000
130.000000
174.000000
208.000000
222.000000
233.000000
245.000000
265.000000
283.000000
308.000000
346.000000
399.000000
439.000000
483.000000
504.000000
491.000000
462.000000
458.000000
453.000000
495.000000
526.000000
511.000000
461.000000
382.000000
333.000000
329.000000
308.000000
255.000000
127.000000
17.000000
-56.000000
-110.000000
-143.000000
-261.000000
-427.000000
-663.000000
-880.000000
-1031.000000
-1101.000000
-1161.000000
-1291.000000
-1425.000000
-1528.000000
-1542.000000
-1497.000000
-1462.000000
-1425.000000
-1416.000000
-1345.000000
-1174.000000
-945.000000
-718.000000
-574.000000
-475.000000
-390.000000
-216.000000
36.000000
273.000000
422.000000
458.000000
465.000000
520.000000
635.000000
743.000000
790.000000
743.000000
615.000000
505.000000
460.000000
455.000000
440.000000
338.000000
203.000000
71.000000
-19.000000
-50.000000
-95.000000
-122.000000
-148.000000
-150.000000
-125.000000
-113.000000
-101.000000
-115.000000
-130.000000
-74.000000
27.000000
192.000000
321.000000
386.000000
425.000000
469.000000
584.000000
715.000000
844.000000
949.000000
1064.000000
1176.000000
1271.000000
1379.000000
1469.000000
1551.000000
1563.000000
1521.000000
1474.000000
1418.000000
1376.000000
1305.000000
1187.000000
1072.000000
948.000000
840.000000
697.000000
567.000000
435.000000
264.000000
87.000000
-125.000000
-261.000000
-368.000000
-436.000000
-505.000000
-634.000000
-724.000000
-817.000000
-868.000000
-891.000000
-947.000000
-958.000000
-1070.000000
-1160.000000
-1294.000000
-1379.000000
-1402.000000
-1440.000000
-1453.000000
-1524.000000
-1562.000000
-1584.000000
-1613.000000
-1600.000000
-1615.000000
-1551.000000
-1461.000000
-1356.000000
-1234.000000
-1113.000000
-970.000000
-810.000000
-667.000000
-527.000000
-410.000000
-244.000000
-134.000000
-31.000000
50.000000
140.000000
254.000000
327.000000
384.000000
402.000000
407.000000
421.000000
404.000000
406.000000
395.000000
385.000000
345.000000
286.000000
259.000000
276.000000
306.000000
311.000000
284.000000
299.000000
305.000000
360.000000
406.000000
441.000000
470.000000
481.000000
525.000000
572.000000
630.000000
688.000000
707.000000
756.000000
823.000000
937.000000
1021.000000
1009.000000
957.000000
890.000000
917.000000
961.000000
998.000000
963.000000
855.000000
739.000000
634.000000
581.000000
550.000000
495.000000
377.000000
217.000000
91.000000
1.000000
-80.000000
-198.000000
-349.000000
-443.000000
-481.000000
-465.000000
-462.000000
-483.000000
-512.000000
-547.000000
-544.000000
-550.000000
-571.000000
-610.000000
-694.000000
-738.000000
-728.000000
-640.000000
-552.000000
-539.000000
-570.000000
-606.000000
-611.000000
-589.000000
-587.000000
-602.000000
-660.000000
-667.000000
-674.000000
-647.000000
-602.000000
-567.000000
-503.000000
-439.000000
-364.000000
-245.000000
-137.000000
-29.000000
29.000000
124.000000
204.000000
286.000000
401.000000
516.000000
638.000000
738.000000
814.000000
870.000000
890.000000
920.000000
897.000000
910.000000
926.000000
931.000000
945.000000
894.000000
850.000000
763.000000
693.000000
631.000000
591.000000
622.000000
568.000000
490.000000
380.000000
303.000000
301.000000
290.000000
293.000000
254.000000
213.000000
181.000000
123.000000
80.000000
-6.000000
-81.000000
-160.000000
-232.000000
-257.000000
-304.000000
-328.000000
-415.000000
-495.000000
-521.000000
-547.000000
-609.000000
-799.000000
-1032.000000
-1181.000000
-1229.000000
-1171.000000
-1153.000000
-1150.000000
-1191.000000
-1207.000000
-1182.000000
-1142.000000
-1104.000000
-1132.000000
-1216.000000
-1263.000000
-1228.000000
-1055.000000
-891.000000
-774.000000
-745.000000
-721.000000
-616.000000
-441.000000
-250.000000
-128.000000
-61.000000
4.000000
80.000000
179.000000
267.000000
305.000000
287.000000
247.000000
277.000000
349.000000
482.000000
561.000000
574.000000
569.000000
550.000000
584.000000
613.000000
635.000000
627.000000
610.000000
637.000000
708.000000
835.000000
938.000000
987.000000
1011.000000
1018.000000
1019.000000
1016.000000
1047.000000
1095.000000
1110.000000
1132.000000
1128.000000
1124.000000
1122.000000
1079.000000
1018.000000
937.000000
895.000000
851.000000
801.000000
741.000000
706.000000
719.000000
713.000000
691.000000
633.000000
595.000000
571.000000
507.000000
448.000000
325.000000
241.000000
212.000000
198.000000
142.000000
26.000000
-116.000000
-280.000000
-443.000000
-538.000000
-588.000000
-628.000000
-775.000000
-917.000000
-991.000000
-942.000000
-863.000000
-841.000000
-911.000000
-1008.000000
-1076.000000
-1068.000000
-1021.000000
-958.000000
-933.000000
-965.000000
-1009.000000
-1004.000000
-971.000000
-986.000000
-1098.000000
-1239.000000
-1337.000000
-1323.000000
-1262.000000
-1169.000000
-1110.000000
-1098.000000
-1105.000000
-1065.000000
-943.000000
-774.000000
-673.000000
-658.000000
-681.000000
-626.000000
-504.000000
-340.000000
-150.000000
-20.000000
54.000000
75.000000
119.000000
229.000000
386.000000
503.000000
530.000000
549.000000
616.000000
745.000000
855.000000
874.000000
816.000000
729.000000
679.000000
659.000000
681.000000
678.000000
632.000000
545.000000
493.000000
525.000000
585.000000
543.000000
415.000000
238.000000
127.000000
91.000000
118.000000
151.000000
149.000000
112.000000
89.000000
129.000000
211.000000
253.000000
246.000000
239.000000
298.000000
402.000000
520.000000
635.000000
732.000000
774.000000
745.000000
669.000000
626.000000
604.000000
566.000000
485.000000
428.000000
407.000000
371.000000
294.000000
203.000000
128.000000
84.000000
-29.000000
-171.000000
-271.000000
-293.000000
-292.000000
-291.000000
-321.000000
-347.000000
-318.000000
-266.000000
-221.000000
-216.000000
-243.000000
-283.000000
-304.000000
-258.000000
-153.000000
-43.000000
11.000000
26.000000
44.000000
100.000000
185.000000
221.000000
178.000000
89.000000
16.000000
25.000000
131.000000
230.000000
263.000000
217.000000
185.000000
178.000000
182.000000
175.000000
127.000000
113.000000
112.000000
154.000000
241.000000
351.000000
415.000000
395.000000
347.000000
340.000000
365.000000
365.000000
329.000000
352.000000
467.000000
655.000000
762.000000
765.000000
746.000000
753.000000
779.000000
682.000000
425.000000
-58.000000
-708.000000
-1280.000000
-1533.000000
-1351.000000
-985.000000
-792.000000
-925.000000
-1208.000000
-1441.000000
-1522.000000
-1611.000000
-1879.000000
-2344.000000
-2830.000000
-3027.000000
-2704.000000
-1948.000000
-1147.000000
-700.000000
-686.000000
-819.000000
-796.000000
-562.000000
-322.000000
-250.000000
-370.000000
-463.000000
-265.000000
246.000000
886.000000
1314.000000
1301.000000
946.000000
585.000000
430.000000
480.000000
557.000000
491.000000
342.000000
236.000000
328.000000
524.000000
700.000000
665.000000
319.000000
-116.000000
-451.000000
-510.000000
-341.000000
-138.000000
-17.000000
2.000000
42.000000
149.000000
293.000000
361.000000
251.000000
-6.000000
-289.000000
-330.000000
-27.000000
531.000000
1044.000000
1289.000000
1249.000000
1106.000000
1105.000000
1252.000000
1424.000000
1473.000000
1386.000000
1337.000000
1437.000000
1654.000000
1830.000000
1743.000000
1359.000000
826.000000
458.000000
340.000000
479.000000
591.000000
528.000000
343.000000
167.000000
76.000000
-15.000000
-217.000000
-547.000000
-875.000000
-918.000000
-665.000000
-230.000000
91.000000
142.000000
47.000000
-137.000000
-272.000000
-367.000000
-391.000000
-371.000000
-360.000000
-286.000000
-107.000000
213.000000
446.000000
373.000000
17.000000
-452.000000
-691.000000
-657.000000
-437.000000
-120.000000
130.000000
327.000000
382.000000
434.000000
473.000000
541.000000
587.000000
614.000000
786.000000
1097.000000
1569.000000
2063.000000
2437.000000
2681.000000
2557.000000
1998.000000
863.000000
-870.000000
-2784.000000
-4243.000000
-4384.000000
-3328.000000
-1828.000000
-970.000000
-1137.000000
-1748.000000
-2257.000000
-2440.000000
-2730.000000
-3538.000000
-4634.000000
-5451.000000
-5109.000000
-3432.000000
-967.000000
1103.000000
1797.000000
1377.000000
696.000000
721.000000
1262.000000
1599.000000
1352.000000
764.000000
632.000000
1232.000000
2294.000000
3039.000000
2787.000000
1599.000000
-28.000000
-1223.000000
-1683.000000
-1638.000000
-1537.000000
-1687.000000
-1793.000000
-1598.000000
-1031.000000
-473.000000
-413.000000
-931.000000
-1767.000000
-2401.000000
-2479.000000
-1999.000000
-1177.000000
-383.000000
243.000000
663.000000
994.000000
1293.000000
1487.000000
1565.000000
1492.000000
1386.000000
1407.000000
1634.000000
2087.000000
2561.000000
2887.000000
2892.000000
2569.000000
2056.000000
1490.000000
951.000000
549.000000
349.000000
492.000000
821.000000
1140.000000
1222.000000
980.000000
531.000000
1.000000
-454.000000
-737.000000
-791.000000
-632.000000
-413.000000
-211.000000
-85.000000
-42.000000
-86.000000
-273.000000
-492.000000
-596.000000
-413.000000
45.000000
668.000000
1367.000000
1904.000000
2213.000000
2140.000000
1776.000000
1268.000000
822.000000
583.000000
486.000000
594.000000
752.000000
939.000000
980.000000
786.000000
397.000000
-223.000000
-878.000000
-1435.000000
-1759.000000
-1713.000000
-1496.000000
-1064.000000
-719.000000
-478.000000
-471.000000
-602.000000
-523.000000
-266.000000
305.000000
794.000000
1295.000000
1901.000000
2666.000000
3602.000000
4186.000000
4416.000000
4219.000000
3966.000000
4030.000000
4154.000000
3863.000000
1772.000000
-2223.000000
-6781.000000
-9538.000000
-8640.000000
-5733.000000
-3025.000000
-2933.000000
-4392.000000
-5529.000000
-5108.000000
-3688.000000
-3296.000000
-4574.000000
-6918.000000
-8285.000000
-6853.000000
-2971.000000
1819.000000
4659.000000
4854.000000
3495.000000
2655.000000
3491.000000
4482.000000
4434.000000
2558.000000
444.000000
-262.000000
665.000000
2382.000000
2815.000000
1601.000000
-835.000000
-3145.000000
-4253.000000
-4459.000000
-4024.000000
-3867.000000
-3722.000000
-3247.000000
-2208.000000
-623.000000
491.000000
958.000000
494.000000
-344.000000
-1010.000000
-1310.000000
-891.000000
-91.000000
986.000000
1923.000000
2439.000000
2652.000000
2483.000000
2235.000000
1753.000000
1183.000000
619.000000
261.000000
461.000000
1091.000000
2038.000000
2798.000000
3095.000000
2950.000000
2576.000000
2310.000000
2167.000000
2159.000000
2136.000000
2151.000000
2267.000000
2451.000000
2555.000000
2254.000000
1401.000000
46.000000
-1349.000000
-2336.000000
-2748.000000
-2736.000000
-2609.000000
-2310.000000
-1859.000000
-1192.000000
-667.000000
-438.000000
-471.000000
-533.000000
-358.000000
119.000000
912.000000
1872.000000
2690.000000
3050.000000
2812.000000
2166.000000
1390.000000
638.000000
-65.000000
-726.000000
-1186.000000
-1286.000000
-1013.000000
-583.000000
-362.000000
-589.000000
-1238.000000
-2102.000000
-2717.000000
-2790.000000
-2297.000000
-1453.000000
-613.000000
191.000000
978.000000
1712.000000
2292.000000
2372.000000
2232.000000
1745.000000
1431.000000
1315.000000
1570.000000
2124.000000
2384.000000
2524.000000
2162.000000
1911.000000
1630.000000
1306.000000
1014.000000
639.000000
701.000000
1077.000000
1798.000000
2840.000000
3353.000000
3065.000000
541.000000
-3684.000000
-8038.000000
-10351.000000
-8752.000000
-5473.000000
-2042.000000
-1144.000000
-1379.000000
-1420.000000
-619.000000
260.000000
-825.000000
-3378.000000
-6411.000000
-7855.000000
-6567.000000
-3401.000000
810.000000
3580.000000
4530.000000
3904.000000
3040.000000
3227.000000
3178.000000
2482.000000
228.000000
-1868.000000
-2426.000000
-1343.000000
669.000000
1479.000000
1082.000000
-488.000000
-2121.000000
-3210.000000
-4098.000000
-4366.000000
-4600.000000
-4184.000000
-3236.000000
-1823.000000
-50.000000
1216.000000
2175.000000
2283.000000
1907.000000
1109.000000
117.000000
-482.000000
-667.000000
-193.000000
429.000000
992.000000
1429.000000
1647.000000
1753.000000
1456.000000
780.000000
-59.000000
-804.000000
-930.000000
-569.000000
313.000000
1336.000000
2377.000000
3372.000000
4105.000000
4602.000000
4617.000000
4334.000000
3876.000000
3497.000000
3284.000000
3027.000000
2724.000000
2344.000000
1936.000000
1522.000000
723.000000
-594.000000
-2406.000000
-4156.000000
-5121.000000
-5112.000000
-4064.000000
-2873.000000
-1828.000000
-1303.000000
-975.000000
-408.000000
336.000000
1241.000000
1712.000000
1910.000000
1943.000000
2150.000000
2611.000000
2890.000000
2789.000000
1998.000000
874.000000
-155.000000
-830.000000
-986.000000
-1036.000000
-1007.000000
-1085.000000
-1250.000000
-1383.000000
-1671.000000
-1862.000000
-2070.000000
-2061.000000
-1847.000000
-1486.000000
-817.000000
-60.000000
797.000000
1412.000000
1620.000000
1595.000000
1282.000000
1184.000000
1174.000000
1518.000000
2047.000000
2479.000000
2746.000000
2544.000000
2337.000000
2138.000000
2073.000000
1954.000000
1710.000000
1646.000000
1922.000000
2596.000000
3461.000000
3828.000000
3134.000000
275.000000
-4191.000000
-8548.000000
-10426.000000
-8713.000000
-5547.000000
-2808.000000
-2339.000000
-2530.000000
-2308.000000
-1235.000000
-517.000000
-1488.000000
-3780.000000
-6444.000000
-7717.000000
-6640.000000
-3451.000000
770.000000
3946.000000
5281.000000
4968.000000
4356.000000
4436.000000
4371.000000
3399.000000
805.000000
-1816.000000
-2994.000000
-2181.000000
-361.000000
648.000000
474.000000
-727.000000
-1978.000000
-3037.000000
-3936.000000
-4549.000000
-4961.000000
-4729.000000
-3937.000000
-2485.000000
-590.000000
1284.000000
2832.000000
3492.000000
3400.000000
2493.000000
1385.000000
460.000000
52.000000
134.000000
398.000000
799.000000
1123.000000
1439.000000
1436.000000
1162.000000
537.000000
-222.000000
-997.000000
-1466.000000
-1517.000000
-940.000000
117.000000
1409.000000
2704.000000
3763.000000
4586.000000
4928.000000
4983.000000
4712.000000
4305.000000
3722.000000
2998.000000
2283.000000
1744.000000
1465.000000
1265.000000
634.000000
-566.000000
-2148.000000
-3536.000000
-4153.000000
-4165.000000
-3465.000000
-2869.000000
-2180.000000
-1642.000000
-955.000000
103.000000
1071.000000
2007.000000
2140.000000
2105.000000
1954.000000
2031.000000
2357.000000
2318.000000
2105.000000
1289.000000
419.000000
-316.000000
-859.000000
-1069.000000
-1429.000000
-1648.000000
-1884.000000
-2020.000000
-1975.000000
-2090.000000
-2013.000000
-1936.000000
-1687.000000
-1339.000000
-1085.000000
-533.000000
31.000000
824.000000
1541.000000
1882.000000
2028.000000
1700.000000
1522.000000
1429.000000
1586.000000
2032.000000
2222.000000
2427.000000
2200.000000
2047.000000
2128.000000
2238.000000
2397.000000
2037.000000
1736.000000
1824.000000
2278.000000
3472.000000
4119.000000
4131.000000
1810.000000
-2786.000000
-7880.000000
-11468.000000
-10583.000000
-7548.000000
-3930.000000
-2692.000000
-2839.000000
-2443.000000
-1235.000000
576.000000
340.000000
-1725.000000
-4933.000000
-7482.000000
-7433.000000
-5202.000000
-815.000000
3246.000000
5634.000000
5994.000000
4911.000000
4757.000000
4656.000000
4273.000000
1748.000000
-1966.000000
-4500.000000
-4942.000000
-2904.000000
-1111.000000
-165.000000
-473.000000
-1293.000000
-1861.000000
-2797.000000
-3369.000000
-3947.000000
-3822.000000
-3214.000000
-2301.000000
-711.000000
1128.000000
3390.000000
4859.000000
5129.000000
4048.000000
2153.000000
448.000000
-847.000000
-1453.000000
-1694.000000
-1646.000000
-1432.000000
-1098.000000
-655.000000
-220.000000
7.000000
-66.000000
-500.000000
-1011.000000
-1304.000000
-970.000000
178.000000
1856.000000
3706.000000
5207.000000
6245.000000
6801.000000
6967.000000
6672.000000
5958.000000
4697.000000
3116.000000
1393.000000
85.000000
-608.000000
-931.000000
-1351.000000
-2478.000000
-3718.000000
-4899.000000
-5127.000000
-4658.000000
-3483.000000
-2058.000000
-944.000000
-24.000000
611.000000
1642.000000
2675.000000
3436.000000
3532.000000
3024.000000
2479.000000
2053.000000
1961.000000
1888.000000
1568.000000
903.000000
-209.000000
-1154.000000
-1875.000000
-2158.000000
-2143.000000
-2109.000000
-1882.000000
-1832.000000
-1604.000000
-1511.000000
-1345.000000
-1112.000000
-897.000000
-558.000000
-365.000000
20.000000
548.000000
1334.000000
2123.000000
2580.000000
2584.000000
2171.000000
1655.000000
1350.000000
1258.000000
1413.000000
1481.000000
1419.000000
1257.000000
1219.000000
1456.000000
1732.000000
2007.000000
2084.000000
2382.000000
2874.000000
3951.000000
4857.000000
4794.000000
1920.000000
-3563.000000
-9612.000000
-12799.000000
-11339.000000
-7448.000000
-3969.000000
-3160.000000
-3344.000000
-2837.000000
-1006.000000
709.000000
408.000000
-1883.000000
-5039.000000
-7141.000000
-6829.000000
-4163.000000
316.000000
4409.000000
6691.000000
6561.000000
5167.000000
4538.000000
4303.000000
3595.000000
605.000000
-3346.000000
-6079.000000
-6214.000000
-4201.000000
-2446.000000
-1415.000000
-1131.000000
-842.000000
-779.000000
-1557.000000
-2429.000000
-2909.000000
-2261.000000
-1114.000000
-67.000000
1083.000000
2299.000000
3998.000000
5196.000000
5481.000000
4437.000000
2364.000000
87.000000
-2003.000000
-3125.000000
-3435.000000
-3126.000000
-2668.000000
-2320.000000
-1722.000000
-882.000000
188.000000
881.000000
960.000000
689.000000
515.000000
1087.000000
2263.000000
3811.000000
5178.000000
6244.000000
6969.000000
7190.000000
6891.000000
5936.000000
4609.000000
2832.000000
793.000000
-1375.000000
-3191.000000
-4373.000000
-5075.000000
-5242.000000
-5177.000000
-4532.000000
-3637.000000
-2368.000000
-895.000000
506.000000
1723.000000
2175.000000
2338.000000
2091.000000
2000.000000
1925.000000
1841.000000
1978.000000
1936.000000
1979.000000
1582.000000
890.000000
32.000000
-954.000000
-1572.000000
-2173.000000
-2365.000000
-2458.000000
-2258.000000
-1657.000000
-966.000000
-139.000000
138.000000
104.000000
-286.000000
-513.000000
-443.000000
-115.000000
431.000000
951.000000
1396.000000
1694.000000
2059.000000
2370.000000
2544.000000
2055.000000
1127.000000
115.000000
-463.000000
-433.000000
-189.000000
262.000000
695.000000
1139.000000
1731.000000
2204.000000
3161.000000
3989.000000
5153.000000
6528.000000
7549.000000
7199.000000
2444.000000
-5041.000000
-12884.000000
-15431.000000
-12509.000000
-7460.000000
-3733.000000
-3121.000000
-2153.000000
-706.000000
1435.000000
2015.000000
412.000000
-2009.000000
-5165.000000
-7122.000000
-7470.000000
-4558.000000
1266.000000
6462.000000
8762.000000
6612.000000
3727.000000
2347.000000
2177.000000
1184.000000
-2545.000000
-5861.000000
-7031.000000
-5185.000000
-2820.000000
-1692.000000
-769.000000
125.000000
1052.000000
50.000000
-2255.000000
-3591.000000
-2862.000000
-529.000000
826.000000
1364.000000
2028.000000
3536.000000
5021.000000
4625.000000
2811.000000
387.000000
-1509.000000
-3151.000000
-4738.000000
-5453.000000
-4778.000000
-2940.000000
-1272.000000
-484.000000
25.000000
853.000000
2220.000000
3179.000000
3304.000000
2910.000000
2672.000000
3266.000000
4356.000000
5547.000000
6179.000000
6199.000000
5754.000000
4830.000000
3695.000000
2156.000000
613.000000
-1020.000000
-2381.000000
-3361.000000
-3968.000000
-4139.000000
-4323.000000
-4025.000000
-3500.000000
-2433.000000
-1367.000000
-340.000000
814.000000
1984.000000
3147.000000
3512.000000
3268.000000
2494.000000
1729.000000
1009.000000
361.000000
51.000000
204.000000
772.000000
1105.000000
779.000000
-134.000000
-1141.000000
-1867.000000
-2409.000000
-2909.000000
-3086.000000
-2607.000000
-1298.000000
206.000000
1340.000000
1710.000000
1524.000000
1085.000000
571.000000
234.000000
-12.000000
111.000000
498.000000
1091.000000
1655.000000
1897.000000
1912.000000
1389.000000
472.000000
-873.000000
-2109.000000
-2559.000000
-2187.000000
-977.000000
344.000000
1775.000000
3200.000000
4594.000000
5893.000000
6577.000000
6801.000000
7116.000000
7459.000000
6833.000000
2097.000000
-6385.000000
-15008.000000
-18073.000000
-13849.000000
-7359.000000
-2481.000000
-1067.000000
464.000000
2488.000000
3342.000000
2223.000000
-458.000000
-2008.000000
-3851.000000
-6241.000000
-7781.000000
-5753.000000
861.000000
7008.000000
8972.000000
6092.000000
2248.000000
688.000000
-245.000000
-1918.000000
-4992.000000
-6500.000000
-5264.000000
-3079.000000
-1362.000000
-1052.000000
64.000000
1651.000000
2030.000000
67.000000
-3318.000000
-4450.000000
-3008.000000
-354.000000
1455.000000
2284.000000
3664.000000
4717.000000
4632.000000
2668.000000
77.000000
-1786.000000
-3531.000000
-5128.000000
-6428.000000
-5865.000000
-3383.000000
-780.000000
798.000000
1047.000000
1417.000000
2115.000000
2660.000000
2882.000000
2939.000000
3445.000000
3876.000000
4112.000000
4512.000000
5241.000000
5775.000000
5008.000000
3237.000000
1518.000000
551.000000
-87.000000
-966.000000
-1718.000000
-1733.000000
-1262.000000
-1083.000000
-1516.000000
-1927.000000
-1939.000000
-1707.000000
-1483.000000
-1096.000000
-319.000000
576.000000
1369.000000
1847.000000
2142.000000
1937.000000
1361.000000
695.000000
275.000000
90.000000
-24.000000
205.000000
843.000000
1544.000000
1465.000000
354.000000
-1285.000000
-2600.000000
-3278.000000
-3419.000000
-3160.000000
-2185.000000
-568.000000
1234.000000
2472.000000
2850.000000
2536.000000
1765.000000
786.000000
-250.000000
-853.000000
-886.000000
-376.000000
355.000000
1108.000000
1674.000000
1752.000000
984.000000
-368.000000
-1817.000000
-2597.000000
-2436.000000
-1400.000000
391.000000
2278.000000
3853.000000
5007.000000
5844.000000
6872.000000
7026.000000
6804.000000
6238.000000
5595.000000
3150.000000
-3963.000000
-12342.000000
-17977.000000
-15235.000000
-8305.000000
-2207.000000
688.000000
1652.000000
3556.000000
3267.000000
1144.000000
-1941.000000
-3441.000000
-3679.000000
-5684.000000
-7150.000000
-5966.000000
-324.000000
5953.000000
8171.000000
6846.000000
3214.000000
834.000000
-1456.000000
-3616.000000
-4995.000000
-5082.000000
-2838.000000
-817.000000
670.000000
536.000000
-28.000000
-141.000000
-542.000000
-1416.000000
-3454.000000
-4474.000000
-3354.000000
-665.000000
1931.000000
3085.000000
3855.000000
4152.000000
3450.000000
1072.000000
-1942.000000
-3896.000000
-4636.000000
-4822.000000
-4796.000000
-3649.000000
-1311.000000
957.000000
1561.000000
914.000000
219.000000
378.000000
794.000000
1261.000000
2360.000000
4037.000000
5613.000000
5879.000000
5413.000000
4873.000000
4327.000000
3030.000000
1083.000000
-265.000000
-474.000000
-130.000000
53.000000
290.000000
936.000000
1352.000000
738.000000
-668.000000
-1973.000000
-2665.000000
-3152.000000
-3149.000000
-2106.000000
-142.000000
1600.000000
2351.000000
2682.000000
2872.000000
2392.000000
912.000000
-647.000000
-974.000000
-414.000000
129.000000
421.000000
1116.000000
2166.000000
2263.000000
970.000000
-1098.000000
-2680.000000
-3520.000000
-3860.000000
-3525.000000
-2277.000000
-174.000000
1852.000000
3103.000000
3413.000000
2896.000000
1658.000000
-43.000000
-1330.000000
-1521.000000
-746.000000
232.000000
987.000000
1643.000000
2146.000000
2067.000000
1163.000000
-261.000000
-1464.000000
-2230.000000
-2232.000000
-1571.000000
80.000000
1973.000000
3551.000000
4549.000000
5374.000000
6428.000000
6745.000000
6944.000000
6080.000000
4117.000000
-1992.000000
-10403.000000
-16817.000000
-16179.000000
-9262.000000
-2305.000000
2396.000000
3942.000000
4654.000000
2863.000000
-878.000000
-3610.000000
-4194.000000
-3384.000000
-4859.000000
-6706.000000
-5495.000000
-565.000000
5397.000000
7622.000000
6863.000000
3975.000000
600.000000
-2642.000000
-5481.000000
-5766.000000
-4680.000000
-2045.000000
270.000000
1777.000000
1736.000000
23.000000
-1235.000000
-1877.000000
-1974.000000
-3018.000000
-3681.000000
-2303.000000
606.000000
3246.000000
4077.000000
4125.000000
3765.000000
2495.000000
-131.000000
-3146.000000
-4972.000000
-5670.000000
-5517.000000
-4607.000000
-2438.000000
111.000000
1489.000000
1143.000000
38.000000
-487.000000
-620.000000
-409.000000
367.000000
2445.000000
5089.000000
6954.000000
7468.000000
7053.000000
6290.000000
4721.000000
2228.000000
-179.000000
-1337.000000
-1018.000000
-298.000000
323.000000
1130.000000
1938.000000
1935.000000
95.000000
-2347.000000
-4067.000000
-4520.000000
-4270.000000
-3475.000000
-1205.000000
1786.000000
4087.000000
4469.000000
3704.000000
2695.000000
1112.000000
-800.000000
-2314.000000
-2040.000000
-550.000000
951.000000
2116.000000
2849.000000
3223.000000
2114.000000
-68.000000
-2366.000000
-3745.000000
-4210.000000
-4255.000000
-3300.000000
-1385.000000
970.000000
2405.000000
2644.000000
2247.000000
1414.000000
80.000000
-1426.000000
-1987.000000
-1057.000000
577.000000
1917.000000
2557.000000
2824.000000
2514.000000
1607.000000
186.000000
-1107.000000
-1874.000000
-2084.000000
-1313.000000
-134.000000
1605.000000
3036.000000
4499.000000
5776.000000
6311.000000
6745.000000
6434.000000
5707.000000
1394.000000
-6645.000000
-14542.000000
-17434.000000
-12406.000000
-5116.000000
1345.000000
4831.000000
6249.000000
5351.000000
687.000000
-3660.000000
-5599.000000
-4500.000000
-3892.000000
-5100.000000
-4326.000000
-920.000000
4169.000000
6579.000000
6088.000000
4539.000000
1942.000000
-1075.000000
-5007.000000
-6733.000000
-5478.000000
-1996.000000
1649.000000
2979.000000
2364.000000
-408.000000
-2917.000000
-4454.000000
-4740.000000
-4473.000000
-3779.000000
-1546.000000
1327.000000
3768.000000
4738.000000
5221.000000
5341.000000
3867.000000
349.000000
-3473.000000
-5101.000000
-4813.000000
-4182.000000
-3894.000000
-2910.000000
-1139.000000
-251.000000
-1006.000000
-2470.000000
-2749.000000
-2020.000000
-1152.000000
-122.000000
1682.000000
4520.000000
6837.000000
7928.000000
7901.000000
7076.000000
5615.000000
3107.000000
997.000000
110.000000
502.000000
1169.000000
1255.000000
1490.000000
1496.000000
860.000000
-1000.000000
-3230.000000
-4514.000000
-4761.000000
-4226.000000
-3004.000000
-857.000000
1702.000000
3521.000000
4140.000000
3865.000000
2871.000000
1265.000000
-571.000000
-1574.000000
-1216.000000
-174.000000
950.000000
1923.000000
2821.000000
3126.000000
1959.000000
-24.000000
-2025.000000
-2992.000000
-3248.000000
-3030.000000
-2214.000000
-1171.000000
22.000000
423.000000
521.000000
407.000000
272.000000
1.000000
-418.000000
-180.000000
571.000000
1804.000000
2785.000000
3149.000000
2498.000000
905.000000
-684.000000
-1596.000000
-1414.000000
-879.000000
-50.000000
777.000000
1646.000000
2412.000000
2910.000000
3806.000000
4266.000000
5162.000000
5605.000000
5272.000000
1861.000000
-5444.000000
-12326.000000
-15137.000000
-11050.000000
-5082.000000
106.000000
3387.000000
4723.000000
3797.000000
-1082.000000
-5483.000000
-6481.000000
-4085.000000
-1963.000000
-2438.000000
-1837.000000
795.000000
4355.000000
5560.000000
4339.000000
3238.000000
1742.000000
-175.000000
-3078.000000
-4364.000000
-3178.000000
-637.000000
1923.000000
2709.000000
1892.000000
-964.000000
-4125.000000
-6233.000000
-6583.000000
-5610.000000
-3835.000000
-982.000000
1928.000000
3758.000000
3862.000000
3373.000000
2936.000000
2041.000000
314.000000
-1455.000000
-2047.000000
-1876.000000
-1686.000000
-1615.000000
-1074.000000
-637.000000
-1292.000000
-2931.000000
-4280.000000
-4274.000000
-3441.000000
-2036.000000
89.000000
3012.000000
5555.000000
6373.000000
5718.000000
4766.000000
4339.000000
3939.000000
3247.000000
2702.000000
2832.000000
3306.000000
3586.000000
3499.000000
3205.000000
2075.000000
-612.000000
-3981.000000
-6657.000000
-7241.000000
-6167.000000
-3452.000000
427.000000
4084.000000
5760.000000
4554.000000
2247.000000
254.000000
-995.000000
-1846.000000
-1967.000000
-663.000000
1277.000000
2611.000000
2942.000000
2963.000000
2946.000000
2038.000000
94.000000
-2052.000000
-3132.000000
-3028.000000
-2188.000000
-810.000000
682.000000
1632.000000
928.000000
-749.000000
-2410.000000
-2947.000000
-2557.000000
-1558.000000
216.000000
2182.000000
3874.000000
4359.000000
3978.000000
2963.000000
1572.000000
158.000000
-1018.000000
-1383.000000
-1312.000000
-577.000000
77.000000
1045.000000
1754.000000
2458.000000
3220.000000
3456.000000
4099.000000
3772.000000
3019.000000
-700.000000
-6208.000000
-10677.000000
-11362.000000
-7087.000000
-2482.000000
1562.000000
3192.000000
2886.000000
147.000000
-4742.000000
-7162.000000
-6695.000000
-3708.000000
-1822.000000
-1039.000000
952.000000
2948.000000
4317.000000
3142.000000
2147.000000
2212.000000
2001.000000
1079.000000
-700.000000
-419.000000
756.000000
1825.000000
1671.000000
509.000000
-728.000000
-3059.000000
-5294.000000
-6701.000000
-5985.000000
-3989.000000
-1824.000000
84.000000
1272.000000
1609.000000
819.000000
-143.000000
-759.000000
-612.000000
-110.000000
673.000000
1333.000000
1353.000000
939.000000
266.000000
-160.000000
-884.000000
-2055.000000
-3289.000000
-4079.000000
-3812.000000
-2698.000000
-719.000000
1494.000000
2980.000000
3366.000000
2845.000000
2349.000000
2211.000000
2305.000000
2881.000000
3875.000000
4908.000000
5085.000000
4283.000000
3445.000000
2781.000000
1759.000000
-258.000000
-2373.000000
-3328.000000
-3034.000000
-2230.000000
-1365.000000
-283.000000
779.000000
1167.000000
545.000000
-274.000000
-554.000000
-125.000000
664.000000
1350.000000
2156.000000
2744.000000
3050.000000
2713.000000
1855.000000
1010.000000
234.000000
37.000000
-16.000000
91.000000
-107.000000
-601.000000
-1041.000000
-1471.000000
-1668.000000
-1940.000000
-1937.000000
-1721.000000
-1345.000000
-827.000000
-164.000000
782.000000
1565.000000
2052.000000
2236.000000
2151.000000
1792.000000
1147.000000
661.000000
663.000000
918.000000
1203.000000
1223.000000
1270.000000
1286.000000
1242.000000
1285.000000
1549.000000
1931.000000
2191.000000
2310.000000
2004.000000
481.000000
-3200.000000
-7113.000000
-9125.000000
-7435.000000
-4022.000000
-737.000000
1662.000000
2217.000000
490.000000
-4072.000000
-8025.000000
-8856.000000
-6657.000000
-3713.000000
-1613.000000
733.000000
2853.000000
3435.000000
1966.000000
198.000000
347.000000
1481.000000
2229.000000
2182.000000
2474.000000
3328.000000
3423.000000
2696.000000
1492.000000
563.000000
-1021.000000
-3314.000000
-5091.000000
-5227.000000
-3734.000000
-2242.000000
-1005.000000
-202.000000
50.000000
-673.000000
-2250.000000
-3256.000000
-3166.000000
-1885.000000
-254.000000
1079.000000
1877.000000
1850.000000
1254.000000
132.000000
-1080.000000
-1819.000000
-1679.000000
-764.000000
240.000000
1057.000000
1822.000000
2383.000000
2368.000000
1583.000000
676.000000
219.000000
158.000000
251.000000
645.000000
1773.000000
3226.000000
4280.000000
4385.000000
3920.000000
3085.000000
1855.000000
471.000000
-639.000000
-834.000000
-638.000000
-379.000000
-361.000000
-343.000000
-185.000000
-234.000000
-316.000000
-537.000000
-529.000000
-428.000000
-121.000000
560.000000
1352.000000
2225.000000
2680.000000
2826.000000
2503.000000
1749.000000
1018.000000
480.000000
542.000000
601.000000
444.000000
-114.000000
-875.000000
-1481.000000
-1921.000000
-1862.000000
-1543.000000
-1005.000000
-616.000000
-365.000000
-256.000000
-207.000000
-87.000000
226.000000
674.000000
1055.000000
1242.000000
1234.000000
1195.000000
1139.000000
1177.000000
1522.000000
2014.000000
2498.000000
2695.000000
2731.000000
2815.000000
2781.000000
2908.000000
2497.000000
1200.000000
-1913.000000
-5591.000000
-7788.000000
-7397.000000
-4871.000000
-2295.000000
203.000000
1471.000000
885.000000
-2238.000000
-6235.000000
-8178.000000
-7760.000000
-5692.000000
-3590.000000
-1102.000000
1200.000000
1838.000000
660.000000
-1127.000000
-1509.000000
-838.000000
37.000000
1119.000000
2727.000000
4507.000000
5006.000000
4091.000000
2703.000000
1512.000000
240.000000
-1269.000000
-2175.000000
-1899.000000
-938.000000
-227.000000
158.000000
364.000000
228.000000
-921.000000
-2642.000000
-3900.000000
-4038.000000
-3191.000000
-2020.000000
-634.000000
417.000000
569.000000
-524.000000
-2243.000000
-3363.000000
-3516.000000
-2789.000000
-1685.000000
-174.000000
1575.000000
2978.000000
3560.000000
3237.000000
2826.000000
2546.000000
2359.000000
1889.000000
1567.000000
1856.000000
2515.000000
3133.000000
3278.000000
3323.000000
3119.000000
2440.000000
1280.000000
201.000000
-58.000000
237.000000
677.000000
728.000000
439.000000
-46.000000
-819.000000
-1625.000000
-2335.000000
-2507.000000
-2247.000000
-1664.000000
-912.000000
-125.000000
700.000000
1326.000000
1787.000000
1955.000000
1863.000000
1683.000000
1552.000000
1636.000000
1762.000000
1893.000000
2083.000000
2276.000000
2199.000000
1455.000000
423.000000
-521.000000
-1023.000000
-1203.000000
-1220.000000
-1001.000000
-781.000000
-654.000000
-860.000000
-1084.000000
-1095.000000
-757.000000
-260.000000
-56.000000
-122.000000
-369.000000
-318.000000
-54.000000
459.000000
986.000000
1507.000000
1963.000000
2158.000000
2254.000000
2046.000000
1916.000000
1680.000000
1419.000000
812.000000
-489.000000
-1921.000000
-3006.000000
-2881.000000
-2019.000000
-879.000000
23.000000
211.000000
-325.000000
-1833.000000
-3484.000000
-4589.000000
-4614.000000
-3676.000000
-2387.000000
-1052.000000
-416.000000
-618.000000
-1645.000000
-2715.000000
-3111.000000
-2770.000000
-1685.000000
-311.000000
1152.000000
2003.000000
1884.000000
1087.000000
58.000000
-614.000000
-1083.000000
-1168.000000
-761.000000
105.000000
1046.000000
1410.000000
1313.000000
931.000000
508.000000
-15.000000
-566.000000
-802.000000
-540.000000
3.000000
564.000000
858.000000
800.000000
298.000000
-606.000000
-1516.000000
-2197.000000
-2515.000000
-2585.000000
-2438.000000
-1938.000000
-1221.000000
-369.000000
350.000000
737.000000
733.000000
378.000000
5.000000
-164.000000
78.000000
820.000000
1940.000000
3076.000000
3691.000000
3617.000000
3067.000000
2412.000000
1878.000000
1531.000000
1462.000000
1672.000000
2019.000000
2215.000000
2209.000000
1976.000000
1676.000000
1213.000000
651.000000
167.000000
-112.000000
-149.000000
-267.000000
-424.000000
-527.000000
-348.000000
27.000000
286.000000
272.000000
-54.000000
-391.000000
-557.000000
-529.000000
-312.000000
-164.000000
-37.000000
-140.000000
-295.000000
-423.000000
-345.000000
31.000000
342.000000
579.000000
477.000000
264.000000
-8.000000
-189.000000
-230.000000
-171.000000
30.000000
282.000000
426.000000
369.000000
159.000000
19.000000
100.000000
228.000000
395.000000
496.000000
585.000000
537.000000
319.000000
55.000000
-324.000000
-674.000000
-986.000000
-1053.000000
-830.000000
-468.000000
-176.000000
-139.000000
-325.000000
-600.000000
-865.000000
-1046.000000
-1099.000000
-1001.000000
-714.000000
-235.000000
344.000000
920.000000
1262.000000
1266.000000
878.000000
153.000000
-580.000000
-1142.000000
-1287.000000
-976.000000
-379.000000
337.000000
613.000000
385.000000
-465.000000
-1484.000000
-2297.000000
-2838.000000
-2860.000000
-2624.000000
-2091.000000
-1601.000000
-1324.000000
-1309.000000
-1508.000000
-1711.000000
-1804.000000
-1710.000000
-1341.000000
-760.000000
-99.000000
412.000000
658.000000
832.000000
910.000000
944.000000
798.000000
658.000000
649.000000
739.000000
812.000000
843.000000
913.000000
985.000000
949.000000
804.000000
609.000000
385.000000
137.000000
-162.000000
-325.000000
-351.000000
-225.000000
-46.000000
147.000000
341.000000
473.000000
603.000000
723.000000
866.000000
967.000000
1074.000000
1124.000000
997.000000
687.000000
319.000000
172.000000
222.000000
332.000000
419.000000
530.000000
762.000000
879.000000
775.000000
517.000000
407.000000
532.000000
684.000000
790.000000
787.000000
796.000000
732.000000
601.000000
508.000000
547.000000
676.000000
699.000000
607.000000
502.000000
475.000000
560.000000
638.000000
665.000000
497.000000
180.000000
-104.000000
-239.000000
-170.000000
-110.000000
-9.000000
111.000000
211.000000
94.000000
-224.000000
-551.000000
-863.000000
-993.000000
-988.000000
-704.000000
-308.000000
46.000000
186.000000
13.000000
-288.000000
-685.000000
-986.000000
-1235.000000
-1306.000000
-1110.000000
-754.000000
-321.000000
-143.000000
-198.000000
-333.000000
-491.000000
-593.000000
-651.000000
-550.000000
-336.000000
-73.000000
258.000000
606.000000
900.000000
917.000000
648.000000
310.000000
59.000000
2.000000
63.000000
322.000000
722.000000
1111.000000
1333.000000
1254.000000
956.000000
504.000000
75.000000
-222.000000
-363.000000
-427.000000
-466.000000
-540.000000
-668.000000
-910.000000
-1203.000000
-1437.000000
-1569.000000
-1542.000000
-1495.000000
-1325.000000
-1179.000000
-1115.000000
-1179.000000
-1329.000000
-1381.000000
-1367.000000
-1174.000000
-851.000000
-468.000000
-193.000000
-134.000000
-200.000000
-280.000000
-238.000000
-106.000000
39.000000
136.000000
139.000000
118.000000
79.000000
77.000000
127.000000
207.000000
288.000000
261.000000
205.000000
273.000000
606.000000
1080.000000
1443.000000
1576.000000
1497.000000
1355.000000
1115.000000
800.000000
546.000000
442.000000
533.000000
638.000000
770.000000
772.000000
616.000000
247.000000
-272.000000
-677.000000
-970.000000
-1010.000000
-898.000000
-556.000000
-133.000000
187.000000
313.000000
276.000000
235.000000
206.000000
201.000000
276.000000
443.000000
674.000000
792.000000
861.000000
981.000000
1161.000000
1252.000000
1045.000000
731.000000
430.000000
292.000000
244.000000
237.000000
298.000000
330.000000
360.000000
263.000000
231.000000
232.000000
244.000000
215.000000
101.000000
129.000000
196.000000
306.000000
257.000000
129.000000
32.000000
-78.000000
-224.000000
-530.000000
-838.000000
-1049.000000
-1114.000000
-1111.000000
-1085.000000
-984.000000
-717.000000
-420.000000
-231.000000
-237.000000
-400.000000
-563.000000
-725.000000
-699.000000
-546.000000
-309.000000
-124.000000
-119.000000
-53.000000
-22.000000
70.000000
96.000000
99.000000
144.000000
118.000000
107.000000
68.000000
175.000000
352.000000
476.000000
559.000000
551.000000
524.000000
423.000000
282.000000
115.000000
-40.000000
-110.000000
-143.000000
-121.000000
-127.000000
-140.000000
-198.000000
-281.000000
-378.000000
-500.000000
-599.000000
-614.000000
-524.000000
-447.000000
-426.000000
-428.000000
-385.000000
-356.000000
-364.000000
-386.000000
-321.000000
-203.000000
-167.000000
-168.000000
-281.000000
-326.000000
-358.000000
-329.000000
-219.000000
-146.000000
-32.000000
-9.000000
-24.000000
-70.000000
-91.000000
-4.000000
93.000000
248.000000
381.000000
474.000000
472.000000
336.000000
238.000000
200.000000
300.000000
473.000000
645.000000
746.000000
720.000000
629.000000
458.000000
279.000000
18.000000
-174.000000
-328.000000
-443.000000
-506.000000
-488.000000
-272.000000
-80.000000
107.000000
211.000000
288.000000
333.000000
272.000000
197.000000
198.000000
327.000000
532.000000
645.000000
686.000000
611.000000
516.000000
373.000000
185.000000
55.000000
-34.000000
-29.000000
-133.000000
-280.000000
-407.000000
-391.000000
-299.000000
-276.000000
-272.000000
-202.000000
-45.000000
55.000000
85.000000
83.000000
138.000000
254.000000
300.000000
316.000000
280.000000
245.000000
161.000000
-5.000000
-158.000000
-241.000000
-180.000000
-78.000000
-13.000000
-6.000000
-28.000000
-46.000000
-116.000000
-162.000000
-96.000000
76.000000
229.000000
197.000000
97.000000
0.000000
22.000000
101.000000
153.000000
208.000000
197.000000
171.000000
39.000000
-112.000000
-212.000000
-203.000000
-84.000000
-32.000000
-59.000000
-195.000000
-381.000000
-524.000000
-578.000000
-478.000000
-276.000000
-72.000000
98.000000
124.000000
18.000000
-210.000000
-398.000000
-484.000000
-547.000000
-542.000000
-488.000000
-310.000000
-136.000000
-21.000000
91.000000
175.000000
245.000000
194.000000
80.000000
6.000000
-90.000000
-141.000000
-144.000000
10.000000
255.000000
394.000000
428.000000
306.000000
164.000000
-72.000000
-272.000000
-349.000000
-332.000000
-223.000000
-154.000000
-87.000000
-42.000000
2.000000
-8.000000
-97.000000
-279.000000
-490.000000
-570.000000
-412.000000
-32.000000
424.000000
829.000000
1080.000000
1099.000000
891.000000
547.000000
261.000000
119.000000
62.000000
-8.000000
-96.000000
-145.000000
-110.000000
-73.000000
-51.000000
-66.000000
-52.000000
-78.000000
-111.000000
-95.000000
-2.000000
213.000000
412.000000
556.000000
587.000000
582.000000
542.000000
444.000000
370.000000
370.000000
422.000000
436.000000
336.000000
187.000000
35.000000
-145.000000
-374.000000
-647.000000
-835.000000
-916.000000
-899.000000
-812.000000
-650.000000
-465.000000
-325.000000
-230.000000
-174.000000
-126.000000
-102.000000
-130.000000
-185.000000
-232.000000
-224.000000
-182.000000
-113.000000
-22.000000
36.000000
22.000000
-65.000000
-95.000000
-69.000000
-46.000000
-133.000000
-222.000000
-247.000000
-136.000000
59.000000
203.000000
373.000000
494.000000
575.000000
575.000000
501.000000
421.000000
381.000000
368.000000
344.000000
290.000000
243.000000
201.000000
143.000000
62.000000
-68.000000
-212.000000
-403.000000
-522.000000
-556.000000
-463.000000
-260.000000
-24.000000
195.000000
267.000000
204.000000
94.000000
3.000000
-57.000000
-147.000000
-208.000000
-204.000000
-173.000000
-112.000000
-86.000000
-19.000000
49.000000
90.000000
86.000000
-3.000000
-85.000000
-169.000000
-154.000000
-25.000000
162.000000
379.000000
535.000000
611.000000
553.000000
403.000000
217.000000
79.000000
12.000000
-16.000000
-43.000000
-99.000000
-178.000000
-289.000000
-396.000000
-504.000000
-563.000000
-583.000000
-531.000000
-415.000000
-279.000000
-148.000000
-47.000000
55.000000
91.000000
113.000000
134.000000
176.000000
207.000000
185.000000
136.000000
95.000000
119.000000
119.000000
98.000000
33.000000
-31.000000
-72.000000
-93.000000
-98.000000
-60.000000
-5.000000
71.000000
174.000000
286.000000
427.000000
437.000000
439.000000
435.000000
506.000000
615.000000
633.000000
575.000000
432.000000
307.000000
195.000000
77.000000
-24.000000
-86.000000
-138.000000
-213.000000
-331.000000
-457.000000
-560.000000
-586.000000
-534.000000
-436.000000
-358.000000
-327.000000
-289.000000
-222.000000
-133.000000
-37.000000
63.000000
161.000000
187.000000
76.000000
-122.000000
-296.000000
-342.000000
-280.000000
-143.000000
-45.000000
-27.000000
-71.000000
-141.000000
-179.000000
-236.000000
-280.000000
-330.000000
-296.000000
-244.000000
-210.000000
-103.000000
101.000000
379.000000
540.000000
505.000000
326.000000
137.000000
9.000000
-72.000000
-60.000000
-4.000000
94.000000
123.000000
65.000000
-6.000000
-106.000000
-158.000000
-215.000000
-202.000000
-149.000000
-84.000000
5.000000
50.000000
133.000000
173.000000
178.000000
105.000000
22.000000
-32.000000
-110.000000
-98.000000
-60.000000
9.000000
50.000000
57.000000
141.000000
236.000000
285.000000
265.000000
195.000000
126.000000
49.000000
22.000000
73.000000
193.000000
346.000000
415.000000
441.000000
415.000000
372.000000
277.000000
109.000000
-53.000000
-236.000000
-339.000000
-394.000000
-383.000000
-302.000000
-189.000000
-97.000000
-88.000000
-119.000000
-149.000000
-125.000000
-61.000000
-22.000000
16.000000
53.000000
82.000000
130.000000
148.000000
187.000000
184.000000
141.000000
59.000000
-72.000000
-147.000000
-241.000000
-278.000000
-304.000000
-285.000000
-205.000000
-79.000000
37.000000
47.000000
5.000000
-56.000000
-58.000000
-40.000000
7.000000
109.000000
251.000000
385.000000
394.000000
296.000000
155.000000
59.000000
28.000000
7.000000
40.000000
88.000000
140.000000
135.000000
49.000000
-53.000000
-136.000000
-208.000000
-311.000000
-380.000000
-363.000000
-270.000000
-135.000000
-5.000000
110.000000
178.000000
200.000000
160.000000
71.000000
-26.000000
-80.000000
-80.000000
-71.000000
-35.000000
19.000000
45.000000
-1.000000
-95.000000
-216.000000
-336.000000
-416.000000
-468.000000
-420.000000
-316.000000
-177.000000
-58.000000
17.000000
71.000000
57.000000
29.000000
20.000000
54.000000
118.000000
163.000000
198.000000
217.000000
187.000000
138.000000
41.000000
-51.000000
-121.000000
-158.000000
-176.000000
-188.000000
-209.000000
-227.000000
-232.000000
-158.000000
-5.000000
124.000000
232.000000
197.000000
135.000000
41.000000
-10.000000
25.000000
91.000000
181.000000
216.000000
238.000000
228.000000
208.000000
189.000000
167.000000
172.000000
159.000000
144.000000
132.000000
105.000000
97.000000
84.000000
104.000000
112.000000
145.000000
167.000000
141.000000
110.000000
53.000000
10.000000
-68.000000
-129.000000
-161.000000
-161.000000
-116.000000
-78.000000
-16.000000
-15.000000
17.000000
52.000000
77.000000
76.000000
35.000000
33.000000
46.000000
106.000000
143.000000
170.000000
214.000000
174.000000
97.000000
-6.000000
-74.000000
-67.000000
-43.000000
-11.000000
-15.000000
-23.000000
-32.000000
-53.000000
-77.000000
-119.000000
-158.000000
-210.000000
-232.000000
-201.000000
-115.000000
16.000000
122.000000
177.000000
168.000000
129.000000
86.000000
30.000000
-38.000000
-85.000000
-77.000000
-42.000000
10.000000
28.000000
28.000000
-16.000000
-97.000000
-182.000000
-240.000000
-255.000000
-244.000000
-199.000000
-143.000000
-68.000000
-13.000000
43.000000
87.000000
121.000000
107.000000
85.000000
64.000000
58.000000
72.000000
65.000000
97.000000
88.000000
68.000000
-8.000000
-96.000000
-174.000000
-255.000000
-285.000000
-299.000000
-263.000000
-231.000000
-175.000000
-91.000000
-6.000000
93.000000
158.000000
191.000000
181.000000
141.000000
119.000000
96.000000
74.000000
17.000000
-16.000000
1.000000
5.000000
-18.000000
-86.000000
-131.000000
-142.000000
-145.000000
-143.000000
-112.000000
-60.000000
-15.000000
16.000000
31.000000
83.000000
164.000000
246.000000
290.000000
278.000000
231.000000
164.000000
121.000000
96.000000
106.000000
135.000000
156.000000
148.000000
93.000000
27.000000
-5.000000
-5.000000
-8.000000
-32.000000
-58.000000
-74.000000
-102.000000
-128.000000
-152.000000
-128.000000
-102.000000
-86.000000
-77.000000
-78.000000
-37.000000
-33.000000
-32.000000
-26.000000
4.000000
28.000000
-10.000000
-62.000000
-50.000000
27.000000
112.000000
158.000000
181.000000
193.000000
202.000000
166.000000
83.000000
-2.000000
-73.000000
-83.000000
-45.000000
13.000000
54.000000
72.000000
67.000000
50.000000
12.000000
-15.000000
-43.000000
-46.000000
-26.000000
-9.000000
22.000000
67.000000
145.000000
221.000000
284.000000
293.000000
262.000000
184.000000
82.000000
-5.000000
-67.000000
-62.000000
-32.000000
-11.000000
-38.000000
-87.000000
-116.000000
-151.000000
-174.000000
-198.000000
-192.000000
-160.000000
-122.000000
-76.000000
-38.000000
-15.000000
-23.000000
-67.000000
-112.000000
-149.000000
-157.000000
-136.000000
-80.000000
-9.000000
69.000000
154.000000
164.000000
110.000000
-29.000000
-169.000000
-259.000000
-286.000000
-225.000000
-151.000000
-83.000000
-71.000000
-59.000000
-68.000000
-97.000000
-113.000000
-102.000000
-60.000000
-35.000000
-53.000000
-73.000000
-77.000000
-73.000000
-76.000000
-91.000000
-76.000000
-44.000000
-3.000000
-3.000000
-12.000000
-4.000000
-9.000000
-2.000000
-47.000000
-72.000000
-60.000000
-21.000000
10.000000
2.000000
-5.000000
-4.000000
50.000000
107.000000
161.000000
219.000000
259.000000
277.000000
240.000000
186.000000
153.000000
156.000000
200.000000
201.000000
188.000000
162.000000
144.000000
153.000000
159.000000
179.000000
148.000000
104.000000
37.000000
-57.000000
-133.000000
-183.000000
-170.000000
-143.000000
-131.000000
-131.000000
-114.000000
-75.000000
-35.000000
1.000000
19.000000
44.000000
57.000000
69.000000
108.000000
166.000000
214.000000
213.000000
186.000000
126.000000
52.000000
-32.000000
-78.000000
-71.000000
-54.000000
-34.000000
-49.000000
-66.000000
-99.000000
-102.000000
-63.000000
-16.000000
20.000000
15.000000
25.000000
17.000000
16.000000
3.000000
5.000000
39.000000
65.000000
67.000000
13.000000
-13.000000
4.000000
30.000000
51.000000
13.000000
-16.000000
-33.000000
-77.000000
-134.000000
-174.000000
-167.000000
-123.000000
-52.000000
18.000000
71.000000
102.000000
93.000000
40.000000
-27.000000
-63.000000
-77.000000
-78.000000
-75.000000
-84.000000
-76.000000
-40.000000
18.000000
65.000000
71.000000
14.000000
-70.000000
-140.000000
-168.000000
-142.000000
-86.000000
17.000000
83.000000
88.000000
48.000000
-22.000000
-42.000000
-22.000000
7.000000
22.000000
16.000000
-35.000000
-114.000000
-173.000000
-176.000000
-135.000000
-94.000000
-95.000000
-107.000000
-141.000000
-139.000000
-130.000000
-115.000000
-95.000000
-87.000000
-59.000000
-49.000000
7.000000
65.000000
95.000000
100.000000
85.000000
51.000000
-3.000000
-48.000000
-63.000000
-24.000000
38.000000
82.000000
87.000000
94.000000
97.000000
79.000000
53.000000
61.000000
112.000000
143.000000
165.000000
156.000000
153.000000
170.000000
174.000000
186.000000
167.000000
117.000000
26.000000
-75.000000
-134.000000
-165.000000
-142.000000
-97.000000
-71.000000
-46.000000
-40.000000
-19.000000
-7.000000
-4.000000
-6.000000
1.000000
39.000000
60.000000
76.000000
96.000000
130.000000
148.000000
134.000000
82.000000
5.000000
-59.000000
-97.000000
-114.000000
-102.000000
-72.000000
-54.000000
-59.000000
-93.000000
-130.000000
-135.000000
-87.000000
-25.000000
42.000000
88.000000
108.000000
113.000000
98.000000
74.000000
52.000000
40.000000
43.000000
35.000000
23.000000
14.000000
5.000000
-16.000000
-44.000000
-59.000000
-69.000000
-63.000000
-64.000000
-73.000000
-74.000000
-58.000000
-27.000000
-12.000000
23.000000
48.000000
72.000000
69.000000
41.000000
15.000000
-34.000000
-48.000000
-54.000000
-32.000000
3.000000
23.000000
35.000000
18.000000
-2.000000
-29.000000
-49.000000
-39.000000
-16.000000
19.000000
46.000000
66.000000
67.000000
46.000000
34.000000
35.000000
60.000000
73.000000
65.000000
41.000000
4.000000
-25.000000
-41.000000
-43.000000
-48.000000
-70.000000
-112.000000
-162.000000
-191.000000
-206.000000
-185.000000
-149.000000
-98.000000
-30.000000
12.000000
34.000000
29.000000
20.000000
26.000000
26.000000
27.000000
34.000000
46.000000
64.000000
85.000000
104.000000
95.000000
58.000000
11.000000
-37.000000
-66.000000
-78.000000
-48.000000
-21.000000
17.000000
46.000000
32.000000
34.000000
27.000000
25.000000
-1.000000
-22.000000
-32.000000
-23.000000
5.000000
9.000000
31.000000
60.000000
77.000000
56.000000
3.000000
-48.000000
-70.000000
-76.000000
-63.000000
-20.000000
27.000000
96.000000
118.000000
93.000000
81.000000
42.000000
3.000000
-29.000000
-40.000000
-20.000000
22.000000
64.000000
86.000000
95.000000
92.000000
88.000000
50.000000
-8.000000
-59.000000
-83.000000
-50.000000
-22.000000
-6.000000
13.000000
8.000000
12.000000
11.000000
6.000000
16.000000
12.000000
11.000000
-6.000000
-23.000000
-23.000000
-16.000000
-7.000000
-2.000000
8.000000
13.000000
10.000000
-18.000000
-54.000000
-73.000000
-85.000000
-84.000000
-65.000000
-34.000000
18.000000
68.000000
96.000000
80.000000
45.000000
2.000000
-39.000000
-54.000000
-33.000000
13.000000
58.000000
62.000000
27.000000
-19.000000
-57.000000
-76.000000
-66.000000
-26.000000
12.000000
49.000000
50.000000
39.000000
9.000000
-11.000000
0.000000
21.000000
51.000000
68.000000
67.000000
52.000000
51.000000
43.000000
20.000000
-12.000000
-55.000000
-84.000000
-108.000000
-123.000000
-117.000000
-87.000000
-50.000000
-32.000000
-38.000000
-43.000000
-48.000000
-57.000000
-55.000000
-31.000000
7.000000
33.000000
31.000000
18.000000
15.000000
32.000000
32.000000
24.000000
9.000000
4.000000
9.000000
2.000000
-6.000000
-7.000000
15.000000
28.000000
28.000000
19.000000
-14.000000
-39.000000
-39.000000
-35.000000
-33.000000
-24.000000
-12.000000
-8.000000
-21.000000
-49.000000
-73.000000
-77.000000
-64.000000
-28.000000
0.000000
7.000000
2.000000
16.000000
49.000000
73.000000
110.000000
133.000000
154.000000
142.000000
96.000000
63.000000
52.000000
74.000000
79.000000
56.000000
28.000000
7.000000
15.000000
30.000000
65.000000
90.000000
90.000000
55.000000
8.000000
-34.000000
-77.000000
-71.000000
-48.000000
-26.000000
-6.000000
4.000000
8.000000
0.000000
-8.000000
-30.000000
-43.000000
-39.000000
-33.000000
-29.000000
-22.000000
-3.000000
31.000000
37.000000
28.000000
3.000000
-31.000000
-52.000000
-55.000000
-9.000000
40.000000
76.000000
77.000000
55.000000
39.000000
13.000000
-6.000000
-3.000000
10.000000
28.000000
46.000000
57.000000
58.000000
26.000000
-3.000000
-35.000000
-44.000000
-27.000000
-3.000000
31.000000
47.000000
72.000000
47.000000
27.000000
2.000000
-19.000000
-14.000000
-24.000000
-11.000000
7.000000
34.000000
42.000000
23.000000
2.000000
-37.000000
-78.000000
-105.000000
-108.000000
-100.000000
-88.000000
-67.000000
-53.000000
-59.000000
-67.000000
-75.000000
-64.000000
-36.000000
-8.000000
8.000000
17.000000
29.000000
27.000000
14.000000
-16.000000
-48.000000
-68.000000
-75.000000
-72.000000
-47.000000
-5.000000
16.000000
26.000000
5.000000
-26.000000
-26.000000
-25.000000
-16.000000
-3.000000
-11.000000
-6.000000
-6.000000
-17.000000
-14.000000
-21.000000
-43.000000
-62.000000
-74.000000
-82.000000
-79.000000
-68.000000
-48.000000
-37.000000
-25.000000
-15.000000
-10.000000
-10.000000
-13.000000
-6.000000
9.000000
26.000000
48.000000
74.000000
92.000000
111.000000
111.000000
107.000000
97.000000
87.000000
87.000000
81.000000
92.000000
100.000000
105.000000
100.000000
73.000000
37.000000
2.000000
-9.000000
-23.000000
-18.000000
3.000000
11.000000
17.000000
5.000000
-17.000000
-48.000000
-68.000000
-67.000000
-54.000000
-9.000000
33.000000
63.000000
82.000000
92.000000
89.000000
78.000000
49.000000
1.000000
-41.000000
-72.000000
-80.000000
-65.000000
-28.000000
-18.000000
-8.000000
-10.000000
-44.000000
-64.000000
-75.000000
-63.000000
-38.000000
0.000000
19.000000
39.000000
64.000000
70.000000
80.000000
69.000000
57.000000
60.000000
51.000000
43.000000
26.000000
9.000000
3.000000
-25.000000
-58.000000
-75.000000
-72.000000
-53.000000
-33.000000
-18.000000
-16.000000
-18.000000
-16.000000
-5.000000
8.000000
31.000000
70.000000
90.000000
93.000000
70.000000
30.000000
-17.000000
-63.000000
-86.000000
-91.000000
-86.000000
-73.000000
-54.000000
-47.000000
-57.000000
-71.000000
-68.000000
-62.000000
-63.000000
-37.000000
2.000000
34.000000
50.000000
54.000000
47.000000
41.000000
29.000000
1.000000
-27.000000
-37.000000
-32.000000
-28.000000
-38.000000
-68.000000
-71.000000
-76.000000
-82.000000
-82.000000
-71.000000
-47.000000
-29.000000
-23.000000
-18.000000
-7.000000
6.000000
16.000000
26.000000
31.000000
35.000000
35.000000
13.000000
-8.000000
-16.000000
-21.000000
-31.000000
-40.000000
-47.000000
-44.000000
-28.000000
-22.000000
-16.000000
2.000000
20.000000
55.000000
93.000000
131.000000
159.000000
160.000000
138.000000
94.000000
51.000000
24.000000
29.000000
50.000000
70.000000
60.000000
20.000000
-26.000000
-69.000000
-90.000000
-110.000000
-108.000000
-87.000000
-65.000000
-49.000000
-25.000000
7.000000
35.000000
66.000000
97.000000
116.000000
126.000000
142.000000
130.000000
117.000000
79.000000
21.000000
-26.000000
-51.000000
-65.000000
-88.000000
-81.000000
-70.000000
-59.000000
-59.000000
-63.000000
-59.000000
-57.000000
-39.000000
-11.000000
24.000000
53.000000
80.000000
112.000000
133.000000
136.000000
107.000000
56.000000
8.000000
-27.000000
-58.000000
-73.000000
-82.000000
-99.000000
-125.000000
-135.000000
-140.000000
-123.000000
-80.000000
-45.000000
-3.000000
21.000000
44.000000
59.000000
68.000000
89.000000
90.000000
73.000000
70.000000
56.000000
34.000000
6.000000
-32.000000
-52.000000
-76.000000
-103.000000
-125.000000
-130.000000
-126.000000
-107.000000
-61.000000
-19.000000
12.000000
35.000000
54.000000
74.000000
81.000000
94.000000
97.000000
114.000000
121.000000
112.000000
90.000000
38.000000
3.000000
-38.000000
-79.000000
-116.000000
-139.000000
-145.000000
-140.000000
-133.000000
-117.000000
-76.000000
-34.000000
3.000000
19.000000
36.000000
58.000000
65.000000
79.000000
88.000000
104.000000
105.000000
81.000000
42.000000
-6.000000
-38.000000
-53.000000
-70.000000
-86.000000
-89.000000
-92.000000
-93.000000
-79.000000
-38.000000
-11.000000
22.000000
53.000000
80.000000
96.000000
117.000000
155.000000
186.000000
196.000000
178.000000
153.000000
104.000000
47.000000
-12.000000
-65.000000
-97.000000
-111.000000
-112.000000
-110.000000
-107.000000
-116.000000
-109.000000
-86.000000
-60.000000
-19.000000
18.000000
58.000000
96.000000
130.000000
154.000000
178.000000
175.000000
141.000000
99.000000
51.000000
-9.000000
-69.000000
-106.000000
-119.000000
-122.000000
-129.000000
-127.000000
-129.000000
-116.000000
-107.000000
-78.000000
-19.000000
40.000000
85.000000
98.000000
116.000000
124.000000
106.000000
106.000000
90.000000
77.000000
56.000000
10.000000
-36.000000
-95.000000
-151.000000
-179.000000
-179.000000
-158.000000
-124.000000
-82.000000
-45.000000
-25.000000
-14.000000
-2.000000
4.000000
36.000000
73.000000
103.000000
134.000000
144.000000
128.000000
89.000000
42.000000
-25.000000
-84.000000
-118.000000
-149.000000
-147.000000
-124.000000
-115.000000
-87.000000
-71.000000
-70.000000
-50.000000
-21.000000
18.000000
63.000000
117.000000
165.000000
189.000000
194.000000
182.000000
151.000000
114.000000
70.000000
16.000000
-20.000000
-60.000000
-95.000000
-130.000000
-158.000000
-162.000000
-161.000000
-154.000000
-131.000000
-101.000000
-58.000000
-17.000000
25.000000
78.000000
116.000000
146.000000
155.000000
146.000000
128.000000
106.000000
83.000000
45.000000
8.000000
-25.000000
-61.000000
-93.000000
-116.000000
-118.000000
-118.000000
-120.000000
-111.000000
-94.000000
-59.000000
-17.000000
27.000000
79.000000
122.000000
150.000000
160.000000
153.000000
136.000000
107.000000
74.000000
45.000000
8.000000
-24.000000
-66.000000
-106.000000
-126.000000
-144.000000
-149.000000
-129.000000
-98.000000
-68.000000
-44.000000
-10.000000
40.000000
70.000000
85.000000
97.000000
104.000000
129.000000
136.000000
130.000000
123.000000
110.000000
63.000000
5.000000
-44.000000
-95.000000
-117.000000
-127.000000
-121.000000
-106.000000
-100.000000
-85.000000
-52.000000
-22.000000
7.000000
36.000000
56.000000
77.000000
83.000000
76.000000
81.000000
87.000000
71.000000
40.000000
-7.000000
-53.000000
-80.000000
-99.000000
-104.000000
-90.000000
-80.000000
-77.000000
-77.000000
-88.000000
-87.000000
-70.000000
-18.000000
19.000000
56.000000
95.000000
102.000000
104.000000
90.000000
69.000000
59.000000
43.000000
3.000000
-25.000000
-42.000000
-46.000000
-54.000000
-75.000000
-73.000000
-74.000000
-84.000000
-84.000000
-63.000000
-28.000000
16.000000
59.000000
100.000000
116.000000
122.000000
118.000000
110.000000
100.000000
82.000000
62.000000
50.000000
37.000000
2.000000
-15.000000
-41.000000
-68.000000
-78.000000
-93.000000
-90.000000
-82.000000
-73.000000
-41.000000
-14.000000
1.000000
28.000000
48.000000
61.000000
74.000000
90.000000
103.000000
112.000000
103.000000
83.000000
55.000000
22.000000
-17.000000
-71.000000
-95.000000
-113.000000
-115.000000
-94.000000
-66.000000
-37.000000
-18.000000
-11.000000
-10.000000
7.000000
28.000000
45.000000
66.000000
88.000000
98.000000
95.000000
71.000000
45.000000
16.000000
-21.000000
-42.000000
-57.000000
-63.000000
-63.000000
-69.000000
-74.000000
-79.000000
-84.000000
-84.000000
-70.000000
-37.000000
-13.000000
27.000000
71.000000
101.000000
98.000000
98.000000
97.000000
74.000000
71.000000
47.000000
32.000000
23.000000
6.000000
-8.000000
-25.000000
-47.000000
-65.000000
-78.000000
-80.000000
-65.000000
-42.000000
-8.000000
14.000000
23.000000
25.000000
34.000000
29.000000
18.000000
11.000000
6.000000
1.000000
-3.000000
-15.000000
-27.000000
-21.000000
-30.000000
-41.000000
-55.000000
-58.000000
-55.000000
-58.000000
-57.000000
-50.000000
-31.000000
-19.000000
6.000000
33.000000
47.000000
48.000000
45.000000
41.000000
35.000000
23.000000
20.000000
21.000000
20.000000
10.000000
-22.000000
-36.000000
-41.000000
-53.000000
-50.000000
-43.000000
-34.000000
-19.000000
-15.000000
-7.000000
-12.000000
-4.000000
19.000000
42.000000
59.000000
72.000000
75.000000
73.000000
58.000000
32.000000
12.000000
-16.000000
-25.000000
-33.000000
-24.000000
-17.000000
-12.000000
-7.000000
-13.000000
-20.000000
-33.000000
-44.000000
-39.000000
-18.000000
9.000000
34.000000
54.000000
66.000000
60.000000
45.000000
42.000000
33.000000
26.000000
23.000000
21.000000
14.000000
-4.000000
-13.000000
-25.000000
-49.000000
-51.000000
-47.000000
-42.000000
-30.000000
-5.000000
10.000000
23.000000
26.000000
18.000000
6.000000
-13.000000
-15.000000
-9.000000
17.000000
30.000000
50.000000
44.000000
29.000000
-3.000000
-45.000000
-66.000000
-82.000000
-76.000000
-63.000000
-49.000000
-37.000000
-24.000000
-16.000000
-10.000000
-8.000000
-1.000000
9.000000
6.000000
17.000000
29.000000
48.000000
66.000000
61.000000
61.000000
55.000000
32.000000
10.000000
-4.000000
-7.000000
-9.000000
1.000000
-4.000000
-17.000000
-18.000000
-26.000000
-29.000000
-22.000000
-10.000000
1.000000
7.000000
13.000000
16.000000
14.000000
18.000000
17.000000
23.000000
19.000000
19.000000
19.000000
14.000000
1.000000
-11.000000
-19.000000
-17.000000
-19.000000
-13.000000
2.000000
-1.000000
5.000000
-6.000000
-20.000000
-23.000000
-11.000000
12.000000
17.000000
24.000000
33.000000
34.000000
30.000000
15.000000
0.000000
4.000000
-2.000000
-8.000000
-11.000000
-14.000000
-7.000000
-13.000000
-11.000000
-11.000000
-21.000000
-26.000000
-26.000000
-35.000000
-36.000000
-18.000000
8.000000
24.000000
44.000000
53.000000
45.000000
40.000000
21.000000
8.000000
-1.000000
-15.000000
-9.000000
-7.000000
-7.000000
6.000000
2.000000
-11.000000
-25.000000
-38.000000
-41.000000
-39.000000
-36.000000
-24.000000
-10.000000
10.000000
30.000000
30.000000
28.000000
22.000000
17.000000
12.000000
5.000000
5.000000
16.000000
21.000000
11.000000
-1.000000
-15.000000
-24.000000
-25.000000
-37.000000
-42.000000
-37.000000
-35.000000
-30.000000
-26.000000
-21.000000
-8.000000
5.000000
2.000000
3.000000
8.000000
6.000000
9.000000
15.000000
21.000000
11.000000
6.000000
-14.000000
-34.000000
-39.000000
-35.000000
-30.000000
-20.000000
-13.000000
-19.000000
-19.000000
-19.000000
-7.000000
1.000000
14.000000
36.000000
42.000000
46.000000
47.000000
50.000000
47.000000
36.000000
22.000000
1.000000
-12.000000
-28.000000
-30.000000
-24.000000
-31.000000
-28.000000
-32.000000
-39.000000
-42.000000
-34.000000
-20.000000
5.000000
19.000000
43.000000
50.000000
39.000000
49.000000
41.000000
50.000000
49.000000
53.000000
58.000000
52.000000
33.000000
12.000000
-8.000000
-31.000000
-38.000000
-41.000000
-37.000000
-27.000000
-6.000000
0.000000
8.000000
23.000000
28.000000
21.000000
26.000000
32.000000
30.000000
24.000000
28.000000
30.000000
15.000000
3.000000
-2.000000
-15.000000
-32.000000
-44.000000
-53.000000
-66.000000
-68.000000
-52.000000
-50.000000
-38.000000
-24.000000
-16.000000
-5.000000
3.000000
18.000000
29.000000
44.000000
51.000000
56.000000
57.000000
45.000000
32.000000
13.000000
-10.000000
-28.000000
-33.000000
-42.000000
-53.000000
-45.000000
-33.000000
-32.000000
-31.000000
-22.000000
-24.000000
-17.000000
-4.000000
0.000000
22.000000
46.000000
56.000000
56.000000
53.000000
52.000000
31.000000
11.000000
5.000000
-8.000000
-21.000000
-24.000000
-24.000000
-42.000000
-53.000000
-56.000000
-57.000000
-51.000000
-46.000000
-31.000000
-6.000000
14.000000
28.000000
30.000000
35.000000
35.000000
28.000000
28.000000
24.000000
15.000000
13.000000
5.000000
-12.000000
-26.000000
-36.000000
-43.000000
-44.000000
-34.000000
-27.000000
-13.000000
-5.000000
8.000000
18.000000
28.000000
39.000000
34.000000
30.000000
29.000000
29.000000
27.000000
26.000000
20.000000
23.000000
0.000000
-19.000000
-28.000000
-38.000000
-38.000000
-40.000000
-29.000000
-23.000000
-12.000000
-4.000000
0.000000
8.000000
21.000000
27.000000
44.000000
51.000000
46.000000
61.000000
58.000000
62.000000
46.000000
24.000000
4.000000
-10.000000
-28.000000
-40.000000
-37.000000
-34.000000
-27.000000
-22.000000
-22.000000
-24.000000
-20.000000
-16.000000
-1.000000
16.000000
23.000000
38.000000
40.000000
34.000000
32.000000
34.000000
19.000000
11.000000
11.000000
-5.000000
-7.000000
-11.000000
-13.000000
-23.000000
-31.000000
-33.000000
-44.000000
-52.000000
-53.000000
-42.000000
-26.000000
-6.000000
10.000000
22.000000
34.000000
34.000000
36.000000
31.000000
22.000000
15.000000
2.000000
-16.000000
-19.000000
-25.000000
-26.000000
-21.000000
-20.000000
-15.000000
-21.000000
-17.000000
-19.000000
-26.000000
-15.000000
-4.000000
2.000000
17.000000
32.000000
39.000000
41.000000
34.000000
29.000000
24.000000
11.000000
5.000000
1.000000
0.000000
-2.000000
-6.000000
-12.000000
-16.000000
-29.000000
-37.000000
-33.000000
-29.000000
-17.000000
-8.000000
-2.000000
-4.000000
-3.000000
4.000000
11.000000
10.000000
16.000000
18.000000
7.000000
0.000000
-3.000000
-10.000000
-14.000000
-12.000000
-6.000000
-4.000000
0.000000
-5.000000
-1.000000
-4.000000
-10.000000
-9.000000
-6.000000
-3.000000
3.000000
14.000000
19.000000
29.000000
24.000000
18.000000
10.000000
7.000000
9.000000
9.000000
13.000000
6.000000
8.000000
9.000000
-1.000000
-12.000000
-12.000000
-12.000000
-2.000000
7.000000
15.000000
24.000000
20.000000
18.000000
6.000000
-3.000000
0.000000
2.000000
13.000000
16.000000
23.000000
25.000000
4.000000
-2.000000
-12.000000
-19.000000
-13.000000
-11.000000
-4.000000
-1.000000
-3.000000
3.000000
-4.000000
-16.000000
-9.000000
-7.000000
2.000000
14.000000
15.000000
22.000000
23.000000
28.000000
17.000000
6.000000
4.000000
-1.000000
5.000000
7.000000
9.000000
-1.000000
-21.000000
-38.000000
-42.000000
-52.000000
-43.000000
-20.000000
-9.000000
2.000000
3.000000
4.000000
-10.000000
-17.000000
-17.000000
-12.000000
-3.000000
6.000000
15.000000
12.000000
15.000000
-1.000000
-8.000000
-12.000000
-14.000000
-6.000000
-6.000000
-5.000000
1.000000
-2.000000
-13.000000
-14.000000
-6.000000
3.000000
11.000000
16.000000
27.000000
24.000000
17.000000
11.000000
2.000000
-3.000000
5.000000
8.000000
4.000000
12.000000
1.000000
-5.000000
-9.000000
-14.000000
-18.000000
-20.000000
-15.000000
-11.000000
-3.000000
-10.000000
-15.000000
-10.000000
-17.000000
-15.000000
-1.000000
7.000000
13.000000
25.000000
15.000000
5.000000
5.000000
-1.000000
-7.000000
-6.000000
15.000000
13.000000
11.000000
15.000000
-5.000000
-13.000000
-19.000000
-25.000000
-18.000000
-12.000000
3.000000
25.000000
24.000000
25.000000
20.000000
14.000000
10.000000
7.000000
9.000000
13.000000
17.000000
21.000000
13.000000
11.000000
2.000000
-13.000000
-13.000000
-17.000000
-13.000000
2.000000
4.000000
7.000000
-3.000000
-11.000000
-3.000000
-12.000000
-11.000000
4.000000
19.000000
31.000000
28.000000
23.000000
20.000000
-4.000000
-11.000000
-10.000000
-14.000000
-12.000000
-10.000000
-11.000000
-8.000000
-12.000000
-16.000000
-8.000000
-11.000000
-7.000000
-4.000000
6.000000
12.000000
21.000000
22.000000
23.000000
19.000000
11.000000
3.000000
-6.000000
-7.000000
3.000000
4.000000
-5.000000
-3.000000
-1.000000
-14.000000
-19.000000
-23.000000
-21.000000
-20.000000
-26.000000
-19.000000
-22.000000
-19.000000
-20.000000
-11.000000
0.000000
5.000000
15.000000
19.000000
16.000000
13.000000
7.000000
3.000000
6.000000
-3.000000
1.000000
-1.000000
-4.000000
-4.000000
-17.000000
-9.000000
-11.000000
-9.000000
4.000000
5.000000
3.000000
13.000000
12.000000
13.000000
9.000000
10.000000
18.000000
17.000000
17.000000
12.000000
15.000000
5.000000
0.000000
-10.000000
-14.000000
-22.000000
-26.000000
-22.000000
-17.000000
-15.000000
-10.000000
-4.000000
-16.000000
-9.000000
-9.000000
-1.000000
9.000000
27.000000
30.000000
36.000000
42.000000
18.000000
8.000000
-8.000000
-12.000000
-10.000000
-16.000000
-14.000000
-6.000000
-10.000000
-17.000000
-17.000000
-19.000000
-15.000000
-5.000000
7.000000
16.000000
29.000000
35.000000
24.000000
21.000000
9.000000
3.000000
-1.000000
-2.000000
12.000000
14.000000
16.000000
14.000000
1.000000
-10.000000
-15.000000
-23.000000
-13.000000
-3.000000
4.000000
7.000000
10.000000
18.000000
9.000000
5.000000
14.000000
16.000000
18.000000
19.000000
20.000000
18.000000
2.000000
-9.000000
-14.000000
-21.000000
-29.000000
-25.000000
-23.000000
-24.000000
-10.000000
-7.000000
-8.000000
-9.000000
-3.000000
-7.000000
2.000000
13.000000
20.000000
27.000000
16.000000
16.000000
8.000000
-8.000000
-14.000000
-8.000000
-4.000000
8.000000
3.000000
-14.000000
-7.000000
-21.000000
-34.000000
-32.000000
-25.000000
-21.000000
-10.000000
-2.000000
-3.000000
-5.000000
-11.000000
-8.000000
-4.000000
3.000000
21.000000
24.000000
30.000000
29.000000
21.000000
7.000000
-6.000000
-15.000000
-20.000000
-18.000000
-18.000000
-6.000000
0.000000
-4.000000
-15.000000
-10.000000
-4.000000
-8.000000
-4.000000
6.000000
14.000000
10.000000
12.000000
12.000000
9.000000
11.000000
15.000000
12.000000
11.000000
8.000000
-3.000000
-10.000000
-16.000000
-20.000000
-29.000000
-20.000000
-9.000000
-8.000000
6.000000
17.000000
12.000000
11.000000
3.000000
-10.000000
2.000000
5.000000
12.000000
24.000000
30.000000
21.000000
10.000000
-6.000000
-16.000000
-21.000000
-16.000000
-4.000000
-14.000000
-6.000000
1.000000
-11.000000
-19.000000
-7.000000
-10.000000
-7.000000
3.000000
9.000000
13.000000
12.000000
12.000000
14.000000
8.000000
3.000000
-2.000000
1.000000
-2.000000
-7.000000
-4.000000
-6.000000
-8.000000
-5.000000
-3.000000
-1.000000
8.000000
10.000000
10.000000
4.000000
8.000000
14.000000
11.000000
8.000000
12.000000
14.000000
8.000000
8.000000
7.000000
0.000000
-2.000000
-12.000000
-14.000000
-16.000000
-21.000000
-16.000000
-11.000000
-1.000000
-5.000000
-10.000000
-10.000000
-6.000000
-10.000000
-8.000000
8.000000
14.000000
19.000000
9.000000
12.000000
8.000000
6.000000
6.000000
-5.000000
3.000000
3.000000
-8.000000
-22.000000
-19.000000
-24.000000
-22.000000
-21.000000
-15.000000
-6.000000
-11.000000
0.000000
5.000000
-1.000000
4.000000
5.000000
5.000000
12.000000
12.000000
10.000000
14.000000
11.000000
7.000000
-3.000000
-8.000000
-13.000000
-18.000000
-14.000000
-19.000000
-7.000000
0.000000
-1.000000
-1.000000
-3.000000
6.000000
-1.000000
-4.000000
7.000000
7.000000
14.000000
19.000000
17.000000
15.000000
14.000000
4.000000
0.000000
-7.000000
-6.000000
-7.000000
-10.000000
-2.000000
-2.000000
-5.000000
-4.000000
-2.000000
1.000000
5.000000
7.000000
8.000000
20.000000
8.000000
7.000000
18.000000
13.000000
11.000000
12.000000
3.000000
2.000000
2.000000
-16.000000
-18.000000
-8.000000
-12.000000
-18.000000
-9.000000
-15.000000
-15.000000
-1.000000
-1.000000
10.000000
18.000000
14.000000
19.000000
9.000000
10.000000
7.000000
1.000000
3.000000
4.000000
1.000000
-3.000000
-1.000000
7.000000
0.000000
-7.000000
5.000000
-1.000000
-5.000000
4.000000
5.000000
7.000000
12.000000
1.000000
2.000000
0.000000
-3.000000
0.000000
-1.000000
3.000000
8.000000
2.000000
0.000000
-2.000000
-5.000000
-6.000000
-11.000000
-4.000000
-4.000000
-9.000000
-5.000000
-2.000000
-3.000000
-4.000000
0.000000
-3.000000
-4.000000
-1.000000
1.000000
3.000000
7.000000
7.000000
4.000000
-1.000000
-4.000000
-2.000000
-10.000000
-6.000000
0.000000
-6.000000
2.000000
1.000000
2.000000
2.000000
7.000000
9.000000
3.000000
3.000000
-7.000000
-9.000000
-12.000000
-17.000000
-10.000000
-5.000000
-9.000000
1.000000
11.000000
2.000000
8.000000
10.000000
8.000000
3.000000
2.000000
-9.000000
-9.000000
-9.000000
-20.000000
-13.000000
-5.000000
-10.000000
-7.000000
2.000000
-3.000000
6.000000
5.000000
6.000000
12.000000
5.000000
5.000000
11.000000
1.000000
2.000000
6.000000
5.000000
8.000000
5.000000
7.000000
-1.000000
5.000000
4.000000
5.000000
5.000000
6.000000
8.000000
-4.000000
-6.000000
-7.000000
-13.000000
-10.000000
4.000000
-2.000000
12.000000
14.000000
9.000000
11.000000
3.000000
5.000000
8.000000
6.000000
0.000000
3.000000
2.000000
-6.000000
-10.000000
-10.000000
1.000000
-6.000000
4.000000
5.000000
-5.000000
1.000000
0.000000
-1.000000
4.000000
10.000000
8.000000
12.000000
10.000000
9.000000
1.000000
1.000000
5.000000
-3.000000
3.000000
-1.000000
4.000000
5.000000
1.000000
-1.000000
-6.000000
-7.000000
-15.000000
-10.000000
-7.000000
-5.000000
8.000000
6.000000
2.000000
9.000000
7.000000
6.000000
7.000000
7.000000
5.000000
9.000000
7.000000
-5.000000
-4.000000
-6.000000
-14.000000
-11.000000
-11.000000
-10.000000
-5.000000
-4.000000
-1.000000
0.000000
-3.000000
-6.000000
0.000000
4.000000
4.000000
14.000000
12.000000
19.000000
5.000000
-8.000000
3.000000
-4.000000
-11.000000
-4.000000
2.000000
-5.000000
-6.000000
-4.000000
-7.000000
-15.000000
-4.000000
-6.000000
-9.000000
-3.000000
0.000000
-2.000000
4.000000
9.000000
0.000000
2.000000
-3.000000
-10.000000
-10.000000
-6.000000
-5.000000
-5.000000
0.000000
5.000000
-9.000000
-3.000000
6.000000
-1.000000
2.000000
7.000000
11.000000
7.000000
4.000000
6.000000
9.000000
8.000000
5.000000
9.000000
10.000000
6.000000
2.000000
3.000000
0.000000
-2.000000
-4.000000
-2.000000
-5.000000
-1.000000
-4.000000
-6.000000
5.000000
-8.000000
-7.000000
-4.000000
-2.000000
2.000000
3.000000
8.000000
8.000000
5.000000
2.000000
-2.000000
1.000000
1.000000
5.000000
6.000000
2.000000
5.000000
-3.000000
-8.000000
-8.000000
-9.000000
-2.000000
-1.000000
2.000000
-1.000000
-6.000000
1.000000
-10.000000
-9.000000
3.000000
5.000000
8.000000
10.000000
17.000000
13.000000
4.000000
7.000000
1.000000
1.000000
-2.000000
-7.000000
2.000000
3.000000
-12.000000
-7.000000
-7.000000
-15.000000
-10.000000
-6.000000
1.000000
9.000000
10.000000
9.000000
9.000000
3.000000
6.000000
-6.000000
0.000000
5.000000
-1.000000
4.000000
0.000000
-1.000000
0.000000
-10.000000
-9.000000
-2.000000
-12.000000
-12.000000
-5.000000
-7.000000
