-10.000000
-13.000000
-8.000000
-16.000000
-13.000000
-1.000000
8.000000
-3.000000
-1.000000
-9.000000
-18.000000
-10.000000
1.000000
8.000000
8.000000
5.000000
-1.000000
14.000000
18.000000
-8.000000
-16.000000
-2.000000
7.000000
2.000000
9.000000
8.000000
9.000000
20.000000
33.000000
22.000000
-1.000000
16.000000
21.000000
2.000000
6.000000
9.000000
-7.000000
14.000000
6.000000
-6.000000
-15.000000
-2.000000
13.000000
-11.000000
-4.000000
10.000000
6.000000
12.000000
3.000000
-5.000000
31.000000
2.000000
-23.000000
-14.000000
15.000000
-1.000000
10.000000
18.000000
-5.000000
33.000000
-22.000000
-2.000000
2.000000
-28.000000
12.000000
7.000000
-27.000000
-7.000000
-28.000000
-26.000000
3.000000
-13.000000
7.000000
17.000000
1.000000
18.000000
9.000000
-27.000000
-17.000000
0.000000
-5.000000
-7.000000
-21.000000
-19.000000
1.000000
4.000000
-25.000000
0.000000
-1.000000
-8.000000
11.000000
-11.000000
1.000000
11.000000
-10.000000
-19.000000
-5.000000
-4.000000
-12.000000
-5.000000
-13.000000
-24.000000
-7.000000
-6.000000
-26.000000
-31.000000
-23.000000
-7.000000
-11.000000
-28.000000
-13.000000
-5.000000
9.000000
6.000000
-3.000000
15.000000
11.000000
-5.000000
20.000000
32.000000
17.000000
0.000000
-2.000000
1.000000
4.000000
21.000000
4.000000
5.000000
-4.000000
-17.000000
6.000000
-9.000000
-10.000000
-5.000000
-5.000000
2.000000
19.000000
18.000000
-3.000000
12.000000
16.000000
10.000000
20.000000
32.000000
33.000000
27.000000
12.000000
9.000000
7.000000
-4.000000
-2.000000
0.000000
-15.000000
-14.000000
-10.000000
-5.000000
-3.000000
2.000000
2.000000
7.000000
12.000000
-3.000000
3.000000
8.000000
6.000000
6.000000
10.000000
-4.000000
-7.000000
3.000000
0.000000
2.000000
11.000000
-5.000000
-9.000000
-5.000000
-3.000000
-13.000000
-16.000000
-11.000000
2.000000
6.000000
-13.000000
-11.000000
-5.000000
-6.000000
-10.000000
4.000000
7.000000
12.000000
9.000000
7.000000
5.000000
-10.000000
3.000000
14.000000
-11.000000
-6.000000
0.000000
-23.000000
-13.000000
4.000000
10.000000
-3.000000
-10.000000
-7.000000
1.000000
-3.000000
4.000000
9.000000
-5.000000
0.000000
10.000000
3.000000
-8.000000
2.000000
-4.000000
1.000000
0.000000
-4.000000
-3.000000
-7.000000
-11.000000
-12.000000
-15.000000
-19.000000
-9.000000
-24.000000
-19.000000
-16.000000
-24.000000
-14.000000
-5.000000
1.000000
-6.000000
-7.000000
-2.000000
-11.000000
-8.000000
1.000000
9.000000
2.000000
-2.000000
3.000000
16.000000
10.000000
1.000000
15.000000
9.000000
3.000000
4.000000
15.000000
13.000000
0.000000
10.000000
10.000000
14.000000
6.000000
-5.000000
9.000000
16.000000
-1.000000
-8.000000
5.000000
-2.000000
-7.000000
-3.000000
14.000000
10.000000
13.000000
8.000000
-3.000000
17.000000
12.000000
-4.000000
7.000000
9.000000
8.000000
9.000000
0.000000
9.000000
11.000000
4.000000
13.000000
9.000000
12.000000
17.000000
9.000000
6.000000
22.000000
13.000000
13.000000
7.000000
-2.000000
8.000000
11.000000
6.000000
21.000000
6.000000
-13.000000
7.000000
-2.000000
-15.000000
-6.000000
-1.000000
-10.000000
-12.000000
-10.000000
-4.000000
-15.000000
-23.000000
-14.000000
-2.000000
-6.000000
-19.000000
-7.000000
2.000000
-4.000000
-15.000000
-7.000000
4.000000
1.000000
-15.000000
-16.000000
-8.000000
-15.000000
-11.000000
-11.000000
-16.000000
-5.000000
-4.000000
-9.000000
-7.000000
1.000000
-2.000000
-18.000000
-20.000000
-15.000000
-6.000000
1.000000
-3.000000
-9.000000
-17.000000
-13.000000
5.000000
0.000000
5.000000
-2.000000
-9.000000
-6.000000
-1.000000
-2.000000
1.000000
9.000000
17.000000
13.000000
15.000000
13.000000
0.000000
19.000000
18.000000
11.000000
14.000000
4.000000
-8.000000
-9.000000
12.000000
13.000000
10.000000
-2.000000
-9.000000
4.000000
-3.000000
-4.000000
-4.000000
17.000000
12.000000
2.000000
6.000000
14.000000
14.000000
11.000000
14.000000
12.000000
22.000000
18.000000
22.000000
9.000000
-4.000000
3.000000
7.000000
23.000000
14.000000
1.000000
-7.000000
-12.000000
-11.000000
2.000000
17.000000
-7.000000
-5.000000
-4.000000
5.000000
-8.000000
-19.000000
-1.000000
0.000000
-1.000000
-7.000000
-1.000000
-1.000000
-10.000000
-16.000000
-4.000000
4.000000
7.000000
10.000000
-5.000000
0.000000
12.000000
-5.000000
-15.000000
2.000000
-11.000000
-18.000000
2.000000
6.000000
-12.000000
-8.000000
3.000000
-4.000000
-7.000000
-13.000000
-9.000000
-3.000000
4.000000
-5.000000
-6.000000
0.000000
-6.000000
0.000000
4.000000
-1.000000
7.000000
6.000000
12.000000
16.000000
-11.000000
-3.000000
6.000000
-6.000000
-2.000000
8.000000
7.000000
1.000000
4.000000
-15.000000
-22.000000
-18.000000
-21.000000
1.000000
12.000000
-4.000000
-8.000000
1.000000
-4.000000
-11.000000
-3.000000
-8.000000
-5.000000
-1.000000
-3.000000
-12.000000
-14.000000
-13.000000
-19.000000
-26.000000
-9.000000
-12.000000
-14.000000
-4.000000
-1.000000
-8.000000
-5.000000
7.000000
0.000000
11.000000
7.000000
3.000000
3.000000
-6.000000
-1.000000
8.000000
2.000000
14.000000
11.000000
-2.000000
15.000000
16.000000
0.000000
-4.000000
9.000000
12.000000
3.000000
-3.000000
6.000000
11.000000
10.000000
20.000000
13.000000
9.000000
1.000000
-3.000000
15.000000
25.000000
9.000000
-8.000000
-15.000000
-15.000000
-2.000000
8.000000
-4.000000
3.000000
13.000000
-3.000000
3.000000
1.000000
4.000000
3.000000
-5.000000
11.000000
13.000000
14.000000
9.000000
11.000000
16.000000
8.000000
18.000000
3.000000
12.000000
27.000000
6.000000
-5.000000
10.000000
7.000000
-9.000000
6.000000
10.000000
-13.000000
-15.000000
-1.000000
7.000000
12.000000
15.000000
4.000000
-3.000000
10.000000
-3.000000
1.000000
-4.000000
-13.000000
-8.000000
-12.000000
-13.000000
-18.000000
-19.000000
-11.000000
-8.000000
-10.000000
-11.000000
-25.000000
-24.000000
-18.000000
-15.000000
-12.000000
-6.000000
-5.000000
-11.000000
-8.000000
-1.000000
-3.000000
-1.000000
11.000000
-1.000000
-15.000000
-2.000000
6.000000
-4.000000
-12.000000
-2.000000
-13.000000
-17.000000
-13.000000
-17.000000
-12.000000
-9.000000
-10.000000
-9.000000
-7.000000
2.000000
2.000000
-3.000000
6.000000
3.000000
-7.000000
-4.000000
9.000000
5.000000
4.000000
0.000000
-2.000000
-1.000000
-2.000000
5.000000
19.000000
16.000000
14.000000
8.000000
19.000000
29.000000
13.000000
15.000000
14.000000
1.000000
0.000000
20.000000
21.000000
18.000000
6.000000
-2.000000
1.000000
8.000000
-8.000000
-5.000000
2.000000
13.000000
25.000000
-1.000000
-2.000000
-7.000000
1.000000
9.000000
-4.000000
-2.000000
19.000000
15.000000
2.000000
7.000000
-1.000000
-12.000000
17.000000
31.000000
10.000000
-8.000000
-3.000000
-3.000000
3.000000
6.000000
-5.000000
1.000000
-4.000000
-6.000000
5.000000
12.000000
-12.000000
-23.000000
-8.000000
0.000000
3.000000
6.000000
-3.000000
-12.000000
-16.000000
2.000000
-7.000000
-25.000000
-20.000000
-21.000000
-14.000000
-5.000000
-3.000000
-17.000000
-20.000000
-13.000000
8.000000
8.000000
4.000000
1.000000
-4.000000
-14.000000
5.000000
25.000000
5.000000
-13.000000
-20.000000
8.000000
2.000000
-4.000000
5.000000
4.000000
5.000000
6.000000
3.000000
-7.000000
-1.000000
-3.000000
7.000000
15.000000
5.000000
3.000000
0.000000
3.000000
12.000000
14.000000
-1.000000
-10.000000
7.000000
7.000000
0.000000
-8.000000
-18.000000
-8.000000
-5.000000
-17.000000
-1.000000
8.000000
-20.000000
-9.000000
-11.000000
-12.000000
-15.000000
-13.000000
3.000000
-8.000000
0.000000
4.000000
4.000000
6.000000
6.000000
13.000000
14.000000
6.000000
14.000000
17.000000
6.000000
3.000000
-8.000000
-10.000000
-6.000000
16.000000
21.000000
-4.000000
-8.000000
-1.000000
11.000000
0.000000
0.000000
3.000000
9.000000
-1.000000
8.000000
20.000000
-2.000000
-8.000000
-16.000000
3.000000
6.000000
-4.000000
4.000000
-1.000000
7.000000
5.000000
12.000000
5.000000
-5.000000
8.000000
-3.000000
1.000000
9.000000
1.000000
-2.000000
9.000000
0.000000
-3.000000
2.000000
-10.000000
-12.000000
2.000000
4.000000
-13.000000
-20.000000
-21.000000
1.000000
0.000000
-15.000000
-10.000000
3.000000
8.000000
-2.000000
-9.000000
-13.000000
-10.000000
2.000000
5.000000
12.000000
3.000000
-2.000000
-1.000000
-7.000000
-3.000000
9.000000
4.000000
-2.000000
4.000000
-8.000000
3.000000
-3.000000
-6.000000
-16.000000
-15.000000
3.000000
-10.000000
-12.000000
-8.000000
5.000000
9.000000
5.000000
-2.000000
-9.000000
-6.000000
-12.000000
-9.000000
-7.000000
1.000000
9.000000
14.000000
10.000000
-3.000000
4.000000
1.000000
5.000000
6.000000
13.000000
14.000000
6.000000
17.000000
24.000000
26.000000
22.000000
10.000000
-2.000000
4.000000
5.000000
9.000000
0.000000
-8.000000
4.000000
-5.000000
-15.000000
-8.000000
6.000000
4.000000
-4.000000
10.000000
3.000000
-21.000000
2.000000
8.000000
-6.000000
0.000000
1.000000
8.000000
-4.000000
3.000000
2.000000
0.000000
-5.000000
-7.000000
5.000000
-11.000000
-2.000000
-5.000000
-19.000000
0.000000
1.000000
-4.000000
3.000000
-1.000000
9.000000
10.000000
11.000000
-2.000000
-6.000000
3.000000
-12.000000
-8.000000
-15.000000
-13.000000
-13.000000
-9.000000
-7.000000
-18.000000
-3.000000
-5.000000
-13.000000
-11.000000
-4.000000
-2.000000
-3.000000
3.000000
-9.000000
-3.000000
-13.000000
-13.000000
-5.000000
-11.000000
4.000000
4.000000
6.000000
0.000000
-9.000000
8.000000
-5.000000
-2.000000
1.000000
-4.000000
5.000000
1.000000
5.000000
4.000000
4.000000
4.000000
-12.000000
-3.000000
6.000000
13.000000
3.000000
-3.000000
5.000000
-1.000000
-9.000000
-14.000000
-8.000000
-9.000000
1.000000
-12.000000
-9.000000
8.000000
6.000000
15.000000
6.000000
13.000000
22.000000
17.000000
9.000000
6.000000
21.000000
3.000000
-5.000000
15.000000
4.000000
-9.000000
-9.000000
-9.000000
-9.000000
-13.000000
-5.000000
-3.000000
-7.000000
5.000000
3.000000
-3.000000
8.000000
12.000000
16.000000
8.000000
-4.000000
17.000000
24.000000
6.000000
1.000000
-7.000000
-11.000000
-18.000000
-10.000000
-18.000000
-9.000000
-14.000000
-11.000000
1.000000
-8.000000
14.000000
14.000000
12.000000
10.000000
7.000000
0.000000
5.000000
12.000000
24.000000
14.000000
-1.000000
4.000000
5.000000
-1.000000
5.000000
-5.000000
-5.000000
3.000000
-1.000000
3.000000
-11.000000
4.000000
2.000000
12.000000
4.000000
-6.000000
4.000000
2.000000
15.000000
2.000000
-1.000000
-10.000000
-6.000000
4.000000
-10.000000
-24.000000
-21.000000
-11.000000
-16.000000
-7.000000
-13.000000
-16.000000
3.000000
4.000000
4.000000
-3.000000
10.000000
-4.000000
-1.000000
21.000000
2.000000
-9.000000
-13.000000
3.000000
8.000000
-1.000000
-3.000000
4.000000
-5.000000
-3.000000
6.000000
-3.000000
2.000000
12.000000
7.000000
-4.000000
-1.000000
14.000000
20.000000
3.000000
-4.000000
8.000000
26.000000
7.000000
-2.000000
16.000000
5.000000
-7.000000
3.000000
8.000000
-14.000000
-19.000000
-14.000000
-3.000000
-2.000000
0.000000
1.000000
6.000000
19.000000
5.000000
4.000000
-13.000000
-5.000000
2.000000
0.000000
5.000000
-3.000000
9.000000
-7.000000
-16.000000
-18.000000
1.000000
2.000000
-1.000000
7.000000
3.000000
-4.000000
8.000000
20.000000
5.000000
11.000000
0.000000
8.000000
11.000000
4.000000
1.000000
-5.000000
-5.000000
-14.000000
-3.000000
-2.000000
-10.000000
-19.000000
-3.000000
-1.000000
-8.000000
-18.000000
-20.000000
-15.000000
-8.000000
6.000000
-4.000000
-20.000000
-27.000000
-9.000000
1.000000
-6.000000
1.000000
7.000000
-2.000000
-5.000000
-4.000000
-8.000000
-1.000000
6.000000
9.000000
3.000000
3.000000
14.000000
6.000000
-6.000000
9.000000
14.000000
-5.000000
3.000000
12.000000
9.000000
14.000000
5.000000
-5.000000
2.000000
2.000000
-3.000000
-6.000000
-7.000000
-10.000000
-5.000000
-9.000000
-6.000000
-6.000000
-4.000000
-13.000000
-11.000000
-2.000000
-9.000000
-3.000000
-9.000000
2.000000
10.000000
2.000000
-4.000000
8.000000
11.000000
-3.000000
-13.000000
-15.000000
5.000000
8.000000
-6.000000
7.000000
0.000000
6.000000
16.000000
7.000000
5.000000
15.000000
14.000000
25.000000
25.000000
15.000000
18.000000
9.000000
11.000000
5.000000
11.000000
9.000000
20.000000
15.000000
20.000000
18.000000
0.000000
4.000000
1.000000
15.000000
17.000000
16.000000
21.000000
21.000000
14.000000
8.000000
20.000000
13.000000
10.000000
4.000000
8.000000
5.000000
-14.000000
-7.000000
1.000000
2.000000
-23.000000
-11.000000
-8.000000
-9.000000
2.000000
-4.000000
1.000000
4.000000
6.000000
-4.000000
-4.000000
-4.000000
-11.000000
-11.000000
-5.000000
6.000000
2.000000
-17.000000
-24.000000
-13.000000
-15.000000
-10.000000
-15.000000
-24.000000
-15.000000
-25.000000
-26.000000
-7.000000
-18.000000
-19.000000
-11.000000
-1.000000
1.000000
-5.000000
-12.000000
-3.000000
2.000000
-10.000000
-17.000000
-16.000000
-7.000000
-5.000000
-19.000000
-17.000000
-5.000000
-18.000000
-10.000000
0.000000
-1.000000
-12.000000
-8.000000
-7.000000
-13.000000
-1.000000
4.000000
9.000000
4.000000
-7.000000
-17.000000
-13.000000
11.000000
-3.000000
-7.000000
-9.000000
-10.000000
4.000000
-8.000000
-13.000000
-6.000000
8.000000
-5.000000
-7.000000
-7.000000
-11.000000
16.000000
20.000000
10.000000
5.000000
7.000000
12.000000
6.000000
6.000000
10.000000
-1.000000
4.000000
0.000000
-2.000000
15.000000
16.000000
5.000000
0.000000
13.000000
-3.000000
-12.000000
11.000000
4.000000
6.000000
17.000000
1.000000
1.000000
11.000000
6.000000
-8.000000
-1.000000
-3.000000
6.000000
11.000000
2.000000
-4.000000
-6.000000
-6.000000
0.000000
6.000000
4.000000
-5.000000
-10.000000
3.000000
6.000000
-2.000000
14.000000
24.000000
5.000000
-11.000000
-10.000000
6.000000
2.000000
7.000000
9.000000
-2.000000
-8.000000
-4.000000
-9.000000
-13.000000
-1.000000
-2.000000
12.000000
15.000000
1.000000
5.000000
12.000000
8.000000
15.000000
7.000000
-15.000000
-15.000000
-9.000000
-8.000000
-10.000000
1.000000
-7.000000
-7.000000
-7.000000
-17.000000
-5.000000
-4.000000
-6.000000
-3.000000
-6.000000
0.000000
12.000000
10.000000
-14.000000
-18.000000
-13.000000
-9.000000
-10.000000
-8.000000
0.000000
-3.000000
-13.000000
-7.000000
-4.000000
3.000000
7.000000
-3.000000
4.000000
6.000000
10.000000
-2.000000
-2.000000
8.000000
0.000000
7.000000
5.000000
0.000000
8.000000
4.000000
10.000000
9.000000
-8.000000
-3.000000
-3.000000
3.000000
9.000000
0.000000
15.000000
4.000000
-8.000000
13.000000
-3.000000
-16.000000
2.000000
1.000000
-3.000000
-4.000000
1.000000
-2.000000
-21.000000
-5.000000
8.000000
7.000000
12.000000
-5.000000
5.000000
12.000000
-2.000000
-2.000000
2.000000
0.000000
10.000000
9.000000
6.000000
6.000000
0.000000
14.000000
7.000000
0.000000
-13.000000
-7.000000
4.000000
1.000000
5.000000
8.000000
2.000000
-1.000000
-3.000000
-9.000000
2.000000
2.000000
-1.000000
9.000000
25.000000
5.000000
-4.000000
11.000000
13.000000
-2.000000
-2.000000
10.000000
9.000000
20.000000
-3.000000
-15.000000
-7.000000
1.000000
0.000000
5.000000
12.000000
10.000000
7.000000
3.000000
9.000000
7.000000
1.000000
-7.000000
-2.000000
16.000000
-2.000000
-5.000000
-4.000000
0.000000
-8.000000
-9.000000
-3.000000
-7.000000
3.000000
2.000000
6.000000
-9.000000
-11.000000
-5.000000
5.000000
14.000000
-10.000000
-17.000000
-10.000000
0.000000
15.000000
-1.000000
-4.000000
0.000000
-12.000000
-11.000000
5.000000
-4.000000
1.000000
4.000000
1.000000
-7.000000
-3.000000
7.000000
-2.000000
3.000000
7.000000
4.000000
3.000000
-2.000000
-11.000000
-9.000000
-14.000000
-2.000000
-3.000000
-23.000000
-23.000000
-11.000000
-16.000000
-12.000000
-7.000000
-16.000000
-21.000000
-17.000000
-9.000000
0.000000
13.000000
0.000000
0.000000
4.000000
5.000000
0.000000
-8.000000
-12.000000
4.000000
7.000000
-9.000000
-2.000000
-9.000000
-7.000000
2.000000
11.000000
9.000000
-3.000000
4.000000
-5.000000
0.000000
-3.000000
10.000000
20.000000
3.000000
4.000000
2.000000
13.000000
0.000000
-3.000000
3.000000
1.000000
-10.000000
-19.000000
-1.000000
-4.000000
-13.000000
-2.000000
7.000000
10.000000
19.000000
25.000000
6.000000
8.000000
3.000000
9.000000
16.000000
19.000000
10.000000
0.000000
-3.000000
-2.000000
9.000000
7.000000
12.000000
-2.000000
7.000000
0.000000
3.000000
-5.000000
-5.000000
7.000000
-7.000000
3.000000
6.000000
-8.000000
-9.000000
7.000000
9.000000
-4.000000
-2.000000
5.000000
-7.000000
-5.000000
-4.000000
-7.000000
-2.000000
-3.000000
-1.000000
-11.000000
-1.000000
1.000000
-5.000000
13.000000
6.000000
-11.000000
-10.000000
3.000000
16.000000
8.000000
1.000000
-2.000000
9.000000
-13.000000
-8.000000
14.000000
8.000000
7.000000
6.000000
6.000000
-17.000000
-11.000000
21.000000
0.000000
-11.000000
9.000000
-2.000000
4.000000
0.000000
-1.000000
-1.000000
-14.000000
-16.000000
-4.000000
0.000000
-3.000000
18.000000
9.000000
-19.000000
-12.000000
-5.000000
-9.000000
-6.000000
-2.000000
3.000000
0.000000
-7.000000
0.000000
6.000000
-1.000000
6.000000
-21.000000
-12.000000
19.000000
-1.000000
-1.000000
1.000000
5.000000
-6.000000
-4.000000
-4.000000
-9.000000
-6.000000
-8.000000
-14.000000
-13.000000
10.000000
9.000000
-9.000000
0.000000
9.000000
5.000000
-2.000000
-2.000000
-7.000000
7.000000
10.000000
-3.000000
-2.000000
0.000000
0.000000
-7.000000
-4.000000
12.000000
10.000000
-1.000000
-5.000000
-13.000000
-3.000000
-11.000000
-11.000000
-3.000000
-4.000000
-1.000000
-5.000000
-3.000000
1.000000
-1.000000
-9.000000
7.000000
7.000000
9.000000
12.000000
1.000000
-4.000000
16.000000
15.000000
10.000000
10.000000
-5.000000
3.000000
7.000000
-5.000000
-2.000000
11.000000
1.000000
-9.000000
-3.000000
10.000000
6.000000
3.000000
-1.000000
-8.000000
-14.000000
-14.000000
-12.000000
-1.000000
15.000000
11.000000
2.000000
13.000000
5.000000
9.000000
25.000000
-2.000000
1.000000
1.000000
1.000000
2.000000
-12.000000
-1.000000
-3.000000
-5.000000
-1.000000
-5.000000
-3.000000
3.000000
2.000000
-12.000000
7.000000
-3.000000
-8.000000
4.000000
-15.000000
-10.000000
-13.000000
-12.000000
4.000000
16.000000
9.000000
13.000000
-3.000000
-3.000000
15.000000
13.000000
7.000000
16.000000
12.000000
1.000000
4.000000
-3.000000
3.000000
5.000000
-1.000000
-7.000000
-6.000000
-5.000000
-9.000000
0.000000
-8.000000
-18.000000
-15.000000
-18.000000
-23.000000
-17.000000
-25.000000
-14.000000
-11.000000
-6.000000
-9.000000
-15.000000
4.000000
3.000000
-7.000000
-3.000000
-7.000000
-8.000000
-3.000000
-6.000000
11.000000
-10.000000
-13.000000
-11.000000
-18.000000
6.000000
9.000000
-2.000000
-1.000000
6.000000
-1.000000
-7.000000
-4.000000
18.000000
13.000000
12.000000
12.000000
11.000000
21.000000
7.000000
11.000000
14.000000
7.000000
12.000000
3.000000
2.000000
14.000000
18.000000
6.000000
0.000000
24.000000
8.000000
-5.000000
18.000000
10.000000
5.000000
3.000000
3.000000
5.000000
0.000000
-13.000000
3.000000
10.000000
-24.000000
-18.000000
-17.000000
-11.000000
1.000000
-13.000000
-13.000000
-15.000000
-14.000000
-13.000000
-8.000000
9.000000
20.000000
11.000000
-7.000000
4.000000
18.000000
17.000000
23.000000
19.000000
17.000000
1.000000
-9.000000
-6.000000
2.000000
13.000000
12.000000
10.000000
3.000000
-10.000000
-1.000000
1.000000
4.000000
13.000000
-4.000000
3.000000
6.000000
5.000000
9.000000
-1.000000
-2.000000
-7.000000
5.000000
3.000000
-10.000000
-13.000000
-11.000000
-11.000000
-10.000000
-1.000000
1.000000
-24.000000
-6.000000
1.000000
-4.000000
-5.000000
0.000000
-9.000000
-12.000000
-22.000000
-11.000000
-18.000000
-22.000000
-7.000000
-18.000000
-7.000000
-2.000000
-6.000000
-22.000000
-18.000000
-11.000000
3.000000
10.000000
3.000000
-4.000000
-8.000000
-7.000000
-4.000000
25.000000
39.000000
6.000000
-6.000000
-4.000000
13.000000
14.000000
16.000000
18.000000
1.000000
-1.000000
-6.000000
-9.000000
13.000000
24.000000
9.000000
6.000000
-3.000000
-7.000000
-9.000000
14.000000
29.000000
16.000000
8.000000
6.000000
-4.000000
-20.000000
-12.000000
14.000000
1.000000
-1.000000
-14.000000
-29.000000
-20.000000
-12.000000
6.000000
6.000000
6.000000
-5.000000
-15.000000
-20.000000
-15.000000
5.000000
1.000000
4.000000
-2.000000
-14.000000
-17.000000
-10.000000
13.000000
16.000000
-1.000000
-17.000000
-21.000000
-12.000000
-15.000000
-17.000000
6.000000
24.000000
18.000000
-1.000000
8.000000
13.000000
-5.000000
9.000000
29.000000
8.000000
1.000000
20.000000
17.000000
23.000000
13.000000
13.000000
18.000000
15.000000
14.000000
13.000000
16.000000
21.000000
18.000000
7.000000
24.000000
-5.000000
39.000000
52.000000
3.000000
22.000000
-18.000000
4.000000
6.000000
25.000000
1.000000
-6.000000
-24.000000
-30.000000
-12.000000
-29.000000
-19.000000
-18.000000
-35.000000
-53.000000
-50.000000
-73.000000
-56.000000
-47.000000
-35.000000
-46.000000
-65.000000
-56.000000
-57.000000
-39.000000
-31.000000
-30.000000
-15.000000
-19.000000
-35.000000
-24.000000
-19.000000
23.000000
50.000000
58.000000
15.000000
0.000000
2.000000
23.000000
73.000000
100.000000
98.000000
81.000000
48.000000
31.000000
40.000000
76.000000
109.000000
93.000000
85.000000
62.000000
42.000000
19.000000
50.000000
72.000000
78.000000
52.000000
13.000000
0.000000
-16.000000
18.000000
34.000000
59.000000
25.000000
2.000000
-23.000000
-49.000000
-41.000000
-4.000000
29.000000
19.000000
-21.000000
-60.000000
-55.000000
-49.000000
-27.000000
-24.000000
-4.000000
-20.000000
-42.000000
-54.000000
-78.000000
-53.000000
-44.000000
-17.000000
-24.000000
-73.000000
-94.000000
-98.000000
-67.000000
-24.000000
-38.000000
-58.000000
-116.000000
-100.000000
-100.000000
-103.000000
-73.000000
-77.000000
-73.000000
-112.000000
-104.000000
-86.000000
-87.000000
-55.000000
-46.000000
-62.000000
-55.000000
-37.000000
-19.000000
-3.000000
2.000000
54.000000
59.000000
63.000000
48.000000
97.000000
117.000000
155.000000
184.000000
140.000000
109.000000
146.000000
202.000000
216.000000
231.000000
189.000000
150.000000
145.000000
202.000000
231.000000
252.000000
189.000000
159.000000
88.000000
80.000000
126.000000
150.000000
155.000000
66.000000
32.000000
-54.000000
-64.000000
-40.000000
15.000000
34.000000
-30.000000
-135.000000
-209.000000
-275.000000
-212.000000
-96.000000
-42.000000
-107.000000
-258.000000
-334.000000
-505.000000
-360.000000
-66.000000
-34.000000
-123.000000
-330.000000
-449.000000
-572.000000
-354.000000
17.000000
71.000000
-65.000000
-333.000000
-420.000000
-372.000000
-272.000000
49.000000
169.000000
48.000000
-81.000000
-254.000000
-297.000000
-231.000000
87.000000
458.000000
436.000000
222.000000
-119.000000
-105.000000
23.000000
362.000000
814.000000
692.000000
357.000000
187.000000
192.000000
324.000000
580.000000
901.000000
828.000000
537.000000
302.000000
160.000000
356.000000
558.000000
820.000000
807.000000
291.000000
27.000000
99.000000
185.000000
302.000000
445.000000
373.000000
87.000000
-179.000000
-308.000000
-300.000000
-100.000000
6.000000
40.000000
-338.000000
-814.000000
-875.000000
-655.000000
-475.000000
-412.000000
-511.000000
-872.000000
-1109.000000
-1165.000000
-912.000000
-836.000000
-671.000000
-710.000000
-886.000000
-1182.000000
-1262.000000
-924.000000
-631.000000
-566.000000
-573.000000
-711.000000
-932.000000
-763.000000
-499.000000
-185.000000
-177.000000
-58.000000
-149.000000
-207.000000
-128.000000
74.000000
433.000000
571.000000
572.000000
526.000000
471.000000
545.000000
891.000000
1091.000000
1201.000000
1091.000000
1152.000000
1033.000000
1164.000000
1410.000000
1502.000000
1639.000000
1433.000000
1356.000000
1290.000000
1362.000000
1412.000000
1632.000000
1351.000000
1131.000000
972.000000
893.000000
715.000000
964.000000
808.000000
432.000000
314.000000
-100.000000
-126.000000
-192.000000
-122.000000
-314.000000
-473.000000
-949.000000
-1014.000000
-1059.000000
-1083.000000
-1081.000000
-1030.000000
-1307.000000
-1526.000000
-1579.000000
-1741.000000
-1474.000000
-1358.000000
-1244.000000
-1358.000000
-1548.000000
-1723.000000
-1350.000000
-1099.000000
-953.000000
-812.000000
-891.000000
-976.000000
-928.000000
-641.000000
-497.000000
-204.000000
-164.000000
-129.000000
-361.000000
-342.000000
-127.000000
226.000000
189.000000
212.000000
92.000000
-145.000000
33.000000
80.000000
299.000000
254.000000
251.000000
76.000000
-5.000000
-139.000000
32.000000
314.000000
403.000000
104.000000
28.000000
-137.000000
34.000000
413.000000
616.000000
719.000000
458.000000
506.000000
619.000000
766.000000
1109.000000
1521.000000
1756.000000
1731.000000
1505.000000
1513.000000
1559.000000
2220.000000
2590.000000
2571.000000
2456.000000
1938.000000
1986.000000
1828.000000
1881.000000
2447.000000
2397.000000
2197.000000
1574.000000
806.000000
434.000000
737.000000
1351.000000
1150.000000
410.000000
-593.000000
-1270.000000
-1074.000000
-1231.000000
-1263.000000
-1303.000000
-1923.000000
-2358.000000
-3010.000000
-3533.000000
-3541.000000
-3139.000000
-2577.000000
-2869.000000
-3522.000000
-4187.000000
-4096.000000
-3373.000000
-2891.000000
-2359.000000
-2348.000000
-2617.000000
-2559.000000
-2526.000000
-2052.000000
-1080.000000
-254.000000
3.000000
-368.000000
-626.000000
-544.000000
340.000000
1302.000000
1740.000000
1667.000000
1183.000000
1101.000000
1261.000000
1551.000000
2004.000000
2319.000000
2400.000000
1885.000000
1175.000000
837.000000
933.000000
1495.000000
1866.000000
1492.000000
614.000000
-195.000000
-455.000000
-160.000000
423.000000
537.000000
254.000000
-432.000000
-1295.000000
-1127.000000
-704.000000
-36.000000
220.000000
-75.000000
-685.000000
-1098.000000
-684.000000
-24.000000
555.000000
872.000000
739.000000
679.000000
378.000000
521.000000
1661.000000
1979.000000
2925.000000
2627.000000
2124.000000
1864.000000
2079.000000
3155.000000
3476.000000
3940.000000
3298.000000
2563.000000
2546.000000
1555.000000
2472.000000
3471.000000
2876.000000
2862.000000
947.000000
41.000000
-484.000000
685.000000
1343.000000
559.000000
-719.000000
-2351.000000
-2613.000000
-2497.000000
-2930.000000
-2308.000000
-2702.000000
-3470.000000
-3819.000000
-5303.000000
-5348.000000
-5099.000000
-3832.000000
-3245.000000
-3794.000000
-4905.000000
-5766.000000
-4672.000000
-3596.000000
-2694.000000
-1871.000000
-2332.000000
-2519.000000
-2459.000000
-2292.000000
-913.000000
109.000000
1246.000000
980.000000
422.000000
-4.000000
553.000000
2015.000000
2703.000000
3172.000000
2486.000000
1773.000000
1810.000000
2016.000000
2401.000000
2763.000000
2766.000000
2640.000000
1629.000000
1009.000000
-396.000000
1037.000000
1664.000000
1163.000000
914.000000
-443.000000
-1611.000000
-2077.000000
-365.000000
300.000000
-128.000000
-1172.000000
-1675.000000
-2201.000000
-1997.000000
-1439.000000
325.000000
-85.000000
-721.000000
-937.000000
-1363.000000
-525.000000
60.000000
1776.000000
2307.000000
1607.000000
1107.000000
1068.000000
1980.000000
3298.000000
3236.000000
5016.000000
3957.000000
3012.000000
3354.000000
3406.000000
3836.000000
3127.000000
5908.000000
4256.000000
3576.000000
2404.000000
1466.000000
1797.000000
2550.000000
3381.000000
2544.000000
140.000000
-1451.000000
-1225.000000
-1145.000000
-576.000000
-1749.000000
-1800.000000
-3744.000000
-3885.000000
-4730.000000
-5150.000000
-4625.000000
-4747.000000
-4051.000000
-4668.000000
-6209.000000
-6678.000000
-5799.000000
-4790.000000
-3805.000000
-3701.000000
-3832.000000
-4731.000000
-3932.000000
-3413.000000
-2160.000000
-1110.000000
-653.000000
-92.000000
-975.000000
-1087.000000
-102.000000
1241.000000
2176.000000
2586.000000
2014.000000
1348.000000
1544.000000
2316.000000
2562.000000
3285.000000
3052.000000
2458.000000
2235.000000
1495.000000
1475.000000
1252.000000
1954.000000
2229.000000
1267.000000
170.000000
-864.000000
-8.000000
-172.000000
181.000000
476.000000
-433.000000
-1270.000000
-1870.000000
-982.000000
-575.000000
-546.000000
-411.000000
-380.000000
-742.000000
-1408.000000
-969.000000
669.000000
774.000000
1038.000000
884.000000
817.000000
1723.000000
1708.000000
2751.000000
3267.000000
3928.000000
3203.000000
3334.000000
4352.000000
4172.000000
4577.000000
5147.000000
4910.000000
4625.000000
1859.000000
3533.000000
5483.000000
4247.000000
4175.000000
1926.000000
1719.000000
343.000000
1886.000000
1920.000000
1349.000000
-387.000000
-1972.000000
-1770.000000
-2115.000000
-3793.000000
-3178.000000
-3219.000000
-3980.000000
-4574.000000
-6752.000000
-6741.000000
-7055.000000
-5618.000000
-5187.000000
-5720.000000
-6929.000000
-7884.000000
-6775.000000
-5887.000000
-4816.000000
-3729.000000
-4468.000000
-4382.000000
-3897.000000
-3635.000000
-2189.000000
-978.000000
351.000000
108.000000
-347.000000
-243.000000
721.000000
2024.000000
2665.000000
3409.000000
2650.000000
2145.000000
2473.000000
2892.000000
3171.000000
3706.000000
3594.000000
2988.000000
1989.000000
1524.000000
1855.000000
2113.000000
2632.000000
2025.000000
374.000000
-571.000000
-217.000000
607.000000
734.000000
9.000000
-503.000000
-979.000000
-1313.000000
-993.000000
-541.000000
-380.000000
-602.000000
-97.000000
-541.000000
-890.000000
-723.000000
220.000000
1504.000000
1666.000000
997.000000
1301.000000
1828.000000
2077.000000
3898.000000
4009.000000
3808.000000
3760.000000
3819.000000
4562.000000
4997.000000
5618.000000
5133.000000
5427.000000
3650.000000
1497.000000
5854.000000
4650.000000
4904.000000
4080.000000
1565.000000
604.000000
676.000000
2809.000000
2055.000000
1222.000000
-1613.000000
-2025.000000
-1929.000000
-2750.000000
-3925.000000
-2767.000000
-4252.000000
-3992.000000
-5654.000000
-7557.000000
-7236.000000
-7367.000000
-5428.000000
-5061.000000
-6327.000000
-8682.000000
-8476.000000
-6779.000000
-5621.000000
-4221.000000
-4182.000000
-5375.000000
-4737.000000
-4638.000000
-3463.000000
-1609.000000
-942.000000
262.000000
-144.000000
-776.000000
-522.000000
803.000000
2044.000000
3220.000000
3553.000000
1953.000000
1906.000000
2346.000000
2610.000000
3359.000000
3845.000000
2855.000000
2044.000000
2227.000000
1246.000000
1621.000000
2041.000000
2139.000000
1500.000000
13.000000
-352.000000
150.000000
388.000000
115.000000
276.000000
-416.000000
-1098.000000
-932.000000
-498.000000
-279.000000
-233.000000
-440.000000
142.000000
248.000000
-680.000000
269.000000
1117.000000
1778.000000
2202.000000
1862.000000
2148.000000
2337.000000
3656.000000
3875.000000
5277.000000
4388.000000
4214.000000
4838.000000
5056.000000
6156.000000
5766.000000
6113.000000
4945.000000
3118.000000
2747.000000
6586.000000
4908.000000
5459.000000
2608.000000
1405.000000
332.000000
1595.000000
3191.000000
1498.000000
484.000000
-2774.000000
-1677.000000
-2320.000000
-3405.000000
-4174.000000
-3578.000000
-4700.000000
-4586.000000
-7094.000000
-8031.000000
-8561.000000
-7558.000000
-5356.000000
-5986.000000
-7704.000000
-10015.000000
-8717.000000
-7391.000000
-5735.000000
-4438.000000
-5293.000000
-6018.000000
-5473.000000
-4868.000000
-3232.000000
-1929.000000
-926.000000
31.000000
-783.000000
-931.000000
-416.000000
1012.000000
2338.000000
3630.000000
3037.000000
1914.000000
1944.000000
2600.000000
3163.000000
3838.000000
3272.000000
2393.000000
3045.000000
1905.000000
1738.000000
2008.000000
2246.000000
1823.000000
1467.000000
409.000000
231.000000
25.000000
51.000000
744.000000
661.000000
-429.000000
-1175.000000
-594.000000
-332.000000
125.000000
-55.000000
302.000000
429.000000
-113.000000
213.000000
1332.000000
1711.000000
2129.000000
2516.000000
2755.000000
2809.000000
3372.000000
4467.000000
4969.000000
5126.000000
5772.000000
4135.000000
6061.000000
6013.000000
7029.000000
6288.000000
5799.000000
3095.000000
1858.000000
8068.000000
4646.000000
6513.000000
2749.000000
1160.000000
141.000000
1763.000000
3008.000000
2023.000000
246.000000
-2656.000000
-1932.000000
-2455.000000
-3456.000000
-4992.000000
-3288.000000
-5468.000000
-4298.000000
-7688.000000
-9030.000000
-8994.000000
-8653.000000
-5828.000000
-6345.000000
-8243.000000
-10810.000000
-10061.000000
-8263.000000
-6406.000000
-4879.000000
-5554.000000
-6924.000000
-6151.000000
-5853.000000
-3477.000000
-2010.000000
-1449.000000
-91.000000
-1067.000000
-1251.000000
-656.000000
809.000000
2315.000000
4221.000000
3550.000000
1858.000000
1759.000000
2502.000000
3336.000000
4027.000000
4200.000000
3828.000000
2795.000000
1756.000000
1641.000000
2577.000000
2754.000000
2609.000000
2528.000000
643.000000
-414.000000
-572.000000
946.000000
1488.000000
1295.000000
-555.000000
-1090.000000
-761.000000
-643.000000
350.000000
415.000000
893.000000
-54.000000
99.000000
-339.000000
986.000000
1676.000000
2583.000000
2609.000000
3207.000000
2260.000000
2945.000000
4105.000000
4990.000000
6780.000000
4498.000000
5369.000000
5142.000000
6502.000000
6179.000000
7301.000000
6774.000000
3715.000000
627.000000
7183.000000
6195.000000
5426.000000
4682.000000
1007.000000
1595.000000
-541.000000
3559.000000
1886.000000
1644.000000
-2534.000000
-2654.000000
-1825.000000
-3545.000000
-5392.000000
-3892.000000
-4797.000000
-4765.000000
-6812.000000
-9456.000000
-8987.000000
-10165.000000
-6528.000000
-6237.000000
-7154.000000
-10169.000000
-11292.000000
-9179.000000
-7406.000000
-5038.000000
-4985.000000
-6924.000000
-6574.000000
-5946.000000
-4120.000000
-2310.000000
-1804.000000
-82.000000
-710.000000
-908.000000
-437.000000
163.000000
1727.000000
3939.000000
4429.000000
2559.000000
1770.000000
2434.000000
2846.000000
4071.000000
4648.000000
3472.000000
3367.000000
1426.000000
1820.000000
2198.000000
2915.000000
2148.000000
2181.000000
1231.000000
-491.000000
-567.000000
-186.000000
1406.000000
1348.000000
-5.000000
-1322.000000
-1004.000000
-1144.000000
444.000000
415.000000
972.000000
333.000000
86.000000
-250.000000
783.000000
2230.000000
2197.000000
3802.000000
3141.000000
3696.000000
2891.000000
4766.000000
5608.000000
6851.000000
5553.000000
6143.000000
7103.000000
5783.000000
8140.000000
7978.000000
5584.000000
-414.000000
7650.000000
7330.000000
6196.000000
5350.000000
1313.000000
985.000000
227.000000
3769.000000
3097.000000
2024.000000
-3146.000000
-3090.000000
-1792.000000
-2269.000000
-5613.000000
-4494.000000
-5382.000000
-5093.000000
-6098.000000
-9777.000000
-9627.000000
-10971.000000
-7827.000000
-5952.000000
-7210.000000
-10908.000000
-12322.000000
-10403.000000
-8071.000000
-5426.000000
-4943.000000
-7687.000000
-7973.000000
-6973.000000
-4930.000000
-2279.000000
-1993.000000
-563.000000
-859.000000
-1647.000000
-536.000000
77.000000
1275.000000
3819.000000
5140.000000
3149.000000
1552.000000
2059.000000
3027.000000
5159.000000
5404.000000
3616.000000
3204.000000
3127.000000
1241.000000
1791.000000
3814.000000
3372.000000
2436.000000
569.000000
728.000000
-118.000000
-548.000000
840.000000
2525.000000
1329.000000
-1994.000000
-2184.000000
-560.000000
1006.000000
705.000000
274.000000
603.000000
309.000000
-558.000000
319.000000
2506.000000
2789.000000
3372.000000
3091.000000
3616.000000
3350.000000
4855.000000
5352.000000
7309.000000
7036.000000
5895.000000
6484.000000
6743.000000
8221.000000
8023.000000
7529.000000
-1329.000000
7634.000000
8032.000000
6010.000000
6278.000000
1849.000000
1087.000000
-471.000000
4548.000000
3199.000000
2340.000000
-2621.000000
-3434.000000
-1653.000000
-1835.000000
-6072.000000
-4310.000000
-5654.000000
-5735.000000
-5814.000000
-9862.000000
-9634.000000
-11669.000000
-8512.000000
-6806.000000
-7490.000000
-10964.000000
-13493.000000
-10705.000000
-8860.000000
-6526.000000
-5309.000000
-7979.000000
-8228.000000
-7636.000000
-5868.000000
-2252.000000
-2119.000000
-1078.000000
-1231.000000
-1711.000000
-581.000000
99.000000
1239.000000
3228.000000
5449.000000
3333.000000
1846.000000
1783.000000
2829.000000
4708.000000
6153.000000
4415.000000
3359.000000
2960.000000
1163.000000
1899.000000
3782.000000
4344.000000
2620.000000
656.000000
314.000000
19.000000
-823.000000
859.000000
2532.000000
1637.000000
-2170.000000
-2566.000000
-988.000000
734.000000
794.000000
525.000000
733.000000
302.000000
-629.000000
97.000000
2694.000000
3706.000000
4225.000000
3636.000000
3968.000000
3951.000000
4078.000000
6481.000000
8333.000000
8178.000000
7561.000000
6973.000000
6371.000000
8769.000000
5524.000000
1779.000000
11323.000000
7350.000000
6947.000000
4533.000000
2183.000000
1880.000000
1326.000000
6037.000000
3732.000000
3041.000000
-3832.000000
-4004.000000
-837.000000
-1794.000000
-4084.000000
-2936.000000
-6477.000000
-5991.000000
-8320.000000
-9815.000000
-8637.000000
-9961.000000
-7566.000000
-8668.000000
-8677.000000
-12650.000000
-12974.000000
-10085.000000
-8355.000000
-5142.000000
-7145.000000
-9964.000000
-8805.000000
-7798.000000
-4667.000000
-1944.000000
-2287.000000
-1583.000000
-2665.000000
-2392.000000
-651.000000
941.000000
1875.000000
3626.000000
4351.000000
1850.000000
1637.000000
2243.000000
3829.000000
4809.000000
5989.000000
4269.000000
2147.000000
1939.000000
1880.000000
3848.000000
3709.000000
2541.000000
2767.000000
649.000000
-710.000000
-613.000000
576.000000
1859.000000
1105.000000
-234.000000
-2153.000000
-1904.000000
-1137.000000
481.000000
1407.000000
582.000000
-403.000000
-793.000000
-468.000000
1549.000000
3136.000000
3651.000000
4480.000000
3481.000000
3583.000000
3801.000000
5625.000000
7116.000000
8793.000000
9471.000000
7159.000000
6529.000000
7693.000000
6149.000000
2329.000000
11356.000000
9561.000000
6770.000000
5358.000000
2058.000000
3138.000000
2073.000000
6039.000000
4760.000000
3927.000000
-1958.000000
-3628.000000
-1268.000000
-1915.000000
-3467.000000
-1955.000000
-4863.000000
-6394.000000
-8320.000000
-10322.000000
-8496.000000
-9619.000000
-7689.000000
-8019.000000
-9432.000000
-12550.000000
-13524.000000
-10760.000000
-9041.000000
-5905.000000
-6536.000000
-9866.000000
-10085.000000
-9178.000000
-5529.000000
-2185.000000
-2273.000000
-2022.000000
-3424.000000
-3399.000000
-776.000000
616.000000
1578.000000
3459.000000
4544.000000
1833.000000
1315.000000
1987.000000
3853.000000
5470.000000
5521.000000
5685.000000
2044.000000
795.000000
2928.000000
4009.000000
4793.000000
3241.000000
2429.000000
106.000000
-306.000000
467.000000
731.000000
2169.000000
1107.000000
28.000000
-1820.000000
-2420.000000
-689.000000
587.000000
1244.000000
1192.000000
-664.000000
-402.000000
-1157.000000
1300.000000
4050.000000
4483.000000
4091.000000
2679.000000
3506.000000
4438.000000
6346.000000
7572.000000
9406.000000
8721.000000
7327.000000
6444.000000
8324.000000
488.000000
8136.000000
13044.000000
7496.000000
7555.000000
1573.000000
2793.000000
1004.000000
6612.000000
6281.000000
4547.000000
602.000000
-4065.000000
-1963.000000
-693.000000
-3399.000000
-1862.000000
-3459.000000
-6163.000000
-6325.000000
-11080.000000
-9022.000000
-9719.000000
-7977.000000
-7147.000000
-8977.000000
-11573.000000
-14660.000000
-11775.000000
-9942.000000
-7149.000000
-5492.000000
-9258.000000
-10876.000000
-10021.000000
-7577.000000
-2982.000000
-2396.000000
-2315.000000
-2740.000000
-4061.000000
-2122.000000
-388.000000
1052.000000
2310.000000
5046.000000
2787.000000
940.000000
1457.000000
2537.000000
4795.000000
6376.000000
5510.000000
4010.000000
2248.000000
673.000000
3044.000000
5203.000000
5113.000000
2956.000000
1406.000000
99.000000
174.000000
-100.000000
1863.000000
2920.000000
1553.000000
-1532.000000
-2981.000000
-1810.000000
561.000000
1534.000000
793.000000
462.000000
-246.000000
-1514.000000
-15.000000
3029.000000
4059.000000
4740.000000
3426.000000
3467.000000
4382.000000
3980.000000
7353.000000
8825.000000
9078.000000
9791.000000
5322.000000
6670.000000
-1173.000000
9663.000000
12775.000000
8680.000000
8791.000000
464.000000
2726.000000
294.000000
7057.000000
7586.000000
5527.000000
875.000000
-2989.000000
-2642.000000
-958.000000
-3540.000000
-670.000000
-2132.000000
-5340.000000
-5929.000000
-12245.000000
-9464.000000
-9993.000000
-6447.000000
-5540.000000
-9214.000000
-11867.000000
-15660.000000
-12422.000000
-9448.000000
-6032.000000
-4908.000000
-9500.000000
-11609.000000
-10751.000000
-8131.000000
-2778.000000
-2248.000000
-1875.000000
-3133.000000
-4739.000000
-2843.000000
-1570.000000
1338.000000
2963.000000
5482.000000
2517.000000
459.000000
117.000000
2556.000000
4889.000000
6861.000000
6165.000000
3855.000000
1515.000000
-272.000000
2856.000000
5733.000000
5732.000000
3180.000000
1221.000000
-548.000000
-256.000000
-445.000000
2966.000000
3535.000000
1588.000000
-2094.000000
-3540.000000
-1937.000000
472.000000
1584.000000
1436.000000
1033.000000
-1152.000000
-1537.000000
-361.000000
2907.000000
4172.000000
5417.000000
3996.000000
3064.000000
4114.000000
3297.000000
7699.000000
9705.000000
10787.000000
7819.000000
5875.000000
-893.000000
3726.000000
13895.000000
9392.000000
11117.000000
3604.000000
1447.000000
-464.000000
4510.000000
7792.000000
6738.000000
4177.000000
-2017.000000
-1676.000000
-1770.000000
-3404.000000
-1954.000000
-167.000000
-3379.000000
-3771.000000
-10240.000000
-11304.000000
-10205.000000
-8322.000000
-4453.000000
-6307.000000
-10016.000000
-15475.000000
-14270.000000
-11080.000000
-7304.000000
-3651.000000
-7281.000000
-10396.000000
-11452.000000
-10491.000000
-5008.000000
-2005.000000
-1830.000000
-1726.000000
-4178.000000
-3996.000000
-2791.000000
-334.000000
1880.000000
5224.000000
4237.000000
1273.000000
431.000000
673.000000
2790.000000
6944.000000
7340.000000
4063.000000
2963.000000
389.000000
899.000000
3742.000000
6262.000000
5120.000000
2262.000000
-396.000000
-100.000000
-513.000000
939.000000
3332.000000
3546.000000
110.000000
-2931.000000
-2775.000000
-955.000000
1995.000000
1552.000000
1546.000000
278.000000
-1104.000000
-553.000000
1298.000000
3869.000000
4610.000000
4874.000000
3820.000000
3522.000000
4077.000000
4732.000000
9262.000000
9880.000000
9308.000000
8779.000000
-3162.000000
1409.000000
12272.000000
9416.000000
11688.000000
6037.000000
1537.000000
-2091.000000
2420.000000
7626.000000
7023.000000
5138.000000
-1698.000000
-2072.000000
-1121.000000
-4494.000000
-2140.000000
-1064.000000
-2771.000000
-2384.000000
-8998.000000
-10672.000000
-11254.000000
-9473.000000
-5058.000000
-4295.000000
-7619.000000
-14710.000000
-14700.000000
-12134.000000
-8394.000000
-3181.000000
-5693.000000
-8864.000000
-10828.000000
-11482.000000
-6179.000000
-2218.000000
-837.000000
-1119.000000
-3703.000000
-3733.000000
-2546.000000
-1323.000000
941.000000
5571.000000
4883.000000
1953.000000
528.000000
308.000000
1156.000000
5883.000000
7719.000000
5762.000000
3410.000000
-764.000000
47.000000
2590.000000
5314.000000
5885.000000
3711.000000
-464.000000
-1505.000000
-1382.000000
604.000000
2784.000000
3951.000000
1114.000000
-1863.000000
-3548.000000
-2510.000000
1428.000000
2209.000000
2373.000000
1068.000000
-1015.000000
-1428.000000
582.000000
2854.000000
5372.000000
5889.000000
4150.000000
4135.000000
2190.000000
4407.000000
7710.000000
11295.000000
10124.000000
8695.000000
4003.000000
-5309.000000
9668.000000
10614.000000
11095.000000
9566.000000
2283.000000
105.000000
-1564.000000
5840.000000
6714.000000
7038.000000
1593.000000
-2428.000000
-1895.000000
-3076.000000
-4924.000000
-487.000000
-2326.000000
-1626.000000
-5150.000000
-12054.000000
-10636.000000
-11586.000000
-6572.000000
-4402.000000
-5279.000000
-11286.000000
-15730.000000
-13565.000000
-11199.000000
-4957.000000
-3864.000000
-7230.000000
-9587.000000
-11691.000000
-9487.000000
-3748.000000
-1951.000000
488.000000
-1736.000000
-4175.000000
-3414.000000
-1629.000000
-95.000000
3297.000000
6494.000000
3331.000000
1775.000000
147.000000
670.000000
3930.000000
6716.000000
7367.000000
5218.000000
1391.000000
-682.000000
-258.000000
4853.000000
5704.000000
4662.000000
1552.000000
-977.000000
-1573.000000
-2152.000000
1823.000000
3762.000000
2569.000000
-1094.000000
-3313.000000
-3233.000000
-883.000000
1037.000000
2884.000000
1443.000000
380.000000
-1564.000000
-849.000000
1878.000000
4223.000000
6294.000000
5040.000000
5278.000000
2767.000000
5181.000000
5145.000000
10662.000000
11034.000000
9634.000000
3598.000000
-2658.000000
11129.000000
7380.000000
11454.000000
8987.000000
3761.000000
869.000000
-478.000000
6119.000000
5837.000000
5312.000000
697.000000
-988.000000
-1316.000000
-3079.000000
-5192.000000
-1506.000000
-4227.000000
-1792.000000
-5860.000000
-11025.000000
-10424.000000
-12313.000000
-7013.000000
-5693.000000
-6312.000000
-11673.000000
-14654.000000
-13036.000000
-10657.000000
-5565.000000
-5290.000000
-7985.000000
-8607.000000
-10410.000000
-8225.000000
-4010.000000
-2428.000000
287.000000
-2144.000000
-2607.000000
-2211.000000
-1223.000000
450.000000
4317.000000
5245.000000
2918.000000
2856.000000
1344.000000
1589.000000
4827.000000
6249.000000
6306.000000
5683.000000
2034.000000
744.000000
354.000000
3917.000000
5539.000000
4074.000000
1815.000000
421.000000
-1668.000000
-2068.000000
1248.000000
3565.000000
1692.000000
-834.000000
-2685.000000
-2696.000000
-381.000000
-149.000000
2665.000000
1741.000000
550.000000
-1306.000000
-217.000000
2417.000000
4017.000000
5077.000000
5346.000000
5630.000000
3627.000000
4844.000000
7475.000000
9696.000000
9019.000000
10553.000000
-887.000000
3210.000000
11058.000000
7038.000000
11414.000000
6260.000000
4238.000000
-466.000000
2904.000000
5858.000000
5923.000000
4288.000000
-1558.000000
-258.000000
-1061.000000
-4804.000000
-2763.000000
-3529.000000
-4203.000000
-2012.000000
-9382.000000
-10009.000000
-11285.000000
-11298.000000
-7188.000000
-5629.000000
-8063.000000
-14110.000000
-13617.000000
-13498.000000
-8738.000000
-5175.000000
-7568.000000
-7741.000000
-9672.000000
-10532.000000
-6006.000000
-4057.000000
-1929.000000
-292.000000
-2684.000000
-2941.000000
-1492.000000
-816.000000
909.000000
5717.000000
3887.000000
2751.000000
2618.000000
783.000000
3591.000000
5542.000000
5499.000000
6542.000000
4404.000000
1252.000000
1275.000000
3452.000000
4015.000000
4213.000000
2988.000000
1481.000000
732.000000
-1717.000000
253.000000
2487.000000
1671.000000
230.000000
-705.000000
-1615.000000
-1288.000000
-434.000000
836.000000
1963.000000
1225.000000
-138.000000
-160.000000
1795.000000
2535.000000
4100.000000
4970.000000
4890.000000
5335.000000
4983.000000
4937.000000
9505.000000
8820.000000
8944.000000
7366.000000
-1400.000000
8298.000000
8997.000000
9299.000000
9921.000000
4973.000000
1874.000000
-691.000000
6322.000000
6047.000000
6021.000000
2256.000000
-2599.000000
-933.000000
-1703.000000
-3514.000000
-1037.000000
-4817.000000
-4021.000000
-5077.000000
-9797.000000
-9105.000000
-11430.000000
-9738.000000
-7603.000000
-6270.000000
-10821.000000
-14360.000000
-12640.000000
-12668.000000
-7587.000000
-5644.000000
-8192.000000
-8624.000000
-10614.000000
-9006.000000
-4519.000000
-3303.000000
-1269.000000
-1668.000000
-3089.000000
-2975.000000
-888.000000
124.000000
2735.000000
5525.000000
2407.000000
2428.000000
2458.000000
1646.000000
4500.000000
5634.000000
5901.000000
5484.000000
3028.000000
1188.000000
1800.000000
4019.000000
3860.000000
4232.000000
2100.000000
1095.000000
-389.000000
-1692.000000
1051.000000
3027.000000
1603.000000
-239.000000
-1338.000000
-1987.000000
-1187.000000
232.000000
2166.000000
1931.000000
1141.000000
-456.000000
229.000000
2141.000000
3960.000000
5267.000000
5706.000000
5468.000000
4245.000000
5243.000000
6739.000000
9837.000000
9609.000000
9629.000000
2469.000000
1401.000000
9272.000000
7748.000000
11468.000000
8350.000000
4009.000000
-410.000000
407.000000
5734.000000
6444.000000
5719.000000
441.000000
-2249.000000
-2889.000000
-4175.000000
-2327.000000
-2061.000000
-4212.000000
-3398.000000
-8648.000000
-10344.000000
-10564.000000
-11434.000000
-8394.000000
-6500.000000
-7284.000000
-12686.000000
-14134.000000
-13672.000000
-10750.000000
-6036.000000
-6165.000000
-6898.000000
-9185.000000
-11090.000000
-7667.000000
-4709.000000
-1457.000000
372.000000
-1703.000000
-2935.000000
-2866.000000
-1332.000000
1050.000000
5443.000000
5252.000000
3041.000000
1938.000000
1184.000000
2590.000000
5229.000000
6011.000000
6745.000000
4369.000000
2016.000000
1160.000000
2284.000000
4192.000000
3432.000000
3991.000000
2285.000000
886.000000
-1749.000000
-794.000000
1648.000000
2273.000000
1305.000000
-33.000000
-1396.000000
-1908.000000
-1577.000000
700.000000
2724.000000
1817.000000
1198.000000
86.000000
1181.000000
2263.000000
4365.000000
5873.000000
6271.000000
5633.000000
5960.000000
5348.000000
8479.000000
8771.000000
9623.000000
5092.000000
1816.000000
9187.000000
6673.000000
10685.000000
8443.000000
5152.000000
1228.000000
-55.000000
5404.000000
6323.000000
6163.000000
1304.000000
-1887.000000
-2832.000000
-3754.000000
-2383.000000
-1070.000000
-4147.000000
-3826.000000
-8769.000000
-10328.000000
-9619.000000
-10895.000000
-8198.000000
-7772.000000
-7887.000000
-12597.000000
-13811.000000
-13692.000000
-10957.000000
-6811.000000
-6776.000000
-7538.000000
-9384.000000
-10933.000000
-8140.000000
-5347.000000
-2268.000000
-63.000000
-2077.000000
-2869.000000
-3027.000000
-1428.000000
146.000000
4991.000000
5219.000000
3026.000000
2070.000000
608.000000
2886.000000
5042.000000
5614.000000
7022.000000
4747.000000
1881.000000
1067.000000
2574.000000
4402.000000
3870.000000
4100.000000
1511.000000
1184.000000
-833.000000
-895.000000
1827.000000
2188.000000
1463.000000
-346.000000
-1444.000000
-1216.000000
-666.000000
193.000000
1857.000000
1885.000000
1132.000000
216.000000
1648.000000
2731.000000
4307.000000
4857.000000
5711.000000
5258.000000
6373.000000
6352.000000
7822.000000
9708.000000
8842.000000
6071.000000
1275.000000
8194.000000
7267.000000
10345.000000
10307.000000
5731.000000
2103.000000
-1321.000000
3343.000000
5983.000000
7788.000000
3823.000000
-644.000000
-4043.000000
-5020.000000
-3670.000000
-950.000000
-1802.000000
-2170.000000
-7288.000000
-11941.000000
-10775.000000
-11295.000000
-8123.000000
-6168.000000
-6247.000000
-11167.000000
-14609.000000
-15076.000000
-12360.000000
-6827.000000
-5298.000000
-5989.000000
-8517.000000
-11438.000000
-10165.000000
-6471.000000
-2758.000000
1011.000000
-571.000000
-2539.000000
-3661.000000
-2793.000000
-1138.000000
3746.000000
5918.000000
4472.000000
2819.000000
230.000000
1004.000000
3626.000000
5220.000000
6746.000000
6201.000000
2774.000000
845.000000
447.000000
3268.000000
4121.000000
4523.000000
2611.000000
1570.000000
-631.000000
-2012.000000
519.000000
1983.000000
2192.000000
577.000000
-662.000000
-1530.000000
-964.000000
-777.000000
1298.000000
2066.000000
2002.000000
902.000000
1184.000000
2370.000000
3091.000000
4106.000000
5070.000000
6735.000000
5921.000000
6516.000000
6373.000000
8144.000000
8270.000000
9333.000000
3988.000000
4270.000000
7495.000000
5948.000000
10288.000000
8640.000000
6539.000000
894.000000
-145.000000
2142.000000
4937.000000
6092.000000
3406.000000
635.000000
-3595.000000
-6592.000000
-4762.000000
-3088.000000
-1841.000000
-1167.000000
-7127.000000
-9838.000000
-12292.000000
-12766.000000
-9616.000000
-5469.000000
-5182.000000
-9417.000000
-12477.000000
-14919.000000
-12712.000000
-8669.000000
-5479.000000
-3900.000000
-5974.000000
-9083.000000
-8952.000000
-7841.000000
-3621.000000
101.000000
815.000000
22.000000
-1183.000000
-2442.000000
-2027.000000
2486.000000
3972.000000
5046.000000
4238.000000
2255.000000
2242.000000
2275.000000
3270.000000
4957.000000
4939.000000
3730.000000
2162.000000
2215.000000
1990.000000
2101.000000
1922.000000
1538.000000
1996.000000
148.000000
130.000000
365.000000
335.000000
-215.000000
-422.000000
-536.000000
-86.000000
243.000000
213.000000
523.000000
490.000000
663.000000
930.000000
2837.000000
3571.000000
4212.000000
3747.000000
4046.000000
4927.000000
5256.000000
7117.000000
7735.000000
8910.000000
8481.000000
7537.000000
3987.000000
3584.000000
6204.000000
6167.000000
9757.000000
9454.000000
6535.000000
2097.000000
-437.000000
410.000000
2336.000000
4779.000000
4527.000000
2732.000000
-1324.000000
-5514.000000
-6434.000000
-5816.000000
-4136.000000
-1733.000000
-3743.000000
-6077.000000
-9399.000000
-12480.000000
-11560.000000
-9048.000000
-6924.000000
-7149.000000
-7811.000000
-10151.000000
-10953.000000
-10188.000000
-8995.000000
-6439.000000
-5302.000000
-5136.000000
-4893.000000
-5168.000000
-4316.000000
-2795.000000
-2017.000000
-870.000000
3.000000
217.000000
559.000000
2231.000000
2300.000000
2509.000000
2306.000000
1922.000000
3056.000000
3806.000000
3984.000000
4120.000000
3377.000000
1764.000000
1388.000000
1854.000000
2493.000000
2878.000000
2068.000000
868.000000
374.000000
-728.000000
-363.000000
637.000000
922.000000
490.000000
-301.000000
-1266.000000
-1071.000000
-256.000000
60.000000
1173.000000
1583.000000
785.000000
723.000000
1481.000000
2253.000000
3169.000000
3893.000000
4730.000000
4969.000000
4599.000000
5218.000000
5718.000000
7075.000000
7654.000000
8058.000000
7080.000000
3517.000000
5064.000000
4671.000000
5790.000000
8186.000000
7033.000000
5531.000000
2066.000000
1623.000000
877.000000
1681.000000
2611.000000
2279.000000
1866.000000
-1108.000000
-2955.000000
-4169.000000
-5579.000000
-4426.000000
-3814.000000
-4852.000000
-5324.000000
-7544.000000
-8671.000000
-8447.000000
-7689.000000
-7706.000000
-7957.000000
-8042.000000
-9192.000000
-7953.000000
-7145.000000
-6081.000000
-5417.000000
-5808.000000
-5587.000000
-5481.000000
-4755.000000
-2644.000000
-1279.000000
-678.000000
-669.000000
-597.000000
-1024.000000
-96.000000
1726.000000
2121.000000
2724.000000
2093.000000
2114.000000
2017.000000
2318.000000
3282.000000
2993.000000
2260.000000
1853.000000
1265.000000
1246.000000
1412.000000
1859.000000
1365.000000
772.000000
139.000000
-941.000000
-484.000000
-322.000000
386.000000
356.000000
-174.000000
-487.000000
-799.000000
-549.000000
10.000000
716.000000
775.000000
1077.000000
1073.000000
1192.000000
1769.000000
2634.000000
3254.000000
3788.000000
3908.000000
3913.000000
3995.000000
4483.000000
5834.000000
6195.000000
6828.000000
5955.000000
6188.000000
5017.000000
3555.000000
5468.000000
4151.000000
5075.000000
5010.000000
4520.000000
3792.000000
2016.000000
2056.000000
935.000000
1460.000000
1002.000000
363.000000
-81.000000
-1750.000000
-2359.000000
-2861.000000
-3863.000000
-3311.000000
-4450.000000
-5300.000000
-5398.000000
-6251.000000
-6175.000000
-6387.000000
-5991.000000
-6587.000000
-6576.000000
-6956.000000
-7296.000000
-6034.000000
-5634.000000
-4711.000000
-4685.000000
-4739.000000
-4222.000000
-4440.000000
-3613.000000
-2122.000000
-1565.000000
-1270.000000
-895.000000
-390.000000
-566.000000
227.000000
506.000000
738.000000
1209.000000
894.000000
1584.000000
1569.000000
1853.000000
1935.000000
1550.000000
943.000000
587.000000
55.000000
280.000000
1139.000000
1126.000000
607.000000
289.000000
-437.000000
-885.000000
-606.000000
-18.000000
549.000000
316.000000
-56.000000
-113.000000
136.000000
172.000000
923.000000
1266.000000
1133.000000
1247.000000
1198.000000
1752.000000
2418.000000
2901.000000
3338.000000
3764.000000
3927.000000
3672.000000
4039.000000
4316.000000
4780.000000
5466.000000
5542.000000
5567.000000
5425.000000
5353.000000
3624.000000
3840.000000
4186.000000
3173.000000
4080.000000
3608.000000
4031.000000
2706.000000
1964.000000
1241.000000
506.000000
614.000000
101.000000
678.000000
-77.000000
-1245.000000
-2063.000000
-2971.000000
-3092.000000
-2648.000000
-3743.000000
-3763.000000
-4633.000000
-5397.000000
-5335.000000
-5169.000000
-4759.000000
-5353.000000
-5281.000000
-6107.000000
-5886.000000
-5404.000000
-5099.000000
-4141.000000
-3979.000000
-3800.000000
-3841.000000
-4163.000000
-3231.000000
-2384.000000
-1776.000000
-1014.000000
-917.000000
-1099.000000
-1371.000000
-374.000000
-204.000000
343.000000
531.000000
324.000000
760.000000
707.000000
1123.000000
960.000000
676.000000
550.000000
-312.000000
-336.000000
74.000000
535.000000
648.000000
436.000000
556.000000
-537.000000
-744.000000
-824.000000
-225.000000
145.000000
98.000000
454.000000
98.000000
131.000000
266.000000
548.000000
928.000000
1332.000000
1122.000000
1261.000000
1845.000000
2256.000000
2460.000000
2980.000000
3339.000000
3311.000000
3382.000000
3401.000000
4046.000000
4153.000000
4431.000000
4512.000000
4760.000000
5047.000000
4513.000000
5020.000000
3893.000000
3211.000000
3586.000000
2428.000000
3667.000000
3516.000000
3539.000000
2825.000000
1987.000000
1737.000000
450.000000
957.000000
533.000000
862.000000
493.000000
-659.000000
-995.000000
-2064.000000
-2546.000000
-2128.000000
-2779.000000
-3070.000000
-3740.000000
-4609.000000
-4701.000000
-4428.000000
-4118.000000
-4815.000000
-4689.000000
-5468.000000
-5460.000000
-5068.000000
-4882.000000
-3838.000000
-4007.000000
-4000.000000
-3669.000000
-3713.000000
-3316.000000
-2525.000000
-1909.000000
-1731.000000
-1456.000000
-1437.000000
-1656.000000
-418.000000
-295.000000
86.000000
319.000000
41.000000
570.000000
499.000000
806.000000
945.000000
674.000000
146.000000
-43.000000
60.000000
108.000000
520.000000
830.000000
341.000000
385.000000
-303.000000
-614.000000
-415.000000
-366.000000
261.000000
-8.000000
107.000000
54.000000
-91.000000
152.000000
684.000000
882.000000
854.000000
947.000000
934.000000
894.000000
1624.000000
2170.000000
2309.000000
2518.000000
2348.000000
2479.000000
2493.000000
2841.000000
3521.000000
3765.000000
3550.000000
3920.000000
3973.000000
4310.000000
4294.000000
4617.000000
3821.000000
2839.000000
3333.000000
2297.000000
3277.000000
3282.000000
3483.000000
3235.000000
2117.000000
1933.000000
975.000000
1172.000000
1189.000000
1348.000000
968.000000
-127.000000
-796.000000
-1549.000000
-2118.000000
-1526.000000
-2141.000000
-2594.000000
-3343.000000
-4362.000000
-4320.000000
-4422.000000
-3976.000000
-4341.000000
-4325.000000
-5012.000000
-5562.000000
-5158.000000
-4932.000000
-3980.000000
-3735.000000
-3845.000000
-3554.000000
-3835.000000
-3519.000000
-2500.000000
-1911.000000
-1503.000000
-1704.000000
-1594.000000
-1654.000000
-846.000000
-219.000000
220.000000
799.000000
327.000000
425.000000
434.000000
611.000000
942.000000
875.000000
915.000000
672.000000
373.000000
406.000000
449.000000
1005.000000
760.000000
601.000000
-66.000000
-645.000000
-454.000000
-393.000000
244.000000
452.000000
428.000000
158.000000
-223.000000
-157.000000
397.000000
750.000000
948.000000
1046.000000
828.000000
744.000000
987.000000
1383.000000
1767.000000
2014.000000
1970.000000
2105.000000
2101.000000
2391.000000
2649.000000
3086.000000
3403.000000
3265.000000
3839.000000
3536.000000
3883.000000
4049.000000
4183.000000
4041.000000
2454.000000
2819.000000
2223.000000
2429.000000
3171.000000
3198.000000
3168.000000
1647.000000
1264.000000
552.000000
616.000000
1064.000000
1007.000000
796.000000
-299.000000
-1137.000000
-1624.000000
-2194.000000
-1869.000000
-1964.000000
-2671.000000
-3063.000000
-4098.000000
-4319.000000
-4437.000000
-3796.000000
-3771.000000
-4207.000000
-4504.000000
-5399.000000
-4908.000000
-4508.000000
-3649.000000
-3176.000000
-3326.000000
-3236.000000
-3535.000000
-3273.000000
-2303.000000
-1500.000000
-1119.000000
-1165.000000
-1140.000000
-1374.000000
-1071.000000
3.000000
430.000000
1004.000000
832.000000
455.000000
302.000000
270.000000
659.000000
839.000000
1084.000000
1013.000000
399.000000
250.000000
338.000000
672.000000
688.000000
537.000000
373.000000
-499.000000
-569.000000
-423.000000
35.000000
368.000000
140.000000
-34.000000
-411.000000
-251.000000
72.000000
398.000000
692.000000
751.000000
671.000000
496.000000
797.000000
1175.000000
1412.000000
1828.000000
1851.000000
1916.000000
1754.000000
1865.000000
2474.000000
2922.000000
3181.000000
3226.000000
3104.000000
2874.000000
3284.000000
3604.000000
4227.000000
4093.000000
3570.000000
2455.000000
2225.000000
2319.000000
2375.000000
3200.000000
2894.000000
2526.000000
1397.000000
1001.000000
757.000000
1003.000000
1270.000000
1106.000000
711.000000
-382.000000
-1203.000000
-1596.000000
-1706.000000
-1452.000000
-1444.000000
-2368.000000
-2811.000000
-3676.000000
-3883.000000
-3709.000000
-3467.000000
-3379.000000
-3974.000000
-4310.000000
-4787.000000
-4200.000000
-3774.000000
-3288.000000
-2933.000000
-3191.000000
-3315.000000
-3265.000000
-2816.000000
-1921.000000
-1284.000000
-1157.000000
-1277.000000
-1292.000000
-1250.000000
-818.000000
236.000000
492.000000
720.000000
387.000000
113.000000
95.000000
148.000000
649.000000
844.000000
864.000000
601.000000
282.000000
68.000000
180.000000
485.000000
161.000000
-192.000000
-262.000000
-598.000000
-588.000000
-450.000000
-161.000000
-117.000000
-350.000000
-419.000000
-652.000000
-415.000000
-208.000000
219.000000
489.000000
547.000000
571.000000
235.000000
626.000000
1202.000000
1559.000000
1575.000000
1761.000000
1747.000000
1519.000000
1904.000000
2387.000000
2791.000000
2812.000000
2757.000000
2778.000000
2721.000000
3198.000000
3532.000000
3818.000000
3861.000000
3599.000000
2957.000000
1958.000000
2396.000000
2302.000000
2528.000000
2947.000000
2618.000000
1972.000000
1174.000000
1159.000000
956.000000
1105.000000
1002.000000
669.000000
152.000000
-547.000000
-881.000000
-1182.000000
-1392.000000
-1174.000000
-1608.000000
-2399.000000
-2656.000000
-3220.000000
-3556.000000
-3314.000000
-2967.000000
-3341.000000
-3623.000000
-3799.000000
-3951.000000
-3669.000000
-3512.000000
-3039.000000
-2945.000000
-3060.000000
-2813.000000
-2594.000000
-2335.000000
-1530.000000
-1255.000000
-1387.000000
-1166.000000
-1043.000000
-1055.000000
-634.000000
101.000000
174.000000
261.000000
45.000000
119.000000
184.000000
158.000000
508.000000
614.000000
555.000000
361.000000
99.000000
-132.000000
97.000000
94.000000
-68.000000
-227.000000
-452.000000
-779.000000
-773.000000
-373.000000
-111.000000
-158.000000
-451.000000
-619.000000
-623.000000
-363.000000
39.000000
378.000000
415.000000
431.000000
228.000000
346.000000
827.000000
1089.000000
1258.000000
1470.000000
1602.000000
1466.000000
1574.000000
1960.000000
2412.000000
2583.000000
2741.000000
2686.000000
2834.000000
2899.000000
3410.000000
3769.000000
3936.000000
3779.000000
3248.000000
2986.000000
2022.000000
2416.000000
2380.000000
2284.000000
2735.000000
2311.000000
2202.000000
1514.000000
1382.000000
1040.000000
710.000000
743.000000
296.000000
257.000000
-338.000000
-825.000000
-832.000000
-1553.000000
-1651.000000
-1889.000000
-2475.000000
-2500.000000
-3091.000000
-3265.000000
-3461.000000
-3399.000000
-3393.000000
-3649.000000
-3444.000000
-3778.000000
-3699.000000
-3530.000000
-3275.000000
-2760.000000
-2827.000000
-2417.000000
-2185.000000
-2176.000000
-1668.000000
-1363.000000
-1170.000000
-1053.000000
-917.000000
-919.000000
-642.000000
-44.000000
39.000000
315.000000
175.000000
41.000000
96.000000
128.000000
414.000000
478.000000
415.000000
277.000000
57.000000
-226.000000
-71.000000
-56.000000
-291.000000
-335.000000
-320.000000
-663.000000
-651.000000
-464.000000
-405.000000
-420.000000
-521.000000
-402.000000
-542.000000
-422.000000
-89.000000
172.000000
265.000000
350.000000
327.000000
330.000000
778.000000
1120.000000
1325.000000
1351.000000
1530.000000
1591.000000
1764.000000
2238.000000
2571.000000
2826.000000
2768.000000
2716.000000
3005.000000
3075.000000
3521.000000
3882.000000
4024.000000
4111.000000
3552.000000
3329.000000
2454.000000
2468.000000
2601.000000
2464.000000
3084.000000
2802.000000
2417.000000
1673.000000
1133.000000
737.000000
477.000000
650.000000
654.000000
523.000000
-119.000000
-859.000000
-1314.000000
-1887.000000
-1913.000000
-1968.000000
-2598.000000
-2748.000000
-3325.000000
-3710.000000
-3740.000000
-3539.000000
-3363.000000
-3726.000000
-3847.000000
-4180.000000
-4077.000000
-3843.000000
-3430.000000
-2782.000000
-2762.000000
-2622.000000
-2603.000000
-2639.000000
-1987.000000
-1572.000000
-1261.000000
-1020.000000
-919.000000
-979.000000
-1001.000000
-312.000000
-121.000000
61.000000
21.000000
-106.000000
-63.000000
-93.000000
229.000000
459.000000
472.000000
311.000000
-56.000000
-490.000000
-371.000000
-179.000000
-239.000000
-252.000000
-167.000000
-414.000000
-682.000000
-582.000000
-363.000000
-377.000000
-405.000000
-234.000000
-221.000000
-50.000000
119.000000
396.000000
546.000000
644.000000
721.000000
759.000000
1087.000000
1449.000000
1683.000000
1761.000000
1972.000000
2198.000000
2187.000000
2502.000000
2937.000000
3056.000000
3209.000000
3298.000000
3349.000000
3573.000000
3849.000000
4061.000000
4373.000000
4389.000000
3821.000000
3237.000000
2354.000000
2468.000000
2633.000000
2939.000000
3528.000000
3067.000000
2283.000000
977.000000
590.000000
373.000000
656.000000
1106.000000
864.000000
412.000000
-756.000000
-1777.000000
-2276.000000
-2379.000000
-2112.000000
-2209.000000
-2711.000000
-3156.000000
-4040.000000
-4407.000000
-4329.000000
-4008.000000
-3996.000000
-4295.000000
-4495.000000
-4767.000000
-4439.000000
-4087.000000
-3486.000000
-3184.000000
-3361.000000
-3451.000000
-3360.000000
-2812.000000
-1791.000000
-1254.000000
-1121.000000
-1130.000000
-1345.000000
-1383.000000
-836.000000
11.000000
282.000000
457.000000
143.000000
48.000000
3.000000
106.000000
628.000000
889.000000
887.000000
558.000000
92.000000
-64.000000
192.000000
314.000000
330.000000
206.000000
89.000000
-429.000000
-350.000000
-72.000000
199.000000
316.000000
-68.000000
-42.000000
-139.000000
81.000000
532.000000
796.000000
940.000000
864.000000
537.000000
605.000000
1054.000000
1653.000000
1856.000000
2072.000000
2120.000000
1919.000000
2090.000000
2385.000000
3121.000000
3307.000000
3451.000000
3526.000000
3456.000000
3683.000000
4325.000000
4477.000000
4723.000000
4386.000000
3489.000000
2617.000000
2211.000000
3105.000000
3194.000000
3983.000000
3583.000000
2646.000000
1374.000000
149.000000
412.000000
468.000000
1092.000000
1096.000000
385.000000
-720.000000
-2023.000000
-2740.000000
-2808.000000
-2698.000000
-2370.000000
-3083.000000
-3675.000000
-4366.000000
-5192.000000
-5051.000000
-5018.000000
-4552.000000
-4904.000000
-5122.000000
-5094.000000
-4940.000000
-4343.000000
-4101.000000
-3844.000000
-3867.000000
-3890.000000
-3381.000000
-2833.000000
-1850.000000
-1110.000000
-1304.000000
-1282.000000
-1434.000000
-1070.000000
-648.000000
386.000000
1047.000000
775.000000
512.000000
6.000000
371.000000
774.000000
1385.000000
1803.000000
1459.000000
965.000000
363.000000
336.000000
868.000000
1340.000000
1433.000000
823.000000
325.000000
-114.000000
-289.000000
331.000000
803.000000
1013.000000
448.000000
-207.000000
-285.000000
-84.000000
417.000000
888.000000
1074.000000
867.000000
476.000000
344.000000
840.000000
1378.000000
1724.000000
1881.000000
1961.000000
1951.000000
2224.000000
2682.000000
3144.000000
3538.000000
3382.000000
3260.000000
3474.000000
4312.000000
4948.000000
5195.000000
4789.000000
3742.000000
2714.000000
1855.000000
3149.000000
4226.000000
4774.000000
4528.000000
2639.000000
882.000000
-493.000000
-13.000000
1080.000000
2106.000000
2032.000000
325.000000
-1787.000000
-3476.000000
-3788.000000
-3052.000000
-2333.000000
-1785.000000
-2893.000000
-4966.000000
-6210.000000
-6739.000000
-5990.000000
-5031.000000
-4325.000000
-4670.000000
-5760.000000
-6568.000000
-6663.000000
-5577.000000
-4517.000000
-3756.000000
-3633.000000
-3980.000000
-3808.000000
-3511.000000
-2732.000000
-1555.000000
-1142.000000
-956.000000
-958.000000
-520.000000
62.000000
644.000000
1106.000000
918.000000
979.000000
948.000000
1426.000000
2262.000000
2520.000000
2397.000000
1584.000000
855.000000
1114.000000
1483.000000
2311.000000
2541.000000
2098.000000
825.000000
-321.000000
-137.000000
508.000000
1743.000000
2037.000000
1441.000000
210.000000
-816.000000
-777.000000
126.000000
1344.000000
1968.000000
1295.000000
223.000000
-469.000000
-226.000000
776.000000
1834.000000
2760.000000
2171.000000
1575.000000
1322.000000
1724.000000
2707.000000
3462.000000
3911.000000
3458.000000
3258.000000
3547.000000
4095.000000
4967.000000
5050.000000
4183.000000
3028.000000
1746.000000
2945.000000
4004.000000
4728.000000
4976.000000
2867.000000
871.000000
-708.000000
101.000000
1499.000000
2555.000000
2319.000000
-165.000000
-2491.000000
-4169.000000
-4004.000000
-2246.000000
-1339.000000
-1396.000000
-3530.000000
-6505.000000
-7520.000000
-7409.000000
-5610.000000
-4067.000000
-3902.000000
-5467.000000
-7686.000000
-8224.000000
-7609.000000
-5435.000000
-3610.000000
-3287.000000
-3944.000000
-5298.000000
-5488.000000
-4349.000000
-2398.000000
-396.000000
-181.000000
-760.000000
-1575.000000
-1350.000000
-326.000000
1022.000000
2509.000000
2186.000000
1739.000000
1193.000000
1305.000000
2246.000000
2835.000000
3248.000000
2650.000000
2047.000000
1769.000000
1677.000000
2416.000000
2495.000000
2112.000000
1171.000000
295.000000
700.000000
879.000000
1443.000000
1445.000000
524.000000
-187.000000
-637.000000
-9.000000
626.000000
1258.000000
1187.000000
20.000000
-387.000000
-527.000000
283.000000
1367.000000
1833.000000
2069.000000
1105.000000
821.000000
1456.000000
2221.000000
3249.000000
3507.000000
3432.000000
2620.000000
2827.000000
3942.000000
4345.000000
5492.000000
4542.000000
3400.000000
2379.000000
1887.000000
3966.000000
4540.000000
5176.000000
3988.000000
1509.000000
75.000000
-215.000000
1694.000000
2563.000000
2615.000000
1145.000000
-2019.000000
-3305.000000
-3591.000000
-2406.000000
-881.000000
-1557.000000
-2723.000000
-5731.000000
-7453.000000
-6990.000000
-5834.000000
-3994.000000
-4027.000000
-5219.000000
-7528.000000
-8531.000000
-7454.000000
-5994.000000
-3855.000000
-3263.000000
-4271.000000
-5341.000000
-5968.000000
-4577.000000
-2703.000000
-780.000000
105.000000
-750.000000
-1569.000000
-1854.000000
-521.000000
908.000000
2445.000000
2906.000000
1834.000000
1371.000000
1176.000000
1741.000000
2869.000000
3499.000000
3625.000000
2414.000000
1573.000000
1411.000000
1543.000000
2399.000000
2386.000000
2277.000000
1010.000000
203.000000
261.000000
231.000000
991.000000
914.000000
396.000000
-100.000000
-401.000000
-273.000000
-123.000000
523.000000
723.000000
257.000000
149.000000
-16.000000
401.000000
689.000000
1239.000000
1713.000000
1520.000000
1912.000000
2034.000000
2262.000000
2553.000000
2897.000000
3134.000000
3218.000000
4211.000000
4407.000000
4143.000000
4081.000000
3296.000000
3118.000000
2402.000000
3577.000000
4476.000000
3826.000000
3562.000000
1620.000000
678.000000
341.000000
1297.000000
2308.000000
1794.000000
763.000000
-1393.000000
-2804.000000
-2649.000000
-2126.000000
-1271.000000
-1811.000000
-2936.000000
-4578.000000
-6627.000000
-5947.000000
-5206.000000
-4306.000000
-4031.000000
-5184.000000
-6479.000000
-7509.000000
-6654.000000
-5376.000000
-3982.000000
-3317.000000
-4084.000000
-4827.000000
-5094.000000
-4008.000000
-2264.000000
-1076.000000
-23.000000
-634.000000
-1592.000000
-1394.000000
-267.000000
1193.000000
2243.000000
2763.000000
1779.000000
998.000000
1077.000000
1677.000000
2912.000000
3451.000000
3253.000000
2504.000000
1094.000000
1063.000000
1410.000000
2059.000000
2736.000000
2121.000000
972.000000
-215.000000
-204.000000
60.000000
836.000000
1339.000000
551.000000
-317.000000
-994.000000
-919.000000
-214.000000
362.000000
879.000000
590.000000
-176.000000
-478.000000
-246.000000
387.000000
1154.000000
1863.000000
1597.000000
1477.000000
1659.000000
1734.000000
2176.000000
2693.000000
3210.000000
3279.000000
3514.000000
4000.000000
3865.000000
3948.000000
3411.000000
3239.000000
2878.000000
2390.000000
3910.000000
3588.000000
3347.000000
2483.000000
955.000000
688.000000
770.000000
1798.000000
1566.000000
772.000000
-695.000000
-2246.000000
-2356.000000
-2042.000000
-1501.000000
-1558.000000
-3044.000000
-3862.000000
-5290.000000
-5811.000000
-4680.000000
-4306.000000
-3968.000000
-4753.000000
-5704.000000
-6551.000000
-6263.000000
-5217.000000
-4200.000000
-3318.000000
-3694.000000
-4404.000000
-4571.000000
-4038.000000
-2562.000000
-1232.000000
-581.000000
-273.000000
-1175.000000
-1416.000000
-574.000000
922.000000
1930.000000
2331.000000
1951.000000
966.000000
1005.000000
1423.000000
2439.000000
3378.000000
3204.000000
2441.000000
1592.000000
890.000000
1289.000000
1565.000000
2272.000000
2416.000000
1248.000000
158.000000
-607.000000
-229.000000
320.000000
1037.000000
997.000000
65.000000
-796.000000
-1406.000000
-936.000000
272.000000
702.000000
784.000000
-3.000000
-678.000000
-673.000000
-355.000000
1011.000000
1406.000000
1429.000000
969.000000
667.000000
1097.000000
1766.000000
2635.000000
2682.000000
2849.000000
2779.000000
2509.000000
3176.000000
3952.000000
4420.000000
4108.000000
3241.000000
2831.000000
1877.000000
2659.000000
3959.000000
3918.000000
3483.000000
1697.000000
767.000000
286.000000
1072.000000
2132.000000
1647.000000
854.000000
-1075.000000
-2273.000000
-2323.000000
-1886.000000
-989.000000
-1690.000000
-2732.000000
-3882.000000
-5472.000000
-5221.000000
-4535.000000
-3837.000000
-3714.000000
-4588.000000
-5390.000000
-6273.000000
-5787.000000
-4765.000000
-3714.000000
-2953.000000
-3475.000000
-4037.000000
-4356.000000
-3638.000000
-2009.000000
-931.000000
-159.000000
-341.000000
-1300.000000
-1318.000000
-322.000000
871.000000
1796.000000
2028.000000
1465.000000
785.000000
644.000000
1176.000000
2148.000000
2675.000000
2536.000000
1819.000000
940.000000
685.000000
842.000000
1316.000000
1614.000000
1688.000000
694.000000
-272.000000
-359.000000
-286.000000
184.000000
491.000000
532.000000
-47.000000
-781.000000
-943.000000
-312.000000
262.000000
598.000000
507.000000
13.000000
-382.000000
-184.000000
314.000000
948.000000
1409.000000
1155.000000
973.000000
1022.000000
1461.000000
2053.000000
2518.000000
2644.000000
2765.000000
2482.000000
2658.000000
3165.000000
3832.000000
4156.000000
3797.000000
3358.000000
2595.000000
2409.000000
2343.000000
3619.000000
3786.000000
3157.000000
2333.000000
983.000000
673.000000
878.000000
1653.000000
1892.000000
1128.000000
-395.000000
-1600.000000
-2096.000000
-1565.000000
-1205.000000
-1270.000000
-2337.000000
-3516.000000
-4563.000000
-5182.000000
-4184.000000
-3842.000000
-3709.000000
-4207.000000
-5213.000000
-5716.000000
-5684.000000
-4870.000000
-3774.000000
-3192.000000
-3451.000000
-4059.000000
-4121.000000
-3603.000000
-2404.000000
-1184.000000
-741.000000
-600.000000
-1303.000000
-1547.000000
-614.000000
419.000000
1275.000000
1641.000000
1166.000000
572.000000
416.000000
974.000000
1824.000000
2459.000000
2227.000000
1480.000000
959.000000
606.000000
1172.000000
1389.000000
1572.000000
1656.000000
669.000000
-35.000000
-132.000000
141.000000
551.000000
578.000000
503.000000
-99.000000
-725.000000
-729.000000
-288.000000
545.000000
535.000000
285.000000
-192.000000
-599.000000
-157.000000
243.000000
865.000000
1295.000000
919.000000
421.000000
529.000000
1078.000000
1756.000000
2334.000000
2573.000000
2351.000000
2005.000000
1964.000000
2617.000000
3299.000000
3956.000000
4032.000000
3555.000000
2837.000000
2463.000000
2630.000000
2432.000000
3978.000000
3920.000000
2827.000000
2158.000000
906.000000
874.000000
1237.000000
1994.000000
2120.000000
911.000000
-584.000000
-1556.000000
-1567.000000
-1005.000000
-909.000000
-1039.000000
-2550.000000
-3438.000000
-4106.000000
-4679.000000
-3452.000000
-3535.000000
-3845.000000
-4330.000000
-5124.000000
-5460.000000
-5222.000000
-4421.000000
-3744.000000
-3386.000000
-3626.000000
-4169.000000
-3930.000000
-3420.000000
-2432.000000
-1155.000000
-1087.000000
-887.000000
-1408.000000
-1789.000000
-718.000000
432.000000
1068.000000
1374.000000
990.000000
161.000000
277.000000
870.000000
1718.000000
2453.000000
2137.000000
1276.000000
917.000000
561.000000
708.000000
1606.000000
1608.000000
1692.000000
1003.000000
-285.000000
-178.000000
-88.000000
223.000000
825.000000
650.000000
-150.000000
-626.000000
-977.000000
-640.000000
481.000000
753.000000
303.000000
-21.000000
-670.000000
-510.000000
333.000000
848.000000
1527.000000
1301.000000
461.000000
560.000000
1126.000000
1500.000000
2466.000000
2965.000000
2691.000000
2517.000000
2246.000000
2391.000000
3500.000000
3940.000000
4252.000000
4240.000000
3304.000000
2773.000000
2953.000000
2792.000000
2987.000000
4386.000000
3069.000000
2514.000000
1861.000000
616.000000
1156.000000
1554.000000
1921.000000
1500.000000
103.000000
-1448.000000
-1551.000000
-1429.000000
-1183.000000
-1027.000000
-1907.000000
-3399.000000
-3643.000000
-4598.000000
-4452.000000
-3342.000000
-4090.000000
-4064.000000
-4685.000000
-5440.000000
-5521.000000
-4839.000000
-4226.000000
-3490.000000
-3326.000000
-3949.000000
-4035.000000
-3740.000000
-3129.000000
-1846.000000
-1149.000000
-1139.000000
-956.000000
-1719.000000
-1396.000000
-132.000000
621.000000
1084.000000
1209.000000
425.000000
141.000000
669.000000
1172.000000
1917.000000
2115.000000
1500.000000
874.000000
667.000000
589.000000
1070.000000
1215.000000
1330.000000
1213.000000
216.000000
-443.000000
-169.000000
-74.000000
218.000000
572.000000
267.000000
-124.000000
-722.000000
-725.000000
-161.000000
681.000000
761.000000
529.000000
101.000000
-224.000000
149.000000
726.000000
1505.000000
1705.000000
1455.000000
720.000000
911.000000
1474.000000
2128.000000
2770.000000
3046.000000
3065.000000
2718.000000
2443.000000
2539.000000
3407.000000
3962.000000
4060.000000
3787.000000
3487.000000
2393.000000
2591.000000
2341.000000
2639.000000
3865.000000
2452.000000
2198.000000
1135.000000
364.000000
543.000000
1095.000000
1582.000000
843.000000
-384.000000
-1821.000000
-2014.000000
-1536.000000
-1437.000000
-1408.000000
-2136.000000
-3682.000000
-3771.000000
-4578.000000
-4214.000000
-3361.000000
-3873.000000
-3876.000000
-4520.000000
-5056.000000
-5292.000000
-4494.000000
-3533.000000
-3084.000000
-2960.000000
-3606.000000
-3850.000000
-3306.000000
-2784.000000
-1451.000000
-804.000000
-968.000000
-1071.000000
-1732.000000
-1278.000000
-81.000000
730.000000
1012.000000
898.000000
288.000000
-150.000000
390.000000
1243.000000
1801.000000
1847.000000
1091.000000
649.000000
434.000000
705.000000
1125.000000
1178.000000
1492.000000
787.000000
81.000000
-104.000000
193.000000
570.000000
660.000000
894.000000
539.000000
-35.000000
-163.000000
63.000000
673.000000
1161.000000
1280.000000
795.000000
211.000000
454.000000
590.000000
1278.000000
2037.000000
1531.000000
1230.000000
964.000000
1143.000000
1861.000000
2163.000000
2413.000000
2456.000000
2311.000000
2175.000000
2360.000000
2415.000000
2770.000000
3186.000000
2913.000000
2768.000000
3002.000000
2370.000000
2217.000000
2548.000000
1628.000000
2589.000000
2367.000000
1794.000000
1645.000000
389.000000
229.000000
405.000000
967.000000
682.000000
-12.000000
-1138.000000
-1800.000000
-1517.000000
-1596.000000
-1733.000000
-1652.000000
-2947.000000
-3387.000000
-3381.000000
-4220.000000
-3602.000000
-3614.000000
-3692.000000
-3896.000000
-4300.000000
-4693.000000
-4558.000000
-3801.000000
-3456.000000
-3043.000000
-3181.000000
-3627.000000
-3192.000000
-2976.000000
-2384.000000
-1193.000000
-1231.000000
-1237.000000
-1462.000000
-1630.000000
-916.000000
80.000000
521.000000
745.000000
407.000000
-223.000000
-70.000000
620.000000
1218.000000
1569.000000
1392.000000
875.000000
731.000000
508.000000
935.000000
1295.000000
1781.000000
1433.000000
935.000000
464.000000
406.000000
903.000000
1082.000000
1511.000000
1334.000000
850.000000
243.000000
411.000000
770.000000
1434.000000
1500.000000
1331.000000
857.000000
438.000000
701.000000
1152.000000
1801.000000
1664.000000
1297.000000
889.000000
879.000000
1155.000000
1801.000000
1757.000000
1847.000000
1809.000000
1646.000000
1702.000000
1920.000000
2385.000000
2277.000000
2329.000000
2312.000000
2264.000000
2429.000000
2281.000000
2250.000000
1947.000000
1024.000000
2143.000000
2008.000000
1693.000000
1528.000000
369.000000
236.000000
179.000000
673.000000
517.000000
12.000000
-768.000000
-1407.000000
-1583.000000
-1659.000000
-1761.000000
-1755.000000
-2636.000000
-2765.000000
-3306.000000
-4341.000000
-3616.000000
-3733.000000
-3628.000000
-3671.000000
-4203.000000
-4609.000000
-4528.000000
-4244.000000
-3795.000000
-3125.000000
-2989.000000
-3232.000000
-3287.000000
-3248.000000
-2750.000000
-1624.000000
-1294.000000
-770.000000
-1115.000000
-1618.000000
-829.000000
-242.000000
288.000000
907.000000
679.000000
277.000000
500.000000
789.000000
1194.000000
1760.000000
1958.000000
1564.000000
1411.000000
1015.000000
1256.000000
1530.000000
1803.000000
2343.000000
1598.000000
1008.000000
833.000000
908.000000
1134.000000
1666.000000
1827.000000
1155.000000
594.000000
347.000000
522.000000
1287.000000
1645.000000
1403.000000
834.000000
201.000000
432.000000
638.000000
1168.000000
1508.000000
1015.000000
559.000000
531.000000
556.000000
915.000000
1394.000000
1488.000000
1404.000000
1253.000000
1191.000000
1265.000000
1822.000000
2019.000000
2045.000000
1962.000000
1743.000000
2080.000000
1993.000000
1631.000000
2209.000000
1238.000000
1507.000000
2229.000000
1286.000000
1410.000000
754.000000
722.000000
579.000000
627.000000
463.000000
-86.000000
-203.000000
-866.000000
-1001.000000
-1166.000000
-1875.000000
-1631.000000
-2169.000000
-2801.000000
-2417.000000
-3658.000000
-3616.000000
-3511.000000
-3750.000000
-3664.000000
-3861.000000
-3959.000000
-4223.000000
-3988.000000
-3852.000000
-3478.000000
-2913.000000
-3071.000000
-3076.000000
-2704.000000
-2754.000000
-1646.000000
-1296.000000
-1176.000000
-809.000000
-1177.000000
-833.000000
-72.000000
367.000000
623.000000
888.000000
769.000000
813.000000
1008.000000
1280.000000
1509.000000
2008.000000
1775.000000
1544.000000
1516.000000
1206.000000
1582.000000
1772.000000
1797.000000
1851.000000
1297.000000
683.000000
876.000000
986.000000
1230.000000
1424.000000
999.000000
443.000000
173.000000
202.000000
670.000000
1170.000000
804.000000
327.000000
47.000000
-86.000000
194.000000
662.000000
692.000000
709.000000
445.000000
63.000000
196.000000
551.000000
787.000000
1107.000000
1239.000000
818.000000
864.000000
1006.000000
1420.000000
1968.000000
2042.000000
1745.000000
1778.000000
1723.000000
1727.000000
2247.000000
2434.000000
2254.000000
2282.000000
1432.000000
787.000000
1919.000000
1653.000000
1923.000000
1672.000000
442.000000
-10.000000
-148.000000
375.000000
541.000000
207.000000
-901.000000
-1535.000000
-1802.000000
-2012.000000
-1814.000000
-1748.000000
-2478.000000
-2559.000000
-3447.000000
-4158.000000
-3532.000000
-3587.000000
-3209.000000
-3285.000000
-3779.000000
-4188.000000
-4057.000000
-3644.000000
-3066.000000
-2460.000000
-2471.000000
-2742.000000
-2603.000000
-2536.000000
-1834.000000
-871.000000
-626.000000
-191.000000
-661.000000
-945.000000
-134.000000
458.000000
1051.000000
1509.000000
1083.000000
720.000000
790.000000
1295.000000
1784.000000
2169.000000
2025.000000
1587.000000
1097.000000
1020.000000
1598.000000
1744.000000
1907.000000
1539.000000
922.000000
325.000000
611.000000
1038.000000
1115.000000
1055.000000
566.000000
162.000000
3.000000
155.000000
378.000000
629.000000
541.000000
197.000000
-347.000000
-268.000000
68.000000
445.000000
663.000000
407.000000
43.000000
-49.000000
115.000000
564.000000
1143.000000
1155.000000
1009.000000
799.000000
915.000000
1210.000000
1655.000000
2019.000000
2119.000000
1806.000000
1612.000000
1727.000000
2304.000000
2152.000000
2300.000000
1710.000000
991.000000
2148.000000
1595.000000
1780.000000
1427.000000
705.000000
581.000000
404.000000
631.000000
311.000000
-77.000000
-647.000000
-929.000000
-1123.000000
-1591.000000
-1798.000000
-1645.000000
-2404.000000
-2165.000000
-2902.000000
-3505.000000
-3095.000000
-3525.000000
-3199.000000
-3172.000000
-3375.000000
-3672.000000
-3653.000000
-3466.000000
-3070.000000
-2523.000000
-2323.000000
-2553.000000
-2410.000000
-2432.000000
-1815.000000
-860.000000
-713.000000
-309.000000
-784.000000
-708.000000
139.000000
523.000000
1002.000000
1239.000000
1045.000000
972.000000
1115.000000
1558.000000
1886.000000
2156.000000
2028.000000
1593.000000
1556.000000
1379.000000
1574.000000
1708.000000
1675.000000
1657.000000
1070.000000
698.000000
698.000000
747.000000
884.000000
943.000000
750.000000
151.000000
-218.000000
-200.000000
38.000000
464.000000
311.000000
-85.000000
-471.000000
-587.000000
-181.000000
67.000000
195.000000
162.000000
-106.000000
-220.000000
-93.000000
145.000000
627.000000
784.000000
822.000000
726.000000
565.000000
751.000000
1082.000000
1664.000000
1789.000000
1707.000000
1587.000000
1513.000000
1645.000000
1810.000000
2097.000000
2251.000000
1968.000000
1843.000000
1240.000000
945.000000
1717.000000
1627.000000
1590.000000
1019.000000
207.000000
-160.000000
-53.000000
354.000000
138.000000
-342.000000
-1260.000000
-1747.000000
-1793.000000
-1883.000000
-1525.000000
-1772.000000
-2701.000000
-2826.000000
-3445.000000
-3508.000000
-2824.000000
-2778.000000
-2851.000000
-3249.000000
-3592.000000
-3630.000000
-3163.000000
-2706.000000
-2337.000000
-2095.000000
-2357.000000
-2402.000000
-2052.000000
-1850.000000
-903.000000
-344.000000
-387.000000
-140.000000
-495.000000
-301.000000
593.000000
1221.000000
1439.000000
1471.000000
1095.000000
896.000000
1297.000000
1813.000000
2160.000000
2346.000000
1681.000000
1264.000000
1194.000000
1047.000000
2046.000000
1889.000000
1295.000000
1096.000000
381.000000
193.000000
771.000000
911.000000
788.000000
512.000000
-146.000000
-459.000000
-296.000000
-50.000000
156.000000
340.000000
-264.000000
-496.000000
-750.000000
-692.000000
218.000000
337.000000
8.000000
-28.000000
-370.000000
-393.000000
276.000000
633.000000
920.000000
982.000000
724.000000
531.000000
986.000000
1292.000000
1726.000000
2122.000000
1760.000000
1709.000000
1703.000000
1697.000000
2278.000000
2461.000000
2250.000000
2318.000000
2012.000000
1737.000000
1664.000000
1429.000000
1596.000000
1938.000000
1426.000000
898.000000
436.000000
-135.000000
-122.000000
131.000000
58.000000
-454.000000
-1217.000000
-1984.000000
-2059.000000
-1893.000000
-1882.000000
-1995.000000
-2513.000000
-3119.000000
-3293.000000
-3453.000000
-3182.000000
-2784.000000
-3127.000000
-3322.000000
-3340.000000
-3391.000000
-3082.000000
-2687.000000
-2442.000000
-2177.000000
-2105.000000
-2109.000000
-1988.000000
-1481.000000
-1049.000000
-572.000000
-203.000000
-244.000000
-107.000000
-135.000000
309.000000
939.000000
1119.000000
1244.000000
1204.000000
972.000000
1064.000000
1353.000000
1692.000000
1766.000000
1582.000000
1402.000000
925.000000
1119.000000
1276.000000
1170.000000
1188.000000
864.000000
656.000000
360.000000
330.000000
447.000000
354.000000
303.000000
187.000000
-39.000000
-282.000000
-347.000000
-156.000000
-91.000000
-17.000000
-124.000000
-375.000000
-330.000000
-151.000000
-45.000000
112.000000
300.000000
263.000000
250.000000
374.000000
638.000000
836.000000
1183.000000
1211.000000
1194.000000
1371.000000
1440.000000
1658.000000
1850.000000
2042.000000
2067.000000
2097.000000
2057.000000
2134.000000
2075.000000
2105.000000
2176.000000
2189.000000
2023.000000
1753.000000
1484.000000
924.000000
1354.000000
1267.000000
886.000000
749.000000
76.000000
-370.000000
-533.000000
-455.000000
-581.000000
-862.000000
-1421.000000
-2073.000000
-2211.000000
-2155.000000
-2148.000000
-2132.000000
-2726.000000
-2946.000000
-3163.000000
-3365.000000
-2876.000000
-2872.000000
-2803.000000
-2809.000000
-2912.000000
-3075.000000
-2957.000000
-2323.000000
-2062.000000
-1649.000000
-1485.000000
-1840.000000
-1665.000000
-1373.000000
-812.000000
-131.000000
-8.000000
29.000000
-137.000000
-157.000000
339.000000
842.000000
1103.000000
1208.000000
1119.000000
749.000000
730.000000
1275.000000
1413.000000
1571.000000
1387.000000
765.000000
783.000000
770.000000
832.000000
907.000000
807.000000
548.000000
228.000000
133.000000
169.000000
237.000000
201.000000
34.000000
-23.000000
-310.000000
-410.000000
-108.000000
-107.000000
45.000000
-16.000000
-306.000000
-261.000000
-8.000000
77.000000
342.000000
517.000000
410.000000
413.000000
481.000000
766.000000
1135.000000
1319.000000
1331.000000
1367.000000
1316.000000
1489.000000
1829.000000
2028.000000
2014.000000
2003.000000
1861.000000
1920.000000
2155.000000
2124.000000
2155.000000
1989.000000
1774.000000
1594.000000
1508.000000
1589.000000
1475.000000
1157.000000
699.000000
421.000000
506.000000
211.000000
141.000000
-237.000000
-744.000000
-976.000000
-1307.000000
-1218.000000
-1409.000000
-1712.000000
-2032.000000
-2182.000000
-2374.000000
-2436.000000
-2511.000000
-2569.000000
-2540.000000
-2677.000000
-2827.000000
-2781.000000
-2554.000000
-2466.000000
-2206.000000
-2241.000000
-2181.000000
-2125.000000
-1902.000000
-1586.000000
-1271.000000
-1027.000000
-968.000000
-836.000000
-759.000000
-404.000000
-75.000000
195.000000
363.000000
405.000000
267.000000
452.000000
810.000000
924.000000
977.000000
935.000000
797.000000
791.000000
836.000000
882.000000
910.000000
720.000000
641.000000
494.000000
362.000000
347.000000
374.000000
229.000000
196.000000
164.000000
-93.000000
-197.000000
-130.000000
-127.000000
-111.000000
-52.000000
-193.000000
-231.000000
-301.000000
-170.000000
42.000000
153.000000
196.000000
128.000000
92.000000
312.000000
641.000000
697.000000
821.000000
937.000000
945.000000
1104.000000
1385.000000
1373.000000
1517.000000
1670.000000
1589.000000
1772.000000
1792.000000
1829.000000
1899.000000
1925.000000
1956.000000
1914.000000
1783.000000
1718.000000
1742.000000
1515.000000
1459.000000
1372.000000
1146.000000
954.000000
813.000000
392.000000
217.000000
227.000000
-241.000000
-230.000000
-457.000000
-885.000000
-1029.000000
-1266.000000
-1458.000000
-1457.000000
-1589.000000
-1717.000000
-1843.000000
-2143.000000
-2259.000000
-2163.000000
-2031.000000
-2022.000000
-1960.000000
-2305.000000
-2309.000000
-2052.000000
-2039.000000
-1648.000000
-1522.000000
-1649.000000
-1546.000000
-1476.000000
-1290.000000
-922.000000
-703.000000
-581.000000
-560.000000
-504.000000
-412.000000
-218.000000
77.000000
268.000000
378.000000
181.000000
134.000000
336.000000
322.000000
552.000000
633.000000
424.000000
368.000000
305.000000
288.000000
430.000000
499.000000
444.000000
290.000000
74.000000
39.000000
71.000000
196.000000
291.000000
261.000000
-2.000000
-154.000000
-94.000000
-4.000000
220.000000
309.000000
183.000000
102.000000
91.000000
124.000000
359.000000
519.000000
550.000000
489.000000
511.000000
550.000000
715.000000
899.000000
978.000000
1012.000000
974.000000
1017.000000
1116.000000
1236.000000
1348.000000
1392.000000
1310.000000
1355.000000
1393.000000
1353.000000
1381.000000
1430.000000
1332.000000
1234.000000
1185.000000
1100.000000
1023.000000
945.000000
819.000000
693.000000
584.000000
398.000000
342.000000
222.000000
73.000000
-117.000000
-265.000000
-471.000000
-521.000000
-587.000000
-780.000000
-890.000000
-1109.000000
-1199.000000
-1239.000000
-1236.000000
-1267.000000
-1359.000000
-1589.000000
-1577.000000
-1518.000000
-1432.000000
-1342.000000
-1386.000000
-1425.000000
-1494.000000
-1396.000000
-1296.000000
-1132.000000
-1135.000000
-1079.000000
-1073.000000
-1083.000000
-939.000000
-841.000000
-717.000000
-585.000000
-536.000000
-534.000000
-540.000000
-469.000000
-329.000000
-278.000000
-137.000000
-117.000000
-91.000000
-166.000000
-157.000000
-17.000000
65.000000
164.000000
158.000000
98.000000
-2.000000
83.000000
249.000000
298.000000
375.000000
290.000000
125.000000
168.000000
227.000000
450.000000
442.000000
398.000000
423.000000
319.000000
336.000000
445.000000
587.000000
561.000000
577.000000
541.000000
479.000000
546.000000
658.000000
696.000000
754.000000
792.000000
780.000000
734.000000
719.000000
901.000000
976.000000
1066.000000
1047.000000
959.000000
877.000000
905.000000
1124.000000
1150.000000
1112.000000
1056.000000
912.000000
889.000000
940.000000
953.000000
904.000000
847.000000
758.000000
598.000000
595.000000
592.000000
523.000000
463.000000
332.000000
154.000000
25.000000
-50.000000
-56.000000
-139.000000
-235.000000
-347.000000
-511.000000
-572.000000
-700.000000
-711.000000
-772.000000
-752.000000
-809.000000
-1023.000000
-1006.000000
-965.000000
-996.000000
-1041.000000
-951.000000
-1059.000000
-1109.000000
-1045.000000
-1059.000000
-1044.000000
-1039.000000
-1017.000000
-1044.000000
-1015.000000
-997.000000
-977.000000
-870.000000
-807.000000
-786.000000
-815.000000
-859.000000
-719.000000
-679.000000
-665.000000
-540.000000
-567.000000
-528.000000
-481.000000
-457.000000
-375.000000
-247.000000
-221.000000
-223.000000
-116.000000
-150.000000
-96.000000
47.000000
117.000000
155.000000
160.000000
183.000000
234.000000
249.000000
279.000000
364.000000
420.000000
450.000000
421.000000
371.000000
351.000000
474.000000
494.000000
516.000000
539.000000
448.000000
496.000000
555.000000
560.000000
571.000000
593.000000
648.000000
669.000000
656.000000
617.000000
608.000000
729.000000
775.000000
783.000000
713.000000
644.000000
733.000000
721.000000
749.000000
801.000000
701.000000
682.000000
654.000000
669.000000
693.000000
647.000000
634.000000
581.000000
525.000000
469.000000
425.000000
457.000000
431.000000
324.000000
312.000000
162.000000
161.000000
89.000000
-3.000000
58.000000
0.000000
-30.000000
-159.000000
-236.000000
-298.000000
-298.000000
-283.000000
-358.000000
-425.000000
-446.000000
-560.000000
-528.000000
-538.000000
-610.000000
-608.000000
-744.000000
-782.000000
-861.000000
-796.000000
-762.000000
-780.000000
-805.000000
-841.000000
-847.000000
-840.000000
-778.000000
-727.000000
-752.000000
-726.000000
-667.000000
-773.000000
-665.000000
-590.000000
-576.000000
-504.000000
-515.000000
-522.000000
-465.000000
-401.000000
-312.000000
-256.000000
-302.000000
-238.000000
-171.000000
-40.000000
86.000000
118.000000
109.000000
126.000000
157.000000
183.000000
286.000000
302.000000
263.000000
247.000000
193.000000
212.000000
289.000000
352.000000
391.000000
346.000000
295.000000
272.000000
275.000000
289.000000
377.000000
398.000000
373.000000
414.000000
376.000000
397.000000
443.000000
450.000000
471.000000
508.000000
511.000000
503.000000
454.000000
484.000000
553.000000
532.000000
549.000000
560.000000
525.000000
466.000000
517.000000
563.000000
588.000000
589.000000
481.000000
432.000000
430.000000
418.000000
424.000000
379.000000
359.000000
325.000000
248.000000
197.000000
169.000000
128.000000
92.000000
6.000000
-63.000000
-65.000000
-116.000000
-143.000000
-206.000000
-217.000000
-309.000000
-315.000000
-290.000000
-414.000000
-499.000000
-563.000000
-558.000000
-565.000000
-568.000000
-639.000000
-690.000000
-732.000000
-759.000000
-669.000000
-682.000000
-704.000000
-708.000000
-780.000000
-705.000000
-611.000000
-620.000000
-583.000000
-541.000000
-551.000000
-542.000000
-416.000000
-349.000000
-345.000000
-295.000000
-352.000000
-308.000000
-225.000000
-220.000000
-163.000000
-155.000000
-32.000000
7.000000
-19.000000
-22.000000
14.000000
30.000000
17.000000
94.000000
76.000000
-41.000000
15.000000
124.000000
134.000000
291.000000
242.000000
190.000000
162.000000
142.000000
190.000000
204.000000
316.000000
295.000000
226.000000
206.000000
272.000000
338.000000
353.000000
386.000000
428.000000
339.000000
366.000000
415.000000
393.000000
489.000000
551.000000
512.000000
485.000000
480.000000
496.000000
599.000000
651.000000
607.000000
515.000000
459.000000
426.000000
496.000000
487.000000
474.000000
476.000000
388.000000
357.000000
353.000000
308.000000
277.000000
220.000000
109.000000
138.000000
94.000000
73.000000
17.000000
-44.000000
-91.000000
-132.000000
-119.000000
-228.000000
-248.000000
-349.000000
-424.000000
-412.000000
-439.000000
-476.000000
-501.000000
-571.000000
-596.000000
-599.000000
-663.000000
-611.000000
-585.000000
-606.000000
-610.000000
-631.000000
-694.000000
-630.000000
-580.000000
-566.000000
-515.000000
-542.000000
-529.000000
-469.000000
-416.000000
-405.000000
-360.000000
-381.000000
-338.000000
-271.000000
-254.000000
-180.000000
-141.000000
-67.000000
-48.000000
-71.000000
-65.000000
-34.000000
0.000000
-18.000000
-4.000000
8.000000
-5.000000
77.000000
84.000000
91.000000
126.000000
111.000000
138.000000
132.000000
167.000000
203.000000
244.000000
294.000000
313.000000
301.000000
274.000000
348.000000
374.000000
377.000000
426.000000
412.000000
435.000000
448.000000
422.000000
472.000000
481.000000
499.000000
529.000000
504.000000
543.000000
561.000000
566.000000
575.000000
548.000000
494.000000
462.000000
443.000000
420.000000
457.000000
433.000000
366.000000
346.000000
274.000000
219.000000
206.000000
180.000000
140.000000
88.000000
46.000000
-6.000000
-9.000000
-43.000000
-58.000000
-87.000000
-175.000000
-218.000000
-277.000000
-322.000000
-329.000000
-312.000000
-327.000000
-349.000000
-427.000000
-506.000000
-516.000000
-483.000000
-462.000000
-462.000000
-499.000000
-532.000000
-508.000000
-550.000000
-506.000000
-475.000000
-498.000000
-482.000000
-481.000000
-451.000000
-436.000000
-388.000000
-374.000000
-367.000000
-377.000000
-405.000000
-373.000000
-331.000000
-311.000000
-281.000000
-281.000000
-255.000000
-217.000000
-212.000000
-160.000000
-189.000000
-196.000000
-215.000000
-191.000000
-109.000000
-59.000000
-7.000000
-62.000000
-74.000000
-39.000000
-9.000000
70.000000
140.000000
155.000000
144.000000
140.000000
185.000000
235.000000
301.000000
365.000000
380.000000
423.000000
424.000000
417.000000
478.000000
494.000000
530.000000
534.000000
535.000000
492.000000
452.000000
501.000000
550.000000
598.000000
589.000000
568.000000
485.000000
445.000000
457.000000
482.000000
489.000000
454.000000
358.000000
279.000000
265.000000
278.000000
272.000000
226.000000
181.000000
80.000000
56.000000
28.000000
29.000000
21.000000
-12.000000
-57.000000
-81.000000
-118.000000
-150.000000
-131.000000
-139.000000
-143.000000
-206.000000
-222.000000
-285.000000
-276.000000
-273.000000
-275.000000
-264.000000
-296.000000
-305.000000
-344.000000
-326.000000
-268.000000
-279.000000
-285.000000
-300.000000
-333.000000
-313.000000
-321.000000
-236.000000
-212.000000
-245.000000
-219.000000
-284.000000
-286.000000
-260.000000
-265.000000
-240.000000
-294.000000
-285.000000
-293.000000
-288.000000
-195.000000
-175.000000
-144.000000
-161.000000
-192.000000
-235.000000
-214.000000
-147.000000
-102.000000
-78.000000
-94.000000
-122.000000
-147.000000
-100.000000
-4.000000
86.000000
62.000000
50.000000
43.000000
60.000000
156.000000
181.000000
203.000000
206.000000
228.000000
286.000000
319.000000
362.000000
378.000000
367.000000
387.000000
377.000000
370.000000
387.000000
364.000000
374.000000
371.000000
338.000000
341.000000
363.000000
360.000000
287.000000
223.000000
201.000000
202.000000
203.000000
185.000000
144.000000
97.000000
75.000000
72.000000
35.000000
-23.000000
-23.000000
-48.000000
-100.000000
-100.000000
-137.000000
-130.000000
-112.000000
-113.000000
-178.000000
-191.000000
-190.000000
-241.000000
-193.000000
-215.000000
-207.000000
-197.000000
-192.000000
-232.000000
-242.000000
-183.000000
-158.000000
-153.000000
-163.000000
-166.000000
-185.000000
-178.000000
-152.000000
-102.000000
-164.000000
-115.000000
-108.000000
-137.000000
-86.000000
-81.000000
-91.000000
-116.000000
-61.000000
-117.000000
-148.000000
-99.000000
-99.000000
-130.000000
-129.000000
-104.000000
-67.000000
-75.000000
-65.000000
-52.000000
-80.000000
-17.000000
-25.000000
-24.000000
-16.000000
27.000000
36.000000
27.000000
52.000000
46.000000
42.000000
94.000000
169.000000
160.000000
169.000000
175.000000
197.000000
235.000000
246.000000
243.000000
260.000000
241.000000
244.000000
257.000000
261.000000
296.000000
284.000000
267.000000
241.000000
251.000000
219.000000
232.000000
260.000000
213.000000
207.000000
198.000000
162.000000
173.000000
151.000000
76.000000
86.000000
52.000000
27.000000
17.000000
0.000000
-10.000000
-46.000000
-104.000000
-120.000000
-78.000000
-117.000000
-107.000000
-112.000000
-173.000000
-182.000000
-170.000000
-179.000000
-144.000000
-134.000000
-180.000000
-193.000000
-214.000000
-209.000000
-156.000000
-138.000000
-166.000000
-187.000000
-244.000000
-238.000000
-171.000000
-134.000000
-143.000000
-145.000000
-183.000000
-198.000000
-163.000000
-149.000000
-105.000000
-103.000000
-132.000000
-126.000000
-107.000000
-110.000000
-59.000000
-45.000000
-62.000000
-64.000000
-75.000000
-86.000000
-58.000000
-23.000000
-19.000000
7.000000
16.000000
