-5.000000
1.000000
-11.000000
-10.000000
-8.000000
-8.000000
-3.000000
-8.000000
-11.000000
-14.000000
-8.000000
-9.000000
-10.000000
-6.000000
-16.000000
-12.000000
-8.000000
-14.000000
-6.000000
-5.000000
-5.000000
-3.000000
-10.000000
-11.000000
-6.000000
2.000000
-2.000000
-5.000000
3.000000
2.000000
-1.000000
-7.000000
-7.000000
-6.000000
-8.000000
1.000000
-3.000000
-7.000000
-5.000000
-3.000000
-6.000000
-7.000000
-10.000000
-5.000000
-5.000000
-5.000000
6.000000
8.000000
6.000000
7.000000
4.000000
1.000000
2.000000
-7.000000
2.000000
0.000000
-1.000000
5.000000
7.000000
9.000000
8.000000
13.000000
6.000000
-2.000000
4.000000
0.000000
-6.000000
9.000000
14.000000
-6.000000
-1.000000
4.000000
3.000000
11.000000
4.000000
7.000000
13.000000
0.000000
5.000000
7.000000
0.000000
8.000000
10.000000
9.000000
7.000000
2.000000
-3.000000
3.000000
-1.000000
-7.000000
4.000000
3.000000
6.000000
12.000000
7.000000
2.000000
7.000000
3.000000
4.000000
7.000000
4.000000
4.000000
-3.000000
-1.000000
4.000000
-1.000000
0.000000
-6.000000
-6.000000
-1.000000
-7.000000
-1.000000
0.000000
7.000000
9.000000
2.000000
-2.000000
0.000000
-3.000000
-5.000000
-3.000000
1.000000
4.000000
6.000000
-10.000000
-21.000000
-9.000000
-10.000000
-3.000000
-5.000000
-6.000000
0.000000
-2.000000
-1.000000
-6.000000
-6.000000
2.000000
-2.000000
-1.000000
1.000000
-3.000000
-4.000000
-2.000000
-7.000000
-12.000000
-7.000000
-2.000000
-3.000000
-5.000000
-1.000000
-3.000000
-10.000000
-10.000000
-1.000000
-1.000000
2.000000
5.000000
3.000000
-4.000000
-11.000000
-8.000000
-6.000000
-3.000000
-5.000000
-3.000000
-10.000000
-18.000000
-4.000000
-7.000000
-9.000000
-7.000000
-4.000000
-10.000000
-9.000000
-4.000000
-9.000000
0.000000
-2.000000
-2.000000
4.000000
4.000000
9.000000
2.000000
-1.000000
1.000000
6.000000
12.000000
11.000000
15.000000
11.000000
8.000000
9.000000
12.000000
10.000000
4.000000
12.000000
6.000000
0.000000
9.000000
8.000000
5.000000
10.000000
9.000000
9.000000
9.000000
5.000000
13.000000
4.000000
0.000000
-3.000000
7.000000
4.000000
-1.000000
-2.000000
0.000000
6.000000
-2.000000
3.000000
2.000000
8.000000
7.000000
-3.000000
2.000000
-1.000000
5.000000
8.000000
5.000000
4.000000
2.000000
8.000000
10.000000
6.000000
1.000000
-4.000000
-1.000000
-4.000000
-6.000000
4.000000
5.000000
4.000000
7.000000
3.000000
-4.000000
-6.000000
-2.000000
-2.000000
-9.000000
-3.000000
-10.000000
-8.000000
-10.000000
-10.000000
-4.000000
-11.000000
-14.000000
-6.000000
2.000000
-6.000000
-1.000000
-5.000000
-2.000000
-2.000000
-2.000000
-1.000000
-10.000000
-1.000000
-5.000000
-1.000000
3.000000
3.000000
-7.000000
2.000000
0.000000
-1.000000
-11.000000
-11.000000
-4.000000
-13.000000
-9.000000
-10.000000
-3.000000
2.000000
1.000000
-1.000000
-6.000000
-2.000000
2.000000
2.000000
7.000000
8.000000
0.000000
-3.000000
-2.000000
2.000000
-4.000000
6.000000
3.000000
1.000000
10.000000
0.000000
3.000000
1.000000
-3.000000
-1.000000
-1.000000
13.000000
7.000000
7.000000
1.000000
-3.000000
4.000000
-4.000000
-2.000000
1.000000
-1.000000
-2.000000
1.000000
1.000000
4.000000
5.000000
4.000000
13.000000
13.000000
15.000000
12.000000
8.000000
9.000000
3.000000
7.000000
6.000000
4.000000
10.000000
11.000000
9.000000
8.000000
-2.000000
0.000000
2.000000
4.000000
-1.000000
4.000000
-2.000000
4.000000
7.000000
-3.000000
4.000000
4.000000
9.000000
7.000000
10.000000
9.000000
7.000000
3.000000
3.000000
2.000000
1.000000
2.000000
-5.000000
2.000000
8.000000
3.000000
-9.000000
-12.000000
-6.000000
-2.000000
-6.000000
-13.000000
-11.000000
-4.000000
-9.000000
-10.000000
-8.000000
-10.000000
-11.000000
-2.000000
-3.000000
-5.000000
-10.000000
-9.000000
-9.000000
-18.000000
-13.000000
-16.000000
-6.000000
-3.000000
-4.000000
-11.000000
-4.000000
1.000000
-3.000000
6.000000
-5.000000
-5.000000
-9.000000
-9.000000
-5.000000
-4.000000
-2.000000
-2.000000
3.000000
-3.000000
-5.000000
-5.000000
-9.000000
-8.000000
-7.000000
-5.000000
-4.000000
-3.000000
-9.000000
-8.000000
2.000000
-8.000000
3.000000
6.000000
11.000000
12.000000
6.000000
4.000000
-7.000000
-1.000000
5.000000
4.000000
7.000000
4.000000
10.000000
10.000000
13.000000
18.000000
15.000000
14.000000
14.000000
24.000000
20.000000
13.000000
13.000000
11.000000
9.000000
11.000000
9.000000
5.000000
9.000000
1.000000
-1.000000
3.000000
8.000000
7.000000
-3.000000
5.000000
10.000000
9.000000
2.000000
5.000000
9.000000
8.000000
8.000000
3.000000
9.000000
6.000000
0.000000
0.000000
1.000000
6.000000
9.000000
0.000000
-10.000000
-1.000000
-8.000000
-14.000000
-10.000000
-5.000000
-7.000000
-3.000000
-7.000000
-8.000000
-7.000000
-9.000000
-9.000000
-3.000000
5.000000
-3.000000
-2.000000
-6.000000
-6.000000
0.000000
10.000000
3.000000
-2.000000
0.000000
-5.000000
-6.000000
-12.000000
-13.000000
-6.000000
-8.000000
-11.000000
-15.000000
-9.000000
-10.000000
-7.000000
-8.000000
-4.000000
-6.000000
-9.000000
-7.000000
-14.000000
-6.000000
-9.000000
-5.000000
-2.000000
3.000000
2.000000
-4.000000
3.000000
-1.000000
0.000000
1.000000
3.000000
1.000000
-4.000000
-10.000000
-9.000000
-7.000000
-13.000000
-4.000000
-6.000000
-4.000000
1.000000
-6.000000
4.000000
-6.000000
-5.000000
0.000000
-9.000000
6.000000
3.000000
2.000000
3.000000
9.000000
5.000000
-1.000000
7.000000
4.000000
0.000000
4.000000
9.000000
-3.000000
0.000000
6.000000
3.000000
4.000000
-1.000000
4.000000
7.000000
11.000000
14.000000
8.000000
15.000000
15.000000
6.000000
4.000000
-6.000000
6.000000
0.000000
3.000000
13.000000
6.000000
7.000000
2.000000
15.000000
8.000000
7.000000
10.000000
6.000000
7.000000
10.000000
10.000000
6.000000
2.000000
3.000000
8.000000
16.000000
2.000000
-1.000000
7.000000
-2.000000
-5.000000
-2.000000
2.000000
-5.000000
0.000000
3.000000
15.000000
8.000000
-2.000000
2.000000
2.000000
2.000000
-2.000000
-4.000000
-2.000000
0.000000
-7.000000
0.000000
1.000000
4.000000
2.000000
1.000000
0.000000
-2.000000
-1.000000
-1.000000
2.000000
1.000000
-2.000000
0.000000
-6.000000
-8.000000
-8.000000
-6.000000
-4.000000
-12.000000
-8.000000
-6.000000
-7.000000
-14.000000
-8.000000
-8.000000
-5.000000
-2.000000
-6.000000
-8.000000
-6.000000
-5.000000
-6.000000
-3.000000
-7.000000
-5.000000
-13.000000
-16.000000
-14.000000
-18.000000
-7.000000
-6.000000
-10.000000
-8.000000
-7.000000
-10.000000
-9.000000
0.000000
-5.000000
-6.000000
-8.000000
-5.000000
8.000000
-1.000000
-11.000000
-14.000000
-10.000000
-4.000000
-3.000000
-3.000000
-1.000000
7.000000
6.000000
6.000000
5.000000
-7.000000
-4.000000
0.000000
-4.000000
-3.000000
-1.000000
1.000000
4.000000
11.000000
9.000000
7.000000
8.000000
9.000000
11.000000
13.000000
18.000000
6.000000
9.000000
15.000000
16.000000
13.000000
8.000000
7.000000
9.000000
3.000000
8.000000
7.000000
8.000000
5.000000
9.000000
8.000000
4.000000
10.000000
1.000000
1.000000
-6.000000
-2.000000
2.000000
8.000000
11.000000
5.000000
5.000000
3.000000
7.000000
6.000000
4.000000
1.000000
-7.000000
-5.000000
-4.000000
2.000000
-2.000000
-4.000000
-4.000000
-7.000000
-6.000000
-3.000000
1.000000
-2.000000
1.000000
2.000000
-5.000000
-2.000000
4.000000
6.000000
11.000000
0.000000
3.000000
1.000000
-2.000000
-8.000000
-4.000000
-7.000000
-12.000000
-5.000000
2.000000
0.000000
-13.000000
-7.000000
-8.000000
-8.000000
-5.000000
0.000000
1.000000
2.000000
-4.000000
-7.000000
-8.000000
-8.000000
-2.000000
-5.000000
0.000000
4.000000
-4.000000
-3.000000
1.000000
-2.000000
-1.000000
-2.000000
2.000000
-5.000000
-9.000000
-3.000000
0.000000
3.000000
-8.000000
-12.000000
-11.000000
-6.000000
-9.000000
-3.000000
-1.000000
-4.000000
0.000000
3.000000
7.000000
5.000000
-3.000000
-5.000000
2.000000
-6.000000
-2.000000
1.000000
-1.000000
-3.000000
0.000000
11.000000
7.000000
11.000000
6.000000
7.000000
9.000000
13.000000
12.000000
11.000000
15.000000
13.000000
9.000000
1.000000
2.000000
0.000000
-2.000000
0.000000
1.000000
-1.000000
2.000000
7.000000
-7.000000
-5.000000
-3.000000
2.000000
8.000000
9.000000
12.000000
1.000000
4.000000
4.000000
-2.000000
0.000000
-4.000000
0.000000
-1.000000
6.000000
3.000000
0.000000
2.000000
3.000000
5.000000
-3.000000
-1.000000
-8.000000
-5.000000
0.000000
-2.000000
-6.000000
-5.000000
-4.000000
-5.000000
-1.000000
0.000000
2.000000
-3.000000
5.000000
1.000000
-7.000000
-1.000000
-7.000000
-8.000000
-5.000000
0.000000
0.000000
-3.000000
-8.000000
-6.000000
-3.000000
-3.000000
-4.000000
3.000000
4.000000
1.000000
-5.000000
-6.000000
-8.000000
-11.000000
2.000000
1.000000
-5.000000
-3.000000
1.000000
0.000000
-3.000000
-4.000000
-5.000000
-10.000000
-10.000000
-1.000000
2.000000
0.000000
10.000000
8.000000
11.000000
6.000000
5.000000
10.000000
-2.000000
0.000000
1.000000
-3.000000
-5.000000
0.000000
-2.000000
-9.000000
-1.000000
-3.000000
-3.000000
-4.000000
-1.000000
0.000000
-1.000000
0.000000
3.000000
6.000000
8.000000
2.000000
0.000000
1.000000
-4.000000
0.000000
-7.000000
-2.000000
2.000000
3.000000
3.000000
7.000000
9.000000
3.000000
11.000000
3.000000
10.000000
14.000000
6.000000
6.000000
2.000000
0.000000
8.000000
5.000000
10.000000
13.000000
0.000000
4.000000
1.000000
-6.000000
-1.000000
2.000000
10.000000
6.000000
3.000000
-3.000000
-4.000000
-1.000000
-7.000000
-16.000000
-14.000000
2.000000
1.000000
4.000000
0.000000
3.000000
-1.000000
-1.000000
3.000000
0.000000
4.000000
-2.000000
1.000000
0.000000
-2.000000
1.000000
5.000000
6.000000
0.000000
-6.000000
-2.000000
1.000000
5.000000
-1.000000
-6.000000
-5.000000
-6.000000
-4.000000
0.000000
-3.000000
1.000000
-4.000000
-8.000000
0.000000
-8.000000
-10.000000
-13.000000
-7.000000
-3.000000
-1.000000
-4.000000
-13.000000
-9.000000
-3.000000
4.000000
0.000000
4.000000
10.000000
2.000000
-2.000000
3.000000
7.000000
5.000000
-4.000000
5.000000
4.000000
2.000000
5.000000
8.000000
12.000000
8.000000
9.000000
4.000000
-1.000000
4.000000
4.000000
-2.000000
-5.000000
-1.000000
-1.000000
-2.000000
-1.000000
6.000000
2.000000
0.000000
13.000000
6.000000
4.000000
7.000000
9.000000
10.000000
8.000000
6.000000
-1.000000
-1.000000
6.000000
6.000000
3.000000
0.000000
-2.000000
6.000000
9.000000
4.000000
0.000000
-3.000000
-5.000000
-6.000000
0.000000
7.000000
8.000000
5.000000
3.000000
-3.000000
-10.000000
-8.000000
-6.000000
-7.000000
-12.000000
-9.000000
-8.000000
-4.000000
-4.000000
-4.000000
-5.000000
-11.000000
-7.000000
-8.000000
-6.000000
-1.000000
-8.000000
-10.000000
-9.000000
-8.000000
-2.000000
-2.000000
-4.000000
1.000000
4.000000
3.000000
-2.000000
1.000000
3.000000
-4.000000
-7.000000
-8.000000
-3.000000
-2.000000
-8.000000
-7.000000
-5.000000
-1.000000
-9.000000
-11.000000
-4.000000
2.000000
1.000000
-4.000000
5.000000
0.000000
1.000000
-1.000000
-8.000000
-2.000000
2.000000
11.000000
-1.000000
2.000000
6.000000
-3.000000
2.000000
-7.000000
-3.000000
9.000000
8.000000
3.000000
10.000000
3.000000
-2.000000
7.000000
-4.000000
-5.000000
-1.000000
2.000000
2.000000
7.000000
8.000000
1.000000
0.000000
6.000000
12.000000
10.000000
8.000000
0.000000
4.000000
9.000000
8.000000
4.000000
1.000000
8.000000
2.000000
2.000000
-1.000000
1.000000
0.000000
0.000000
5.000000
2.000000
1.000000
3.000000
4.000000
7.000000
3.000000
4.000000
5.000000
3.000000
16.000000
8.000000
5.000000
6.000000
10.000000
12.000000
1.000000
-1.000000
2.000000
3.000000
6.000000
1.000000
-2.000000
5.000000
-1.000000
1.000000
1.000000
-6.000000
6.000000
-6.000000
-7.000000
-7.000000
-13.000000
-2.000000
-1.000000
-3.000000
-4.000000
-5.000000
-9.000000
-2.000000
-6.000000
-4.000000
7.000000
-3.000000
-11.000000
-1.000000
-15.000000
-16.000000
-3.000000
-9.000000
-6.000000
-5.000000
-7.000000
-8.000000
-3.000000
-4.000000
1.000000
-5.000000
-1.000000
-4.000000
-9.000000
-7.000000
-4.000000
-3.000000
-5.000000
-10.000000
-9.000000
-10.000000
-15.000000
-6.000000
-4.000000
-2.000000
1.000000
1.000000
0.000000
5.000000
-2.000000
-11.000000
-2.000000
7.000000
0.000000
3.000000
-1.000000
-4.000000
-5.000000
-10.000000
3.000000
6.000000
4.000000
0.000000
1.000000
3.000000
3.000000
3.000000
6.000000
1.000000
2.000000
4.000000
-2.000000
-6.000000
0.000000
2.000000
8.000000
9.000000
0.000000
8.000000
1.000000
3.000000
12.000000
7.000000
2.000000
5.000000
9.000000
4.000000
1.000000
-2.000000
1.000000
2.000000
2.000000
6.000000
1.000000
1.000000
-5.000000
-4.000000
2.000000
-1.000000
-5.000000
-6.000000
7.000000
-3.000000
-5.000000
-5.000000
8.000000
9.000000
0.000000
2.000000
5.000000
13.000000
8.000000
16.000000
5.000000
3.000000
5.000000
2.000000
6.000000
2.000000
5.000000
-4.000000
-1.000000
2.000000
2.000000
4.000000
-2.000000
-9.000000
-5.000000
0.000000
-3.000000
0.000000
-5.000000
-4.000000
-7.000000
-2.000000
4.000000
2.000000
5.000000
1.000000
-6.000000
-9.000000
-7.000000
-6.000000
3.000000
-2.000000
-3.000000
0.000000
-3.000000
0.000000
-2.000000
-6.000000
-11.000000
0.000000
7.000000
-6.000000
-10.000000
-1.000000
-7.000000
-6.000000
-6.000000
-6.000000
-7.000000
-12.000000
-3.000000
-5.000000
-11.000000
-4.000000
-3.000000
1.000000
-5.000000
-9.000000
-5.000000
-13.000000
-8.000000
-4.000000
-11.000000
-3.000000
-10.000000
-8.000000
-4.000000
-13.000000
-10.000000
-6.000000
-15.000000
-9.000000
-1.000000
-9.000000
-1.000000
-2.000000
3.000000
3.000000
2.000000
2.000000
8.000000
3.000000
4.000000
10.000000
12.000000
8.000000
7.000000
13.000000
4.000000
10.000000
7.000000
8.000000
11.000000
7.000000
5.000000
-1.000000
4.000000
5.000000
9.000000
3.000000
-6.000000
2.000000
-7.000000
-3.000000
-9.000000
-3.000000
-1.000000
-5.000000
5.000000
-1.000000
0.000000
-1.000000
7.000000
0.000000
5.000000
5.000000
3.000000
3.000000
-1.000000
5.000000
1.000000
1.000000
-1.000000
1.000000
1.000000
-6.000000
-2.000000
0.000000
0.000000
4.000000
13.000000
6.000000
6.000000
6.000000
4.000000
1.000000
-3.000000
7.000000
5.000000
0.000000
9.000000
10.000000
-1.000000
2.000000
6.000000
-2.000000
-4.000000
-10.000000
-9.000000
-3.000000
-6.000000
-6.000000
-5.000000
0.000000
-3.000000
-7.000000
-11.000000
-10.000000
-10.000000
-3.000000
-2.000000
-5.000000
-4.000000
-6.000000
-7.000000
-1.000000
-6.000000
-7.000000
-4.000000
-7.000000
-8.000000
-12.000000
-16.000000
-18.000000
-9.000000
-2.000000
-6.000000
-5.000000
3.000000
0.000000
1.000000
0.000000
0.000000
-5.000000
-11.000000
-5.000000
-3.000000
-3.000000
5.000000
9.000000
1.000000
12.000000
4.000000
-3.000000
0.000000
1.000000
2.000000
5.000000
8.000000
4.000000
10.000000
9.000000
3.000000
0.000000
-5.000000
0.000000
7.000000
3.000000
5.000000
-2.000000
4.000000
10.000000
2.000000
3.000000
3.000000
10.000000
9.000000
7.000000
4.000000
6.000000
10.000000
8.000000
10.000000
4.000000
16.000000
15.000000
-4.000000
1.000000
8.000000
4.000000
11.000000
8.000000
1.000000
1.000000
-4.000000
-1.000000
1.000000
-3.000000
2.000000
-6.000000
1.000000
0.000000
-1.000000
7.000000
7.000000
8.000000
5.000000
2.000000
8.000000
-1.000000
-1.000000
1.000000
-2.000000
5.000000
0.000000
1.000000
-6.000000
-5.000000
-10.000000
-10.000000
2.000000
1.000000
0.000000
6.000000
3.000000
2.000000
-3.000000
-8.000000
-12.000000
-12.000000
-2.000000
-2.000000
-7.000000
-11.000000
-8.000000
-8.000000
-6.000000
-1.000000
-6.000000
-4.000000
-3.000000
-8.000000
-6.000000
-2.000000
-8.000000
-8.000000
-8.000000
0.000000
2.000000
0.000000
-3.000000
0.000000
1.000000
-11.000000
-5.000000
-3.000000
-6.000000
-5.000000
-3.000000
6.000000
6.000000
1.000000
0.000000
3.000000
8.000000
12.000000
7.000000
10.000000
1.000000
-3.000000
5.000000
9.000000
9.000000
5.000000
7.000000
-3.000000
2.000000
7.000000
7.000000
9.000000
7.000000
14.000000
11.000000
6.000000
3.000000
3.000000
6.000000
1.000000
2.000000
4.000000
8.000000
6.000000
3.000000
8.000000
2.000000
7.000000
15.000000
7.000000
8.000000
13.000000
11.000000
10.000000
6.000000
7.000000
10.000000
10.000000
11.000000
11.000000
11.000000
9.000000
8.000000
7.000000
2.000000
-9.000000
1.000000
5.000000
-3.000000
-10.000000
-3.000000
-4.000000
-2.000000
-2.000000
-12.000000
-7.000000
-12.000000
1.000000
1.000000
6.000000
-1.000000
1.000000
6.000000
-2.000000
-4.000000
-1.000000
4.000000
-1.000000
-4.000000
-5.000000
-16.000000
-14.000000
-10.000000
-9.000000
-3.000000
6.000000
7.000000
4.000000
5.000000
4.000000
-2.000000
-5.000000
6.000000
3.000000
-6.000000
-5.000000
3.000000
4.000000
3.000000
2.000000
-8.000000
-4.000000
-5.000000
-12.000000
-6.000000
-6.000000
-1.000000
1.000000
2.000000
5.000000
5.000000
7.000000
-5.000000
-10.000000
7.000000
3.000000
2.000000
3.000000
5.000000
4.000000
1.000000
0.000000
1.000000
7.000000
12.000000
5.000000
3.000000
14.000000
-4.000000
4.000000
9.000000
4.000000
8.000000
2.000000
1.000000
0.000000
3.000000
9.000000
7.000000
12.000000
14.000000
9.000000
6.000000
5.000000
5.000000
6.000000
9.000000
6.000000
7.000000
-4.000000
-2.000000
0.000000
9.000000
7.000000
4.000000
8.000000
2.000000
8.000000
9.000000
2.000000
5.000000
1.000000
-6.000000
-4.000000
-3.000000
-1.000000
2.000000
5.000000
0.000000
-8.000000
-8.000000
-7.000000
-3.000000
0.000000
0.000000
1.000000
1.000000
-3.000000
-10.000000
-13.000000
-6.000000
-8.000000
-12.000000
-10.000000
-10.000000
-11.000000
-8.000000
-6.000000
-10.000000
-10.000000
-11.000000
-9.000000
0.000000
3.000000
0.000000
3.000000
5.000000
-1.000000
-3.000000
5.000000
-5.000000
-1.000000
-1.000000
3.000000
6.000000
0.000000
4.000000
-1.000000
2.000000
6.000000
1.000000
2.000000
5.000000
6.000000
5.000000
2.000000
-2.000000
-7.000000
0.000000
4.000000
5.000000
0.000000
5.000000
4.000000
-7.000000
-7.000000
-2.000000
-1.000000
-12.000000
-3.000000
12.000000
8.000000
4.000000
2.000000
-2.000000
-1.000000
2.000000
1.000000
3.000000
5.000000
-1.000000
-3.000000
0.000000
1.000000
8.000000
6.000000
0.000000
2.000000
5.000000
0.000000
-4.000000
-3.000000
-5.000000
-1.000000
1.000000
5.000000
-1.000000
-4.000000
-7.000000
-3.000000
-1.000000
-3.000000
-5.000000
-1.000000
-4.000000
0.000000
0.000000
-5.000000
0.000000
-1.000000
2.000000
-5.000000
-1.000000
0.000000
-3.000000
4.000000
5.000000
13.000000
8.000000
-5.000000
1.000000
-6.000000
-3.000000
1.000000
4.000000
4.000000
1.000000
0.000000
3.000000
2.000000
0.000000
4.000000
-5.000000
-5.000000
-6.000000
-8.000000
0.000000
-1.000000
-1.000000
1.000000
4.000000
-3.000000
-9.000000
-5.000000
-6.000000
1.000000
-1.000000
-6.000000
1.000000
-2.000000
-2.000000
0.000000
-3.000000
9.000000
5.000000
-3.000000
-1.000000
-3.000000
-3.000000
2.000000
-6.000000
-5.000000
-9.000000
-10.000000
-3.000000
-18.000000
-12.000000
-8.000000
-15.000000
-10.000000
-11.000000
-5.000000
-3.000000
-10.000000
-3.000000
-7.000000
-7.000000
-8.000000
-9.000000
-12.000000
-14.000000
-7.000000
-8.000000
-12.000000
-6.000000
-2.000000
-1.000000
0.000000
-4.000000
3.000000
2.000000
-5.000000
-7.000000
-10.000000
-6.000000
7.000000
-2.000000
-2.000000
-2.000000
2.000000
10.000000
0.000000
1.000000
-3.000000
1.000000
8.000000
4.000000
-2.000000
10.000000
3.000000
8.000000
10.000000
-1.000000
9.000000
4.000000
9.000000
7.000000
7.000000
8.000000
5.000000
9.000000
9.000000
11.000000
4.000000
8.000000
1.000000
4.000000
6.000000
2.000000
2.000000
1.000000
6.000000
-2.000000
-4.000000
-5.000000
-4.000000
1.000000
-6.000000
-3.000000
1.000000
-4.000000
-6.000000
2.000000
-9.000000
-9.000000
1.000000
0.000000
6.000000
8.000000
-2.000000
-6.000000
3.000000
-7.000000
0.000000
2.000000
-5.000000
1.000000
9.000000
6.000000
2.000000
1.000000
-6.000000
-12.000000
-4.000000
-8.000000
-1.000000
3.000000
-15.000000
-9.000000
2.000000
-3.000000
-6.000000
1.000000
-5.000000
-5.000000
-5.000000
-12.000000
-3.000000
-6.000000
-13.000000
-19.000000
-18.000000
-9.000000
-13.000000
-14.000000
-6.000000
1.000000
-8.000000
-10.000000
-11.000000
-2.000000
1.000000
-3.000000
2.000000
0.000000
-6.000000
-10.000000
-12.000000
-5.000000
5.000000
-1.000000
0.000000
3.000000
7.000000
5.000000
6.000000
1.000000
-5.000000
-9.000000
-4.000000
7.000000
4.000000
4.000000
14.000000
16.000000
9.000000
8.000000
11.000000
12.000000
13.000000
18.000000
19.000000
15.000000
14.000000
8.000000
0.000000
10.000000
4.000000
-3.000000
6.000000
3.000000
-2.000000
4.000000
3.000000
0.000000
-1.000000
-6.000000
-2.000000
-1.000000
0.000000
-7.000000
-6.000000
-3.000000
-4.000000
4.000000
5.000000
2.000000
7.000000
9.000000
1.000000
-1.000000
-1.000000
-6.000000
-1.000000
2.000000
-3.000000
4.000000
3.000000
-1.000000
0.000000
-3.000000
-1.000000
-1.000000
0.000000
-1.000000
-4.000000
-2.000000
3.000000
6.000000
3.000000
5.000000
-1.000000
-4.000000
-4.000000
0.000000
-5.000000
-4.000000
-3.000000
-4.000000
0.000000
-3.000000
-2.000000
1.000000
-5.000000
-3.000000
-7.000000
-11.000000
-2.000000
-5.000000
5.000000
-7.000000
-9.000000
-8.000000
-6.000000
2.000000
1.000000
3.000000
-1.000000
0.000000
-6.000000
-9.000000
-11.000000
-8.000000
-3.000000
-5.000000
-5.000000
-9.000000
-9.000000
-8.000000
-7.000000
-3.000000
11.000000
7.000000
3.000000
5.000000
7.000000
3.000000
-2.000000
10.000000
11.000000
8.000000
8.000000
1.000000
-8.000000
-5.000000
3.000000
8.000000
6.000000
2.000000
5.000000
7.000000
6.000000
5.000000
0.000000
-1.000000
9.000000
1.000000
-4.000000
1.000000
-15.000000
-2.000000
-3.000000
-8.000000
0.000000
2.000000
9.000000
10.000000
11.000000
7.000000
11.000000
7.000000
12.000000
14.000000
12.000000
18.000000
1.000000
12.000000
10.000000
2.000000
11.000000
6.000000
3.000000
4.000000
11.000000
9.000000
11.000000
3.000000
0.000000
2.000000
1.000000
6.000000
3.000000
-1.000000
1.000000
-1.000000
-3.000000
-7.000000
-3.000000
6.000000
1.000000
0.000000
-1.000000
4.000000
-1.000000
-3.000000
-2.000000
-14.000000
-9.000000
-4.000000
0.000000
-4.000000
-7.000000
3.000000
-1.000000
10.000000
3.000000
1.000000
-1.000000
-9.000000
0.000000
-4.000000
-2.000000
-5.000000
-1.000000
-4.000000
-1.000000
0.000000
-3.000000
-4.000000
2.000000
5.000000
1.000000
1.000000
-2.000000
4.000000
-1.000000
-7.000000
-6.000000
0.000000
-6.000000
-12.000000
-9.000000
-8.000000
-3.000000
2.000000
3.000000
11.000000
5.000000
-6.000000
5.000000
0.000000
-2.000000
-7.000000
-11.000000
-10.000000
-13.000000
-8.000000
-7.000000
-4.000000
-2.000000
-2.000000
-2.000000
-2.000000
2.000000
6.000000
4.000000
0.000000
5.000000
2.000000
3.000000
-1.000000
-5.000000
-1.000000
-7.000000
-3.000000
-4.000000
-1.000000
0.000000
0.000000
3.000000
9.000000
14.000000
6.000000
8.000000
7.000000
6.000000
11.000000
-3.000000
-6.000000
3.000000
-5.000000
-7.000000
0.000000
-1.000000
2.000000
1.000000
3.000000
6.000000
5.000000
1.000000
1.000000
-7.000000
-2.000000
-3.000000
-7.000000
-2.000000
-2.000000
-2.000000
-7.000000
-14.000000
-8.000000
9.000000
5.000000
6.000000
4.000000
9.000000
13.000000
6.000000
1.000000
4.000000
-2.000000
-2.000000
5.000000
-7.000000
-2.000000
-5.000000
-3.000000
-1.000000
-3.000000
1.000000
6.000000
10.000000
6.000000
8.000000
3.000000
-2.000000
-1.000000
-7.000000
-2.000000
-2.000000
-2.000000
-5.000000
-7.000000
-7.000000
-5.000000
-8.000000
-5.000000
8.000000
4.000000
13.000000
19.000000
4.000000
4.000000
10.000000
14.000000
6.000000
6.000000
10.000000
2.000000
5.000000
0.000000
-8.000000
-10.000000
-13.000000
-7.000000
-10.000000
-6.000000
1.000000
-6.000000
-10.000000
-1.000000
0.000000
-5.000000
-1.000000
6.000000
5.000000
9.000000
8.000000
3.000000
1.000000
-4.000000
-8.000000
-23.000000
-26.000000
-24.000000
-29.000000
-19.000000
-17.000000
-15.000000
-9.000000
-4.000000
6.000000
11.000000
5.000000
1.000000
9.000000
7.000000
7.000000
4.000000
-5.000000
-6.000000
-12.000000
-21.000000
-22.000000
-26.000000
-19.000000
-16.000000
-11.000000
-5.000000
-1.000000
8.000000
9.000000
14.000000
13.000000
12.000000
15.000000
5.000000
-8.000000
-4.000000
-4.000000
-16.000000
-15.000000
-8.000000
2.000000
9.000000
12.000000
25.000000
42.000000
49.000000
43.000000
41.000000
44.000000
26.000000
21.000000
10.000000
-9.000000
-19.000000
-28.000000
-24.000000
-24.000000
-25.000000
-18.000000
-3.000000
1.000000
5.000000
10.000000
16.000000
23.000000
19.000000
9.000000
5.000000
15.000000
12.000000
-9.000000
-18.000000
-21.000000
-9.000000
-11.000000
-14.000000
-9.000000
2.000000
9.000000
0.000000
-13.000000
-11.000000
2.000000
-2.000000
-7.000000
-15.000000
-16.000000
-16.000000
-7.000000
-21.000000
-25.000000
-1.000000
16.000000
17.000000
16.000000
21.000000
26.000000
17.000000
-18.000000
-50.000000
-78.000000
-102.000000
-128.000000
-164.000000
-200.000000
-161.000000
-128.000000
-83.000000
-39.000000
36.000000
132.000000
205.000000
265.000000
290.000000
313.000000
315.000000
280.000000
196.000000
103.000000
33.000000
-29.000000
-95.000000
-148.000000
-167.000000
-127.000000
-76.000000
-37.000000
16.000000
87.000000
148.000000
179.000000
178.000000
145.000000
112.000000
62.000000
-17.000000
-119.000000
-180.000000
-231.000000
-264.000000
-268.000000
-253.000000
-203.000000
-129.000000
-38.000000
26.000000
109.000000
181.000000
212.000000
217.000000
187.000000
126.000000
50.000000
-37.000000
-157.000000
-254.000000
-316.000000
-356.000000
-374.000000
-349.000000
-293.000000
-190.000000
-72.000000
49.000000
160.000000
253.000000
321.000000
344.000000
339.000000
276.000000
194.000000
94.000000
-31.000000
-138.000000
-222.000000
-274.000000
-297.000000
-274.000000
-210.000000
-133.000000
-18.000000
93.000000
176.000000
241.000000
278.000000
275.000000
230.000000
144.000000
39.000000
-89.000000
-212.000000
-327.000000
-412.000000
-476.000000
-490.000000
-425.000000
-338.000000
-211.000000
-55.000000
127.000000
320.000000
492.000000
636.000000
747.000000
789.000000
794.000000
732.000000
623.000000
489.000000
330.000000
189.000000
55.000000
-39.000000
-96.000000
-70.000000
-3.000000
77.000000
199.000000
344.000000
464.000000
513.000000
501.000000
423.000000
291.000000
95.000000
-161.000000
-474.000000
-758.000000
-996.000000
-1191.000000
-1334.000000
-1381.000000
-1295.000000
-1119.000000
-894.000000
-631.000000
-322.000000
1.000000
290.000000
474.000000
586.000000
638.000000
631.000000
525.000000
333.000000
114.000000
-61.000000
-193.000000
-339.000000
-444.000000
-453.000000
-356.000000
-229.000000
-100.000000
30.000000
144.000000
284.000000
327.000000
252.000000
126.000000
-25.000000
-217.000000
-499.000000
-758.000000
-970.000000
-1097.000000
-1129.000000
-1137.000000
-1059.000000
-831.000000
-527.000000
-219.000000
28.000000
299.000000
574.000000
774.000000
875.000000
865.000000
862.000000
830.000000
790.000000
690.000000
598.000000
614.000000
723.000000
864.000000
1004.000000
1201.000000
1494.000000
1790.000000
1991.000000
2131.000000
2244.000000
2312.000000
2206.000000
1971.000000
1541.000000
1101.000000
599.000000
-47.000000
-791.000000
-1522.000000
-2038.000000
-2444.000000
-2782.000000
-3017.000000
-3040.000000
-2741.000000
-2288.000000
-1818.000000
-1321.000000
-755.000000
-78.000000
455.000000
764.000000
880.000000
980.000000
1060.000000
913.000000
607.000000
283.000000
136.000000
61.000000
-62.000000
-155.000000
-79.000000
185.000000
445.000000
543.000000
561.000000
623.000000
716.000000
550.000000
133.000000
-374.000000
-777.000000
-1092.000000
-1560.000000
-2056.000000
-2363.000000
-2378.000000
-2225.000000
-2063.000000
-1820.000000
-1393.000000
-786.000000
-229.000000
136.000000
455.000000
755.000000
990.000000
902.000000
679.000000
407.000000
147.000000
-106.000000
-525.000000
-833.000000
-994.000000
-932.000000
-826.000000
-717.000000
-446.000000
-35.000000
464.000000
897.000000
1159.000000
1443.000000
1644.000000
1783.000000
1690.000000
1427.000000
1183.000000
844.000000
529.000000
173.000000
-123.000000
-340.000000
-343.000000
-214.000000
-63.000000
233.000000
649.000000
1141.000000
1676.000000
2092.000000
2402.000000
2733.000000
3074.000000
3217.000000
3124.000000
2977.000000
2789.000000
2657.000000
2277.000000
1594.000000
873.000000
330.000000
-245.000000
-1191.000000
-2203.000000
-2997.000000
-3468.000000
-3779.000000
-4257.000000
-4594.000000
-4450.000000
-3796.000000
-3157.000000
-2793.000000
-2281.000000
-1388.000000
-397.000000
122.000000
237.000000
432.000000
829.000000
1124.000000
885.000000
426.000000
398.000000
672.000000
790.000000
558.000000
455.000000
816.000000
1417.000000
1603.000000
1258.000000
1165.000000
1388.000000
1407.000000
800.000000
-50.000000
-680.000000
-933.000000
-1275.000000
-2048.000000
-2733.000000
-2777.000000
-2485.000000
-2328.000000
-2299.000000
-2051.000000
-1339.000000
-590.000000
-209.000000
-131.000000
243.000000
686.000000
846.000000
585.000000
211.000000
99.000000
63.000000
-128.000000
-627.000000
-879.000000
-735.000000
-428.000000
-297.000000
-249.000000
52.000000
627.000000
1073.000000
1326.000000
1413.000000
1528.000000
1691.000000
1643.000000
1390.000000
1033.000000
911.000000
640.000000
326.000000
36.000000
-133.000000
-71.000000
-46.000000
-143.000000
-140.000000
221.000000
532.000000
776.000000
933.000000
1172.000000
1534.000000
2021.000000
2202.000000
2328.000000
2580.000000
2948.000000
3130.000000
3115.000000
3131.000000
3073.000000
3048.000000
2485.000000
1829.000000
1106.000000
477.000000
-630.000000
-2006.000000
-3273.000000
-4159.000000
-4680.000000
-5326.000000
-5951.000000
-6051.000000
-5366.000000
-4388.000000
-3558.000000
-3000.000000
-1862.000000
-533.000000
556.000000
896.000000
1109.000000
1364.000000
1662.000000
1572.000000
855.000000
437.000000
503.000000
665.000000
437.000000
250.000000
473.000000
1281.000000
1854.000000
1814.000000
1585.000000
1941.000000
2258.000000
1936.000000
1001.000000
-66.000000
-626.000000
-1067.000000
-1875.000000
-3099.000000
-3666.000000
-3612.000000
-3332.000000
-3224.000000
-3031.000000
-2306.000000
-1217.000000
-341.000000
111.000000
600.000000
1242.000000
1709.000000
1670.000000
1226.000000
730.000000
616.000000
241.000000
-424.000000
-1227.000000
-1521.000000
-1464.000000
-1429.000000
-1331.000000
-1243.000000
-583.000000
114.000000
750.000000
1260.000000
1679.000000
2058.000000
2418.000000
2342.000000
2137.000000
1804.000000
1489.000000
920.000000
346.000000
-218.000000
-568.000000
-708.000000
-1058.000000
-1087.000000
-1001.000000
-605.000000
-125.000000
505.000000
923.000000
1569.000000
2207.000000
2923.000000
3358.000000
3666.000000
3740.000000
3867.000000
3848.000000
3664.000000
3459.000000
3032.000000
2942.000000
2470.000000
2279.000000
1722.000000
1292.000000
767.000000
130.000000
-1057.000000
-2104.000000
-3180.000000
-4136.000000
-5046.000000
-6067.000000
-6711.000000
-6852.000000
-6407.000000
-5930.000000
-5139.000000
-4397.000000
-2813.000000
-1308.000000
-76.000000
666.000000
1620.000000
2301.000000
2873.000000
3010.000000
2500.000000
2325.000000
2204.000000
2012.000000
1458.000000
1149.000000
1015.000000
1303.000000
1343.000000
1138.000000
982.000000
1399.000000
1479.000000
982.000000
341.000000
-470.000000
-883.000000
-1484.000000
-2400.000000
-3594.000000
-4078.000000
-4213.000000
-4202.000000
-4235.000000
-4006.000000
-3230.000000
-2288.000000
-1384.000000
-847.000000
-42.000000
698.000000
1256.000000
1312.000000
1170.000000
884.000000
841.000000
275.000000
-338.000000
-974.000000
-1165.000000
-1233.000000
-1614.000000
-1250.000000
-1255.000000
-222.000000
377.000000
1022.000000
1905.000000
2359.000000
3101.000000
3669.000000
3419.000000
3355.000000
3042.000000
2425.000000
1425.000000
625.000000
27.000000
-966.000000
-1388.000000
-2178.000000
-2111.000000
-1773.000000
-1433.000000
-640.000000
207.000000
1202.000000
2584.000000
3680.000000
4348.000000
4984.000000
5523.000000
5600.000000
5148.000000
4517.000000
3744.000000
3140.000000
2290.000000
1575.000000
1083.000000
839.000000
902.000000
910.000000
958.000000
729.000000
943.000000
472.000000
-810.000000
-1841.000000
-3312.000000
-4338.000000
-5736.000000
-7160.000000
-8162.000000
-8451.000000
-7880.000000
-7109.000000
-6043.000000
-4611.000000
-2746.000000
-271.000000
1234.000000
2476.000000
3696.000000
4393.000000
4839.000000
4292.000000
3484.000000
2490.000000
1874.000000
984.000000
-97.000000
-853.000000
-1020.000000
-773.000000
-437.000000
-427.000000
-122.000000
781.000000
1238.000000
1086.000000
439.000000
-38.000000
-646.000000
-1205.000000
-2563.000000
-4027.000000
-4759.000000
-4983.000000
-5170.000000
-5240.000000
-4903.000000
-4130.000000
-2628.000000
-1577.000000
-685.000000
472.000000
1585.000000
2315.000000
2577.000000
2267.000000
2076.000000
1814.000000
1354.000000
241.000000
-358.000000
-829.000000
-1174.000000
-802.000000
-1076.000000
-364.000000
376.000000
1411.000000
2364.000000
3016.000000
3781.000000
4286.000000
4363.000000
4168.000000
3461.000000
2686.000000
1477.000000
200.000000
-798.000000
-1947.000000
-2511.000000
-3192.000000
-3197.000000
-2904.000000
-2073.000000
-896.000000
388.000000
1677.000000
3224.000000
4458.000000
5501.000000
6264.000000
6313.000000
6313.000000
5617.000000
4592.000000
3507.000000
2353.000000
1130.000000
446.000000
-514.000000
-589.000000
-475.000000
85.000000
704.000000
1298.000000
2131.000000
1864.000000
2328.000000
1093.000000
-553.000000
-1989.000000
-4214.000000
-5916.000000
-7792.000000
-9595.000000
-10296.000000
-10273.000000
-9258.000000
-7891.000000
-5934.000000
-3606.000000
-1150.000000
1949.000000
3328.000000
4812.000000
5718.000000
5736.000000
5211.000000
3967.000000
2334.000000
866.000000
-235.000000
-1390.000000
-2363.000000
-2522.000000
-1871.000000
-1078.000000
82.000000
837.000000
2068.000000
3153.000000
3550.000000
2855.000000
2124.000000
1073.000000
-466.000000
-1877.000000
-4007.000000
-5814.000000
-6674.000000
-6832.000000
-7009.000000
-6542.000000
-5322.000000
-3709.000000
-1717.000000
-114.000000
1223.000000
2797.000000
3737.000000
3960.000000
3850.000000
3049.000000
2211.000000
1394.000000
286.000000
-1054.000000
-1883.000000
-2167.000000
-2045.000000
-1606.000000
-911.000000
203.000000
1581.000000
2969.000000
3657.000000
4643.000000
4968.000000
4754.000000
4429.000000
3343.000000
1985.000000
651.000000
-762.000000
-2031.000000
-2868.000000
-3308.000000
-3324.000000
-2834.000000
-2114.000000
-1208.000000
476.000000
1851.000000
3170.000000
4395.000000
5156.000000
5756.000000
6136.000000
5935.000000
5273.000000
4568.000000
3408.000000
2431.000000
1382.000000
447.000000
-230.000000
-482.000000
-621.000000
-364.000000
496.000000
1381.000000
2403.000000
3378.000000
3821.000000
3303.000000
3520.000000
1687.000000
-595.000000
-2825.000000
-5546.000000
-7637.000000
-9544.000000
-11176.000000
-12105.000000
-11255.000000
-9794.000000
-7755.000000
-5049.000000
-2579.000000
213.000000
3662.000000
4951.000000
5826.000000
6206.000000
5770.000000
4647.000000
2900.000000
816.000000
-978.000000
-1727.000000
-2472.000000
-3049.000000
-2686.000000
-1346.000000
275.000000
2079.000000
2973.000000
3896.000000
4847.000000
4972.000000
3613.000000
1737.000000
-221.000000
-2480.000000
-4237.000000
-6601.000000
-8721.000000
-9335.000000
-8726.000000
-8153.000000
-6860.000000
-4883.000000
-2566.000000
160.000000
2109.000000
3304.000000
4466.000000
5086.000000
4734.000000
3794.000000
2262.000000
663.000000
-340.000000
-1295.000000
-3028.000000
-3287.000000
-3015.000000
-2151.000000
-961.000000
147.000000
1894.000000
3315.000000
4793.000000
5456.000000
5561.000000
5363.000000
4488.000000
3540.000000
1995.000000
117.000000
-861.000000
-2179.000000
-3032.000000
-3423.000000
-3062.000000
-2161.000000
-1372.000000
-156.000000
923.000000
2295.000000
3583.000000
4370.000000
4875.000000
4949.000000
4956.000000
5082.000000
4342.000000
3650.000000
2863.000000
2333.000000
1504.000000
907.000000
372.000000
-45.000000
-19.000000
38.000000
463.000000
1043.000000
2243.000000
3023.000000
4214.000000
4411.000000
4304.000000
4151.000000
3055.000000
131.000000
-2441.000000
-5016.000000
-7754.000000
-9540.000000
-11393.000000
-12692.000000
-12469.000000
-10642.000000
-8677.000000
-5781.000000
-3262.000000
-172.000000
3275.000000
5477.000000
5729.000000
6368.000000
5934.000000
4490.000000
2783.000000
378.000000
-1804.000000
-2874.000000
-2872.000000
-3435.000000
-3087.000000
-1512.000000
748.000000
2812.000000
4161.000000
4754.000000
5844.000000
6025.000000
4443.000000
2001.000000
-813.000000
-3297.000000
-5389.000000
-7238.000000
-9769.000000
-10632.000000
-9446.000000
-8092.000000
-6386.000000
-4145.000000
-1511.000000
1393.000000
3637.000000
4470.000000
4976.000000
5222.000000
4530.000000
3101.000000
1174.000000
-1074.000000
-2178.000000
-2566.000000
-3881.000000
-4196.000000
-3392.000000
-1816.000000
-163.000000
1431.000000
3061.000000
4792.000000
5996.000000
6211.000000
6055.000000
4945.000000
3725.000000
2563.000000
894.000000
-955.000000
-1999.000000
-2580.000000
-2776.000000
-3081.000000
-2265.000000
-826.000000
350.000000
1197.000000
2122.000000
3078.000000
3694.000000
4158.000000
4086.000000
3789.000000
3483.000000
3349.000000
3277.000000
2826.000000
2306.000000
2361.000000
2254.000000
1744.000000
1472.000000
1207.000000
1104.000000
901.000000
659.000000
698.000000
1455.000000
2028.000000
2919.000000
3987.000000
4011.000000
4349.000000
3656.000000
3138.000000
-382.000000
-3068.000000
-5558.000000
-8527.000000
-10130.000000
-12202.000000
-13153.000000
-12694.000000
-10901.000000
-8085.000000
-5101.000000
-2190.000000
887.000000
4304.000000
6810.000000
5914.000000
6548.000000
5541.000000
3387.000000
1313.000000
-1187.000000
-3636.000000
-4465.000000
-3830.000000
-3881.000000
-2945.000000
-482.000000
2268.000000
4741.000000
6240.000000
6181.000000
7054.000000
6652.000000
4183.000000
625.000000
-2558.000000
-5726.000000
-8011.000000
-9292.000000
-11542.000000
-11866.000000
-9671.000000
-7250.000000
-5129.000000
-2163.000000
785.000000
3627.000000
5415.000000
5504.000000
4992.000000
4427.000000
2917.000000
780.000000
-1218.000000
-3591.000000
-4323.000000
-3789.000000
-4204.000000
-3873.000000
-1688.000000
587.000000
2747.000000
4411.000000
5791.000000
6832.000000
7033.000000
6397.000000
5027.000000
2943.000000
898.000000
-246.000000
-1632.000000
-3117.000000
-3177.000000
-2522.000000
-1999.000000
-1215.000000
163.000000
1913.000000
2822.000000
3393.000000
3517.000000
3359.000000
3171.000000
2965.000000
2560.000000
2038.000000
1799.000000
2172.000000
2850.000000
2850.000000
2898.000000
3628.000000
3799.000000
3144.000000
2884.000000
2063.000000
1525.000000
998.000000
384.000000
190.000000
855.000000
1380.000000
2688.000000
3729.000000
3893.000000
4209.000000
4566.000000
2631.000000
-1534.000000
-3559.000000
-7074.000000
-9091.000000
-11308.000000
-13130.000000
-13598.000000
-12329.000000
-9865.000000
-6420.000000
-3543.000000
-751.000000
3092.000000
6611.000000
5840.000000
5448.000000
5745.000000
2889.000000
948.000000
-1405.000000
-4186.000000
-5820.000000
-4475.000000
-3644.000000
-2842.000000
-186.000000
3070.000000
6170.000000
8109.000000
7745.000000
7733.000000
7726.000000
4972.000000
1004.000000
-3143.000000
-7136.000000
-9929.000000
-10586.000000
-12043.000000
-12921.000000
-10508.000000
-7149.000000
-4376.000000
-1524.000000
1460.000000
4119.000000
5970.000000
5627.000000
4318.000000
2810.000000
1071.000000
-907.000000
-2525.000000
-4791.000000
-5507.000000
-3664.000000
-2908.000000
-1825.000000
154.000000
2844.000000
4965.000000
6065.000000
6573.000000
6377.000000
5716.000000
4420.000000
2774.000000
731.000000
-1496.000000
-1971.000000
-2004.000000
-2450.000000
-1762.000000
-140.000000
1305.000000
1597.000000
2496.000000
3421.000000
3570.000000
3079.000000
2489.000000
1334.000000
442.000000
391.000000
646.000000
909.000000
1386.000000
2797.000000
4313.000000
4963.000000
5196.000000
5552.000000
4991.000000
4258.000000
2704.000000
923.000000
-566.000000
-1212.000000
-1759.000000
-1863.000000
-1078.000000
631.000000
2514.000000
4862.000000
6075.000000
7119.000000
6773.000000
6082.000000
3936.000000
-2409.000000
-5610.000000
-9852.000000
-12258.000000
-14477.000000
-15480.000000
-14872.000000
-12603.000000
-8455.000000
-4023.000000
-526.000000
2816.000000
5941.000000
8819.000000
6441.000000
4249.000000
3069.000000
-770.000000
-2985.000000
-5368.000000
-7339.000000
-7654.000000
-4480.000000
-1597.000000
778.000000
4311.000000
8435.000000
11330.000000
11774.000000
9512.000000
7692.000000
4913.000000
592.000000
-4059.000000
-9453.000000
-13058.000000
-14153.000000
-12975.000000
-12154.000000
-10430.000000
-5994.000000
-1468.000000
1931.000000
3886.000000
5276.000000
6374.000000
5594.000000
3151.000000
-145.000000
-3310.000000
-5183.000000
-6027.000000
-6019.000000
-6269.000000
-3828.000000
-164.000000
2489.000000
4598.000000
6068.000000
7931.000000
8032.000000
6820.000000
4264.000000
1747.000000
-495.000000
-1974.000000
-2605.000000
-3406.000000
-3058.000000
-763.000000
1332.000000
3051.000000
4502.000000
6167.000000
6552.000000
5210.000000
3369.000000
1495.000000
-438.000000
-1931.000000
-2824.000000
-3454.000000
-3042.000000
-1352.000000
1228.000000
3510.000000
5370.000000
7352.000000
8813.000000
8344.000000
6720.000000
4870.000000
2602.000000
554.000000
-1388.000000
-3108.000000
-3781.000000
-3184.000000
-1958.000000
-15.000000
1993.000000
4523.000000
7200.000000
8542.000000
9234.000000
8268.000000
6094.000000
3767.000000
-160.000000
-6873.000000
-10944.000000
-14088.000000
-15452.000000
-15498.000000
-13831.000000
-11514.000000
-7504.000000
-3005.000000
627.000000
3351.000000
4519.000000
5619.000000
5629.000000
2056.000000
-1530.000000
-3574.000000
-5863.000000
-6743.000000
-6689.000000
-5642.000000
-3179.000000
1157.000000
5065.000000
7974.000000
10027.000000
12002.000000
12309.000000
9532.000000
5042.000000
1134.000000
-2844.000000
-6651.000000
-9646.000000
-12159.000000
-12981.000000
-11151.000000
-8053.000000
-5290.000000
-2797.000000
408.000000
3075.000000
3490.000000
2280.000000
729.000000
-866.000000
-2803.000000
-4678.000000
-6508.000000
-7097.000000
-6154.000000
-3427.000000
-621.000000
2012.000000
4742.000000
7365.000000
8635.000000
7766.000000
6039.000000
3986.000000
1881.000000
-830.000000
-3299.000000
-4958.000000
-5019.000000
-3458.000000
-911.000000
1764.000000
4222.000000
6345.000000
8255.000000
8239.000000
6940.000000
5362.000000
3014.000000
301.000000
-2224.000000
-4099.000000
-4919.000000
-4024.000000
-2219.000000
-114.000000
2215.000000
4476.000000
6635.000000
7996.000000
7980.000000
7452.000000
6153.000000
4174.000000
1883.000000
-380.000000
-1544.000000
-2069.000000
-1869.000000
-849.000000
565.000000
1593.000000
3093.000000
4396.000000
5179.000000
5834.000000
6264.000000
5931.000000
4928.000000
2849.000000
822.000000
-777.000000
-5237.000000
-8322.000000
-10167.000000
-11511.000000
-11644.000000
-9893.000000
-8777.000000
-7076.000000
-4336.000000
-2410.000000
-1220.000000
-494.000000
-296.000000
344.000000
-555.000000
-2569.000000
-3182.000000
-3524.000000
-3236.000000
-2249.000000
-713.000000
762.000000
3218.000000
5617.000000
6756.000000
7167.000000
7266.000000
7237.000000
5478.000000
2394.000000
-364.000000
-2949.000000
-4806.000000
-5962.000000
-6971.000000
-7255.000000
-6546.000000
-5320.000000
-3928.000000
-3335.000000
-2487.000000
-1607.000000
-1857.000000
-2901.000000
-3611.000000
-4143.000000
-4342.000000
-4102.000000
-3619.000000
-2548.000000
-800.000000
868.000000
2766.000000
3893.000000
4709.000000
5616.000000
5281.000000
4000.000000
2547.000000
1123.000000
-200.000000
-1180.000000
-1773.000000
-1341.000000
-302.000000
888.000000
2245.000000
3833.000000
4735.000000
5361.000000
5238.000000
4312.000000
3053.000000
2029.000000
1007.000000
-416.000000
-1359.000000
-1305.000000
-884.000000
-262.000000
640.000000
1475.000000
2413.000000
3261.000000
3720.000000
3928.000000
4045.000000
4079.000000
4197.000000
3707.000000
3056.000000
2687.000000
2124.000000
1886.000000
1526.000000
915.000000
824.000000
929.000000
685.000000
818.000000
1092.000000
1736.000000
3225.000000
3958.000000
5049.000000
6008.000000
5239.000000
3941.000000
2962.000000
-1636.000000
-6893.000000
-9608.000000
-12984.000000
-14708.000000
-12860.000000
-10353.000000
-8126.000000
-4162.000000
-1216.000000
109.000000
1054.000000
1471.000000
1087.000000
-326.000000
-2644.000000
-4355.000000
-5931.000000
-6611.000000
-5547.000000
-3207.000000
131.000000
4128.000000
7686.000000
9289.000000
9770.000000
9232.000000
8003.000000
5394.000000
1441.000000
-1706.000000
-4530.000000
-7120.000000
-8087.000000
-7731.000000
-6593.000000
-4300.000000
-1915.000000
-675.000000
-885.000000
-1001.000000
-1734.000000
-3665.000000
-5703.000000
-7029.000000
-7405.000000
-7390.000000
-6248.000000
-4535.000000
-1928.000000
1176.000000
4246.000000
6150.000000
6257.000000
6374.000000
5747.000000
3743.000000
1923.000000
301.000000
-979.000000
-1309.000000
-1656.000000
-1103.000000
133.000000
1654.000000
3492.000000
4933.000000
4915.000000
4966.000000
4440.000000
2832.000000
1499.000000
532.000000
170.000000
255.000000
64.000000
331.000000
815.000000
942.000000
1632.000000
2007.000000
2017.000000
2139.000000
2302.000000
2152.000000
2056.000000
2512.000000
3304.000000
3942.000000
4414.000000
4811.000000
4598.000000
3715.000000
2826.000000
1818.000000
641.000000
-32.000000
38.000000
164.000000
99.000000
1255.000000
2431.000000
2621.000000
3568.000000
4428.000000
4043.000000
4010.000000
2032.000000
54.000000
-1196.000000
-6578.000000
-7507.000000
-7809.000000
-10685.000000
-7714.000000
-5274.000000
-5881.000000
-2422.000000
-1787.000000
-2307.000000
-1671.000000
-3344.000000
-3740.000000
-3194.000000
-5352.000000
-4092.000000
-3188.000000
-4164.000000
-844.000000
441.000000
1113.000000
3856.000000
4725.000000
4432.000000
4624.000000
2624.000000
2079.000000
1796.000000
-415.000000
-305.000000
178.000000
-1536.000000
-432.000000
-578.000000
-2382.000000
-2166.000000
-2961.000000
-3912.000000
-4442.000000
-6330.000000
-6271.000000
-6168.000000
-6952.000000
-5458.000000
-4271.000000
-3547.000000
-1597.000000
-736.000000
-584.000000
135.000000
242.000000
403.000000
790.000000
971.000000
1696.000000
2763.000000
3220.000000
3688.000000
3944.000000
3845.000000
3338.000000
2741.000000
1391.000000
469.000000
111.000000
-176.000000
273.000000
1440.000000
2356.000000
3591.000000
4384.000000
4334.000000
3790.000000
3100.000000
1968.000000
883.000000
79.000000
-507.000000
-552.000000
-349.000000
402.000000
1180.000000
2022.000000
3247.000000
3853.000000
3851.000000
4023.000000
3422.000000
2708.000000
2224.000000
1814.000000
1621.000000
1701.000000
1952.000000
2279.000000
2435.000000
2451.000000
2277.000000
2356.000000
2012.000000
1990.000000
2349.000000
2322.000000
2799.000000
3532.000000
3904.000000
4648.000000
4303.000000
2480.000000
2278.000000
-1666.000000
-6326.000000
-7411.000000
-11691.000000
-12780.000000
-9220.000000
-8412.000000
-4341.000000
-1242.000000
-125.000000
684.000000
-1828.000000
-3564.000000
-4694.000000
-6966.000000
-7223.000000
-6101.000000
-6472.000000
-4807.000000
-2149.000000
-854.000000
1802.000000
4341.000000
5402.000000
7099.000000
5464.000000
3542.000000
2782.000000
-216.000000
-1483.000000
-703.000000
-1309.000000
-118.000000
1611.000000
1122.000000
814.000000
-543.000000
-2142.000000
-2689.000000
-4751.000000
-5744.000000
-5374.000000
-6591.000000
-6576.000000
-5862.000000
-6056.000000
-4819.000000
-3113.000000
-2059.000000
-1283.000000
-1280.000000
-1345.000000
-1465.000000
-1759.000000
-1071.000000
526.000000
2191.000000
3870.000000
5035.000000
5176.000000
4651.000000
4222.000000
3400.000000
2836.000000
2864.000000
2868.000000
3297.000000
3607.000000
3301.000000
3614.000000
3833.000000
3709.000000
3323.000000
2885.000000
2065.000000
791.000000
-119.000000
-753.000000
-1005.000000
-462.000000
903.000000
1712.000000
2044.000000
2335.000000
1804.000000
1021.000000
687.000000
15.000000
254.000000
788.000000
1126.000000
1941.000000
2616.000000
2858.000000
3561.000000
4057.000000
4009.000000
4210.000000
3566.000000
2955.000000
2458.000000
1560.000000
1664.000000
1989.000000
2276.000000
3154.000000
3884.000000
3932.000000
3393.000000
2935.000000
1244.000000
-595.000000
-3358.000000
-6188.000000
-7618.000000
-9176.000000
-7999.000000
-5426.000000
-4064.000000
-1256.000000
210.000000
-693.000000
-2408.000000
-5054.000000
-7641.000000
-8916.000000
-8810.000000
-7118.000000
-4453.000000
-2666.000000
-431.000000
729.000000
-29.000000
-84.000000
-216.000000
-576.000000
132.000000
600.000000
952.000000
1265.000000
1052.000000
1177.000000
1535.000000
1746.000000
2666.000000
3354.000000
2646.000000
1678.000000
-63.000000
-2163.000000
-3508.000000
-4172.000000
-3728.000000
-2633.000000
-1881.000000
-1016.000000
-1265.000000
-2884.000000
-4203.000000
-5519.000000
-6676.000000
-6541.000000
-5537.000000
-4230.000000
-2471.000000
-1161.000000
-40.000000
585.000000
720.000000
1030.000000
1203.000000
1312.000000
1634.000000
2025.000000
2529.000000
3321.000000
4058.000000
5074.000000
5983.000000
6467.000000
6557.000000
6072.000000
5206.000000
3918.000000
3012.000000
2404.000000
1872.000000
2164.000000
2673.000000
2989.000000
3568.000000
3323.000000
2498.000000
1600.000000
199.000000
-889.000000
-1284.000000
-1686.000000
-1329.000000
-315.000000
267.000000
1094.000000
1734.000000
1608.000000
1607.000000
1404.000000
1121.000000
1109.000000
910.000000
1210.000000
1580.000000
1669.000000
2118.000000
2390.000000
2138.000000
2204.000000
2201.000000
1982.000000
2008.000000
2048.000000
2224.000000
2205.000000
1901.000000
1860.000000
694.000000
-315.000000
-1304.000000
-2795.000000
-3012.000000
-3271.000000
-2992.000000
-2061.000000
-1816.000000
-1928.000000
-2509.000000
-4104.000000
-5402.000000
-6559.000000
-7160.000000
-6503.000000
-5577.000000
-4270.000000
-2938.000000
-2587.000000
-2671.000000
-3184.000000
-4106.000000
-4304.000000
-4164.000000
-3457.000000
-1882.000000
-338.000000
607.000000
1596.000000
1778.000000
1622.000000
1664.000000
1430.000000
1469.000000
1590.000000
1529.000000
1473.000000
1046.000000
150.000000
-287.000000
-691.000000
-1051.000000
-1019.000000
-951.000000
-861.000000
-959.000000
-1393.000000
-1830.000000
-2581.000000
-3184.000000
-3158.000000
-3182.000000
-2753.000000
-1858.000000
-1184.000000
-453.000000
-257.000000
-443.000000
-423.000000
-543.000000
-247.000000
571.000000
1544.000000
2561.000000
3457.000000
3755.000000
3621.000000
3199.000000
2839.000000
2864.000000
2988.000000
3583.000000
4200.000000
4360.000000
4343.000000
3812.000000
2971.000000
2311.000000
1845.000000
1733.000000
2037.000000
2503.000000
2965.000000
3339.000000
3192.000000
2776.000000
2368.000000
1549.000000
1045.000000
568.000000
131.000000
-58.000000
-232.000000
-328.000000
-313.000000
-395.000000
-532.000000
-544.000000
-695.000000
-948.000000
-1174.000000
-1476.000000
-1655.000000
-1424.000000
-1088.000000
-509.000000
129.000000
689.000000
1277.000000
1658.000000
1677.000000
1775.000000
1484.000000
1005.000000
737.000000
121.000000
-301.000000
-127.000000
-37.000000
281.000000
723.000000
876.000000
764.000000
299.000000
-490.000000
-1333.000000
-2089.000000
-2709.000000
-2783.000000
-2797.000000
-2709.000000
-2524.000000
-2644.000000
-2773.000000
-3132.000000
-3434.000000
-3282.000000
-3152.000000
-2652.000000
-1887.000000
-1327.000000
-921.000000
-947.000000
-1283.000000
-1758.000000
-2463.000000
-2977.000000
-3171.000000
-3137.000000
-2875.000000
-2166.000000
-1666.000000
-1327.000000
-848.000000
-1026.000000
-1103.000000
-1147.000000
-1264.000000
-1079.000000
-907.000000
-710.000000
-414.000000
-131.000000
63.000000
424.000000
581.000000
679.000000
928.000000
1021.000000
1009.000000
1205.000000
1358.000000
1704.000000
1974.000000
2083.000000
2213.000000
2121.000000
1825.000000
1526.000000
1106.000000
758.000000
755.000000
649.000000
786.000000
861.000000
888.000000
1185.000000
1281.000000
1192.000000
1218.000000
1031.000000
1003.000000
1169.000000
1279.000000
1527.000000
1886.000000
2104.000000
2390.000000
2556.000000
2346.000000
2362.000000
2315.000000
2103.000000
2178.000000
2133.000000
1931.000000
1887.000000
1704.000000
1477.000000
1382.000000
1209.000000
1055.000000
1065.000000
889.000000
865.000000
947.000000
863.000000
832.000000
868.000000
741.000000
661.000000
567.000000
277.000000
239.000000
47.000000
-94.000000
-111.000000
-415.000000
-561.000000
-588.000000
-791.000000
-753.000000
-770.000000
-832.000000
-867.000000
-1239.000000
-1602.000000
-2058.000000
-2593.000000
-2793.000000
-2824.000000
-2750.000000
-2449.000000
-2081.000000
-1752.000000
-1573.000000
-1436.000000
-1350.000000
-1460.000000
-1403.000000
-1356.000000
-1371.000000
-1449.000000
-1592.000000
-1840.000000
-2262.000000
-2693.000000
-2991.000000
-3098.000000
-3015.000000
-2515.000000
-1956.000000
-1509.000000
-1179.000000
-1094.000000
-1203.000000
-1558.000000
-1850.000000
-2051.000000
-2250.000000
-2168.000000
-1848.000000
-1414.000000
-871.000000
-245.000000
214.000000
643.000000
993.000000
1038.000000
1050.000000
943.000000
881.000000
852.000000
811.000000
885.000000
1033.000000
1378.000000
1775.000000
2080.000000
2218.000000
2191.000000
2094.000000
1794.000000
1436.000000
1082.000000
911.000000
919.000000
934.000000
1050.000000
1207.000000
1333.000000
1556.000000
1725.000000
1747.000000
1782.000000
1682.000000
1658.000000
1624.000000
1475.000000
1490.000000
1517.000000
1518.000000
1527.000000
1677.000000
1827.000000
1962.000000
2134.000000
2148.000000
2217.000000
2152.000000
2015.000000
1854.000000
1564.000000
1343.000000
1238.000000
1131.000000
1113.000000
1081.000000
945.000000
904.000000
710.000000
458.000000
349.000000
152.000000
97.000000
83.000000
-23.000000
-44.000000
-237.000000
-436.000000
-552.000000
-723.000000
-906.000000
-1023.000000
-1159.000000
-1406.000000
-1648.000000
-1864.000000
-2157.000000
-2182.000000
-2199.000000
-2204.000000
-1985.000000
-1866.000000
-1788.000000
-1628.000000
-1702.000000
-1928.000000
-1954.000000
-2127.000000
-2376.000000
-2512.000000
-2715.000000
-2647.000000
-2593.000000
-2478.000000
-2199.000000
-2033.000000
-1885.000000
-1635.000000
-1529.000000
-1547.000000
-1463.000000
-1303.000000
-1230.000000
-1133.000000
-1024.000000
-921.000000
-807.000000
-794.000000
-680.000000
-540.000000
-442.000000
-225.000000
33.000000
115.000000
275.000000
420.000000
385.000000
351.000000
324.000000
344.000000
475.000000
555.000000
725.000000
910.000000
907.000000
1035.000000
1163.000000
1039.000000
1059.000000
1137.000000
1086.000000
1123.000000
1165.000000
1175.000000
1280.000000
1179.000000
1196.000000
1316.000000
1186.000000
1291.000000
1400.000000
1339.000000
1464.000000
1441.000000
1353.000000
1397.000000
1262.000000
1255.000000
1326.000000
1394.000000
1503.000000
1638.000000
1715.000000
1676.000000
1613.000000
1589.000000
1586.000000
1607.000000
1650.000000
1717.000000
1718.000000
1651.000000
1524.000000
1166.000000
1010.000000
784.000000
635.000000
564.000000
401.000000
308.000000
131.000000
-21.000000
-160.000000
-349.000000
-340.000000
-332.000000
-413.000000
-444.000000
-585.000000
-665.000000
-796.000000
-907.000000
-1062.000000
-1099.000000
-1046.000000
-1026.000000
-984.000000
-974.000000
-931.000000
-866.000000
-773.000000
-769.000000
-845.000000
-891.000000
-1001.000000
-1301.000000
-1505.000000
-1803.000000
-1990.000000
-1985.000000
-1985.000000
-1901.000000
-1779.000000
-1601.000000
-1511.000000
-1442.000000
-1414.000000
-1355.000000
-1285.000000
-1223.000000
-1187.000000
-1263.000000
-1287.000000
-1247.000000
-1281.000000
-1160.000000
-1045.000000
-979.000000
-741.000000
-701.000000
-652.000000
-602.000000
-681.000000
-680.000000
-714.000000
-748.000000
-704.000000
-595.000000
-448.000000
-314.000000
-100.000000
69.000000
202.000000
410.000000
561.000000
739.000000
960.000000
1109.000000
1268.000000
1342.000000
1355.000000
1341.000000
1207.000000
1213.000000
1215.000000
1213.000000
1372.000000
1450.000000
1485.000000
1531.000000
1443.000000
1273.000000
1035.000000
875.000000
813.000000
742.000000
706.000000
753.000000
735.000000
695.000000
734.000000
833.000000
915.000000
1014.000000
1227.000000
1304.000000
1271.000000
1280.000000
1179.000000
1084.000000
1079.000000
1078.000000
1102.000000
1099.000000
999.000000
949.000000
873.000000
745.000000
666.000000
550.000000
415.000000
354.000000
207.000000
52.000000
-57.000000
-234.000000
-280.000000
-345.000000
-414.000000
-365.000000
-298.000000
-253.000000
-209.000000
-119.000000
-201.000000
-225.000000
-247.000000
-430.000000
-560.000000
-765.000000
-943.000000
-1085.000000
-1281.000000
-1358.000000
-1360.000000
-1433.000000
-1457.000000
-1453.000000
-1557.000000
-1619.000000
-1593.000000
-1636.000000
-1617.000000
-1597.000000
-1602.000000
-1566.000000
-1512.000000
-1410.000000
-1229.000000
-1067.000000
-840.000000
-663.000000
-472.000000
-279.000000
-157.000000
-78.000000
-77.000000
-77.000000
-141.000000
-205.000000
-284.000000
-331.000000
-329.000000
-362.000000
-378.000000
-375.000000
-410.000000
-355.000000
-257.000000
-223.000000
-158.000000
-60.000000
-64.000000
-4.000000
52.000000
77.000000
226.000000
328.000000
513.000000
672.000000
709.000000
790.000000
759.000000
728.000000
750.000000
769.000000
811.000000
875.000000
824.000000
819.000000
760.000000
632.000000
556.000000
509.000000
501.000000
575.000000
706.000000
780.000000
866.000000
952.000000
933.000000
863.000000
849.000000
718.000000
606.000000
663.000000
731.000000
787.000000
957.000000
1037.000000
1036.000000
935.000000
820.000000
702.000000
468.000000
279.000000
122.000000
-47.000000
-175.000000
-255.000000
-348.000000
-385.000000
-370.000000
-325.000000
-204.000000
-202.000000
-177.000000
-132.000000
-119.000000
-110.000000
-154.000000
-93.000000
-52.000000
72.000000
140.000000
179.000000
196.000000
118.000000
47.000000
-148.000000
-408.000000
-526.000000
-617.000000
-640.000000
-623.000000
-621.000000
-561.000000
-591.000000
-626.000000
-740.000000
-897.000000
-967.000000
-990.000000
-1059.000000
-1059.000000
-1004.000000
-906.000000
-734.000000
-617.000000
-519.000000
-316.000000
-175.000000
-89.000000
78.000000
121.000000
116.000000
225.000000
177.000000
95.000000
43.000000
-34.000000
-23.000000
-91.000000
-120.000000
-121.000000
-146.000000
-182.000000
-189.000000
-219.000000
-231.000000
-178.000000
-160.000000
-83.000000
-34.000000
33.000000
155.000000
186.000000
283.000000
339.000000
290.000000
337.000000
281.000000
236.000000
203.000000
121.000000
100.000000
125.000000
107.000000
128.000000
156.000000
127.000000
128.000000
108.000000
28.000000
-30.000000
-63.000000
-90.000000
-109.000000
-110.000000
-95.000000
-45.000000
87.000000
143.000000
228.000000
404.000000
475.000000
562.000000
607.000000
579.000000
601.000000
533.000000
441.000000
371.000000
220.000000
64.000000
-63.000000
-204.000000
-306.000000
-340.000000
-321.000000
-234.000000
-207.000000
-151.000000
-114.000000
-149.000000
-208.000000
-232.000000
-242.000000
-188.000000
-44.000000
101.000000
265.000000
384.000000
474.000000
525.000000
539.000000
549.000000
500.000000
412.000000
297.000000
143.000000
35.000000
-95.000000
-178.000000
-193.000000
-191.000000
-153.000000
-174.000000
-262.000000
-354.000000
-490.000000
-656.000000
-741.000000
-835.000000
-782.000000
-635.000000
-517.000000
-381.000000
-170.000000
-28.000000
105.000000
242.000000
258.000000
339.000000
339.000000
342.000000
316.000000
250.000000
207.000000
174.000000
75.000000
-10.000000
-74.000000
-158.000000
-172.000000
-228.000000
-237.000000
-196.000000
-165.000000
-96.000000
7.000000
35.000000
147.000000
242.000000
264.000000
278.000000
344.000000
319.000000
339.000000
365.000000
312.000000
365.000000
369.000000
390.000000
379.000000
344.000000
383.000000
357.000000
276.000000
212.000000
64.000000
-49.000000
-116.000000
-214.000000
-297.000000
-348.000000
-341.000000
-234.000000
-147.000000
-35.000000
78.000000
178.000000
252.000000
253.000000
239.000000
210.000000
177.000000
174.000000
178.000000
151.000000
103.000000
84.000000
72.000000
16.000000
-49.000000
-64.000000
-204.000000
-364.000000
-497.000000
-686.000000
-766.000000
-809.000000
-815.000000
-750.000000
-675.000000
-555.000000
-445.000000
-361.000000
-272.000000
-220.000000
-180.000000
-131.000000
-102.000000
-55.000000
-29.000000
28.000000
94.000000
96.000000
171.000000
204.000000
155.000000
111.000000
66.000000
-34.000000
-83.000000
-151.000000
-245.000000
-313.000000
-405.000000
-493.000000
-572.000000
-658.000000
-682.000000
-652.000000
-601.000000
-504.000000
-388.000000
-244.000000
-110.000000
66.000000
201.000000
284.000000
386.000000
393.000000
392.000000
385.000000
374.000000
370.000000
353.000000
358.000000
329.000000
305.000000
284.000000
285.000000
290.000000
300.000000
380.000000
400.000000
447.000000
524.000000
509.000000
540.000000
559.000000
501.000000
532.000000
516.000000
490.000000
558.000000
601.000000
634.000000
657.000000
622.000000
589.000000
506.000000
436.000000
354.000000
247.000000
180.000000
96.000000
21.000000
-98.000000
-142.000000
-197.000000
-219.000000
-178.000000
-195.000000
-100.000000
-1.000000
36.000000
141.000000
175.000000
143.000000
148.000000
153.000000
133.000000
85.000000
139.000000
186.000000
186.000000
208.000000
214.000000
195.000000
91.000000
8.000000
-91.000000
-271.000000
-426.000000
-539.000000
-688.000000
-810.000000
-849.000000
-891.000000
-876.000000
-811.000000
-772.000000
-649.000000
-580.000000
-523.000000
-474.000000
-500.000000
-517.000000
-586.000000
-580.000000
-565.000000
-516.000000
-398.000000
-308.000000
-209.000000
-156.000000
-159.000000
-207.000000
-267.000000
-275.000000
-325.000000
-352.000000
-366.000000
-390.000000
-396.000000
-385.000000
-368.000000
-378.000000
-331.000000
-285.000000
-230.000000
-165.000000
-104.000000
-45.000000
65.000000
125.000000
204.000000
272.000000
318.000000
400.000000
426.000000
440.000000
420.000000
390.000000
330.000000
280.000000
223.000000
169.000000
170.000000
204.000000
236.000000
295.000000
349.000000
370.000000
397.000000
381.000000
351.000000
355.000000
386.000000
425.000000
476.000000
494.000000
543.000000
601.000000
631.000000
652.000000
687.000000
697.000000
675.000000
662.000000
580.000000
474.000000
428.000000
350.000000
276.000000
224.000000
177.000000
190.000000
190.000000
172.000000
168.000000
154.000000
120.000000
130.000000
119.000000
110.000000
137.000000
151.000000
178.000000
206.000000
230.000000
260.000000
300.000000
301.000000
286.000000
289.000000
222.000000
142.000000
47.000000
-72.000000
-176.000000
-319.000000
-419.000000
-529.000000
-649.000000
-682.000000
-744.000000
-785.000000
-757.000000
-743.000000
-707.000000
-664.000000
-660.000000
-632.000000
-626.000000
-668.000000
-649.000000
-612.000000
-593.000000
-561.000000
-492.000000
-464.000000
-440.000000
-411.000000
-394.000000
-402.000000
-458.000000
-445.000000
-450.000000
-504.000000
-522.000000
-532.000000
-555.000000
-554.000000
-553.000000
-546.000000
-498.000000
-450.000000
-398.000000
-321.000000
-304.000000
-230.000000
-82.000000
-39.000000
61.000000
176.000000
208.000000
250.000000
266.000000
235.000000
200.000000
153.000000
127.000000
119.000000
98.000000
137.000000
183.000000
236.000000
281.000000
321.000000
342.000000
359.000000
385.000000
371.000000
377.000000
409.000000
420.000000
466.000000
513.000000
589.000000
720.000000
804.000000
882.000000
949.000000
935.000000
904.000000
855.000000
779.000000
690.000000
610.000000
541.000000
505.000000
473.000000
457.000000
501.000000
501.000000
505.000000
491.000000
445.000000
396.000000
298.000000
223.000000
165.000000
96.000000
113.000000
130.000000
184.000000
254.000000
315.000000
386.000000
447.000000
430.000000
367.000000
311.000000
217.000000
140.000000
29.000000
-77.000000
-196.000000
-327.000000
-386.000000
-484.000000
-562.000000
-607.000000
-680.000000
-696.000000
-717.000000
-779.000000
-779.000000
-757.000000
-760.000000
-729.000000
-700.000000
-679.000000
-655.000000
-652.000000
-635.000000
-632.000000
-620.000000
-541.000000
-500.000000
-449.000000
-391.000000
-359.000000
-347.000000
-385.000000
-435.000000
-490.000000
-561.000000
-586.000000
-626.000000
-688.000000
-686.000000
-686.000000
-661.000000
-599.000000
-520.000000
-421.000000
-323.000000
-228.000000
-147.000000
-54.000000
4.000000
63.000000
112.000000
86.000000
80.000000
72.000000
13.000000
24.000000
51.000000
85.000000
161.000000
208.000000
250.000000
274.000000
288.000000
280.000000
265.000000
263.000000
288.000000
332.000000
364.000000
441.000000
522.000000
594.000000
679.000000
770.000000
832.000000
875.000000
900.000000
896.000000
857.000000
834.000000
781.000000
734.000000
693.000000
637.000000
621.000000
582.000000
555.000000
517.000000
485.000000
445.000000
365.000000
303.000000
245.000000
177.000000
118.000000
70.000000
82.000000
88.000000
96.000000
125.000000
150.000000
186.000000
204.000000
235.000000
244.000000
222.000000
236.000000
197.000000
139.000000
71.000000
8.000000
-67.000000
-140.000000
-198.000000
-275.000000
-308.000000
-341.000000
-374.000000
-400.000000
-413.000000
-442.000000
-449.000000
-465.000000
-507.000000
-545.000000
-576.000000
-600.000000
-597.000000
-589.000000
-581.000000
-558.000000
-538.000000
-503.000000
-495.000000
-495.000000
-506.000000
-518.000000
-512.000000
-523.000000
-509.000000
-527.000000
-540.000000
-518.000000
-575.000000
-575.000000
-576.000000
-611.000000
-602.000000
-594.000000
-573.000000
-538.000000
-462.000000
-366.000000
-290.000000
-197.000000
-92.000000
-14.000000
45.000000
87.000000
111.000000
124.000000
126.000000
117.000000
89.000000
124.000000
152.000000
158.000000
206.000000
202.000000
209.000000
230.000000
214.000000
219.000000
252.000000
259.000000
282.000000
321.000000
337.000000
391.000000
465.000000
514.000000
593.000000
631.000000
680.000000
722.000000
712.000000
711.000000
707.000000
665.000000
644.000000
622.000000
567.000000
549.000000
533.000000
532.000000
523.000000
469.000000
434.000000
384.000000
294.000000
226.000000
152.000000
116.000000
112.000000
122.000000
133.000000
154.000000
188.000000
202.000000
212.000000
210.000000
227.000000
211.000000
188.000000
160.000000
118.000000
78.000000
36.000000
19.000000
-8.000000
-44.000000
-63.000000
-115.000000
-177.000000
-239.000000
-293.000000
-324.000000
-343.000000
-359.000000
-368.000000
-373.000000
-381.000000
-388.000000
-410.000000
-442.000000
-459.000000
-471.000000
-475.000000
-463.000000
-454.000000
-436.000000
-430.000000
-432.000000
-430.000000
-421.000000
-411.000000
-403.000000
-398.000000
-426.000000
-451.000000
-494.000000
-538.000000
-576.000000
-566.000000
-541.000000
-520.000000
-521.000000
-515.000000
-495.000000
-485.000000
-423.000000
-370.000000
-309.000000
-226.000000
-180.000000
-123.000000
-84.000000
-45.000000
12.000000
30.000000
32.000000
18.000000
14.000000
37.000000
88.000000
149.000000
210.000000
232.000000
227.000000
199.000000
171.000000
153.000000
158.000000
216.000000
260.000000
319.000000
394.000000
418.000000
477.000000
542.000000
557.000000
562.000000
558.000000
528.000000
529.000000
543.000000
535.000000
592.000000
607.000000
602.000000
597.000000
546.000000
503.000000
428.000000
387.000000
366.000000
305.000000
303.000000
297.000000
275.000000
279.000000
272.000000
273.000000
253.000000
239.000000
230.000000
233.000000
238.000000
225.000000
193.000000
135.000000
100.000000
84.000000
88.000000
86.000000
26.000000
-35.000000
-92.000000
-169.000000
-183.000000
-167.000000
-163.000000
-151.000000
-140.000000
-220.000000
-300.000000
-352.000000
-385.000000
-358.000000
-319.000000
-280.000000
-248.000000
-262.000000
-303.000000
-315.000000
-317.000000
-327.000000
-318.000000
-307.000000
-333.000000
-350.000000
-348.000000
-335.000000
-299.000000
-266.000000
-297.000000
-356.000000
-426.000000
-499.000000
-517.000000
-505.000000
-460.000000
-442.000000
-444.000000
-447.000000
-452.000000
-442.000000
-395.000000
-336.000000
-298.000000
-228.000000
-174.000000
-124.000000
-82.000000
-33.000000
38.000000
100.000000
157.000000
128.000000
103.000000
92.000000
57.000000
108.000000
139.000000
175.000000
148.000000
134.000000
135.000000
128.000000
187.000000
190.000000
257.000000
268.000000
256.000000
273.000000
301.000000
362.000000
397.000000
458.000000
459.000000
434.000000
412.000000
359.000000
405.000000
446.000000
511.000000
595.000000
588.000000
566.000000
450.000000
375.000000
269.000000
198.000000
189.000000
176.000000
227.000000
192.000000
238.000000
246.000000
232.000000
271.000000
193.000000
171.000000
130.000000
115.000000
116.000000
111.000000
137.000000
74.000000
99.000000
53.000000
6.000000
10.000000
-72.000000
-91.000000
-147.000000
-160.000000
-208.000000
-257.000000
-269.000000
-368.000000
-356.000000
-377.000000
-341.000000
-336.000000
-351.000000
-308.000000
-385.000000
-350.000000
-374.000000
-347.000000
-303.000000
-296.000000
-228.000000
-233.000000
-139.000000
-173.000000
-205.000000
-150.000000
-211.000000
-173.000000
-141.000000
-97.000000
-135.000000
-171.000000
-174.000000
-304.000000
-220.000000
-209.000000
-101.000000
113.000000
212.000000
263.000000
-20.000000
-314.000000
-985.000000
-1307.000000
-1051.000000
-521.000000
585.000000
1309.000000
1658.000000
1139.000000
68.000000
-986.000000
-1869.000000
-1745.000000
-957.000000
455.000000
1721.000000
2284.000000
1909.000000
573.000000
-722.000000
-1952.000000
-2155.000000
-1344.000000
-127.000000
1273.000000
1972.000000
2042.000000
1117.000000
48.000000
-1001.000000
-1735.000000
-1389.000000
-810.000000
271.000000
1236.000000
1814.000000
1718.000000
974.000000
202.000000
-841.000000
-1168.000000
-949.000000
-298.000000
689.000000
1338.000000
1759.000000
1561.000000
1151.000000
498.000000
-214.000000
-372.000000
-437.000000
94.000000
679.000000
1183.000000
1461.000000
1256.000000
1232.000000
841.000000
658.000000
410.000000
45.000000
28.000000
27.000000
379.000000
598.000000
769.000000
612.000000
98.000000
-212.000000
-634.000000
-737.000000
-727.000000
-672.000000
-462.000000
-453.000000
-391.000000
-618.000000
-793.000000
-900.000000
-960.000000
-704.000000
-637.000000
-550.000000
-770.000000
-965.000000
-995.000000
-1036.000000
-699.000000
-530.000000
-373.000000
-358.000000
-511.000000
-585.000000
-702.000000
-642.000000
-662.000000
-533.000000
-448.000000
-512.000000
-440.000000
-587.000000
-635.000000
-694.000000
-722.000000
-664.000000
-670.000000
-601.000000
-671.000000
-586.000000
-521.000000
-436.000000
-270.000000
-247.000000
-131.000000
-191.000000
-124.000000
-54.000000
-25.000000
136.000000
216.000000
442.000000
610.000000
806.000000
930.000000
977.000000
1044.000000
1010.000000
1105.000000
1125.000000
1167.000000
1316.000000
1485.000000
1793.000000
1971.000000
2018.000000
1975.000000
1821.000000
1731.000000
1708.000000
1734.000000
1695.000000
1657.000000
1597.000000
1559.000000
1592.000000
1634.000000
1886.000000
2241.000000
2509.000000
2353.000000
1499.000000
13.000000
-1601.000000
-2600.000000
-2644.000000
-1802.000000
-697.000000
50.000000
109.000000
-495.000000
-1459.000000
-2465.000000
-3283.000000
-3764.000000
-3875.000000
-3753.000000
-3505.000000
-3270.000000
-2965.000000
-2476.000000
-1808.000000
-1129.000000
-748.000000
-808.000000
-1145.000000
-1444.000000
-1418.000000
-987.000000
-361.000000
298.000000
850.000000
1286.000000
1687.000000
1945.000000
1966.000000
1675.000000
1141.000000
519.000000
-48.000000
-334.000000
-394.000000
-172.000000
152.000000
235.000000
46.000000
-591.000000
-1488.000000
-2347.000000
-3015.000000
-3366.000000
-3464.000000
-3384.000000
-3087.000000
-2574.000000
-2018.000000
-1414.000000
-1056.000000
-1004.000000
-1100.000000
-1285.000000
-1225.000000
-827.000000
-30.000000
1061.000000
2208.000000
3149.000000
3736.000000
4028.000000
4070.000000
4101.000000
4093.000000
4097.000000
4143.000000
4134.000000
4207.000000
4299.000000
4412.000000
4519.000000
4592.000000
4574.000000
4378.000000
4069.000000
3474.000000
2827.000000
2227.000000
1557.000000
1080.000000
596.000000
293.000000
147.000000
92.000000
133.000000
30.000000
57.000000
170.000000
474.000000
684.000000
318.000000
-847.000000
-2561.000000
-3980.000000
-4725.000000
-4307.000000
-3160.000000
-2070.000000
-1093.000000
-878.000000
-1199.000000
-1798.000000
-2731.000000
-3389.000000
-3678.000000
-3752.000000
-3828.000000
-3897.000000
-4026.000000
-3782.000000
-2836.000000
-1840.000000
-803.000000
-321.000000
-607.000000
-936.000000
-1250.000000
-1313.000000
-991.000000
-584.000000
-212.000000
277.000000
681.000000
988.000000
1433.000000
1587.000000
1541.000000
1403.000000
800.000000
181.000000
-385.000000
-828.000000
-886.000000
-836.000000
-851.000000
-999.000000
-1206.000000
-1589.000000
-1837.000000
-2122.000000
-2579.000000
-2904.000000
-3366.000000
-3626.000000
-3496.000000
-3199.000000
-2557.000000
-1766.000000
-1144.000000
-703.000000
-485.000000
-492.000000
-306.000000
159.000000
721.000000
1591.000000
2290.000000
2841.000000
3503.000000
3934.000000
4385.000000
4703.000000
4779.000000
4776.000000
4719.000000
4580.000000
4396.000000
4257.000000
4044.000000
3964.000000
3863.000000
3606.000000
3284.000000
2775.000000
2307.000000
1884.000000
1499.000000
1176.000000
903.000000
771.000000
704.000000
706.000000
663.000000
573.000000
424.000000
304.000000
311.000000
322.000000
479.000000
585.000000
643.000000
874.000000
1157.000000
1464.000000
1665.000000
1195.000000
33.000000
-1172.000000
-2309.000000
-2816.000000
-2489.000000
-2263.000000
-1836.000000
-1575.000000
-1815.000000
-1997.000000
-2411.000000
-3075.000000
-3513.000000
-3993.000000
-4738.000000
-5177.000000
-5590.000000
-5682.000000
-4739.000000
-3756.000000
-2631.000000
-1416.000000
-963.000000
-549.000000
-154.000000
-180.000000
-33.000000
225.000000
144.000000
406.000000
877.000000
1113.000000
1994.000000
2698.000000
2887.000000
3068.000000
2581.000000
1974.000000
1616.000000
968.000000
230.000000
-485.000000
-1489.000000
-2258.000000
-2586.000000
-2987.000000
-3095.000000
-3172.000000
-3595.000000
-3755.000000
-4023.000000
-4374.000000
-4276.000000
-4157.000000
-3962.000000
-3513.000000
-3180.000000
-2878.000000
-2221.000000
-1530.000000
-675.000000
542.000000
1421.000000
2223.000000
2916.000000
3262.000000
3725.000000
4229.000000
4608.000000
4903.000000
5110.000000
5153.000000
5327.000000
5567.000000
5548.000000
5487.000000
5130.000000
4513.000000
3912.000000
3099.000000
2321.000000
1672.000000
1163.000000
763.000000
465.000000
129.000000
-225.000000
-241.000000
-174.000000
65.000000
312.000000
273.000000
240.000000
157.000000
215.000000
356.000000
540.000000
786.000000
995.000000
1378.000000
1771.000000
2201.000000
2807.000000
3504.000000
4091.000000
4245.000000
3616.000000
1939.000000
227.000000
-1238.000000
-2191.000000
-2283.000000
-2512.000000
-2701.000000
-2603.000000
-2774.000000
-2701.000000
-2688.000000
-3064.000000
-3421.000000
-3876.000000
-4932.000000
-5868.000000
-6587.000000
-6986.000000
-6191.000000
-5171.000000
-4133.000000
-2750.000000
-1768.000000
-683.000000
578.000000
1273.000000
1806.000000
2230.000000
2000.000000
1786.000000
1659.000000
1377.000000
1786.000000
2297.000000
2467.000000
2769.000000
2612.000000
2340.000000
2283.000000
1779.000000
964.000000
-56.000000
-1548.000000
-2985.000000
-4107.000000
-5160.000000
-5655.000000
-5834.000000
-6051.000000
-5967.000000
-5910.000000
-5718.000000
-5115.000000
-4559.000000
-4120.000000
-3721.000000
-3491.000000
-3217.000000
-2640.000000
-2008.000000
-1111.000000
110.000000
1327.000000
2688.000000
3966.000000
5017.000000
5983.000000
6643.000000
7004.000000
6977.000000
6654.000000
6311.000000
6086.000000
5938.000000
5780.000000
5467.000000
5032.000000
4691.000000
4281.000000
3881.000000
3381.000000
2577.000000
1683.000000
688.000000
-384.000000
-1224.000000
-1816.000000
-2050.000000
-1884.000000
-1637.000000
-1341.000000
-916.000000
-484.000000
64.000000
652.000000
893.000000
1006.000000
1002.000000
943.000000
1161.000000
1486.000000
1887.000000
2441.000000
2990.000000
3504.000000
4181.000000
4667.000000
4846.000000
4381.000000
2954.000000
1295.000000
-401.000000
-1797.000000
-2587.000000
-3400.000000
-3855.000000
-3947.000000
-3967.000000
-3722.000000
-3460.000000
-3512.000000
-3476.000000
-3768.000000
-4627.000000
-5433.000000
-6251.000000
-6687.000000
-6374.000000
-6129.000000
-5509.000000
-4473.000000
-3330.000000
-1688.000000
-19.000000
1252.000000
2454.000000
3085.000000
2933.000000
2711.000000
2138.000000
1602.000000
1518.000000
1049.000000
648.000000
606.000000
568.000000
980.000000
1507.000000
1501.000000
1434.000000
946.000000
-208.000000
-1346.000000
-2721.000000
-4028.000000
-4792.000000
-5704.000000
-6448.000000
-6595.000000
-6443.000000
-5544.000000
-4209.000000
-3119.000000
-2074.000000
-1238.000000
-790.000000
-268.000000
130.000000
387.000000
806.000000
1125.000000
1443.000000
2112.000000
3029.000000
4215.000000
5522.000000
6498.000000
7044.000000
7325.000000
7281.000000
6980.000000
6533.000000
5794.000000
4786.000000
3761.000000
2695.000000
1827.000000
1419.000000
1241.000000
1220.000000
1140.000000
748.000000
169.000000
-350.000000
-861.000000
-1264.000000
-1575.000000
-2004.000000
-2287.000000
-2309.000000
-2105.000000
-1501.000000
-674.000000
102.000000
889.000000
1554.000000
2019.000000
2440.000000
2778.000000
2931.000000
3087.000000
3136.000000
2964.000000
2884.000000
2977.000000
3287.000000
3757.000000
3843.000000
3007.000000
1716.000000
367.000000
-886.000000
-1693.000000
-2524.000000
-3663.000000
-4350.000000
-5030.000000
-5529.000000
-5478.000000
-5454.000000
-5100.000000
-4407.000000
-4408.000000
-4557.000000
-4683.000000
-4964.000000
-4787.000000
-4531.000000
-4680.000000
-4196.000000
-3467.000000
-2687.000000
-1296.000000
-60.000000
1266.000000
2921.000000
3818.000000
4097.000000
4230.000000
3957.000000
3795.000000
3560.000000
2531.000000
1593.000000
945.000000
348.000000
320.000000
314.000000
194.000000
342.000000
98.000000
-645.000000
-1391.000000
-2251.000000
-2979.000000
-3570.000000
-4625.000000
-5698.000000
-6339.000000
-6592.000000
-6269.000000
-5685.000000
-4884.000000
-3765.000000
-2457.000000
-1326.000000
-411.000000
454.000000
1164.000000
1771.000000
2177.000000
2218.000000
2359.000000
2756.000000
3248.000000
3936.000000
4606.000000
5074.000000
5670.000000
6120.000000
6191.000000
6259.000000
5987.000000
5402.000000
4741.000000
3701.000000
2691.000000
1916.000000
1127.000000
477.000000
-56.000000
-568.000000
-814.000000
-886.000000
-984.000000
-925.000000
-901.000000
-931.000000
-910.000000
-1031.000000
-1037.000000
-872.000000
-693.000000
-462.000000
-209.000000
148.000000
703.000000
1321.000000
1845.000000
2280.000000
2680.000000
3092.000000
3415.000000
3635.000000
3908.000000
4045.000000
4039.000000
3658.000000
2413.000000
1144.000000
-9.000000
-1030.000000
-1573.000000
-2316.000000
-3143.000000
-3406.000000
-3767.000000
-3935.000000
-3832.000000
-3820.000000
-3588.000000
-3285.000000
-3737.000000
-4147.000000
-4418.000000
-4710.000000
-4471.000000
-4452.000000
-4593.000000
-4068.000000
-3477.000000
-2637.000000
-1479.000000
-408.000000
933.000000
2316.000000
2910.000000
3080.000000
3238.000000
3173.000000
3243.000000
2910.000000
2011.000000
1379.000000
894.000000
504.000000
281.000000
-22.000000
-157.000000
-116.000000
-332.000000
-860.000000
-1394.000000
-1962.000000
-2391.000000
-2964.000000
-3882.000000
-4655.000000
-5268.000000
-5663.000000
-5728.000000
-5577.000000
-4975.000000
-4021.000000
-2988.000000
-2017.000000
-1005.000000
20.000000
1004.000000
1808.000000
2274.000000
2656.000000
3018.000000
3300.000000
3534.000000
3693.000000
3949.000000
4271.000000
4581.000000
4768.000000
4946.000000
5145.000000
5229.000000
5148.000000
4702.000000
4100.000000
3421.000000
2577.000000
1717.000000
814.000000
10.000000
-578.000000
-1076.000000
-1438.000000
-1592.000000
-1598.000000
-1473.000000
-1275.000000
-1191.000000
-1008.000000
-736.000000
-526.000000
-211.000000
-42.000000
103.000000
437.000000
635.000000
847.000000
1157.000000
1432.000000
1953.000000
2594.000000
2966.000000
3364.000000
3802.000000
4136.000000
4527.000000
4414.000000
3414.000000
2247.000000
908.000000
-346.000000
-1229.000000
-2281.000000
-3329.000000
-3766.000000
-4208.000000
-4346.000000
-4156.000000
-3931.000000
-3368.000000
-2657.000000
-2695.000000
-2888.000000
-3175.000000
-3576.000000
-3711.000000
-3982.000000
-4433.000000
-4310.000000
-4042.000000
-3654.000000
-2871.000000
-1910.000000
-433.000000
1304.000000
2433.000000
3102.000000
3656.000000
3983.000000
4262.000000
3989.000000
3113.000000
2293.000000
1467.000000
545.000000
-184.000000
-811.000000
-1003.000000
-884.000000
-1028.000000
-1278.000000
-1332.000000
-1364.000000
-1296.000000
-1651.000000
-2455.000000
-3128.000000
-3830.000000
-4537.000000
-5080.000000
-5493.000000
-5300.000000
-4642.000000
-4048.000000
-3275.000000
-2328.000000
-1188.000000
138.000000
1195.000000
2008.000000
2865.000000
3482.000000
3890.000000
4055.000000
3968.000000
4021.000000
4007.000000
3767.000000
3623.000000
3619.000000
3842.000000
4188.000000
4234.000000
4120.000000
4046.000000
3793.000000
3378.000000
2763.000000
1924.000000
1151.000000
364.000000
-629.000000
-1525.000000
-2121.000000
-2424.000000
-2356.000000
-2227.000000
-2067.000000
-1601.000000
-1010.000000
-451.000000
73.000000
403.000000
675.000000
917.000000
965.000000
917.000000
1004.000000
1169.000000
1454.000000
1863.000000
2230.000000
2699.000000
3370.000000
3960.000000
4423.000000
4601.000000
4073.000000
3168.000000
2114.000000
908.000000
-149.000000
-1176.000000
-2465.000000
-3331.000000
-3960.000000
-4408.000000
-4436.000000
-4306.000000
-4040.000000
-3374.000000
-3111.000000
-3118.000000
-3115.000000
-3204.000000
-3240.000000
-3248.000000
-3692.000000
-3950.000000
-3907.000000
-3766.000000
-3310.000000
-2598.000000
-1626.000000
-314.000000
866.000000
1756.000000
2681.000000
3594.000000
4295.000000
4539.000000
4166.000000
3470.000000
2787.000000
1933.000000
1018.000000
146.000000
-437.000000
-822.000000
-1222.000000
-1699.000000
-1996.000000
-1929.000000
-1752.000000
-1840.000000
-2177.000000
-2562.000000
-2880.000000
-3170.000000
-3570.000000
-3967.000000
-4070.000000
-4058.000000
-4059.000000
-3895.000000
-3478.000000
-2574.000000
-1384.000000
-331.000000
716.000000
1767.000000
2721.000000
3514.000000
3963.000000
4199.000000
4503.000000
4605.000000
4402.000000
4100.000000
3850.000000
3798.000000
3876.000000
3655.000000
3411.000000
3322.000000
3243.000000
3085.000000
2737.000000
2203.000000
1721.000000
1244.000000
523.000000
-246.000000
-895.000000
-1428.000000
-1724.000000
-2001.000000
-2222.000000
-2069.000000
-1736.000000
-1262.000000
-778.000000
-378.000000
74.000000
532.000000
816.000000
1056.000000
1293.000000
1490.000000
1691.000000
1859.000000
2041.000000
2336.000000
2633.000000
2922.000000
3178.000000
3348.000000
3336.000000
2858.000000
2101.000000
1302.000000
533.000000
-143.000000
-993.000000
-2082.000000
-2887.000000
-3413.000000
-3814.000000
-4007.000000
-4202.000000
-4214.000000
-3911.000000
-3779.000000
-3760.000000
-3573.000000
-3373.000000
-3091.000000
-2936.000000
-3119.000000
-3203.000000
-3045.000000
-2899.000000
-2552.000000
-2029.000000
-1319.000000
-327.000000
514.000000
1171.000000
1996.000000
2839.000000
3500.000000
3759.000000
3472.000000
3054.000000
2698.000000
2125.000000
1459.000000
716.000000
-4.000000
-541.000000
-1133.000000
-1721.000000
-2000.000000
-2040.000000
-1999.000000
-2011.000000
-2177.000000
-2294.000000
-2325.000000
-2510.000000
-2767.000000
-3009.000000
-3161.000000
-3196.000000
-3171.000000
-3033.000000
-2624.000000
-1949.000000
-1271.000000
-605.000000
156.000000
1001.000000
1967.000000
2827.000000
3405.000000
3997.000000
4472.000000
4695.000000
4713.000000
4558.000000
4350.000000
4235.000000
3931.000000
3433.000000
3066.000000
2801.000000
2577.000000
2362.000000
1922.000000
1513.000000
1271.000000
962.000000
608.000000
203.000000
-210.000000
-562.000000
-914.000000
-1372.000000
-1631.000000
-1669.000000
-1617.000000
-1461.000000
-1326.000000
-1156.000000
-698.000000
-220.000000
231.000000
745.000000
1171.000000
1534.000000
1825.000000
1899.000000
1943.000000
2133.000000
2208.000000
2302.000000
2468.000000
2566.000000
2687.000000
2560.000000
2038.000000
1566.000000
1057.000000
400.000000
-373.000000
-1339.000000
-2282.000000
-2861.000000
-3483.000000
-4023.000000
-4189.000000
-4223.000000
-3932.000000
-3654.000000
-3695.000000
-3522.000000
-3181.000000
-3000.000000
-2862.000000
-3001.000000
-3146.000000
-2891.000000
-2667.000000
-2508.000000
-2048.000000
-1536.000000
-710.000000
99.000000
605.000000
1331.000000
2227.000000
2907.000000
3348.000000
3310.000000
3026.000000
2845.000000
2411.000000
1705.000000
1120.000000
503.000000
64.000000
-332.000000
-971.000000
-1332.000000
-1406.000000
-1512.000000
-1640.000000
-1948.000000
-2309.000000
-2373.000000
-2473.000000
-2678.000000
-2719.000000
-2773.000000
-2735.000000
-2637.000000
-2709.000000
-2550.000000
-2137.000000
-1685.000000
-1113.000000
-491.000000
243.000000
1177.000000
2029.000000
2696.000000
3309.000000
3834.000000
4207.000000
4406.000000
4367.000000
4298.000000
4213.000000
3958.000000
3536.000000
3071.000000
2679.000000
2367.000000
2082.000000
1718.000000
1413.000000
1229.000000
1071.000000
854.000000
605.000000
321.000000
56.000000
-237.000000
-629.000000
-968.000000
-1143.000000
-1251.000000
-1289.000000
-1286.000000
-1189.000000
-850.000000
-432.000000
-32.000000
383.000000
783.000000
1142.000000
1467.000000
1629.000000
1777.000000
2023.000000
2205.000000
2333.000000
2451.000000
2457.000000
2532.000000
2446.000000
2033.000000
1548.000000
996.000000
363.000000
-250.000000
-1012.000000
-1800.000000
-2327.000000
-2815.000000
-3237.000000
-3471.000000
-3640.000000
-3608.000000
-3469.000000
-3500.000000
-3398.000000
-3189.000000
-2999.000000
-2846.000000
-2845.000000
-2912.000000
-2779.000000
-2658.000000
-2557.000000
-2318.000000
-1943.000000
-1330.000000
-620.000000
-48.000000
577.000000
1281.000000
1876.000000
2284.000000
2386.000000
2299.000000
2253.000000
2086.000000
1761.000000
1391.000000
973.000000
589.000000
135.000000
-477.000000
-952.000000
-1221.000000
-1389.000000
-1495.000000
-1696.000000
-1830.000000
-1804.000000
-1860.000000
-2029.000000
-2234.000000
-2429.000000
-2480.000000
-2452.000000
-2431.000000
-2207.000000
-1848.000000
-1465.000000
-1029.000000
-561.000000
14.000000
745.000000
1431.000000
1982.000000
2503.000000
2965.000000
3344.000000
3619.000000
3732.000000
3798.000000
3829.000000
3683.000000
3396.000000
3100.000000
2837.000000
2657.000000
2456.000000
2132.000000
1896.000000
1736.000000
1559.000000
1355.000000
1030.000000
713.000000
474.000000
189.000000
-152.000000
-420.000000
-622.000000
-758.000000
-844.000000
-997.000000
-1002.000000
-830.000000
-620.000000
-395.000000
-155.000000
142.000000
547.000000
897.000000
1132.000000
1343.000000
1575.000000
1800.000000
1967.000000
1985.000000
2012.000000
2065.000000
1994.000000
1780.000000
1343.000000
906.000000
572.000000
196.000000
-295.000000
-890.000000
-1505.000000
-2014.000000
-2476.000000
-2855.000000
-3064.000000
-3068.000000
-2989.000000
-2975.000000
-3070.000000
-3024.000000
-2866.000000
-2748.000000
-2730.000000
-2892.000000
-2938.000000
-2810.000000
-2701.000000
-2541.000000
-2268.000000
-1878.000000
-1322.000000
-857.000000
-465.000000
108.000000
768.000000
1341.000000
1777.000000
1924.000000
1976.000000
1989.000000
1735.000000
1332.000000
937.000000
510.000000
150.000000
-218.000000
-650.000000
-838.000000
-852.000000
-933.000000
-1081.000000
-1362.000000
-1634.000000
-1716.000000
-1851.000000
-1976.000000
-2024.000000
-2017.000000
-1958.000000
-1877.000000
-1796.000000
-1578.000000
-1292.000000
-1011.000000
-689.000000
-321.000000
175.000000
758.000000
1275.000000
1758.000000
2186.000000
2567.000000
2975.000000
3301.000000
3568.000000
3756.000000
3769.000000
3650.000000
3454.000000
3223.000000
3027.000000
2802.000000
2487.000000
2150.000000
1872.000000
1630.000000
1465.000000
1260.000000
1057.000000
886.000000
663.000000
390.000000
75.000000
-264.000000
-508.000000
-706.000000
-903.000000
-1017.000000
-1004.000000
-867.000000
-587.000000
-331.000000
-96.000000
208.000000
530.000000
861.000000
1114.000000
1206.000000
1281.000000
1357.000000
1369.000000
1424.000000
1481.000000
1544.000000
1614.000000
1501.000000
1228.000000
954.000000
564.000000
133.000000
-350.000000
-934.000000
-1416.000000
-1814.000000
-2227.000000
-2472.000000
-2598.000000
-2664.000000
-2670.000000
-2767.000000
-2855.000000
-2777.000000
-2728.000000
-2750.000000
-2800.000000
-2923.000000
-2880.000000
-2785.000000
-2738.000000
-2558.000000
-2239.000000
-1804.000000
-1276.000000
-825.000000
-348.000000
246.000000
717.000000
1013.000000
1131.000000
1097.000000
1132.000000
1106.000000
948.000000
824.000000
662.000000
449.000000
207.000000
-156.000000
-441.000000
-551.000000
-702.000000
-891.000000
-1099.000000
-1274.000000
-1318.000000
-1335.000000
-1429.000000
-1470.000000
-1472.000000
-1433.000000
-1361.000000
-1302.000000
-1179.000000
-980.000000
-766.000000
-564.000000
-361.000000
-109.000000
274.000000
756.000000
1247.000000
1742.000000
2178.000000
2581.000000
2949.000000
3237.000000
3451.000000
3527.000000
3476.000000
3351.000000
3143.000000
2923.000000
2690.000000
2424.000000
2173.000000
1949.000000
1726.000000
1561.000000
1409.000000
1207.000000
1057.000000
855.000000
598.000000
363.000000
87.000000
-116.000000
-237.000000
-397.000000
-522.000000
-580.000000
-564.000000
-420.000000
-271.000000
-206.000000
-120.000000
6.000000
141.000000
322.000000
445.000000
617.000000
884.000000
1054.000000
1142.000000
1218.000000
1215.000000
1221.000000
1135.000000
863.000000
633.000000
436.000000
125.000000
-203.000000
-644.000000
-1077.000000
-1369.000000
-1735.000000
-2120.000000
-2339.000000
-2456.000000
-2453.000000
-2457.000000
-2580.000000
-2605.000000
-2548.000000
-2559.000000
-2616.000000
-2711.000000
-2745.000000
-2590.000000
-2437.000000
-2301.000000
-2079.000000
-1823.000000
-1512.000000
-1227.000000
-1001.000000
-661.000000
-232.000000
116.000000
346.000000
488.000000
597.000000
715.000000
705.000000
563.000000
408.000000
236.000000
86.000000
-68.000000
-225.000000
-284.000000
-316.000000
-385.000000
-499.000000
-636.000000
-724.000000
-760.000000
-830.000000
-906.000000
-956.000000
-992.000000
-1001.000000
-990.000000
-963.000000
-840.000000
-633.000000
-373.000000
-102.000000
197.000000
564.000000
1001.000000
1447.000000
1828.000000
2121.000000
2371.000000
2582.000000
2746.000000
2850.000000
2919.000000
2965.000000
2980.000000
2930.000000
2767.000000
2578.000000
2403.000000
2217.000000
1999.000000
1761.000000
1560.000000
1426.000000
1296.000000
1120.000000
941.000000
775.000000
615.000000
450.000000
250.000000
118.000000
13.000000
-149.000000
-339.000000
-510.000000
-583.000000
-503.000000
-443.000000
-386.000000
-253.000000
-54.000000
183.000000
404.000000
573.000000
734.000000
855.000000
890.000000
909.000000
962.000000
1013.000000
995.000000
848.000000
621.000000
406.000000
109.000000
-251.000000
-663.000000
-1046.000000
-1331.000000
-1595.000000
-1899.000000
-2114.000000
-2209.000000
-2240.000000
-2265.000000
-2353.000000
-2425.000000
-2350.000000
-2301.000000
-2302.000000
-2320.000000
-2356.000000
-2336.000000
-2330.000000
-2404.000000
-2375.000000
-2187.000000
-1929.000000
-1630.000000
-1361.000000
-1053.000000
-638.000000
-291.000000
-83.000000
65.000000
176.000000
290.000000
346.000000
348.000000
338.000000
335.000000
292.000000
148.000000
-19.000000
-152.000000
-228.000000
-270.000000
-337.000000
-444.000000
-522.000000
-568.000000
-626.000000
-668.000000
-704.000000
-731.000000
-658.000000
-564.000000
-448.000000
-285.000000
-119.000000
81.000000
310.000000
516.000000
757.000000
1033.000000
1312.000000
1581.000000
1829.000000
2067.000000
2302.000000
2471.000000
2568.000000
2597.000000
2568.000000
2516.000000
2396.000000
2244.000000
2131.000000
2024.000000
1942.000000
1849.000000
1676.000000
1554.000000
1464.000000
1337.000000
1237.000000
1126.000000
1015.000000
929.000000
689.000000
390.000000
151.000000
-55.000000
-195.000000
-296.000000
-385.000000
-337.000000
-213.000000
-110.000000
2.000000
97.000000
156.000000
270.000000
333.000000
417.000000
570.000000
630.000000
673.000000
676.000000
635.000000
614.000000
523.000000
286.000000
58.000000
-165.000000
-408.000000
-656.000000
-981.000000
-1268.000000
-1418.000000
-1601.000000
-1763.000000
-1885.000000
-1938.000000
-1886.000000
-1863.000000
-1908.000000
-1874.000000
-1839.000000
-1868.000000
-1953.000000
-2116.000000
-2205.000000
-2156.000000
-2126.000000
-2101.000000
-2032.000000
-1923.000000
-1719.000000
-1514.000000
-1351.000000
-1150.000000
-868.000000
-581.000000
-300.000000
-73.000000
112.000000
247.000000
289.000000
271.000000
226.000000
186.000000
155.000000
98.000000
16.000000
-73.000000
-154.000000
-220.000000
-288.000000
-358.000000
-404.000000
-376.000000
-303.000000
-198.000000
-100.000000
7.000000
113.000000
215.000000
285.000000
345.000000
406.000000
476.000000
585.000000
713.000000
864.000000
1061.000000
1266.000000
1441.000000
1579.000000
1666.000000
1735.000000
1801.000000
1825.000000
1840.000000
1880.000000
1891.000000
1887.000000
1859.000000
1794.000000
1756.000000
1688.000000
1571.000000
1481.000000
1398.000000
1368.000000
1319.000000
1174.000000
972.000000
809.000000
656.000000
483.000000
327.000000
190.000000
140.000000
131.000000
65.000000
1.000000
-11.000000
2.000000
25.000000
52.000000
88.000000
153.000000
220.000000
222.000000
203.000000
216.000000
213.000000
195.000000
136.000000
44.000000
-26.000000
-121.000000
-280.000000
-451.000000
-568.000000
-691.000000
-809.000000
-967.000000
-1119.000000
-1158.000000
-1181.000000
-1224.000000
-1236.000000
-1249.000000
-1281.000000
-1344.000000
-1477.000000
-1562.000000
-1553.000000
-1593.000000
-1663.000000
-1751.000000
-1827.000000
-1812.000000
-1816.000000
-1852.000000
-1826.000000
-1738.000000
-1584.000000
-1381.000000
-1185.000000
-949.000000
-686.000000
-487.000000
-363.000000
-265.000000
-186.000000
-72.000000
4.000000
7.000000
-12.000000
-73.000000
-146.000000
-189.000000
-236.000000
-298.000000
-324.000000
-325.000000
-254.000000
-117.000000
-20.000000
60.000000
156.000000
214.000000
264.000000
292.000000
317.000000
377.000000
467.000000
547.000000
627.000000
719.000000
812.000000
883.000000
926.000000
966.000000
999.000000
1037.000000
1104.000000
1203.000000
1355.000000
1511.000000
1617.000000
1686.000000
1729.000000
1736.000000
1722.000000
1698.000000
1689.000000
1683.000000
1630.000000
1515.000000
1346.000000
1171.000000
1049.000000
959.000000
844.000000
753.000000
700.000000
655.000000
629.000000
553.000000
458.000000
385.000000
285.000000
192.000000
163.000000
189.000000
223.000000
229.000000
196.000000
173.000000
142.000000
65.000000
-31.000000
-140.000000
-215.000000
-261.000000
-343.000000
-416.000000
-455.000000
-473.000000
-496.000000
-552.000000
-638.000000
-656.000000
-663.000000
-709.000000
-754.000000
-789.000000
-834.000000
-920.000000
-1067.000000
-1202.000000
-1265.000000
-1303.000000
-1348.000000
-1403.000000
-1447.000000
-1454.000000
-1471.000000
-1523.000000
-1576.000000
-1608.000000
-1607.000000
-1567.000000
-1505.000000
-1368.000000
-1182.000000
-1046.000000
-946.000000
-885.000000
-820.000000
-712.000000
-638.000000
-594.000000
-558.000000
-528.000000
-496.000000
-445.000000
-421.000000
-412.000000
-421.000000
-434.000000
-348.000000
-195.000000
-55.000000
91.000000
169.000000
240.000000
310.000000
316.000000
337.000000
408.000000
473.000000
548.000000
641.000000
719.000000
834.000000
940.000000
981.000000
994.000000
977.000000
952.000000
966.000000
1009.000000
1059.000000
1121.000000
1169.000000
1202.000000
1251.000000
1279.000000
1306.000000
1310.000000
1333.000000
1400.000000
1447.000000
1420.000000
1319.000000
1190.000000
1077.000000
966.000000
823.000000
694.000000
641.000000
633.000000
668.000000
676.000000
668.000000
691.000000
684.000000
658.000000
633.000000
598.000000
600.000000
588.000000
540.000000
510.000000
468.000000
368.000000
244.000000
88.000000
-49.000000
-141.000000
-261.000000
-375.000000
-473.000000
-551.000000
-608.000000
-673.000000
-754.000000
-794.000000
-792.000000
-785.000000
-789.000000
-790.000000
-782.000000
-782.000000
-842.000000
-920.000000
-1003.000000
-1060.000000
-1122.000000
-1206.000000
-1263.000000
-1288.000000
-1304.000000
-1321.000000
-1346.000000
-1367.000000
-1344.000000
-1297.000000
-1225.000000
-1105.000000
-980.000000
-868.000000
-792.000000
-783.000000
-779.000000
-771.000000
-771.000000
-766.000000
-779.000000
-814.000000
-819.000000
-822.000000
-810.000000
-784.000000
-799.000000
-808.000000
-751.000000
-643.000000
-479.000000
-296.000000
-149.000000
10.000000
146.000000
242.000000
305.000000
362.000000
401.000000
448.000000
506.000000
572.000000
698.000000
813.000000
890.000000
932.000000
923.000000
913.000000
948.000000
1014.000000
1102.000000
1185.000000
1219.000000
1244.000000
1270.000000
1257.000000
1228.000000
1182.000000
1143.000000
1160.000000
1190.000000
1187.000000
1170.000000
1131.000000
1082.000000
1025.000000
915.000000
811.000000
761.000000
743.000000
716.000000
685.000000
661.000000
667.000000
685.000000
678.000000
669.000000
694.000000
741.000000
782.000000
794.000000
793.000000
786.000000
750.000000
649.000000
505.000000
376.000000
269.000000
154.000000
17.000000
-122.000000
-238.000000
-315.000000
-409.000000
-517.000000
-610.000000
-688.000000
-727.000000
-762.000000
-811.000000
-829.000000
-845.000000
-898.000000
-970.000000
-1060.000000
-1133.000000
-1162.000000
-1211.000000
-1275.000000
-1317.000000
-1378.000000
-1422.000000
-1449.000000
-1482.000000
-1478.000000
-1462.000000
-1428.000000
-1321.000000
-1188.000000
-1026.000000
-886.000000
-850.000000
-835.000000
-801.000000
-758.000000
-684.000000
-635.000000
-631.000000
-610.000000
-613.000000
-650.000000
-670.000000
-716.000000
-781.000000
-797.000000
-783.000000
-705.000000
-559.000000
-430.000000
-290.000000
-169.000000
-85.000000
1.000000
71.000000
149.000000
245.000000
347.000000
437.000000
544.000000
633.000000
707.000000
761.000000
747.000000
733.000000
734.000000
769.000000
861.000000
972.000000
1080.000000
1202.000000
1321.000000
1419.000000
1475.000000
1473.000000
1453.000000
1439.000000
1433.000000
1435.000000
1407.000000
1341.000000
1241.000000
1105.000000
967.000000
867.000000
772.000000
718.000000
700.000000
702.000000
696.000000
703.000000
688.000000
665.000000
662.000000
639.000000
622.000000
599.000000
