0
0
0
0
0
1
0
0
0
0
0
0
0
1
0
0
-1
0
0
0
-1
-1
0
0
1
0
-1
0
0
0
0
0
0
-1
-1
0
0
-1
1
0
1
0
0
0
0
0
0
1
0
0
0
0
0
0
0
0
0
1
-1
-1
0
0
0
0
0
0
0
0
0
0
0
0
0
0
0
-1
0
0
-1
0
0
-1
0
0
0
0
0
0
0
0
1
0
0
0
1
0
0
-1
-1
0
0
0
1
-1
0
0
0
-1
1
0
0
0
0
-1
0
0
0
0
0
0
0
0
0
0
0
-1
0
0
0
0
0
0
0
0
0
0
1
-1
0
0
-1
1
0
0
0
0
0
0
0
0
0
0
0
0
0
0
-1
0
0
0
0
0
0
0
-1
0
0
0
-1
0
0
-1
0
0
0
0
0
0
1
1
0
0
0
0
0
0
0
0
0
0
0
1
0
0
0
0
-1
0
0
0
1
0
0
0
0
0
1
1
0
0
0
0
0
-1
0
-1
1
0
1
0
0
1
0
0
1
0
0
0
1
-1
-1
1
0
0
0
-1
0
0
0
0
0
0
0
0
0
-1
0
0
0
-1
0
0
1
1
-1
0
0
0
0
0
0
0
0
0
-1
1
0
0
1
0
0
0
0
1
0
1
0
0
0
-1
1
0
0
-1
0
0
0
0
0
-1
0
-1
1
0
0
1
0
0
0
0
0
0
1
0
-1
0
0
0
1
0
1
0
-1
0
0
-1
0
0
1
1
0
0
0
-1
-1
0
0
0
-1
0
0
1
0
1
0
-1
0
0
0
1
0
0
0
0
0
0
0
0
0
0
0
0
1
0
0
0
0
0
0
0
0
0
1
-1
0
-1
0
0
0
0
0
-1
0
0
0
1
0
0
0
0
0
0
0
0
0
0
1
1
-1
0
0
0
0
0
0
0
-1
0
0
0
0
0
-1
-1
0
0
0
0
0
-1
0
-1
0
0
0
0
-1
0
-1
0
0
0
0
0
0
0
0
0
0
1
0
1
0
0
0
0
0
0
1
0
0
-1
0
0
1
0
0
0
1
1
0
0
0
0
0
0
0
0
1
0
1
0
0
-1
0
0
0
-1
-1
0
0
0
0
0
0
0
0
0
-1
0
0
0
0
0
0
0
0
0
0
0
1
1
1
1
-1
0
0
0
0
0
0
1
0
0
0
0
0
0
0
1
0
-1
0
0
0
0
0
0
0
0
-1
0
0
0
0
1
0
0
0
0
0
-1
1
1
0
0
0
0
1
0
0
0
0
0
0
0
0
0
0
0
0
1
0
0
0
0
0
-1
1
0
0
0
0
0
0
0
0
0
0
0
0
-1
0
0
0
0
-1
0
0
0
0
0
0
-1
0
0
-1
0
0
0
-1
1
0
0
0
0
0
0
0
0
0
0
0
0
0
-1
0
0
0
0
0
0
0
0
0
0
0
1
0
0
0
0
0
0
0
0
0
0
0
1
0
0
0
0
0
0
0
0
0
-1
0
0
1
0
0
0
0
0
0
0
1
0
0
0
0
0
0
-1
0
1
0
0
0
0
0
0
0
0
-1
0
0
0
0
0
0
0
0
1
0
-1
0
1
0
0
-1
0
0
0
0
-1
0
0
0
0
1
0
0
0
0
0
0
0
0
-1
0
0
0
0
0
0
0
0
0
1
0
0
0
0
0
1
0
0
1
0
1
-1
0
0
1
0
0
0
0
0
0
0
-1
-1
0
0
0
0
0
0
0
0
0
0
-1
0
-1
0
0
0
0
0
0
-1
0
0
0
0
1
0
0
0
0
0
0
0
0
0
0
0
0
1
1
0
-1
0
0
0
0
0
0
0
0
0
0
0
0
0
0
0
0
0
0
0
0
0
0
1
0
0
0
0
0
0
0
-1
-1
0
0
0
0
0
-1
-1
0
0
0
-1
1
0
0
-1
0
0
0
0
0
0
0
0
0
0
0
0
0
0
0
0
1
0
0
-1
0
0
0
0
0
1
1
0
0
-1
-1
0
0
0
0
-1
0
0
1
0
0
1
0
0
1
0
1
0
0
0
0
0
0
-1
0
0
0
0
0
0
1
0
0
0
0
0
0
-1
-1
0
-1
0
0
0
0
0
0
0
0
0
0
0
0
-1
0
-1
0
0
0
0
1
0
1
0
0
0
0
0
0
0
0
-1
1
0
0
0
0
0
0
0
0
0
1
0
1
0
0
0
0
-1
0
0
0
0
0
0
0
0
0
0
-1
0
0
0
0
1
1
0
1
0
0
0
1
0
0
0
0
0
0
-1
-1
-1
-1
0
0
0
0
0
-1
0
0
0
0
0
-1
0
-1
0
1
0
0
1
0
0
-1
0
-1
0
0
0
-1
0
1
-1
0
0
0
0
-1
0
1
0
-1
1
1
0
1
-1
0
0
1
0
0
-1
1
0
0
1
0
0
0
0
0
0
0
0
0
1
0
-1
0
-1
0
1
0
1
-1
0
1
0
0
0
0
0
0
0
0
0
0
0
0
0
0
0
0
-1
0
1
0
1
0
-1
0
0
1
0
0
0
0
0
0
-1
0
-1
0
0
0
0
0
0
0
1
0
1
0
0
0
0
0
0
0
0
0
0
0
-1
0
0
0
0
0
0
1
0
0
0
0
1
0
0
0
0
0
0
0
0
0
-1
0
0
0
0
0
0
0
-1
0
0
0
0
0
0
0
0
0
0
1
0
0
0
0
1
0
0
1
0
0
0
-1
0
0
0
0
1
1
0
1
0
0
-1
0
-1
0
0
0
0
-1
0
0
0
0
0
0
0
0
1
0
0
0
0
0
0
0
0
0
0
0
0
0
0
0
0
0
0
1
0
0
0
1
0
0
0
1
0
0
0
0
1
1
0
0
1
0
0
0
0
0
1
0
0
-1
1
0
-1
-1
0
0
0
0
0
1
0
1
-1
0
0
0
0
-1
0
-1
0
0
-1
0
0
0
0
0
0
0
0
0
0
0
0
1
-1
1
0
0
0
-1
0
0
0
0
0
1
0
0
0
0
0
0
0
0
0
1
0
0
0
0
0
0
0
0
0
1
0
-1
0
0
0
1
0
0
1
0
0
0
1
0
1
1
1
0
0
0
0
0
0
0
0
0
0
0
0
-1
-1
0
0
-1
-1
-1
0
0
0
0
0
0
0
-1
1
0
1
0
0
0
0
1
1
0
-1
1
1
-1
0
0
0
0
0
0
0
0
0
0
0
0
0
1
-1
0
0
0
0
0
0
0
-1
0
-1
0
0
0
0
0
-1
0
1
0
0
0
1
0
0
0
0
0
0
0
0
0
0
0
0
0
0
1
0
1
0
-1
-1
-1
0
0
1
0
0
0
0
-1
0
0
1
-1
-1
1
0
0
0
0
0
0
0
-1
0
0
0
0
0
0
0
0
0
0
0
0
0
0
0
0
0
0
0
0
0
0
1
1
1
0
0
0
1
0
0
-1
1
0
-1
0
0
-1
0
0
0
0
-1
0
0
0
0
1
0
0
0
1
0
0
1
-1
0
0
0
0
0
0
-1
0
1
0
0
0
1
-1
0
0
0
0
0
0
0
0
0
1
0
-1
0
0
-1
-1
0
0
0
0
-1
-1
-1
0
0
0
0
0
0
0
0
0
1
0
-1
0
1
0
1
0
-1
-1
-1
-1
0
0
1
0
0
0
1
0
0
1
0
1
1
0
1
0
0
1
0
0
1
1
1
1
0
0
0
1
0
1
0
0
1
0
0
0
1
0
0
0
-1
-1
-1
0
-1
0
0
0
0
0
-1
-2
-1
-2
-1
-1
-1
-1
-2
-2
-1
0
0
-1
-1
3
0
-2
1
0
-1
-1
0
-1
1
3
0
-1
2
1
-1
-1
2
0
-2
0
0
0
1
0
2
1
1
1
1
-1
-1
3
3
0
0
2
0
0
-1
-1
0
0
0
0
-1
-1
-1
0
-1
1
3
-1
1
2
-1
0
1
2
0
0
2
1
-1
0
0
-1
1
0
-1
-2
-1
-1
-2
0
0
-1
-2
-2
-1
0
-2
-1
1
1
-1
0
3
-1
-1
1
-1
-3
0
2
-1
-4
0
1
-5
-2
0
-1
-1
0
0
-3
0
1
-4
-3
-1
4
1
-1
4
3
1
3
0
0
4
4
0
0
3
-1
0
-2
-6
3
4
-8
-4
3
4
-6
-2
11
1
0
4
2
-1
2
9
-6
2
15
1
-11
-5
8
-3
-3
-3
0
9
-9
-7
4
-3
-12
-4
12
-2
2
9
-2
1
0
1
0
6
7
-9
1
4
1
-5
-12
5
3
-13
-15
7
11
-16
-8
14
-2
-15
7
7
-12
6
15
-8
-9
20
11
-13
-10
3
7
-5
-9
7
10
-11
-7
5
-8
-8
5
2
-13
3
22
-2
-10
-2
9
1
-17
13
22
8
5
-9
0
7
5
-13
-7
22
-2
-12
0
-4
7
4
-9
-10
4
10
-10
-8
11
13
-8
-2
26
0
-23
18
22
-21
-11
30
13
-29
-7
3
-27
5
27
-19
-43
13
32
-38
-25
39
15
-41
-21
55
-8
-40
41
16
-35
-7
55
-3
-39
46
3
-31
3
11
-5
-15
43
6
-30
4
7
-6
-29
16
4
-14
12
20
22
-45
-8
19
-40
-7
32
53
-9
-31
11
5
-22
-47
46
33
-46
23
45
-40
-58
28
-25
-38
57
21
-4
0
11
-9
-26
6
-17
12
21
2
29
-4
-10
5
24
7
-61
30
54
-55
-27
41
33
-57
-56
-3
4
14
-18
-5
-13
12
86
-13
-137
-22
143
-17
-181
114
208
-120
-121
123
55
-164
29
131
-106
-12
124
-3
-147
0
115
-137
-69
161
63
-122
-52
135
8
-102
-19
68
60
-48
-4
129
16
-146
82
134
-145
-87
113
46
-114
51
171
-124
-154
160
52
-272
13
316
-74
-262
171
200
-213
-80
199
-45
-194
158
209
-255
-162
302
29
-343
47
257
-161
-169
216
42
-195
31
135
-63
-205
44
232
-85
-184
176
124
-257
-28
248
-163
-215
391
205
-441
-22
312
-162
-132
190
26
-195
81
202
-176
-126
193
109
-218
-66
295
-77
-248
182
156
-282
-60
315
-86
-243
205
196
-305
-4
414
-102
-396
164
312
-380
-3
471
-335
-332
456
100
-626
26
587
-109
-384
122
241
-201
-196
225
88
-247
50
332
-83
-175
162
62
-159
31
137
-45
-60
-36
41
-74
-114
139
91
-53
-106
86
44
-171
31
164
63
-259
41
369
-377
-253
434
-49
-400
265
406
-465
-107
473
-234
-242
197
177
-250
-101
366
-68
-231
28
193
17
-211
99
87
-149
17
176
125
-88
-103
121
4
-205
64
219
-57
-122
106
17
-304
-33
301
-77
-438
313
520
-442
-304
382
145
-601
44
619
-322
-222
367
81
-396
-42
323
-154
-294
220
420
-322
-197
485
43
-401
-76
263
-163
-205
149
185
101
-304
56
312
-375
-145
495
39
-456
237
313
-323
-62
177
-56
-240
-43
292
82
-374
115
371
-314
-188
352
65
-332
163
244
-252
-14
51
-147
30
-123
-6
324
-107
-205
272
42
-351
96
261
-237
-134
644
50
-649
330
179
-417
-96
266
180
-373
180
276
-395
-67
220
-26
-259
119
273
-35
-129
88
57
-409
41
374
-200
-184
400
-16
-401
406
29
-557
175
479
-323
-301
637
-189
-549
388
31
-355
233
256
-425
69
547
-307
-259
316
-40
-173
122
38
-40
149
-74
-150
178
-114
-239
207
-45
-226
289
200
-391
-102
451
-327
-167
524
-92
6
119
41
-57
-220
200
82
-276
-97
434
96
-561
182
381
-415
-117
449
-107
-392
325
92
-317
229
-27
-297
67
218
2
-293
325
358
-426
21
133
-318
-42
160
-104
-157
352
-70
-248
246
-88
-89
131
173
-126
-123
109
-162
136
135
-290
179
306
-316
-40
130
-185
148
99
-56
-112
19
198
-328
-103
183
47
16
16
140
-64
172
-168
-180
229
-69
13
-433
175
287
-424
-57
-58
475
-104
-251
447
-94
-69
-92
230
-183
-384
579
-260
-259
305
87
-49
-328
338
-33
-269
229
20
-114
-156
294
-49
-253
280
203
-151
-223
267
121
-321
330
142
-273
271
-35
-84
-224
-113
238
-104
162
-110
72
215
-126
-40
-307
291
128
-474
-41
416
152
-511
256
299
-481
185
296
-498
-41
514
-134
-335
173
382
-425
-349
543
-146
-366
316
392
-440
-229
699
-162
-371
73
286
-243
-273
546
-236
-192
72
270
85
-534
311
55
-187
129
-98
-52
46
70
-208
-13
54
14
141
-196
-155
98
153
-89
-50
246
190
-127
-58
319
-183
-482
330
243
-680
199
663
-513
-241
475
-46
-379
363
-86
-260
658
-373
-30
433
-370
-165
280
374
-851
237
714
-713
-78
401
69
-553
210
342
-464
-99
319
-52
-461
236
233
-161
-29
403
-78
-362
259
47
-13
-269
233
229
-509
179
146
-259
-77
276
-84
-392
493
-12
-644
499
418
-572
124
709
-549
-504
814
126
-483
182
355
-238
-459
4
-61
-145
118
80
19
196
-223
-234
417
-42
-207
555
421
-452
-153
285
-422
-258
349
-18
-305
267
235
-500
-271
250
362
-391
-115
791
59
-462
318
600
-945
-45
668
-579
-135
106
240
-22
-18
-26
-253
52
61
-82
29
83
-71
304
115
-270
-281
242
31
-548
175
176
131
84
187
74
-399
386
-325
-544
237
133
211
-277
236
270
-381
-203
-25
163
-84
245
250
-194
277
-100
-201
-84
-337
255
111
183
-281
-247
543
-310
-447
218
503
-190
-202
377
-194
-95
231
-46
-235
126
649
-350
-538
457
87
-305
-279
175
-36
-67
388
-89
159
165
55
-171
-157
288
-140
-29
-315
294
413
-576
-4
49
153
-316
-35
317
-394
114
-95
285
23
-253
466
-229
-91
-57
33
117
-155
297
-73
-68
97
-107
-108
-137
164
-61
-308
134
77
-157
-11
382
381
-224
-174
47
-47
-100
45
49
104
49
-280
-32
95
5
-245
73
384
-257
-127
62
-148
104
146
-23
5
430
-51
-514
288
78
-166
23
38
-6
-88
83
-136
-13
64
-7
139
-40
-22
91
-67
-141
183
177
-116
18
-139
-77
33
-161
160
86
-35
188
31
-286
-10
46
-446
120
301
-182
119
221
37
50
-30
-130
-14
-52
-225
60
172
-156
165
69
-239
110
-106
-212
2
69
23
295
123
-122
398
-119
-299
134
-202
-251
0
27
-73
253
287
-165
228
-115
-382
114
-177
-51
185
367
-144
-118
409
-425
-37
321
-41
168
-115
18
-172
-231
179
-22
37
-145
357
8
-400
362
115
-64
-86
233
-69
-280
-23
-90
4
-113
45
158
-122
-274
349
70
-279
225
149
-69
-213
34
-81
-34
251
89
51
-96
77
-20
-356
-133
100
127
-4
65
156
-137
-298
124
51
-79
-11
124
475
-77
33
-13
-89
-32
-409
85
-225
51
156
-71
322
-159
133
42
-224
109
-17
81
-295
214
360
-624
31
7
-93
37
110
542
-194
157
22
-287
-35
-393
187
-57
98
441
-110
117
-79
4
-89
-143
460
-167
-62
-80
-175
108
-446
399
199
24
120
-449
259
-131
154
73
-170
567
-18
-150
-509
94
192
-544
269
-36
184
-54
-116
221
-506
212
-96
6
31
-223
282
-225
219
52
68
112
-148
207
-275
-37
16
85
-42
-310
371
-78
-187
28
169
122
-128
85
-243
121
-53
-83
43
-173
282
-127
-32
72
97
404
40
-113
38
8
-177
-18
45
-181
-183
229
43
-192
164
-134
87
347
-69
-265
-241
121
30
45
-125
101
518
-300
-144
32
-232
18
214
219
-170
14
281
-74
-325
-81
163
-90
-224
171
0
-304
14
121
43
-124
194
248
-6
18
24
151
-247
-14
194
-247
-11
291
245
-95
-238
-10
-93
-373
17
203
-86
1
294
186
-412
-75
230
13
-148
-84
429
-160
-370
233
188
-294
-159
617
160
-202
28
73
-112
-294
-14
30
-34
-21
267
-57
-198
27
-110
98
-221
13
297
12
25
154
238
-261
-89
114
-248
79
112
139
124
-192
-11
-32
-233
-367
138
231
-219
74
69
70
-27
-131
-7
-55
-15
112
292
-142
-226
222
91
-28
-67
120
24
-247
4
-87
-119
135
199
-112
-127
101
-114
-127
43
78
97
128
25
149
-84
-252
251
98
-172
15
262
36
-304
-1
-33
20
-42
-55
289
-133
50
70
-191
-80
-2
-10
-260
215
32
81
218
-238
277
86
-253
-93
177
79
-269
241
-126
-115
327
-167
-89
-97
59
133
-47
-46
-134
64
-16
-24
96
-8
16
27
-66
-21
-43
66
213
-120
-19
96
-13
73
-42
-109
-54
104
-129
-81
246
-104
-80
316
2
-298
70
-18
-215
34
79
2
-27
95
54
-101
-30
126
208
58
-12
-134
-158
-95
-150
172
115
21
54
2
-157
-296
253
72
15
305
128
-115
-327
104
-134
-220
-31
170
414
-320
-27
114
-36
-2
-135
157
-194
15
77
-24
-106
-202
276
-106
70
236
-175
51
31
-11
-43
-44
-2
-102
192
-201
-226
436
-33
46
150
-99
-1
15
188
-270
-62
81
-161
90
-253
227
51
-197
304
-77
165
15
24
17
-143
-27
-422
214
7
-139
236
-110
43
-125
19
100
200
-13
-233
397
-94
-125
167
-87
-26
-54
-67
-238
68
63
70
278
-53
81
-121
-104
20
-41
24
1
276
-59
-21
-124
-103
299
-215
-38
106
130
-129
-115
220
-339
220
48
-136
286
-114
37
-255
92
18
-155
194
-185
315
-31
-214
-139
-108
297
-225
122
71
8
191
-155
-60
-226
34
144
5
121
-150
-128
101
-166
-116
-82
70
335
21
148
-89
150
45
-296
139
-251
135
-74
29
213
-376
232
-95
42
30
-80
234
-208
252
-64
-43
94
-163
239
-58
16
-131
39
97
-139
57
-301
74
135
20
-39
-5
374
-22
-77
-125
23
-69
-214
137
-63
144
46
-87
115
-21
-66
-175
57
20
-88
126
-26
33
52
-40
-88
-146
88
-2
2
6
22
205
-85
59
51
-70
-10
-126
52
-166
-96
98
-37
29
18
206
8
-99
210
39
10
-91
3
60
-266
41
-11
-88
-79
6
216
-197
19
86
49
25
-82
185
-152
-41
125
97
29
-94
216
-30
-84
-69
-153
8
-100
40
1
-22
102
123
149
-47
79
130
64
29
-86
6
-73
-164
-179
-114
-49
-32
33
2
26
47
83
88
41
33
102
43
-134
-8
45
-107
-147
-34
47
28
-47
-63
11
-5
11
-20
21
18
37
55
-93
-11
71
132
19
-19
97
7
-104
-152
-33
-119
-176
-7
71
54
-1
77
125
41
-37
-19
79
55
8
18
-40
-26
-26
-74
-145
-90
68
-5
-37
26
71
54
22
109
75
35
80
59
42
7
16
-3
-71
-95
-101
-51
-80
-61
14
13
33
26
80
72
56
88
37
60
19
-46
-27
-10
-28
-115
-97
-60
-82
-80
-58
24
31
33
58
42
102
94
71
59
20
19
-58
-96
-59
-66
-59
-58
-53
-22
-24
6
41
57
36
36
91
78
43
43
22
-14
-49
-74
-83
-112
-84
-80
-52
-6
11
58
79
126
104
64
60
59
13
-54
-79
-43
-17
-45
-38
-20
20
4
-6
-19
0
24
-15
-22
-15
25
29
23
57
44
28
15
-14
10
-25
-19
-17
-50
-36
-34
-12
-57
-31
13
10
-11
-25
41
24
22
63
43
30
12
27
-7
-46
13
-4
1
-7
-28
-25
-36
13
25
-8
-25
33
43
-14
-35
-9
33
-24
-56
-18
-19
-8
0
-5
-1
10
17
17
23
-4
-10
-1
0
3
15
10
-2
7
17
21
-6
-21
-8
6
-17
-18
-16
-20
-17
-14
-11
-6
42
54
45
-4
3
42
48
17
-34
5
2
-56
-71
-10
1
-43
-25
10
0
0
15
1
-7
-9
-12
14
57
63
35
-9
11
33
-3
-23
11
33
-40
-72
2
68
-24
-124
20
116
16
-49
-32
51
67
18
-38
-28
67
45
-38
-78
-17
19
10
18
-73
-151
-102
155
186
-109
-104
41
201
99
-158
-83
124
289
-37
-309
-143
100
98
-221
-168
33
171
85
-77
21
113
159
59
7
31
-1
-45
-111
-91
-75
-90
-66
-13
22
-29
-25
33
65
45
-15
6
17
-6
-10
10
-3
-33
-27
-10
-13
-38
-25
-6
15
19
-6
-6
26
34
13
20
26
12
-2
-4
-11
-12
8
10
16
9
-7
-4
-12
-6
-5
-4
5
16
18
11
4
10
41
41
17
2
-9
-17
-32
-49
-38
-14
3
6
9
6
29
48
21
20
32
40
19
6
13
-3
-17
-20
-7
-2
5
4
-3
8
18
10
-5
-3
-4
-21
-31
-25
-15
-22
-31
-18
1
10
6
10
22
6
-23
-28
-22
-18
-21
-36
-26
1
-7
-20
-7
-2
7
4
0
15
3
1
-1
6
3
-5
22
21
16
2
-20
-26
-18
-1
1
12
11
21
17
2
14
8
13
18
18
19
7
-2
-14
-15
3
14
2
-16
17
32
-5
-8
-4
16
22
11
13
14
37
23
2
-4
-9
0
-24
-22
13
1
-33
-15
17
21
-6
-32
-7
22
9
-14
-27
-26
-1
-21
-32
-19
-3
9
-3
6
-16
-42
-39
8
27
-20
-17
19
37
4
-15
-9
-3
8
-20
-30
-10
-17
-22
-20
16
32
-4
-7
26
49
0
-25
0
29
27
-17
-3
1
3
0
14
18
-19
11
1
15
22
-12
2
9
31
-10
-20
9
17
21
-18
2
11
10
3
2
60
42
-10
-53
-15
20
-16
-40
-74
5
47
24
-17
-30
55
49
26
-33
-37
28
7
-17
-62
-35
7
10
1
-24
24
25
10
13
-13
-6
-21
-16
-19
-13
-6
-9
18
14
21
6
2
16
-2
-4
-8
-7
-17
-21
-5
-1
-2
4
18
36
30
10
5
0
8
-4
-9
-7
-17
-1
1
4
2
7
12
4
-1
-12
6
5
-13
-19
4
22
10
-3
-2
10
5
-8
-17
-8
-5
-10
-15
-17
-10
-5
8
16
10
-15
-9
16
0
-16
-22
-21
-6
-11
-11
-5
6
4
-18
-4
-3
5
0
-9
4
3
10
-3
5
12
7
10
2
1
-4
5
5
-5
2
6
12
21
15
14
9
10
8
6
11
-8
2
5
3
3
-7
2
12
17
3
3
10
7
6
-9
-6
8
3
-3
-6
8
7
-8
-10
0
4
-9
-11
-5
15
-1
-19
-13
-2
6
-11
-13
-10
4
-4
-17
-6
-15
-10
-4
-9
-7
-11
2
-4
1
-1
-15
-5
-5
7
-1
-6
-7
5
9
-5
-4
-5
6
1
-2
-3
0
10
5
1
7
19
8
2
6
8
3
3
3
5
4
1
2
5
12
5
5
15
16
3
7
10
2
-5
2
7
-3
5
-1
-1
3
0
-6
-3
5
0
-2
-1
1
-4
-1
-6
-6
-8
-7
-4
-7
0
-5
-8
-7
-6
-2
-13
-8
1
-3
-9
-6
0
-2
0
-7
-4
-1
-1
-5
-9
-3
-8
-2
-7
-5
-5
-2
0
-3
2
-1
-1
3
5
-4
0
-1
1
-4
1
1
2
3
2
11
4
4
9
7
2
12
6
3
6
2
9
3
3
5
5
11
7
4
7
6
7
2
3
4
4
2
2
6
2
5
2
2
5
0
-1
1
-3
-4
0
-3
-6
-3
0
1
-1
0
-3
-3
0
-6
-3
-5
-4
-4
-8
-7
-9
0
-5
-6
-2
-4
-6
-1
-3
-10
-4
-5
-6
-8
-5
-4
-4
-1
-4
-1
0
-4
1
-1
-3
0
-3
-1
-3
1
2
1
4
2
6
8
6
3
5
1
-1
2
-2
2
2
3
2
5
10
2
6
8
5
5
2
4
1
-1
2
-1
3
1
2
6
3
6
2
4
6
1
2
0
2
-1
-3
1
-3
0
3
-1
2
2
0
0
-1
-3
-4
-7
-5
-5
-7
-2
-5
-2
-2
-1
-2
-1
-1
-3
-4
-3
-3
-6
-2
-2
0
-2
0
0
-4
2
1
-2
-2
0
-1
-1
0
-2
-1
2
0
-1
2
2
2
3
1
3
2
2
2
0
2
-1
4
-2
1
3
0
4
1
2
0
4
4
-1
3
2
1
3
0
2
-1
0
-1
-2
0
0
0
0
1
-2
1
-3
0
1
-2
-1
-3
-2
-3
0
-2
-1
-2
1
-1
-1
0
-2
-2
-3
-3
-4
-3
-3
-1
-3
-2
-2
-2
1
0
-1
2
2
1
1
1
1
0
1
0
3
2
3
3
0
3
0
2
1
2
2
1
3
2
3
4
3
6
5
6
5
4
2
1
0
-1
-1
-2
-1
-1
1
1
2
0
-1
1
-1
-2
-4
-2
-3
-4
-3
-5
-4
-3
-5
-4
-2
-3
-3
-4
-4
-1
-2
-1
0
3
2
-1
1
-4
-5
-3
-5
-6
-4
-5
-6
-2
-2
-3
1
5
3
5
7
7
7
5
4
0
2
-5
-5
-3
-4
-1
3
6
5
8
9
7
3
4
5
3
3
5
5
4
5
7
5
2
4
2
-1
-2
-4
-6
-8
-8
-11
-7
-4
-3
-3
-5
-4
0
-5
-5
-5
-6
-2
-3
1
-2
-3
3
-1
-4
2
0
0
3
1
2
-3
1
-4
-1
3
3
7
5
14
13
13
14
9
11
9
9
9
7
6
5
1
4
-4
-11
-11
-15
-18
-17
-15
-15
-10
-11
-12
-5
-2
0
0
3
-1
-5
-8
-14
-11
-12
-8
-3
4
5
9
14
15
13
11
8
3
7
0
-3
-3
-4
-3
4
9
15
24
26
26
21
14
11
6
2
3
2
5
7
7
8
2
2
-7
-12
-15
-19
-22
-25
-24
-25
-25
-18
-11
-5
-2
-6
-6
-1
0
3
2
-3
-9
-11
-11
-14
-20
-28
-33
-49
-60
-62
-65
-63
-55
-38
-22
7
32
55
74
92
106
107
102
89
71
44
10
-20
-40
-49
-48
-44
-32
-13
15
36
63
81
93
111
116
113
105
94
81
64
37
13
-6
-25
-47
-72
-97
-115
-134
-151
-144
-125
-100
-70
-42
-15
9
19
13
-10
-33
-63
-86
-98
-99
-71
-29
17
64
120
153
161
129
45
-86
-230
-356
-503
-637
-664
-590
-461
-279
1
332
627
890
1074
1185
1180
1059
850
539
198
-170
-502
-759
-927
-974
-899
-719
-464
-165
147
440
668
812
868
841
730
544
307
54
-201
-440
-639
-778
-858
-883
-847
-766
-645
-506
-338
-172
-25
102
221
305
330
327
294
232
133
31
-54
-120
-160
-169
-145
-83
-1
99
212
306
379
424
440
409
343
259
166
62
-34
-110
-156
-176
-184
-161
-126
-71
-19
29
82
117
147
160
155
134
102
73
30
-17
-55
-93
-135
-173
-207
-222
-219
-213
-194
-158
-116
-82
-45
-9
12
25
38
41
40
35
26
20
15
7
2
11
22
35
54
78
103
130
149
160
171
167
157
140
115
85
45
-5
-54
-95
-126
-143
-140
-120
-84
-39
2
49
83
102
103
85
46
-15
-81
-151
-223
-293
-349
-379
-386
-370
-325
-253
-171
-94
-13
62
117
153
175
186
182
163
134
103
70
33
6
-4
-3
9
29
60
88
102
111
113
105
83
61
39
10
-15
-30
-35
-35
-10
27
69
108
154
196
220
231
215
194
156
104
58
32
5
-19
-22
-20
-11
1
16
29
43
51
56
61
60
54
43
40
34
26
18
22
23
15
6
-2
-12
-24
-34
-39
-40
-37
-40
-41
-47
-73
-115
-162
-211
-261
-301
-329
-350
-360
-355
-349
-338
-319
-311
-311
-321
-341
-371
-406
-447
-478
-495
-491
-471
-425
-350
-264
-171
-85
-5
53
78
85
78
59
30
13
22
41
76
136
213
297
380
463
541
606
645
668
687
678
669
667
678
699
728
767
802
842
870
886
891
876
848
807
765
714
662
604
544
484
424
369
321
268
210
150
79
3
-80
-173
-266
-350
-431
-513
-588
-655
-720
-775
-823
-862
-884
-904
-917
-915
-907
-903
-907
-911
-912
-922
-936
-938
-942
-937
-933
-933
-936
-941
-963
-1008
-1047
-1092
-1147
-1216
-1289
-1351
-1408
-1444
-1453
-1430
-1359
-1248
-1105
-926
-716
-486
-255
-28
194
416
623
802
965
1129
1286
1419
1554
1703
1864
2031
2208
2399
2606
2814
2994
3148
3273
3353
3371
3319
3205
3019
2762
2436
2049
1630
1188
729
274
-150
-510
-809
-1058
-1242
-1361
-1428
-1449
-1451
-1432
-1395
-1367
-1364
-1383
-1421
-1476
-1560
-1661
-1750
-1825
-1864
-1851
-1793
-1670
-1483
-1234
-931
-577
-179
225
618
983
1304
1566
1737
1818
1803
1701
1519
1279
998
697
390
81
-196
-438
-620
-751
-832
-868
-858
-814
-763
-702
-641
-592
-592
-634
-712
-830
-1001
-1243
-1545
-1871
-2202
-2534
-2860
-3139
-3331
-3446
-3491
-3441
-3264
-2974
-2617
-2213
-1756
-1241
-716
-244
176
564
899
1157
1339
1483
1617
1736
1840
1955
2118
2345
2603
2887
3215
3588
3982
4351
4689
4985
5197
5296
5267
5126
4871
4503
4032
3477
2864
2210
1545
895
278
-299
-837
-1298
-1663
-1944
-2174
-2354
-2476
-2557
-2619
-2677
-2701
-2677
-2646
-2639
-2637
-2593
-2510
-2434
-2364
-2249
-2065
-1837
-1592
-1305
-946
-556
-163
218
608
1018
1396
1699
1943
2153
2310
2371
2320
2181
1965
1662
1278
852
419
-24
-485
-937
-1335
-1657
-1916
-2113
-2217
-2234
-2199
-2131
-2044
-1960
-1924
-1980
-2097
-2223
-2382
-2614
-2894
-3167
-3406
-3630
-3827
-3921
-3867
-3695
-3456
-3123
-2644
-2037
-1396
-785
-157
512
1171
1744
2227
2678
3105
3431
3634
3787
3944
4084
4149
4181
4272
4430
4597
4727
4858
5012
5158
5233
5235
5208
5124
4916
4556
4091
3556
2940
2223
1422
616
-154
-896
-1606
-2234
-2748
-3160
-3478
-3711
-3817
-3800
-3721
-3602
-3446
-3222
-2976
-2741
-2530
-2324
-2106
-1911
-1729
-1545
-1332
-1100
-879
-648
-382
-86
209
486
770
1066
1354
1595
1774
1910
1971
1941
1806
1626
1411
1132
772
335
-91
-515
-954
-1392
-1774
-2062
-2303
-2504
-2671
-2753
-2790
-2855
-2931
-2980
-2946
-2949
-3016
-3108
-3186
-3232
-3344
-3437
-3469
-3388
-3284
-3196
-3004
-2694
-2249
-1824
-1353
-784
-126
561
1158
1801
2447
3096
3629
4058
4490
4841
5135
5276
5410
5551
5662
5738
5715
5739
5721
5690
5594
5452
5311
5047
4720
4248
3743
3160
2495
1805
1044
323
-436
-1126
-1775
-2355
-2846
-3294
-3607
-3882
-4062
-4188
-4232
-4195
-4141
-3996
-3817
-3542
-3244
-2915
-2547
-2183
-1766
-1393
-1008
-658
-341
-48
184
422
611
828
1041
1249
1456
1617
1787
1895
1978
2002
1971
1867
1627
1308
870
397
-105
-598
-1031
-1428
-1727
-1997
-2176
-2309
-2432
-2531
-2651
-2702
-2801
-2948
-3163
-3420
-3641
-3943
-4202
-4407
-4449
-4374
-4299
-4077
-3763
-3253
-2759
-2274
-1699
-1098
-405
132
689
1248
1818
2359
2731
3201
3619
4067
4394
4655
5022
5327
5678
5856
6080
6290
6415
6512
6452
6481
6358
6154
5778
5261
4747
4042
3351
2536
1775
1013
214
-479
-1185
-1713
-2247
-2676
-3042
-3370
-3574
-3816
-3926
-4056
-4100
-4118
-4117
-4008
-3917
-3724
-3554
-3299
-3007
-2689
-2303
-1948
-1518
-1110
-656
-200
264
746
1174
1561
1813
1992
2062
2060
1961
1780
1548
1283
1022
702
413
120
-85
-270
-427
-560
-726
-856
-1139
-1459
-1858
-2210
-2528
-2935
-3276
-3667
-3884
-4143
-4354
-4438
-4456
-4250
-4163
-3919
-3635
-3211
-2700
-2344
-1812
-1343
-702
-180
260
808
1253
1830
2158
2547
2943
3300
3687
3872
4265
4603
5020
5356
5588
5945
6126
6338
6321
6295
6223
5963
5648
5085
4592
3997
3369
2703
1972
1355
673
78
-520
-1016
-1402
-1802
-2133
-2486
-2719
-2921
-3101
-3258
-3418
-3491
-3574
-3613
-3658
-3664
-3660
-3664
-3623
-3522
-3303
-3054
-2747
-2419
-1987
-1446
-869
-222
410
1062
1615
2052
2373
2565
2650
2497
2206
1778
1297
806
267
-159
-508
-687
-801
-845
-742
-648
-521
-546
-611
-697
-933
-1290
-1889
-2464
-3045
-3627
-4147
-4622
-4812
-4901
-4878
-4750
-4441
-3834
-3228
-2581
-1957
-1220
-419
215
799
1277
1813
2242
2523
2788
3029
3348
3514
3652
3839
4116
4475
4735
5044
5360
5716
5994
6124
6216
6189
6047
5643
5071
4438
3752
3034
2209
1408
667
26
-533
-1022
-1364
-1598
-1772
-1978
-2193
-2378
-2537
-2723
-2963
-3218
-3440
-3616
-3773
-3887
-3932
-3887
-3791
-3659
-3462
-3201
-2864
-2522
-2160
-1762
-1300
-796
-299
238
751
1264
1643
1893
2066
2107
2063
1808
1505
1159
824
546
247
135
46
54
56
55
152
81
-16
-292
-524
-787
-1264
-1779
-2478
-2956
-3493
-4000
-4365
-4622
-4502
-4515
-4348
-4096
-3623
-2969
-2577
-2012
-1507
-748
-105
329
867
1240
1786
1999
2214
2478
2693
3057
3162
3537
3923
4441
4965
5298
5821
6132
6496
6587
6517
6403
6006
5579
4811
4077
3305
2556
1900
1148
621
108
-232
-544
-841
-979
-1147
-1250
-1496
-1725
-1920
-2132
-2374
-2756
-3105
-3456
-3757
-4062
-4290
-4360
-4330
-4211
-4065
-3765
-3366
-2861
-2319
-1720
-1027
-386
197
582
848
935
844
695
505
443
367
312
233
138
130
74
132
231
414
675
839
978
932
776
445
-31
-449
-946
-1381
-1894
-2410
-2775
-3144
-3375
-3674
-3791
-3720
-3631
-3378
-3168
-2657
-2133
-1707
-1346
-1120
-622
-275
35
227
411
804
976
1231
1402
1793
2331
2768
3382
3923
4700
5326
5819
6255
6480
6729
6587
6352
5922
5371
4788
3967
3271
2522
1969
1480
1027
741
444
354
211
134
54
-76
-200
-515
-839
-1258
-1622
-2013
-2495
-2959
-3411
-3722
-3996
-4167
-4228
-4132
-3892
-3584
-3149
-2606
-1933
-1277
-688
-197
204
501
617
598
432
199
-181
-630
-1067
-1424
-1583
-1620
-1474
-1253
-931
-579
-226
147
442
700
756
676
364
-137
-742
-1407
-1932
-2446
-2846
-3248
-3464
-3448
-3332
-3032
-2752
-2207
-1648
-1163
-831
-673
-357
-220
-147
-299
-389
-278
-264
-176
-233
35
471
970
1569
2111
2966
3712
4448
5004
5436
5939
6139
6266
6017
5682
5258
4667
4126
3366
2780
2202
1804
1575
1356
1422
1487
1706
1773
1701
1612
1355
1098
542
-113
-861
-1642
-2342
-3111
-3689
-4152
-4353
-4355
-4238
-3914
-3516
-2927
-2312
-1706
-1166
-745
-363
-139
-46
-138
-324
-553
-836
-1081
-1252
-1228
-1074
-816
-529
-184
196
523
786
880
917
805
595
257
-194
-622
-1128
-1510
-1862
-2052
-2146
-2276
-2352
-2514
-2470
-2401
-2308
-2291
-2397
-2360
-2429
-2405
-2498
-2493
-2311
-2181
-1962
-1923
-1643
-1326
-988
-654
-444
21
397
891
1262
1656
2195
2641
3225
3569
3983
4304
4585
4931
5069
5266
5226
5253
5182
4977
4731
4280
4003
3616
3302
2905
2492
2240
1917
1730
1387
1117
817
468
155
-312
-675
-1111
-1442
-1769
-2124
-2408
-2736
-2907
-3104
-3221
-3318
-3378
-3332
-3307
-3157
-2986
-2684
-2306
-1865
-1334
-814
-277
121
411
562
616
626
566
461
257
70
-68
-66
32
187
363
505
604
581
512
393
310
159
-103
-406
-736
-1032
-1397
-1808
-2307
-2733
-2968
-3072
-3077
-3166
-3268
-3334
-3279
-3091
-2927
-2716
-2543
-2317
-2092
-1924
-1728
-1585
-1362
-1193
-986
-729
-409
76
617
1312
1980
2665
3339
3955
4554
4991
5355
5557
5649
5609
5418
5248
5065
4960
4781
4510
4208
3876
3627
3309
2973
2577
2183
1831
1433
1046
570
124
-331
-763
-1140
-1528
-1893
-2323
-2714
-3068
-3343
-3548
-3745
-3856
-3895
-3803
-3640
-3419
-3148
-2851
-2465
-2018
-1499
-1008
-610
-302
-100
57
148
255
401
611
837
956
1015
1075
1231
1359
1388
1304
1114
949
822
719
601
476
339
127
-128
-425
-713
-954
-1176
-1431
-1817
-2267
-2712
-3010
-3111
-3086
-2999
-2967
-2990
-3058
-3117
-3064
-2867
-2586
-2365
-2303
-2356
-2404
-2280
-1973
-1489
-913
-364
143
560
1002
1510
2088
2721
3317
3832
4162
4355
4502
4707
5023
5313
5512
5518
5384
5167
4902
4674
4436
4248
4023
3744
3370
2873
2342
1805
1354
928
486
-17
-585
-1141
-1699
-2177
-2563
-2839
-3024
-3182
-3310
-3454
-3579
-3707
-3803
-3864
-3913
-3905
-3819
-3561
-3163
-2677
-2156
-1677
-1265
-929
-670
-471
-291
-111
84
308
523
691
800
911
1048
1204
1325
1401
1435
1404
1332
1214
1125
1091
1112
1121
1101
1066
977
850
673
461
238
11
-236
-535
-894
-1274
-1612
-1812
-1870
-1800
-1665
-1509
-1360
-1281
-1288
-1406
-1610
-1856
-2080
-2260
-2363
-2388
-2302
-2085
-1745
-1335
-912
-498
-109
264
578
837
1029
1169
1280
1397
1563
1741
1941
2152
2396
2650
2863
3024
3116
3180
3169
3108
3012
2892
2772
2601
2415
2207
1993
1738
1404
1039
630
210
-226
-668
-1058
-1390
-1619
-1763
-1817
-1819
-1788
-1716
-1635
-1535
-1492
-1478
-1479
-1489
-1489
-1473
-1404
-1272
-1077
-873
-644
-387
-96
203
465
673
821
909
961
988
992
983
966
942
904
839
752
649
530
395
247
126
40
-5
-27
-45
-67
-115
-188
-293
-435
-615
-829
-1057
-1303
-1546
-1754
-1881
-1912
-1857
-1750
-1623
-1457
-1303
-1171
-1107
-1095
-1115
-1177
-1261
-1372
-1473
-1548
-1546
-1448
-1252
-999
-735
-472
-210
44
294
523
737
919
1060
1183
1316
1487
1652
1791
1881
1949
1994
2011
1995
1952
1887
1789
1662
1496
1328
1168
1052
981
921
842
717
585
469
370
279
184
117
80
74
83
92
120
162
208
236
245
229
182
127
61
-1
-37
-46
-8
58
134
183
226
255
274
272
229
159
56
-39
-146
-254
-362
-455
-531
-593
-636
-673
-690
-695
-675
-643
-604
-566
-534
-528
-557
-624
-715
-806
-871
-917
-959
-985
-998
-963
-892
-792
-677
-561
-456
-374
-323
-307
-321
-364
-439
-567
-717
-869
-996
-1064
-1079
-1058
-1012
-946
-853
-727
-584
-447
-327
-219
-116
-24
52
117
178
240
298
333
332
297
255
242
267
333
428
542
675
797
883
929
951
968
973
958
932
901
887
891
916
965
1028
1108
1217
1360
1515
1654
1758
1810
1806
1748
1644
1512
1365
1216
1067
936
821
727
636
533
420
289
154
21
-102
-212
-310
-387
-442
-488
-545
-623
-711
-801
-883
-954
-1008
-1043
-1051
-1045
-1024
-987
-939
-881
-813
-740
-671
-620
-576
-535
-498
-468
-468
-487
-518
-547
-566
-577
-584
-602
-628
-674
-732
-804
-885
-969
-1044
-1109
-1153
-1178
-1175
-1132
-1071
-1004
-944
-893
-853
-819
-787
-758
-729
-703
-681
-656
-623
-578
-505
-403
-279
-141
-5
120
226
317
398
474
548
608
655
690
720
754
802
862
938
1020
1115
1231
1367
1521
1674
1805
1901
1957
1974
1964
1931
1885
1831
1757
1667
1568
1467
1378
1311
1251
1186
1104
1005
898
797
697
604
506
399
277
145
-1
-150
-301
-453
-594
-722
-832
-924
-992
-1029
-1027
-993
-934
-860
-786
-723
-674
-642
-621
-614
-625
-657
-709
-768
-824
-868
-897
-916
-929
-935
-937
-929
-915
-898
-873
-853
-832
-818
-808
-801
-795
-800
-820
-849
-879
-904
-923
-935
-941
-930
-900
-844
-771
-680
-578
-465
-346
-221
-111
-25
32
60
81
102
141
195
270
349
427
498
560
619
675
731
778
826
861
898
929
959
982
992
993
981
958
923
880
828
782
742
715
706
714
730
756
784
809
833
845
840
816
773
721
662
602
538
468
393
318
253
196
157
126
108
98
96
105
120
137
153
153
134
88
14
-79
-182
-290
-399
-505
-600
-683
-739
-772
-782
-771
-746
-715
-685
-666
-659
-664
-683
-709
-746
-791
-846
-902
-948
-979
-982
-960
-915
-859
-794
-728
-664
-600
-537
-473
-414
-359
-306
-257
-205
-157
-114
-79
-52
-30
-12
15
52
100
161
229
297
365
427
480
523
549
554
536
501
453
397
346
300
267
241
223
210
201
197
195
200
210
220
229
235
240
252
268
291
320
348
376
399
418
434
443
449
454
452
450
446
444
448
456
461
468
470
467
458
438
406
361
307
240
163
82
-3
-82
-154
-219
-273
-323
-366
-404
-442
-474
-503
-529
-550
-566
-573
-575
-571
-560
-550
-538
-528
-528
-530
-539
-546
-550
-545
-526
-496
-447
-384
-308
-225
-140
-60
10
65
105
130
142
146
150
156
166
182
203
232
267
307
350
392
428
454
467
467
449
418
371
316
255
190
126
60
-4
-66
-122
-172
-212
-249
-277
-295
-306
-304
-302
-297
-296
-297
-303
-307
-310
-309
-303
-289
-265
-230
-179
-115
-35
55
149
242
331
406
467
510
531
535
518
492
454
415
375
335
300
270
240
215
190
166
138
104
68
26
-14
-58
-101
-145
-189
-229
-266
-298
-328
-359
-388
-408
-422
-427
-424
-417
-402
-383
-357
-325
-295
-259
-228
-198
-162
-132
-98
-66
-39
-11
18
47
83
125
177
236
299
368
435
503
568
629
686
735
774
800
814
814
801
768
724
670
606
540
469
396
319
240
162
84
6
-78
-165
-256
-349
-442
-534
-627
-724
-822
-915
-999
-1069
-1126
-1163
-1186
-1186
-1166
-1126
-1065
-985
-891
-789
-683
-579
-479
-383
-295
-217
-146
-84
-27
25
78
134
192
255
320
387
454
518
575
622
656
677
684
680
666
639
608
572
535
503
469
438
407
377
353
332
319
305
292
274
252
228
194
157
112
63
11
-37
-81
-119
-147
-167
-174
-173
-161
-145
-127
-108
-91
-75
-60
-45
-31
-13
5
27
52
83
117
152
186
215
239
259
274
286
292
295
292
280
263
238
206
166
119
64
3
-62
-126
-187
-246
-299
-352
-401
-445
-484
-525
-562
-595
-627
-653
-673
-686
-692
-686
-676
-652
-622
-584
-542
-497
-446
-395
-342
-287
-232
-180
-124
-74
-23
29
74
121
160
198
229
258
284
310
331
354
373
388
402
410
418
419
417
408
392
371
350
328
308
288
268
252
237
225
214
202
190
174
157
137
116
94
72
51
37
24
17
13
10
11
9
10
11
12
11
8
7
7
10
16
23
31
41
47
55
60
64
68
72
73
72
69
64
57
48
37
22
6
-13
-34
-51
-72
-90
-107
-125
-140
-152
-165
-175
-189
-202
-213
-223
-235
-245
-253
-258
-260
-262
-260
-255
-251
-242
-234
-223
-214
-201
-186
-171
-153
-136
-117
-99
-80
-61
-43
-26
-10
4
19
31
44
56
67
79
90
102
111
120
127
132
136
136
134
131
125
119
113
109
106
102
96
92
87
81
75
69
64
59
53
48
43
41
39
40
40
39
40
40
40
39
39
39
39
39
41
44
49
53
56
58
58
59
59
60
61
61
61
61
59
55
50
44
36
26
17
7
-5
-14
-22
-29
-36
-40
-44
-45
-46
-46
-47
-48
-50
-51
-51
-52
-53
-54
-51
-51
-50
-50
-48
-45
-45
-43
-42
-41
-38
-34
-30
-24
-18
-12
-7
-5
-1
3
6
8
10
12
16
19
21
21
18
18
17
20
22
20
15
7
-1
-12
-17
-18
-20
-18
-21
-30
-43
-55
-63
-71
-79
-86
-96
-107
-120
-127
-131
-129
-127
-130
-136
-140
-137
-126
-116
-105
-100
-90
-75
-57
-36
-16
2
19
34
48
62
72
84
93
101
105
104
105
103
105
109
109
104
90
75
64
64
70
71
66
51
38
34
39
47
56
62
60
50
37
34
36
54
73
88
101
110
125
143
163
182
192
194
192
194
199
212
224
222
208
192
179
170
168
158
138
111
84
61
45
38
34
26
12
-10
-45
-76
-96
-109
-131
-155
-184
-220
-245
-259
-266
-272
-281
-302
-329
-351
-362
-360
-355
-353
-360
-373
-382
-386
-390
-387
-380
-360
-320
-277
-247
-233
-239
-245
-224
-186
-141
-85
-18
31
73
97
110
123
136
144
153
169
185
208
212
207
213
220
209
190
173
171
178
183
177
143
115
104
107
98
87
91
86
88
108
130
134
127
114
97
95
109
141
175
205
233
249
247
238
236
238
254
294
339
357
346
326
312
304
308
314
305
295
282
264
241
203
160
126
95
58
33
17
3
-12
-44
-113
-180
-208
-226
-249
-283
-309
-326
-349
-369
-405
-454
-497
-548
-610
-631
-615
-584
-540
-520
-546
-569
-572
-550
-470
-392
-349
-297
-241
-216
-229
-255
-239
-160
-52
23
62
64
43
4
-80
-114
-94
-32
96
197
233
218
158
100
77
67
90
154
227
244
216
153
58
12
13
53
147
267
358
397
395
323
251
239
266
282
295
423
552
591
591
489
337
273
228
143
141
208
351
566
536
-92
-1323
-2389
-1905
485
2956
3545
2109
-414
-2570
-3344
-2573
-315
2523
4340
4001
1697
-942
-2268
-2277
-1700
-194
1756
2947
2996
1432
-540
-1578
-1761
-1139
-380
-99
-179
-59
170
560
1103
771
-267
-1420
-2213
-2396
-2039
-1022
109
754
550
-167
-1049
-1960
-2221
-2028
-1578
-993
-578
-329
-332
-512
-784
-794
-960
-1305
-1337
-1424
-1075
-361
229
653
758
625
156
-369
-845
-873
-256
479
1351
1852
1931
1702
1113
652
281
143
225
553
1064
1451
1792
1754
1496
1158
657
370
336
513
819
1188
1392
1363
1265
963
660
391
167
179
462
954
1402
1694
1604
1179
605
81
-73
-59
49
157
170
178
123
13
-177
-412
-671
-871
-937
-1006
-881
-627
-713
-848
-954
-1038
-1145
-1551
-1824
-1979
-2023
-2118
-2268
-2362
-2783
-3283
-3875
-3989
-3316
-2563
-1938
-1604
-1308
-985
-935
-803
-518
-4
357
401
815
1294
2011
2398
2380
2474
2493
2654
2497
2737
3084
3378
3401
2917
2707
2198
1737
1166
861
765
648
620
286
85
-379
-864
-1437
-1931
-2063
-2074
-1965
-1980
-1773
-1424
-1019
-559
-236
-34
64
118
315
544
663
604
324
92
-64
69
484
893
1172
1072
934
856
864
989
891
822
558
383
269
221
419
323
289
30
-17
76
223
548
756
930
638
485
321
365
477
551
846
998
1072
815
364
-199
-577
-897
-1235
-1662
-2140
-2452
-2121
-1158
-51
686
327
-354
-1158
-1637
-2041
-2571
-3092
-3977
-4753
-5756
-6214
-5592
-4407
-3308
-3104
-3135
-2689
-1991
-1501
-1308
-541
588
1535
1932
2038
2765
3356
3478
3312
3686
4600
5181
5199
4911
4989
4767
4153
3524
3199
2982
2439
1747
1299
1432
1504
1221
539
-391
-1363
-2330
-3090
-3335
-3153
-2973
-2800
-2590
-2211
-1685
-1068
-550
-196
-92
-13
368
851
1382
1837
2170
2189
1924
1660
1554
1500
1130
379
-338
-714
-766
-652
-552
-550
-755
-1210
-1702
-1703
-1368
-926
-675
-655
-489
-217
147
441
725
839
809
755
949
1516
2093
2437
2502
2435
2233
2109
1937
1661
1133
602
254
-16
-238
-591
-910
-1273
-1794
-2353
-2641
-2681
-2727
-3412
-4141
-4669
-4766
-5131
-6025
-6494
-6975
-6697
-6566
-5567
-4340
-3112
-2125
-1887
-1051
-818
220
715
1683
2548
3176
3941
4174
5132
5142
5552
5155
5118
5023
4839
5086
4885
5042
4313
3886
3011
2410
1785
1178
770
231
-12
-457
-589
-1042
-1402
-1826
-2035
-2117
-2118
-2059
-1929
-1529
-1129
-418
329
1043
1394
1464
1335
1217
1015
823
782
784
731
512
360
268
302
79
-293
-767
-1202
-1547
-1799
-1766
-1590
-1310
-1272
-1341
-1321
-1140
-841
-507
-125
283
713
1055
1238
1376
1488
1575
1538
1310
1227
1306
1504
1563
1545
1425
1184
769
126
-374
-722
-942
-1165
-1238
-1324
-1311
-1350
-1364
-1210
-1146
-1108
-1420
-1892
-2654
-3457
-4412
-5522
-6302
-6811
-6818
-6485
-5659
-4488
-3436
-2529
-1895
-1241
-843
-689
-451
-120
791
1826
2968
3899
4713
5200
5080
4980
4859
5196
5212
5155
5030
4925
4755
4247
3896
3348
2945
2072
1267
630
266
82
-225
-391
-804
-1239
-1876
-2245
-2391
-2307
-2153
-1951
-1553
-1036
-345
338
908
1173
1193
1010
894
812
854
962
1173
1291
1392
1449
1408
1319
1021
604
-39
-633
-1344
-1942
-2594
-3054
-3478
-3949
-3942
-3256
-2166
-1472
-870
-395
215
456
633
943
1319
1538
1259
1086
914
1353
1511
1484
1313
1217
1267
1074
1210
1199
1377
1161
856
367
-140
-581
-1027
-1462
-2072
-2244
-2456
-2363
-2480
-2326
-2239
-1971
-1866
-1934
-1465
-1438
-1228
-1630
-1739
-1813
-2055
-2526
-3287
-3816
-4292
-4123
-3728
-3268
-2594
-1366
-235
608
638
828
1141
1426
1495
1357
1919
2531
3407
3376
3581
4155
4692
4493
3856
3781
3875
4040
3619
3675
3691
3577
2927
2249
1672
1260
995
394
49
-465
-768
-1287
-1598
-1830
-1852
-2003
-2364
-2551
-2640
-2262
-1688
-838
-332
184
581
1003
1171
1041
1024
1042
1014
714
688
762
897
687
480
384
242
-164
-800
-1140
-1209
-1050
-1033
-909
-650
-324
-277
-460
-515
-342
-360
-704
-1165
-1502
-1574
-1688
-1567
-1228
-643
-270
-150
-131
-2
325
587
822
1078
1393
1412
1192
787
586
476
219
-129
-308
-292
-401
-450
-486
-442
-307
-364
-464
-663
-1197
-1608
-2134
-2502
-3059
-3774
-4723
-5852
-6282
-6219
-4933
-3737
-2674
-1941
-1331
-564
-299
270
682
1560
1813
1804
2079
2950
4227
4834
5208
5171
5420
5175
4848
4704
4810
4893
4523
4109
3604
3313
2669
1914
979
79
-755
-1363
-1692
-1845
-1879
-2145
-2416
-2721
-2814
-2761
-2539
-2446
-2408
-2176
-1561
-577
408
1209
1756
2152
2248
2280
2320
2579
2848
2835
2575
2322
2188
1898
1505
1163
676
-491
-1889
-2845
-2969
-3031
-3286
-3420
-3233
-2849
-2787
-2567
-2352
-1842
-1725
-1933
-2093
-1872
-1252
-1013
-849
-779
-254
163
654
1117
1690
2222
2489
2723
2801
3137
3255
3120
2455
1836
1222
721
183
-210
-446
-849
-1356
-1941
-2101
-2247
-2122
-2171
-2165
-2045
-1942
-1963
-2167
-2430
-2668
-3127
-3752
-4658
-5489
-5753
-5344
-3893
-2893
-1586
-751
256
735
761
1234
1569
2534
2385
2651
2775
3723
4566
4740
4923
4805
5132
4432
4044
3589
3718
3469
2821
2221
1633
1439
890
597
68
-131
-468
-696
-833
-787
-760
-959
-1148
-1348
-1266
-1150
-790
-643
-606
-653
-274
277
788
1163
1466
1725
1692
1623
1599
1809
1791
1634
1189
870
577
207
-378
-1078
-1533
-2023
-2588
-3196
-3204
-2839
-2507
-2617
-2632
-2347
-1795
-1459
-1370
-1206
-1073
-883
-1122
-1100
-878
-301
-101
-135
83
512
1131
1270
1399
1394
1584
1558
1465
1307
1282
1337
978
441
-118
-277
-534
-807
-1187
-1270
-1246
-1229
-1115
-953
-657
-353
-39
83
143
20
-157
-615
-1176
-2007
-2684
-3290
-3781
-4059
-4099
-3240
-2181
-1201
-780
-200
453
755
718
546
863
1166
1281
1325
1754
2528
3198
3454
3495
3600
3648
3325
2873
2571
2418
2274
1984
1718
1486
1292
1064
742
257
-184
-396
-464
-550
-642
-714
-694
-733
-890
-1033
-1030
-948
-973
-1016
-844
-249
364
853
1175
1503
1729
1769
1736
1725
1879
1893
1774
1484
1181
836
383
-48
-451
-888
-1472
-1918
-2114
-2107
-2175
-2299
-2283
-2109
-1902
-1843
-1711
-1631
-1524
-1661
-1807
-1737
-1526
-1263
-1270
-1129
-918
-387
54
482
910
1246
1561
1590
1673
1679
1824
1730
1541
1324
1151
1016
806
668
378
-36
-511
-696
-778
-946
-1202
-1240
-1110
-1011
-975
-1099
-1262
-1616
-1959
-2331
-2810
-3205
-3518
-3549
-3715
-3719
-3262
-2329
-1155
-528
20
532
1260
1558
1512
1579
1866
2288
2215
2301
2613
3247
3490
3411
3178
3006
2792
2336
2006
1763
1717
1482
1243
862
618
349
120
-151
-472
-679
-761
-726
-843
-847
-740
-376
-236
-214
-222
46
318
526
844
1277
1782
1963
2095
2174
2435
2504
2434
2168
1954
1776
1513
1175
758
397
-131
-642
-1320
-2007
-2879
-3554
-3890
-4020
-4101
-4109
-3794
-3407
-3110
-2960
-2663
-2254
-1870
-1637
-1415
-1126
-683
-313
-42
206
536
931
1242
1529
1763
2112
2429
2661
2708
2700
2752
2700
2416
2023
1736
1370
763
142
-307
-649
-1030
-1364
-1515
-1691
-1976
-2222
-2334
-2285
-2089
-1789
-1522
-1306
-1091
-1086
-1134
-1358
-1536
-1892
-2386
-2836
-3169
-3025
-2442
-1307
-525
-18
252
635
777
620
611
828
1164
950
803
804
1372
1776
1875
1793
1787
1809
1423
1121
1017
1353
1505
1553
1519
1604
1684
1777
1842
1742
1619
1496
1455
1317
1318
1405
1560
1479
1338
1240
1223
1220
1135
1066
1032
1158
1231
1222
1141
1133
1014
652
214
-59
-251
-589
-967
-1248
-1476
-1853
-2261
-2560
-2679
-2758
-2872
-2958
-2999
-2895
-2710
-2400
-2041
-1654
-1338
-1130
-941
-701
-401
-181
-26
75
224
357
530
679
873
1003
1067
1010
861
758
673
683
565
540
454
473
398
331
268
139
-69
-507
-824
-1094
-1086
-1106
-985
-858
-735
-646
-566
-344
-226
-129
-159
-193
-243
-368
-556
-821
-1055
-1281
-1779
-2437
-3076
-3055
-2762
-2345
-2018
-1557
-893
-579
-447
-639
-374
-157
127
163
428
1120
1817
2399
2521
2881
3092
3348
3196
3095
3112
3218
3312
3222
3232
3200
3328
3212
3002
2651
2426
2213
1897
1454
1047
760
454
51
-400
-677
-829
-940
-1153
-1155
-984
-641
-473
-392
-339
-284
-288
-491
-660
-814
-767
-713
-632
-575
-474
-451
-641
-1009
-1464
-1932
-2458
-3005
-3444
-3609
-3463
-2910
-2376
-1997
-1794
-1564
-1350
-1355
-1376
-1252
-825
-450
-137
183
561
1018
1243
1206
1007
916
913
828
805
939
1307
1563
1706
1843
1919
1905
1732
1525
1223
1062
959
863
567
185
-16
-148
-234
-415
-536
-766
-995
-1176
-1314
-1244
-997
-697
-652
-878
-926
-898
-941
-1291
-1683
-1976
-2527
-3091
-3732
-3562
-2923
-2029
-1530
-1356
-953
-697
-404
-578
-201
357
1049
1391
1631
2233
2886
3587
3655
3708
3575
3666
3494
3334
3361
3610
3891
3744
3531
3129
2882
2436
1974
1301
756
341
63
-228
-524
-658
-819
-1007
-1399
-1558
-1686
-1635
-1688
-1605
-1416
-1107
-777
-626
-447
-363
-229
-323
-423
-522
-443
-417
-441
-495
-616
-835
-1201
-1511
-1919
-2395
-2914
-2941
-2573
-2235
-2146
-2058
-1696
-1358
-1253
-1182
-829
-295
-15
28
99
434
865
970
903
792
900
920
921
953
1161
1502
1662
1770
1715
1808
1921
1984
1759
1423
1205
964
725
427
285
155
-107
-446
-734
-886
-918
-833
-810
-877
-795
-560
-318
-305
-344
-233
-138
-225
-460
-602
-744
-1012
-1542
-2260
-2910
-3419
-3690
-3621
-3126
-2348
-1743
-1449
-1316
-996
-664
-436
-169
202
719
1037
1384
1888
2653
3307
3630
3788
3854
4008
4030
4041
4005
3930
3735
3436
3120
2701
2293
1888
1480
1015
530
184
-19
-213
-535
-941
-1340
-1724
-2052
-2413
-2636
-2688
-2537
-2251
-1853
-1350
-947
-677
-627
-544
-567
-630
-688
-606
-419
-281
-64
137
418
462
356
33
-364
-813
-1225
-1472
-1762
-2214
-2928
-3172
-2660
-1695
-1049
-786
-508
-168
-129
-414
-501
-74
566
952
1110
1246
1653
1893
1889
1572
1407
1407
1482
1602
1677
1979
2164
2296
1933
1389
858
612
449
135
-29
-124
-71
-212
-314
-526
-810
-1179
-1460
-1602
-1690
-1532
-1296
-1093
-988
-649
-279
-90
-143
-77
73
-55
-385
-705
-730
-820
-956
-1317
-1793
-2342
-2809
-2880
-2643
-2105
-1648
-1230
-980
-729
-521
-291
69
560
1029
1273
1574
1918
2462
2754
2899
2871
2838
2761
2651
2770
2945
3257
3277
3166
2770
2329
1908
1596
1336
940
566
167
-131
-506
-830
-1164
-1481
-1903
-2301
-2556
-2611
-2537
-2388
-2124
-1754
-1319
-1016
-761
-555
-326
-299
-379
-456
-335
-106
119
343
464
507
393
288
92
-153
-601
-1073
-1342
-1147
-705
-433
-405
-564
-620
-847
-980
-929
-522
-48
222
447
588
897
1053
1174
1125
1041
1043
1037
1159
1155
1238
1265
1303
1214
1001
917
944
1072
994
930
937
1012
944
699
351
-152
-703
-1171
-1414
-1586
-1671
-1658
-1531
-1386
-1279
-1108
-957
-863
-828
-850
-816
-802
-645
-604
-650
-818
-1080
-1450
-2209
-2777
-3177
-3007
-2673
-2066
-1441
-1065
-755
-610
-226
-124
77
300
726
1056
1302
1703
2158
2611
2715
2723
2601
2523
2444
2515
2634
2832
2938
2950
2827
2588
2245
1780
1323
819
368
-126
-425
-604
-703
-883
-1040
-1199
-1356
-1542
-1643
-1645
-1566
-1389
-1173
-887
-692
-437
-304
-210
-303
-366
-401
-358
-220
0
377
692
954
1002
956
774
580
317
-47
-571
-1172
-1683
-1958
-2045
-1936
-1601
-1113
-686
-490
-383
-260
-28
133
319
501
785
1018
1165
1181
1163
1154
1120
1089
1008
1035
1056
1177
1231
1274
1188
1101
989
839
652
499
454
313
96
-236
-551
-986
-1405
-1770
-1944
-2021
-1938
-1713
-1450
-1291
-1181
-1039
-940
-825
-809
-623
-567
-392
-368
-342
-501
-778
-911
-1315
-1664
-2375
-2702
-2933
-2735
-2165
-1505
-713
-550
-321
-415
-267
-229
-91
329
636
1200
1484
2072
2463
2790
2886
2740
2663
2439
2548
2664
3027
3351
3506
3514
3171
2724
2055
1490
1009
604
293
-74
-211
-385
-527
-807
-1099
-1341
-1640
-1816
-2041
-2040
-2012
-1752
-1435
-1079
-810
-649
-469
-402
-277
-223
-23
207
561
850
1101
1263
1318
1211
848
453
153
-2
-258
-560
-902
-1102
-1175
-1075
-1002
-1061
-1279
-1357
-1176
-887
-566
-275
99
285
363
235
173
96
78
90
73
117
176
458
688
891
949
995
1000
919
805
661
617
554
477
338
96
-168
-478
-782
-1165
-1546
-1734
-1667
-1419
-1291
-1164
-1046
-860
-715
-567
-338
-139
-20
35
129
156
25
-237
-450
-683
-997
-1488
-1803
-1834
-1479
-1031
-654
-394
-390
-421
-588
-560
-475
-200
164
562
924
1135
1423
1686
1894
1899
1786
1713
1704
1814
2034
2302
2533
2597
2603
2390
2085
1651
1283
1003
755
589
360
213
-21
-169
-458
-770
-1121
-1321
-1420
-1527
-1528
-1441
-1134
-875
-619
-568
-601
-754
-803
-700
-510
-282
-67
207
481
727
831
870
802
701
469
200
-111
-320
-463
-563
-710
-1025
-1418
-1745
-1717
-1376
-941
-652
-519
-405
-254
-140
-13
55
181
181
158
97
98
229
373
614
676
723
665
743
868
979
1014
927
854
729
633
538
502
481
371
133
-157
-442
-630
-814
-939
-1111
-1181
-1154
-942
-691
-568
-544
-547
-375
-220
-25
13
101
76
30
-134
-376
-616
-916
-1127
-1441
-1682
-1939
-1962
-1763
-1373
-996
-858
-865
-924
-867
-702
-454
-48
394
815
1062
1239
1440
1596
1755
1764
1840
1832
1962
2146
2452
2718
2761
2617
2236
1863
1412
1159
993
958
863
736
576
384
153
-151
-470
-837
-1153
-1370
-1403
-1320
-1159
-1022
-843
-714
-587
-588
-617
-668
-630
-527
-389
-185
-12
166
155
91
-69
-133
-184
-203
-329
-586
-870
-1006
-851
-566
-327
-343
-501
-720
-785
-719
-484
-246
-34
57
112
148
167
199
211
268
240
232
242
413
595
736
763
735
689
675
709
746
761
706
627
526
451
359
283
159
39
-125
-214
-258
-222
-203
-234
-313
-383
-365
-325
-225
-185
-117
-134
-150
-266
-387
-559
-753
-992
-1292
-1640
-2075
-2411
-2580
-2406
-2088
-1686
-1410
-1225
-1247
-1329
-1327
-1150
-822
-477
-17
415
888
1186
1472
1664
1795
1841
1868
1994
2123
2318
2496
2721
2847
2810
2607
2312
1988
1640
1326
1113
979
885
735
542
281
-23
-356
-663
-892
-1085
-1205
-1257
-1174
-1037
-850
-710
-603
-601
-661
-728
-726
-592
-423
-223
-91
62
161
195
73
-165
-428
-640
-688
-617
-495
-459
-536
-692
-879
-1075
-1242
-1269
-1097
-800
-521
-373
-311
-283
-196
-91
29
90
108
143
260
467
644
778
810
848
825
820
835
923
1050
1157
1272
1330
1353
1275
1159
1017
882
730
559
383
210
54
-82
-176
-242
-297
-341
-377
-430
-531
-673
-803
-853
-795
-686
-630
-708
-880
-1090
-1229
-1309
-1322
-1373
-1499
-1736
-2014
-2258
-2393
-2326
-2066
-1627
-1238
-981
-957
-964
-901
-629
-224
198
562
796
993
1117
1272
1365
1489
1593
1774
1999
2229
2442
2609
2747
2763
2648
2366
2026
1691
1478
1379
1392
1386
1306
1070
759
421
123
-149
-418
-648
-868
-981
-1033
-956
-890
-820
-804
-790
-799
-856
-931
-1000
-983
-928
-827
-757
-697
-680
-679
-748
-890
-1093
-1244
-1236
-997
-646
-353
-291
-457
-656
-745
-604
-376
-117
35
166
267
385
474
488
438
341
334
373
505
624
793
953
1089
1139
1097
1007
905
868
906
1024
1092
1068
954
850
769
705
610
460
235
-12
-200
-302
-352
-408
-448
-440
-402
-396
-453
-556
-644
-713
-719
-744
-776
-879
-989
-1091
-1196
-1276
-1362
-1358
-1354
-1294
-1293
-1302
-1368
-1497
-1651
-1840
-1908
-1844
-1505
-1011
-484
-96
91
156
136
178
289
492
729
938
1146
1346
1547
1685
1783
1860
1932
2034
2136
2260
2311
2301
2208
2080
1907
1687
1465
1258
1147
1042
931
746
501
211
-75
-331
-558
-753
-942
-1076
-1168
-1201
-1225
-1223
-1196
-1155
-1109
-1079
-1057
-1063
-1076
-1077
-1062
-1032
-978
-895
-766
-636
-536
-482
-465
-449
-403
-309
-200
-94
18
134
249
320
354
344
330
354
430
535
607
617
549
474
436
463
523
584
629
654
669
681
693
688
655
613
594
599
618
643
669
649
583
454
309
171
63
-15
-91
-176
-298
-414
-523
-585
-633
-675
-721
-767
-806
-859
-893
-940
-975
-1029
-1082
-1116
-1125
-1078
-1001
-899
-831
-777
-722
-649
-537
-441
-338
-323
-385
-529
-669
-731
-679
-467
-199
95
255
288
202
74
-9
-6
135
320
529
652
744
803
869
927
955
992
1000
1045
1098
1195
1281
1339
1354
1312
1212
1045
870
728
681
694
730
730
655
514
332
154
-16
-186
-354
-509
-618
-702
-739
-769
-804
-855
-928
-993
-1095
-1184
-1276
-1266
-1133
-884
-594
-368
-236
-238
-261
-294
-254
-165
11
252
509
710
777
724
571
450
414
500
644
792
886
927
920
880
789
654
497
358
290
301
387
448
470
383
246
66
-102
-235
-309
-300
-251
-160
-107
-109
-202
-339
-476
-567
-603
-585
-532
-470
-426
-406
-416
-471
-572
-706
-839
-957
-1013
-1045
-1018
-979
-918
-861
-818
-794
-811
-810
-775
-670
-541
-391
-262
-150
-43
76
192
254
247
185
134
128
175
227
268
288
301
330
394
456
495
489
486
476
465
470
463
473
477
503
511
501
473
441
455
511
593
636
634
581
499
441
419
441
466
490
492
492
489
460
406
301
178
15
-123
-249
-334
-379
-399
-385
-411
-457
-538
-600
-640
-655
-644
-633
-616
-573
-458
-287
-94
67
157
177
167
185
283
426
570
659
704
702
685
662
651
669
691
745
791
831
809
745
635
497
340
167
9
-124
-204
-258
-277
-297
-339
-439
-561
-685
-795
-863
-884
-878
-874
-861
-843
-814
-796
-764
-732
-656
-560
-449
-391
-401
-439
-498
-495
-479
-420
-359
-335
-330
-381
-438
-442
-429
-357
-316
-268
-270
-318
-326
-356
-263
-142
19
134
161
158
94
107
179
267
334
360
361
344
345
404
432
464
472
450
376
270
226
216
289
379
419
378
276
169
133
171
291
382
407
349
223
151
108
173
242
303
315
277
241
211
227
260
310
343
319
248
183
141
186
258
328
305
219
113
11
-37
-51
-6
-7
-15
-43
-78
-111
-86
11
130
228
289
308
287
307
339
423
482
506
469
397
354
351
392
436
430
337
209
75
-13
-87
-127
-196
-262
-318
-378
-435
-497
-503
-497
-498
-545
-683
-862
-947
-935
-865
-837
-796
-802
-867
-882
-895
-856
-850
-824
-748
-707
-657
-587
-481
-324
-204
-117
-157
-224
-210
-169
-42
79
157
115
27
-53
-58
26
143
237
226
222
177
204
277
319
386
377
359
306
286
359
383
492
579
570
488
305
233
197
233
285
254
188
86
48
60
90
106
97
48
-8
-46
-48
-11
36
78
79
24
-66
-153
-192
-140
-25
88
143
122
51
-3
8
90
178
214
207
197
220
231
259
274
282
291
295
310
289
289
307
330
328
292
255
240
281
315
353
370
395
441
435
441
408
384
407
422
408
312
230
158
136
134
127
136
81
57
-39
-144
-225
-328
-371
-478
-524
-572
-599
-524
-533
-590
-711
-761
-773
-804
-728
-748
-779
-778
-788
-769
-780
-714
-685
-667
-615
-601
-514
-429
-317
-249
-275
-292
-293
-163
-96
-57
-1
-88
-20
64
130
178
131
210
154
138
182
174
278
302
325
325
299
292
266
278
266
284
324
324
315
341
377
389
386
318
214
107
84
129
132
151
124
58
-8
-84
-169
-256
-284
-242
-175
-188
-217
-295
-333
-269
-226
-135
-136
-162
-118
-109
-19
51
121
192
216
241
156
154
225
315
460
558
622
605
577
537
517
582
637
636
589
512
458
490
543
541
528
452
323
214
129
67
52
138
217
191
56
-117
-279
-262
-126
-46
-45
-133
-153
-171
-145
-160
-189
-173
-199
-151
-193
-231
-265
-255
-163
-208
-190
-281
-423
-441
-466
-429
-441
-353
-375
-466
-492
-599
-571
-508
-423
-451
-414
-358
-396
-403
-485
-432
-337
-194
-185
-323
-368
-397
-190
-8
33
98
17
-59
-88
-28
30
69
181
169
152
132
86
47
94
197
188
123
48
-2
43
56
26
67
48
42
-17
-52
-4
66
158
111
71
45
49
51
-16
-5
12
82
118
57
26
-22
17
43
78
133
124
140
102
74
44
105
168
221
326
310
322
326
363
414
404
449
422
417
457
489
578
551
518
498
466
533
543
547
494
402
388
321
327
312
218
188
78
64
19
-134
-164
-225
-193
-186
-310
-403
-503
-478
-474
-534
-514
-513
-419
-348
-434
-478
-453
-358
-302
-283
-288
-326
-257
-166
-80
-4
19
-4
-52
-102
-154
-147
-132
-64
61
127
111
-26
-151
-265
-261
-110
-58
-34
-103
-215
-306
-332
-260
-235
-189
-161
-171
-243
-319
-330
-280
-126
-69
-126
-226
-295
-275
-214
-121
-91
-16
52
36
13
-56
-84
-83
-29
-4
1
63
74
51
20
9
21
102
99
35
-22
-101
-39
51
158
213
177
119
-9
-2
26
54
148
235
350
310
245
185
210
358
324
309
304
402
623
588
482
309
256
401
450
547
477
376
342
282
388
427
454
398
292
289
211
162
80
85
215
289
260
106
-25
-116
-136
-145
-125
-113
-149
-182
-261
-246
-255
-257
-279
-297
-220
-236
-283
-392
-410
-330
-214
-114
-190
-288
-364
-335
-277
-213
-119
-77
-11
-19
-70
-201
-287
-226
-74
110
131
66
-72
-139
-88
-29
49
58
36
-72
-177
-235
-230
-145
-87
-40
-92
-183
-288
-344
-309
-247
-143
-127
-167
-276
-356
-324
-248
-140
-142
-152
-213
-264
-231
-240
-207
-175
-92
-34
-70
-109
-164
-150
-71
36
115
105
74
20
3
41
82
133
106
120
128
94
123
122
165
181
163
189
169
199
214
237
294
295
320
303
307
343
369
416
422
432
432
420
408
375
367
372
362
379
380
357
309
254
222
184
176
170
156
126
86
51
4
-16
-22
-3
-6
-41
-81
-160
-181
-160
-124
-115
-145
-161
-191
-182
-173
-146
-120
-108
-103
-131
-130
-137
-100
-72
-67
-70
-104
-110
-119
-81
-43
-30
-20
-45
-60
-96
-108
-91
-69
-25
-16
-5
-19
-40
-58
-83
-91
-99
-94
-107
-104
-102
-110
-114
-150
-179
-207
-228
-224
-232
-230
-229
-238
-239
-264
-282
-291
-302
-295
-292
-280
-258
-249
-227
-211
-201
-197
-208
-202
-196
-182
-158
-131
-89
-55
-25
-8
0
8
15
26
46
73
105
130
150
173
196
225
232
228
231
237
255
280
308
318
317
303
287
285
286
284
288
296
300
304
290
268
250
226
210
199
200
200
198
200
191
184
168
154
141
125
105
77
57
39
39
43
27
9
-14
-30
-31
-31
-23
-32
-45
-56
-64
-56
-56
-52
-53
-62
-72
-77
-69
-54
-32
-19
-21
-28
-43
-53
-47
-35
-12
-2
-4
-9
-15
-6
1
14
20
8
-9
-30
-44
-44
-39
-31
-37
-56
-77
-100
-115
-123
-133
-141
-168
-195
-215
-227
-220
-217
-215
-224
-239
-249
-262
-264
-259
-256
-248
-254
-258
-261
-259
-246
-235
-222
-209
-195
-179
-160
-143
-125
-107
-93
-74
-60
-41
-25
-8
12
28
43
55
67
78
90
107
119
130
141
148
157
171
185
203
219
232
244
249
255
259
263
268
266
268
258
249
242
231
230
219
205
186
163
150
136
130
123
110
95
72
58
48
44
43
38
36
32
29
24
21
18
15
12
8
5
3
3
7
12
19
23
22
21
19
17
11
6
1
-3
-3
-4
-7
-14
-18
-23
-29
-32
-36
-40
-44
-49
-54
-56
-59
-59
-60
-61
-57
-59
-58
-56
-56
-54
-60
-65
-72
-79
-84
-88
-89
-92
-98
-110
-127
-139
-149
-157
-161
-170
-181
-190
-201
-204
-206
-206
-207
-209
-203
-197
-189
-179
-175
-167
-164
-155
-140
-127
-109
-98
-83
-69
-53
-35
-23
-9
1
9
23
36
52
69
83
96
106
119
128
135
143
147
150
149
152
152
153
155
155
156
155
156
155
153
154
154
155
156
153
152
148
146
145
143
140
140
140
136
131
122
112
104
96
87
79
70
58
49
42
37
31
26
22
18
14
8
3
1
-2
-1
-5
-6
-9
-13
-16
-19
-20
-24
-27
-31
-36
-39
-41
-43
-39
-40
-36
-38
-40
-41
-42
-40
-37
-34
-31
-31
-35
-38
-45
-48
-53
-54
-52
-56
-58
-65
-68
-73
-76
-80
-83
-85
-89
-93
-98
-101
-102
-103
-105
-107
-110
-115
-120
-122
-124
-125
-126
-126
-125
-124
-120
-118
-114
-107
-99
-90
-83
-74
-63
-53
-43
-32
-21
-10
-1
7
15
23
29
36
44
50
53
57
59
60
61
62
66
68
70
71
73
76
79
84
88
92
94
91
90
90
89
90
91
91
90
89
87
86
84
81
79
75
73
69
65
62
59
58
56
56
55
53
53
51
49
46
40
38
36
36
33
31
29
28
26
26
26
23
24
25
28
29
29
29
27
29
31
33
33
29
25
20
16
13
10
5
-2
-5
-12
-17
-21
-27
-32
-34
-38
-42
-45
-48
-50
-52
-56
-61
-66
-72
-74
-77
-80
-84
-90
-96
-100
-103
-105
-106
-111
-115
-118
-120
-122
-123
-124
-124
-122
-120
-116
-111
-108
-102
-95
-88
-81
-76
-72
-67
-58
-50
-41
-31
-24
-17
-10
-1
6
14
23
30
39
45
52
56
61
66
68
68
71
71
72
74
75
74
74
73
68
67
64
65
67
67
68
69
68
66
63
60
59
56
55
55
53
51
48
48
46
44
40
35
31
28
27
26
26
26
26
25
24
22
21
20
21
21
23
24
24
24
25
28
29
30
32
35
36
37
37
37
39
40
40
40
40
37
37
34
33
29
24
18
14
10
6
1
-5
-10
-16
-20
-25
-31
-37
-44
-50
-55
-61
-67
-72
-78
-84
-87
-91
-94
-98
-101
-105
-110
-112
-114
-114
-110
-106
-102
-98
-96
-94
-91
-88
-84
-80
-75
-71
-65
-59
-52
-45
-38
-30
-23
-16
-9
-3
2
6
13
19
24
30
36
39
42
45
46
47
49
49
50
48
49
48
48
48
48
44
41
39
37
36
35
32
29
26
26
25
23
21
19
18
19
19
18
16
15
16
17
17
16
17
16
17
18
20
23
25
28
31
34
36
38
40
41
42
44
45
44
45
44
47
48
50
50
50
52
53
54
54
52
50
50
49
47
44
39
37
33
31
27
22
17
11
6
2
-4
-10
-16
-23
-29
-35
-40
-45
-51
-55
-59
-61
-64
-67
-72
-74
-77
-80
-82
-85
-88
-88
-88
-87
-85
-84
-81
-77
-72
-69
-66
-65
-62
-58
-55
-52
-47
-43
-39
-33
-30
-25
-23
-21
-17
-13
-10
-6
-3
-2
1
3
5
6
9
10
10
15
16
17
18
18
18
19
19
17
15
15
14
14
13
12
12
13
13
16
16
17
17
19
19
20
21
21
22
23
26
27
28
30
31
33
35
37
39
39
41
43
44
47
47
48
47
48
48
49
50
51
52
52
53
52
51
49
48
47
45
42
39
38
37
34
33
32
28
25
24
21
17
13
11
6
4
1
-3
-7
-9
-10
-15
-18
-22
-27
-31
-34
-37
-39
-42
-47
-48
-50
-51
-51
-54
-55
-57
-58
-60
-61
-63
-61
-62
-62
-60
-61
-61
-59
-57
-54
-53
-52
-50
-47
-44
-42
-39
-37
-35
-32
-29
-27
-23
-21
-18
-14
-11
-9
-7
-5
-4
-3
-1
-1
-1
1
1
2
3
3
4
6
5
7
8
8
10
9
9
10
10
10
10
10
11
11
12
13
13
16
15
18
18
20
21
22
23
26
28
28
31
32
35
37
41
43
46
47
48
49
50
50
50
50
50
50
50
50
49
50
49
49
49
47
46
42
40
38
36
34
32
30
27
25
22
20
17
12
10
5
3
0
-5
-7
-10
-13
-14
-16
-18
-20
-21
-21
-24
-25
-28
-31
-33
-35
-36
-39
-40
-40
-41
-41
-41
-42
-41
-42
-41
-43
-42
-43
-44
-44
-43
-42
-43
-42
-42
-41
-39
-37
-36
-34
-32
-32
-32
-32
-32
-32
-30
-29
-27
-27
-26
-25
-23
-21
-21
-20
-18
-17
-16
-14
-12
-12
-12
-11
-9
-7
-6
-5
-5
-5
-3
0
1
1
2
4
5
8
9
10
13
15
17
19
22
22
24
26
27
29
30
30
32
34
36
36
37
38
40
42
44
45
47
48
49
51
50
50
49
49
47
46
46
45
44
43
42
42
40
38
36
33
31
29
27
25
24
22
21
19
15
14
11
9
6
3
1
-2
-4
-7
-9
-11
-14
-15
-17
-18
-19
-22
-24
-25
-26
-27
-28
-29
-29
-30
-31
-32
-31
-31
-32
-31
-32
-32
-33
-34
-34
-35
-36
-37
-36
-37
-36
-36
-35
-35
-34
-33
-32
-31
-30
-29
-28
-28
-28
-28
-28
-28
-27
-27
-27
-26
-25
-24
-23
-23
-22
-21
-20
-18
-16
-15
-14
-13
-12
-11
-8
-9
-7
-6
-5
-3
-1
1
2
3
4
7
8
9
11
13
15
17
19
21
23
26
28
30
33
35
36
38
38
39
40
40
40
41
41
42
40
41
39
40
39
38
37
37
35
36
35
33
32
30
30
28
27
25
24
21
19
18
16
14
13
12
9
8
7
7
5
4
3
1
1
-1
0
-2
-2
-4
-6
-8
-9
-11
-11
-11
-12
-14
-16
-15
-17
-18
-19
-19
-20
-21
-20
-22
-22
-22
-22
-21
-21
-21
-20
-22
-21
-21
-20
-20
-19
-19
-18
-18
-18
-19
-19
-19
-19
-19
-19
-19
-19
-20
-20
-20
-20
-20
-20
-21
-19
-20
-21
-21
-21
-21
-19
-18
-18
-19
-19
-18
-19
-19
-19
-18
-19
-17
-16
-14
-14
-13
-12
-12
-10
-7
-6
-3
-1
2
3
6
9
11
14
16
18
18
20
22
22
24
25
27
27
29
30
32
33
33
35
35
36
35
37
37
36
37
36
36
34
34
33
31
29
27
25
23
22
20
19
17
16
15
14
12
13
12
12
11
10
10
10
8
6
3
1
-1
-1
-3
-4
-4
-6
-7
-8
-10
-10
-11
-11
-10
-11
-11
-11
-12
-12
-11
-12
-13
-14
-14
-16
-15
-17
-17
-17
-18
-19
-19
-19
-20
-20
-20
-20
-20
-19
-19
-19
-18
-19
-19
-18
-18
-19
-19
-19
-20
-19
-21
-21
-21
-22
-22
-21
-19
-19
-18
-18
-18
-18
-18
-17
-17
-16
-16
-14
-14
-12
-11
-10
-8
-7
-6
-5
-3
-1
0
1
3
5
6
8
8
10
12
13
15
17
18
19
21
23
24
24
26
26
27
27
28
27
28
28
28
28
27
26
26
26
26
26
25
26
26
24
25
23
23
21
20
19
18
16
14
12
10
9
7
6
5
4
3
1
1
-1
-2
-3
-4
-6
-6
-7
-8
-8
-8
-8
-10
-9
-10
-10
-10
-9
-9
-10
-10
-9
-10
-9
-9
-10
-9
-10
-9
-8
-9
-8
-9
-9
-9
-10
-10
-10
-10
-11
-11
-12
-11
-12
-13
-14
-14
-16
-17
-18
-18
-19
-18
-18
-19
-19
-18
-17
-17
-16
-16
-16
-16
-16
-16
-15
-15
-15
-15
-13
-13
-13
-12
-10
-10
-8
-8
-8
-7
-5
-3
-2
-1
1
4
6
7
7
8
9
11
13
13
13
15
16
17
19
21
21
21
22
21
22
22
23
22
22
23
23
21
21
20
19
19
17
17
15
14
13
12
11
9
9
7
7
7
6
6
6
5
5
5
4
5
4
3
3
3
1
2
1
2
1
1
2
2
3
2
3
4
4
4
3
3
2
2
1
1
1
-1
-2
-3
-4
-4
-4
-5
-6
-7
-7
-8
-8
-9
-10
-11
-11
-13
-14
-15
-16
-16
-18
-19
-20
-21
-21
-21
-22
-22
-22
-23
-22
-22
-21
-21
-20
-21
-19
-20
-18
-17
-15
-15
-13
-12
-12
-10
-8
-6
-4
-2
-1
1
2
4
4
6
6
6
8
9
10
10
12
10
12
11
11
13
12
13
14
14
14
15
14
13
13
12
13
11
12
11
11
11
11
11
10
10
10
10
10
9
9
8
8
7
7
6
5
5
4
4
4
4
4
2
4
4
3
4
3
3
2
2
2
2
3
3
4
3
3
4
4
4
3
2
3
2
2
2
2
1
0
-2
0
-1
-2
-2
-3
-2
-3
-2
-5
-4
-5
-6
-5
-5
-6
-5
-6
-6
-6
-7
-8
-9
-9
-9
-10
-8
-9
-9
-10
-11
-11
-11
-12
-13
-12
-11
-12
-13
-13
-12
-12
-10
-9
-10
-11
-9
-8
-8
-7
-7
-5
-5
-4
-3
-2
-2
-1
0
1
3
2
4
4
5
5
6
5
6
6
6
6
6
5
5
5
5
4
5
4
5
6
5
5
4
5
6
6
6
7
7
7
7
6
7
7
6
6
7
6
6
5
4
4
4
4
4
4
4
4
4
4
6
5
5
4
4
3
3
3
3
3
3
2
4
3
3
2
2
3
2
3
2
2
3
3
4
4
4
2
1
2
-1
0
-2
-2
-4
-4
-4
-4
-3
-3
-3
-5
-5
-5
-6
-5
-6
-7
-6
-6
-6
-6
-6
-5
-5
-6
-7
-7
-8
-8
-7
-8
-7
-6
-6
-4
-6
-6
-6
-6
-6
-7
-7
-6
-6
-5
-5
-5
-5
-4
-5
-4
-5
-4
-4
-5
-4
-3
-3
-2
-4
-3
-2
-2
-2
-1
0
1
1
1
2
3
2
3
3
4
3
2
2
3
2
3
2
3
4
4
5
6
6
6
7
8
6
6
7
6
7
8
8
9
8
8
8
9
8
8
7
7
7
6
7
6
6
6
6
5
4
4
4
3
2
1
1
1
1
1
1
1
0
1
1
0
1
0
1
1
1
1
1
1
1
2
1
1
0
-1
-1
-1
-1
-2
-2
-3
-4
-4
-5
-6
-5
-6
-6
-6
-6
-7
-7
-6
-7
-6
-7
-6
-6
-6
-6
-6
-7
-7
-6
-6
-5
-5
-5
-4
-5
-4
-5
-5
-4
-4
-4
-5
-4
-4
-5
-4
-4
-4
-4
-5
-3
-3
-3
-3
-2
-2
-2
0
0
0
0
0
0
1
1
1
2
2
3
4
3
4
3
3
3
3
2
4
4
3
3
2
3
2
3
3
3
2
3
3
3
4
4
4
4
6
6
6
6
7
7
6
7
7
7
6
6
7
7
8
7
6
6
7
6
6
5
5
4
4
5
3
3
2
1
2
1
0
0
-1
0
0
0
-1
-1
-2
-2
-2
-2
-2
-1
-2
-2
-2
-3
-3
-3
-3
-4
-4
-5
-4
-5
-5
-6
-7
-7
-7
-8
-7
-8
-7
-7
-6
-7
-7
-7
-7
-7
-6
-7
-7
-7
-7
-6
-6
-6
-6
-5
-4
-3
-3
-2
-2
-1
0
-1
-1
0
0
1
1
2
0
1
1
1
1
1
2
1
1
1
2
1
1
3
2
3
2
2
2
3
3
2
3
2
2
1
1
2
3
2
1
1
1
2
3
2
3
3
4
4
3
4
4
4
4
4
4
4
4
5
4
5
4
4
5
5
5
5
5
5
4
4
4
4
3
3
3
4
3
4
3
3
2
2
2
3
2
2
0
1
1
0
0
-1
-1
-2
-2
-3
-4
-3
-4
-4
-4
-3
-3
-3
-3
-2
-3
-3
-3
-3
-4
-5
-5
-5
-5
-5
-6
-6
-5
-5
-6
-5
-5
-5
-5
-5
-5
-4
-3
-3
-4
-3
-3
-3
-3
-4
-3
-3
-3
-4
-4
-3
-4
-2
-2
-2
-2
-1
-1
0
-1
0
1
1
2
1
1
1
0
0
0
1
0
0
1
1
1
1
1
1
2
3
3
3
3
3
3
4
4
4
4
4
5
3
3
3
3
4
3
3
2
3
3
4
4
3
4
3
4
3
2
3
3
4
4
4
3
3
3
4
3
2
2
2
2
2
2
0
2
2
1
1
1
0
0
0
1
1
0
-1
-1
-2
-2
-2
-2
-1
-3
-2
-3
-2
-2
-2
-2
-2
-2
-3
-2
-3
-2
-2
-2
-1
-3
-3
-3
-2
-3
-2
-2
-3
-3
-3
-3
-4
-2
-2
-2
-1
-1
-2
-2
-1
-1
0
0
-1
0
-1
0
0
0
-1
0
0
0
-1
-1
-1
0
0
0
-1
-1
-1
-1
0
0
1
1
1
1
1
1
1
1
0
1
0
1
1
1
0
1
1
1
1
1
1
2
2
2
1
1
2
2
2
2
1
2
3
1
1
1
0
0
0
1
2
0
0
1
1
1
1
1
1
2
2
2
2
1
1
2
0
1
1
0
-1
-1
0
0
-1
-1
0
-1
0
0
-1
0
0
0
0
0
0
0
0
0
0
-1
0
-1
-1
-2
-1
-1
0
-1
0
0
0
0
1
0
0
0
0
-1
1
0
0
-1
-1
-1
0
-1
-2
-2
-3
-3
-3
-2
-3
-2
-2
-3
-2
-1
-2
-1
0
0
-1
0
0
0
-1
-1
-1
-1
-1
-1
-1
-1
-1
0
0
0
1
1
0
1
0
0
0
0
1
2
1
2
2
1
1
1
0
0
-1
0
1
1
1
1
1
2
2
3
2
2
3
2
3
3
2
2
3
2
1
1
0
1
1
0
0
0
-1
0
-1
0
0
0
0
0
0
0
0
-1
0
0
1
0
0
0
0
0
0
0
0
-1
0
-1
-1
-1
0
0
0
-1
-1
-1
0
-1
0
-1
-1
-1
-1
-1
-1
0
-1
0
-1
-1
-2
-1
-1
-1
0
-1
0
1
0
0
0
0
0
0
1
0
0
-1
-1
-1
0
-2
-1
0
-1
0
-1
-1
0
0
0
0
0
1
0
0
1
0
0
1
0
0
1
0
0
0
1
0
0
0
1
0
0
0
0
0
-1
-1
0
-1
0
0
0
-1
0
0
-1
0
0
1
1
1
1
1
1
1
1
1
1
1
0
1
0
0
0
0
0
1
1
1
0
0
0
-1
0
1
0
-1
0
0
0
0
0
0
1
1
0
0
1
0
1
1
1
1
1
1
0
0
0
1
1
1
1
1
1
0
0
0
0
-1
0
0
-1
-1
-1
-1
-1
0
0
0
0
0
0
-1
0
-1
0
-1
0
0
-1
0
0
0
0
-1
-1
0
-1
-1
-1
-2
-1
-2
0
-1
0
0
1
0
0
0
-1
0
-1
-1
-1
-1
-1
-1
-1
-1
0
-1
-1
0
-1
0
0
0
0
0
1
1
2
1
2
2
2
2
2
1
2
1
1
1
0
0
0
0
1
0
0
1
0
1
1
2
1
1
0
1
-1
0
0
-1
0
0
0
0
-1
0
0
1
0
1
1
1
0
0
1
1
1
2
1
0
0
0
0
0
0
-1
0
-2
0
-2
-1
-1
-2
-2
-3
-2
-2
-1
-1
-1
-1
-1
-1
0
1
1
1
1
1
0
1
0
1
0
1
1
1
0
0
-1
0
0
0
0
0
0
0
-1
-1
0
-2
0
0
-1
-1
-1
-2
-1
-1
0
-1
0
0
0
1
0
1
0
1
0
0
0
0
1
1
1
1
0
0
0
0
0
0
0
0
-1
0
0
0
-1
-1
-1
0
0
0
0
0
0
0
0
0
1
0
0
1
-1
0
0
0
0
0
0
1
0
0
1
1
1
1
0
1
1
0
0
0
0
-1
-1
-1
-1
0
-1
-1
0
0
0
1
0
0
1
1
1
0
0
1
1
1
2
1
0
1
0
0
1
0
0
-1
0
0
1
-1
-1
0
-1
-1
-1
0
-2
-1
-1
0
0
-1
-1
0
0
1
0
0
-1
-1
-1
-1
0
-1
0
-1
-1
-1
0
-1
0
0
-2
0
0
-1
-1
-1
0
0
-1
-1
-1
-1
-1
-1
-1
0
1
1
1
1
1
1
1
0
1
1
1
1
1
-1
0
0
0
1
0
0
0
0
0
0
-1
0
0
0
0
1
1
1
1
1
1
1
1
0
1
0
1
0
1
0
0
0
1
1
0
1
0
1
0
0
0
0
0
0
-1
0
-1
-1
-1
0
-1
-1
0
0
-1
-1
0
0
0
1
0
1
1
0
1
1
0
1
1
1
0
0
0
0
0
0
0
-1
1
-1
0
0
-1
-1
-2
-1
0
-1
-1
0
0
0
0
0
0
-1
-1
-1
-1
-1
-1
0
0
1
0
1
0
-1
-1
0
-1
0
0
0
-2
-1
-1
-1
-1
-1
-1
-1
0
0
0
0
0
0
0
0
1
0
0
1
1
1
1
1
1
1
1
1
1
1
1
1
2
1
1
0
1
0
1
1
0
0
0
-1
0
-1
0
0
0
0
-1
0
0
0
-1
0
-1
0
0
1
0
0
0
0
1
1
0
0
0
0
1
0
0
0
0
0
0
0
0
0
-1
-1
-1
-1
0
0
0
0
1
0
0
1
1
0
1
1
0
0
0
1
0
1
0
0
0
1
1
0
0
0
0
0
0
0
1
0
0
0
0
0
0
1
0
0
0
-1
0
0
0
1
-1
0
0
-1
-1
0
-1
-1
-1
0
-2
0
1
0
-1
0
-1
-2
0
-1
-1
0
-1
-1
-1
0
0
-1
0
0
0
1
1
0
1
1
0
1
0
0
0
0
1
0
1
1
0
0
0
0
0
0
0
0
0
0
0
0
0
0
0
1
0
0
1
0
1
0
1
1
1
1
0
1
0
0
0
0
0
0
-1
1
0
0
1
1
2
0
0
0
0
0
0
0
1
0
1
1
0
0
1
0
0
1
1
1
1
0
0
0
0
0
1
0
0
1
0
0
1
1
1
0
-1
-1
0
0
-1
-1
0
-1
0
0
0
-1
0
0
0
-1
-2
-1
-1
-1
-1
-1
-1
-1
-1
-1
0
-1
-1
-1
-1
-1
-1
-1
-1
-1
-1
-1
-1
-1
-1
0
0
-1
-1
0
0
0
0
0
0
-1
0
0
0
0
0
0
0
0
1
0
1
0
1
1
0
1
1
1
1
1
1
1
0
1
1
2
1
0
1
0
0
1
0
2
0
0
0
1
1
0
0
0
-1
1
1
0
0
0
1
0
-1
-1
0
-1
-1
-1
0
0
-1
-1
-1
0
-1
0
0
0
0
1
1
0
1
1
0
0
-1
-1
-1
-1
-1
0
-1
0
0
0
0
0
0
0
0
0
0
0
0
-1
-1
0
-1
-1
-1
0
-2
0
0
-1
0
0
0
-1
-1
0
0
-1
0
0
0
-1
0
0
1
1
1
0
0
0
0
0
1
0
0
0
-1
0
0
0
0
0
-1
0
0
-1
0
1
1
0
0
0
1
0
0
1
0
0
-1
0
0
0
1
0
1
0
1
0
1
0
1
1
0
1
0
0
0
-1
0
-1
-1
-1
-1
0
-2
0
-1
0
0
-1
-1
-1
0
0
0
1
0
0
0
0
0
1
2
1
1
1
0
1
1
1
0
1
1
0
-1
0
0
0
-1
-1
-1
-1
-1
-1
0
-1
0
0
-1
0
0
0
0
0
0
0
0
-1
0
0
0
0
0
0
1
1
0
0
0
-1
0
0
0
0
-1
-1
0
-1
-1
1
0
0
0
0
-1
0
0
0
1
0
0
1
0
1
1
0
1
0
2
0
0
1
1
1
1
0
0
1
0
1
0
0
0
0
0
0
-1
0
-1
-1
-1
0
-1
-1
-1
0
0
1
1
0
1
2
2
1
1
2
1
1
0
0
0
-1
0
0
-2
-1
-1
-1
-1
0
0
0
0
1
-1
0
