-4.000000
-13.000000
4.000000
-3.000000
-14.000000
4.000000
2.000000
-9.000000
2.000000
5.000000
1.000000
14.000000
9.000000
10.000000
11.000000
14.000000
5.000000
-4.000000
-2.000000
-7.000000
-11.000000
-7.000000
10.000000
3.000000
-8.000000
-13.000000
1.000000
12.000000
4.000000
-1.000000
-22.000000
-22.000000
-15.000000
-2.000000
4.000000
1.000000
-8.000000
-4.000000
5.000000
-7.000000
-7.000000
-6.000000
3.000000
3.000000
-10.000000
2.000000
5.000000
-9.000000
-1.000000
4.000000
-1.000000
3.000000
9.000000
14.000000
12.000000
21.000000
23.000000
21.000000
6.000000
5.000000
19.000000
18.000000
21.000000
2.000000
3.000000
11.000000
1.000000
-12.000000
-14.000000
-5.000000
0.000000
14.000000
13.000000
8.000000
0.000000
2.000000
15.000000
11.000000
6.000000
-3.000000
1.000000
2.000000
-10.000000
6.000000
11.000000
-5.000000
-6.000000
-3.000000
1.000000
-1.000000
7.000000
-3.000000
-13.000000
6.000000
-2.000000
0.000000
-6.000000
6.000000
4.000000
-1.000000
2.000000
14.000000
31.000000
12.000000
-4.000000
6.000000
14.000000
-3.000000
-8.000000
-9.000000
-18.000000
-3.000000
2.000000
-15.000000
-2.000000
-5.000000
-13.000000
-23.000000
-6.000000
-5.000000
-14.000000
-14.000000
-13.000000
5.000000
-5.000000
-11.000000
-10.000000
-1.000000
0.000000
-11.000000
-8.000000
-19.000000
-24.000000
-9.000000
-6.000000
-9.000000
-20.000000
-32.000000
-16.000000
-13.000000
-30.000000
-23.000000
1.000000
2.000000
-13.000000
-8.000000
-5.000000
-14.000000
1.000000
-2.000000
13.000000
18.000000
4.000000
15.000000
16.000000
19.000000
6.000000
7.000000
4.000000
10.000000
9.000000
-3.000000
-2.000000
9.000000
16.000000
9.000000
9.000000
6.000000
12.000000
26.000000
16.000000
24.000000
24.000000
6.000000
11.000000
22.000000
18.000000
8.000000
13.000000
16.000000
14.000000
6.000000
5.000000
7.000000
12.000000
-2.000000
-6.000000
14.000000
1.000000
-13.000000
-9.000000
10.000000
-4.000000
-5.000000
-1.000000
-5.000000
3.000000
7.000000
11.000000
9.000000
3.000000
-6.000000
-4.000000
13.000000
-5.000000
-5.000000
10.000000
1.000000
12.000000
4.000000
6.000000
3.000000
14.000000
14.000000
0.000000
-2.000000
-3.000000
11.000000
16.000000
15.000000
20.000000
16.000000
-3.000000
-2.000000
7.000000
5.000000
9.000000
-11.000000
-20.000000
-6.000000
-15.000000
-12.000000
-18.000000
-16.000000
-10.000000
-28.000000
-15.000000
-24.000000
-19.000000
-9.000000
-1.000000
-1.000000
-9.000000
-2.000000
-8.000000
-18.000000
-25.000000
-18.000000
-14.000000
-16.000000
-24.000000
-20.000000
-17.000000
-8.000000
-13.000000
-11.000000
-5.000000
-15.000000
-14.000000
-13.000000
-6.000000
-10.000000
-4.000000
1.000000
9.000000
0.000000
-2.000000
-4.000000
-10.000000
1.000000
2.000000
-2.000000
4.000000
16.000000
18.000000
4.000000
15.000000
15.000000
5.000000
1.000000
1.000000
12.000000
8.000000
16.000000
8.000000
5.000000
14.000000
2.000000
-2.000000
22.000000
25.000000
4.000000
12.000000
10.000000
9.000000
8.000000
13.000000
4.000000
11.000000
18.000000
7.000000
-5.000000
-2.000000
-1.000000
-5.000000
-13.000000
-17.000000
5.000000
9.000000
-2.000000
3.000000
5.000000
-2.000000
-2.000000
6.000000
9.000000
10.000000
8.000000
3.000000
-3.000000
-8.000000
0.000000
-3.000000
-9.000000
2.000000
13.000000
4.000000
-8.000000
-11.000000
-21.000000
-17.000000
-3.000000
1.000000
9.000000
3.000000
0.000000
22.000000
19.000000
16.000000
16.000000
0.000000
1.000000
6.000000
13.000000
5.000000
15.000000
13.000000
-2.000000
-4.000000
-21.000000
0.000000
3.000000
-11.000000
-12.000000
-14.000000
-11.000000
-22.000000
-6.000000
-1.000000
-12.000000
-11.000000
-10.000000
4.000000
5.000000
-4.000000
-1.000000
-3.000000
-5.000000
-1.000000
2.000000
6.000000
-6.000000
6.000000
-14.000000
-12.000000
-6.000000
-20.000000
-5.000000
-22.000000
-19.000000
-15.000000
-21.000000
-18.000000
-6.000000
1.000000
6.000000
3.000000
-5.000000
12.000000
15.000000
10.000000
6.000000
3.000000
16.000000
13.000000
-9.000000
0.000000
16.000000
4.000000
6.000000
-2.000000
6.000000
-6.000000
-7.000000
6.000000
-8.000000
1.000000
-1.000000
-1.000000
1.000000
-14.000000
4.000000
18.000000
5.000000
14.000000
9.000000
7.000000
7.000000
17.000000
22.000000
1.000000
0.000000
5.000000
11.000000
0.000000
-10.000000
-4.000000
-5.000000
-15.000000
-7.000000
-3.000000
-9.000000
-20.000000
-11.000000
-2.000000
3.000000
-6.000000
-5.000000
7.000000
-1.000000
3.000000
6.000000
4.000000
9.000000
9.000000
6.000000
3.000000
6.000000
4.000000
-7.000000
-3.000000
2.000000
6.000000
0.000000
-3.000000
-1.000000
6.000000
5.000000
3.000000
19.000000
10.000000
4.000000
25.000000
20.000000
0.000000
6.000000
21.000000
16.000000
10.000000
3.000000
10.000000
-8.000000
9.000000
-1.000000
-6.000000
1.000000
-13.000000
-2.000000
-14.000000
-4.000000
-2.000000
-10.000000
-14.000000
-10.000000
-15.000000
-15.000000
-18.000000
14.000000
-2.000000
2.000000
9.000000
1.000000
19.000000
-15.000000
5.000000
-7.000000
4.000000
-6.000000
-2.000000
24.000000
-8.000000
-9.000000
-15.000000
-15.000000
-20.000000
-15.000000
-4.000000
-9.000000
3.000000
10.000000
12.000000
-9.000000
7.000000
-6.000000
-7.000000
5.000000
1.000000
-4.000000
-16.000000
11.000000
4.000000
15.000000
-8.000000
7.000000
-10.000000
0.000000
1.000000
-5.000000
-1.000000
-8.000000
0.000000
3.000000
-4.000000
-15.000000
0.000000
1.000000
4.000000
-14.000000
9.000000
1.000000
-11.000000
3.000000
-4.000000
-10.000000
-6.000000
-7.000000
12.000000
0.000000
-2.000000
-17.000000
-22.000000
-4.000000
7.000000
-3.000000
-1.000000
4.000000
4.000000
-5.000000
-2.000000
3.000000
-3.000000
14.000000
9.000000
2.000000
7.000000
7.000000
14.000000
23.000000
11.000000
22.000000
17.000000
8.000000
30.000000
32.000000
15.000000
4.000000
13.000000
8.000000
1.000000
11.000000
8.000000
3.000000
-11.000000
-11.000000
12.000000
0.000000
-3.000000
-1.000000
2.000000
-1.000000
-2.000000
-5.000000
-1.000000
-8.000000
-7.000000
-6.000000
-14.000000
1.000000
-10.000000
-7.000000
0.000000
4.000000
0.000000
12.000000
-2.000000
12.000000
11.000000
-3.000000
7.000000
-1.000000
19.000000
7.000000
4.000000
1.000000
-14.000000
-16.000000
-14.000000
-13.000000
-14.000000
-5.000000
-18.000000
-24.000000
-10.000000
5.000000
19.000000
4.000000
-1.000000
-9.000000
-8.000000
3.000000
1.000000
9.000000
-2.000000
0.000000
-12.000000
-13.000000
-4.000000
7.000000
-8.000000
-10.000000
13.000000
4.000000
-5.000000
2.000000
13.000000
4.000000
17.000000
-2.000000
11.000000
7.000000
-11.000000
-4.000000
8.000000
1.000000
-7.000000
3.000000
9.000000
-5.000000
-12.000000
3.000000
5.000000
-2.000000
-4.000000
-6.000000
-14.000000
-11.000000
-20.000000
-7.000000
6.000000
7.000000
-3.000000
-7.000000
5.000000
1.000000
0.000000
4.000000
4.000000
-9.000000
-8.000000
-3.000000
6.000000
3.000000
0.000000
7.000000
3.000000
-6.000000
-5.000000
4.000000
0.000000
6.000000
4.000000
-2.000000
7.000000
14.000000
15.000000
4.000000
11.000000
16.000000
6.000000
13.000000
10.000000
15.000000
7.000000
3.000000
3.000000
13.000000
5.000000
-8.000000
1.000000
2.000000
7.000000
3.000000
14.000000
5.000000
-10.000000
-5.000000
-7.000000
1.000000
10.000000
0.000000
-12.000000
-3.000000
-5.000000
-13.000000
-5.000000
-6.000000
-10.000000
-2.000000
-7.000000
1.000000
11.000000
12.000000
-5.000000
6.000000
10.000000
4.000000
2.000000
1.000000
4.000000
-2.000000
-13.000000
-5.000000
-5.000000
-10.000000
-5.000000
-7.000000
-10.000000
-5.000000
9.000000
-3.000000
-2.000000
-9.000000
-5.000000
7.000000
2.000000
-2.000000
7.000000
12.000000
-4.000000
2.000000
12.000000
11.000000
10.000000
13.000000
6.000000
4.000000
12.000000
19.000000
9.000000
12.000000
-2.000000
-14.000000
-4.000000
-9.000000
-1.000000
-2.000000
5.000000
5.000000
-19.000000
-12.000000
-3.000000
-6.000000
-7.000000
9.000000
-2.000000
-13.000000
-3.000000
-4.000000
-11.000000
6.000000
11.000000
-6.000000
-5.000000
-2.000000
-7.000000
2.000000
6.000000
6.000000
9.000000
18.000000
13.000000
-4.000000
-6.000000
5.000000
-7.000000
-4.000000
0.000000
-13.000000
-9.000000
-9.000000
1.000000
-8.000000
-8.000000
5.000000
18.000000
10.000000
7.000000
8.000000
-5.000000
1.000000
-1.000000
-5.000000
-10.000000
-4.000000
-9.000000
-16.000000
-12.000000
-18.000000
-4.000000
-2.000000
15.000000
13.000000
3.000000
1.000000
8.000000
25.000000
12.000000
12.000000
13.000000
8.000000
-9.000000
-1.000000
-8.000000
-19.000000
-9.000000
-7.000000
2.000000
5.000000
-8.000000
0.000000
13.000000
12.000000
0.000000
6.000000
16.000000
-10.000000
-3.000000
-10.000000
3.000000
14.000000
10.000000
10.000000
14.000000
13.000000
-4.000000
12.000000
-8.000000
-6.000000
9.000000
-13.000000
2.000000
1.000000
-8.000000
-7.000000
-11.000000
-1.000000
-12.000000
1.000000
8.000000
2.000000
-2.000000
10.000000
4.000000
-14.000000
0.000000
1.000000
-5.000000
-2.000000
-5.000000
7.000000
0.000000
-22.000000
-6.000000
-8.000000
-21.000000
1.000000
-8.000000
-9.000000
3.000000
-6.000000
-18.000000
-13.000000
8.000000
-12.000000
-8.000000
0.000000
1.000000
-3.000000
5.000000
5.000000
4.000000
15.000000
2.000000
-14.000000
-11.000000
9.000000
14.000000
8.000000
-5.000000
5.000000
1.000000
2.000000
3.000000
-4.000000
-10.000000
-15.000000
-11.000000
-19.000000
-11.000000
-1.000000
10.000000
-1.000000
9.000000
2.000000
-1.000000
15.000000
17.000000
19.000000
-1.000000
1.000000
-2.000000
-12.000000
-18.000000
-17.000000
-8.000000
-2.000000
-4.000000
-6.000000
1.000000
-2.000000
9.000000
9.000000
2.000000
12.000000
5.000000
16.000000
17.000000
6.000000
7.000000
-4.000000
6.000000
3.000000
1.000000
0.000000
-5.000000
7.000000
-3.000000
-4.000000
6.000000
7.000000
2.000000
0.000000
20.000000
12.000000
9.000000
6.000000
1.000000
10.000000
4.000000
-9.000000
-5.000000
-4.000000
5.000000
12.000000
-3.000000
2.000000
6.000000
12.000000
20.000000
3.000000
-2.000000
-9.000000
-9.000000
-6.000000
-8.000000
-5.000000
-4.000000
-3.000000
-16.000000
-8.000000
9.000000
3.000000
1.000000
-3.000000
9.000000
8.000000
-2.000000
-1.000000
0.000000
-2.000000
7.000000
2.000000
-5.000000
-14.000000
-9.000000
-5.000000
4.000000
5.000000
-4.000000
6.000000
-3.000000
-16.000000
-6.000000
16.000000
0.000000
-9.000000
7.000000
7.000000
-1.000000
3.000000
5.000000
9.000000
5.000000
-7.000000
-12.000000
-8.000000
4.000000
-3.000000
-2.000000
-25.000000
-32.000000
-13.000000
-3.000000
0.000000
-14.000000
-2.000000
7.000000
1.000000
-7.000000
1.000000
8.000000
3.000000
1.000000
2.000000
5.000000
-5.000000
5.000000
6.000000
-9.000000
-5.000000
0.000000
-9.000000
-11.000000
-1.000000
-4.000000
2.000000
20.000000
10.000000
26.000000
11.000000
5.000000
19.000000
0.000000
5.000000
-3.000000
-13.000000
3.000000
4.000000
4.000000
-9.000000
-10.000000
-3.000000
-13.000000
-4.000000
13.000000
2.000000
-8.000000
-4.000000
8.000000
11.000000
4.000000
9.000000
-3.000000
-5.000000
1.000000
-7.000000
-5.000000
-2.000000
2.000000
-9.000000
2.000000
4.000000
-1.000000
6.000000
12.000000
21.000000
12.000000
8.000000
12.000000
-2.000000
-10.000000
2.000000
-10.000000
-10.000000
-2.000000
-16.000000
-7.000000
-10.000000
-14.000000
3.000000
3.000000
-1.000000
-6.000000
-2.000000
2.000000
5.000000
5.000000
-13.000000
-9.000000
-2.000000
-4.000000
-12.000000
-14.000000
-2.000000
-3.000000
-10.000000
-3.000000
8.000000
7.000000
12.000000
15.000000
13.000000
-1.000000
3.000000
13.000000
11.000000
0.000000
-13.000000
-3.000000
-1.000000
0.000000
-3.000000
-6.000000
6.000000
9.000000
11.000000
12.000000
19.000000
17.000000
7.000000
10.000000
1.000000
-3.000000
2.000000
14.000000
14.000000
-5.000000
-11.000000
-19.000000
-12.000000
-8.000000
2.000000
12.000000
6.000000
-3.000000
1.000000
-13.000000
-14.000000
8.000000
10.000000
-4.000000
1.000000
-1.000000
-7.000000
7.000000
1.000000
9.000000
7.000000
-5.000000
3.000000
8.000000
12.000000
4.000000
-1.000000
4.000000
-6.000000
0.000000
-10.000000
-16.000000
-1.000000
-14.000000
-14.000000
-12.000000
2.000000
7.000000
11.000000
8.000000
9.000000
0.000000
8.000000
21.000000
5.000000
13.000000
-5.000000
-4.000000
6.000000
3.000000
18.000000
12.000000
5.000000
12.000000
16.000000
11.000000
14.000000
4.000000
13.000000
6.000000
-6.000000
3.000000
1.000000
-9.000000
-21.000000
-7.000000
5.000000
8.000000
1.000000
11.000000
20.000000
-5.000000
-1.000000
-6.000000
-12.000000
-11.000000
-9.000000
-11.000000
-4.000000
0.000000
5.000000
-1.000000
-9.000000
-13.000000
7.000000
7.000000
6.000000
16.000000
16.000000
13.000000
6.000000
-1.000000
-4.000000
-3.000000
7.000000
-3.000000
0.000000
11.000000
-4.000000
-10.000000
-17.000000
-12.000000
-6.000000
-8.000000
-4.000000
1.000000
-5.000000
-12.000000
-1.000000
6.000000
7.000000
6.000000
-1.000000
-14.000000
-5.000000
-3.000000
-8.000000
-11.000000
-14.000000
-15.000000
-25.000000
-22.000000
-11.000000
-23.000000
-28.000000
-23.000000
-17.000000
16.000000
-13.000000
-27.000000
-18.000000
-18.000000
-3.000000
-1.000000
7.000000
9.000000
1.000000
5.000000
2.000000
4.000000
2.000000
-2.000000
2.000000
0.000000
-3.000000
-10.000000
-2.000000
-16.000000
-4.000000
-5.000000
-5.000000
-8.000000
-5.000000
6.000000
14.000000
17.000000
3.000000
-7.000000
-3.000000
27.000000
9.000000
2.000000
0.000000
9.000000
19.000000
9.000000
15.000000
17.000000
13.000000
1.000000
-1.000000
6.000000
9.000000
4.000000
0.000000
4.000000
4.000000
-6.000000
-7.000000
6.000000
24.000000
29.000000
19.000000
20.000000
17.000000
15.000000
21.000000
18.000000
14.000000
14.000000
11.000000
2.000000
11.000000
10.000000
0.000000
-7.000000
-13.000000
4.000000
7.000000
0.000000
-6.000000
0.000000
4.000000
5.000000
6.000000
-2.000000
-13.000000
-19.000000
-12.000000
3.000000
-14.000000
-19.000000
-4.000000
-1.000000
-14.000000
-14.000000
0.000000
0.000000
-8.000000
6.000000
12.000000
-10.000000
-3.000000
9.000000
8.000000
9.000000
-4.000000
-5.000000
-19.000000
-13.000000
-15.000000
-12.000000
2.000000
-9.000000
-3.000000
-8.000000
1.000000
4.000000
-10.000000
-12.000000
-20.000000
-1.000000
4.000000
12.000000
-3.000000
-1.000000
2.000000
-2.000000
0.000000
1.000000
24.000000
4.000000
-5.000000
-6.000000
-16.000000
-6.000000
-2.000000
-8.000000
-18.000000
-6.000000
-22.000000
-36.000000
-20.000000
0.000000
-1.000000
-5.000000
-7.000000
11.000000
21.000000
21.000000
21.000000
16.000000
24.000000
16.000000
17.000000
12.000000
15.000000
10.000000
15.000000
17.000000
11.000000
-6.000000
-15.000000
2.000000
-10.000000
-4.000000
9.000000
14.000000
6.000000
22.000000
29.000000
32.000000
2.000000
-17.000000
5.000000
5.000000
3.000000
-9.000000
-13.000000
-18.000000
-19.000000
7.000000
10.000000
2.000000
-4.000000
-7.000000
17.000000
32.000000
-1.000000
12.000000
8.000000
8.000000
5.000000
5.000000
7.000000
-15.000000
-26.000000
-7.000000
4.000000
-20.000000
-26.000000
-30.000000
-21.000000
-24.000000
-22.000000
-19.000000
-33.000000
-24.000000
-4.000000
6.000000
-4.000000
-27.000000
-30.000000
-43.000000
-17.000000
4.000000
2.000000
8.000000
-28.000000
-26.000000
9.000000
17.000000
18.000000
-11.000000
-19.000000
-36.000000
-13.000000
9.000000
18.000000
11.000000
-28.000000
-28.000000
-3.000000
-6.000000
-14.000000
4.000000
2.000000
28.000000
-2.000000
-5.000000
4.000000
-7.000000
0.000000
16.000000
14.000000
-29.000000
-42.000000
-27.000000
8.000000
26.000000
-5.000000
-7.000000
-2.000000
-40.000000
6.000000
25.000000
13.000000
-1.000000
-15.000000
5.000000
-1.000000
14.000000
-17.000000
0.000000
-27.000000
-46.000000
-7.000000
-20.000000
-12.000000
-23.000000
-18.000000
-11.000000
-35.000000
-51.000000
-6.000000
10.000000
24.000000
7.000000
17.000000
-12.000000
-11.000000
-8.000000
15.000000
48.000000
26.000000
14.000000
7.000000
-9.000000
-6.000000
25.000000
29.000000
35.000000
12.000000
-6.000000
-7.000000
18.000000
-12.000000
22.000000
44.000000
-15.000000
-28.000000
-34.000000
-25.000000
15.000000
0.000000
13.000000
5.000000
-25.000000
-36.000000
5.000000
36.000000
0.000000
5.000000
-10.000000
-2.000000
0.000000
-3.000000
10.000000
30.000000
15.000000
27.000000
19.000000
4.000000
1.000000
-1.000000
7.000000
14.000000
-7.000000
-29.000000
3.000000
-18.000000
-31.000000
-27.000000
-36.000000
-27.000000
-2.000000
-15.000000
-23.000000
-4.000000
-20.000000
14.000000
3.000000
10.000000
7.000000
23.000000
9.000000
27.000000
20.000000
-3.000000
7.000000
25.000000
33.000000
13.000000
19.000000
-17.000000
30.000000
-33.000000
0.000000
-5.000000
-20.000000
-20.000000
-49.000000
13.000000
-23.000000
-26.000000
-42.000000
33.000000
42.000000
16.000000
-11.000000
-34.000000
-62.000000
-19.000000
17.000000
50.000000
-11.000000
-180.000000
-228.000000
-173.000000
-48.000000
-55.000000
-79.000000
-182.000000
-256.000000
-306.000000
-163.000000
-48.000000
14.000000
-141.000000
-146.000000
-85.000000
-259.000000
-50.000000
-125.000000
126.000000
-33.000000
-57.000000
-24.000000
-158.000000
-96.000000
-46.000000
359.000000
373.000000
250.000000
45.000000
5.000000
211.000000
495.000000
645.000000
810.000000
555.000000
261.000000
215.000000
601.000000
810.000000
703.000000
693.000000
459.000000
353.000000
214.000000
395.000000
536.000000
514.000000
316.000000
257.000000
126.000000
-84.000000
-105.000000
2.000000
242.000000
-17.000000
-94.000000
-508.000000
-584.000000
-578.000000
-498.000000
-144.000000
-438.000000
-592.000000
-1037.000000
-1099.000000
-774.000000
-609.000000
-475.000000
-629.000000
-982.000000
-1058.000000
-1268.000000
-492.000000
-496.000000
-466.000000
-612.000000
-968.000000
-632.000000
-815.000000
-348.000000
-250.000000
-169.000000
-360.000000
-422.000000
-237.000000
-152.000000
-109.000000
220.000000
191.000000
316.000000
37.000000
80.000000
492.000000
361.000000
803.000000
722.000000
708.000000
645.000000
590.000000
956.000000
1213.000000
1247.000000
1278.000000
986.000000
1298.000000
1150.000000
1451.000000
1764.000000
1034.000000
1571.000000
565.000000
1329.000000
1391.000000
1126.000000
1233.000000
328.000000
619.000000
235.000000
492.000000
492.000000
100.000000
-79.000000
-649.000000
-587.000000
-483.000000
-1109.000000
-501.000000
-1183.000000
-1187.000000
-1356.000000
-1886.000000
-1501.000000
-1643.000000
-1332.000000
-1377.000000
-1556.000000
-1753.000000
-1994.000000
-1416.000000
-1185.000000
-980.000000
-766.000000
-1404.000000
-981.000000
-952.000000
-674.000000
-121.000000
-354.000000
-28.000000
-329.000000
-291.000000
35.000000
203.000000
459.000000
190.000000
521.000000
126.000000
36.000000
480.000000
141.000000
466.000000
298.000000
-73.000000
304.000000
-295.000000
-258.000000
-114.000000
-25.000000
-118.000000
-238.000000
-208.000000
-429.000000
-18.000000
-70.000000
258.000000
480.000000
78.000000
467.000000
867.000000
764.000000
1242.000000
1137.000000
1136.000000
1678.000000
1952.000000
1694.000000
2068.000000
1345.000000
1378.000000
2731.000000
2368.000000
2526.000000
2035.000000
1500.000000
1506.000000
2044.000000
2241.000000
2153.000000
1705.000000
765.000000
692.000000
1037.000000
255.000000
805.000000
213.000000
-691.000000
-382.000000
-1447.000000
-1388.000000
-1682.000000
-1832.000000
-1738.000000
-1822.000000
-2543.000000
-3236.000000
-2877.000000
-2984.000000
-2457.000000
-1857.000000
-2749.000000
-2855.000000
-2856.000000
-2957.000000
-1835.000000
-1442.000000
-1469.000000
-1426.000000
-1815.000000
-1741.000000
-954.000000
-301.000000
-150.000000
137.000000
-261.000000
-475.000000
174.000000
347.000000
739.000000
1200.000000
762.000000
777.000000
568.000000
349.000000
944.000000
999.000000
662.000000
957.000000
655.000000
-267.000000
55.000000
-92.000000
77.000000
405.000000
57.000000
-518.000000
-763.000000
-869.000000
-193.000000
492.000000
27.000000
-6.000000
-14.000000
-416.000000
188.000000
1147.000000
902.000000
1465.000000
1197.000000
982.000000
1483.000000
1258.000000
2233.000000
2418.000000
2542.000000
2110.000000
2488.000000
1581.000000
1675.000000
3453.000000
3033.000000
3094.000000
2254.000000
1471.000000
1720.000000
2073.000000
2333.000000
2784.000000
1618.000000
522.000000
307.000000
394.000000
-146.000000
231.000000
-2.000000
-1152.000000
-1570.000000
-2621.000000
-2604.000000
-2331.000000
-2850.000000
-2500.000000
-2694.000000
-4014.000000
-4308.000000
-4141.000000
-3578.000000
-2995.000000
-2576.000000
-3410.000000
-3750.000000
-3604.000000
-3334.000000
-1923.000000
-1633.000000
-1576.000000
-1326.000000
-2029.000000
-1861.000000
-637.000000
36.000000
531.000000
533.000000
362.000000
-10.000000
567.000000
1175.000000
1759.000000
1975.000000
1351.000000
1496.000000
1254.000000
569.000000
1389.000000
1761.000000
1314.000000
1185.000000
250.000000
398.000000
-156.000000
-115.000000
233.000000
517.000000
-107.000000
-857.000000
-586.000000
-740.000000
-140.000000
572.000000
245.000000
61.000000
-79.000000
-53.000000
1029.000000
1223.000000
1330.000000
1617.000000
1350.000000
1587.000000
1919.000000
2527.000000
2540.000000
2780.000000
1620.000000
2081.000000
3663.000000
2874.000000
3405.000000
2433.000000
2265.000000
2273.000000
2701.000000
2663.000000
2549.000000
1803.000000
972.000000
1093.000000
831.000000
2.000000
291.000000
-555.000000
-1358.000000
-1185.000000
-2385.000000
-2414.000000
-3064.000000
-3465.000000
-3034.000000
-3047.000000
-3999.000000
-4706.000000
-4774.000000
-4304.000000
-3620.000000
-3070.000000
-3982.000000
-3925.000000
-3903.000000
-3712.000000
-2488.000000
-2351.000000
-1741.000000
-1525.000000
-2005.000000
-1786.000000
-993.000000
-112.000000
484.000000
577.000000
259.000000
287.000000
1021.000000
1217.000000
1769.000000
2179.000000
1672.000000
1950.000000
1363.000000
1413.000000
1773.000000
1143.000000
1491.000000
1084.000000
1158.000000
304.000000
221.000000
-97.000000
-555.000000
214.000000
53.000000
-63.000000
-1059.000000
-1457.000000
-505.000000
328.000000
149.000000
-83.000000
19.000000
-76.000000
476.000000
880.000000
1767.000000
2057.000000
1276.000000
1353.000000
2437.000000
2795.000000
3132.000000
3382.000000
2884.000000
1647.000000
3131.000000
4553.000000
4079.000000
4111.000000
2309.000000
2971.000000
2698.000000
3319.000000
3828.000000
3240.000000
1769.000000
1046.000000
1167.000000
1083.000000
558.000000
384.000000
-923.000000
-1426.000000
-1773.000000
-2721.000000
-2720.000000
-4074.000000
-3825.000000
-3308.000000
-3929.000000
-5110.000000
-5802.000000
-5942.000000
-4953.000000
-4145.000000
-4004.000000
-4975.000000
-5295.000000
-5193.000000
-4124.000000
-2868.000000
-2761.000000
-2104.000000
-2545.000000
-3055.000000
-2049.000000
-778.000000
22.000000
478.000000
240.000000
145.000000
235.000000
844.000000
1560.000000
2498.000000
2250.000000
2160.000000
1422.000000
1138.000000
1680.000000
2068.000000
2488.000000
1960.000000
1023.000000
210.000000
552.000000
497.000000
560.000000
550.000000
394.000000
-226.000000
-818.000000
-1162.000000
-173.000000
194.000000
559.000000
169.000000
-136.000000
-156.000000
333.000000
913.000000
2035.000000
2397.000000
1693.000000
1665.000000
1852.000000
2509.000000
3466.000000
4191.000000
3848.000000
3228.000000
1047.000000
4152.000000
4841.000000
4887.000000
4446.000000
3004.000000
2953.000000
2302.000000
3738.000000
3929.000000
3894.000000
1900.000000
837.000000
806.000000
553.000000
-35.000000
753.000000
-1204.000000
-1447.000000
-2657.000000
-3740.000000
-3591.000000
-4452.000000
-3824.000000
-3782.000000
-4364.000000
-6146.000000
-6878.000000
-6276.000000
-5291.000000
-4209.000000
-4297.000000
-5905.000000
-5713.000000
-5681.000000
-4349.000000
-2988.000000
-2636.000000
-2178.000000
-2751.000000
-3269.000000
-2417.000000
-481.000000
202.000000
625.000000
712.000000
29.000000
83.000000
1063.000000
1798.000000
2811.000000
2647.000000
1592.000000
2023.000000
1533.000000
618.000000
2478.000000
3455.000000
1577.000000
1130.000000
412.000000
713.000000
658.000000
151.000000
1271.000000
1092.000000
-435.000000
-1651.000000
-418.000000
-360.000000
416.000000
970.000000
-91.000000
16.000000
-323.000000
-22.000000
2256.000000
2536.000000
1833.000000
2465.000000
1782.000000
2474.000000
3016.000000
4110.000000
4741.000000
4254.000000
2333.000000
1339.000000
5781.000000
4543.000000
5322.000000
4234.000000
2633.000000
2989.000000
2974.000000
3539.000000
4091.000000
3344.000000
1275.000000
673.000000
420.000000
-153.000000
-223.000000
-48.000000
-2119.000000
-1700.000000
-4106.000000
-4344.000000
-4332.000000
-5274.000000
-4381.000000
-4004.000000
-5638.000000
-7058.000000
-7696.000000
-6786.000000
-5114.000000
-4086.000000
-5446.000000
-6512.000000
-5898.000000
-6028.000000
-3734.000000
-2942.000000
-2327.000000
-2093.000000
-3073.000000
-3237.000000
-1442.000000
80.000000
913.000000
1224.000000
868.000000
208.000000
1014.000000
1544.000000
2660.000000
3632.000000
2993.000000
2065.000000
1796.000000
2028.000000
787.000000
3940.000000
3375.000000
1808.000000
719.000000
-74.000000
1464.000000
936.000000
572.000000
1224.000000
843.000000
-897.000000
-1571.000000
-370.000000
63.000000
726.000000
762.000000
-450.000000
338.000000
-276.000000
597.000000
2870.000000
2198.000000
1919.000000
2615.000000
2154.000000
2536.000000
3716.000000
4624.000000
4654.000000
3690.000000
954.000000
4239.000000
5658.000000
4678.000000
5177.000000
3136.000000
2702.000000
3002.000000
4150.000000
3712.000000
3707.000000
2171.000000
1042.000000
655.000000
19.000000
-550.000000
852.000000
-1472.000000
-2452.000000
-2919.000000
-4813.000000
-4263.000000
-5129.000000
-5130.000000
-4649.000000
-5192.000000
-6991.000000
-8017.000000
-7530.000000
-6364.000000
-4693.000000
-4795.000000
-7217.000000
-6487.000000
-6195.000000
-4994.000000
-3131.000000
-3048.000000
-2396.000000
-2636.000000
-3381.000000
-2275.000000
-373.000000
756.000000
1328.000000
1286.000000
365.000000
630.000000
2022.000000
2419.000000
3380.000000
3501.000000
2038.000000
3046.000000
1566.000000
538.000000
3952.000000
3337.000000
2731.000000
936.000000
284.000000
818.000000
807.000000
1157.000000
1244.000000
999.000000
-819.000000
-1153.000000
-296.000000
-892.000000
835.000000
1104.000000
-261.000000
341.000000
-814.000000
697.000000
2683.000000
2490.000000
1954.000000
2642.000000
2387.000000
2780.000000
3403.000000
4545.000000
4972.000000
4965.000000
1019.000000
3201.000000
6417.000000
4459.000000
6274.000000
3377.000000
3200.000000
2937.000000
3917.000000
4078.000000
4344.000000
2880.000000
1068.000000
1210.000000
505.000000
-933.000000
722.000000
-683.000000
-2111.000000
-2337.000000
-5486.000000
-4063.000000
-5177.000000
-5562.000000
-4889.000000
-5022.000000
-6862.000000
-8151.000000
-8500.000000
-7572.000000
-5290.000000
-4449.000000
-7128.000000
-7237.000000
-7080.000000
-6102.000000
-3475.000000
-3625.000000
-2568.000000
-2914.000000
-3661.000000
-3164.000000
-1057.000000
267.000000
1032.000000
1452.000000
640.000000
56.000000
1672.000000
2204.000000
3663.000000
3313.000000
2287.000000
3527.000000
1077.000000
1858.000000
2518.000000
3872.000000
2899.000000
1556.000000
1075.000000
163.000000
1100.000000
1153.000000
1564.000000
981.000000
-663.000000
-401.000000
-376.000000
-1302.000000
683.000000
711.000000
1135.000000
-22.000000
-774.000000
574.000000
2404.000000
2381.000000
2411.000000
2503.000000
3449.000000
2315.000000
4342.000000
4204.000000
5140.000000
4026.000000
1202.000000
7093.000000
4445.000000
5962.000000
4558.000000
3877.000000
3444.000000
3593.000000
5218.000000
4748.000000
3404.000000
1738.000000
1021.000000
2155.000000
639.000000
-398.000000
836.000000
-2479.000000
-1167.000000
-4158.000000
-4575.000000
-4404.000000
-5440.000000
-5055.000000
-5551.000000
-6363.000000
-7650.000000
-8465.000000
-7738.000000
-7355.000000
-5240.000000
-6118.000000
-8158.000000
-7327.000000
-7495.000000
-4406.000000
-3901.000000
-3707.000000
-3541.000000
-4089.000000
-3517.000000
-1976.000000
-378.000000
247.000000
730.000000
1228.000000
9.000000
950.000000
2306.000000
3062.000000
3895.000000
2083.000000
3669.000000
1816.000000
1732.000000
3172.000000
2889.000000
3903.000000
2219.000000
1717.000000
671.000000
621.000000
1781.000000
1664.000000
1413.000000
23.000000
-522.000000
-53.000000
-817.000000
644.000000
523.000000
848.000000
1138.000000
-464.000000
710.000000
1401.000000
2513.000000
3597.000000
1901.000000
3168.000000
3302.000000
4066.000000
4370.000000
4262.000000
3270.000000
2426.000000
7313.000000
4794.000000
5416.000000
4132.000000
3136.000000
4221.000000
4228.000000
4998.000000
4959.000000
3167.000000
1101.000000
1401.000000
1818.000000
1210.000000
147.000000
-110.000000
-2698.000000
-1398.000000
-3853.000000
-4556.000000
-4427.000000
-6060.000000
-5209.000000
-5424.000000
-7011.000000
-8159.000000
-9007.000000
-7962.000000
-6821.000000
-5959.000000
-7101.000000
-8448.000000
-7783.000000
-7508.000000
-4315.000000
-3950.000000
-4228.000000
-3836.000000
-4493.000000
-3635.000000
-1563.000000
-422.000000
105.000000
362.000000
639.000000
264.000000
1324.000000
2118.000000
3070.000000
3381.000000
2660.000000
3489.000000
1761.000000
2617.000000
3024.000000
3534.000000
3716.000000
2476.000000
1743.000000
855.000000
1560.000000
2055.000000
1786.000000
1318.000000
451.000000
3.000000
-118.000000
-205.000000
1090.000000
831.000000
1221.000000
949.000000
-94.000000
1679.000000
1153.000000
3442.000000
3457.000000
2321.000000
3940.000000
3518.000000
4400.000000
4221.000000
4039.000000
1723.000000
6534.000000
6537.000000
4916.000000
4727.000000
3157.000000
3688.000000
4662.000000
5480.000000
4613.000000
4538.000000
1222.000000
1476.000000
1911.000000
1743.000000
584.000000
915.000000
-2411.000000
-2146.000000
-2999.000000
-4442.000000
-3585.000000
-5376.000000
-5846.000000
-5554.000000
-6318.000000
-8276.000000
-8584.000000
-8406.000000
-7306.000000
-6349.000000
-6677.000000
-8898.000000
-8069.000000
-8062.000000
-5780.000000
-3950.000000
-4803.000000
-4391.000000
-4474.000000
-4743.000000
-2768.000000
-657.000000
-343.000000
58.000000
103.000000
-198.000000
605.000000
2157.000000
2595.000000
2492.000000
3401.000000
2912.000000
1788.000000
3021.000000
2420.000000
3283.000000
3634.000000
3437.000000
2560.000000
567.000000
1223.000000
2464.000000
2539.000000
1287.000000
817.000000
1020.000000
-333.000000
-32.000000
511.000000
1066.000000
2117.000000
777.000000
518.000000
1013.000000
1557.000000
2724.000000
3294.000000
4065.000000
2933.000000
3657.000000
4366.000000
4260.000000
4476.000000
765.000000
5803.000000
7573.000000
4834.000000
5147.000000
2307.000000
3664.000000
4083.000000
5594.000000
5519.000000
3956.000000
2455.000000
153.000000
1560.000000
2515.000000
652.000000
1373.000000
-1878.000000
-2649.000000
-2421.000000
-5003.000000
-3188.000000
-4880.000000
-5618.000000
-5641.000000
-6415.000000
-7490.000000
-9069.000000
-8526.000000
-7682.000000
-6408.000000
-5854.000000
-9127.000000
-8867.000000
-8288.000000
-6426.000000
-3824.000000
-4934.000000
-4360.000000
-4894.000000
-5240.000000
-3409.000000
-1119.000000
-59.000000
-155.000000
34.000000
-412.000000
-191.000000
2090.000000
1553.000000
3328.000000
3280.000000
2340.000000
3119.000000
2106.000000
2535.000000
2317.000000
4239.000000
4368.000000
2952.000000
934.000000
467.000000
2480.000000
2310.000000
2114.000000
1990.000000
522.000000
176.000000
-200.000000
276.000000
2342.000000
2240.000000
1575.000000
1011.000000
942.000000
2340.000000
2544.000000
4257.000000
4033.000000
4023.000000
4319.000000
3068.000000
6002.000000
1962.000000
1378.000000
8069.000000
6724.000000
6095.000000
3121.000000
1799.000000
3729.000000
4486.000000
6681.000000
5038.000000
3901.000000
662.000000
-173.000000
2653.000000
1385.000000
1902.000000
970.000000
-3063.000000
-2152.000000
-4419.000000
-4035.000000
-2847.000000
-5119.000000
-5393.000000
-6201.000000
-6700.000000
-8545.000000
-8788.000000
-8097.000000
-7396.000000
-5362.000000
-7294.000000
-9783.000000
-9007.000000
-8215.000000
-4442.000000
-3986.000000
-5159.000000
-4889.000000
-5654.000000
-5167.000000
-2766.000000
-315.000000
-166.000000
-526.000000
-564.000000
-1344.000000
534.000000
1150.000000
2008.000000
4269.000000
1441.000000
1976.000000
2463.000000
2175.000000
2462.000000
2991.000000
4356.000000
3844.000000
1989.000000
192.000000
1549.000000
3316.000000
2457.000000
2738.000000
1402.000000
-235.000000
740.000000
409.000000
1845.000000
2852.000000
2401.000000
1643.000000
1425.000000
1335.000000
3081.000000
3570.000000
5501.000000
3970.000000
4069.000000
4241.000000
3830.000000
4890.000000
-247.000000
8065.000000
6616.000000
6079.000000
4499.000000
1148.000000
3047.000000
3924.000000
7368.000000
5936.000000
3413.000000
1040.000000
100.000000
1410.000000
2966.000000
795.000000
2723.000000
-2984.000000
-2528.000000
-3870.000000
-4696.000000
-2200.000000
-4627.000000
-5013.000000
-6195.000000
-7128.000000
-7715.000000
-8910.000000
-7980.000000
-7096.000000
-6054.000000
-6092.000000
-10087.000000
-9037.000000
-9029.000000
-4840.000000
-3362.000000
-5029.000000
-5382.000000
-6145.000000
-5393.000000
-3069.000000
-1214.000000
-91.000000
-514.000000
-583.000000
-1727.000000
-577.000000
1189.000000
1383.000000
4581.000000
1203.000000
2034.000000
1614.000000
1832.000000
2487.000000
3008.000000
4699.000000
3450.000000
2041.000000
518.000000
1127.000000
2839.000000
3195.000000
3302.000000
1857.000000
-580.000000
753.000000
683.000000
2428.000000
2838.000000
2666.000000
2121.000000
1435.000000
1939.000000
2519.000000
4157.000000
5598.000000
5331.000000
3674.000000
3411.000000
5265.000000
3198.000000
905.000000
8449.000000
6908.000000
6350.000000
3787.000000
1193.000000
2644.000000
3879.000000
7657.000000
6265.000000
3746.000000
-475.000000
-559.000000
1926.000000
2081.000000
1908.000000
1613.000000
-3232.000000
-2547.000000
-5035.000000
-4486.000000
-2452.000000
-4606.000000
-5131.000000
-6677.000000
-7370.000000
-8617.000000
-8652.000000
-8040.000000
-7261.000000
-5524.000000
-6911.000000
-9950.000000
-9703.000000
-9360.000000
-4412.000000
-3132.000000
-4678.000000
-5571.000000
-6858.000000
-5649.000000
-2763.000000
-185.000000
-369.000000
-389.000000
-1026.000000
-1809.000000
-688.000000
497.000000
3765.000000
3617.000000
843.000000
2086.000000
1907.000000
1269.000000
2538.000000
4452.000000
4899.000000
2829.000000
1282.000000
870.000000
1904.000000
2381.000000
3331.000000
4308.000000
1063.000000
-429.000000
155.000000
1682.000000
3412.000000
3224.000000
2608.000000
2461.000000
1745.000000
2335.000000
3244.000000
5235.000000
6308.000000
6139.000000
3192.000000
3665.000000
5562.000000
678.000000
5912.000000
8576.000000
6520.000000
6050.000000
2207.000000
1941.000000
2925.000000
6151.000000
7174.000000
5787.000000
2269.000000
-1443.000000
174.000000
2312.000000
1637.000000
3264.000000
-1491.000000
-3152.000000
-3362.000000
-6115.000000
-3340.000000
-3376.000000
-4518.000000
-5839.000000
-7348.000000
-8613.000000
-9264.000000
-8404.000000
-7631.000000
-6424.000000
-5692.000000
-9265.000000
-9800.000000
-10161.000000
-7412.000000
-3113.000000
-4211.000000
-4838.000000
-6266.000000
-6947.000000
-4810.000000
-1377.000000
43.000000
-465.000000
-743.000000
-1921.000000
-1842.000000
-755.000000
1816.000000
4308.000000
2153.000000
1282.000000
1372.000000
903.000000
1419.000000
3233.000000
5138.000000
4163.000000
1976.000000
481.000000
963.000000
2247.000000
2709.000000
4247.000000
3120.000000
542.000000
-255.000000
229.000000
2970.000000
4305.000000
3393.000000
2926.000000
1755.000000
2220.000000
3281.000000
4379.000000
6764.000000
6490.000000
5475.000000
2911.000000
5117.000000
2793.000000
2181.000000
9452.000000
7062.000000
7038.000000
3964.000000
1412.000000
2348.000000
4219.000000
7622.000000
7009.000000
4142.000000
-158.000000
-1547.000000
1051.000000
1960.000000
2878.000000
1640.000000
-3575.000000
-3128.000000
-5903.000000
-5070.000000
-2786.000000
-4232.000000
-5064.000000
-6853.000000
-8339.000000
-9351.000000
-9296.000000
-7974.000000
-7047.000000
-5565.000000
-7652.000000
-10245.000000
-10026.000000
-9656.000000
-4626.000000
-3251.000000
-4446.000000
-5472.000000
-7285.000000
-6434.000000
-3132.000000
-311.000000
213.000000
-581.000000
-1283.000000
-2710.000000
-1876.000000
803.000000
3539.000000
3687.000000
1353.000000
1669.000000
684.000000
1195.000000
2461.000000
4566.000000
5124.000000
2993.000000
1145.000000
888.000000
1784.000000
2898.000000
3572.000000
3875.000000
2739.000000
-52.000000
-181.000000
1892.000000
4039.000000
4294.000000
3971.000000
2602.000000
2239.000000
2525.000000
3939.000000
5850.000000
7933.000000
6031.000000
4350.000000
4185.000000
4039.000000
1693.000000
6561.000000
9099.000000
6806.000000
5996.000000
1450.000000
2131.000000
2521.000000
6198.000000
7501.000000
6046.000000
1404.000000
-1516.000000
-834.000000
1196.000000
2265.000000
2632.000000
-1491.000000
-3706.000000
-4877.000000
-6864.000000
-3755.000000
-4155.000000
-4452.000000
-6132.000000
-8172.000000
-9506.000000
-9986.000000
-9410.000000
-7850.000000
-6183.000000
-6259.000000
-9594.000000
-10642.000000
-10783.000000
-7467.000000
-3632.000000
-3962.000000
-4288.000000
-6660.000000
-7572.000000
-5126.000000
-1489.000000
128.000000
336.000000
-668.000000
-2276.000000
-2895.000000
-284.000000
2539.000000
4356.000000
2836.000000
1383.000000
1416.000000
317.000000
2315.000000
4289.000000
5331.000000
4171.000000
2059.000000
1125.000000
1393.000000
2680.000000
3365.000000
4360.000000
3823.000000
1087.000000
-65.000000
835.000000
3091.000000
4587.000000
4718.000000
3565.000000
2451.000000
2707.000000
3526.000000
4798.000000
7756.000000
8160.000000
5139.000000
4230.000000
4994.000000
1757.000000
4684.000000
9826.000000
7654.000000
7201.000000
3082.000000
1992.000000
2153.000000
5096.000000
7811.000000
7294.000000
3429.000000
-858.000000
-1156.000000
281.000000
2079.000000
3454.000000
62.000000
-3598.000000
-4055.000000
-7011.000000
-4795.000000
-3830.000000
-4843.000000
-5871.000000
-7489.000000
-9266.000000
-10200.000000
-10061.000000
-8986.000000
-7223.000000
-6177.000000
-8579.000000
-10518.000000
-11188.000000
-9534.000000
-4731.000000
-4268.000000
-4385.000000
-5452.000000
-7509.000000
-6653.000000
-3065.000000
-491.000000
153.000000
-136.000000
-1858.000000
-3066.000000
-1530.000000
894.000000
3888.000000
3570.000000
1584.000000
1300.000000
295.000000
1307.000000
3381.000000
4833.000000
4469.000000
2959.000000
1366.000000
1120.000000
2019.000000
2919.000000
3797.000000
3962.000000
2063.000000
605.000000
171.000000
1677.000000
3865.000000
4662.000000
4466.000000
2927.000000
2416.000000
3265.000000
4325.000000
6114.000000
8314.000000
7194.000000
4705.000000
4885.000000
4635.000000
1122.000000
8071.000000
9063.000000
7660.000000
6335.000000
2267.000000
2133.000000
2197.000000
6755.000000
8127.000000
6640.000000
1683.000000
-1503.000000
-1032.000000
828.000000
2429.000000
3624.000000
-1811.000000
-3227.000000
-5484.000000
-7312.000000
-3939.000000
-4184.000000
-4841.000000
-6458.000000
-8115.000000
-9882.000000
-10577.000000
-9926.000000
-8561.000000
-6537.000000
-6731.000000
-9796.000000
-10471.000000
-11619.000000
-7802.000000
-4251.000000
-4369.000000
-4259.000000
-6191.000000
-7595.000000
-5639.000000
-2160.000000
-301.000000
606.000000
-72.000000
-2242.000000
-2701.000000
-965.000000
1715.000000
4598.000000
3346.000000
2072.000000
1195.000000
210.000000
1841.000000
4273.000000
5188.000000
4397.000000
2743.000000
1064.000000
1296.000000
2190.000000
3108.000000
4561.000000
3959.000000
1434.000000
184.000000
644.000000
2468.000000
4331.000000
4972.000000
4563.000000
2999.000000
2553.000000
3377.000000
4922.000000
7521.000000
7910.000000
7116.000000
4819.000000
5136.000000
1548.000000
4474.000000
9908.000000
8043.000000
8366.000000
4405.000000
2322.000000
1135.000000
3958.000000
7768.000000
8320.000000
4790.000000
239.000000
-2006.000000
-982.000000
590.000000
3697.000000
1637.000000
-2482.000000
-3957.000000
-8113.000000
-6475.000000
-4604.000000
-4494.000000
-4961.000000
-6965.000000
-9643.000000
-11453.000000
-11568.000000
-9577.000000
-7210.000000
-5794.000000
-8615.000000
-10542.000000
-11968.000000
-10919.000000
-6150.000000
-4337.000000
-3434.000000
-4802.000000
-7490.000000
-7687.000000
-4540.000000
-1457.000000
560.000000
1357.000000
-601.000000
-2943.000000
-2529.000000
-690.000000
3709.000000
4631.000000
3148.000000
2179.000000
94.000000
486.000000
2377.000000
4898.000000
5583.000000
4061.000000
1796.000000
614.000000
1494.000000
2225.000000
3941.000000
4774.000000
3146.000000
1581.000000
277.000000
1265.000000
4132.000000
4730.000000
5396.000000
4321.000000
3122.000000
3243.000000
4411.000000
6919.000000
8159.000000
8337.000000
5777.000000
5047.000000
1424.000000
5075.000000
9138.000000
8786.000000
8919.000000
5753.000000
2855.000000
1073.000000
4320.000000
7407.000000
8608.000000
5670.000000
1562.000000
-1349.000000
-1193.000000
-94.000000
3498.000000
2034.000000
-1281.000000
-3884.000000
-7894.000000
-6876.000000
-5318.000000
-4725.000000
-4969.000000
-6336.000000
-9380.000000
-11938.000000
-11971.000000
-10130.000000
-7948.000000
-6019.000000
-8193.000000
-10297.000000
-12300.000000
-11382.000000
-7266.000000
-4998.000000
-3649.000000
-4700.000000
-7186.000000
-7702.000000
-5319.000000
-2479.000000
-22.000000
1411.000000
-24.000000
-2699.000000
-2582.000000
-1051.000000
2514.000000
4016.000000
3688.000000
2839.000000
615.000000
342.000000
1783.000000
3949.000000
5299.000000
4713.000000
2312.000000
950.000000
1205.000000
1707.000000
2807.000000
4385.000000
3754.000000
2034.000000
539.000000
877.000000
3241.000000
4362.000000
4856.000000
5135.000000
3828.000000
3226.000000
3655.000000
6310.000000
7790.000000
8222.000000
7225.000000
5577.000000
3390.000000
2216.000000
7948.000000
8683.000000
9307.000000
7947.000000
4253.000000
1574.000000
2100.000000
6064.000000
8163.000000
7629.000000
3939.000000
35.000000
-1864.000000
-1081.000000
1267.000000
2915.000000
244.000000
-1635.000000
-5955.000000
-8299.000000
-6757.000000
-5778.000000
-4826.000000
-4978.000000
-7155.000000
-10692.000000
-12703.000000
-11811.000000
-9583.000000
-6678.000000
-6265.000000
-8646.000000
-11054.000000
-12565.000000
-9545.000000
-6388.000000
-4284.000000
-3430.000000
-5244.000000
-7048.000000
-6524.000000
-4522.000000
-1855.000000
701.000000
1851.000000
-464.000000
-2155.000000
-2234.000000
-215.000000
3180.000000
3518.000000
4261.000000
2965.000000
872.000000
686.000000
1819.000000
4031.000000
5203.000000
4212.000000
2596.000000
1679.000000
1093.000000
857.000000
2962.000000
4395.000000
3690.000000
2216.000000
628.000000
1453.000000
2839.000000
3583.000000
4819.000000
5329.000000
4332.000000
3141.000000
3903.000000
6121.000000
7068.000000
7815.000000
7439.000000
6476.000000
2400.000000
3508.000000
7449.000000
8001.000000
9832.000000
8108.000000
4769.000000
1582.000000
2479.000000
5665.000000
7740.000000
7564.000000
4479.000000
348.000000
-1851.000000
-1730.000000
990.000000
1666.000000
527.000000
-1086.000000
-6182.000000
-8307.000000
-7870.000000
-6981.000000
-5023.000000
-4698.000000
-6998.000000
-10830.000000
-12985.000000
-12583.000000
-10231.000000
-6701.000000
-6351.000000
-8314.000000
-11466.000000
-12206.000000
-9615.000000
-7269.000000
-4647.000000
-3259.000000
-4688.000000
-6367.000000
-6169.000000
-4844.000000
-2156.000000
774.000000
1761.000000
485.000000
-1398.000000
-1698.000000
391.000000
2315.000000
3488.000000
4609.000000
3479.000000
1637.000000
1424.000000
2197.000000
3414.000000
4435.000000
4179.000000
3510.000000
2455.000000
1208.000000
1276.000000
2194.000000
3378.000000
3789.000000
2624.000000
1754.000000
2315.000000
2489.000000
2633.000000
4337.000000
4890.000000
4636.000000
4107.000000
5005.000000
5669.000000
5987.000000
6778.000000
7035.000000
6814.000000
2965.000000
4823.000000
6135.000000
6769.000000
8977.000000
7655.000000
5206.000000
2316.000000
2652.000000
4591.000000
6763.000000
7015.000000
4608.000000
1156.000000
-1153.000000
-1835.000000
107.000000
319.000000
835.000000
-708.000000
-5453.000000
-7411.000000
-8351.000000
-7830.000000
-5812.000000
-4822.000000
-6502.000000
-9630.000000
-12327.000000
-12931.000000
-10632.000000
-7444.000000
-6608.000000
-7681.000000
-10268.000000
-11113.000000
-9720.000000
-8168.000000
-5165.000000
-3319.000000
-4168.000000
-5166.000000
-5445.000000
-4702.000000
-2803.000000
-177.000000
1293.000000
1137.000000
-402.000000
-1150.000000
732.000000
1314.000000
2777.000000
4075.000000
3467.000000
2716.000000
2020.000000
2561.000000
2996.000000
3338.000000
3512.000000
3644.000000
3028.000000
1987.000000
2125.000000
2095.000000
2385.000000
2913.000000
2230.000000
2345.000000
3206.000000
3104.000000
3071.000000
3174.000000
4024.000000
4287.000000
4522.000000
5721.000000
6198.000000
5943.000000
5953.000000
6635.000000
6587.000000
4572.000000
4461.000000
6013.000000
6160.000000
8326.000000
7756.000000
5998.000000
3472.000000
2436.000000
3824.000000
5066.000000
6638.000000
5206.000000
2486.000000
-54.000000
-1619.000000
-1465.000000
-932.000000
-172.000000
-28.000000
-3497.000000
-6193.000000
-8139.000000
-8895.000000
-7603.000000
-6161.000000
-5589.000000
-7768.000000
-10636.000000
-12577.000000
-11987.000000
-9688.000000
-7704.000000
-7085.000000
-8281.000000
-9358.000000
-9620.000000
-9332.000000
-7020.000000
-4337.000000
-3540.000000
-3970.000000
-4019.000000
-4061.000000
-3515.000000
-1716.000000
481.000000
1484.000000
839.000000
130.000000
608.000000
1295.000000
1985.000000
2954.000000
3275.000000
3339.000000
2695.000000
2724.000000
2703.000000
2785.000000
3143.000000
2807.000000
2914.000000
2621.000000
2286.000000
1958.000000
2063.000000
2465.000000
1823.000000
1650.000000
2505.000000
3160.000000
3300.000000
3060.000000
3446.000000
3810.000000
3956.000000
4541.000000
5869.000000
6261.000000
6056.000000
6388.000000
6721.000000
6559.000000
3980.000000
4455.000000
6060.000000
7155.000000
8658.000000
7769.000000
5939.000000
3227.000000
2566.000000
3340.000000
5096.000000
6529.000000
5226.000000
2737.000000
105.000000
-1610.000000
-1718.000000
-1860.000000
-648.000000
-176.000000
-3240.000000
-5859.000000
-7825.000000
-8996.000000
-8317.000000
-6735.000000
-6210.000000
-7692.000000
-9766.000000
-11489.000000
-11482.000000
-9986.000000
-8409.000000
-7678.000000
-8061.000000
-8291.000000
-8365.000000
-8402.000000
-6923.000000
-4772.000000
-4354.000000
-4196.000000
-3526.000000
-3165.000000
-2498.000000
-979.000000
284.000000
475.000000
-109.000000
251.000000
1426.000000
2111.000000
2637.000000
3167.000000
2513.000000
2050.000000
2655.000000
2661.000000
3195.000000
3768.000000
3375.000000
2294.000000
1933.000000
1797.000000
1876.000000
2348.000000
2907.000000
2565.000000
1382.000000
794.000000
1709.000000
2321.000000
2800.000000
3601.000000
3310.000000
3489.000000
3236.000000
3895.000000
4659.000000
5689.000000
6084.000000
6549.000000
6698.000000
6078.000000
4504.000000
3556.000000
5706.000000
6424.000000
8033.000000
7664.000000
6472.000000
4295.000000
2715.000000
3194.000000
3792.000000
5082.000000
4722.000000
3682.000000
1948.000000
-301.000000
-1734.000000
-2448.000000
-2414.000000
-1359.000000
-2427.000000
-4168.000000
-5863.000000
-7847.000000
-8584.000000
-8282.000000
-7693.000000
-7707.000000
-8304.000000
-9404.000000
-10153.000000
-9958.000000
-9467.000000
-8687.000000
-8385.000000
-7932.000000
-7279.000000
-7331.000000
-6660.000000
-5122.000000
-4607.000000
-4616.000000
-3715.000000
-2788.000000
-2223.000000
-731.000000
644.000000
807.000000
250.000000
46.000000
1226.000000
1904.000000
2835.000000
3470.000000
3189.000000
2900.000000
2594.000000
2421.000000
2885.000000
3517.000000
3639.000000
3125.000000
2610.000000
2157.000000
1732.000000
1917.000000
2409.000000
2827.000000
1810.000000
1278.000000
1642.000000
1718.000000
2353.000000
3074.000000
3231.000000
3383.000000
3180.000000
3272.000000
3983.000000
4760.000000
5494.000000
5898.000000
6464.000000
5992.000000
5825.000000
4162.000000
3975.000000
5912.000000
5861.000000
7008.000000
6995.000000
6203.000000
4506.000000
3193.000000
2858.000000
3015.000000
3744.000000
3524.000000
3448.000000
2343.000000
-282.000000
-2047.000000
-3047.000000
-3298.000000
-2436.000000
-3295.000000
-4258.000000
-5350.000000
-7396.000000
-8641.000000
-8530.000000
-8004.000000
-8140.000000
-8521.000000
-9147.000000
-9340.000000
-9130.000000
-9142.000000
-8340.000000
-7902.000000
-7963.000000
-7330.000000
-6802.000000
-5789.000000
-4577.000000
-4064.000000
-3698.000000
-3325.000000
-2837.000000
-2026.000000
-430.000000
615.000000
1063.000000
1163.000000
745.000000
1423.000000
1287.000000
2139.000000
3184.000000
3340.000000
3350.000000
2812.000000
2688.000000
2419.000000
2821.000000
2910.000000
2737.000000
2742.000000
1998.000000
1769.000000
1919.000000
1868.000000
1903.000000
1265.000000
1187.000000
1672.000000
1579.000000
1920.000000
2695.000000
2907.000000
2840.000000
3088.000000
3241.000000
3643.000000
4310.000000
4819.000000
5501.000000
5895.000000
5999.000000
5857.000000
5300.000000
3850.000000
5055.000000
5081.000000
5145.000000
6769.000000
6455.000000
5612.000000
3850.000000
2971.000000
2189.000000
2609.000000
3110.000000
3253.000000
2843.000000
740.000000
-1019.000000
-2187.000000
-3341.000000
-2903.000000
-3159.000000
-4393.000000
-4825.000000
-6148.000000
-7353.000000
-7650.000000
-7540.000000
-7785.000000
-8133.000000
-8748.000000
-9175.000000
-8609.000000
-8092.000000
-7196.000000
-6736.000000
-7384.000000
-7324.000000
-6948.000000
-6203.000000
-4410.000000
-2908.000000
-2627.000000
-2486.000000
-2453.000000
-2488.000000
-1179.000000
482.000000
1422.000000
1767.000000
1231.000000
1215.000000
1563.000000
1680.000000
2867.000000
3302.000000
2822.000000
2586.000000
2267.000000
2400.000000
2633.000000
3069.000000
2776.000000
2263.000000
1465.000000
801.000000
1282.000000
1601.000000
1995.000000
1648.000000
651.000000
384.000000
506.000000
776.000000
1725.000000
2462.000000
2750.000000
2147.000000
2202.000000
2643.000000
3370.000000
4103.000000
4526.000000
5192.000000
4873.000000
5233.000000
5431.000000
5449.000000
4345.000000
4502.000000
4489.000000
4483.000000
5584.000000
5794.000000
5946.000000
4407.000000
3357.000000
2231.000000
1871.000000
2098.000000
2501.000000
2504.000000
1249.000000
-86.000000
-1661.000000
-3072.000000
-3284.000000
-3294.000000
-4067.000000
-4647.000000
-5732.000000
-6584.000000
-7150.000000
-7231.000000
-7063.000000
-7670.000000
-8411.000000
-8645.000000
-8284.000000
-7897.000000
-7076.000000
-6390.000000
-6483.000000
-6335.000000
-6031.000000
-5775.000000
-4658.000000
-3271.000000
-2491.000000
-1922.000000
-1666.000000
-1447.000000
-922.000000
-152.000000
926.000000
1736.000000
1653.000000
1678.000000
2266.000000
2264.000000
2460.000000
2997.000000
2818.000000
2635.000000
2589.000000
2608.000000
2829.000000
2844.000000
2737.000000
2418.000000
1804.000000
1371.000000
1509.000000
1472.000000
1335.000000
1501.000000
942.000000
574.000000
585.000000
603.000000
883.000000
1321.000000
1655.000000
1834.000000
1884.000000
2224.000000
2754.000000
3042.000000
3329.000000
3858.000000
4356.000000
4318.000000
5083.000000
5182.000000
5219.000000
4267.000000
3705.000000
4049.000000
3874.000000
5051.000000
5346.000000
5164.000000
4090.000000
2943.000000
2001.000000
1478.000000
1983.000000
2041.000000
1660.000000
805.000000
-471.000000
-1532.000000
-2589.000000
-3021.000000
-2832.000000
-3821.000000
-4943.000000
-5877.000000
-6728.000000
-6740.000000
-6320.000000
-6269.000000
-6849.000000
-7670.000000
-8483.000000
-8388.000000
-7423.000000
-6349.000000
-5563.000000
-5695.000000
-5961.000000
-5696.000000
-5247.000000
-4216.000000
-2683.000000
-1950.000000
-1862.000000
-1633.000000
-1361.000000
-741.000000
470.000000
1536.000000
1924.000000
1733.000000
1394.000000
1731.000000
2496.000000
2984.000000
3242.000000
2973.000000
2166.000000
1902.000000
2015.000000
2381.000000
2885.000000
2741.000000
1892.000000
1211.000000
629.000000
608.000000
1005.000000
1373.000000
1371.000000
621.000000
-272.000000
-346.000000
305.000000
788.000000
1199.000000
1350.000000
1354.000000
1086.000000
1593.000000
2419.000000
3067.000000
3367.000000
3381.000000
3527.000000
3691.000000
4299.000000
5038.000000
5485.000000
5369.000000
3964.000000
3093.000000
3157.000000
3660.000000
5090.000000
5414.000000
4975.000000
3660.000000
2198.000000
1425.000000
1472.000000
2065.000000
1870.000000
1341.000000
345.000000
-897.000000
-1651.000000
-2469.000000
-2772.000000
-2996.000000
-4007.000000
-4816.000000
-5687.000000
-6072.000000
-5969.000000
-5738.000000
-5702.000000
-6430.000000
-7210.000000
-7688.000000
-7278.000000
-6370.000000
-5556.000000
-5141.000000
-5209.000000
-5016.000000
-4762.000000
-4232.000000
-3384.000000
-2255.000000
-1628.000000
-1399.000000
-1050.000000
-695.000000
-162.000000
826.000000
1756.000000
2124.000000
1885.000000
1704.000000
2091.000000
2313.000000
2875.000000
2744.000000
2535.000000
1937.000000
1404.000000
1650.000000
1893.000000
2191.000000
1980.000000
1499.000000
799.000000
175.000000
-78.000000
59.000000
577.000000
683.000000
204.000000
-99.000000
-454.000000
-239.000000
113.000000
519.000000
867.000000
872.000000
922.000000
1213.000000
1793.000000
2358.000000
2761.000000
3066.000000
3075.000000
3454.000000
3831.000000
4392.000000
5185.000000
5148.000000
4719.000000
3279.000000
3000.000000
3410.000000
4059.000000
4950.000000
4787.000000
4186.000000
2799.000000
2055.000000
1776.000000
1860.000000
1962.000000
1378.000000
657.000000
-319.000000
-1223.000000
-1588.000000
-2172.000000
-2502.000000
-2925.000000
-4243.000000
-5062.000000
-5568.000000
-5659.000000
-5319.000000
-5141.000000
-5640.000000
-6300.000000
-6742.000000
-6866.000000
-6066.000000
-5332.000000
-4849.000000
-4556.000000
-4705.000000
-4457.000000
-3780.000000
-3218.000000
-2301.000000
-1620.000000
-1442.000000
-1184.000000
-735.000000
-240.000000
502.000000
1446.000000
1695.000000
1809.000000
1581.000000
1753.000000
2353.000000
2452.000000
2437.000000
2251.000000
1789.000000
1396.000000
1420.000000
1476.000000
1573.000000
1520.000000
1078.000000
524.000000
213.000000
-191.000000
-228.000000
-71.000000
75.000000
-62.000000
-522.000000
-642.000000
-513.000000
-314.000000
-185.000000
104.000000
361.000000
552.000000
721.000000
1198.000000
1617.000000
2071.000000
2402.000000
2565.000000
2936.000000
3103.000000
3837.000000
4192.000000
4747.000000
5013.000000
4553.000000
4157.000000
3073.000000
3428.000000
3723.000000
4020.000000
4429.000000
3966.000000
3372.000000
2332.000000
1955.000000
1683.000000
1584.000000
1594.000000
926.000000
205.000000
-647.000000
-1376.000000
-1652.000000
-2184.000000
-2463.000000
-3121.000000
-4084.000000
-4519.000000
-4843.000000
-4794.000000
-4874.000000
-4985.000000
-5364.000000
-5715.000000
-5783.000000
-5738.000000
-5101.000000
-4628.000000
-4210.000000
-4061.000000
-4114.000000
-3738.000000
-3134.000000
-2555.000000
-1881.000000
-1289.000000
-1147.000000
-923.000000
-469.000000
-43.000000
588.000000
1167.000000
1284.000000
1282.000000
1364.000000
1691.000000
2016.000000
1907.000000
1735.000000
1416.000000
1043.000000
955.000000
950.000000
980.000000
981.000000
898.000000
455.000000
148.000000
-70.000000
-331.000000
-270.000000
-335.000000
-342.000000
-365.000000
-529.000000
-356.000000
-176.000000
-302.000000
-287.000000
-153.000000
90.000000
509.000000
840.000000
1326.000000
1809.000000
1955.000000
2000.000000
2349.000000
2731.000000
3122.000000
3521.000000
3777.000000
4100.000000
4251.000000
4265.000000
4127.000000
3866.000000
3243.000000
3311.000000
3272.000000
3379.000000
3686.000000
3385.000000
2909.000000
2290.000000
1987.000000
1512.000000
1270.000000
1065.000000
703.000000
121.000000
-728.000000
-1262.000000
-1600.000000
-2125.000000
-2320.000000
-2651.000000
-3384.000000
-3845.000000
-4292.000000
-4487.000000
-4389.000000
-4267.000000
-4385.000000
-4674.000000
-4800.000000
-4801.000000
-4390.000000
-4044.000000
-3667.000000
-3383.000000
-3519.000000
-3119.000000
-2700.000000
-2266.000000
-1591.000000
-1080.000000
-972.000000
-819.000000
-543.000000
-308.000000
258.000000
735.000000
1132.000000
1232.000000
1105.000000
1167.000000
1228.000000
1273.000000
1259.000000
1264.000000
868.000000
548.000000
547.000000
232.000000
379.000000
447.000000
275.000000
-27.000000
-443.000000
-585.000000
-790.000000
-703.000000
-598.000000
-509.000000
-507.000000
-582.000000
-366.000000
-467.000000
-373.000000
-153.000000
0.000000
155.000000
383.000000
882.000000
1289.000000
1762.000000
2118.000000
2418.000000
2571.000000
2632.000000
2905.000000
3224.000000
3861.000000
4175.000000
4130.000000
4335.000000
3974.000000
3726.000000
3232.000000
3244.000000
3385.000000
3147.000000
3294.000000
2946.000000
2706.000000
2155.000000
1823.000000
1580.000000
1107.000000
900.000000
425.000000
-36.000000
-304.000000
-717.000000
-1126.000000
-1705.000000
-2109.000000
-2478.000000
-3099.000000
-3368.000000
-3606.000000
-3807.000000
-3979.000000
-4094.000000
-4258.000000
-4513.000000
-4480.000000
-4368.000000
-4176.000000
-3988.000000
-3682.000000
-3467.000000
-3317.000000
-2872.000000
-2504.000000
-2306.000000
-1914.000000
-1445.000000
-1237.000000
-874.000000
-482.000000
-194.000000
79.000000
444.000000
720.000000
851.000000
983.000000
1093.000000
1254.000000
1128.000000
1003.000000
969.000000
770.000000
605.000000
523.000000
313.000000
147.000000
158.000000
-8.000000
-199.000000
-413.000000
-645.000000
-740.000000
-793.000000
-723.000000
-678.000000
-763.000000
-761.000000
-572.000000
-454.000000
-385.000000
-110.000000
-78.000000
143.000000
503.000000
760.000000
1168.000000
1601.000000
2055.000000
2224.000000
2406.000000
2597.000000
2765.000000
3093.000000
3392.000000
3951.000000
4111.000000
4181.000000
4334.000000
4099.000000
3915.000000
3172.000000
3051.000000
3050.000000
3077.000000
3491.000000
3349.000000
3145.000000
2444.000000
1930.000000
1464.000000
1155.000000
1071.000000
744.000000
461.000000
-25.000000
-548.000000
-1150.000000
-1786.000000
-1955.000000
-2198.000000
-2761.000000
-3216.000000
-3729.000000
-3932.000000
-4029.000000
-3926.000000
-3928.000000
-4185.000000
-4409.000000
-4588.000000
-4299.000000
-3972.000000
-3524.000000
-3164.000000
-3071.000000
-2952.000000
-2842.000000
-2614.000000
-2142.000000
-1592.000000
-1223.000000
-1090.000000
-1005.000000
-785.000000
-299.000000
190.000000
518.000000
631.000000
418.000000
375.000000
513.000000
675.000000
750.000000
723.000000
559.000000
200.000000
-205.000000
-370.000000
-366.000000
-180.000000
-173.000000
-397.000000
-614.000000
-1003.000000
-986.000000
-732.000000
-453.000000
-324.000000
-525.000000
-532.000000
-453.000000
-218.000000
18.000000
163.000000
407.000000
605.000000
777.000000
957.000000
1405.000000
1888.000000
2308.000000
2675.000000
2837.000000
2836.000000
2932.000000
3189.000000
3644.000000
4072.000000
4325.000000
4360.000000
4400.000000
4324.000000
4266.000000
3791.000000
3076.000000
3007.000000
2837.000000
3033.000000
3249.000000
3239.000000
2742.000000
2000.000000
1356.000000
726.000000
428.000000
323.000000
316.000000
94.000000
-430.000000
-1078.000000
-1773.000000
-2348.000000
-2494.000000
-2762.000000
-3200.000000
-3487.000000
-3830.000000
-4050.000000
-3987.000000
-3903.000000
-4018.000000
-4305.000000
-4484.000000
-4424.000000
-4171.000000
-3794.000000
-3206.000000
-2823.000000
-2756.000000
-2722.000000
-2570.000000
-2306.000000
-1800.000000
-1274.000000
-969.000000
-832.000000
-724.000000
-504.000000
-15.000000
371.000000
447.000000
385.000000
224.000000
478.000000
654.000000
715.000000
786.000000
705.000000
419.000000
-64.000000
-295.000000
-304.000000
-190.000000
26.000000
73.000000
-110.000000
-503.000000
-662.000000
-492.000000
-363.000000
-217.000000
-295.000000
-471.000000
-411.000000
-188.000000
144.000000
354.000000
453.000000
621.000000
648.000000
756.000000
1109.000000
1567.000000
1964.000000
2327.000000
2580.000000
2596.000000
2655.000000
2950.000000
3295.000000
3564.000000
3855.000000
4079.000000
4071.000000
4175.000000
4391.000000
4154.000000
3625.000000
2976.000000
2907.000000
2813.000000
3111.000000
3479.000000
3261.000000
2736.000000
1759.000000
1133.000000
562.000000
513.000000
710.000000
620.000000
196.000000
-600.000000
-1362.000000
-2133.000000
-2521.000000
-2517.000000
-2800.000000
-3263.000000
-3762.000000
-4145.000000
-4385.000000
-4407.000000
-4303.000000
-4542.000000
-4809.000000
-5014.000000
-5012.000000
-4663.000000
-4084.000000
-3461.000000
-3337.000000
-3310.000000
-3286.000000
-3194.000000
-2721.000000
-1977.000000
-1224.000000
-1001.000000
-921.000000
-745.000000
-546.000000
-66.000000
462.000000
793.000000
738.000000
658.000000
830.000000
1035.000000
1291.000000
1478.000000
1466.000000
932.000000
516.000000
337.000000
325.000000
644.000000
943.000000
864.000000
444.000000
53.000000
-231.000000
-230.000000
-78.000000
92.000000
52.000000
-201.000000
-234.000000
-54.000000
63.000000
209.000000
313.000000
344.000000
289.000000
366.000000
633.000000
1229.000000
1750.000000
2075.000000
2271.000000
2205.000000
2324.000000
2632.000000
2992.000000
3548.000000
4025.000000
4229.000000
4296.000000
4446.000000
4447.000000
4203.000000
3637.000000
3025.000000
3148.000000
3205.000000
3608.000000
3934.000000
3491.000000
2712.000000
1681.000000
921.000000
573.000000
718.000000
865.000000
703.000000
109.000000
-1009.000000
-1970.000000
-2806.000000
-3236.000000
-3043.000000
-3250.000000
-3805.000000
-4253.000000
-4815.000000
-5275.000000
-5264.000000
-5137.000000
-5208.000000
-5454.000000
-5472.000000
-5280.000000
-4858.000000
-4389.000000
-3899.000000
-3680.000000
-3749.000000
-3560.000000
-3134.000000
-2489.000000
-1489.000000
-757.000000
-641.000000
-545.000000
-507.000000
-319.000000
248.000000
1022.000000
1531.000000
1536.000000
1320.000000
1361.000000
1516.000000
1662.000000
1919.000000
2022.000000
1531.000000
949.000000
597.000000
499.000000
812.000000
1172.000000
1078.000000
600.000000
22.000000
-363.000000
-396.000000
-260.000000
123.000000
125.000000
-167.000000
-275.000000
-234.000000
-258.000000
-58.000000
258.000000
368.000000
355.000000
497.000000
877.000000
1371.000000
1853.000000
2278.000000
2523.000000
2401.000000
2600.000000
2963.000000
3424.000000
4079.000000
4545.000000
4743.000000
4700.000000
4719.000000
4526.000000
4157.000000
3650.000000
3329.000000
3568.000000
3624.000000
3908.000000
3906.000000
3138.000000
2068.000000
1018.000000
385.000000
263.000000
520.000000
635.000000
149.000000
-911.000000
-2362.000000
-3540.000000
-4014.000000
-3885.000000
-3465.000000
-3795.000000
-4451.000000
-5242.000000
-6036.000000
-6281.000000
-5974.000000
-5583.000000
-5559.000000
-5530.000000
-5481.000000
-5262.000000
-4888.000000
-4411.000000
-3790.000000
-3603.000000
-3457.000000
-2979.000000
-2362.000000
-1471.000000
-605.000000
-191.000000
-285.000000
-270.000000
-34.000000
515.000000
1478.000000
2158.000000
2311.000000
1904.000000
1563.000000
1664.000000
1835.000000
2151.000000
2452.000000
2174.000000
1419.000000
940.000000
643.000000
641.000000
1064.000000
1203.000000
712.000000
-58.000000
-505.000000
-505.000000
-453.000000
-209.000000
68.000000
-315.000000
-785.000000
-763.000000
-531.000000
-291.000000
87.000000
270.000000
245.000000
309.000000
510.000000
1093.000000
1778.000000
2398.000000
2713.000000
2493.000000
2544.000000
2943.000000
3510.000000
4203.000000
4858.000000
5149.000000
4818.000000
4639.000000
4419.000000
4164.000000
3774.000000
3590.000000
4005.000000
3878.000000
3925.000000
3727.000000
2970.000000
1956.000000
953.000000
616.000000
438.000000
602.000000
580.000000
-130.000000
-1210.000000
-2604.000000
-3674.000000
-4107.000000
-3820.000000
-3252.000000
-3675.000000
-4596.000000
-5636.000000
-6577.000000
-6823.000000
-6299.000000
-5468.000000
-5230.000000
-5459.000000
-5763.000000
-5844.000000
-5542.000000
-4823.000000
-3931.000000
-3396.000000
-3165.000000
-2830.000000
-2493.000000
-1864.000000
-859.000000
-276.000000
-179.000000
-65.000000
349.000000
935.000000
1689.000000
2293.000000
2416.000000
2045.000000
1773.000000
2085.000000
2465.000000
2762.000000
2958.000000
2547.000000
1612.000000
1004.000000
853.000000
1107.000000
1662.000000
1830.000000
1134.000000
-66.000000
-715.000000
-619.000000
-247.000000
202.000000
343.000000
-265.000000
-1136.000000
-1296.000000
-824.000000
-288.000000
222.000000
427.000000
266.000000
-46.000000
95.000000
824.000000
1634.000000
2408.000000
2604.000000
2324.000000
2188.000000
2504.000000
3311.000000
4044.000000
4804.000000
5012.000000
4511.000000
4266.000000
4082.000000
4027.000000
3572.000000
3680.000000
4278.000000
4092.000000
4080.000000
3536.000000
2606.000000
1476.000000
811.000000
901.000000
950.000000
1115.000000
648.000000
-578.000000
-2063.000000
-3333.000000
-3775.000000
-3676.000000
-3111.000000
-2899.000000
-4204.000000
-5811.000000
-6926.000000
-7207.000000
-6644.000000
-5606.000000
-4920.000000
-5449.000000
-6316.000000
-6875.000000
-6707.000000
-5799.000000
-4390.000000
-3289.000000
-3194.000000
-3376.000000
-3411.000000
-3049.000000
-1980.000000
-503.000000
363.000000
441.000000
367.000000
623.000000
1116.000000
1869.000000
2619.000000
2871.000000
2776.000000
2762.000000
2959.000000
3023.000000
2960.000000
2962.000000
2481.000000
2165.000000
2130.000000
1850.000000
1890.000000
1739.000000
1352.000000
440.000000
-159.000000
105.000000
268.000000
322.000000
124.000000
-409.000000
-1288.000000
-1618.000000
-910.000000
-303.000000
-12.000000
-178.000000
-612.000000
-758.000000
-613.000000
161.000000
1158.000000
2072.000000
2278.000000
1870.000000
1524.000000
1741.000000
2829.000000
3689.000000
4802.000000
5403.000000
4782.000000
4355.000000
3895.000000
4022.000000
3797.000000
4014.000000
5038.000000
4940.000000
4745.000000
3581.000000
2385.000000
1559.000000
1257.000000
2149.000000
2227.000000
1810.000000
602.000000
-1378.000000
-2612.000000
-3136.000000
-2755.000000
-2454.000000
-2531.000000
-3177.000000
-5287.000000
-6897.000000
-7341.000000
-6686.000000
-5490.000000
-4971.000000
-5235.000000
-6686.000000
-7834.000000
-7626.000000
-6507.000000
-4975.000000
-3829.000000
-3559.000000
-4305.000000
-4809.000000
-4341.000000
-3201.000000
-1435.000000
175.000000
667.000000
-30.000000
-570.000000
-132.000000
978.000000
2440.000000
3538.000000
3630.000000
2914.000000
2370.000000
2559.000000
2976.000000
3438.000000
3905.000000
3562.000000
2756.000000
2183.000000
1785.000000
1606.000000
1822.000000
2002.000000
1333.000000
408.000000
0.000000
-52.000000
-194.000000
-311.000000
-296.000000
-734.000000
-1284.000000
-1112.000000
-922.000000
-935.000000
-950.000000
-854.000000
-681.000000
-572.000000
-24.000000
433.000000
938.000000
1544.000000
1667.000000
1665.000000
1795.000000
2573.000000
3366.000000
3938.000000
4672.000000
4653.000000
4367.000000
4211.000000
4335.000000
4381.000000
3567.000000
4217.000000
4824.000000
4520.000000
4297.000000
3190.000000
2228.000000
1405.000000
1681.000000
2249.000000
1909.000000
1007.000000
-542.000000
-1820.000000
-2620.000000
-2645.000000
-2305.000000
-2898.000000
-3337.000000
-4427.000000
-6302.000000
-6784.000000
-6453.000000
-5823.000000
-5491.000000
-5801.000000
-6529.000000
-7437.000000
-7482.000000
-6417.000000
-5088.000000
-4566.000000
-4307.000000
-4306.000000
-4676.000000
-4124.000000
-2868.000000
-1611.000000
-401.000000
287.000000
104.000000
-290.000000
119.000000
1206.000000
2446.000000
3284.000000
3509.000000
3185.000000
2382.000000
2633.000000
3438.000000
3688.000000
3858.000000
3608.000000
3149.000000
2290.000000
1717.000000
1959.000000
1892.000000
1874.000000
1517.000000
804.000000
-49.000000
-432.000000
-164.000000
-237.000000
-168.000000
-332.000000
-1095.000000
-1424.000000
-1400.000000
-1195.000000
-993.000000
-974.000000
-470.000000
-445.000000
-747.000000
-304.000000
267.000000
890.000000
1569.000000
1990.000000
1828.000000
1822.000000
2359.000000
2912.000000
3752.000000
4377.000000
4657.000000
4489.000000
4207.000000
4031.000000
3952.000000
3253.000000
3869.000000
5048.000000
4445.000000
3965.000000
2902.000000
1706.000000
1114.000000
1565.000000
2327.000000
2101.000000
798.000000
-958.000000
-2175.000000
-2814.000000
-2583.000000
-1883.000000
-2319.000000
-3477.000000
-4670.000000
-6406.000000
-6739.000000
-5818.000000
-5280.000000
-5070.000000
-5621.000000
-6552.000000
-7257.000000
-7236.000000
-5988.000000
-4389.000000
-3912.000000
-4055.000000
-4192.000000
-4600.000000
-4117.000000
-2479.000000
-800.000000
255.000000
419.000000
-47.000000
-406.000000
262.000000
1556.000000
2973.000000
3756.000000
3472.000000
2941.000000
2081.000000
2358.000000
3673.000000
4171.000000
4192.000000
3644.000000
2762.000000
1763.000000
1085.000000
1942.000000
2437.000000
2050.000000
1387.000000
551.000000
-360.000000
-1022.000000
-335.000000
84.000000
-45.000000
-492.000000
-1485.000000
-1894.000000
-1792.000000
-1176.000000
-581.000000
-672.000000
-675.000000
-927.000000
-1437.000000
-1009.000000
383.000000
1111.000000
1378.000000
1770.000000
1353.000000
1106.000000
1622.000000
2711.000000
3809.000000
4053.000000
4178.000000
3837.000000
3633.000000
3907.000000
4168.000000
4088.000000
3500.000000
4341.000000
4069.000000
3455.000000
3454.000000
2340.000000
1606.000000
1395.000000
1917.000000
1973.000000
852.000000
-322.000000
-1434.000000
-2193.000000
-2210.000000
-1856.000000
-1967.000000
-3322.000000
-4278.000000
-5237.000000
-6049.000000
-5290.000000
-4970.000000
-5042.000000
-5435.000000
-6059.000000
-6268.000000
-6398.000000
-5603.000000
-4573.000000
-4282.000000
-4172.000000
-3889.000000
-3752.000000
-3604.000000
-2599.000000
-1327.000000
-522.000000
111.000000
155.000000
13.000000
204.000000
968.000000
2297.000000
3040.000000
3062.000000
2792.000000
2168.000000
2200.000000
2971.000000
3599.000000
3644.000000
3416.000000
2663.000000
1738.000000
1437.000000
1583.000000
2154.000000
1807.000000
1080.000000
650.000000
-249.000000
-693.000000
-263.000000
-41.000000
-392.000000
-967.000000
-1393.000000
-1624.000000
-1443.000000
-1210.000000
-1004.000000
-895.000000
-1145.000000
-945.000000
-1133.000000
-988.000000
-106.000000
218.000000
581.000000
976.000000
1112.000000
1144.000000
1472.000000
2188.000000
2717.000000
3047.000000
3331.000000
3522.000000
3793.000000
3802.000000
4218.000000
4224.000000
3718.000000
3689.000000
3024.000000
3562.000000
3909.000000
3673.000000
3196.000000
1898.000000
1382.000000
1110.000000
1447.000000
1623.000000
844.000000
-378.000000
-1633.000000
-1938.000000
-1835.000000
-2008.000000
-2232.000000
-3243.000000
-4090.000000
-4676.000000
-5131.000000
-4752.000000
-4742.000000
-4755.000000
-4960.000000
-5464.000000
-5545.000000
-5537.000000
-4978.000000
-4335.000000
-3762.000000
-3566.000000
-3471.000000
-3214.000000
-2859.000000
-2077.000000
-1281.000000
-559.000000
116.000000
261.000000
110.000000
517.000000
1200.000000
1994.000000
2611.000000
2583.000000
2309.000000
2049.000000
2122.000000
2815.000000
3261.000000
3071.000000
2630.000000
2096.000000
1639.000000
1531.000000
1582.000000
1375.000000
1316.000000
825.000000
204.000000
-92.000000
-350.000000
-326.000000
-643.000000
-982.000000
-1229.000000
-1327.000000
-1348.000000
-1275.000000
-1277.000000
-1636.000000
-1544.000000
-1401.000000
-1196.000000
-951.000000
-1020.000000
-687.000000
-439.000000
102.000000
712.000000
938.000000
1131.000000
1269.000000
1775.000000
2306.000000
2782.000000
3245.000000
3424.000000
3710.000000
3748.000000
3918.000000
4210.000000
3827.000000
4030.000000
3176.000000
3654.000000
4268.000000
3696.000000
3626.000000
2423.000000
1851.000000
1533.000000
1903.000000
2132.000000
1389.000000
127.000000
-1165.000000
-1364.000000
-1228.000000
-1414.000000
-1543.000000
-2731.000000
-3686.000000
-3907.000000
-4583.000000
-4302.000000
-4264.000000
-4633.000000
-4593.000000
-4943.000000
-5252.000000
-5204.000000
-5003.000000
-4394.000000
-3785.000000
-3583.000000
-3380.000000
-3221.000000
-3086.000000
-2515.000000
-1531.000000
-871.000000
-238.000000
91.000000
-143.000000
13.000000
680.000000
1436.000000
2277.000000
2301.000000
2003.000000
1835.000000
1693.000000
2280.000000
2888.000000
2707.000000
2332.000000
1844.000000
1266.000000
1312.000000
1176.000000
1233.000000
1191.000000
610.000000
43.000000
-470.000000
-694.000000
-594.000000
-515.000000
-803.000000
-1271.000000
-1308.000000
-1638.000000
-1428.000000
-1129.000000
-1463.000000
-1302.000000
-1505.000000
-1269.000000
-751.000000
-928.000000
-493.000000
-29.000000
168.000000
550.000000
1080.000000
1275.000000
1472.000000
2061.000000
2381.000000
2801.000000
3351.000000
3527.000000
3809.000000
3983.000000
4074.000000
4609.000000
4416.000000
4270.000000
4484.000000
3348.000000
3226.000000
4525.000000
4105.000000
3667.000000
2795.000000
1695.000000
1150.000000
1122.000000
1630.000000
1289.000000
182.000000
-1200.000000
-1707.000000
-1989.000000
-2314.000000
-2019.000000
-2813.000000
-3889.000000
-3898.000000
-4795.000000
-5150.000000
-4652.000000
-4737.000000
-4814.000000
-5012.000000
-5156.000000
-5067.000000
-5209.000000
-4703.000000
-3822.000000
-3546.000000
-3325.000000
-2819.000000
-2808.000000
-2784.000000
-1814.000000
-917.000000
-277.000000
358.000000
195.000000
-63.000000
345.000000
1110.000000
2052.000000
2214.000000
2051.000000
1957.000000
1622.000000
1729.000000
2320.000000
2603.000000
1914.000000
1681.000000
1478.000000
1111.000000
1070.000000
835.000000
974.000000
366.000000
-82.000000
-80.000000
-454.000000
-718.000000
-720.000000
-738.000000
-1106.000000
-1089.000000
-1006.000000
-1380.000000
-1253.000000
-1239.000000
-959.000000
-713.000000
-639.000000
-356.000000
-509.000000
-472.000000
234.000000
878.000000
968.000000
1423.000000
1749.000000
1589.000000
2115.000000
2755.000000
3155.000000
3668.000000
3699.000000
3785.000000
3680.000000
3853.000000
4280.000000
4638.000000
4730.000000
4244.000000
4077.000000
2447.000000
3071.000000
4154.000000
3259.000000
3214.000000
1978.000000
1135.000000
572.000000
635.000000
890.000000
427.000000
-957.000000
-1833.000000
-1632.000000
-2134.000000
-2493.000000
-2970.000000
-3930.000000
-4349.000000
-4037.000000
-4407.000000
-4499.000000
-4786.000000
-5631.000000
-5228.000000
-4777.000000
-4651.000000
-4388.000000
-4741.000000
-4533.000000
-3762.000000
-3555.000000
-2758.000000
-2291.000000
-2505.000000
-2161.000000
-1428.000000
-809.000000
-251.000000
157.000000
-6.000000
376.000000
927.000000
1184.000000
1921.000000
1642.000000
1506.000000
1700.000000
1810.000000
2108.000000
2291.000000
1841.000000
1372.000000
1573.000000
1259.000000
1751.000000
1232.000000
215.000000
502.000000
371.000000
107.000000
135.000000
-17.000000
-601.000000
-922.000000
-736.000000
-387.000000
-478.000000
-1017.000000
-828.000000
-505.000000
-953.000000
-479.000000
-300.000000
-390.000000
93.000000
60.000000
324.000000
584.000000
578.000000
901.000000
1505.000000
1904.000000
2204.000000
2089.000000
2034.000000
2550.000000
3019.000000
3047.000000
3793.000000
3848.000000
3113.000000
3383.000000
3523.000000
3666.000000
4179.000000
3735.000000
3279.000000
2603.000000
1476.000000
2949.000000
2862.000000
2377.000000
2083.000000
701.000000
-238.000000
-499.000000
376.000000
188.000000
-385.000000
-1442.000000
-2683.000000
-2725.000000
-2873.000000
-2866.000000
-2664.000000
-3885.000000
-3880.000000
-4340.000000
-5096.000000
-4635.000000
-4597.000000
-4378.000000
-4208.000000
-4237.000000
-4455.000000
-4638.000000
-4139.000000
-3701.000000
-3051.000000
-2344.000000
-2344.000000
-2300.000000
-2522.000000
-1787.000000
-745.000000
-395.000000
132.000000
392.000000
-137.000000
28.000000
764.000000
1478.000000
1921.000000
1598.000000
1480.000000
1128.000000
1420.000000
1860.000000
2070.000000
1852.000000
1427.000000
1224.000000
1429.000000
733.000000
846.000000
1043.000000
819.000000
693.000000
-4.000000
-106.000000
-440.000000
-167.000000
212.000000
293.000000
-183.000000
-781.000000
-961.000000
-325.000000
15.000000
202.000000
-53.000000
-341.000000
-220.000000
-131.000000
367.000000
673.000000
993.000000
1018.000000
890.000000
1386.000000
1571.000000
1511.000000
2206.000000
2439.000000
2705.000000
2895.000000
2598.000000
2832.000000
2920.000000
2989.000000
3538.000000
3739.000000
3474.000000
2787.000000
2558.000000
1546.000000
2793.000000
3674.000000
2202.000000
2167.000000
635.000000
191.000000
278.000000
770.000000
873.000000
-33.000000
-1254.000000
-1923.000000
-1685.000000
-2054.000000
-2246.000000
-2416.000000
-3298.000000
-3521.000000
-3353.000000
-4468.000000
-4256.000000
-4300.000000
-4353.000000
-3756.000000
-3933.000000
-4225.000000
-4479.000000
-4443.000000
-3622.000000
-2613.000000
-2582.000000
-2514.000000
-2583.000000
-2854.000000
-2173.000000
-756.000000
-229.000000
-171.000000
-186.000000
-578.000000
-56.000000
793.000000
1303.000000
1729.000000
1383.000000
1181.000000
1341.000000
1435.000000
1878.000000
2096.000000
1863.000000
1549.000000
1767.000000
1301.000000
1048.000000
1261.000000
1078.000000
1219.000000
779.000000
825.000000
213.000000
-243.000000
141.000000
362.000000
131.000000
-83.000000
-86.000000
-657.000000
-832.000000
-472.000000
-103.000000
-85.000000
-286.000000
-468.000000
-524.000000
-527.000000
148.000000
526.000000
387.000000
446.000000
608.000000
377.000000
1006.000000
1648.000000
1552.000000
1821.000000
1820.000000
1862.000000
2148.000000
2326.000000
2675.000000
2878.000000
2538.000000
2887.000000
2750.000000
2714.000000
2610.000000
3091.000000
1643.000000
1552.000000
2787.000000
1663.000000
1866.000000
1181.000000
685.000000
-60.000000
76.000000
251.000000
202.000000
-829.000000
-1540.000000
-1721.000000
-2121.000000
-1927.000000
-2274.000000
-2673.000000
-3238.000000
-3006.000000
-3444.000000
-3652.000000
-3477.000000
-3754.000000
-3606.000000
-3470.000000
-3510.000000
-3363.000000
-3558.000000
-3198.000000
-2607.000000
-2423.000000
-1989.000000
-1789.000000
-1875.000000
-1829.000000
-1007.000000
-288.000000
-182.000000
179.000000
167.000000
-4.000000
355.000000
798.000000
1562.000000
1385.000000
1209.000000
1110.000000
960.000000
1374.000000
1541.000000
1706.000000
1188.000000
1141.000000
980.000000
896.000000
741.000000
742.000000
998.000000
467.000000
257.000000
64.000000
-197.000000
-331.000000
80.000000
138.000000
-6.000000
-348.000000
-808.000000
-720.000000
-316.000000
-74.000000
28.000000
-138.000000
-482.000000
-144.000000
-240.000000
148.000000
793.000000
573.000000
483.000000
755.000000
719.000000
1085.000000
1460.000000
1688.000000
1897.000000
1951.000000
1939.000000
2033.000000
2461.000000
2505.000000
2692.000000
2939.000000
2482.000000
2889.000000
2598.000000
2447.000000
2528.000000
1388.000000
2829.000000
2108.000000
1867.000000
1724.000000
759.000000
740.000000
304.000000
838.000000
562.000000
-38.000000
-789.000000
-1568.000000
-1496.000000
-1211.000000
-1729.000000
-1633.000000
-2682.000000
-2576.000000
-3076.000000
-3578.000000
-2899.000000
-3292.000000
-3156.000000
-3197.000000
-3384.000000
-3389.000000
-3567.000000
-3150.000000
-2769.000000
-2631.000000
-2197.000000
-2189.000000
-2145.000000
-2186.000000
-1466.000000
-910.000000
-675.000000
-246.000000
-341.000000
-580.000000
-195.000000
169.000000
799.000000
1074.000000
899.000000
842.000000
494.000000
900.000000
1181.000000
1394.000000
1156.000000
872.000000
984.000000
804.000000
757.000000
618.000000
574.000000
818.000000
501.000000
253.000000
259.000000
31.000000
-4.000000
-7.000000
220.000000
205.000000
-273.000000
-440.000000
-231.000000
134.000000
95.000000
91.000000
-29.000000
-68.000000
-5.000000
109.000000
605.000000
749.000000
639.000000
535.000000
724.000000
971.000000
1313.000000
1586.000000
1751.000000
1651.000000
1680.000000
1973.000000
2126.000000
2303.000000
2436.000000
2370.000000
2343.000000
2414.000000
2566.000000
2187.000000
2476.000000
1514.000000
1841.000000
2559.000000
1499.000000
1747.000000
913.000000
820.000000
413.000000
368.000000
592.000000
121.000000
-574.000000
-909.000000
-1197.000000
-1324.000000
-1511.000000
-1838.000000
-2031.000000
-2589.000000
-2414.000000
-3144.000000
-2965.000000
-2918.000000
-3289.000000
-3023.000000
-3261.000000
-3060.000000
-3212.000000
-3234.000000
-2655.000000
-2772.000000
-2541.000000
-2068.000000
-1906.000000
-1924.000000
-1877.000000
-1167.000000
-934.000000
-682.000000
-384.000000
-457.000000
-231.000000
17.000000
339.000000
904.000000
728.000000
768.000000
678.000000
671.000000
1131.000000
1233.000000
1272.000000
1000.000000
925.000000
1060.000000
809.000000
959.000000
885.000000
664.000000
722.000000
348.000000
354.000000
393.000000
333.000000
313.000000
169.000000
176.000000
220.000000
-277.000000
-211.000000
155.000000
108.000000
-73.000000
4.000000
-93.000000
-126.000000
41.000000
299.000000
567.000000
510.000000
294.000000
498.000000
664.000000
817.000000
1376.000000
1441.000000
1484.000000
1567.000000
1572.000000
1734.000000
2057.000000
2159.000000
2280.000000
2323.000000
2253.000000
2251.000000
2240.000000
2014.000000
2254.000000
1425.000000
1852.000000
2349.000000
1311.000000
1258.000000
897.000000
847.000000
439.000000
538.000000
370.000000
-38.000000
-809.000000
-979.000000
-883.000000
-1385.000000
-1539.000000
-1743.000000
-2184.000000
-2518.000000
-2276.000000
-3001.000000
-2874.000000
-2830.000000
-2968.000000
-2970.000000
-3083.000000
-2964.000000
-3077.000000
-2946.000000
-2622.000000
-2313.000000
-2409.000000
-2035.000000
-1834.000000
-1915.000000
-1563.000000
-887.000000
-807.000000
-747.000000
-376.000000
-373.000000
-97.000000
187.000000
429.000000
754.000000
533.000000
803.000000
948.000000
866.000000
1124.000000
1201.000000
1291.000000
894.000000
962.000000
1209.000000
745.000000
830.000000
1007.000000
822.000000
493.000000
242.000000
448.000000
380.000000
253.000000
369.000000
5.000000
-80.000000
-133.000000
-141.000000
-79.000000
35.000000
90.000000
-255.000000
-302.000000
7.000000
-41.000000
50.000000
393.000000
465.000000
315.000000
269.000000
780.000000
854.000000
882.000000
1149.000000
1370.000000
1491.000000
1414.000000
1772.000000
1789.000000
1739.000000
2058.000000
2081.000000
2127.000000
2038.000000
2123.000000
1995.000000
1790.000000
2072.000000
1605.000000
1229.000000
1794.000000
1387.000000
932.000000
730.000000
546.000000
332.000000
-11.000000
150.000000
-159.000000
-829.000000
-1074.000000
-1264.000000
-1304.000000
-1730.000000
-1779.000000
-1896.000000
-2437.000000
-2340.000000
-2702.000000
-2810.000000
-2826.000000
-2811.000000
-2669.000000
-2637.000000
-2726.000000
-2637.000000
-2782.000000
-2421.000000
-2088.000000
-1989.000000
-1754.000000
-1633.000000
-1443.000000
-1427.000000
-876.000000
-538.000000
-477.000000
-242.000000
-60.000000
26.000000
233.000000
414.000000
746.000000
729.000000
853.000000
927.000000
896.000000
948.000000
1112.000000
1029.000000
886.000000
1037.000000
899.000000
786.000000
486.000000
785.000000
598.000000
505.000000
307.000000
206.000000
209.000000
66.000000
191.000000
151.000000
-48.000000
-164.000000
-260.000000
-100.000000
124.000000
-40.000000
-74.000000
-144.000000
67.000000
19.000000
171.000000
421.000000
541.000000
393.000000
607.000000
729.000000
764.000000
822.000000
1151.000000
1448.000000
1391.000000
1489.000000
1381.000000
1449.000000
1629.000000
1764.000000
1924.000000
1778.000000
1643.000000
1739.000000
1576.000000
1587.000000
1554.000000
1428.000000
922.000000
1322.000000
1254.000000
654.000000
804.000000
268.000000
266.000000
23.000000
-4.000000
-40.000000
-643.000000
-814.000000
-1120.000000
-1174.000000
-1269.000000
-1374.000000
-1498.000000
-2046.000000
-2046.000000
-2006.000000
-2410.000000
-2126.000000
-2143.000000
-2256.000000
-2232.000000
-2201.000000
-2157.000000
-2273.000000
-2064.000000
-1731.000000
-1609.000000
-1447.000000
-1317.000000
-1261.000000
-1340.000000
-812.000000
-347.000000
-482.000000
-195.000000
-164.000000
-156.000000
-8.000000
335.000000
568.000000
519.000000
505.000000
531.000000
514.000000
624.000000
774.000000
712.000000
685.000000
635.000000
620.000000
312.000000
472.000000
549.000000
370.000000
424.000000
334.000000
178.000000
-8.000000
92.000000
253.000000
76.000000
2.000000
75.000000
-70.000000
-75.000000
11.000000
219.000000
-56.000000
32.000000
145.000000
59.000000
291.000000
419.000000
404.000000
353.000000
518.000000
680.000000
690.000000
779.000000
1089.000000
1025.000000
965.000000
1134.000000
1309.000000
1223.000000
1375.000000
1574.000000
1462.000000
1433.000000
1443.000000
1501.000000
1488.000000
1434.000000
1312.000000
1145.000000
909.000000
1298.000000
980.000000
752.000000
698.000000
337.000000
194.000000
-12.000000
262.000000
-163.000000
-523.000000
-669.000000
-804.000000
-1066.000000
-1202.000000
-1122.000000
-1352.000000
-1766.000000
-1769.000000
-1770.000000
-2167.000000
-1993.000000
-1952.000000
-1996.000000
-2014.000000
-2022.000000
-1978.000000
-2072.000000
-1873.000000
-1584.000000
-1503.000000
-1401.000000
-1268.000000
-1228.000000
-1130.000000
-772.000000
-370.000000
-457.000000
-330.000000
-183.000000
-173.000000
42.000000
291.000000
536.000000
386.000000
431.000000
502.000000
522.000000
718.000000
756.000000
769.000000
583.000000
760.000000
760.000000
431.000000
599.000000
715.000000
558.000000
536.000000
602.000000
475.000000
281.000000
192.000000
441.000000
468.000000
235.000000
204.000000
150.000000
125.000000
246.000000
329.000000
310.000000
313.000000
220.000000
251.000000
395.000000
481.000000
511.000000
558.000000
614.000000
686.000000
717.000000
645.000000
971.000000
962.000000
907.000000
1083.000000
1134.000000
1111.000000
1059.000000
1213.000000
1196.000000
1185.000000
1078.000000
1185.000000
1174.000000
754.000000
963.000000
766.000000
778.000000
884.000000
440.000000
314.000000
95.000000
12.000000
-132.000000
-123.000000
-282.000000
-618.000000
-869.000000
-925.000000
-1086.000000
-1097.000000
-1319.000000
-1438.000000
-1583.000000
-1854.000000
-1784.000000
-1853.000000
-1919.000000
-1924.000000
-1902.000000
-1941.000000
-1969.000000
-1950.000000
-1865.000000
-1731.000000
-1522.000000
-1506.000000
-1317.000000
-1220.000000
-1182.000000
-993.000000
-763.000000
-552.000000
-336.000000
-263.000000
-247.000000
-60.000000
34.000000
282.000000
486.000000
570.000000
441.000000
560.000000
471.000000
582.000000
929.000000
835.000000
730.000000
752.000000
757.000000
700.000000
727.000000
804.000000
765.000000
696.000000
677.000000
582.000000
554.000000
464.000000
540.000000
553.000000
454.000000
451.000000
373.000000
318.000000
452.000000
460.000000
474.000000
456.000000
437.000000
437.000000
452.000000
563.000000
626.000000
567.000000
642.000000
792.000000
636.000000
785.000000
872.000000
921.000000
859.000000
938.000000
1058.000000
983.000000
1014.000000
990.000000
1000.000000
988.000000
950.000000
955.000000
895.000000
644.000000
713.000000
624.000000
464.000000
575.000000
261.000000
-6.000000
-42.000000
-11.000000
-259.000000
-415.000000
-497.000000
-668.000000
-879.000000
-947.000000
-1001.000000
-1156.000000
-1242.000000
-1361.000000
-1440.000000
-1638.000000
-1606.000000
-1627.000000
-1748.000000
-1669.000000
-1695.000000
-1681.000000
-1678.000000
-1642.000000
-1526.000000
-1541.000000
-1316.000000
-1205.000000
-1213.000000
-1061.000000
-939.000000
-854.000000
-694.000000
-454.000000
-268.000000
-282.000000
-158.000000
-23.000000
62.000000
175.000000
219.000000
547.000000
521.000000
389.000000
544.000000
497.000000
517.000000
665.000000
745.000000
643.000000
544.000000
612.000000
563.000000
556.000000
620.000000
496.000000
575.000000
449.000000
369.000000
441.000000
338.000000
542.000000
417.000000
342.000000
423.000000
315.000000
335.000000
445.000000
556.000000
542.000000
393.000000
470.000000
470.000000
561.000000
624.000000
594.000000
711.000000
654.000000
734.000000
726.000000
742.000000
827.000000
860.000000
785.000000
796.000000
852.000000
801.000000
796.000000
734.000000
753.000000
611.000000
592.000000
602.000000
461.000000
378.000000
335.000000
189.000000
178.000000
149.000000
-132.000000
-222.000000
-227.000000
-340.000000
-432.000000
-609.000000
-693.000000
-924.000000
-986.000000
-852.000000
-991.000000
-1148.000000
-1278.000000
-1261.000000
-1363.000000
-1330.000000
-1312.000000
-1345.000000
-1405.000000
-1429.000000
-1289.000000
-1262.000000
-1214.000000
-1141.000000
-1146.000000
-1023.000000
-907.000000
-833.000000
-736.000000
-574.000000
-447.000000
-422.000000
-268.000000
-142.000000
-91.000000
-32.000000
162.000000
246.000000
222.000000
352.000000
424.000000
448.000000
577.000000
536.000000
557.000000
590.000000
508.000000
549.000000
586.000000
605.000000
613.000000
560.000000
488.000000
529.000000
497.000000
431.000000
506.000000
486.000000
317.000000
383.000000
373.000000
355.000000
376.000000
306.000000
337.000000
338.000000
323.000000
402.000000
433.000000
406.000000
416.000000
421.000000
383.000000
509.000000
565.000000
516.000000
618.000000
614.000000
540.000000
563.000000
661.000000
675.000000
712.000000
600.000000
622.000000
608.000000
592.000000
548.000000
481.000000
508.000000
419.000000
376.000000
303.000000
277.000000
208.000000
108.000000
32.000000
46.000000
-94.000000
-309.000000
-414.000000
-411.000000
-486.000000
-611.000000
-681.000000
-759.000000
-893.000000
-943.000000
-905.000000
-999.000000
-1061.000000
-1183.000000
-1188.000000
-1212.000000
-1139.000000
-1157.000000
-1123.000000
-1136.000000
-1194.000000
-1010.000000
-1046.000000
-868.000000
-857.000000
-797.000000
-691.000000
-633.000000
-544.000000
-460.000000
-326.000000
-275.000000
-168.000000
-61.000000
-11.000000
102.000000
170.000000
185.000000
325.000000
325.000000
399.000000
389.000000
398.000000
435.000000
385.000000
464.000000
497.000000
438.000000
422.000000
461.000000
406.000000
380.000000
397.000000
403.000000
385.000000
306.000000
315.000000
314.000000
271.000000
254.000000
275.000000
278.000000
213.000000
301.000000
250.000000
195.000000
302.000000
258.000000
322.000000
372.000000
345.000000
347.000000
363.000000
474.000000
508.000000
528.000000
581.000000
617.000000
571.000000
602.000000
764.000000
676.000000
587.000000
636.000000
631.000000
613.000000
540.000000
521.000000
509.000000
375.000000
359.000000
372.000000
337.000000
227.000000
130.000000
74.000000
-82.000000
-80.000000
-110.000000
-286.000000
-319.000000
-368.000000
-482.000000
-528.000000
-624.000000
-633.000000
-761.000000
-813.000000
-755.000000
-894.000000
-961.000000
-972.000000
-1041.000000
-975.000000
-911.000000
-907.000000
-935.000000
-954.000000
-886.000000
-837.000000
-783.000000
-769.000000
-693.000000
-665.000000
-644.000000
-417.000000
-426.000000
-455.000000
-325.000000
-240.000000
-172.000000
-106.000000
-51.000000
-28.000000
-42.000000
0.000000
135.000000
178.000000
174.000000
212.000000
202.000000
209.000000
284.000000
347.000000
367.000000
275.000000
294.000000
296.000000
305.000000
338.000000
355.000000
404.000000
349.000000
379.000000
296.000000
351.000000
421.000000
382.000000
405.000000
400.000000
401.000000
329.000000
383.000000
464.000000
519.000000
420.000000
439.000000
463.000000
462.000000
516.000000
559.000000
598.000000
545.000000
603.000000
537.000000
541.000000
610.000000
602.000000
621.000000
567.000000
552.000000
499.000000
490.000000
485.000000
464.000000
433.000000
309.000000
301.000000
221.000000
146.000000
105.000000
86.000000
-10.000000
-136.000000
-185.000000
-337.000000
-318.000000
-315.000000
-483.000000
-468.000000
-558.000000
-749.000000
-780.000000
-802.000000
-772.000000
-856.000000
-907.000000
-869.000000
-931.000000
-985.000000
-1003.000000
-932.000000
-935.000000
-871.000000
-883.000000
-937.000000
-843.000000
-808.000000
-729.000000
-649.000000
-593.000000
-616.000000
-542.000000
-441.000000
-351.000000
-310.000000
-243.000000
-199.000000
-165.000000
-86.000000
-62.000000
10.000000
51.000000
111.000000
157.000000
180.000000
236.000000
254.000000
234.000000
313.000000
311.000000
275.000000
271.000000
316.000000
288.000000
269.000000
347.000000
370.000000
450.000000
489.000000
449.000000
493.000000
393.000000
385.000000
491.000000
463.000000
416.000000
392.000000
418.000000
416.000000
484.000000
507.000000
521.000000
542.000000
476.000000
475.000000
459.000000
459.000000
492.000000
427.000000
513.000000
522.000000
512.000000
541.000000
552.000000
631.000000
570.000000
550.000000
460.000000
463.000000
414.000000
362.000000
322.000000
279.000000
261.000000
213.000000
133.000000
77.000000
41.000000
-17.000000
-29.000000
-146.000000
-234.000000
-397.000000
-453.000000
-463.000000
-492.000000
-521.000000
-568.000000
-637.000000
-751.000000
-751.000000
-709.000000
-803.000000
-839.000000
-835.000000
-887.000000
-893.000000
-915.000000
-861.000000
-836.000000
-771.000000
-731.000000
-726.000000
-646.000000
-619.000000
-564.000000
-506.000000
-448.000000
-353.000000
-339.000000
-301.000000
-202.000000
-202.000000
-150.000000
-24.000000
8.000000
22.000000
72.000000
123.000000
104.000000
132.000000
186.000000
198.000000
189.000000
215.000000
259.000000
284.000000
322.000000
395.000000
372.000000
365.000000
447.000000
407.000000
365.000000
432.000000
478.000000
478.000000
463.000000
468.000000
470.000000
443.000000
447.000000
521.000000
547.000000
465.000000
448.000000
414.000000
414.000000
497.000000
440.000000
462.000000
466.000000
378.000000
389.000000
388.000000
417.000000
387.000000
335.000000
318.000000
278.000000
266.000000
217.000000
242.000000
232.000000
149.000000
136.000000
94.000000
90.000000
33.000000
18.000000
-18.000000
-75.000000
-98.000000
-183.000000
-202.000000
-235.000000
-271.000000
-293.000000
-345.000000
-458.000000
-527.000000
-545.000000
-536.000000
-519.000000
-560.000000
-579.000000
-667.000000
-703.000000
-708.000000
-694.000000
-651.000000
-690.000000
-694.000000
-678.000000
-677.000000
-652.000000
-615.000000
-551.000000
-535.000000
-542.000000
-496.000000
-505.000000
-428.000000
-351.000000
-344.000000
-274.000000
-217.000000
-172.000000
-164.000000
-127.000000
-54.000000
-27.000000
25.000000
70.000000
86.000000
103.000000
186.000000
217.000000
272.000000
290.000000
322.000000
338.000000
338.000000
399.000000
405.000000
457.000000
476.000000
528.000000
520.000000
527.000000
623.000000
596.000000
610.000000
659.000000
629.000000
611.000000
611.000000
621.000000
667.000000
588.000000
590.000000
621.000000
600.000000
586.000000
558.000000
549.000000
491.000000
518.000000
421.000000
402.000000
407.000000
321.000000
327.000000
283.000000
254.000000
205.000000
177.000000
161.000000
136.000000
81.000000
-1.000000
-40.000000
-76.000000
-103.000000
-94.000000
-125.000000
-195.000000
-273.000000
-283.000000
-324.000000
-357.000000
-374.000000
-401.000000
-443.000000
-481.000000
-497.000000
-519.000000
-523.000000
-612.000000
-606.000000
-598.000000
-586.000000
-595.000000
-596.000000
-623.000000
-683.000000
-610.000000
-611.000000
-603.000000
-586.000000
-598.000000
-585.000000
-583.000000
-564.000000
-493.000000
-479.000000
-454.000000
-397.000000
-402.000000
-387.000000
-359.000000
-312.000000
-271.000000
-205.000000
-170.000000
-160.000000
-122.000000
-60.000000
-69.000000
-12.000000
41.000000
75.000000
82.000000
103.000000
171.000000
157.000000
225.000000
277.000000
369.000000
352.000000
370.000000
437.000000
443.000000
520.000000
583.000000
590.000000
600.000000
591.000000
628.000000
635.000000
664.000000
690.000000
633.000000
639.000000
614.000000
653.000000
618.000000
577.000000
550.000000
529.000000
490.000000
473.000000
456.000000
413.000000
366.000000
331.000000
286.000000
238.000000
238.000000
183.000000
112.000000
99.000000
107.000000
47.000000
13.000000
-28.000000
-33.000000
-90.000000
-141.000000
-178.000000
-245.000000
-244.000000
-239.000000
-262.000000
-239.000000
-297.000000
-340.000000
-338.000000
-375.000000
-325.000000
-356.000000
-407.000000
-442.000000
-444.000000
-447.000000
-436.000000
-415.000000
-425.000000
-456.000000
-422.000000
-414.000000
-439.000000
-399.000000
-396.000000
-417.000000
-454.000000
-432.000000
-374.000000
-397.000000
-393.000000
-368.000000
-357.000000
-340.000000
-333.000000
-311.000000
-300.000000
-272.000000
-253.000000
-247.000000
-235.000000
-184.000000
-185.000000
-143.000000
-68.000000
-53.000000
-17.000000
20.000000
47.000000
100.000000
153.000000
171.000000
188.000000
198.000000
243.000000
311.000000
346.000000
349.000000
413.000000
416.000000
418.000000
487.000000
517.000000
518.000000
556.000000
535.000000
516.000000
519.000000
512.000000
546.000000
523.000000
496.000000
488.000000
492.000000
410.000000
402.000000
423.000000
364.000000
334.000000
249.000000
223.000000
186.000000
129.000000
142.000000
113.000000
76.000000
39.000000
-16.000000
-51.000000
-32.000000
-66.000000
-79.000000
-77.000000
-91.000000
-170.000000
-160.000000
-153.000000
-215.000000
-163.000000
-190.000000
-214.000000
-263.000000
-273.000000
-254.000000
-268.000000
-284.000000
-305.000000
-325.000000
-323.000000
-305.000000
-318.000000
-319.000000
-322.000000
-298.000000
-304.000000
-310.000000
-309.000000
-314.000000
-291.000000
-293.000000
-306.000000
-302.000000
-314.000000
-336.000000
-324.000000
-278.000000
-240.000000
-259.000000
-244.000000
-241.000000
-228.000000
-199.000000
-188.000000
-160.000000
-173.000000
-119.000000
-124.000000
-107.000000
-39.000000
-13.000000
13.000000
6.000000
40.000000
90.000000
115.000000
142.000000
144.000000
171.000000
226.000000
257.000000
247.000000
268.000000
310.000000
299.000000
345.000000
362.000000
371.000000
347.000000
334.000000
379.000000
407.000000
419.000000
388.000000
392.000000
362.000000
370.000000
370.000000
346.000000
303.000000
303.000000
273.000000
209.000000
201.000000
168.000000
173.000000
159.000000
160.000000
109.000000
24.000000
32.000000
9.000000
-22.000000
-13.000000
-16.000000
-54.000000
-80.000000
-83.000000
-73.000000
-90.000000
-86.000000
-92.000000
-105.000000
-127.000000
-116.000000
-143.000000
-167.000000
-133.000000
-115.000000
-127.000000
-136.000000
-126.000000
-120.000000
-128.000000
-124.000000
-137.000000
-141.000000
-156.000000
-192.000000
-177.000000
-161.000000
-138.000000
-151.000000
-137.000000
-169.000000
-165.000000
-150.000000
-169.000000
-137.000000
-139.000000
-197.000000
-199.000000
-190.000000
-187.000000
-194.000000
-207.000000
-156.000000
-188.000000
-165.000000
-130.000000
-109.000000
-102.000000
-92.000000
-59.000000
-65.000000
-63.000000
-72.000000
-35.000000
-17.000000
-24.000000
-25.000000
15.000000
52.000000
75.000000
81.000000
74.000000
69.000000
42.000000
80.000000
113.000000
107.000000
137.000000
115.000000
134.000000
164.000000
136.000000
160.000000
133.000000
129.000000
118.000000
99.000000
119.000000
109.000000
124.000000
114.000000
116.000000
147.000000
102.000000
108.000000
93.000000
63.000000
52.000000
42.000000
67.000000
35.000000
32.000000
46.000000
38.000000
70.000000
64.000000
35.000000
49.000000
75.000000
82.000000
66.000000
68.000000
58.000000
39.000000
65.000000
91.000000
118.000000
95.000000
89.000000
96.000000
87.000000
96.000000
84.000000
73.000000
58.000000
54.000000
58.000000
87.000000
76.000000
65.000000
42.000000
21.000000
14.000000
20.000000
13.000000
-7.000000
-13.000000
-44.000000
-40.000000
-58.000000
-85.000000
-86.000000
-95.000000
-84.000000
-117.000000
-137.000000
-158.000000
-175.000000
-154.000000
-155.000000
-181.000000
-170.000000
-194.000000
-190.000000
-162.000000
-160.000000
-137.000000
-176.000000
-176.000000
-144.000000
-154.000000
-185.000000
-150.000000
-150.000000
-163.000000
-154.000000
-138.000000
-124.000000
-132.000000
-107.000000
-113.000000
-97.000000
-98.000000
-89.000000
-57.000000
-67.000000
-37.000000
-43.000000
-33.000000
-1.000000
-7.000000
18.000000
24.000000
51.000000
23.000000
17.000000
31.000000
42.000000
50.000000
51.000000
89.000000
76.000000
53.000000
54.000000
68.000000
83.000000
83.000000
87.000000
98.000000
74.000000
96.000000
136.000000
107.000000
137.000000
167.000000
122.000000
129.000000
162.000000
168.000000
161.000000
181.000000
171.000000
169.000000
178.000000
170.000000
188.000000
186.000000
186.000000
193.000000
162.000000
169.000000
180.000000
119.000000
127.000000
153.000000
155.000000
135.000000
133.000000
88.000000
63.000000
64.000000
59.000000
45.000000
11.000000
-32.000000
-61.000000
-66.000000
-86.000000
-76.000000
-98.000000
-120.000000
-151.000000
-164.000000
-174.000000
-182.000000
-194.000000
-196.000000
-188.000000
-211.000000
-209.000000
-194.000000
-201.000000
-178.000000
-159.000000
-189.000000
-189.000000
-206.000000
-193.000000
-185.000000
-172.000000
-179.000000
-178.000000
-174.000000
-167.000000
-149.000000
-146.000000
-97.000000
-104.000000
-102.000000
-91.000000
-66.000000
-56.000000
-44.000000
-6.000000
4.000000
-7.000000
-1.000000
12.000000
12.000000
40.000000
47.000000
72.000000
61.000000
60.000000
75.000000
69.000000
77.000000
