-224.000000
-226.000000
-225.000000
-212.000000
-208.000000
-186.000000
-173.000000
-147.000000
-114.000000
-85.000000
-58.000000
-45.000000
-32.000000
-11.000000
5.000000
27.000000
32.000000
38.000000
44.000000
41.000000
35.000000
14.000000
-3.000000
-18.000000
-47.000000
-71.000000
-80.000000
-94.000000
-114.000000
-139.000000
-150.000000
-147.000000
-154.000000
-145.000000
-132.000000
-123.000000
-111.000000
-97.000000
-81.000000
-62.000000
-29.000000
3.000000
32.000000
70.000000
94.000000
118.000000
128.000000
140.000000
153.000000
169.000000
189.000000
193.000000
191.000000
162.000000
148.000000
143.000000
120.000000
112.000000
96.000000
77.000000
60.000000
31.000000
3.000000
-18.000000
-22.000000
-28.000000
-28.000000
-24.000000
-23.000000
-19.000000
-23.000000
-12.000000
-1.000000
24.000000
50.000000
72.000000
100.000000
106.000000
116.000000
123.000000
115.000000
128.000000
137.000000
149.000000
156.000000
143.000000
123.000000
91.000000
59.000000
40.000000
22.000000
10.000000
-12.000000
-46.000000
-70.000000
-105.000000
-143.000000
-161.000000
-166.000000
-171.000000
-174.000000
-181.000000
-190.000000
-191.000000
-190.000000
-185.000000
-174.000000
-148.000000
-119.000000
-96.000000
-84.000000
-70.000000
-61.000000
-37.000000
-20.000000
-4.000000
11.000000
21.000000
34.000000
37.000000
34.000000
14.000000
6.000000
6.000000
-6.000000
-10.000000
-9.000000
-24.000000
-44.000000
-52.000000
-66.000000
-71.000000
-58.000000
-53.000000
-39.000000
-39.000000
-34.000000
-29.000000
-22.000000
-8.000000
16.000000
32.000000
55.000000
86.000000
95.000000
102.000000
108.000000
117.000000
139.000000
155.000000
164.000000
164.000000
159.000000
139.000000
130.000000
106.000000
86.000000
92.000000
86.000000
68.000000
48.000000
20.000000
-7.000000
-25.000000
-39.000000
-34.000000
-38.000000
-26.000000
-21.000000
-28.000000
-36.000000
-26.000000
-18.000000
0.000000
40.000000
58.000000
73.000000
82.000000
86.000000
97.000000
104.000000
111.000000
122.000000
120.000000
120.000000
101.000000
84.000000
52.000000
30.000000
16.000000
0.000000
-13.000000
-51.000000
-69.000000
-104.000000
-134.000000
-144.000000
-168.000000
-184.000000
-201.000000
-212.000000
-217.000000
-219.000000
-218.000000
-214.000000
-203.000000
-186.000000
-165.000000
-145.000000
-129.000000
-111.000000
-84.000000
-67.000000
-47.000000
-26.000000
-13.000000
6.000000
13.000000
20.000000
26.000000
29.000000
31.000000
19.000000
16.000000
19.000000
15.000000
7.000000
-3.000000
-14.000000
-13.000000
-18.000000
-15.000000
-22.000000
-14.000000
-3.000000
-3.000000
-5.000000
-1.000000
24.000000
41.000000
70.000000
90.000000
107.000000
121.000000
132.000000
140.000000
149.000000
164.000000
177.000000
184.000000
187.000000
178.000000
162.000000
158.000000
144.000000
121.000000
116.000000
106.000000
87.000000
72.000000
45.000000
24.000000
5.000000
-9.000000
-20.000000
-16.000000
-29.000000
-36.000000
-31.000000
-41.000000
-30.000000
-17.000000
-13.000000
0.000000
18.000000
25.000000
31.000000
41.000000
48.000000
58.000000
64.000000
72.000000
74.000000
74.000000
69.000000
54.000000
39.000000
22.000000
13.000000
-2.000000
-26.000000
-47.000000
-79.000000
-108.000000
-126.000000
-154.000000
-173.000000
-194.000000
-202.000000
-207.000000
-221.000000
-224.000000
-219.000000
-212.000000
-201.000000
-193.000000
-180.000000
-161.000000
-138.000000
-105.000000
-92.000000
-79.000000
-64.000000
-54.000000
-38.000000
-27.000000
-19.000000
-4.000000
0.000000
10.000000
7.000000
3.000000
6.000000
3.000000
-2.000000
-12.000000
-3.000000
-9.000000
-16.000000
-24.000000
-20.000000
-11.000000
-10.000000
1.000000
13.000000
15.000000
20.000000
35.000000
55.000000
74.000000
85.000000
111.000000
117.000000
126.000000
131.000000
140.000000
153.000000
144.000000
153.000000
157.000000
158.000000
149.000000
143.000000
135.000000
120.000000
95.000000
81.000000
72.000000
54.000000
44.000000
30.000000
15.000000
8.000000
-4.000000
-7.000000
-4.000000
-11.000000
-12.000000
-8.000000
-3.000000
9.000000
28.000000
44.000000
46.000000
49.000000
62.000000
81.000000
85.000000
88.000000
100.000000
101.000000
96.000000
96.000000
95.000000
73.000000
56.000000
43.000000
22.000000
1.000000
-10.000000
-23.000000
-48.000000
-86.000000
-101.000000
-130.000000
-149.000000
-152.000000
-172.000000
-177.000000
-171.000000
-172.000000
-180.000000
-180.000000
-180.000000
-171.000000
-154.000000
-138.000000
-134.000000
-108.000000
-98.000000
-101.000000
-92.000000
-86.000000
-64.000000
-46.000000
-47.000000
-38.000000
-21.000000
-25.000000
-25.000000
-27.000000
-21.000000
-32.000000
-46.000000
-49.000000
-48.000000
-47.000000
-47.000000
-42.000000
-50.000000
-44.000000
-37.000000
-34.000000
-26.000000
-21.000000
-15.000000
-9.000000
7.000000
32.000000
53.000000
64.000000
72.000000
77.000000
89.000000
100.000000
111.000000
118.000000
121.000000
120.000000
123.000000
122.000000
107.000000
109.000000
111.000000
110.000000
107.000000
95.000000
89.000000
83.000000
69.000000
64.000000
61.000000
62.000000
64.000000
67.000000
67.000000
69.000000
70.000000
73.000000
74.000000
77.000000
84.000000
96.000000
98.000000
92.000000
100.000000
95.000000
96.000000
96.000000
94.000000
92.000000
79.000000
72.000000
57.000000
37.000000
19.000000
-1.000000
-17.000000
-31.000000
-44.000000
-54.000000
-65.000000
-92.000000
-111.000000
-119.000000
-132.000000
-127.000000
-141.000000
-142.000000
-142.000000
-164.000000
-163.000000
-168.000000
-157.000000
-154.000000
-145.000000
-127.000000
-130.000000
-118.000000
-113.000000
-117.000000
-111.000000
-107.000000
-92.000000
-72.000000
-72.000000
-70.000000
-68.000000
-71.000000
-68.000000
-64.000000
-70.000000
-61.000000
-63.000000
-72.000000
-77.000000
-67.000000
-61.000000
-69.000000
-53.000000
-51.000000
-48.000000
-34.000000
-29.000000
-19.000000
-13.000000
-1.000000
16.000000
25.000000
42.000000
56.000000
71.000000
82.000000
70.000000
76.000000
97.000000
105.000000
115.000000
121.000000
121.000000
117.000000
117.000000
114.000000
110.000000
114.000000
115.000000
109.000000
111.000000
110.000000
102.000000
105.000000
97.000000
111.000000
109.000000
100.000000
98.000000
95.000000
100.000000
91.000000
101.000000
97.000000
98.000000
99.000000
103.000000
106.000000
98.000000
97.000000
91.000000
87.000000
87.000000
79.000000
64.000000
57.000000
48.000000
23.000000
8.000000
0.000000
-10.000000
-26.000000
-43.000000
-49.000000
-56.000000
-71.000000
-94.000000
-101.000000
-107.000000
-113.000000
-115.000000
-121.000000
-131.000000
-138.000000
-147.000000
-150.000000
-147.000000
-144.000000
-135.000000
-123.000000
-114.000000
-117.000000
-118.000000
-110.000000
-111.000000
-111.000000
-102.000000
-101.000000
-95.000000
-93.000000
-100.000000
-99.000000
-87.000000
-90.000000
-93.000000
-86.000000
-85.000000
-74.000000
-71.000000
-67.000000
-57.000000
-60.000000
-54.000000
-49.000000
-45.000000
-30.000000
-25.000000
-13.000000
-5.000000
8.000000
14.000000
14.000000
26.000000
24.000000
27.000000
30.000000
33.000000
37.000000
46.000000
51.000000
54.000000
64.000000
71.000000
71.000000
76.000000
85.000000
81.000000
88.000000
87.000000
94.000000
105.000000
99.000000
104.000000
105.000000
109.000000
115.000000
126.000000
126.000000
138.000000
146.000000
156.000000
154.000000
144.000000
151.000000
144.000000
146.000000
142.000000
137.000000
138.000000
121.000000
117.000000
107.000000
96.000000
88.000000
84.000000
75.000000
65.000000
58.000000
39.000000
28.000000
5.000000
-6.000000
-15.000000
-29.000000
-37.000000
-50.000000
-62.000000
-72.000000
-81.000000
-83.000000
-84.000000
-80.000000
-81.000000
-81.000000
-78.000000
-87.000000
-86.000000
-92.000000
-94.000000
-77.000000
-90.000000
-97.000000
-112.000000
-108.000000
-106.000000
-115.000000
-111.000000
-109.000000
-111.000000
-122.000000
-124.000000
-141.000000
-141.000000
-142.000000
-144.000000
-150.000000
-140.000000
-127.000000
-116.000000
-109.000000
-114.000000
-99.000000
-96.000000
-82.000000
-70.000000
-55.000000
-47.000000
-44.000000
-40.000000
-40.000000
-30.000000
-18.000000
-1.000000
10.000000
10.000000
14.000000
15.000000
27.000000
35.000000
40.000000
44.000000
55.000000
51.000000
43.000000
46.000000
39.000000
39.000000
37.000000
46.000000
54.000000
59.000000
60.000000
64.000000
80.000000
95.000000
116.000000
126.000000
143.000000
150.000000
156.000000
165.000000
160.000000
154.000000
153.000000
173.000000
168.000000
164.000000
156.000000
138.000000
138.000000
133.000000
121.000000
117.000000
106.000000
95.000000
84.000000
66.000000
46.000000
19.000000
10.000000
2.000000
5.000000
-3.000000
-24.000000
-30.000000
-45.000000
-51.000000
-52.000000
-47.000000
-40.000000
-31.000000
-33.000000
-34.000000
-40.000000
-47.000000
-44.000000
-39.000000
-36.000000
-35.000000
-39.000000
-54.000000
-57.000000
-74.000000
-77.000000
-78.000000
-81.000000
-87.000000
-103.000000
-109.000000
-124.000000
-139.000000
-145.000000
-149.000000
-149.000000
-147.000000
-138.000000
-138.000000
-143.000000
-137.000000
-131.000000
-120.000000
-123.000000
-103.000000
-82.000000
-70.000000
-57.000000
-58.000000
-53.000000
-45.000000
-37.000000
-21.000000
-2.000000
8.000000
14.000000
11.000000
5.000000
18.000000
23.000000
31.000000
34.000000
27.000000
23.000000
12.000000
11.000000
-4.000000
-1.000000
10.000000
18.000000
34.000000
44.000000
47.000000
42.000000
50.000000
66.000000
72.000000
90.000000
108.000000
112.000000
115.000000
110.000000
106.000000
120.000000
131.000000
133.000000
137.000000
135.000000
136.000000
125.000000
122.000000
115.000000
115.000000
115.000000
98.000000
93.000000
75.000000
59.000000
48.000000
40.000000
25.000000
15.000000
25.000000
24.000000
10.000000
0.000000
2.000000
-7.000000
-10.000000
-4.000000
10.000000
16.000000
8.000000
7.000000
-4.000000
-5.000000
1.000000
6.000000
-1.000000
-2.000000
-1.000000
-16.000000
-25.000000
-34.000000
-58.000000
-67.000000
-73.000000
-70.000000
-75.000000
-85.000000
-94.000000
-99.000000
-114.000000
-118.000000
-117.000000
-110.000000
-112.000000
-110.000000
-108.000000
-109.000000
-105.000000
-109.000000
-101.000000
-89.000000
-84.000000
-73.000000
-62.000000
-67.000000
-64.000000
-57.000000
-50.000000
-35.000000
-26.000000
-28.000000
-28.000000
-29.000000
-41.000000
-51.000000
-49.000000
-53.000000
-47.000000
-43.000000
-53.000000
-50.000000
-48.000000
-48.000000
-44.000000
-30.000000
-13.000000
4.000000
13.000000
27.000000
30.000000
34.000000
49.000000
63.000000
80.000000
82.000000
96.000000
99.000000
86.000000
82.000000
98.000000
112.000000
123.000000
126.000000
121.000000
110.000000
95.000000
88.000000
85.000000
85.000000
73.000000
73.000000
73.000000
54.000000
46.000000
37.000000
35.000000
35.000000
36.000000
51.000000
60.000000
61.000000
62.000000
68.000000
64.000000
71.000000
81.000000
87.000000
81.000000
76.000000
82.000000
69.000000
60.000000
55.000000
55.000000
57.000000
44.000000
30.000000
15.000000
2.000000
-12.000000
-26.000000
-38.000000
-50.000000
-58.000000
-71.000000
-82.000000
-93.000000
-97.000000
-98.000000
-94.000000
-95.000000
-110.000000
-109.000000
-112.000000
-114.000000
-117.000000
-106.000000
-96.000000
-89.000000
-81.000000
-77.000000
-73.000000
-70.000000
-57.000000
-59.000000
-57.000000
-49.000000
-48.000000
-60.000000
-59.000000
-56.000000
-68.000000
-69.000000
-83.000000
-74.000000
-75.000000
-71.000000
-65.000000
-62.000000
-56.000000
-52.000000
-39.000000
-34.000000
-27.000000
-19.000000
-15.000000
-6.000000
3.000000
4.000000
25.000000
22.000000
31.000000
49.000000
56.000000
66.000000
75.000000
76.000000
80.000000
96.000000
100.000000
102.000000
103.000000
98.000000
84.000000
77.000000
71.000000
68.000000
61.000000
54.000000
53.000000
49.000000
41.000000
32.000000
42.000000
41.000000
43.000000
50.000000
49.000000
60.000000
61.000000
63.000000
71.000000
74.000000
82.000000
95.000000
95.000000
92.000000
100.000000
94.000000
87.000000
84.000000
85.000000
81.000000
72.000000
57.000000
46.000000
29.000000
5.000000
-9.000000
-25.000000
-38.000000
-47.000000
-61.000000
-57.000000
-75.000000
-93.000000
-102.000000
-113.000000
-111.000000
-115.000000
-109.000000
-103.000000
-109.000000
-106.000000
-99.000000
-91.000000
-78.000000
-67.000000
-55.000000
-38.000000
-38.000000
-44.000000
-41.000000
-36.000000
-29.000000
-32.000000
-30.000000
-33.000000
-47.000000
-56.000000
-63.000000
-72.000000
-69.000000
-71.000000
-73.000000
-63.000000
-61.000000
-60.000000
-67.000000
-70.000000
-60.000000
-52.000000
-39.000000
-25.000000
-19.000000
-4.000000
1.000000
0.000000
10.000000
21.000000
36.000000
50.000000
56.000000
55.000000
55.000000
56.000000
50.000000
54.000000
59.000000
64.000000
59.000000
54.000000
51.000000
45.000000
35.000000
32.000000
32.000000
27.000000
31.000000
27.000000
26.000000
25.000000
15.000000
21.000000
27.000000
42.000000
47.000000
58.000000
65.000000
58.000000
62.000000
59.000000
78.000000
93.000000
85.000000
91.000000
88.000000
78.000000
59.000000
50.000000
55.000000
49.000000
60.000000
51.000000
37.000000
21.000000
10.000000
3.000000
-9.000000
-9.000000
-12.000000
-12.000000
-14.000000
-32.000000
-47.000000
-56.000000
-56.000000
-54.000000
-51.000000
-44.000000
-33.000000
-26.000000
-26.000000
-21.000000
-25.000000
-15.000000
-14.000000
-3.000000
11.000000
6.000000
1.000000
-15.000000
-17.000000
-20.000000
-30.000000
-17.000000
-31.000000
-38.000000
-52.000000
-68.000000
-75.000000
-79.000000
-66.000000
-64.000000
-60.000000
-60.000000
-57.000000
-61.000000
-60.000000
-64.000000
-50.000000
-22.000000
-12.000000
1.000000
6.000000
8.000000
3.000000
8.000000
18.000000
23.000000
36.000000
44.000000
39.000000
29.000000
17.000000
14.000000
11.000000
14.000000
23.000000
17.000000
9.000000
-4.000000
-22.000000
-32.000000
-40.000000
-45.000000
-38.000000
-38.000000
-35.000000
-26.000000
-36.000000
-36.000000
-27.000000
-8.000000
5.000000
15.000000
32.000000
42.000000
41.000000
35.000000
33.000000
40.000000
55.000000
59.000000
64.000000
54.000000
46.000000
31.000000
24.000000
33.000000
38.000000
40.000000
32.000000
21.000000
-1.000000
-13.000000
-15.000000
-17.000000
-16.000000
-19.000000
-19.000000
-22.000000
-36.000000
-42.000000
-38.000000
-40.000000
-19.000000
-2.000000
0.000000
13.000000
18.000000
9.000000
12.000000
19.000000
33.000000
38.000000
46.000000
50.000000
45.000000
30.000000
5.000000
12.000000
15.000000
17.000000
12.000000
2.000000
-8.000000
-20.000000
-32.000000
-48.000000
-52.000000
-55.000000
-51.000000
-50.000000
-55.000000
-60.000000
-69.000000
-54.000000
-35.000000
-29.000000
-8.000000
0.000000
-4.000000
6.000000
19.000000
28.000000
39.000000
58.000000
59.000000
59.000000
66.000000
63.000000
56.000000
51.000000
49.000000
47.000000
41.000000
32.000000
13.000000
-8.000000
-16.000000
-36.000000
-53.000000
-60.000000
-62.000000
-62.000000
-69.000000
-68.000000
-69.000000
-72.000000
-62.000000
-57.000000
-42.000000
-13.000000
-5.000000
6.000000
14.000000
21.000000
35.000000
46.000000
57.000000
64.000000
74.000000
79.000000
65.000000
57.000000
55.000000
43.000000
49.000000
43.000000
36.000000
30.000000
4.000000
-16.000000
-28.000000
-37.000000
-51.000000
-56.000000
-66.000000
-85.000000
-85.000000
-88.000000
-83.000000
-83.000000
-73.000000
-61.000000
-55.000000
-35.000000
-22.000000
-11.000000
3.000000
17.000000
24.000000
40.000000
59.000000
67.000000
67.000000
66.000000
64.000000
64.000000
62.000000
54.000000
59.000000
52.000000
37.000000
26.000000
15.000000
-5.000000
-9.000000
-11.000000
-31.000000
-32.000000
-36.000000
-45.000000
-42.000000
-51.000000
-51.000000
-49.000000
-53.000000
-47.000000
-44.000000
-32.000000
-23.000000
-14.000000
-2.000000
12.000000
13.000000
19.000000
40.000000
47.000000
42.000000
52.000000
58.000000
50.000000
57.000000
60.000000
59.000000
44.000000
34.000000
25.000000
15.000000
3.000000
-8.000000
-10.000000
-17.000000
-25.000000
-34.000000
-42.000000
-44.000000
-43.000000
-50.000000
-48.000000
-50.000000
-45.000000
-39.000000
-38.000000
-17.000000
-1.000000
1.000000
9.000000
12.000000
13.000000
24.000000
28.000000
35.000000
40.000000
38.000000
35.000000
26.000000
25.000000
14.000000
14.000000
9.000000
-18.000000
-17.000000
-31.000000
-39.000000
-45.000000
-52.000000
-54.000000
-54.000000
-56.000000
-59.000000
-56.000000
-65.000000
-59.000000
-49.000000
-27.000000
-15.000000
-20.000000
-2.000000
2.000000
9.000000
23.000000
32.000000
54.000000
48.000000
46.000000
58.000000
57.000000
59.000000
57.000000
54.000000
43.000000
44.000000
48.000000
39.000000
35.000000
7.000000
0.000000
-11.000000
-23.000000
-16.000000
-19.000000
-4.000000
-7.000000
-15.000000
-16.000000
-9.000000
1.000000
-1.000000
16.000000
18.000000
17.000000
24.000000
26.000000
37.000000
50.000000
50.000000
50.000000
48.000000
51.000000
37.000000
18.000000
25.000000
22.000000
13.000000
2.000000
-14.000000
-17.000000
-22.000000
-31.000000
-33.000000
-35.000000
-39.000000
-33.000000
-28.000000
-37.000000
-46.000000
-55.000000
-45.000000
-35.000000
-21.000000
-3.000000
4.000000
-1.000000
-5.000000
-12.000000
-13.000000
-7.000000
-9.000000
-7.000000
-3.000000
-2.000000
-10.000000
-9.000000
-16.000000
-34.000000
-30.000000
-29.000000
-30.000000
-33.000000
-46.000000
-56.000000
-64.000000
-59.000000
-48.000000
-45.000000
-37.000000
-24.000000
-17.000000
-11.000000
-2.000000
7.000000
1.000000
4.000000
5.000000
10.000000
7.000000
9.000000
22.000000
11.000000
15.000000
22.000000
31.000000
29.000000
28.000000
43.000000
39.000000
33.000000
37.000000
21.000000
11.000000
12.000000
11.000000
12.000000
7.000000
15.000000
14.000000
7.000000
14.000000
23.000000
40.000000
48.000000
51.000000
50.000000
35.000000
42.000000
48.000000
51.000000
63.000000
71.000000
74.000000
79.000000
82.000000
70.000000
59.000000
65.000000
67.000000
62.000000
55.000000
44.000000
17.000000
4.000000
-2.000000
0.000000
3.000000
-11.000000
-35.000000
-58.000000
-73.000000
-85.000000
-78.000000
-69.000000
-65.000000
-63.000000
-65.000000
-67.000000
-65.000000
-70.000000
-67.000000
-56.000000
-30.000000
-11.000000
-7.000000
-4.000000
-20.000000
-42.000000
-57.000000
-39.000000
-14.000000
1.000000
36.000000
45.000000
29.000000
-1.000000
-40.000000
-64.000000
-62.000000
-41.000000
-40.000000
-40.000000
-46.000000
-77.000000
-93.000000
-93.000000
-84.000000
-63.000000
-47.000000
-45.000000
-43.000000
-46.000000
-32.000000
-21.000000
-2.000000
12.000000
12.000000
12.000000
11.000000
17.000000
25.000000
34.000000
42.000000
49.000000
51.000000
72.000000
85.000000
75.000000
53.000000
20.000000
-4.000000
-13.000000
-9.000000
9.000000
12.000000
8.000000
-4.000000
-22.000000
-16.000000
-3.000000
12.000000
25.000000
34.000000
47.000000
51.000000
50.000000
41.000000
50.000000
49.000000
61.000000
76.000000
70.000000
57.000000
42.000000
44.000000
64.000000
93.000000
97.000000
83.000000
60.000000
56.000000
61.000000
63.000000
61.000000
49.000000
42.000000
19.000000
15.000000
16.000000
10.000000
-2.000000
-11.000000
-13.000000
-19.000000
-9.000000
-14.000000
-31.000000
-39.000000
-46.000000
-63.000000
-93.000000
-123.000000
-147.000000
-153.000000
-158.000000
-170.000000
-196.000000
-204.000000
-125.000000
41.000000
245.000000
356.000000
251.000000
20.000000
-205.000000
-242.000000
-69.000000
166.000000
302.000000
212.000000
12.000000
-144.000000
-129.000000
43.000000
202.000000
212.000000
75.000000
-90.000000
-160.000000
-102.000000
-19.000000
-17.000000
-145.000000
-296.000000
-350.000000
-272.000000
-105.000000
8.000000
7.000000
-78.000000
-157.000000
-160.000000
-89.000000
17.000000
70.000000
53.000000
18.000000
-25.000000
-63.000000
-62.000000
-10.000000
47.000000
77.000000
24.000000
-58.000000
-120.000000
-86.000000
42.000000
138.000000
156.000000
55.000000
-98.000000
-148.000000
-52.000000
97.000000
174.000000
101.000000
-42.000000
-108.000000
-20.000000
145.000000
247.000000
188.000000
60.000000
-31.000000
9.000000
135.000000
220.000000
181.000000
9.000000
-140.000000
-153.000000
-44.000000
65.000000
90.000000
9.000000
-91.000000
-131.000000
-89.000000
-37.000000
-17.000000
-25.000000
-33.000000
7.000000
50.000000
55.000000
35.000000
2.000000
16.000000
56.000000
88.000000
100.000000
48.000000
20.000000
6.000000
-12.000000
-19.000000
-63.000000
-63.000000
7.000000
92.000000
125.000000
68.000000
-1.000000
27.000000
184.000000
362.000000
371.000000
117.000000
-243.000000
-404.000000
-251.000000
186.000000
567.000000
593.000000
323.000000
6.000000
-88.000000
49.000000
190.000000
184.000000
-65.000000
-300.000000
-324.000000
-220.000000
-86.000000
-154.000000
-398.000000
-607.000000
-575.000000
-268.000000
43.000000
135.000000
-14.000000
-234.000000
-318.000000
-211.000000
-34.000000
62.000000
28.000000
-39.000000
6.000000
181.000000
384.000000
474.000000
374.000000
216.000000
142.000000
208.000000
327.000000
376.000000
316.000000
202.000000
101.000000
45.000000
5.000000
-75.000000
-159.000000
-220.000000
-223.000000
-181.000000
-163.000000
-200.000000
-238.000000
-255.000000
-241.000000
-256.000000
-322.000000
-393.000000
-422.000000
-375.000000
-277.000000
-226.000000
-252.000000
-341.000000
-383.000000
-332.000000
-219.000000
-105.000000
-58.000000
-43.000000
-50.000000
-34.000000
-2.000000
10.000000
-9.000000
-47.000000
-49.000000
-2.000000
76.000000
133.000000
136.000000
113.000000
71.000000
46.000000
51.000000
48.000000
60.000000
86.000000
89.000000
78.000000
78.000000
70.000000
79.000000
73.000000
73.000000
81.000000
94.000000
112.000000
193.000000
307.000000
378.000000
380.000000
316.000000
261.000000
270.000000
369.000000
466.000000
521.000000
495.000000
429.000000
401.000000
418.000000
442.000000
444.000000
392.000000
300.000000
265.000000
261.000000
279.000000
261.000000
188.000000
98.000000
42.000000
69.000000
139.000000
218.000000
247.000000
224.000000
186.000000
198.000000
242.000000
316.000000
406.000000
489.000000
567.000000
608.000000
640.000000
623.000000
586.000000
546.000000
520.000000
501.000000
483.000000
437.000000
363.000000
234.000000
61.000000
-204.000000
-561.000000
-952.000000
-1286.000000
-1512.000000
-1636.000000
-1725.000000
-1854.000000
-2042.000000
-2240.000000
-2367.000000
-2409.000000
-2363.000000
-2337.000000
-2354.000000
-2345.000000
-2222.000000
-1954.000000
-1612.000000
-1300.000000
-1093.000000
-941.000000
-777.000000
-501.000000
-147.000000
204.000000
480.000000
660.000000
810.000000
951.000000
1094.000000
1170.000000
1130.000000
1017.000000
911.000000
894.000000
956.000000
1005.000000
962.000000
816.000000
622.000000
450.000000
328.000000
264.000000
201.000000
141.000000
93.000000
78.000000
88.000000
119.000000
129.000000
102.000000
87.000000
103.000000
199.000000
338.000000
505.000000
658.000000
766.000000
858.000000
964.000000
1091.000000
1282.000000
1486.000000
1656.000000
1774.000000
1855.000000
1929.000000
2009.000000
2106.000000
2134.000000
2095.000000
1971.000000
1805.000000
1670.000000
1556.000000
1415.000000
1181.000000
925.000000
685.000000
523.000000
411.000000
287.000000
114.000000
-101.000000
-305.000000
-443.000000
-508.000000
-560.000000
-609.000000
-636.000000
-597.000000
-487.000000
-350.000000
-252.000000
-235.000000
-255.000000
-235.000000
-160.000000
-46.000000
14.000000
-19.000000
-181.000000
-529.000000
-1075.000000
-1819.000000
-2555.000000
-3046.000000
-3087.000000
-2687.000000
-2239.000000
-2132.000000
-2537.000000
-3234.000000
-3797.000000
-3956.000000
-3757.000000
-3549.000000
-3504.000000
-3498.000000
-3189.000000
-2384.000000
-1306.000000
-469.000000
-265.000000
-571.000000
-845.000000
-523.000000
434.000000
1573.000000
2278.000000
2357.000000
2117.000000
1997.000000
2195.000000
2448.000000
2360.000000
1815.000000
1170.000000
929.000000
1235.000000
1726.000000
1796.000000
1156.000000
89.000000
-809.000000
-1075.000000
-848.000000
-563.000000
-609.000000
-1014.000000
-1385.000000
-1440.000000
-1181.000000
-930.000000
-928.000000
-1116.000000
-1219.000000
-902.000000
-200.000000
586.000000
1113.000000
1279.000000
1263.000000
1337.000000
1621.000000
1990.000000
2316.000000
2530.000000
2707.000000
2946.000000
3205.000000
3367.000000
3292.000000
3034.000000
2705.000000
2404.000000
2170.000000
1895.000000
1555.000000
1183.000000
870.000000
619.000000
356.000000
10.000000
-448.000000
-919.000000
-1280.000000
-1432.000000
-1410.000000
-1373.000000
-1403.000000
-1504.000000
-1576.000000
-1528.000000
-1389.000000
-1218.000000
-1046.000000
-904.000000
-764.000000
-576.000000
-363.000000
-181.000000
-87.000000
-41.000000
14.000000
92.000000
197.000000
288.000000
329.000000
322.000000
309.000000
288.000000
265.000000
197.000000
94.000000
28.000000
-11.000000
-15.000000
-28.000000
-72.000000
-154.000000
-263.000000
-288.000000
-242.000000
-131.000000
-38.000000
-30.000000
-57.000000
-43.000000
92.000000
279.000000
368.000000
159.000000
-335.000000
-855.000000
-1082.000000
-827.000000
-225.000000
302.000000
353.000000
-103.000000
-735.000000
-1104.000000
-1039.000000
-807.000000
-786.000000
-1184.000000
-1786.000000
-2071.000000
-1756.000000
-1012.000000
-414.000000
-469.000000
-1137.000000
-1883.000000
-2082.000000
-1588.000000
-798.000000
-325.000000
-455.000000
-893.000000
-1085.000000
-734.000000
-38.000000
466.000000
403.000000
-50.000000
-401.000000
-228.000000
412.000000
1032.000000
1175.000000
773.000000
220.000000
-16.000000
226.000000
678.000000
895.000000
696.000000
227.000000
-136.000000
-159.000000
82.000000
295.000000
252.000000
-7.000000
-276.000000
-312.000000
-72.000000
249.000000
448.000000
456.000000
358.000000
298.000000
368.000000
547.000000
764.000000
947.000000
1052.000000
1081.000000
1046.000000
1009.000000
1023.000000
1129.000000
1302.000000
1432.000000
1410.000000
1191.000000
896.000000
693.000000
710.000000
880.000000
980.000000
893.000000
627.000000
394.000000
351.000000
501.000000
680.000000
645.000000
370.000000
28.000000
-96.000000
100.000000
446.000000
658.000000
551.000000
220.000000
-93.000000
-165.000000
-11.000000
123.000000
71.000000
-182.000000
-424.000000
-454.000000
-249.000000
1.000000
31.000000
-214.000000
-591.000000
-819.000000
-782.000000
-564.000000
-388.000000
-390.000000
-517.000000
-629.000000
-598.000000
-484.000000
-422.000000
-478.000000
-595.000000
-659.000000
-567.000000
-358.000000
-161.000000
-92.000000
-146.000000
-222.000000
-252.000000
-226.000000
-213.000000
-264.000000
-347.000000
-357.000000
-237.000000
-16.000000
195.000000
297.000000
267.000000
217.000000
233.000000
317.000000
382.000000
295.000000
77.000000
-149.000000
-213.000000
-45.000000
258.000000
512.000000
567.000000
411.000000
158.000000
-50.000000
-142.000000
-198.000000
-350.000000
-642.000000
-968.000000
-1142.000000
-1060.000000
-790.000000
-561.000000
-585.000000
-893.000000
-1303.000000
-1548.000000
-1522.000000
-1312.000000
-1138.000000
-1115.000000
-1171.000000
-1122.000000
-846.000000
-459.000000
-203.000000
-230.000000
-472.000000
-691.000000
-630.000000
-275.000000
153.000000
394.000000
333.000000
121.000000
31.000000
214.000000
525.000000
683.000000
515.000000
136.000000
-121.000000
-66.000000
268.000000
599.000000
671.000000
493.000000
244.000000
161.000000
312.000000
526.000000
599.000000
463.000000
272.000000
209.000000
338.000000
554.000000
690.000000
644.000000
481.000000
348.000000
383.000000
539.000000
695.000000
770.000000
748.000000
730.000000
790.000000
879.000000
885.000000
716.000000
406.000000
163.000000
161.000000
441.000000
863.000000
1225.000000
1355.000000
1209.000000
891.000000
551.000000
333.000000
264.000000
278.000000
324.000000
389.000000
530.000000
687.000000
782.000000
730.000000
486.000000
118.000000
-227.000000
-385.000000
-271.000000
-4.000000
194.000000
233.000000
124.000000
-27.000000
-148.000000
-265.000000
-429.000000
-582.000000
-609.000000
-476.000000
-237.000000
-49.000000
-27.000000
-210.000000
-520.000000
-764.000000
-830.000000
-717.000000
-562.000000
-509.000000
-558.000000
-617.000000
-572.000000
-457.000000
-380.000000
-390.000000
-472.000000
-493.000000
-357.000000
-38.000000
352.000000
611.000000
615.000000
482.000000
473.000000
655.000000
950.000000
1222.000000
1349.000000
1375.000000
1306.000000
1137.000000
824.000000
333.000000
-341.000000
-1087.000000
-1628.000000
-1764.000000
-1426.000000
-944.000000
-699.000000
-884.000000
-1452.000000
-2063.000000
-2479.000000
-2612.000000
-2611.000000
-2631.000000
-2650.000000
-2481.000000
-1918.000000
-1062.000000
-262.000000
107.000000
-28.000000
-383.000000
-572.000000
-348.000000
161.000000
643.000000
918.000000
997.000000
1048.000000
1186.000000
1334.000000
1285.000000
930.000000
395.000000
-20.000000
-55.000000
229.000000
541.000000
644.000000
503.000000
304.000000
199.000000
164.000000
67.000000
-175.000000
-481.000000
-672.000000
-617.000000
-364.000000
-95.000000
-15.000000
-124.000000
-278.000000
-335.000000
-269.000000
-160.000000
-50.000000
59.000000
267.000000
545.000000
808.000000
949.000000
904.000000
693.000000
372.000000
59.000000
-153.000000
-133.000000
157.000000
658.000000
1225.000000
1617.000000
1629.000000
1314.000000
894.000000
610.000000
526.000000
523.000000
534.000000
538.000000
649.000000
927.000000
1179.000000
1155.000000
765.000000
123.000000
-420.000000
-569.000000
-299.000000
166.000000
501.000000
617.000000
607.000000
600.000000
622.000000
543.000000
273.000000
-67.000000
-233.000000
-29.000000
474.000000
963.000000
1141.000000
927.000000
476.000000
91.000000
-63.000000
-48.000000
-38.000000
-127.000000
-206.000000
-172.000000
-32.000000
50.000000
-62.000000
-349.000000
-616.000000
-623.000000
-325.000000
148.000000
601.000000
880.000000
1009.000000
1106.000000
1313.000000
1645.000000
1970.000000
2146.000000
2225.000000
2378.000000
2641.000000
2822.000000
2321.000000
648.000000
-1945.000000
-4505.000000
-5666.000000
-4887.000000
-2922.000000
-1350.000000
-1449.000000
-3003.000000
-4689.000000
-5274.000000
-4706.000000
-4159.000000
-4665.000000
-6024.000000
-6856.000000
-5767.000000
-2734.000000
616.000000
2333.000000
1700.000000
-126.000000
-1099.000000
-163.000000
1965.000000
3535.000000
3453.000000
2287.000000
1563.000000
2285.000000
3855.000000
4661.000000
3599.000000
1125.000000
-1130.000000
-1802.000000
-973.000000
68.000000
124.000000
-833.000000
-1841.000000
-2044.000000
-1498.000000
-1058.000000
-1397.000000
-2392.000000
-3259.000000
-3362.000000
-2739.000000
-1900.000000
-1282.000000
-846.000000
-313.000000
430.000000
1143.000000
1494.000000
1485.000000
1501.000000
1918.000000
2698.000000
3464.000000
3831.000000
3838.000000
3833.000000
4061.000000
4358.000000
4247.000000
3490.000000
2377.000000
1535.000000
1346.000000
1588.000000
1632.000000
979.000000
-214.000000
-1321.000000
-1783.000000
-1565.000000
-1132.000000
-974.000000
-1173.000000
-1467.000000
-1523.000000
-1305.000000
-1045.000000
-991.000000
-1161.000000
-1370.000000
-1351.000000
-955.000000
-241.000000
592.000000
1278.000000
1657.000000
1672.000000
1441.000000
1164.000000
1031.000000
1104.000000
1244.000000
1306.000000
1211.000000
1048.000000
949.000000
969.000000
954.000000
698.000000
154.000000
-490.000000
-955.000000
-1069.000000
-887.000000
-691.000000
-694.000000
-909.000000
-1173.000000
-1298.000000
-1249.000000
-1091.000000
-929.000000
-791.000000
-612.000000
-280.000000
238.000000
839.000000
1448.000000
1953.000000
2335.000000
2659.000000
2947.000000
3205.000000
3396.000000
3531.000000
3652.000000
3776.000000
3711.000000
3106.000000
1538.000000
-925.000000
-3542.000000
-5203.000000
-5208.000000
-3947.000000
-2645.000000
-2477.000000
-3627.000000
-5184.000000
-6011.000000
-5775.000000
-5201.000000
-5289.000000
-6241.000000
-7119.000000
-6578.000000
-4120.000000
-727.000000
1799.000000
2274.000000
1122.000000
-37.000000
189.000000
1792.000000
3479.000000
3962.000000
3106.000000
2035.000000
2001.000000
3120.000000
4253.000000
4055.000000
2246.000000
-127.000000
-1621.000000
-1702.000000
-1047.000000
-834.000000
-1580.000000
-2742.000000
-3402.000000
-3145.000000
-2416.000000
-2011.000000
-2347.000000
-3084.000000
-3498.000000
-3202.000000
-2402.000000
-1575.000000
-1010.000000
-548.000000
110.000000
1016.000000
1917.000000
2531.000000
2867.000000
3187.000000
3661.000000
4162.000000
4427.000000
4341.000000
4124.000000
4121.000000
4460.000000
4831.000000
4740.000000
3974.000000
2878.000000
2056.000000
1757.000000
1693.000000
1307.000000
341.000000
-859.000000
-1688.000000
-1862.000000
-1658.000000
-1576.000000
-1821.000000
-2152.000000
-2123.000000
-1600.000000
-927.000000
-636.000000
-956.000000
-1497.000000
-1675.000000
-1189.000000
-318.000000
407.000000
711.000000
735.000000
881.000000
1293.000000
1718.000000
1762.000000
1265.000000
565.000000
173.000000
340.000000
859.000000
1257.000000
1190.000000
771.000000
387.000000
258.000000
265.000000
54.000000
-523.000000
-1214.000000
-1614.000000
-1503.000000
-1078.000000
-762.000000
-775.000000
-1062.000000
-1330.000000
-1340.000000
-1157.000000
-982.000000
-967.000000
-1031.000000
-908.000000
-461.000000
231.000000
918.000000
1411.000000
1677.000000
1840.000000
2031.000000
2312.000000
2569.000000
2748.000000
2871.000000
3027.000000
3308.000000
3622.000000
3574.000000
2652.000000
729.000000
-1709.000000
-3694.000000
-4371.000000
-3679.000000
-2372.000000
-1588.000000
-1935.000000
-3028.000000
-3934.000000
-4050.000000
-3660.000000
-3640.000000
-4539.000000
-5956.000000
-6709.000000
-5778.000000
-3254.000000
-431.000000
1248.000000
1276.000000
448.000000
68.000000
787.000000
2055.000000
2695.000000
2117.000000
947.000000
419.000000
1244.000000
2888.000000
3999.000000
3646.000000
2061.000000
370.000000
-462.000000
-484.000000
-482.000000
-1109.000000
-2205.000000
-2996.000000
-2863.000000
-1975.000000
-1093.000000
-906.000000
-1415.000000
-2074.000000
-2409.000000
-2371.000000
-2244.000000
-2231.000000
-2125.000000
-1559.000000
-399.000000
978.000000
1970.000000
2283.000000
2160.000000
2083.000000
2317.000000
2679.000000
2786.000000
2513.000000
2229.000000
2401.000000
3132.000000
3982.000000
4281.000000
3752.000000
2747.000000
1906.000000
1569.000000
1552.000000
1363.000000
700.000000
-196.000000
-853.000000
-1023.000000
-860.000000
-747.000000
-908.000000
-1220.000000
-1390.000000
-1235.000000
-889.000000
-630.000000
-642.000000
-818.000000
-925.000000
-792.000000
-463.000000
-49.000000
336.000000
687.000000
1039.000000
1296.000000
1385.000000
1257.000000
1015.000000
809.000000
746.000000
836.000000
957.000000
1036.000000
1038.000000
989.000000
905.000000
719.000000
370.000000
-128.000000
-620.000000
-965.000000
-1061.000000
-1015.000000
-955.000000
-970.000000
-1071.000000
-1138.000000
-1134.000000
-1075.000000
-1067.000000
-1135.000000
-1181.000000
-1064.000000
-717.000000
-228.000000
262.000000
660.000000
987.000000
1322.000000
1701.000000
2054.000000
2349.000000
2622.000000
2900.000000
3253.000000
3632.000000
3997.000000
4251.000000
4129.000000
3302.000000
1438.000000
-1218.000000
-3916.000000
-5535.000000
-5462.000000
-4077.000000
-2581.000000
-2120.000000
-2837.000000
-3963.000000
-4524.000000
-4330.000000
-4070.000000
-4568.000000
-5893.000000
-7008.000000
-6673.000000
-4410.000000
-1124.000000
1611.000000
2719.000000
2334.000000
1644.000000
1634.000000
2370.000000
3010.000000
2747.000000
1712.000000
815.000000
965.000000
2055.000000
3174.000000
3295.000000
2181.000000
540.000000
-794.000000
-1487.000000
-1933.000000
-2561.000000
-3344.000000
-3785.000000
-3411.000000
-2378.000000
-1231.000000
-573.000000
-478.000000
-654.000000
-838.000000
-1011.000000
-1319.000000
-1639.000000
-1657.000000
-974.000000
353.000000
1801.000000
2782.000000
2980.000000
2745.000000
2523.000000
2567.000000
2635.000000
2308.000000
1582.000000
893.000000
860.000000
1611.000000
2665.000000
3245.000000
2966.000000
2104.000000
1317.000000
1031.000000
1041.000000
874.000000
247.000000
-643.000000
-1272.000000
-1355.000000
-1004.000000
-587.000000
-400.000000
-387.000000
-378.000000
-284.000000
-166.000000
-179.000000
-319.000000
-470.000000
-487.000000
-288.000000
68.000000
554.000000
1086.000000
1600.000000
1929.000000
1975.000000
1711.000000
1253.000000
843.000000
616.000000
627.000000
735.000000
755.000000
641.000000
431.000000
277.000000
220.000000
141.000000
-130.000000
-599.000000
-1100.000000
-1415.000000
-1404.000000
-1241.000000
-1105.000000
-1093.000000
-1146.000000
-1086.000000
-878.000000
-546.000000
-267.000000
-8.000000
222.000000
450.000000
729.000000
1014.000000
1398.000000
1786.000000
2172.000000
2519.000000
2824.000000
3215.000000
3623.000000
4043.000000
4256.000000
4245.000000
4110.000000
3776.000000
2893.000000
772.000000
-2657.000000
-6537.000000
-9171.000000
-9165.000000
-6828.000000
-3822.000000
-2299.000000
-2815.000000
-4414.000000
-5343.000000
-4929.000000
-4091.000000
-4073.000000
-5357.000000
-6717.000000
-6425.000000
-3676.000000
574.000000
4116.000000
5408.000000
4457.000000
2957.000000
2402.000000
3052.000000
3776.000000
3319.000000
1694.000000
-72.000000
-718.000000
-93.000000
817.000000
929.000000
-93.000000
-1525.000000
-2575.000000
-2945.000000
-3034.000000
-3259.000000
-3460.000000
-3184.000000
-2164.000000
-742.000000
430.000000
1029.000000
1218.000000
1395.000000
1559.000000
1401.000000
639.000000
-397.000000
-953.000000
-547.000000
594.000000
1649.000000
1964.000000
1636.000000
1263.000000
1318.000000
1583.000000
1535.000000
881.000000
49.000000
-198.000000
516.000000
1841.000000
2992.000000
3472.000000
3357.000000
3112.000000
3042.000000
3018.000000
2766.000000
2112.000000
1248.000000
337.000000
-520.000000
-1366.000000
-2093.000000
-2376.000000
-2015.000000
-1095.000000
-236.000000
80.000000
-251.000000
-784.000000
-984.000000
-728.000000
-278.000000
-114.000000
-173.000000
-64.000000
685.000000
1991.000000
3156.000000
3570.000000
2875.000000
1592.000000
364.000000
-282.000000
-435.000000
-512.000000
-720.000000
-1044.000000
-1115.000000
-919.000000
-581.000000
-496.000000
-861.000000
-1439.000000
-1947.000000
-2004.000000
-1718.000000
-1157.000000
-546.000000
53.000000
591.000000
957.000000
1236.000000
1297.000000
1292.000000
1242.000000
1176.000000
1133.000000
1070.000000
1246.000000
1562.000000
2081.000000
2560.000000
2956.000000
3252.000000
3348.000000
3446.000000
3393.000000
3474.000000
3530.000000
3140.000000
1563.000000
-1965.000000
-6402.000000
-10117.000000
-10832.000000
-8516.000000
-4796.000000
-2071.000000
-1766.000000
-2724.000000
-3576.000000
-3083.000000
-2186.000000
-2145.000000
-3324.000000
-5051.000000
-5323.000000
-3506.000000
233.000000
3925.000000
5990.000000
5919.000000
4292.000000
2738.000000
1784.000000
1585.000000
1111.000000
-80.000000
-1638.000000
-2865.000000
-2917.000000
-2238.000000
-1337.000000
-1047.000000
-1485.000000
-2197.000000
-2805.000000
-2925.000000
-2695.000000
-1968.000000
-796.000000
588.000000
1872.000000
2668.000000
3053.000000
3155.000000
3099.000000
2666.000000
1490.000000
-271.000000
-2059.000000
-2981.000000
-2774.000000
-1873.000000
-1021.000000
-747.000000
-837.000000
-761.000000
-211.000000
606.000000
1154.000000
1297.000000
1298.000000
1681.000000
2710.000000
4166.000000
5541.000000
6291.000000
6312.000000
5813.000000
5001.000000
4102.000000
3020.000000
1883.000000
671.000000
-601.000000
-1899.000000
-3491.000000
-5007.000000
-6147.000000
-6079.000000
-4798.000000
-2700.000000
-539.000000
808.000000
1468.000000
1450.000000
1414.000000
1321.000000
1126.000000
937.000000
698.000000
866.000000
1254.000000
1970.000000
2518.000000
2542.000000
1954.000000
570.000000
-1036.000000
-2554.000000
-3207.000000
-3040.000000
-2377.000000
-1649.000000
-1172.000000
-682.000000
-284.000000
89.000000
211.000000
-27.000000
-389.000000
-677.000000
-435.000000
243.000000
1197.000000
2067.000000
2481.000000
2476.000000
2074.000000
1590.000000
1029.000000
364.000000
-224.000000
-796.000000
-966.000000
-857.000000
-314.000000
477.000000
1263.000000
2210.000000
2953.000000
3795.000000
4410.000000
5073.000000
5821.000000
5942.000000
4726.000000
724.000000
-4919.000000
-10269.000000
-12255.000000
-10123.000000
-6008.000000
-2399.000000
-1391.000000
-1640.000000
-1983.000000
-1365.000000
-468.000000
-700.000000
-1858.000000
-3723.000000
-4417.000000
-3461.000000
-673.000000
3036.000000
5726.000000
6634.000000
5098.000000
2758.000000
632.000000
-489.000000
-975.000000
-1909.000000
-3109.000000
-4364.000000
-4495.000000
-3521.000000
-2099.000000
-825.000000
-383.000000
-306.000000
-704.000000
-1171.000000
-1545.000000
-1588.000000
-755.000000
530.000000
1958.000000
2722.000000
2934.000000
2974.000000
2828.000000
2373.000000
853.000000
-1436.000000
-3904.000000
-5531.000000
-5678.000000
-4796.000000
-3346.000000
-2099.000000
-995.000000
7.000000
1031.000000
2091.000000
2894.000000
3397.000000
3496.000000
3604.000000
3943.000000
4639.000000
5545.000000
6216.000000
6314.000000
5539.000000
4096.000000
2372.000000
634.000000
-1045.000000
-2723.000000
-4240.000000
-5281.000000
-5504.000000
-4805.000000
-3451.000000
-1807.000000
-230.000000
1014.000000
1764.000000
1937.000000
1760.000000
1535.000000
1381.000000
1210.000000
998.000000
920.000000
1096.000000
1494.000000
1801.000000
1792.000000
1345.000000
648.000000
-45.000000
-648.000000
-1125.000000
-1516.000000
-1706.000000
-1686.000000
-1470.000000
-1139.000000
-728.000000
-282.000000
155.000000
575.000000
937.000000
1072.000000
1018.000000
911.000000
932.000000
1127.000000
1316.000000
1368.000000
1121.000000
807.000000
627.000000
465.000000
114.000000
-721.000000
-1606.000000
-2256.000000
-2218.000000
-1432.000000
-141.000000
1536.000000
2927.000000
4242.000000
5170.000000
5862.000000
6137.000000
5827.000000
5564.000000
4873.000000
3487.000000
-235.000000
-6120.000000
-11969.000000
-14834.000000
-12664.000000
-7940.000000
-2996.000000
-314.000000
591.000000
667.000000
180.000000
-29.000000
-789.000000
-1532.000000
-2964.000000
-4272.000000
-4220.000000
-2280.000000
1683.000000
4990.000000
6421.000000
5113.000000
2412.000000
-190.000000
-2165.000000
-2794.000000
-3077.000000
-3047.000000
-3243.000000
-3196.000000
-2462.000000
-1606.000000
-749.000000
-492.000000
-348.000000
-432.000000
-911.000000
-1509.000000
-1894.000000
-1050.000000
680.000000
2477.000000
3366.000000
3150.000000
2618.000000
1893.000000
1025.000000
-382.000000
-2220.000000
-4014.000000
-5374.000000
-5620.000000
-4801.000000
-3092.000000
-1174.000000
443.000000
1700.000000
2573.000000
3312.000000
3672.000000
3723.000000
3588.000000
3557.000000
3791.000000
4054.000000
4461.000000
4813.000000
4975.000000
4433.000000
3177.000000
1554.000000
-11.000000
-1384.000000
-2760.000000
-3828.000000
-4247.000000
-3691.000000
-2570.000000
-1383.000000
-231.000000
859.000000
1920.000000
2481.000000
2515.000000
2098.000000
1450.000000
758.000000
40.000000
-307.000000
-216.000000
341.000000
974.000000
1344.000000
1391.000000
1140.000000
873.000000
614.000000
388.000000
35.000000
-614.000000
-1230.000000
-1555.000000
-1309.000000
-893.000000
-565.000000
-289.000000
36.000000
528.000000
801.000000
844.000000
614.000000
404.000000
331.000000
315.000000
414.000000
412.000000
400.000000
246.000000
167.000000
130.000000
-70.000000
-534.000000
-1347.000000
-1784.000000
-1775.000000
-1092.000000
4.000000
1469.000000
3121.000000
4416.000000
5388.000000
5762.000000
5825.000000
5271.000000
4507.000000
3914.000000
3035.000000
953.000000
-3753.000000
-9565.000000
-13689.000000
-13425.000000
-9380.000000
-4590.000000
-908.000000
896.000000
1579.000000
799.000000
-800.000000
-1891.000000
-2115.000000
-2068.000000
-3219.000000
-4389.000000
-3765.000000
-599.000000
3374.000000
5428.000000
5173.000000
3214.000000
893.000000
-1427.000000
-3172.000000
-3530.000000
-3028.000000
-2349.000000
-2373.000000
-2395.000000
-1941.000000
-1391.000000
-908.000000
-662.000000
-153.000000
-95.000000
-753.000000
-1576.000000
-1467.000000
182.000000
2159.000000
3526.000000
3747.000000
3316.000000
2450.000000
1084.000000
-327.000000
-1614.000000
-2527.000000
-3555.000000
-4384.000000
-4431.000000
-3340.000000
-1571.000000
-40.000000
1094.000000
1885.000000
2624.000000
3056.000000
3252.000000
3368.000000
3590.000000
3903.000000
4025.000000
4238.000000
4504.000000
4694.000000
4252.000000
3110.000000
1850.000000
714.000000
-111.000000
-1160.000000
-2264.000000
-3171.000000
-3380.000000
-2790.000000
-1865.000000
-662.000000
501.000000
1607.000000
2148.000000
1977.000000
1452.000000
743.000000
151.000000
-472.000000
-808.000000
-724.000000
-244.000000
591.000000
1300.000000
1801.000000
1810.000000
1513.000000
1016.000000
349.000000
-216.000000
-798.000000
-1182.000000
-1456.000000
-1475.000000
-1301.000000
-1207.000000
-998.000000
-629.000000
-26.000000
354.000000
350.000000
201.000000
102.000000
265.000000
479.000000
720.000000
835.000000
779.000000
603.000000
229.000000
-67.000000
-300.000000
-546.000000
-1050.000000
-1687.000000
-1781.000000
-1195.000000
40.000000
1483.000000
2983.000000
4371.000000
5072.000000
5187.000000
4628.000000
4064.000000
3492.000000
3068.000000
3085.000000
2870.000000
1624.000000
-2371.000000
-7897.000000
-12176.000000
-12565.000000
-9256.000000
-5336.000000
-1888.000000
297.000000
1557.000000
947.000000
-1022.000000
-2154.000000
-2061.000000
-1360.000000
-2361.000000
-3686.000000
-3364.000000
-624.000000
2869.000000
4448.000000
4631.000000
3605.000000
2119.000000
-252.000000
-2536.000000
-3117.000000
-2591.000000
-1841.000000
-2139.000000
-2364.000000
-2236.000000
-2084.000000
-1943.000000
-1680.000000
-668.000000
-85.000000
-304.000000
-906.000000
-744.000000
631.000000
2113.000000
3123.000000
3395.000000
3239.000000
2514.000000
1119.000000
-326.000000
-1419.000000
-2170.000000
-3018.000000
-3817.000000
-4004.000000
-3462.000000
-2425.000000
-1221.000000
87.000000
1359.000000
2228.000000
2618.000000
2749.000000
3018.000000
3468.000000
3912.000000
4325.000000
4689.000000
4897.000000
4685.000000
4046.000000
3146.000000
2118.000000
857.000000
-630.000000
-2032.000000
-2957.000000
-3071.000000
-2411.000000
-1285.000000
-232.000000
462.000000
768.000000
827.000000
702.000000
368.000000
-61.000000
-535.000000
-830.000000
-897.000000
-603.000000
46.000000
934.000000
1798.000000
2227.000000
2204.000000
1938.000000
1716.000000
1462.000000
1063.000000
467.000000
-244.000000
-917.000000
-1499.000000
-1929.000000
-2239.000000
-2213.000000
-1840.000000
-1219.000000
-645.000000
-276.000000
-12.000000
108.000000
245.000000
344.000000
588.000000
937.000000
1210.000000
1247.000000
869.000000
450.000000
44.000000
-288.000000
-790.000000
-1421.000000
-1672.000000
-1496.000000
-644.000000
601.000000
2210.000000
3733.000000
4643.000000
5059.000000
4887.000000
4575.000000
3852.000000
3064.000000
2662.000000
2350.000000
1224.000000
-2341.000000
-7313.000000
-11145.000000
-11354.000000
-8320.000000
-4607.000000
-1376.000000
662.000000
1457.000000
221.000000
-2141.000000
-3466.000000
-3194.000000
-2244.000000
-2466.000000
-2983.000000
-2288.000000
157.000000
3075.000000
4663.000000
4895.000000
3842.000000
1956.000000
-582.000000
-2529.000000
-2800.000000
-1997.000000
-1124.000000
-962.000000
-1049.000000
-1399.000000
-2194.000000
-2886.000000
-2782.000000
-1810.000000
-1039.000000
-924.000000
-856.000000
-124.000000
1200.000000
2438.000000
3308.000000
3812.000000
3690.000000
2649.000000
809.000000
-919.000000
-2009.000000
-2658.000000
-3162.000000
-3500.000000
-3202.000000
-2602.000000
-2032.000000
-1555.000000
-955.000000
0.000000
840.000000
1626.000000
2253.000000
2945.000000
3542.000000
3931.000000
4427.000000
4869.000000
5261.000000
5003.000000
4189.000000
2893.000000
1354.000000
226.000000
-519.000000
-772.000000
-1263.000000
-1628.000000
-1530.000000
-1086.000000
-625.000000
-460.000000
88.000000
589.000000
765.000000
268.000000
-386.000000
-636.000000
-757.000000
-602.000000
-505.000000
-10.000000
664.000000
1305.000000
1791.000000
2068.000000
2479.000000
2440.000000
1928.000000
1113.000000
476.000000
-65.000000
-925.000000
-1678.000000
-2115.000000
-2194.000000
-2294.000000
-2243.000000
-1648.000000
-782.000000
-141.000000
52.000000
52.000000
140.000000
238.000000
394.000000
703.000000
1165.000000
1505.000000
1303.000000
846.000000
426.000000
271.000000
98.000000
-356.000000
-726.000000
-991.000000
-787.000000
-204.000000
1003.000000
2636.000000
4002.000000
4900.000000
4950.000000
4658.000000
3832.000000
2894.000000
2317.000000
1803.000000
455.000000
-3282.000000
-7832.000000
-10689.000000
-9865.000000
-6569.000000
-3214.000000
-445.000000
1013.000000
964.000000
-1279.000000
-3918.000000
-4840.000000
-3995.000000
-2747.000000
-2614.000000
-2309.000000
-939.000000
1501.000000
3537.000000
4292.000000
4227.000000
3233.000000
1539.000000
-726.000000
-2123.000000
-2119.000000
-1339.000000
-569.000000
-255.000000
-225.000000
-1091.000000
-2613.000000
-3890.000000
-3924.000000
-2946.000000
-2018.000000
-1442.000000
-929.000000
-40.000000
979.000000
1857.000000
2582.000000
3166.000000
3231.000000
2393.000000
977.000000
-308.000000
-1045.000000
-1436.000000
-1654.000000
-1591.000000
-1208.000000
-975.000000
-1208.000000
-1716.000000
-1793.000000
-1134.000000
-75.000000
1038.000000
1915.000000
2702.000000
3191.000000
3539.000000
3831.000000
4042.000000
4084.000000
3669.000000
3054.000000
2043.000000
1173.000000
801.000000
996.000000
1288.000000
1082.000000
935.000000
756.000000
379.000000
-479.000000
-1201.000000
-1250.000000
-1041.000000
-756.000000
-652.000000
-416.000000
-186.000000
-21.000000
109.000000
141.000000
372.000000
645.000000
951.000000
1193.000000
1517.000000
1913.000000
1951.000000
1623.000000
1099.000000
501.000000
-328.000000
-1317.000000
-2017.000000
-2297.000000
-2325.000000
-2188.000000
-1784.000000
-1070.000000
-404.000000
-18.000000
56.000000
-32.000000
-162.000000
-284.000000
-125.000000
343.000000
963.000000
1405.000000
1500.000000
1337.000000
1017.000000
751.000000
544.000000
399.000000
136.000000
-206.000000
-284.000000
219.000000
1186.000000
2232.000000
3117.000000
3726.000000
4027.000000
3679.000000
2904.000000
2157.000000
1562.000000
178.000000
-2998.000000
-6843.000000
-9049.000000
-8160.000000
-5504.000000
-2677.000000
-380.000000
883.000000
396.000000
-2153.000000
-4792.000000
-5712.000000
-4818.000000
-3681.000000
-3220.000000
-2565.000000
-1067.000000
1156.000000
2931.000000
3891.000000
4124.000000
3420.000000
1803.000000
-180.000000
-1076.000000
-688.000000
150.000000
662.000000
842.000000
847.000000
1.000000
-1684.000000
-3349.000000
-3903.000000
-3409.000000
-2743.000000
-2184.000000
-1534.000000
-563.000000
305.000000
806.000000
1194.000000
1686.000000
2005.000000
1631.000000
774.000000
-4.000000
-337.000000
-406.000000
-331.000000
-43.000000
362.000000
633.000000
384.000000
-272.000000
-989.000000
-1252.000000
-973.000000
-362.000000
351.000000
953.000000
1472.000000
1764.000000
2024.000000
2443.000000
3053.000000
3524.000000
3471.000000
3055.000000
2462.000000
2054.000000
1819.000000
1741.000000
1706.000000
1476.000000
1028.000000
354.000000
-227.000000
-557.000000
-562.000000
-367.000000
-187.000000
-99.000000
-163.000000
-213.000000
-143.000000
-13.000000
81.000000
119.000000
252.000000
568.000000
955.000000
1274.000000
1432.000000
1446.000000
1281.000000
968.000000
500.000000
-61.000000
-554.000000
-965.000000
-1177.000000
-1304.000000
-1294.000000
-1203.000000
-1040.000000
-721.000000
-467.000000
-359.000000
-561.000000
-757.000000
-824.000000
-673.000000
-257.000000
296.000000
985.000000
1473.000000
1755.000000
1729.000000
1567.000000
1343.000000
1052.000000
798.000000
474.000000
321.000000
294.000000
577.000000
1151.000000
1988.000000
2833.000000
3172.000000
3038.000000
2386.000000
1027.000000
-1672.000000
-5008.000000
-7267.000000
-7291.000000
-5715.000000
-3811.000000
-1775.000000
-43.000000
473.000000
-1084.000000
-3441.000000
-4831.000000
-5033.000000
-4887.000000
-4852.000000
-4014.000000
-2300.000000
-323.000000
1173.000000
2308.000000
3263.000000
3410.000000
2473.000000
861.000000
-35.000000
131.000000
813.000000
1415.000000
1914.000000
2358.000000
2023.000000
766.000000
-766.000000
-1637.000000
-1949.000000
-2316.000000
-2755.000000
-2760.000000
-2206.000000
-1604.000000
-1183.000000
-808.000000
-384.000000
-237.000000
-447.000000
-753.000000
-843.000000
-777.000000
-761.000000
-583.000000
-54.000000
847.000000
1620.000000
1999.000000
2039.000000
1865.000000
1575.000000
1008.000000
555.000000
512.000000
934.000000
1325.000000
1426.000000
1550.000000
1701.000000
1907.000000
1994.000000
2165.000000
2301.000000
2176.000000
2064.000000
1976.000000
1944.000000
1711.000000
1461.000000
1257.000000
813.000000
239.000000
-232.000000
-294.000000
-234.000000
-177.000000
-47.000000
43.000000
87.000000
-26.000000
-96.000000
-178.000000
-273.000000
-242.000000
-101.000000
184.000000
435.000000
708.000000
867.000000
837.000000
692.000000
507.000000
389.000000
318.000000
324.000000
246.000000
-2.000000
-259.000000
-363.000000
-303.000000
-259.000000
-207.000000
-57.000000
34.000000
-91.000000
-439.000000
-710.000000
-849.000000
-942.000000
-1011.000000
-959.000000
-623.000000
-158.000000
408.000000
896.000000
1127.000000
1072.000000
771.000000
546.000000
324.000000
240.000000
322.000000
622.000000
1131.000000
1579.000000
1988.000000
2119.000000
2066.000000
1411.000000
-174.000000
-2201.000000
-3740.000000
-3853.000000
-3212.000000
-2168.000000
-990.000000
-118.000000
-277.000000
-1746.000000
-3142.000000
-3906.000000
-4159.000000
-4438.000000
-4489.000000
-3916.000000
-3133.000000
-2147.000000
-1166.000000
-123.000000
548.000000
580.000000
177.000000
-456.000000
-647.000000
-337.000000
400.000000
1268.000000
2106.000000
2819.000000
2844.000000
2259.000000
1463.000000
920.000000
552.000000
142.000000
-131.000000
-386.000000
-672.000000
-930.000000
-996.000000
-862.000000
-856.000000
-1011.000000
-1385.000000
-1829.000000
-2185.000000
-2397.000000
-2316.000000
-2003.000000
-1321.000000
-444.000000
372.000000
994.000000
1389.000000
1617.000000
1551.000000
1461.000000
1454.000000
1456.000000
1481.000000
1628.000000
2028.000000
2281.000000
2305.000000
2361.000000
2552.000000
2624.000000
2329.000000
2099.000000
2111.000000
2164.000000
2084.000000
2012.000000
2035.000000
1822.000000
1350.000000
902.000000
662.000000
471.000000
187.000000
-34.000000
-221.000000
-386.000000
-455.000000
-358.000000
-228.000000
-289.000000
-441.000000
-624.000000
-713.000000
-644.000000
-434.000000
-254.000000
-337.000000
-408.000000
-348.000000
-231.000000
-113.000000
67.000000
348.000000
435.000000
328.000000
141.000000
-12.000000
-157.000000
-205.000000
-13.000000
193.000000
191.000000
9.000000
-130.000000
-292.000000
-544.000000
-782.000000
-916.000000
-1015.000000
-1124.000000
-1166.000000
-1073.000000
-774.000000
-464.000000
-230.000000
-249.000000
-512.000000
-831.000000
-1038.000000
-1011.000000
-851.000000
-572.000000
-346.000000
-187.000000
-51.000000
147.000000
430.000000
594.000000
660.000000
661.000000
718.000000
670.000000
531.000000
518.000000
622.000000
716.000000
551.000000
310.000000
76.000000
-117.000000
-337.000000
-511.000000
-451.000000
-388.000000
-449.000000
-772.000000
-1075.000000
-1240.000000
-1403.000000
-1613.000000
-1822.000000
-1785.000000
-1685.000000
-1532.000000
-1329.000000
-995.000000
-617.000000
-424.000000
-338.000000
-362.000000
-361.000000
-344.000000
-254.000000
-93.000000
3.000000
58.000000
20.000000
-53.000000
-169.000000
-305.000000
-410.000000
-509.000000
-502.000000
-459.000000
-382.000000
-215.000000
57.000000
470.000000
763.000000
900.000000
985.000000
1081.000000
1164.000000
1092.000000
1018.000000
962.000000
977.000000
1037.000000
1057.000000
1078.000000
972.000000
796.000000
509.000000
252.000000
191.000000
240.000000
357.000000
390.000000
416.000000
428.000000
452.000000
542.000000
624.000000
724.000000
684.000000
537.000000
309.000000
135.000000
131.000000
197.000000
349.000000
511.000000
704.000000
825.000000
837.000000
817.000000
771.000000
709.000000
555.000000
430.000000
394.000000
437.000000
453.000000
425.000000
455.000000
540.000000
598.000000
453.000000
217.000000
29.000000
-78.000000
-247.000000
-489.000000
-598.000000
-548.000000
-467.000000
-557.000000
-657.000000
-640.000000
-647.000000
-703.000000
-763.000000
-682.000000
-651.000000
-707.000000
-778.000000
-805.000000
-739.000000
-728.000000
-628.000000
-520.000000
-535.000000
-735.000000
-999.000000
-1101.000000
-1100.000000
-969.000000
-803.000000
-621.000000
-462.000000
-319.000000
-180.000000
-108.000000
-61.000000
-37.000000
54.000000
156.000000
214.000000
255.000000
295.000000
422.000000
595.000000
735.000000
814.000000
826.000000
746.000000
596.000000
455.000000
422.000000
481.000000
489.000000
413.000000
270.000000
159.000000
83.000000
36.000000
-30.000000
-142.000000
-301.000000
-454.000000
-463.000000
-418.000000
-334.000000
-294.000000
-187.000000
-69.000000
-40.000000
-79.000000
-150.000000
-112.000000
-77.000000
-65.000000
-82.000000
-75.000000
-42.000000
-71.000000
-110.000000
-193.000000
-247.000000
-273.000000
-260.000000
-155.000000
-53.000000
58.000000
157.000000
272.000000
381.000000
402.000000
349.000000
245.000000
110.000000
-123.000000
-344.000000
-461.000000
-477.000000
-451.000000
-468.000000
-402.000000
-298.000000
-255.000000
-261.000000
-275.000000
-228.000000
-209.000000
-172.000000
-80.000000
97.000000
277.000000
409.000000
559.000000
663.000000
675.000000
474.000000
160.000000
-198.000000
-491.000000
-595.000000
-571.000000
-381.000000
-189.000000
-9.000000
122.000000
203.000000
272.000000
229.000000
176.000000
154.000000
281.000000
416.000000
523.000000
656.000000
797.000000
943.000000
929.000000
859.000000
749.000000
585.000000
388.000000
219.000000
140.000000
54.000000
6.000000
2.000000
80.000000
170.000000
221.000000
296.000000
313.000000
228.000000
82.000000
-51.000000
-95.000000
-65.000000
13.000000
94.000000
153.000000
196.000000
146.000000
68.000000
-72.000000
-289.000000
-501.000000
-692.000000
-739.000000
-662.000000
-472.000000
-266.000000
-118.000000
14.000000
63.000000
58.000000
-98.000000
-230.000000
-257.000000
-266.000000
-268.000000
-317.000000
-273.000000
-267.000000
-281.000000
-264.000000
-172.000000
-83.000000
-149.000000
-199.000000
-253.000000
-254.000000
-247.000000
-184.000000
-32.000000
81.000000
137.000000
116.000000
116.000000
60.000000
-34.000000
-145.000000
-209.000000
-140.000000
-8.000000
153.000000
246.000000
296.000000
278.000000
161.000000
6.000000
-100.000000
-73.000000
-31.000000
-44.000000
-71.000000
5.000000
142.000000
127.000000
28.000000
-31.000000
6.000000
49.000000
66.000000
162.000000
335.000000
449.000000
480.000000
488.000000
437.000000
296.000000
44.000000
-228.000000
-430.000000
-540.000000
-586.000000
-644.000000
-591.000000
-421.000000
-222.000000
-60.000000
26.000000
144.000000
187.000000
137.000000
83.000000
149.000000
311.000000
456.000000
572.000000
605.000000
588.000000
533.000000
394.000000
129.000000
-232.000000
-538.000000
-754.000000
-907.000000
-941.000000
-747.000000
-446.000000
-254.000000
-208.000000
-196.000000
-145.000000
-118.000000
-117.000000
-101.000000
-56.000000
12.000000
127.000000
302.000000
487.000000
628.000000
671.000000
597.000000
393.000000
153.000000
-29.000000
-142.000000
-227.000000
-314.000000
-386.000000
-380.000000
-318.000000
-255.000000
-165.000000
-77.000000
3.000000
14.000000
2.000000
48.000000
163.000000
362.000000
494.000000
541.000000
518.000000
484.000000
431.000000
348.000000
274.000000
178.000000
125.000000
107.000000
141.000000
173.000000
185.000000
187.000000
161.000000
81.000000
-5.000000
-15.000000
-35.000000
-17.000000
37.000000
122.000000
113.000000
-26.000000
-151.000000
-204.000000
-179.000000
-165.000000
-75.000000
17.000000
34.000000
-10.000000
-64.000000
-65.000000
-87.000000
-70.000000
-43.000000
-37.000000
-45.000000
-37.000000
-25.000000
-58.000000
-44.000000
-10.000000
22.000000
-21.000000
-65.000000
-65.000000
-98.000000
-142.000000
-191.000000
-187.000000
-220.000000
-255.000000
-271.000000
-259.000000
-212.000000
-180.000000
-159.000000
-220.000000
-284.000000
-309.000000
-222.000000
-65.000000
127.000000
371.000000
559.000000
662.000000
607.000000
465.000000
264.000000
27.000000
-177.000000
-364.000000
-494.000000
-546.000000
-509.000000
-452.000000
-390.000000
-287.000000
-164.000000
-77.000000
-48.000000
-5.000000
78.000000
133.000000
191.000000
304.000000
472.000000
643.000000
761.000000
869.000000
894.000000
795.000000
644.000000
466.000000
285.000000
58.000000
-162.000000
-334.000000
-459.000000
-479.000000
-430.000000
-337.000000
-267.000000
-227.000000
-184.000000
-179.000000
-184.000000
-166.000000
-95.000000
8.000000
114.000000
247.000000
327.000000
350.000000
335.000000
286.000000
174.000000
-4.000000
-145.000000
-253.000000
-349.000000
-482.000000
-587.000000
-612.000000
-612.000000
-581.000000
-597.000000
-559.000000
-486.000000
-416.000000
-305.000000
-179.000000
9.000000
165.000000
276.000000
351.000000
378.000000
356.000000
255.000000
153.000000
105.000000
113.000000
127.000000
132.000000
114.000000
90.000000
19.000000
-81.000000
-149.000000
-160.000000
-154.000000
-193.000000
-183.000000
-79.000000
95.000000
197.000000
243.000000
250.000000
192.000000
88.000000
-33.000000
-8.000000
84.000000
178.000000
261.000000
293.000000
281.000000
187.000000
85.000000
7.000000
-14.000000
-5.000000
-15.000000
-21.000000
-3.000000
103.000000
250.000000
384.000000
491.000000
533.000000
492.000000
371.000000
238.000000
139.000000
91.000000
44.000000
-15.000000
-33.000000
-6.000000
46.000000
57.000000
-35.000000
-123.000000
-180.000000
-218.000000
-246.000000
-242.000000
-156.000000
-57.000000
90.000000
263.000000
385.000000
375.000000
256.000000
119.000000
-43.000000
-207.000000
-410.000000
-519.000000
-561.000000
-565.000000
-528.000000
-472.000000
-390.000000
-386.000000
-372.000000
-370.000000
-323.000000
-297.000000
-258.000000
-106.000000
-4.000000
88.000000
194.000000
377.000000
517.000000
538.000000
500.000000
428.000000
328.000000
150.000000
-5.000000
-100.000000
-188.000000
-290.000000
-385.000000
-414.000000
-434.000000
-437.000000
-423.000000
-437.000000
-440.000000
-422.000000
-323.000000
-187.000000
-25.000000
170.000000
375.000000
533.000000
599.000000
618.000000
616.000000
582.000000
522.000000
422.000000
300.000000
158.000000
31.000000
-72.000000
-198.000000
-296.000000
-354.000000
-361.000000
-394.000000
-440.000000
-429.000000
-337.000000
-200.000000
-73.000000
56.000000
155.000000
236.000000
280.000000
308.000000
317.000000
292.000000
293.000000
311.000000
313.000000
255.000000
143.000000
29.000000
-54.000000
-123.000000
-197.000000
-258.000000
-270.000000
-289.000000
-326.000000
-340.000000
-289.000000
-180.000000
-98.000000
-80.000000
-98.000000
-81.000000
-43.000000
-6.000000
60.000000
116.000000
147.000000
119.000000
73.000000
58.000000
43.000000
17.000000
-36.000000
-55.000000
-32.000000
-3.000000
20.000000
31.000000
80.000000
153.000000
228.000000
259.000000
271.000000
289.000000
256.000000
176.000000
112.000000
100.000000
121.000000
155.000000
154.000000
125.000000
78.000000
-7.000000
-70.000000
-90.000000
-48.000000
7.000000
63.000000
111.000000
168.000000
254.000000
334.000000
371.000000
365.000000
361.000000
345.000000
283.000000
180.000000
71.000000
-9.000000
-66.000000
-115.000000
-158.000000
-198.000000
-244.000000
-278.000000
-291.000000
-321.000000
-373.000000
-413.000000
-410.000000
-370.000000
-272.000000
-169.000000
-81.000000
-18.000000
35.000000
89.000000
109.000000
138.000000
122.000000
82.000000
13.000000
-60.000000
-95.000000
-145.000000
-203.000000
-301.000000
-412.000000
-528.000000
-621.000000
-666.000000
-703.000000
-680.000000
-621.000000
-516.000000
-387.000000
-259.000000
-85.000000
76.000000
231.000000
347.000000
426.000000
462.000000
454.000000
459.000000
430.000000
405.000000
326.000000
263.000000
171.000000
27.000000
-107.000000
-194.000000
-220.000000
-260.000000
-260.000000
-219.000000
-166.000000
-105.000000
-14.000000
121.000000
229.000000
281.000000
297.000000
301.000000
281.000000
266.000000
278.000000
286.000000
248.000000
161.000000
99.000000
30.000000
-63.000000
-117.000000
-144.000000
-170.000000
-214.000000
-234.000000
-200.000000
-143.000000
-80.000000
-12.000000
56.000000
119.000000
180.000000
189.000000
185.000000
179.000000
179.000000
159.000000
140.000000
158.000000
169.000000
148.000000
110.000000
83.000000
21.000000
-43.000000
-91.000000
-107.000000
-98.000000
-79.000000
7.000000
111.000000
192.000000
249.000000
296.000000
315.000000
277.000000
216.000000
159.000000
145.000000
138.000000
130.000000
156.000000
147.000000
65.000000
-46.000000
-131.000000
-180.000000
-212.000000
-218.000000
-185.000000
-145.000000
-108.000000
-59.000000
21.000000
102.000000
137.000000
147.000000
136.000000
135.000000
134.000000
154.000000
139.000000
81.000000
32.000000
-20.000000
-82.000000
-153.000000
-211.000000
-267.000000
-326.000000
-363.000000
-343.000000
-303.000000
-273.000000
-230.000000
-180.000000
-127.000000
-88.000000
-46.000000
17.000000
45.000000
46.000000
38.000000
75.000000
90.000000
74.000000
70.000000
31.000000
-37.000000
-169.000000
-316.000000
-460.000000
-539.000000
-547.000000
-536.000000
-490.000000
-412.000000
-283.000000
-156.000000
-61.000000
41.000000
153.000000
251.000000
276.000000
258.000000
263.000000
264.000000
256.000000
231.000000
221.000000
182.000000
102.000000
18.000000
-92.000000
-174.000000
-238.000000
-248.000000
-211.000000
-190.000000
-177.000000
-165.000000
-103.000000
-25.000000
53.000000
115.000000
131.000000
121.000000
93.000000
75.000000
58.000000
44.000000
42.000000
69.000000
91.000000
83.000000
90.000000
79.000000
55.000000
16.000000
-17.000000
-14.000000
-30.000000
-35.000000
-12.000000
66.000000
161.000000
247.000000
313.000000
340.000000
328.000000
263.000000
181.000000
118.000000
104.000000
104.000000
119.000000
145.000000
182.000000
187.000000
144.000000
79.000000
13.000000
-44.000000
-79.000000
-80.000000
-47.000000
9.000000
70.000000
129.000000
202.000000
263.000000
264.000000
221.000000
150.000000
62.000000
-3.000000
-57.000000
-70.000000
-53.000000
-33.000000
-38.000000
-62.000000
-64.000000
-59.000000
-31.000000
-9.000000
10.000000
15.000000
-1.000000
-11.000000
-2.000000
23.000000
32.000000
36.000000
26.000000
5.000000
-22.000000
-66.000000
-68.000000
-64.000000
-56.000000
-69.000000
-116.000000
-163.000000
-214.000000
-241.000000
-260.000000
-245.000000
-201.000000
-163.000000
-128.000000
-99.000000
-41.000000
-3.000000
25.000000
39.000000
39.000000
56.000000
45.000000
53.000000
52.000000
55.000000
44.000000
24.000000
-18.000000
-91.000000
-188.000000
-295.000000
-366.000000
-384.000000
-349.000000
-306.000000
-271.000000
-215.000000
-153.000000
-91.000000
-23.000000
36.000000
93.000000
121.000000
137.000000
143.000000
122.000000
118.000000
110.000000
109.000000
72.000000
-1.000000
-81.000000
-155.000000
-225.000000
-291.000000
-303.000000
-283.000000
-231.000000
-175.000000
-134.000000
-79.000000
-18.000000
37.000000
94.000000
140.000000
163.000000
151.000000
112.000000
62.000000
29.000000
38.000000
66.000000
140.000000
194.000000
193.000000
159.000000
107.000000
55.000000
8.000000
-41.000000
-100.000000
-115.000000
-68.000000
16.000000
111.000000
206.000000
311.000000
351.000000
313.000000
222.000000
150.000000
99.000000
53.000000
35.000000
65.000000
128.000000
143.000000
129.000000
143.000000
149.000000
120.000000
52.000000
20.000000
41.000000
87.000000
144.000000
207.000000
270.000000
294.000000
310.000000
306.000000
271.000000
217.000000
147.000000
75.000000
-6.000000
-62.000000
-90.000000
-86.000000
-78.000000
-69.000000
-77.000000
-86.000000
-78.000000
-65.000000
-38.000000
-19.000000
1.000000
9.000000
21.000000
46.000000
74.000000
100.000000
104.000000
109.000000
93.000000
69.000000
20.000000
-29.000000
-60.000000
-73.000000
-84.000000
-112.000000
-140.000000
-207.000000
-262.000000
-282.000000
-297.000000
-292.000000
-285.000000
-282.000000
-279.000000
-270.000000
-223.000000
-165.000000
-113.000000
-76.000000
-35.000000
16.000000
56.000000
68.000000
66.000000
50.000000
9.000000
-64.000000
-164.000000
-239.000000
-304.000000
-349.000000
-390.000000
-427.000000
-409.000000
-373.000000
-328.000000
-275.000000
-214.000000
-136.000000
-50.000000
22.000000
65.000000
108.000000
141.000000
172.000000
209.000000
239.000000
261.000000
244.000000
207.000000
147.000000
52.000000
-25.000000
-72.000000
-96.000000
-111.000000
-96.000000
-50.000000
-10.000000
26.000000
48.000000
57.000000
65.000000
68.000000
89.000000
92.000000
82.000000
110.000000
162.000000
230.000000
266.000000
296.000000
314.000000
289.000000
223.000000
136.000000
85.000000
18.000000
-29.000000
-48.000000
-33.000000
22.000000
68.000000
144.000000
169.000000
178.000000
177.000000
163.000000
139.000000
97.000000
94.000000
115.000000
135.000000
151.000000
157.000000
134.000000
88.000000
41.000000
3.000000
-41.000000
-78.000000
-95.000000
-76.000000
-16.000000
29.000000
47.000000
66.000000
82.000000
84.000000
85.000000
102.000000
102.000000
96.000000
70.000000
10.000000
-29.000000
-40.000000
-62.000000
-101.000000
-142.000000
-150.000000
-138.000000
-143.000000
-141.000000
-111.000000
-70.000000
-43.000000
-30.000000
-13.000000
10.000000
33.000000
37.000000
45.000000
55.000000
67.000000
81.000000
76.000000
61.000000
47.000000
22.000000
-14.000000
-59.000000
-110.000000
-141.000000
-178.000000
-207.000000
-204.000000
-208.000000
-219.000000
-230.000000
-219.000000
-211.000000
-196.000000
-160.000000
-128.000000
-103.000000
-88.000000
-65.000000
-42.000000
-40.000000
-54.000000
-52.000000
-75.000000
-131.000000
-202.000000
-267.000000
-297.000000
-327.000000
-325.000000
-289.000000
-224.000000
-148.000000
-86.000000
-34.000000
7.000000
49.000000
80.000000
102.000000
114.000000
133.000000
168.000000
218.000000
247.000000
264.000000
251.000000
184.000000
96.000000
15.000000
-56.000000
-116.000000
-150.000000
-161.000000
-123.000000
-78.000000
-6.000000
86.000000
147.000000
165.000000
146.000000
104.000000
91.000000
102.000000
120.000000
179.000000
243.000000
291.000000
296.000000
287.000000
282.000000
266.000000
215.000000
173.000000
134.000000
98.000000
63.000000
44.000000
59.000000
80.000000
118.000000
145.000000
170.000000
170.000000
155.000000
135.000000
117.000000
112.000000
100.000000
113.000000
120.000000
94.000000
35.000000
-22.000000
-93.000000
-169.000000
-195.000000
-207.000000
-214.000000
-208.000000
-179.000000
-117.000000
-63.000000
-33.000000
6.000000
54.000000
84.000000
105.000000
132.000000
144.000000
135.000000
130.000000
105.000000
79.000000
25.000000
-63.000000
-148.000000
-227.000000
-269.000000
-300.000000
-293.000000
-276.000000
-248.000000
-199.000000
-150.000000
-90.000000
-25.000000
19.000000
24.000000
31.000000
27.000000
36.000000
56.000000
81.000000
89.000000
73.000000
55.000000
-5.000000
-69.000000
-137.000000
-198.000000
-226.000000
-260.000000
-271.000000
-275.000000
-270.000000
-236.000000
-199.000000
-150.000000
-102.000000
-56.000000
-6.000000
31.000000
73.000000
104.000000
143.000000
176.000000
197.000000
195.000000
155.000000
114.000000
49.000000
-33.000000
-111.000000
-171.000000
-208.000000
-220.000000
-204.000000
-181.000000
-130.000000
-70.000000
-27.000000
37.000000
90.000000
135.000000
161.000000
188.000000
208.000000
220.000000
246.000000
240.000000
217.000000
188.000000
137.000000
75.000000
10.000000
-70.000000
-127.000000
-157.000000
-159.000000
-129.000000
-80.000000
-1.000000
78.000000
131.000000
176.000000
194.000000
184.000000
160.000000
138.000000
144.000000
156.000000
181.000000
197.000000
199.000000
155.000000
110.000000
61.000000
9.000000
-15.000000
-66.000000
-112.000000
-134.000000
-144.000000
-142.000000
-122.000000
-77.000000
-9.000000
42.000000
46.000000
54.000000
76.000000
98.000000
118.000000
133.000000
141.000000
152.000000
127.000000
73.000000
14.000000
-66.000000
-125.000000
-173.000000
-189.000000
-190.000000
-183.000000
-156.000000
-125.000000
-99.000000
-86.000000
-68.000000
-68.000000
-61.000000
-52.000000
-26.000000
1.000000
18.000000
38.000000
45.000000
48.000000
21.000000
-35.000000
-96.000000
-150.000000
-199.000000
-199.000000
-175.000000
-131.000000
-69.000000
-26.000000
21.000000
54.000000
69.000000
66.000000
46.000000
28.000000
12.000000
-10.000000
3.000000
21.000000
20.000000
13.000000
-6.000000
-44.000000
-76.000000
-106.000000
-129.000000
-138.000000
-136.000000
-110.000000
-103.000000
-92.000000
-76.000000
-63.000000
-46.000000
-6.000000
42.000000
66.000000
80.000000
94.000000
104.000000
111.000000
110.000000
98.000000
90.000000
59.000000
21.000000
-11.000000
-48.000000
-73.000000
-91.000000
-89.000000
-81.000000
-56.000000
-21.000000
7.000000
47.000000
73.000000
95.000000
124.000000
159.000000
171.000000
170.000000
182.000000
176.000000
155.000000
136.000000
124.000000
95.000000
63.000000
28.000000
-19.000000
-49.000000
-87.000000
-108.000000
-111.000000
-100.000000
-87.000000
-74.000000
-66.000000
-40.000000
3.000000
22.000000
42.000000
58.000000
65.000000
57.000000
49.000000
47.000000
59.000000
48.000000
31.000000
21.000000
2.000000
-3.000000
5.000000
16.000000
18.000000
12.000000
-10.000000
-63.000000
-102.000000
-120.000000
-121.000000
-108.000000
-98.000000
-78.000000
-51.000000
-28.000000
-11.000000
19.000000
36.000000
29.000000
2.000000
-42.000000
-65.000000
-98.000000
-126.000000
-121.000000
-90.000000
-66.000000
-36.000000
3.000000
24.000000
22.000000
19.000000
38.000000
59.000000
68.000000
77.000000
104.000000
123.000000
130.000000
135.000000
121.000000
91.000000
45.000000
0.000000
-50.000000
-99.000000
-131.000000
-148.000000
-137.000000
-119.000000
-77.000000
-19.000000
13.000000
55.000000
74.000000
95.000000
113.000000
126.000000
142.000000
150.000000
154.000000
151.000000
148.000000
121.000000
88.000000
42.000000
12.000000
-21.000000
-55.000000
-64.000000
-58.000000
-52.000000
-65.000000
-84.000000
-105.000000
-111.000000
-103.000000
-85.000000
-52.000000
-17.000000
24.000000
53.000000
66.000000
80.000000
76.000000
65.000000
44.000000
25.000000
22.000000
4.000000
-25.000000
-43.000000
-53.000000
-51.000000
-59.000000
-73.000000
-68.000000
-79.000000
-101.000000
-106.000000
-83.000000
-45.000000
-12.000000
16.000000
21.000000
21.000000
18.000000
-4.000000
-26.000000
-60.000000
-78.000000
-94.000000
-110.000000
-115.000000
-106.000000
-83.000000
-80.000000
-68.000000
-75.000000
-89.000000
-101.000000
-101.000000
-82.000000
-40.000000
15.000000
48.000000
85.000000
101.000000
96.000000
79.000000
56.000000
35.000000
22.000000
18.000000
21.000000
29.000000
43.000000
78.000000
85.000000
91.000000
79.000000
50.000000
17.000000
-33.000000
-64.000000
-84.000000
-71.000000
-36.000000
-5.000000
27.000000
67.000000
76.000000
80.000000
83.000000
65.000000
55.000000
47.000000
53.000000
60.000000
60.000000
59.000000
65.000000
55.000000
29.000000
-11.000000
-52.000000
-79.000000
-104.000000
-84.000000
-53.000000
-22.000000
4.000000
18.000000
30.000000
44.000000
46.000000
57.000000
60.000000
57.000000
63.000000
54.000000
64.000000
71.000000
75.000000
69.000000
51.000000
40.000000
33.000000
32.000000
19.000000
34.000000
47.000000
49.000000
59.000000
63.000000
61.000000
36.000000
19.000000
12.000000
13.000000
15.000000
26.000000
39.000000
52.000000
62.000000
53.000000
47.000000
46.000000
31.000000
15.000000
-3.000000
-35.000000
-67.000000
-64.000000
-49.000000
-40.000000
-19.000000
-6.000000
-3.000000
-8.000000
-24.000000
-44.000000
-65.000000
-69.000000
-63.000000
-59.000000
-59.000000
-67.000000
-72.000000
-80.000000
-97.000000
-110.000000
-119.000000
-153.000000
-186.000000
-195.000000
-184.000000
-142.000000
-104.000000
-75.000000
-50.000000
-38.000000
-42.000000
-58.000000
-79.000000
-91.000000
-90.000000
-80.000000
-67.000000
-37.000000
-12.000000
5.000000
9.000000
-6.000000
-15.000000
-54.000000
-71.000000
-68.000000
-65.000000
-31.000000
12.000000
55.000000
88.000000
85.000000
70.000000
71.000000
65.000000
46.000000
38.000000
45.000000
50.000000
66.000000
85.000000
97.000000
118.000000
112.000000
96.000000
77.000000
47.000000
26.000000
10.000000
6.000000
11.000000
25.000000
50.000000
61.000000
63.000000
57.000000
41.000000
23.000000
18.000000
26.000000
38.000000
64.000000
82.000000
103.000000
109.000000
89.000000
67.000000
48.000000
21.000000
12.000000
1.000000
6.000000
16.000000
28.000000
47.000000
57.000000
51.000000
40.000000
22.000000
1.000000
-14.000000
-25.000000
-21.000000
-3.000000
20.000000
37.000000
65.000000
86.000000
93.000000
82.000000
63.000000
47.000000
44.000000
51.000000
64.000000
103.000000
120.000000
115.000000
101.000000
80.000000
49.000000
11.000000
-9.000000
-32.000000
-51.000000
-65.000000
-72.000000
-67.000000
-57.000000
-51.000000
-30.000000
-16.000000
-17.000000
-23.000000
-36.000000
-35.000000
-51.000000
-51.000000
-40.000000
-41.000000
-39.000000
-50.000000
-66.000000
-88.000000
-120.000000
-141.000000
-151.000000
-159.000000
-153.000000
-157.000000
-152.000000
-141.000000
-146.000000
-157.000000
-161.000000
-172.000000
-175.000000
-172.000000
-176.000000
-153.000000
-123.000000
-99.000000
-75.000000
-44.000000
-17.000000
-12.000000
-7.000000
-15.000000
-26.000000
-34.000000
-49.000000
-41.000000
-20.000000
-6.000000
6.000000
28.000000
32.000000
21.000000
8.000000
-5.000000
-20.000000
-27.000000
-23.000000
-6.000000
7.000000
18.000000
21.000000
27.000000
21.000000
10.000000
19.000000
20.000000
28.000000
31.000000
34.000000
56.000000
84.000000
104.000000
121.000000
138.000000
139.000000
121.000000
108.000000
101.000000
96.000000
106.000000
115.000000
121.000000
126.000000
109.000000
85.000000
73.000000
53.000000
38.000000
37.000000
45.000000
66.000000
96.000000
123.000000
156.000000
177.000000
177.000000
161.000000
143.000000
122.000000
94.000000
91.000000
103.000000
119.000000
139.000000
140.000000
133.000000
113.000000
74.000000
28.000000
-8.000000
-45.000000
-63.000000
-75.000000
-75.000000
-52.000000
-40.000000
-34.000000
-26.000000
-19.000000
-33.000000
-45.000000
-45.000000
-38.000000
-29.000000
-6.000000
16.000000
27.000000
34.000000
29.000000
11.000000
-10.000000
-30.000000
-59.000000
-75.000000
-94.000000
-103.000000
-110.000000
-118.000000
-119.000000
-113.000000
-123.000000
-125.000000
-131.000000
-143.000000
-146.000000
-158.000000
-134.000000
-116.000000
-103.000000
-80.000000
-70.000000
-67.000000
-78.000000
-99.000000
-106.000000
-112.000000
-129.000000
-132.000000
-115.000000
-107.000000
-103.000000
-96.000000
-95.000000
-90.000000
-96.000000
-109.000000
-102.000000
-91.000000
-80.000000
-58.000000
-38.000000
-12.000000
7.000000
21.000000
29.000000
22.000000
20.000000
7.000000
-6.000000
-13.000000
-19.000000
-25.000000
-27.000000
-20.000000
-15.000000
-3.000000
1.000000
5.000000
17.000000
30.000000
37.000000
63.000000
90.000000
95.000000
91.000000
89.000000
84.000000
66.000000
46.000000
24.000000
5.000000
-4.000000
2.000000
-1.000000
14.000000
23.000000
27.000000
50.000000
59.000000
88.000000
115.000000
127.000000
145.000000
159.000000
179.000000
199.000000
208.000000
214.000000
202.000000
190.000000
167.000000
132.000000
97.000000
81.000000
67.000000
67.000000
80.000000
74.000000
80.000000
75.000000
68.000000
71.000000
61.000000
45.000000
32.000000
25.000000
36.000000
45.000000
52.000000
62.000000
70.000000
47.000000
1.000000
-30.000000
-60.000000
-93.000000
-121.000000
-136.000000
-140.000000
-134.000000
-124.000000
-107.000000
-105.000000
-99.000000
-95.000000
-84.000000
-74.000000
-68.000000
-48.000000
-34.000000
-9.000000
7.000000
24.000000
31.000000
34.000000
19.000000
-2.000000
-24.000000
-48.000000
-64.000000
-66.000000
-72.000000
-70.000000
-67.000000
-75.000000
-84.000000
-86.000000
-98.000000
-103.000000
-109.000000
-114.000000
-94.000000
-79.000000
-52.000000
-36.000000
-31.000000
-20.000000
-25.000000
-35.000000
-37.000000
-45.000000
-45.000000
-43.000000
-35.000000
-15.000000
-17.000000
-19.000000
-32.000000
-49.000000
-61.000000
-81.000000
-76.000000
-72.000000
-62.000000
-46.000000
-17.000000
14.000000
36.000000
51.000000
59.000000
67.000000
60.000000
59.000000
54.000000
51.000000
47.000000
43.000000
35.000000
25.000000
4.000000
-10.000000
-31.000000
-40.000000
-43.000000
-29.000000
-3.000000
15.000000
43.000000
74.000000
98.000000
103.000000
107.000000
104.000000
85.000000
62.000000
49.000000
25.000000
25.000000
16.000000
11.000000
6.000000
5.000000
10.000000
6.000000
22.000000
23.000000
36.000000
51.000000
59.000000
81.000000
115.000000
136.000000
143.000000
149.000000
140.000000
121.000000
103.000000
84.000000
60.000000
45.000000
29.000000
16.000000
8.000000
5.000000
-6.000000
-20.000000
-18.000000
-27.000000
-28.000000
-29.000000
-23.000000
-6.000000
8.000000
39.000000
56.000000
67.000000
66.000000
51.000000
28.000000
6.000000
-28.000000
-61.000000
-88.000000
-114.000000
-142.000000
-162.000000
-172.000000
-192.000000
-188.000000
-184.000000
-166.000000
-144.000000
-116.000000
-87.000000
-56.000000
-18.000000
10.000000
36.000000
53.000000
67.000000
57.000000
55.000000
52.000000
41.000000
30.000000
14.000000
-6.000000
-14.000000
-32.000000
-59.000000
-59.000000
-68.000000
-71.000000
-55.000000
-33.000000
-11.000000
16.000000
34.000000
55.000000
72.000000
80.000000
73.000000
50.000000
41.000000
14.000000
-1.000000
-17.000000
-37.000000
-38.000000
-46.000000
-48.000000
-46.000000
-55.000000
-62.000000
-52.000000
-46.000000
-35.000000
-9.000000
11.000000
29.000000
45.000000
59.000000
78.000000
85.000000
97.000000
101.000000
92.000000
83.000000
64.000000
49.000000
31.000000
19.000000
8.000000
-18.000000
-40.000000
-62.000000
-75.000000
-88.000000
-80.000000
-60.000000
-45.000000
-20.000000
0.000000
22.000000
47.000000
65.000000
78.000000
90.000000
79.000000
69.000000
57.000000
32.000000
9.000000
-12.000000
-27.000000
-46.000000
-54.000000
-62.000000
-62.000000
-59.000000
-59.000000
-53.000000
-42.000000
-14.000000
-2.000000
31.000000
60.000000
86.000000
103.000000
113.000000
108.000000
101.000000
95.000000
79.000000
67.000000
51.000000
36.000000
17.000000
1.000000
-17.000000
-32.000000
-47.000000
-57.000000
-61.000000
-59.000000
-55.000000
-50.000000
-38.000000
-27.000000
-16.000000
-7.000000
8.000000
19.000000
18.000000
9.000000
-5.000000
-18.000000
-33.000000
-55.000000
-70.000000
-79.000000
-108.000000
-126.000000
-141.000000
-153.000000
-155.000000
-147.000000
-121.000000
-88.000000
-59.000000
-34.000000
-11.000000
13.000000
35.000000
52.000000
64.000000
78.000000
82.000000
88.000000
73.000000
70.000000
65.000000
40.000000
17.000000
-2.000000
-29.000000
-63.000000
-78.000000
-76.000000
-59.000000
-39.000000
-12.000000
26.000000
59.000000
77.000000
106.000000
123.000000
133.000000
136.000000
133.000000
124.000000
110.000000
85.000000
63.000000
40.000000
11.000000
-23.000000
-58.000000
-79.000000
-98.000000
-108.000000
-112.000000
-90.000000
-71.000000
-53.000000
-25.000000
6.000000
35.000000
64.000000
87.000000
111.000000
130.000000
130.000000
134.000000
125.000000
104.000000
73.000000
51.000000
27.000000
-8.000000
-45.000000
-80.000000
-109.000000
-122.000000
-132.000000
-123.000000
-107.000000
-91.000000
-56.000000
-35.000000
-2.000000
26.000000
51.000000
71.000000
89.000000
95.000000
87.000000
77.000000
58.000000
23.000000
-17.000000
-48.000000
-85.000000
-119.000000
-141.000000
-159.000000
-160.000000
-151.000000
-140.000000
-122.000000
-95.000000
-68.000000
-32.000000
2.000000
29.000000
58.000000
84.000000
90.000000
90.000000
90.000000
77.000000
62.000000
35.000000
15.000000
-9.000000
-44.000000
-60.000000
-78.000000
-91.000000
-87.000000
-73.000000
-63.000000
-45.000000
-22.000000
2.000000
23.000000
50.000000
69.000000
92.000000
105.000000
104.000000
109.000000
96.000000
77.000000
55.000000
38.000000
4.000000
-29.000000
-59.000000
-82.000000
-103.000000
-107.000000
-101.000000
-92.000000
-71.000000
-48.000000
-20.000000
3.000000
17.000000
32.000000
44.000000
55.000000
79.000000
83.000000
88.000000
89.000000
73.000000
60.000000
38.000000
13.000000
-9.000000
-43.000000
-67.000000
-64.000000
-67.000000
-55.000000
-23.000000
7.000000
36.000000
65.000000
90.000000
106.000000
115.000000
131.000000
135.000000
133.000000
134.000000
115.000000
90.000000
53.000000
16.000000
-15.000000
-58.000000
-87.000000
-108.000000
-124.000000
-124.000000
-107.000000
-86.000000
-78.000000
-60.000000
-36.000000
-27.000000
-5.000000
19.000000
36.000000
65.000000
76.000000
102.000000
108.000000
99.000000
91.000000
65.000000
44.000000
12.000000
-17.000000
-48.000000
-72.000000
-93.000000
-105.000000
-117.000000
-118.000000
-118.000000
-101.000000
-91.000000
-74.000000
-45.000000
-34.000000
-11.000000
15.000000
40.000000
60.000000
67.000000
69.000000
54.000000
35.000000
16.000000
-20.000000
-51.000000
-80.000000
-107.000000
-129.000000
-143.000000
-155.000000
-155.000000
-150.000000
-145.000000
-131.000000
-101.000000
-79.000000
-45.000000
-12.000000
20.000000
63.000000
83.000000
102.000000
114.000000
108.000000
105.000000
93.000000
67.000000
43.000000
18.000000
-15.000000
-34.000000
-45.000000
-52.000000
-61.000000
-58.000000
-45.000000
-36.000000
-17.000000
4.000000
15.000000
34.000000
58.000000
69.000000
84.000000
92.000000
88.000000
84.000000
69.000000
52.000000
25.000000
-1.000000
-6.000000
-26.000000
-31.000000
-35.000000
-31.000000
-27.000000
-19.000000
0.000000
19.000000
31.000000
50.000000
60.000000
68.000000
91.000000
93.000000
92.000000
90.000000
79.000000
59.000000
51.000000
25.000000
0.000000
-13.000000
-29.000000
-35.000000
-33.000000
-21.000000
-7.000000
3.000000
29.000000
48.000000
71.000000
98.000000
113.000000
134.000000
154.000000
161.000000
152.000000
134.000000
115.000000
81.000000
35.000000
1.000000
-44.000000
-93.000000
-121.000000
-150.000000
-166.000000
-164.000000
-159.000000
-148.000000
-120.000000
-80.000000
-56.000000
-27.000000
6.000000
29.000000
53.000000
78.000000
97.000000
95.000000
94.000000
87.000000
57.000000
28.000000
-7.000000
-51.000000
-81.000000
-108.000000
-124.000000
-145.000000
-155.000000
-153.000000
-147.000000
-140.000000
-111.000000
-81.000000
-58.000000
-32.000000
-6.000000
22.000000
48.000000
68.000000
74.000000
75.000000
70.000000
57.000000
39.000000
10.000000
-18.000000
-53.000000
-81.000000
-101.000000
-128.000000
-141.000000
-156.000000
-157.000000
-154.000000
-143.000000
-119.000000
-102.000000
-74.000000
-42.000000
-13.000000
18.000000
37.000000
41.000000
53.000000
47.000000
45.000000
45.000000
38.000000
29.000000
13.000000
10.000000
-18.000000
-28.000000
-35.000000
-41.000000
-42.000000
-29.000000
-15.000000
-9.000000
12.000000
32.000000
54.000000
72.000000
93.000000
99.000000
102.000000
101.000000
93.000000
75.000000
59.000000
36.000000
18.000000
0.000000
-16.000000
-18.000000
-37.000000
-34.000000
-29.000000
-19.000000
5.000000
22.000000
45.000000
62.000000
76.000000
87.000000
96.000000
100.000000
102.000000
101.000000
99.000000
98.000000
89.000000
78.000000
58.000000
46.000000
34.000000
25.000000
17.000000
20.000000
19.000000
27.000000
32.000000
43.000000
59.000000
60.000000
85.000000
102.000000
117.000000
133.000000
138.000000
129.000000
121.000000
110.000000
83.000000
60.000000
34.000000
-4.000000
-40.000000
-75.000000
-107.000000
-138.000000
-156.000000
-153.000000
-146.000000
-122.000000
-105.000000
-81.000000
-50.000000
-35.000000
-5.000000
20.000000
38.000000
54.000000
51.000000
59.000000
48.000000
30.000000
13.000000
-10.000000
-28.000000
-54.000000
-71.000000
-88.000000
-110.000000
-118.000000
-125.000000
-119.000000
-113.000000
-111.000000
-96.000000
-88.000000
-72.000000
-61.000000
-48.000000
-37.000000
-25.000000
-9.000000
-6.000000
-3.000000
-4.000000
-23.000000
-44.000000
-63.000000
-85.000000
-113.000000
-131.000000
-137.000000
-141.000000
-128.000000
-108.000000
-88.000000
-62.000000
-43.000000
-24.000000
-6.000000
9.000000
21.000000
29.000000
44.000000
50.000000
60.000000
68.000000
70.000000
71.000000
70.000000
61.000000
42.000000
26.000000
0.000000
-26.000000
-29.000000
-34.000000
-23.000000
-10.000000
15.000000
40.000000
63.000000
84.000000
94.000000
103.000000
100.000000
101.000000
91.000000
77.000000
62.000000
49.000000
31.000000
24.000000
23.000000
13.000000
9.000000
5.000000
-1.000000
-15.000000
-30.000000
-26.000000
-29.000000
-18.000000
17.000000
48.000000
82.000000
117.000000
134.000000
147.000000
155.000000
122.000000
91.000000
46.000000
1.000000
-38.000000
-54.000000
-45.000000
-14.000000
39.000000
93.000000
146.000000
166.000000
165.000000
124.000000
65.000000
1.000000
-67.000000
-112.000000
-125.000000
-107.000000
-54.000000
18.000000
94.000000
165.000000
192.000000
190.000000
152.000000
83.000000
-10.000000
-107.000000
-188.000000
-245.000000
-256.000000
-229.000000
-167.000000
-81.000000
-3.000000
59.000000
98.000000
101.000000
66.000000
13.000000
-39.000000
-86.000000
-112.000000
-115.000000
-100.000000
-60.000000
-20.000000
9.000000
44.000000
44.000000
22.000000
-16.000000
-55.000000
-95.000000
-124.000000
-132.000000
-110.000000
-76.000000
-27.000000
15.000000
41.000000
54.000000
29.000000
-2.000000
-46.000000
-84.000000
-114.000000
-138.000000
-127.000000
-109.000000
-81.000000
-47.000000
-17.000000
-1.000000
-9.000000
-23.000000
-52.000000
-96.000000
-127.000000
-148.000000
-150.000000
-128.000000
-84.000000
-34.000000
29.000000
85.000000
126.000000
153.000000
155.000000
138.000000
110.000000
75.000000
39.000000
23.000000
-1.000000
2.000000
2.000000
15.000000
29.000000
32.000000
38.000000
30.000000
29.000000
21.000000
23.000000
30.000000
41.000000
57.000000
81.000000
103.000000
119.000000
126.000000
113.000000
102.000000
69.000000
41.000000
26.000000
-2.000000
-3.000000
2.000000
13.000000
34.000000
50.000000
55.000000
64.000000
63.000000
56.000000
55.000000
48.000000
43.000000
45.000000
57.000000
66.000000
80.000000
101.000000
106.000000
100.000000
96.000000
71.000000
38.000000
11.000000
-19.000000
-43.000000
-61.000000
-59.000000
-62.000000
-58.000000
-43.000000
-35.000000
-22.000000
-17.000000
-14.000000
0.000000
5.000000
9.000000
17.000000
10.000000
10.000000
1.000000
-4.000000
-18.000000
-32.000000
-44.000000
-65.000000
-88.000000
-97.000000
-113.000000
-129.000000
-130.000000
-124.000000
-117.000000
-102.000000
-88.000000
-65.000000
-54.000000
-33.000000
-16.000000
0.000000
17.000000
16.000000
20.000000
0.000000
-12.000000
-32.000000
-57.000000
-62.000000
-70.000000
-70.000000
-63.000000
-52.000000
-50.000000
-44.000000
-43.000000
-43.000000
-40.000000
-43.000000
-39.000000
-36.000000
-32.000000
-26.000000
-11.000000
-1.000000
24.000000
33.000000
42.000000
53.000000
41.000000
29.000000
4.000000
-15.000000
-36.000000
-61.000000
-56.000000
-63.000000
-54.000000
-44.000000
-30.000000
-10.000000
-13.000000
5.000000
11.000000
20.000000
12.000000
16.000000
25.000000
26.000000
40.000000
50.000000
73.000000
73.000000
84.000000
89.000000
78.000000
65.000000
52.000000
33.000000
22.000000
26.000000
31.000000
47.000000
61.000000
93.000000
117.000000
128.000000
143.000000
138.000000
118.000000
94.000000
77.000000
40.000000
7.000000
-6.000000
-29.000000
-24.000000
-17.000000
-3.000000
6.000000
21.000000
15.000000
7.000000
1.000000
-13.000000
-31.000000
-34.000000
-15.000000
2.000000
17.000000
44.000000
67.000000
74.000000
78.000000
79.000000
73.000000
38.000000
25.000000
6.000000
-16.000000
-25.000000
-28.000000
-37.000000
-36.000000
-31.000000
-38.000000
-38.000000
-55.000000
-70.000000
-84.000000
-95.000000
-102.000000
-91.000000
-81.000000
-75.000000
-55.000000
-43.000000
-42.000000
-51.000000
-67.000000
-90.000000
-116.000000
-139.000000
-146.000000
-156.000000
-159.000000
-133.000000
-111.000000
-77.000000
-39.000000
-27.000000
-17.000000
-12.000000
-20.000000
-27.000000
-29.000000
-16.000000
-2.000000
30.000000
74.000000
96.000000
110.000000
104.000000
68.000000
27.000000
-21.000000
-74.000000
-111.000000
-127.000000
-118.000000
-89.000000
-50.000000
-11.000000
21.000000
20.000000
13.000000
-21.000000
-77.000000
-134.000000
-170.000000
-177.000000
-152.000000
-72.000000
5.000000
114.000000
187.000000
238.000000
245.000000
211.000000
134.000000
46.000000
-32.000000
-95.000000
-99.000000
-71.000000
8.000000
103.000000
214.000000
299.000000
344.000000
341.000000
284.000000
189.000000
76.000000
-30.000000
-108.000000
-140.000000
-130.000000
-78.000000
4.000000
75.000000
130.000000
145.000000
119.000000
52.000000
-34.000000
-121.000000
-191.000000
-214.000000
-201.000000
-142.000000
-49.000000
56.000000
138.000000
198.000000
216.000000
190.000000
129.000000
59.000000
0.000000
-54.000000
-67.000000
-40.000000
2.000000
67.000000
118.000000
152.000000
160.000000
125.000000
65.000000
-7.000000
-75.000000
-128.000000
-146.000000
-118.000000
-74.000000
-12.000000
56.000000
88.000000
103.000000
79.000000
17.000000
-52.000000
-132.000000
-195.000000
-239.000000
-244.000000
-223.000000
-178.000000
-121.000000
-71.000000
-29.000000
-18.000000
-32.000000
-58.000000
-87.000000
-119.000000
-123.000000
-91.000000
-51.000000
11.000000
83.000000
133.000000
153.000000
152.000000
121.000000
64.000000
-7.000000
-73.000000
-117.000000
-148.000000
-145.000000
-119.000000
-87.000000
-46.000000
-16.000000
1.000000
-2.000000
-33.000000
-70.000000
-101.000000
-125.000000
-127.000000
-104.000000
-61.000000
-13.000000
47.000000
91.000000
113.000000
119.000000
90.000000
52.000000
21.000000
-19.000000
-43.000000
-48.000000
-39.000000
-17.000000
14.000000
53.000000
71.000000
85.000000
81.000000
68.000000
57.000000
33.000000
31.000000
30.000000
43.000000
66.000000
87.000000
100.000000
102.000000
86.000000
60.000000
34.000000
7.000000
-18.000000
-29.000000
-26.000000
-8.000000
9.000000
27.000000
59.000000
77.000000
75.000000
82.000000
71.000000
58.000000
43.000000
35.000000
35.000000
42.000000
55.000000
71.000000
77.000000
71.000000
61.000000
37.000000
15.000000
-12.000000
-32.000000
-38.000000
-39.000000
-33.000000
-22.000000
-8.000000
3.000000
12.000000
24.000000
25.000000
24.000000
17.000000
11.000000
0.000000
0.000000
-3.000000
8.000000
5.000000
-1.000000
-1.000000
-15.000000
-27.000000
-49.000000
-57.000000
-61.000000
-62.000000
-55.000000
-40.000000
-40.000000
-27.000000
-21.000000
-15.000000
-9.000000
-13.000000
-4.000000
-9.000000
-6.000000
-8.000000
-15.000000
-16.000000
-24.000000
-26.000000
-33.000000
-45.000000
-52.000000
-64.000000
-71.000000
-73.000000
-66.000000
-53.000000
-44.000000
-25.000000
-10.000000
-5.000000
-2.000000
-5.000000
2.000000
8.000000
6.000000
25.000000
34.000000
35.000000
38.000000
33.000000
24.000000
5.000000
-12.000000
-40.000000
-59.000000
-74.000000
-88.000000
-89.000000
-77.000000
-54.000000
-21.000000
11.000000
42.000000
55.000000
61.000000
57.000000
47.000000
37.000000
27.000000
29.000000
36.000000
49.000000
62.000000
76.000000
85.000000
93.000000
87.000000
77.000000
64.000000
40.000000
9.000000
-15.000000
-33.000000
-39.000000
-29.000000
-13.000000
9.000000
40.000000
56.000000
71.000000
75.000000
68.000000
60.000000
39.000000
25.000000
8.000000
-9.000000
-19.000000
-29.000000
-26.000000
-26.000000
-20.000000
-10.000000
-16.000000
-14.000000
-17.000000
-22.000000
-27.000000
-18.000000
-13.000000
-2.000000
16.000000
26.000000
38.000000
39.000000
43.000000
36.000000
36.000000
28.000000
21.000000
9.000000
-5.000000
-11.000000
-19.000000
-16.000000
-23.000000
-30.000000
-34.000000
-38.000000
-46.000000
-55.000000
-49.000000
-50.000000
-36.000000
-20.000000
-11.000000
-4.000000
-6.000000
-11.000000
-23.000000
-40.000000
-52.000000
-59.000000
-70.000000
-69.000000
-55.000000
-41.000000
-23.000000
-1.000000
11.000000
26.000000
29.000000
26.000000
13.000000
2.000000
-1.000000
1.000000
14.000000
35.000000
57.000000
67.000000
77.000000
70.000000
54.000000
31.000000
6.000000
-19.000000
-39.000000
-56.000000
-57.000000
-58.000000
-51.000000
-39.000000
-33.000000
-13.000000
-12.000000
-6.000000
-8.000000
-17.000000
-19.000000
-15.000000
-5.000000
13.000000
21.000000
32.000000
38.000000
35.000000
25.000000
7.000000
-3.000000
-14.000000
-13.000000
-1.000000
6.000000
25.000000
30.000000
47.000000
55.000000
52.000000
62.000000
53.000000
40.000000
31.000000
25.000000
17.000000
24.000000
25.000000
41.000000
48.000000
50.000000
51.000000
30.000000
5.000000
-14.000000
-36.000000
-42.000000
-46.000000
-49.000000
-35.000000
-17.000000
-9.000000
4.000000
18.000000
17.000000
18.000000
16.000000
9.000000
3.000000
-2.000000
2.000000
10.000000
22.000000
37.000000
49.000000
57.000000
48.000000
34.000000
16.000000
1.000000
-25.000000
-35.000000
-42.000000
-49.000000
-35.000000
-29.000000
-16.000000
-5.000000
3.000000
16.000000
17.000000
10.000000
1.000000
-15.000000
-35.000000
-52.000000
-58.000000
-64.000000
-65.000000
-64.000000
-53.000000
-44.000000
-43.000000
-41.000000
-43.000000
-50.000000
-48.000000
-49.000000
-47.000000
-40.000000
-29.000000
-18.000000
-4.000000
14.000000
20.000000
23.000000
16.000000
8.000000
1.000000
-17.000000
-22.000000
-20.000000
-23.000000
-8.000000
1.000000
4.000000
3.000000
-8.000000
-15.000000
-24.000000
-41.000000
-45.000000
-46.000000
-35.000000
-22.000000
-4.000000
22.000000
44.000000
61.000000
61.000000
65.000000
