-66.000000
-63.000000
-54.000000
-43.000000
-31.000000
-27.000000
-21.000000
-22.000000
-20.000000
-17.000000
-25.000000
-21.000000
-20.000000
-18.000000
-13.000000
-14.000000
-3.000000
-4.000000
-14.000000
-15.000000
-12.000000
-16.000000
-23.000000
-29.000000
-34.000000
-35.000000
-32.000000
-40.000000
-33.000000
-35.000000
-27.000000
-14.000000
-17.000000
-3.000000
2.000000
16.000000
22.000000
23.000000
29.000000
37.000000
50.000000
56.000000
52.000000
58.000000
64.000000
69.000000
61.000000
48.000000
51.000000
51.000000
52.000000
57.000000
52.000000
48.000000
47.000000
51.000000
53.000000
50.000000
50.000000
45.000000
43.000000
43.000000
33.000000
29.000000
35.000000
34.000000
28.000000
38.000000
47.000000
50.000000
45.000000
43.000000
49.000000
42.000000
48.000000
45.000000
46.000000
41.000000
39.000000
25.000000
20.000000
18.000000
7.000000
0.000000
-11.000000
-11.000000
-14.000000
-15.000000
-16.000000
-17.000000
-20.000000
-22.000000
-26.000000
-26.000000
-34.000000
-39.000000
-35.000000
-38.000000
-38.000000
-45.000000
-54.000000
-46.000000
-57.000000
-55.000000
-53.000000
-57.000000
-41.000000
-43.000000
-40.000000
-36.000000
-32.000000
-19.000000
-13.000000
-6.000000
-9.000000
-6.000000
-10.000000
-9.000000
-18.000000
-28.000000
-26.000000
-35.000000
-36.000000
-49.000000
-52.000000
-50.000000
-51.000000
-56.000000
-58.000000
-60.000000
-64.000000
-63.000000
-59.000000
-63.000000
-63.000000
-51.000000
-43.000000
-32.000000
-27.000000
-25.000000
-19.000000
-15.000000
-3.000000
3.000000
14.000000
37.000000
44.000000
52.000000
56.000000
65.000000
59.000000
58.000000
59.000000
51.000000
49.000000
42.000000
40.000000
36.000000
36.000000
39.000000
48.000000
47.000000
46.000000
51.000000
46.000000
48.000000
46.000000
48.000000
43.000000
54.000000
52.000000
48.000000
45.000000
37.000000
45.000000
44.000000
41.000000
31.000000
39.000000
39.000000
41.000000
50.000000
54.000000
63.000000
65.000000
67.000000
66.000000
70.000000
66.000000
56.000000
60.000000
51.000000
41.000000
33.000000
15.000000
17.000000
6.000000
5.000000
-7.000000
-22.000000
-33.000000
-50.000000
-61.000000
-80.000000
-83.000000
-93.000000
-91.000000
-97.000000
-106.000000
-105.000000
-95.000000
-89.000000
-94.000000
-84.000000
-83.000000
-79.000000
-66.000000
-53.000000
-35.000000
-29.000000
-13.000000
-3.000000
-4.000000
-9.000000
-8.000000
-14.000000
-16.000000
-19.000000
-29.000000
-42.000000
-54.000000
-60.000000
-80.000000
-85.000000
-81.000000
-91.000000
-93.000000
-85.000000
-88.000000
-85.000000
-83.000000
-61.000000
-53.000000
-39.000000
-30.000000
-31.000000
-18.000000
-16.000000
-5.000000
0.000000
13.000000
19.000000
24.000000
36.000000
35.000000
43.000000
53.000000
51.000000
63.000000
63.000000
64.000000
77.000000
72.000000
75.000000
79.000000
73.000000
79.000000
72.000000
66.000000
74.000000
73.000000
70.000000
62.000000
54.000000
49.000000
46.000000
38.000000
42.000000
38.000000
40.000000
48.000000
42.000000
43.000000
38.000000
34.000000
26.000000
36.000000
40.000000
38.000000
48.000000
45.000000
64.000000
71.000000
70.000000
74.000000
71.000000
62.000000
61.000000
65.000000
58.000000
55.000000
53.000000
48.000000
36.000000
24.000000
13.000000
-5.000000
-18.000000
-26.000000
-40.000000
-57.000000
-59.000000
-58.000000
-73.000000
-70.000000
-67.000000
-69.000000
-65.000000
-70.000000
-67.000000
-73.000000
-82.000000
-76.000000
-73.000000
-64.000000
-55.000000
-60.000000
-48.000000
-43.000000
-47.000000
-52.000000
-52.000000
-57.000000
-54.000000
-48.000000
-59.000000
-52.000000
-62.000000
-59.000000
-60.000000
-63.000000
-67.000000
-74.000000
-71.000000
-81.000000
-81.000000
-84.000000
-82.000000
-75.000000
-68.000000
-60.000000
-48.000000
-46.000000
-41.000000
-36.000000
-35.000000
-21.000000
-22.000000
-18.000000
-7.000000
-6.000000
-5.000000
13.000000
23.000000
27.000000
26.000000
33.000000
49.000000
49.000000
48.000000
66.000000
71.000000
70.000000
81.000000
85.000000
88.000000
89.000000
83.000000
70.000000
65.000000
62.000000
58.000000
44.000000
41.000000
35.000000
32.000000
28.000000
30.000000
46.000000
35.000000
30.000000
26.000000
31.000000
40.000000
39.000000
40.000000
52.000000
59.000000
75.000000
80.000000
88.000000
95.000000
96.000000
93.000000
88.000000
93.000000
83.000000
67.000000
62.000000
59.000000
52.000000
45.000000
25.000000
17.000000
-4.000000
-13.000000
-30.000000
-50.000000
-50.000000
-61.000000
-62.000000
-67.000000
-61.000000
-53.000000
-51.000000
-51.000000
-55.000000
-59.000000
-57.000000
-53.000000
-54.000000
-51.000000
-46.000000
-43.000000
-40.000000
-37.000000
-35.000000
-38.000000
-52.000000
-55.000000
-58.000000
-60.000000
-60.000000
-60.000000
-53.000000
-54.000000
-56.000000
-51.000000
-60.000000
-56.000000
-56.000000
-55.000000
-58.000000
-72.000000
-65.000000
-69.000000
-69.000000
-59.000000
-57.000000
-61.000000
-62.000000
-53.000000
-49.000000
-42.000000
-33.000000
-28.000000
-26.000000
-16.000000
-4.000000
-4.000000
9.000000
14.000000
17.000000
27.000000
26.000000
32.000000
40.000000
46.000000
54.000000
66.000000
64.000000
62.000000
71.000000
67.000000
66.000000
69.000000
63.000000
51.000000
49.000000
46.000000
42.000000
35.000000
40.000000
41.000000
37.000000
38.000000
42.000000
40.000000
41.000000
45.000000
49.000000
56.000000
48.000000
41.000000
45.000000
47.000000
53.000000
58.000000
53.000000
55.000000
66.000000
63.000000
61.000000
57.000000
52.000000
43.000000
41.000000
40.000000
31.000000
28.000000
26.000000
20.000000
12.000000
5.000000
-5.000000
-1.000000
-7.000000
-7.000000
-15.000000
-23.000000
-27.000000
-35.000000
-39.000000
-43.000000
-42.000000
-44.000000
-43.000000
-42.000000
-43.000000
-44.000000
-40.000000
-44.000000
-38.000000
-42.000000
-47.000000
-53.000000
-56.000000
-58.000000
-60.000000
-58.000000
-60.000000
-62.000000
-60.000000
-52.000000
-50.000000
-49.000000
-40.000000
-39.000000
-41.000000
-38.000000
-38.000000
-30.000000
-41.000000
-48.000000
-41.000000
-41.000000
-44.000000
-43.000000
-51.000000
-46.000000
-47.000000
-46.000000
-40.000000
-35.000000
-23.000000
-24.000000
-11.000000
-12.000000
-6.000000
1.000000
18.000000
18.000000
21.000000
30.000000
26.000000
33.000000
35.000000
39.000000
36.000000
41.000000
39.000000
36.000000
35.000000
40.000000
43.000000
35.000000
34.000000
35.000000
45.000000
46.000000
40.000000
37.000000
40.000000
42.000000
52.000000
48.000000
55.000000
55.000000
50.000000
62.000000
60.000000
66.000000
63.000000
66.000000
68.000000
62.000000
59.000000
52.000000
48.000000
38.000000
34.000000
32.000000
24.000000
18.000000
10.000000
3.000000
-4.000000
-12.000000
-10.000000
-9.000000
-9.000000
-5.000000
-6.000000
-8.000000
-4.000000
-6.000000
-9.000000
-14.000000
-23.000000
-19.000000
-22.000000
-23.000000
-24.000000
-18.000000
-18.000000
-16.000000
-9.000000
-14.000000
-16.000000
-27.000000
-22.000000
-20.000000
-20.000000
-30.000000
-29.000000
-32.000000
-31.000000
-22.000000
-30.000000
-31.000000
-37.000000
-30.000000
-33.000000
-22.000000
-22.000000
-20.000000
-22.000000
-20.000000
-5.000000
-8.000000
-5.000000
-9.000000
-10.000000
-18.000000
-26.000000
-20.000000
-31.000000
-39.000000
-31.000000
-27.000000
-30.000000
-20.000000
-11.000000
-8.000000
-13.000000
-7.000000
1.000000
3.000000
17.000000
18.000000
23.000000
19.000000
10.000000
13.000000
7.000000
5.000000
3.000000
5.000000
5.000000
-4.000000
-10.000000
-9.000000
2.000000
9.000000
2.000000
-1.000000
5.000000
7.000000
18.000000
12.000000
2.000000
3.000000
-1.000000
3.000000
-1.000000
2.000000
6.000000
18.000000
21.000000
20.000000
23.000000
22.000000
26.000000
30.000000
28.000000
26.000000
20.000000
15.000000
20.000000
14.000000
4.000000
2.000000
-10.000000
-14.000000
-19.000000
-24.000000
-32.000000
-31.000000
-36.000000
-23.000000
-11.000000
-15.000000
-1.000000
-1.000000
8.000000
18.000000
16.000000
23.000000
21.000000
19.000000
29.000000
30.000000
27.000000
27.000000
29.000000
26.000000
25.000000
22.000000
20.000000
13.000000
10.000000
19.000000
26.000000
24.000000
22.000000
23.000000
22.000000
17.000000
21.000000
23.000000
4.000000
7.000000
13.000000
4.000000
6.000000
7.000000
0.000000
4.000000
3.000000
0.000000
-3.000000
-18.000000
-21.000000
-27.000000
-18.000000
-13.000000
-14.000000
-8.000000
-13.000000
-7.000000
-7.000000
-11.000000
-7.000000
-6.000000
-10.000000
-6.000000
-9.000000
-7.000000
-7.000000
-13.000000
-6.000000
-15.000000
-22.000000
-23.000000
-25.000000
-37.000000
-38.000000
-32.000000
-38.000000
-33.000000
-21.000000
-28.000000
-24.000000
-19.000000
-18.000000
-14.000000
-15.000000
-16.000000
-15.000000
-8.000000
-9.000000
-2.000000
-3.000000
-3.000000
0.000000
-4.000000
5.000000
0.000000
-3.000000
-9.000000
-12.000000
-1.000000
-13.000000
-7.000000
-4.000000
-9.000000
-12.000000
-20.000000
-32.000000
-33.000000
-33.000000
-33.000000
-23.000000
-21.000000
-21.000000
-21.000000
-8.000000
-3.000000
-4.000000
2.000000
4.000000
11.000000
8.000000
21.000000
26.000000
22.000000
29.000000
34.000000
45.000000
43.000000
48.000000
50.000000
47.000000
45.000000
40.000000
43.000000
40.000000
40.000000
37.000000
39.000000
37.000000
41.000000
31.000000
32.000000
33.000000
33.000000
30.000000
35.000000
38.000000
31.000000
30.000000
20.000000
21.000000
10.000000
10.000000
15.000000
15.000000
-1.000000
4.000000
6.000000
1.000000
4.000000
3.000000
9.000000
9.000000
14.000000
13.000000
18.000000
25.000000
29.000000
36.000000
38.000000
28.000000
23.000000
26.000000
20.000000
14.000000
4.000000
0.000000
-7.000000
-22.000000
-30.000000
-33.000000
-39.000000
-45.000000
-48.000000
-52.000000
-58.000000
-59.000000
-70.000000
-68.000000
-59.000000
-60.000000
-51.000000
-54.000000
-53.000000
-54.000000
-59.000000
-55.000000
-53.000000
-57.000000
-58.000000
-56.000000
-48.000000
-47.000000
-47.000000
-53.000000
-43.000000
-40.000000
-49.000000
-52.000000
-49.000000
-43.000000
-53.000000
-52.000000
-56.000000
-52.000000
-55.000000
-52.000000
-47.000000
-47.000000
-36.000000
-24.000000
-18.000000
-11.000000
-15.000000
-10.000000
0.000000
8.000000
16.000000
17.000000
25.000000
24.000000
29.000000
43.000000
35.000000
44.000000
64.000000
63.000000
67.000000
70.000000
80.000000
89.000000
87.000000
85.000000
94.000000
101.000000
100.000000
98.000000
93.000000
94.000000
90.000000
89.000000
82.000000
74.000000
69.000000
66.000000
58.000000
45.000000
41.000000
37.000000
37.000000
33.000000
30.000000
37.000000
22.000000
25.000000
23.000000
12.000000
16.000000
10.000000
14.000000
12.000000
13.000000
13.000000
10.000000
14.000000
13.000000
8.000000
7.000000
2.000000
2.000000
-3.000000
-7.000000
-17.000000
-18.000000
-23.000000
-34.000000
-50.000000
-61.000000
-65.000000
-81.000000
-73.000000
-95.000000
-95.000000
-92.000000
-101.000000
-95.000000
-103.000000
-98.000000
-86.000000
-86.000000
-86.000000
-82.000000
-73.000000
-74.000000
-77.000000
-74.000000
-74.000000
-69.000000
-63.000000
-59.000000
-50.000000
-50.000000
-48.000000
-52.000000
-52.000000
-51.000000
-44.000000
-36.000000
-35.000000
-30.000000
-35.000000
-20.000000
-19.000000
-22.000000
-9.000000
4.000000
2.000000
6.000000
16.000000
25.000000
33.000000
44.000000
54.000000
53.000000
52.000000
53.000000
67.000000
70.000000
72.000000
79.000000
80.000000
77.000000
73.000000
80.000000
75.000000
80.000000
76.000000
68.000000
65.000000
64.000000
66.000000
70.000000
70.000000
64.000000
68.000000
65.000000
70.000000
60.000000
61.000000
62.000000
47.000000
39.000000
39.000000
30.000000
26.000000
26.000000
13.000000
21.000000
22.000000
20.000000
3.000000
6.000000
4.000000
5.000000
15.000000
10.000000
13.000000
20.000000
29.000000
22.000000
16.000000
15.000000
4.000000
-2.000000
-10.000000
-27.000000
-31.000000
-37.000000
-40.000000
-48.000000
-61.000000
-62.000000
-67.000000
-70.000000
-70.000000
-70.000000
-63.000000
-67.000000
-70.000000
-61.000000
-56.000000
-54.000000
-50.000000
-61.000000
-53.000000
-62.000000
-60.000000
-63.000000
-66.000000
-66.000000
-73.000000
-74.000000
-73.000000
-79.000000
-78.000000
-71.000000
-67.000000
-66.000000
-50.000000
-50.000000
-51.000000
-37.000000
-28.000000
-19.000000
-19.000000
3.000000
7.000000
11.000000
9.000000
15.000000
21.000000
14.000000
28.000000
33.000000
32.000000
38.000000
43.000000
46.000000
41.000000
50.000000
61.000000
51.000000
59.000000
63.000000
69.000000
67.000000
68.000000
75.000000
68.000000
74.000000
69.000000
73.000000
72.000000
70.000000
75.000000
72.000000
64.000000
58.000000
67.000000
63.000000
60.000000
58.000000
57.000000
54.000000
50.000000
55.000000
42.000000
38.000000
39.000000
31.000000
22.000000
23.000000
18.000000
14.000000
12.000000
5.000000
1.000000
-1.000000
2.000000
1.000000
-4.000000
-4.000000
-1.000000
-7.000000
-10.000000
-9.000000
-14.000000
-20.000000
-21.000000
-35.000000
-39.000000
-46.000000
-59.000000
-68.000000
-65.000000
-63.000000
-71.000000
-76.000000
-86.000000
-79.000000
-87.000000
-88.000000
-87.000000
-90.000000
-87.000000
-88.000000
-93.000000
-94.000000
-94.000000
-101.000000
-99.000000
-98.000000
-102.000000
-101.000000
-106.000000
-109.000000
-89.000000
-86.000000
-84.000000
-76.000000
-68.000000
-55.000000
-56.000000
-44.000000
-35.000000
-32.000000
-17.000000
-11.000000
-2.000000
10.000000
18.000000
31.000000
42.000000
50.000000
57.000000
58.000000
67.000000
77.000000
89.000000
94.000000
95.000000
104.000000
112.000000
107.000000
112.000000
118.000000
121.000000
131.000000
133.000000
134.000000
132.000000
130.000000
135.000000
132.000000
135.000000
131.000000
134.000000
133.000000
119.000000
131.000000
121.000000
113.000000
102.000000
91.000000
86.000000
79.000000
69.000000
67.000000
64.000000
57.000000
51.000000
28.000000
27.000000
28.000000
24.000000
13.000000
12.000000
9.000000
-1.000000
-5.000000
-7.000000
-25.000000
-23.000000
-21.000000
-39.000000
-49.000000
-51.000000
-66.000000
-73.000000
-86.000000
-93.000000
-96.000000
-102.000000
-104.000000
-113.000000
-119.000000
-126.000000
-117.000000
-120.000000
-127.000000
-128.000000
-139.000000
-137.000000
-135.000000
-143.000000
-139.000000
-130.000000
-123.000000
-121.000000
-122.000000
-116.000000
-125.000000
-126.000000
-120.000000
-119.000000
-117.000000
-111.000000
-105.000000
-99.000000
-99.000000
-95.000000
-87.000000
-77.000000
-64.000000
-51.000000
-43.000000
-30.000000
-21.000000
-14.000000
5.000000
13.000000
15.000000
27.000000
28.000000
35.000000
50.000000
66.000000
66.000000
75.000000
90.000000
89.000000
94.000000
97.000000
108.000000
114.000000
125.000000
127.000000
137.000000
143.000000
150.000000
158.000000
155.000000
165.000000
174.000000
178.000000
175.000000
169.000000
165.000000
157.000000
141.000000
138.000000
137.000000
135.000000
131.000000
124.000000
120.000000
103.000000
101.000000
87.000000
87.000000
86.000000
80.000000
76.000000
50.000000
42.000000
27.000000
23.000000
15.000000
-9.000000
-11.000000
-24.000000
-29.000000
-46.000000
-61.000000
-64.000000
-74.000000
-77.000000
-75.000000
-78.000000
-88.000000
-85.000000
-88.000000
-94.000000
-96.000000
-94.000000
-101.000000
-106.000000
-106.000000
-103.000000
-102.000000
-105.000000
-114.000000
-120.000000
-128.000000
-134.000000
-136.000000
-141.000000
-145.000000
-141.000000
-129.000000
-129.000000
-131.000000
-131.000000
-129.000000
-128.000000
-133.000000
-132.000000
-124.000000
-110.000000
-107.000000
-100.000000
-84.000000
-74.000000
-70.000000
-68.000000
-53.000000
-53.000000
-40.000000
-27.000000
-18.000000
-2.000000
10.000000
16.000000
22.000000
30.000000
35.000000
43.000000
51.000000
53.000000
59.000000
70.000000
75.000000
82.000000
91.000000
99.000000
98.000000
107.000000
115.000000
121.000000
130.000000
123.000000
128.000000
131.000000
126.000000
139.000000
140.000000
145.000000
141.000000
151.000000
152.000000
145.000000
137.000000
127.000000
125.000000
123.000000
125.000000
119.000000
120.000000
108.000000
105.000000
100.000000
91.000000
79.000000
67.000000
61.000000
42.000000
38.000000
29.000000
33.000000
16.000000
8.000000
0.000000
-18.000000
-27.000000
-49.000000
-56.000000
-63.000000
-74.000000
-85.000000
-93.000000
-93.000000
-96.000000
-105.000000
-105.000000
-103.000000
-101.000000
-108.000000
-110.000000
-113.000000
-116.000000
-112.000000
-113.000000
-109.000000
-105.000000
-102.000000
-101.000000
-107.000000
-114.000000
-120.000000
-115.000000
-115.000000
-120.000000
-123.000000
-116.000000
-103.000000
-101.000000
-94.000000
-88.000000
-90.000000
-86.000000
-90.000000
-86.000000
-76.000000
-67.000000
-63.000000
-54.000000
-43.000000
-34.000000
-18.000000
-23.000000
-9.000000
-11.000000
-5.000000
5.000000
10.000000
24.000000
20.000000
36.000000
39.000000
59.000000
63.000000
67.000000
81.000000
75.000000
80.000000
89.000000
101.000000
109.000000
107.000000
111.000000
118.000000
120.000000
126.000000
124.000000
120.000000
114.000000
119.000000
122.000000
117.000000
112.000000
103.000000
106.000000
111.000000
116.000000
109.000000
108.000000
104.000000
98.000000
93.000000
85.000000
81.000000
76.000000
80.000000
82.000000
59.000000
65.000000
49.000000
29.000000
25.000000
8.000000
-1.000000
-13.000000
-23.000000
-35.000000
-35.000000
-40.000000
-35.000000
-48.000000
-56.000000
-66.000000
-78.000000
-80.000000
-89.000000
-83.000000
-89.000000
-91.000000
-104.000000
-101.000000
-96.000000
-109.000000
-109.000000
-104.000000
-105.000000
-104.000000
-106.000000
-107.000000
-104.000000
-95.000000
-103.000000
-107.000000
-98.000000
-98.000000
-98.000000
-100.000000
-95.000000
-95.000000
-90.000000
-87.000000
-76.000000
-75.000000
-66.000000
-67.000000
-69.000000
-57.000000
-50.000000
-46.000000
-40.000000
-38.000000
-37.000000
-28.000000
-26.000000
-21.000000
-15.000000
-9.000000
3.000000
14.000000
21.000000
25.000000
23.000000
35.000000
39.000000
49.000000
48.000000
56.000000
61.000000
60.000000
64.000000
67.000000
79.000000
73.000000
76.000000
80.000000
80.000000
88.000000
98.000000
98.000000
102.000000
111.000000
121.000000
134.000000
139.000000
140.000000
137.000000
131.000000
136.000000
137.000000
122.000000
123.000000
115.000000
109.000000
106.000000
98.000000
93.000000
87.000000
87.000000
71.000000
69.000000
60.000000
47.000000
40.000000
32.000000
18.000000
8.000000
6.000000
-10.000000
-19.000000
-28.000000
-41.000000
-50.000000
-55.000000
-65.000000
-72.000000
-69.000000
-79.000000
-81.000000
-82.000000
-83.000000
-88.000000
-83.000000
-91.000000
-95.000000
-93.000000
-106.000000
-109.000000
-127.000000
-116.000000
-113.000000
-112.000000
-109.000000
-102.000000
-99.000000
-96.000000
-84.000000
-86.000000
-80.000000
-77.000000
-68.000000
-66.000000
-63.000000
-59.000000
-56.000000
-55.000000
-58.000000
-52.000000
-60.000000
-59.000000
-51.000000
-50.000000
-43.000000
-41.000000
-42.000000
-35.000000
-34.000000
-25.000000
-19.000000
-7.000000
-1.000000
4.000000
9.000000
11.000000
24.000000
24.000000
28.000000
32.000000
34.000000
41.000000
39.000000
41.000000
40.000000
41.000000
56.000000
60.000000
60.000000
65.000000
75.000000
84.000000
86.000000
89.000000
85.000000
84.000000
86.000000
94.000000
87.000000
84.000000
94.000000
90.000000
91.000000
91.000000
86.000000
92.000000
87.000000
82.000000
72.000000
67.000000
58.000000
50.000000
36.000000
35.000000
39.000000
38.000000
30.000000
26.000000
24.000000
13.000000
15.000000
2.000000
4.000000
7.000000
-1.000000
-6.000000
-15.000000
-18.000000
-27.000000
-35.000000
-39.000000
-46.000000
-53.000000
-57.000000
-56.000000
-59.000000
-57.000000
-58.000000
-61.000000
-59.000000
-53.000000
-48.000000
-52.000000
-45.000000
-40.000000
-37.000000
-31.000000
-34.000000
-36.000000
-28.000000
-26.000000
-15.000000
-18.000000
-12.000000
-18.000000
-23.000000
-24.000000
-24.000000
-13.000000
-21.000000
-21.000000
-24.000000
-26.000000
-22.000000
-23.000000
-15.000000
-15.000000
-20.000000
-15.000000
-15.000000
-17.000000
-10.000000
-13.000000
-16.000000
-7.000000
-13.000000
-4.000000
0.000000
-9.000000
-7.000000
-12.000000
-6.000000
-10.000000
-7.000000
-7.000000
-8.000000
-5.000000
-9.000000
-2.000000
1.000000
6.000000
-2.000000
8.000000
14.000000
11.000000
19.000000
21.000000
22.000000
19.000000
27.000000
19.000000
18.000000
18.000000
18.000000
17.000000
9.000000
9.000000
12.000000
18.000000
19.000000
22.000000
23.000000
22.000000
31.000000
27.000000
27.000000
26.000000
26.000000
29.000000
30.000000
23.000000
18.000000
20.000000
15.000000
11.000000
4.000000
3.000000
5.000000
8.000000
-1.000000
4.000000
6.000000
13.000000
21.000000
19.000000
19.000000
17.000000
16.000000
9.000000
14.000000
23.000000
22.000000
21.000000
25.000000
28.000000
34.000000
25.000000
28.000000
30.000000
27.000000
25.000000
16.000000
19.000000
13.000000
16.000000
14.000000
7.000000
8.000000
8.000000
6.000000
5.000000
2.000000
-3.000000
-7.000000
-16.000000
-12.000000
-4.000000
-4.000000
-2.000000
-1.000000
-9.000000
-13.000000
-14.000000
-22.000000
-30.000000
-20.000000
-31.000000
-44.000000
-43.000000
-47.000000
-43.000000
-45.000000
-55.000000
-51.000000
-56.000000
-63.000000
-59.000000
-65.000000
-56.000000
-47.000000
-47.000000
-47.000000
-45.000000
-46.000000
-50.000000
-48.000000
-55.000000
-58.000000
-61.000000
-61.000000
-59.000000
-49.000000
-47.000000
-34.000000
-35.000000
-39.000000
-30.000000
-32.000000
-21.000000
-22.000000
-24.000000
-14.000000
-7.000000
-6.000000
8.000000
13.000000
19.000000
17.000000
15.000000
27.000000
23.000000
31.000000
26.000000
38.000000
53.000000
45.000000
49.000000
57.000000
63.000000
63.000000
62.000000
70.000000
76.000000
78.000000
77.000000
82.000000
88.000000
87.000000
90.000000
93.000000
94.000000
98.000000
96.000000
83.000000
82.000000
80.000000
76.000000
70.000000
63.000000
64.000000
52.000000
47.000000
44.000000
39.000000
40.000000
25.000000
17.000000
21.000000
22.000000
21.000000
24.000000
22.000000
11.000000
6.000000
10.000000
1.000000
-15.000000
-10.000000
-29.000000
-37.000000
-34.000000
-51.000000
-59.000000
-63.000000
-69.000000
-71.000000
-71.000000
-78.000000
-82.000000
-93.000000
-96.000000
-86.000000
-89.000000
-89.000000
-86.000000
-83.000000
-78.000000
-72.000000
-76.000000
-73.000000
-80.000000
-77.000000
-83.000000
-84.000000
-79.000000
-77.000000
-70.000000
-74.000000
-69.000000
-67.000000
-62.000000
-60.000000
-58.000000
-55.000000
-55.000000
-56.000000
-53.000000
-40.000000
-37.000000
-28.000000
-22.000000
-21.000000
-6.000000
-6.000000
-2.000000
18.000000
15.000000
23.000000
34.000000
38.000000
45.000000
50.000000
50.000000
53.000000
62.000000
62.000000
67.000000
68.000000
73.000000
78.000000
87.000000
91.000000
101.000000
104.000000
105.000000
116.000000
119.000000
116.000000
121.000000
124.000000
123.000000
117.000000
111.000000
106.000000
102.000000
92.000000
88.000000
82.000000
62.000000
59.000000
45.000000
49.000000
40.000000
28.000000
29.000000
20.000000
28.000000
25.000000
17.000000
24.000000
14.000000
7.000000
-1.000000
-16.000000
-22.000000
-36.000000
-47.000000
-45.000000
-56.000000
-57.000000
-56.000000
-66.000000
-75.000000
-82.000000
-81.000000
-83.000000
-85.000000
-88.000000
-83.000000
-74.000000
-81.000000
-83.000000
-75.000000
-74.000000
-82.000000
-80.000000
-81.000000
-84.000000
-79.000000
-80.000000
-79.000000
-73.000000
-72.000000
-57.000000
-53.000000
-58.000000
-56.000000
-54.000000
-56.000000
-54.000000
-55.000000
-57.000000
-51.000000
-47.000000
-49.000000
-46.000000
-44.000000
-45.000000
-41.000000
-38.000000
-32.000000
-31.000000
-23.000000
-16.000000
-5.000000
7.000000
7.000000
11.000000
27.000000
27.000000
32.000000
36.000000
36.000000
43.000000
42.000000
51.000000
54.000000
71.000000
72.000000
79.000000
89.000000
94.000000
101.000000
101.000000
107.000000
103.000000
102.000000
99.000000
102.000000
103.000000
98.000000
97.000000
88.000000
91.000000
93.000000
81.000000
84.000000
67.000000
70.000000
65.000000
53.000000
50.000000
40.000000
39.000000
32.000000
23.000000
7.000000
3.000000
-7.000000
-6.000000
-9.000000
-7.000000
-12.000000
-21.000000
-26.000000
-31.000000
-29.000000
-34.000000
-36.000000
-37.000000
-41.000000
-48.000000
-53.000000
-53.000000
-52.000000
-59.000000
-56.000000
-66.000000
-62.000000
-62.000000
-64.000000
-46.000000
-50.000000
-45.000000
-41.000000
-45.000000
-38.000000
-40.000000
-44.000000
-42.000000
-51.000000
-46.000000
-46.000000
-58.000000
-53.000000
-53.000000
-49.000000
-50.000000
-53.000000
-46.000000
-39.000000
-31.000000
-22.000000
-15.000000
-18.000000
-12.000000
-14.000000
-10.000000
-9.000000
-13.000000
-20.000000
-25.000000
-15.000000
-15.000000
-10.000000
-4.000000
-7.000000
4.000000
4.000000
8.000000
11.000000
18.000000
25.000000
30.000000
32.000000
37.000000
45.000000
44.000000
44.000000
39.000000
48.000000
37.000000
37.000000
36.000000
41.000000
48.000000
56.000000
63.000000
57.000000
52.000000
47.000000
52.000000
45.000000
44.000000
38.000000
45.000000
49.000000
38.000000
36.000000
33.000000
26.000000
28.000000
21.000000
15.000000
13.000000
8.000000
3.000000
-2.000000
-3.000000
-8.000000
-11.000000
-15.000000
-26.000000
-32.000000
-38.000000
-45.000000
-47.000000
-42.000000
-42.000000
-44.000000
-44.000000
-42.000000
-44.000000
-33.000000
-26.000000
-31.000000
-31.000000
-36.000000
-29.000000
-30.000000
-26.000000
-26.000000
-26.000000
-19.000000
-19.000000
-21.000000
-18.000000
-16.000000
-22.000000
-17.000000
-15.000000
-21.000000
-12.000000
-5.000000
-2.000000
-4.000000
-5.000000
-10.000000
-9.000000
-5.000000
-6.000000
4.000000
3.000000
7.000000
9.000000
17.000000
19.000000
13.000000
18.000000
14.000000
11.000000
13.000000
8.000000
8.000000
6.000000
5.000000
14.000000
14.000000
21.000000
24.000000
25.000000
23.000000
33.000000
39.000000
38.000000
46.000000
45.000000
47.000000
46.000000
47.000000
40.000000
38.000000
30.000000
38.000000
33.000000
22.000000
24.000000
21.000000
14.000000
19.000000
17.000000
27.000000
28.000000
21.000000
32.000000
29.000000
29.000000
21.000000
22.000000
26.000000
16.000000
20.000000
19.000000
9.000000
3.000000
-7.000000
-11.000000
-17.000000
-21.000000
-30.000000
-39.000000
-38.000000
-42.000000
-52.000000
-59.000000
-60.000000
-59.000000
-60.000000
-61.000000
-64.000000
-67.000000
-66.000000
-53.000000
-49.000000
-45.000000
-34.000000
-29.000000
-30.000000
-30.000000
-31.000000
-30.000000
-33.000000
-33.000000
-31.000000
-33.000000
-40.000000
-43.000000
-37.000000
-37.000000
-36.000000
-44.000000
-34.000000
-32.000000
-27.000000
-9.000000
-14.000000
-5.000000
-2.000000
0.000000
6.000000
5.000000
13.000000
11.000000
11.000000
15.000000
8.000000
5.000000
9.000000
5.000000
1.000000
8.000000
10.000000
9.000000
4.000000
4.000000
10.000000
15.000000
8.000000
11.000000
14.000000
8.000000
6.000000
7.000000
2.000000
13.000000
17.000000
20.000000
33.000000
40.000000
51.000000
62.000000
67.000000
65.000000
80.000000
82.000000
73.000000
79.000000
73.000000
62.000000
61.000000
55.000000
42.000000
30.000000
31.000000
31.000000
33.000000
37.000000
40.000000
46.000000
47.000000
56.000000
47.000000
49.000000
46.000000
41.000000
47.000000
30.000000
26.000000
28.000000
28.000000
18.000000
8.000000
0.000000
-10.000000
-9.000000
-9.000000
-14.000000
-29.000000
-33.000000
-35.000000
-38.000000
-52.000000
-58.000000
-65.000000
-57.000000
-57.000000
-50.000000
-40.000000
-41.000000
-34.000000
-32.000000
-28.000000
-25.000000
-18.000000
-17.000000
-16.000000
-29.000000
-33.000000
-39.000000
-49.000000
-53.000000
-57.000000
-67.000000
-66.000000
-71.000000
-78.000000
-68.000000
-70.000000
-64.000000
-55.000000
-43.000000
-39.000000
-37.000000
-29.000000
-33.000000
-27.000000
-26.000000
-26.000000
-17.000000
-17.000000
-30.000000
-30.000000
-18.000000
-10.000000
0.000000
-1.000000
8.000000
12.000000
16.000000
7.000000
5.000000
6.000000
9.000000
10.000000
-1.000000
5.000000
11.000000
10.000000
12.000000
18.000000
18.000000
17.000000
24.000000
28.000000
42.000000
49.000000
47.000000
70.000000
74.000000
76.000000
82.000000
85.000000
81.000000
81.000000
81.000000
80.000000
77.000000
78.000000
72.000000
76.000000
82.000000
75.000000
74.000000
78.000000
71.000000
78.000000
73.000000
56.000000
65.000000
54.000000
47.000000
37.000000
36.000000
24.000000
8.000000
12.000000
1.000000
-2.000000
-16.000000
-13.000000
-16.000000
-27.000000
-34.000000
-42.000000
-45.000000
-63.000000
-68.000000
-80.000000
-83.000000
-96.000000
-100.000000
-99.000000
-101.000000
-98.000000
-87.000000
-73.000000
-71.000000
-68.000000
-64.000000
-66.000000
-57.000000
-57.000000
-70.000000
-69.000000
-86.000000
-79.000000
-89.000000
-96.000000
-100.000000
-88.000000
-78.000000
-85.000000
-67.000000
-63.000000
-52.000000
-43.000000
-30.000000
-23.000000
-21.000000
-28.000000
-22.000000
-25.000000
-19.000000
-15.000000
-9.000000
-7.000000
-6.000000
13.000000
20.000000
37.000000
38.000000
37.000000
37.000000
39.000000
46.000000
47.000000
47.000000
60.000000
65.000000
69.000000
68.000000
73.000000
92.000000
88.000000
88.000000
80.000000
83.000000
68.000000
54.000000
45.000000
41.000000
43.000000
43.000000
50.000000
62.000000
86.000000
92.000000
122.000000
138.000000
145.000000
148.000000
138.000000
122.000000
104.000000
103.000000
84.000000
63.000000
50.000000
44.000000
47.000000
46.000000
41.000000
43.000000
29.000000
25.000000
1.000000
-36.000000
-82.000000
-133.000000
-174.000000
-234.000000
-258.000000
-287.000000
-285.000000
-266.000000
-234.000000
-158.000000
-82.000000
9.000000
96.000000
173.000000
240.000000
258.000000
273.000000
233.000000
175.000000
82.000000
-22.000000
-119.000000
-259.000000
-320.000000
-383.000000
-404.000000
-404.000000
-363.000000
-294.000000
-252.000000
-166.000000
-100.000000
-47.000000
-33.000000
-27.000000
-11.000000
-41.000000
-54.000000
-21.000000
5.000000
54.000000
129.000000
256.000000
376.000000
494.000000
607.000000
705.000000
746.000000
740.000000
729.000000
621.000000
479.000000
300.000000
131.000000
-60.000000
-250.000000
-370.000000
-473.000000
-525.000000
-545.000000
-490.000000
-419.000000
-346.000000
-238.000000
-141.000000
-75.000000
-47.000000
-31.000000
-59.000000
-123.000000
-179.000000
-252.000000
-318.000000
-387.000000
-406.000000
-396.000000
-399.000000
-353.000000
-279.000000
-206.000000
-151.000000
-81.000000
-16.000000
10.000000
19.000000
19.000000
29.000000
-16.000000
-36.000000
-26.000000
-27.000000
-22.000000
1.000000
74.000000
102.000000
162.000000
240.000000
309.000000
355.000000
377.000000
448.000000
460.000000
454.000000
480.000000
483.000000
476.000000
451.000000
475.000000
465.000000
440.000000
455.000000
475.000000
503.000000
517.000000
601.000000
688.000000
734.000000
775.000000
826.000000
861.000000
754.000000
683.000000
495.000000
226.000000
-153.000000
-573.000000
-971.000000
-1462.000000
-1822.000000
-2116.000000
-2295.000000
-2370.000000
-2248.000000
-1912.000000
-1524.000000
-1041.000000
-472.000000
78.000000
569.000000
938.000000
1260.000000
1358.000000
1285.000000
1137.000000
873.000000
541.000000
186.000000
-61.000000
-312.000000
-476.000000
-516.000000
-423.000000
-268.000000
-135.000000
73.000000
200.000000
228.000000
135.000000
8.000000
-247.000000
-659.000000
-1022.000000
-1407.000000
-1717.000000
-1968.000000
-2022.000000
-1899.000000
-1734.000000
-1363.000000
-886.000000
-369.000000
98.000000
545.000000
900.000000
1019.000000
1051.000000
960.000000
739.000000
432.000000
123.000000
-106.000000
-288.000000
-362.000000
-238.000000
0.000000
334.000000
738.000000
1244.000000
1698.000000
2089.000000
2411.000000
2607.000000
2629.000000
2485.000000
2318.000000
2017.000000
1692.000000
1395.000000
1232.000000
1086.000000
1084.000000
1279.000000
1513.000000
1856.000000
2056.000000
2363.000000
2399.000000
2263.000000
1908.000000
1319.000000
496.000000
-601.000000
-1643.000000
-2735.000000
-3696.000000
-4503.000000
-4925.000000
-5097.000000
-4913.000000
-4379.000000
-3484.000000
-2545.000000
-1468.000000
-389.000000
502.000000
1198.000000
1593.000000
1794.000000
1605.000000
1217.000000
637.000000
92.000000
-505.000000
-972.000000
-1186.000000
-1277.000000
-1155.000000
-818.000000
-299.000000
183.000000
629.000000
984.000000
1156.000000
1053.000000
782.000000
354.000000
-239.000000
-992.000000
-1631.000000
-2209.000000
-2660.000000
-2848.000000
-2769.000000
-2459.000000
-2016.000000
-1356.000000
-580.000000
169.000000
841.000000
1347.000000
1712.000000
1655.000000
1425.000000
1100.000000
439.000000
-205.000000
-981.000000
-1495.000000
-2079.000000
-2270.000000
-2136.000000
-1817.000000
-1181.000000
-467.000000
560.000000
1414.000000
2256.000000
3003.000000
3369.000000
3453.000000
3204.000000
2788.000000
2101.000000
1301.000000
526.000000
-229.000000
-861.000000
-1276.000000
-1336.000000
-1123.000000
-745.000000
-108.000000
700.000000
1483.000000
2292.000000
3111.000000
3707.000000
4017.000000
4146.000000
4024.000000
3737.000000
3243.000000
2886.000000
2420.000000
1973.000000
1740.000000
1498.000000
1556.000000
1261.000000
1313.000000
799.000000
128.000000
-732.000000
-1898.000000
-2945.000000
-4428.000000
-5485.000000
-6537.000000
-7218.000000
-7433.000000
-7123.000000
-6312.000000
-5262.000000
-3807.000000
-2155.000000
-618.000000
974.000000
2283.000000
3286.000000
3767.000000
3807.000000
3654.000000
3045.000000
2363.000000
1508.000000
772.000000
-64.000000
-594.000000
-804.000000
-874.000000
-696.000000
-465.000000
-43.000000
150.000000
387.000000
493.000000
416.000000
83.000000
-444.000000
-973.000000
-1669.000000
-2201.000000
-2564.000000
-2804.000000
-2890.000000
-2737.000000
-2279.000000
-1740.000000
-1046.000000
-341.000000
338.000000
807.000000
1075.000000
1338.000000
1256.000000
1067.000000
677.000000
227.000000
-308.000000
-842.000000
-1032.000000
-1267.000000
-1189.000000
-1043.000000
-673.000000
-58.000000
461.000000
1335.000000
1926.000000
2446.000000
2764.000000
2852.000000
2804.000000
2377.000000
1879.000000
1131.000000
272.000000
-532.000000
-1292.000000
-1672.000000
-1994.000000
-1978.000000
-1752.000000
-1346.000000
-646.000000
157.000000
1123.000000
1931.000000
2778.000000
3382.000000
3913.000000
4273.000000
4361.000000
4345.000000
3865.000000
3391.000000
2702.000000
2063.000000
1570.000000
1085.000000
952.000000
796.000000
1017.000000
1315.000000
1521.000000
1862.000000
1504.000000
980.000000
-67.000000
-1449.000000
-2851.000000
-4655.000000
-6071.000000
-7469.000000
-8318.000000
-8571.000000
-8132.000000
-6933.000000
-5466.000000
-3414.000000
-1290.000000
745.000000
2719.000000
4200.000000
5192.000000
5442.000000
5076.000000
4249.000000
3068.000000
1696.000000
370.000000
-790.000000
-1805.000000
-2312.000000
-2269.000000
-1790.000000
-1016.000000
17.000000
1062.000000
1842.000000
2393.000000
2614.000000
2391.000000
1643.000000
471.000000
-835.000000
-2366.000000
-3700.000000
-4651.000000
-5270.000000
-5432.000000
-5185.000000
-4356.000000
-3246.000000
-1902.000000
-485.000000
837.000000
1787.000000
2324.000000
2595.000000
2402.000000
1850.000000
1027.000000
75.000000
-1008.000000
-1900.000000
-2539.000000
-2700.000000
-2537.000000
-2065.000000
-1170.000000
-118.000000
1073.000000
2320.000000
3433.000000
4131.000000
4474.000000
4360.000000
3831.000000
2955.000000
1856.000000
519.000000
-726.000000
-2062.000000
-2950.000000
-3418.000000
-3530.000000
-3092.000000
-2375.000000
-1315.000000
-206.000000
1187.000000
2451.000000
3632.000000
4613.000000
5097.000000
5420.000000
5351.000000
5085.000000
4645.000000
3931.000000
3114.000000
2148.000000
1284.000000
615.000000
209.000000
206.000000
239.000000
904.000000
1400.000000
2240.000000
2945.000000
3227.000000
3187.000000
1972.000000
793.000000
-1438.000000
-3510.000000
-5781.000000
-7780.000000
-9317.000000
-10412.000000
-10275.000000
-9408.000000
-7680.000000
-5194.000000
-2511.000000
352.000000
2852.000000
5055.000000
6743.000000
7223.000000
7084.000000
5933.000000
4231.000000
2075.000000
62.000000
-1680.000000
-3274.000000
-4072.000000
-4331.000000
-3632.000000
-2525.000000
-791.000000
1056.000000
2647.000000
3712.000000
4306.000000
4327.000000
3342.000000
1905.000000
-80.000000
-2448.000000
-4818.000000
-6684.000000
-7937.000000
-8492.000000
-8362.000000
-7335.000000
-5751.000000
-3815.000000
-1521.000000
739.000000
2530.000000
3647.000000
4359.000000
4270.000000
3587.000000
2499.000000
1266.000000
-324.000000
-1748.000000
-2780.000000
-3292.000000
-3234.000000
-2810.000000
-1386.000000
-247.000000
1352.000000
2908.000000
4279.000000
5263.000000
5532.000000
5571.000000
4682.000000
3414.000000
1887.000000
333.000000
-1296.000000
-2800.000000
-3652.000000
-4153.000000
-4251.000000
-3451.000000
-2264.000000
-935.000000
659.000000
2154.000000
3645.000000
4689.000000
5557.000000
6110.000000
6128.000000
5696.000000
5108.000000
4467.000000
3441.000000
2557.000000
1776.000000
806.000000
-67.000000
-480.000000
-665.000000
-525.000000
-27.000000
756.000000
1883.000000
2707.000000
3846.000000
4484.000000
4601.000000
3623.000000
2163.000000
128.000000
-2938.000000
-5272.000000
-7967.000000
-9913.000000
-11446.000000
-11799.000000
-11006.000000
-9478.000000
-6867.000000
-3798.000000
-596.000000
2171.000000
4622.000000
6591.000000
7183.000000
6870.000000
5884.000000
3721.000000
1349.000000
-1033.000000
-2891.000000
-4329.000000
-5142.000000
-4857.000000
-3938.000000
-2257.000000
-167.000000
2381.000000
4269.000000
5472.000000
6060.000000
5618.000000
4192.000000
2073.000000
-502.000000
-3477.000000
-6382.000000
-8632.000000
-9883.000000
-10330.000000
-9685.000000
-7973.000000
-5636.000000
-3085.000000
-129.000000
2670.000000
4671.000000
6015.000000
6385.000000
5884.000000
4651.000000
2789.000000
1107.000000
-901.000000
-2665.000000
-3777.000000
-4227.000000
-4033.000000
-3264.000000
-1468.000000
70.000000
1876.000000
3659.000000
4885.000000
5800.000000
5834.000000
5384.000000
4414.000000
2612.000000
900.000000
-715.000000
-2349.000000
-3562.000000
-4090.000000
-4075.000000
-3860.000000
-2626.000000
-1245.000000
292.000000
1966.000000
3241.000000
4541.000000
5168.000000
5521.000000
5675.000000
5443.000000
4702.000000
4076.000000
3359.000000
2358.000000
1702.000000
1121.000000
424.000000
-21.000000
-501.000000
-699.000000
-599.000000
-454.000000
318.000000
1091.000000
2246.000000
3303.000000
4585.000000
5386.000000
5409.000000
5124.000000
3321.000000
1123.000000
-1668.000000
-5111.000000
-7641.000000
-10530.000000
-12054.000000
-12834.000000
-12416.000000
-10665.000000
-8169.000000
-4683.000000
-1320.000000
2113.000000
4908.000000
6775.000000
7949.000000
7510.000000
6258.000000
4226.000000
1271.000000
-1263.000000
-3577.000000
-5088.000000
-5525.000000
-5177.000000
-3696.000000
-1560.000000
1018.000000
3648.000000
5982.000000
7289.000000
7432.000000
6550.000000
4429.000000
1428.000000
-1932.000000
-5427.000000
-8564.000000
-10911.000000
-12180.000000
-11964.000000
-10628.000000
-8195.000000
-4921.000000
-1368.000000
1853.000000
4886.000000
6996.000000
7896.000000
7775.000000
6442.000000
4376.000000
1698.000000
-1031.000000
-3268.000000
-5091.000000
-6016.000000
-6001.000000
-4987.000000
-3319.000000
-1213.000000
1512.000000
3508.000000
5401.000000
6545.000000
6721.000000
6402.000000
4967.000000
3378.000000
1365.000000
-799.000000
-2470.000000
-3692.000000
-4301.000000
-4265.000000
-3410.000000
-2253.000000
-765.000000
992.000000
2484.000000
3818.000000
4701.000000
5009.000000
5129.000000
4683.000000
4127.000000
3603.000000
2943.000000
2396.000000
2014.000000
1749.000000
1416.000000
1454.000000
1276.000000
1199.000000
993.000000
678.000000
523.000000
353.000000
343.000000
831.000000
1430.000000
2447.000000
3711.000000
4869.000000
5931.000000
5984.000000
5743.000000
3978.000000
1433.000000
-1703.000000
-5519.000000
-8682.000000
-11767.000000
-13536.000000
-14161.000000
-13648.000000
-11392.000000
-8372.000000
-4419.000000
-468.000000
3178.000000
6203.000000
7627.000000
8168.000000
7217.000000
5166.000000
2551.000000
-663.000000
-3375.000000
-5578.000000
-6530.000000
-6140.000000
-4668.000000
-2220.000000
819.000000
3964.000000
6689.000000
8528.000000
9073.000000
8160.000000
5697.000000
2114.000000
-2140.000000
-6432.000000
-10158.000000
-12788.000000
-14105.000000
-13928.000000
-12183.000000
-9061.000000
-5041.000000
-678.000000
3431.000000
6712.000000
8805.000000
9492.000000
8783.000000
6861.000000
3942.000000
643.000000
-2637.000000
-5395.000000
-7085.000000
-7534.000000
-6699.000000
-4891.000000
-2374.000000
548.000000
3128.000000
5441.000000
6965.000000
7284.000000
6890.000000
5436.000000
3454.000000
1291.000000
-883.000000
-2360.000000
-3328.000000
-3583.000000
-3061.000000
-1946.000000
-493.000000
1121.000000
2794.000000
3828.000000
4365.000000
4545.000000
3956.000000
3210.000000
2331.000000
1417.000000
936.000000
572.000000
796.000000
1353.000000
2176.000000
3076.000000
3808.000000
4094.000000
3873.000000
3416.000000
2487.000000
1547.000000
334.000000
-579.000000
-1324.000000
-1558.000000
-982.000000
-36.000000
1818.000000
3746.000000
5648.000000
7435.000000
8258.000000
8331.000000
6942.000000
4270.000000
140.000000
-4851.000000
-9469.000000
-13390.000000
-16051.000000
-17013.000000
-16410.000000
-13949.000000
-10241.000000
-5454.000000
-308.000000
4121.000000
7655.000000
9417.000000
9394.000000
7651.000000
4968.000000
1684.000000
-2028.000000
-5336.000000
-7651.000000
-8459.000000
-7418.000000
-4672.000000
-1078.000000
2919.000000
6631.000000
9429.000000
10932.000000
10670.000000
8801.000000
5255.000000
532.000000
-4868.000000
-9981.000000
-13819.000000
-15796.000000
-15797.000000
-13966.000000
-10707.000000
-6302.000000
-1265.000000
3539.000000
7454.000000
9977.000000
10636.000000
9538.000000
6998.000000
3179.000000
-760.000000
-4304.000000
-7103.000000
-8689.000000
-8811.000000
-7504.000000
-4728.000000
-1067.000000
2616.000000
5755.000000
7910.000000
8398.000000
7790.000000
6084.000000
3395.000000
825.000000
-1872.000000
-3832.000000
-4889.000000
-4949.000000
-3619.000000
-1524.000000
1000.000000
3237.000000
5044.000000
5928.000000
5990.000000
5475.000000
3880.000000
1955.000000
63.000000
-1682.000000
-2578.000000
-2697.000000
-1682.000000
25.000000
2011.000000
4052.000000
5682.000000
6777.000000
7153.000000
6767.000000
5206.000000
3020.000000
843.000000
-1322.000000
-2764.000000
-3454.000000
-3438.000000
-2608.000000
-1117.000000
935.000000
3103.000000
5374.000000
7303.000000
9101.000000
9377.000000
9120.000000
7867.000000
5258.000000
1677.000000
-2724.000000
-7704.000000
-12236.000000
-14756.000000
-16028.000000
-15373.000000
-13465.000000
-10121.000000
-6024.000000
-1943.000000
1778.000000
4865.000000
6383.000000
6311.000000
5066.000000
2421.000000
-715.000000
-3049.000000
-4927.000000
-6269.000000
-6266.000000
-5052.000000
-2310.000000
1183.000000
4898.000000
8122.000000
10041.000000
10619.000000
9457.000000
6854.000000
2968.000000
-1329.000000
-5670.000000
-9700.000000
-12933.000000
-14513.000000
-13894.000000
-11544.000000
-8088.000000
-4007.000000
8.000000
3372.000000
5773.000000
6841.000000
6582.000000
5089.000000
2836.000000
-47.000000
-3030.000000
-5447.000000
-6295.000000
-5887.000000
-4618.000000
-2385.000000
278.000000
2746.000000
4891.000000
6124.000000
6263.000000
5122.000000
3223.000000
714.000000
-2035.000000
-3797.000000
-4652.000000
-4271.000000
-2998.000000
-1040.000000
1335.000000
3467.000000
5619.000000
6924.000000
7141.000000
6359.000000
4716.000000
2586.000000
66.000000
-1696.000000
-2752.000000
-3023.000000
-2282.000000
-915.000000
840.000000
2722.000000
4816.000000
6215.000000
6743.000000
6406.000000
5371.000000
3900.000000
2139.000000
561.000000
-860.000000
-1635.000000
-2039.000000
-1425.000000
-599.000000
467.000000
1665.000000
3131.000000
4022.000000
4862.000000
5072.000000
5506.000000
5848.000000
5669.000000
5601.000000
4704.000000
4132.000000
1477.000000
-624.000000
-5255.000000
-9208.000000
-12177.000000
-13712.000000
-14100.000000
-13882.000000
-11537.000000
-8794.000000
-5304.000000
-1768.000000
1546.000000
4113.000000
5169.000000
5342.000000
3772.000000
980.000000
-776.000000
-2323.000000
-3480.000000
-4612.000000
-4216.000000
-2281.000000
124.000000
3517.000000
6160.000000
8285.000000
8748.000000
8253.000000
5880.000000
1804.000000
-1853.000000
-5469.000000
-8708.000000
-11909.000000
-13408.000000
-12808.000000
-10451.000000
-6933.000000
-3034.000000
566.000000
3352.000000
4895.000000
5282.000000
4016.000000
2406.000000
695.000000
-1357.000000
-3674.000000
-5413.000000
-5259.000000
-3905.000000
-1603.000000
1087.000000
3610.000000
5462.000000
6149.000000
5980.000000
4583.000000
2276.000000
-154.000000
-2705.000000
-5000.000000
-6289.000000
-5579.000000
-3535.000000
-726.000000
2429.000000
4985.000000
6841.000000
7699.000000
7724.000000
6704.000000
4826.000000
2718.000000
320.000000
-1997.000000
-3419.000000
-3386.000000
-2212.000000
-473.000000
1629.000000
3376.000000
4708.000000
5643.000000
6009.000000
5617.000000
4611.000000
3510.000000
2110.000000
554.000000
-458.000000
-811.000000
-790.000000
-74.000000
1027.000000
1719.000000
2111.000000
2931.000000
3476.000000
3796.000000
4216.000000
4446.000000
5265.000000
5347.000000
6117.000000
5871.000000
5898.000000
4626.000000
2199.000000
-2080.000000
-9086.000000
-13361.000000
-16614.000000
-17020.000000
-16877.000000
-14064.000000
-10572.000000
-6376.000000
-1469.000000
2011.000000
4951.000000
6779.000000
6885.000000
4884.000000
362.000000
-3139.000000
-4810.000000
-5149.000000
-5287.000000
-4468.000000
-1447.000000
1766.000000
5967.000000
8814.000000
10091.000000
10406.000000
9194.000000
6104.000000
-30.000000
-5340.000000
-8615.000000
-10133.000000
-11378.000000
-12045.000000
-10397.000000
-7559.000000
-3681.000000
-377.000000
1719.000000
2879.000000
3122.000000
1917.000000
-1418.000000
-4578.000000
-5222.000000
-4439.000000
-3547.000000
-3018.000000
-1180.000000
1360.000000
4159.000000
6275.000000
6986.000000
6740.000000
5521.000000
3183.000000
-717.000000
-4331.000000
-6190.000000
-6146.000000
-5287.000000
-4077.000000
-1842.000000
1279.000000
4541.000000
6978.000000
7779.000000
7487.000000
6541.000000
4653.000000
1918.000000
-406.000000
-1373.000000
-1204.000000
-605.000000
-349.000000
8.000000
1066.000000
2423.000000
3368.000000
3591.000000
3211.000000
2944.000000
2670.000000
1901.000000
1556.000000
1980.000000
2904.000000
3589.000000
3368.000000
2496.000000
1447.000000
980.000000
571.000000
380.000000
16.000000
229.000000
1072.000000
1862.000000
2936.000000
4352.000000
6174.000000
7690.000000
8290.000000
8246.000000
7102.000000
6015.000000
3435.000000
-601.000000
-6958.000000
-14247.000000
-17895.000000
-19511.000000
-17534.000000
-14420.000000
-8784.000000
-4197.000000
386.000000
3176.000000
3749.000000
3698.000000
2971.000000
1322.000000
-2022.000000
-6034.000000
-7975.000000
-7108.000000
-4465.000000
-1468.000000
2194.000000
6024.000000
9157.000000
11084.000000
9818.000000
7467.000000
5050.000000
2551.000000
-866.000000
-5601.000000
-8353.000000
-8662.000000
-6788.000000
-5420.000000
-4436.000000
-3327.000000
-2114.000000
-1240.000000
-2599.000000
-4350.000000
-5372.000000
-5196.000000
-5058.000000
-5715.000000
-5615.000000
-2999.000000
780.000000
3470.000000
4344.000000
4512.000000
4430.000000
4324.000000
2773.000000
668.000000
-279.000000
-75.000000
456.000000
-175.000000
-1120.000000
-993.000000
461.000000
1334.000000
1128.000000
543.000000
509.000000
1328.000000
1520.000000
1085.000000
1590.000000
3213.000000
4699.000000
4742.000000
3745.000000
2633.000000
2200.000000
1540.000000
-66.000000
-1731.000000
-2020.000000
-671.000000
783.000000
1767.000000
3082.000000
4980.000000
6611.000000
6653.000000
5213.000000
3287.000000
2110.000000
1248.000000
59.000000
-1368.000000
-1741.000000
-336.000000
1479.000000
2829.000000
3921.000000
5065.000000
5995.000000
5862.000000
4591.000000
2751.000000
2328.000000
2923.000000
3706.000000
4230.000000
4521.000000
5098.000000
3910.000000
575.000000
-6397.000000
-12560.000000
-16454.000000
-17050.000000
-15362.000000
-11866.000000
-7453.000000
-3153.000000
767.000000
1943.000000
1328.000000
318.000000
-677.000000
-1929.000000
-4375.000000
-6914.000000
-7783.000000
-6294.000000
-3147.000000
559.000000
4372.000000
7712.000000
10573.000000
11123.000000
8660.000000
4978.000000
1952.000000
240.000000
-1289.000000
-3131.000000
-4169.000000
-4276.000000
-3325.000000
-2795.000000
-3028.000000
-3853.000000
-3864.000000
-3995.000000
-5231.000000
-7305.000000
-8792.000000
-8379.000000
-6762.000000
-5071.000000
-3265.000000
-1187.000000
887.000000
2264.000000
2166.000000
1204.000000
693.000000
1440.000000
2486.000000
3230.000000
3357.000000
3896.000000
4556.000000
4290.000000
3202.000000
1791.000000
649.000000
185.000000
-319.000000
-837.000000
-831.000000
346.000000
1905.000000
3276.000000
3810.000000
3680.000000
3047.000000
1767.000000
47.000000
-1423.000000
-2106.000000
-1636.000000
-547.000000
797.000000
2330.000000
3693.000000
4770.000000
5204.000000
4766.000000
3740.000000
2537.000000
1063.000000
-220.000000
-777.000000
-411.000000
1172.000000
3130.000000
4600.000000
5625.000000
5661.000000
5066.000000
4082.000000
2603.000000
1210.000000
627.000000
251.000000
694.000000
1729.000000
2910.000000
4236.000000
5759.000000
6253.000000
6219.000000
5603.000000
3549.000000
394.000000
-4978.000000
-10473.000000
-14169.000000
-15443.000000
-13563.000000
-8392.000000
-3244.000000
1038.000000
3691.000000
2895.000000
-916.000000
-5897.000000
-10326.000000
-12223.000000
-11623.000000
-8983.000000
-4973.000000
-1283.000000
1596.000000
3743.000000
4334.000000
3783.000000
3833.000000
3658.000000
3239.000000
2365.000000
1188.000000
994.000000
1311.000000
2197.000000
4071.000000
5397.000000
5733.000000
4928.000000
2023.000000
-2748.000000
-6690.000000
-8999.000000
-9062.000000
-7318.000000
-5108.000000
-2774.000000
-1895.000000
-2948.000000
-4895.000000
-6872.000000
-8485.000000
-8262.000000
-6847.000000
-5329.000000
-3465.000000
-1478.000000
643.000000
2513.000000
4015.000000
5279.000000
5886.000000
5053.000000
3231.000000
1328.000000
-67.000000
218.000000
2144.000000
4882.000000
7725.000000
9500.000000
9626.000000
7940.000000
4773.000000
1273.000000
-1208.000000
-2445.000000
-2340.000000
-795.000000
1250.000000
3105.000000
4079.000000
4142.000000
3302.000000
1879.000000
359.000000
-1105.000000
-2290.000000
-2804.000000
-2431.000000
-1718.000000
-681.000000
729.000000
2403.000000
3901.000000
4712.000000
4468.000000
3500.000000
2242.000000
1337.000000
1400.000000
2362.000000
4098.000000
6105.000000
7653.000000
7939.000000
6661.000000
4952.000000
2806.000000
1625.000000
1147.000000
1567.000000
2513.000000
2633.000000
1454.000000
-2102.000000
-5792.000000
-9626.000000
-11430.000000
-10748.000000
-8263.000000
-5355.000000
-2543.000000
-1314.000000
-2114.000000
-4658.000000
-7809.000000
-9847.000000
-10409.000000
-8649.000000
-5592.000000
-2074.000000
532.000000
1939.000000
1760.000000
473.000000
-1098.000000
-1718.000000
-1002.000000
526.000000
2360.000000
4114.000000
4940.000000
4468.000000
3934.000000
2756.000000
1863.000000
1526.000000
1644.000000
1346.000000
645.000000
-386.000000
-1491.000000
-2354.000000
-3047.000000
-2911.000000
-2817.000000
-3083.000000
-3774.000000
-4823.000000
-6392.000000
-7566.000000
-7497.000000
-6194.000000
-4155.000000
-1795.000000
292.000000
951.000000
299.000000
-1212.000000
-2983.000000
-4319.000000
-4409.000000
-2889.000000
-429.000000
2528.000000
5418.000000
7713.000000
8747.000000
8321.000000
7022.000000
5119.000000
3223.000000
2016.000000
1778.000000
2450.000000
3703.000000
5368.000000
6663.000000
6958.000000
6204.000000
4707.000000
2863.000000
1060.000000
-4.000000
-458.000000
-368.000000
162.000000
1047.000000
1736.000000
1821.000000
1330.000000
495.000000
-377.000000
-1140.000000
-1352.000000
-1168.000000
-651.000000
264.000000
1327.000000
2084.000000
2343.000000
2245.000000
1858.000000
1471.000000
857.000000
633.000000
852.000000
1443.000000
2397.000000
3126.000000
3410.000000
3129.000000
2375.000000
615.000000
-1033.000000
-2801.000000
-3774.000000
-3439.000000
-2365.000000
-1015.000000
309.000000
823.000000
61.000000
-1206.000000
-3471.000000
-5430.000000
-6633.000000
-6875.000000
-5795.000000
-4041.000000
-2291.000000
-1013.000000
-692.000000
-1401.000000
-2593.000000
-4142.000000
-5043.000000
-5056.000000
-4207.000000
-2603.000000
-791.000000
458.000000
1188.000000
1225.000000
359.000000
-548.000000
-1534.000000
-1835.000000
-1416.000000
-632.000000
312.000000
1155.000000
1102.000000
399.000000
-757.000000
-2233.000000
-3200.000000
-3293.000000
-2456.000000
-1056.000000
526.000000
1809.000000
2577.000000
2084.000000
915.000000
-553.000000
-1925.000000
-2753.000000
-2794.000000
-2016.000000
-816.000000
693.000000
1828.000000
2306.000000
2015.000000
1461.000000
1015.000000
665.000000
563.000000
812.000000
1287.000000
1755.000000
2068.000000
2078.000000
2049.000000
2006.000000
2222.000000
2332.000000
2309.000000
2010.000000
1795.000000
1534.000000
1309.000000
1402.000000
1645.000000
2138.000000
2495.000000
2869.000000
3018.000000
2928.000000
2632.000000
2273.000000
1915.000000
1553.000000
1543.000000
1698.000000
1680.000000
1625.000000
1569.000000
1302.000000
1022.000000
691.000000
567.000000
536.000000
615.000000
487.000000
238.000000
-291.000000
-948.000000
-1254.000000
-1483.000000
-1459.000000
-1187.000000
-939.000000
-1117.000000
-1356.000000
-1683.000000
-2014.000000
-1805.000000
-1211.000000
-191.000000
813.000000
1696.000000
2209.000000
2029.000000
1138.000000
244.000000
-583.000000
-1156.000000
-807.000000
-92.000000
541.000000
989.000000
934.000000
279.000000
-917.000000
-2345.000000
-3132.000000
-3337.000000
-3015.000000
-2025.000000
-1077.000000
-707.000000
-686.000000
-1361.000000
-2810.000000
-4258.000000
-5191.000000
-5309.000000
-4740.000000
-3815.000000
-2744.000000
-2028.000000
-2169.000000
-2683.000000
-3614.000000
-4389.000000
-4184.000000
-3265.000000
-1891.000000
-446.000000
624.000000
1081.000000
762.000000
-365.000000
-1456.000000
-2194.000000
-2396.000000
-1781.000000
-593.000000
777.000000
2119.000000
3055.000000
3123.000000
2525.000000
1639.000000
1176.000000
1141.000000
1529.000000
2339.000000
3190.000000
3734.000000
3639.000000
2835.000000
1635.000000
681.000000
268.000000
571.000000
1443.000000
2329.000000
3048.000000
3052.000000
2281.000000
1070.000000
-242.000000
-1071.000000
-1243.000000
-660.000000
342.000000
1455.000000
2216.000000
2443.000000
2170.000000
1591.000000
1101.000000
756.000000
962.000000
1694.000000
2602.000000
3547.000000
4118.000000
4226.000000
3956.000000
3512.000000
2965.000000
2637.000000
2467.000000
2276.000000
2118.000000
1762.000000
1135.000000
341.000000
-532.000000
-1310.000000
-1810.000000
-1931.000000
-1522.000000
-929.000000
-276.000000
100.000000
239.000000
56.000000
-355.000000
-873.000000
-1237.000000
-1396.000000
-1304.000000
-1098.000000
-883.000000
-747.000000
-710.000000
-839.000000
-1256.000000
-1693.000000
-2155.000000
-2676.000000
-3005.000000
-3263.000000
-3364.000000
-3247.000000
-3122.000000
-2983.000000
-2865.000000
-2755.000000
-2759.000000
-2970.000000
-3301.000000
-3532.000000
-3711.000000
-3639.000000
-3455.000000
-3112.000000
-2544.000000
-1889.000000
-1384.000000
-1001.000000
-650.000000
-372.000000
-15.000000
250.000000
312.000000
200.000000
-18.000000
-402.000000
-794.000000
-1206.000000
-1351.000000
-1056.000000
-694.000000
-224.000000
172.000000
537.000000
850.000000
1020.000000
988.000000
936.000000
855.000000
962.000000
1144.000000
1332.000000
1611.000000
1899.000000
2197.000000
2320.000000
2399.000000
2333.000000
2292.000000
2290.000000
2370.000000
2434.000000
2312.000000
2047.000000
1667.000000
1234.000000
848.000000
629.000000
613.000000
827.000000
1085.000000
1401.000000
1446.000000
1287.000000
1045.000000
822.000000
660.000000
747.000000
1178.000000
1765.000000
2476.000000
3068.000000
3475.000000
3498.000000
3313.000000
2895.000000
2396.000000
1910.000000
1487.000000
1156.000000
799.000000
511.000000
87.000000
-263.000000
-581.000000
-781.000000
-820.000000
-729.000000
-522.000000
-313.000000
-268.000000
-385.000000
-654.000000
-957.000000
-1236.000000
-1356.000000
-1333.000000
-1184.000000
-818.000000
-560.000000
-360.000000
-244.000000
-246.000000
-363.000000
-594.000000
-932.000000
-1328.000000
-1700.000000
-1977.000000
-2149.000000
-2238.000000
-2344.000000
-2308.000000
-2201.000000
-2252.000000
-2340.000000
-2536.000000
-2875.000000
-3187.000000
-3456.000000
-3530.000000
-3388.000000
-3006.000000
-2401.000000
-1733.000000
-1130.000000
-758.000000
-540.000000
-581.000000
-809.000000
-982.000000
-1023.000000
-904.000000
-714.000000
-400.000000
-177.000000
-105.000000
-118.000000
-283.000000
-384.000000
-439.000000
-329.000000
-70.000000
211.000000
519.000000
708.000000
814.000000
709.000000
652.000000
641.000000
651.000000
788.000000
949.000000
1200.000000
1416.000000
1683.000000
1842.000000
1900.000000
1811.000000
1764.000000
1748.000000
1699.000000
1614.000000
1471.000000
1299.000000
1069.000000
867.000000
659.000000
590.000000
608.000000
779.000000
992.000000
1111.000000
1174.000000
1111.000000
1017.000000
926.000000
927.000000
1170.000000
1571.000000
2080.000000
2434.000000
2734.000000
2797.000000
2622.000000
2218.000000
1729.000000
1320.000000
1037.000000
945.000000
849.000000
785.000000
624.000000
539.000000
402.000000
241.000000
187.000000
233.000000
193.000000
73.000000
-180.000000
-545.000000
-855.000000
-1076.000000
-1255.000000
-1329.000000
-1110.000000
-757.000000
-314.000000
121.000000
366.000000
447.000000
378.000000
30.000000
-447.000000
-884.000000
-1241.000000
-1414.000000
-1352.000000
-1319.000000
-1263.000000
-1211.000000
-1341.000000
-1610.000000
-1975.000000
-2332.000000
-2636.000000
-2706.000000
-2722.000000
-2589.000000
-2348.000000
-2097.000000
-1804.000000
-1628.000000
-1542.000000
-1531.000000
-1532.000000
-1507.000000
-1446.000000
-1365.000000
-1238.000000
-1074.000000
-865.000000
-733.000000
-693.000000
-749.000000
-673.000000
-666.000000
-701.000000
-678.000000
-675.000000
-585.000000
-503.000000
-447.000000
-445.000000
-340.000000
-164.000000
44.000000
249.000000
373.000000
463.000000
535.000000
539.000000
621.000000
838.000000
1207.000000
1589.000000
1861.000000
1931.000000
1853.000000
1647.000000
1287.000000
971.000000
720.000000
661.000000
807.000000
1043.000000
1272.000000
1427.000000
1523.000000
1517.000000
1434.000000
1322.000000
1211.000000
1216.000000
1270.000000
1404.000000
1606.000000
1765.000000
1982.000000
2065.000000
2032.000000
1930.000000
1732.000000
1468.000000
1143.000000
863.000000
674.000000
636.000000
690.000000
697.000000
855.000000
950.000000
967.000000
884.000000
606.000000
362.000000
4.000000
-236.000000
-515.000000
-768.000000
-891.000000
-861.000000
-627.000000
-476.000000
-291.000000
-46.000000
86.000000
243.000000
270.000000
186.000000
74.000000
-128.000000
-283.000000
-480.000000
-598.000000
-673.000000
-606.000000
-648.000000
-761.000000
-856.000000
-1113.000000
-1286.000000
-1544.000000
-1781.000000
-1934.000000
-2019.000000
-2077.000000
-2149.000000
-2129.000000
-2127.000000
-2034.000000
-1957.000000
-1836.000000
-1709.000000
-1597.000000
-1419.000000
-1283.000000
-1187.000000
-1023.000000
-970.000000
-872.000000
-724.000000
-549.000000
-341.000000
-147.000000
-12.000000
-74.000000
4.000000
-385.000000
-394.000000
-506.000000
-669.000000
-447.000000
-557.000000
-351.000000
-302.000000
-75.000000
236.000000
319.000000
734.000000
867.000000
1136.000000
1241.000000
1248.000000
1385.000000
1220.000000
1298.000000
1165.000000
1034.000000
921.000000
680.000000
656.000000
459.000000
339.000000
388.000000
416.000000
418.000000
421.000000
414.000000
330.000000
317.000000
301.000000
280.000000
379.000000
511.000000
732.000000
970.000000
1150.000000
1382.000000
1467.000000
1457.000000
1366.000000
1290.000000
1225.000000
1146.000000
1182.000000
1181.000000
1274.000000
1277.000000
1275.000000
1153.000000
858.000000
587.000000
178.000000
-237.000000
-627.000000
-840.000000
-910.000000
-905.000000
-779.000000
-710.000000
-553.000000
-420.000000
-238.000000
-76.000000
6.000000
184.000000
278.000000
374.000000
314.000000
298.000000
285.000000
186.000000
200.000000
143.000000
169.000000
154.000000
49.000000
-81.000000
-344.000000
-533.000000
-721.000000
-890.000000
-972.000000
-1087.000000
-1131.000000
-1266.000000
-1392.000000
-1450.000000
-1487.000000
-1373.000000
-1274.000000
-1167.000000
-1028.000000
-994.000000
-871.000000
-781.000000
-663.000000
-437.000000
-261.000000
-71.000000
-17.000000
60.000000
109.000000
145.000000
142.000000
29.000000
-146.000000
-447.000000
-692.000000
-907.000000
-1027.000000
-1021.000000
-913.000000
-729.000000
-539.000000
-313.000000
-163.000000
-57.000000
25.000000
120.000000
202.000000
269.000000
312.000000
385.000000
448.000000
543.000000
634.000000
645.000000
648.000000
659.000000
609.000000
509.000000
487.000000
495.000000
553.000000
580.000000
598.000000
566.000000
462.000000
395.000000
282.000000
233.000000
242.000000
341.000000
522.000000
667.000000
784.000000
842.000000
811.000000
741.000000
612.000000
593.000000
614.000000
648.000000
749.000000
806.000000
852.000000
873.000000
812.000000
669.000000
444.000000
231.000000
0.000000
-211.000000
-410.000000
-524.000000
-567.000000
-572.000000
-542.000000
-481.000000
-373.000000
-290.000000
-143.000000
-42.000000
49.000000
145.000000
190.000000
256.000000
269.000000
321.000000
414.000000
400.000000
468.000000
464.000000
478.000000
443.000000
350.000000
262.000000
68.000000
-112.000000
-426.000000
-650.000000
-860.000000
-1018.000000
-1092.000000
-1212.000000
-1271.000000
-1354.000000
-1376.000000
-1348.000000
-1315.000000
-1196.000000
-1033.000000
-795.000000
-584.000000
-451.000000
-338.000000
-242.000000
-118.000000
-66.000000
-23.000000
-3.000000
52.000000
143.000000
205.000000
184.000000
67.000000
49.000000
0.000000
-22.000000
-25.000000
22.000000
127.000000
186.000000
276.000000
254.000000
195.000000
195.000000
174.000000
164.000000
143.000000
135.000000
186.000000
196.000000
178.000000
173.000000
163.000000
119.000000
128.000000
115.000000
33.000000
61.000000
57.000000
25.000000
-35.000000
-75.000000
-109.000000
-136.000000
-109.000000
-50.000000
115.000000
259.000000
427.000000
610.000000
695.000000
832.000000
895.000000
897.000000
861.000000
759.000000
699.000000
605.000000
527.000000
498.000000
485.000000
480.000000
485.000000
438.000000
310.000000
161.000000
-65.000000
-253.000000
-429.000000
-555.000000
-620.000000
-629.000000
-633.000000
-584.000000
-543.000000
-541.000000
-507.000000
-531.000000
-513.000000
-510.000000
-447.000000
-329.000000
-164.000000
-26.000000
145.000000
298.000000
389.000000
442.000000
440.000000
422.000000
394.000000
341.000000
277.000000
206.000000
82.000000
-25.000000
-132.000000
-270.000000
-369.000000
-451.000000
-482.000000
-501.000000
-559.000000
-584.000000
-581.000000
-574.000000
-545.000000
-451.000000
-395.000000
-303.000000
-277.000000
-327.000000
-381.000000
-447.000000
-456.000000
-451.000000
-443.000000
-408.000000
-294.000000
-157.000000
-29.000000
97.000000
140.000000
164.000000
170.000000
117.000000
95.000000
132.000000
189.000000
257.000000
305.000000
358.000000
400.000000
447.000000
488.000000
529.000000
549.000000
558.000000
570.000000
572.000000
560.000000
532.000000
550.000000
518.000000
418.000000
299.000000
125.000000
-45.000000
-148.000000
-244.000000
-298.000000
-353.000000
-296.000000
-219.000000
-138.000000
-24.000000
62.000000
225.000000
373.000000
483.000000
599.000000
606.000000
634.000000
613.000000
560.000000
491.000000
408.000000
423.000000
382.000000
381.000000
390.000000
413.000000
403.000000
348.000000
304.000000
176.000000
37.000000
-113.000000
-287.000000
-421.000000
-586.000000
-633.000000
-647.000000
-674.000000
-673.000000
-679.000000
-683.000000
-727.000000
-648.000000
-600.000000
-485.000000
-348.000000
-237.000000
-109.000000
-83.000000
-43.000000
-54.000000
-64.000000
-76.000000
-91.000000
-85.000000
-138.000000
-155.000000
-192.000000
-312.000000
-418.000000
-574.000000
-703.000000
-774.000000
-809.000000
-729.000000
-665.000000
-517.000000
-410.000000
-308.000000
-243.000000
-239.000000
-217.000000
-248.000000
-261.000000
-247.000000
-270.000000
-289.000000
-283.000000
-251.000000
-185.000000
-120.000000
-7.000000
85.000000
182.000000
254.000000
254.000000
210.000000
169.000000
147.000000
128.000000
162.000000
250.000000
374.000000
457.000000
550.000000
561.000000
533.000000
508.000000
398.000000
386.000000
373.000000
428.000000
539.000000
584.000000
669.000000
720.000000
765.000000
724.000000
592.000000
428.000000
260.000000
208.000000
121.000000
106.000000
148.000000
176.000000
278.000000
319.000000
329.000000
362.000000
440.000000
516.000000
594.000000
636.000000
664.000000
701.000000
636.000000
549.000000
478.000000
395.000000
378.000000
343.000000
304.000000
310.000000
303.000000
311.000000
265.000000
204.000000
127.000000
-11.000000
-154.000000
-353.000000
-504.000000
-660.000000
-770.000000
-830.000000
-910.000000
-892.000000
-887.000000
-832.000000
-825.000000
-804.000000
-775.000000
-727.000000
-642.000000
-582.000000
-490.000000
-400.000000
-251.000000
-167.000000
-84.000000
-44.000000
-49.000000
-47.000000
-140.000000
-239.000000
-357.000000
-472.000000
-558.000000
-680.000000
-754.000000
-831.000000
-853.000000
-831.000000
-787.000000
-721.000000
-655.000000
-586.000000
-537.000000
-499.000000
-510.000000
-488.000000
-458.000000
-401.000000
-315.000000
-247.000000
-186.000000
-140.000000
-75.000000
-33.000000
-6.000000
42.000000
58.000000
125.000000
184.000000
232.000000
320.000000
396.000000
501.000000
595.000000
675.000000
752.000000
773.000000
810.000000
785.000000
664.000000
585.000000
520.000000
518.000000
570.000000
677.000000
758.000000
805.000000
788.000000
685.000000
576.000000
466.000000
396.000000
357.000000
308.000000
280.000000
289.000000
297.000000
304.000000
312.000000
351.000000
381.000000
409.000000
442.000000
474.000000
502.000000
579.000000
618.000000
649.000000
659.000000
656.000000
600.000000
494.000000
397.000000
292.000000
252.000000
205.000000
166.000000
155.000000
130.000000
130.000000
69.000000
17.000000
-28.000000
-97.000000
-164.000000
-266.000000
-380.000000
-488.000000
-552.000000
-612.000000
-670.000000
-723.000000
-793.000000
-826.000000
-896.000000
-952.000000
-960.000000
-928.000000
-833.000000
-680.000000
-503.000000
-366.000000
-251.000000
-175.000000
-157.000000
-189.000000
-237.000000
-302.000000
-390.000000
-454.000000
-506.000000
-534.000000
-558.000000
-578.000000
-564.000000
-596.000000
-587.000000
-609.000000
-601.000000
-582.000000
-601.000000
-547.000000
-520.000000
-449.000000
-355.000000
-284.000000
-237.000000
-204.000000
-179.000000
-200.000000
-221.000000
-262.000000
-285.000000
-274.000000
-249.000000
-217.000000
-159.000000
-76.000000
45.000000
194.000000
358.000000
523.000000
644.000000
772.000000
841.000000
842.000000
835.000000
799.000000
773.000000
744.000000
737.000000
735.000000
744.000000
773.000000
753.000000
737.000000
673.000000
581.000000
501.000000
363.000000
270.000000
220.000000
185.000000
194.000000
161.000000
176.000000
161.000000
159.000000
204.000000
214.000000
283.000000
367.000000
427.000000
523.000000
575.000000
630.000000
663.000000
664.000000
654.000000
584.000000
548.000000
413.000000
331.000000
231.000000
114.000000
35.000000
-45.000000
-70.000000
-94.000000
-82.000000
-46.000000
12.000000
48.000000
99.000000
128.000000
83.000000
38.000000
-25.000000
-143.000000
-265.000000
-404.000000
-530.000000
-664.000000
-744.000000
-793.000000
-814.000000
-798.000000
-768.000000
-663.000000
-587.000000
-507.000000
-452.000000
-442.000000
-459.000000
-505.000000
-539.000000
-587.000000
-619.000000
-608.000000
-581.000000
-556.000000
-506.000000
-428.000000
-398.000000
-414.000000
-412.000000
-430.000000
-403.000000
-366.000000
-321.000000
-259.000000
-245.000000
-183.000000
-193.000000
-196.000000
-255.000000
-291.000000
-280.000000
-359.000000
-373.000000
-438.000000
-476.000000
-477.000000
-454.000000
-359.000000
-263.000000
-101.000000
41.000000
194.000000
323.000000
411.000000
525.000000
567.000000
623.000000
667.000000
653.000000
649.000000
617.000000
574.000000
567.000000
561.000000
575.000000
601.000000
622.000000
622.000000
584.000000
548.000000
485.000000
420.000000
337.000000
279.000000
224.000000
189.000000
187.000000
198.000000
243.000000
289.000000
335.000000
373.000000
420.000000
472.000000
555.000000
622.000000
652.000000
690.000000
684.000000
658.000000
594.000000
528.000000
446.000000
352.000000
264.000000
161.000000
53.000000
-37.000000
-111.000000
-154.000000
-165.000000
-96.000000
11.000000
104.000000
196.000000
213.000000
209.000000
143.000000
41.000000
-68.000000
-220.000000
-326.000000
-432.000000
-480.000000
-513.000000
-514.000000
-490.000000
-543.000000
-557.000000
-595.000000
-560.000000
-522.000000
-514.000000
-515.000000
-560.000000
-559.000000
-574.000000
-598.000000
-625.000000
-692.000000
-685.000000
-727.000000
-739.000000
-700.000000
-661.000000
-569.000000
-511.000000
-435.000000
-391.000000
-365.000000
-299.000000
-250.000000
-182.000000
-101.000000
-39.000000
10.000000
19.000000
-17.000000
-77.000000
-162.000000
-245.000000
-327.000000
-356.000000
-352.000000
-342.000000
-255.000000
-177.000000
-119.000000
-20.000000
31.000000
97.000000
177.000000
231.000000
298.000000
342.000000
411.000000
455.000000
506.000000
547.000000
558.000000
577.000000
548.000000
540.000000
563.000000
591.000000
592.000000
580.000000
577.000000
517.000000
456.000000
360.000000
243.000000
158.000000
126.000000
153.000000
204.000000
269.000000
313.000000
316.000000
344.000000
332.000000
371.000000
458.000000
508.000000
604.000000
645.000000
720.000000
705.000000
673.000000
592.000000
443.000000
346.000000
210.000000
141.000000
106.000000
82.000000
75.000000
70.000000
36.000000
-25.000000
-22.000000
-8.000000
15.000000
87.000000
144.000000
94.000000
11.000000
-110.000000
-274.000000
-406.000000
-476.000000
-509.000000
-509.000000
-494.000000
-505.000000
-515.000000
-528.000000
-524.000000
-474.000000
-421.000000
-433.000000
-418.000000
-404.000000
-391.000000
-350.000000
-272.000000
-241.000000
-303.000000
-358.000000
-461.000000
-522.000000
-514.000000
-485.000000
-484.000000
-487.000000
-438.000000
-394.000000
-307.000000
-258.000000
-301.000000
-351.000000
-402.000000
-403.000000
-330.000000
-253.000000
-211.000000
-198.000000
-233.000000
-240.000000
-204.000000
-127.000000
-125.000000
-117.000000
-117.000000
-141.000000
-107.000000
-83.000000
-34.000000
19.000000
91.000000
218.000000
330.000000
362.000000
314.000000
223.000000
149.000000
149.000000
275.000000
407.000000
434.000000
436.000000
405.000000
422.000000
453.000000
486.000000
502.000000
418.000000
359.000000
260.000000
253.000000
244.000000
151.000000
153.000000
78.000000
97.000000
70.000000
51.000000
-60.000000
-333.000000
-15.000000
273.000000
831.000000
1245.000000
1254.000000
985.000000
415.000000
132.000000
-1.000000
124.000000
368.000000
516.000000
646.000000
462.000000
134.000000
-387.000000
-1314.000000
-2003.000000
-1889.000000
-928.000000
307.000000
1291.000000
1492.000000
586.000000
-572.000000
-1204.000000
-1100.000000
-497.000000
391.000000
1133.000000
1259.000000
1071.000000
431.000000
-286.000000
-983.000000
-1357.000000
-968.000000
-41.000000
850.000000
1289.000000
1223.000000
650.000000
-21.000000
-79.000000
150.000000
381.000000
481.000000
449.000000
253.000000
146.000000
127.000000
53.000000
-146.000000
-346.000000
-293.000000
-290.000000
-314.000000
-396.000000
-520.000000
-463.000000
-354.000000
103.000000
385.000000
303.000000
54.000000
-464.000000
-660.000000
-845.000000
-573.000000
-195.000000
-47.000000
85.000000
-148.000000
-365.000000
-864.000000
-1238.000000
-1113.000000
-934.000000
-437.000000
-39.000000
127.000000
-149.000000
-690.000000
-1052.000000
-1314.000000
-1149.000000
-822.000000
-624.000000
-430.000000
-487.000000
-484.000000
-487.000000
-478.000000
-411.000000
-288.000000
-82.000000
-10.000000
35.000000
29.000000
-54.000000
-89.000000
-4.000000
138.000000
276.000000
453.000000
519.000000
359.000000
274.000000
140.000000
99.000000
364.000000
725.000000
1066.000000
1273.000000
1217.000000
1047.000000
949.000000
1006.000000
1182.000000
1456.000000
1687.000000
1717.000000
1675.000000
1607.000000
1598.000000
1719.000000
1820.000000
1996.000000
2011.000000
2050.000000
2191.000000
2171.000000
2285.000000
2338.000000
2388.000000
2413.000000
2164.000000
1457.000000
481.000000
-560.000000
-1382.000000
-1582.000000
-1433.000000
-1275.000000
-1265.000000
-1707.000000
-2402.000000
-3047.000000
-3541.000000
-3793.000000
-3854.000000
-3859.000000
-3756.000000
-3508.000000
-3259.000000
-2939.000000
-2707.000000
-2639.000000
-2506.000000
-2299.000000
-1993.000000
-1499.000000
-1001.000000
-532.000000
101.000000
687.000000
1263.000000
1728.000000
1850.000000
1947.000000
1873.000000
1732.000000
1544.000000
1292.000000
1070.000000
886.000000
757.000000
529.000000
152.000000
-439.000000
-1165.000000
-1779.000000
-2311.000000
-2608.000000
-2711.000000
-2814.000000
-2862.000000
-2881.000000
-2869.000000
-2791.000000
-2668.000000
-2481.000000
-2285.000000
-2030.000000
-1739.000000
-1324.000000
-713.000000
25.000000
866.000000
1678.000000
2366.000000
2870.000000
3324.000000
3699.000000
4030.000000
4408.000000
4749.000000
5046.000000
5369.000000
5677.000000
5958.000000
6084.000000
5966.000000
5684.000000
5256.000000
4841.000000
4524.000000
4228.000000
3930.000000
3662.000000
3426.000000
3181.000000
3010.000000
2741.000000
2412.000000
2092.000000
1453.000000
644.000000
-689.000000
-2658.000000
-4261.000000
-5415.000000
-5531.000000
-4840.000000
-4059.000000
-3501.000000
-3602.000000
-4075.000000
-4850.000000
-5512.000000
-6033.000000
-6170.000000
-5786.000000
-5382.000000
-4649.000000
-3840.000000
-3023.000000
-1979.000000
-1251.000000
-796.000000
-661.000000
-929.000000
-1077.000000
-853.000000
-261.000000
636.000000
1782.000000
2550.000000
3117.000000
3422.000000
3284.000000
3094.000000
2516.000000
1781.000000
1059.000000
348.000000
-99.000000
-283.000000
-314.000000
-424.000000
-502.000000
-959.000000
-1615.000000
-2340.000000
-3261.000000
-3894.000000
-4394.000000
-4696.000000
-4666.000000
-4631.000000
-4511.000000
-4154.000000
-3723.000000
-3294.000000
-2761.000000
-2433.000000
-2214.000000
-1906.000000
-1519.000000
-685.000000
372.000000
1484.000000
2675.000000
3599.000000
4230.000000
4645.000000
4847.000000
4882.000000
4989.000000
5087.000000
5207.000000
5452.000000
5499.000000
5605.000000
5641.000000
5348.000000
4963.000000
4337.000000
3591.000000
2918.000000
2343.000000
1902.000000
1604.000000
1338.000000
1096.000000
1010.000000
854.000000
851.000000
737.000000
377.000000
84.000000
-372.000000
-582.000000
-333.000000
209.000000
1063.000000
2062.000000
2651.000000
2595.000000
1943.000000
210.000000
-1571.000000
-2825.000000
-3601.000000
-3368.000000
-2775.000000
-2332.000000
-1842.000000
-1688.000000
-1760.000000
-2072.000000
-2928.000000
-4178.000000
-5231.000000
-6217.000000
-6733.000000
-6404.000000
-5803.000000
-4568.000000
-3138.000000
-2139.000000
-1156.000000
-632.000000
-355.000000
113.000000
349.000000
368.000000
714.000000
1056.000000
1610.000000
2686.000000
3596.000000
4399.000000
5113.000000
4998.000000
4425.000000
3501.000000
2156.000000
1183.000000
401.000000
-451.000000
-957.000000
-1495.000000
-2042.000000
-2169.000000
-2369.000000
-2786.000000
-3255.000000
-4268.000000
-5465.000000
-6416.000000
-7170.000000
-7114.000000
-6438.000000
-5690.000000
-4642.000000
-3582.000000
-2790.000000
-1828.000000
-984.000000
-241.000000
645.000000
1355.000000
2066.000000
2940.000000
3760.000000
4655.000000
5734.000000
6472.000000
6972.000000
7267.000000
7048.000000
6867.000000
6499.000000
5956.000000
5480.000000
4724.000000
3915.000000
3223.000000
2546.000000
1887.000000
1292.000000
627.000000
-96.000000
-680.000000
-1285.000000
-1615.000000
-1747.000000
-1764.000000
-1554.000000
-1439.000000
-1298.000000
-968.000000
-643.000000
-145.000000
430.000000
861.000000
1332.000000
1854.000000
2450.000000
3354.000000
4270.000000
4729.000000
4688.000000
3591.000000
1656.000000
-77.000000
-1402.000000
-1941.000000
-1714.000000
-1541.000000
-1485.000000
-1627.000000
-2073.000000
-2433.000000
-2905.000000
-3785.000000
-4732.000000
-5886.000000
-7109.000000
-7776.000000
-7792.000000
-7138.000000
-5807.000000
-4523.000000
-3340.000000
-2148.000000
-1274.000000
-402.000000
443.000000
843.000000
1304.000000
1817.000000
2182.000000
2914.000000
3900.000000
4973.000000
6179.000000
6788.000000
6591.000000
5928.000000
4833.000000
3691.000000
2694.000000
1330.000000
-55.000000
-1239.000000
-2455.000000
-3195.000000
-3516.000000
-3835.000000
-4109.000000
-4699.000000
-5709.000000
-6675.000000
-7525.000000
-8004.000000
-7961.000000
-7850.000000
-7660.000000
-7022.000000
-6084.000000
-4802.000000
-3112.000000
-1547.000000
-62.000000
1256.000000
2322.000000
3412.000000
4325.000000
5156.000000
6024.000000
6666.000000
7069.000000
7390.000000
7619.000000
7785.000000
7991.000000
7891.000000
7412.000000
6638.000000
5483.000000
4430.000000
3445.000000
2432.000000
1597.000000
738.000000
-192.000000
-907.000000
-1455.000000
-1858.000000
-1990.000000
-2013.000000
-1987.000000
-1907.000000
-1903.000000
-1705.000000
-1309.000000
-865.000000
-207.000000
504.000000
1089.000000
1796.000000
2576.000000
3459.000000
4487.000000
5421.000000
5886.000000
5737.000000
4442.000000
2562.000000
818.000000
-668.000000
-1503.000000
-1823.000000
-2166.000000
-2326.000000
-2372.000000
-2424.000000
-2451.000000
-2804.000000
-3582.000000
-4501.000000
-5757.000000
-6934.000000
-7582.000000
-7814.000000
-7558.000000
-6791.000000
-5978.000000
-4785.000000
-3263.000000
-1764.000000
-209.000000
929.000000
1457.000000
1840.000000
1965.000000
1979.000000
2420.000000
3098.000000
3835.000000
4629.000000
4951.000000
4909.000000
4873.000000
4624.000000
4243.000000
3434.000000
1819.000000
-29.000000
-1857.000000
-3566.000000
-4675.000000
-5398.000000
-5934.000000
-6263.000000
-6666.000000
-7058.000000
-7137.000000
-7019.000000
-6704.000000
-6350.000000
-6395.000000
-6539.000000
-6292.000000
-5709.000000
-4527.000000
-2925.000000
-1322.000000
400.000000
2057.000000
3622.000000
5274.000000
6791.000000
8059.000000
9038.000000
9398.000000
9239.000000
8950.000000
8628.000000
8425.000000
8279.000000
7889.000000
7280.000000
6489.000000
5523.000000
4663.000000
3822.000000
2862.000000
1767.000000
458.000000
-1011.000000
-2254.000000
-3068.000000
-3540.000000
-3572.000000
-3456.000000
-3292.000000
-2971.000000
-2606.000000
-2008.000000
-1242.000000
-515.000000
172.000000
701.000000
1058.000000
1461.000000
2055.000000
2888.000000
3947.000000
5126.000000
5978.000000
6278.000000
5788.000000
4509.000000
2996.000000
1425.000000
12.000000
-1103.000000
-2205.000000
-3143.000000
-3752.000000
-4170.000000
-4282.000000
-4295.000000
-4512.000000
-4855.000000
-5482.000000
-6294.000000
-7021.000000
-7543.000000
-7926.000000
-8035.000000
-7918.000000
-7396.000000
-6189.000000
-4601.000000
-2769.000000
-928.000000
569.000000
1869.000000
2890.000000
3471.000000
3920.000000
4211.000000
4280.000000
4284.000000
4044.000000
3641.000000
3477.000000
3426.000000
3409.000000
3374.000000
2872.000000
2057.000000
1075.000000
-232.000000
-1572.000000
-2872.000000
-4254.000000
-5478.000000
-6540.000000
-7460.000000
-7789.000000
-7526.000000
-6885.000000
-5936.000000
-5090.000000
-4402.000000
-3582.000000
-2791.000000
-2015.000000
-1193.000000
-540.000000
148.000000
949.000000
1813.000000
2996.000000
4504.000000
6085.000000
7534.000000
8617.000000
9206.000000
9467.000000
9437.000000
8985.000000
8230.000000
7119.000000
5807.000000
4548.000000
3319.000000
2322.000000
1620.000000
1092.000000
581.000000
53.000000
-510.000000
-1123.000000
-1675.000000
-2284.000000
-2884.000000
-3366.000000
-3735.000000
-3808.000000
-3606.000000
-3118.000000
-2225.000000
-1018.000000
223.000000
1322.000000
2326.000000
3107.000000
3741.000000
4341.000000
4714.000000
5046.000000
5344.000000
5389.000000
5163.000000
4429.000000
3165.000000
1748.000000
432.000000
-950.000000
-2041.000000
-2910.000000
-3764.000000
-4303.000000
-4721.000000
-5115.000000
-5365.000000
-5658.000000
-5999.000000
-6278.000000
-6725.000000
-7083.000000
-7117.000000
-7154.000000
-6883.000000
-6258.000000
-5416.000000
-4192.000000
-2751.000000
-1343.000000
261.000000
1793.000000
3143.000000
4385.000000
5133.000000
5440.000000
5760.000000
5730.000000
5400.000000
4976.000000
4206.000000
3361.000000
2629.000000
1853.000000
1253.000000
761.000000
55.000000
-701.000000
-1516.000000
-2577.000000
-3480.000000
-4381.000000
-5489.000000
-6464.000000
-7379.000000
-7986.000000
-8106.000000
-7884.000000
-7208.000000
-6207.000000
-5058.000000
-3804.000000
-2437.000000
-1160.000000
43.000000
1162.000000
1997.000000
2710.000000
3382.000000
4070.000000
4885.000000
5697.000000
6535.000000
7342.000000
7999.000000
8344.000000
8436.000000
8223.000000
7726.000000
6989.000000
5978.000000
4704.000000
3309.000000
1968.000000
795.000000
-192.000000
-930.000000
-1500.000000
-1837.000000
-2087.000000
-2280.000000
-2340.000000
-2305.000000
-2229.000000
-2076.000000
-1980.000000
-1948.000000
-1777.000000
-1427.000000
-840.000000
-8.000000
849.000000
1777.000000
2758.000000
3612.000000
4516.000000
5400.000000
6048.000000
6447.000000
6431.000000
5706.000000
4491.000000
2784.000000
983.000000
-617.000000
-1891.000000
-2922.000000
-3614.000000
-4268.000000
-4605.000000
-4582.000000
-4440.000000
-4260.000000
-4211.000000
-4549.000000
-5000.000000
-5637.000000
-6276.000000
-6673.000000
-6800.000000
-6701.000000
-6178.000000
-5455.000000
-4360.000000
-2802.000000
-1040.000000
724.000000
2397.000000
3677.000000
4612.000000
5201.000000
5399.000000
5397.000000
5195.000000
4668.000000
3903.000000
2851.000000
1777.000000
929.000000
364.000000
-85.000000
-530.000000
-1057.000000
-1659.000000
-2294.000000
-2957.000000
-3625.000000
-4280.000000
-5039.000000
-5792.000000
-6558.000000
-7176.000000
-7377.000000
-7130.000000
-6468.000000
-5575.000000
-4491.000000
-3242.000000
-1863.000000
-354.000000
1115.000000
2447.000000
3476.000000
4241.000000
4764.000000
5141.000000
5508.000000
5876.000000
6226.000000
6430.000000
6520.000000
6542.000000
6459.000000
6358.000000
6137.000000
5695.000000
5011.000000
4013.000000
2841.000000
1572.000000
360.000000
-641.000000
-1446.000000
-2132.000000
-2645.000000
-2904.000000
-2909.000000
-2593.000000
-2065.000000
-1461.000000
-903.000000
-534.000000
-275.000000
-92.000000
104.000000
471.000000
892.000000
1302.000000
1779.000000
2322.000000
3044.000000
3976.000000
4907.000000
5771.000000
6421.000000
6480.000000
6050.000000
4999.000000
3345.000000
1527.000000
-264.000000
-2046.000000
-3418.000000
-4579.000000
-5367.000000
-5574.000000
-5544.000000
-5304.000000
-4838.000000
-4628.000000
-4443.000000
-4394.000000
-4672.000000
-5010.000000
-5272.000000
-5701.000000
-5884.000000
-5871.000000
-5563.000000
-4589.000000
-3329.000000
-1952.000000
-190.000000
1441.000000
3035.000000
4583.000000
5562.000000
6181.000000
6593.000000
6392.000000
5818.000000
4859.000000
3367.000000
2059.000000
913.000000
-227.000000
-879.000000
-1410.000000
-1877.000000
-2094.000000
-2438.000000
-2773.000000
-2857.000000
-3131.000000
-3584.000000
-4201.000000
-5180.000000
-6006.000000
-6459.000000
-6844.000000
-6712.000000
-6226.000000
-5503.000000
-4376.000000
-3040.000000
-1620.000000
96.000000
1675.000000
3066.000000
4248.000000
4992.000000
5457.000000
5883.000000
5999.000000
5975.000000
5866.000000
5613.000000
5339.000000
5168.000000
4976.000000
4923.000000
4854.000000
4574.000000
4118.000000
3362.000000
2397.000000
1426.000000
461.000000
-527.000000
-1506.000000
-2377.000000
-3042.000000
-3363.000000
-3275.000000
-2844.000000
-2202.000000
-1466.000000
-842.000000
-331.000000
101.000000
485.000000
904.000000
1331.000000
1576.000000
1824.000000
2093.000000
2443.000000
2999.000000
3698.000000
4354.000000
5042.000000
5463.000000
5433.000000
5104.000000
4144.000000
2806.000000
1352.000000
-267.000000
-1850.000000
-3180.000000
-4473.000000
-5340.000000
-5764.000000
-5969.000000
-5819.000000
-5394.000000
-5117.000000
-4549.000000
-4221.000000
-4080.000000
-3990.000000
-3988.000000
-4175.000000
-4166.000000
-4198.000000
-4046.000000
-3462.000000
-2658.000000
-1607.000000
-54.000000
1408.000000
2985.000000
4452.000000
5468.000000
6249.000000
6733.000000
6588.000000
6004.000000
4953.000000
3526.000000
2139.000000
748.000000
-598.000000
-1534.000000
-2315.000000
-2930.000000
-3234.000000
-3467.000000
-3534.000000
-3374.000000
-3408.000000
-3611.000000
-3909.000000
-4388.000000
-4812.000000
-5147.000000
-5521.000000
-5568.000000
-5338.000000
-4909.000000
-4155.000000
-3120.000000
-1884.000000
-355.000000
1195.000000
2606.000000
3910.000000
4975.000000
5725.000000
6274.000000
6428.000000
6315.000000
5992.000000
5429.000000
4775.000000
4230.000000
3760.000000
3419.000000
3111.000000
2734.000000
2316.000000
1898.000000
1456.000000
988.000000
408.000000
-294.000000
-1022.000000
-1729.000000
-2294.000000
-2688.000000
-2842.000000
-2735.000000
-2438.000000
-1957.000000
-1352.000000
-702.000000
69.000000
830.000000
1484.000000
2034.000000
2431.000000
2713.000000
3047.000000
3278.000000
3471.000000
3756.000000
3984.000000
4229.000000
4519.000000
4516.000000
4348.000000
3914.000000
2996.000000
1945.000000
725.000000
-696.000000
-2003.000000
-3314.000000
-4652.000000
-5589.000000
-6271.000000
-6618.000000
-6372.000000
-5948.000000
-5320.000000
-4549.000000
-4015.000000
-3524.000000
-3000.000000
-2774.000000
-2595.000000
-2525.000000
-2678.000000
-2678.000000
-2386.000000
-1939.000000
-960.000000
215.000000
1395.000000
2720.000000
3879.000000
4857.000000
5802.000000
6196.000000
6060.000000
5539.000000
4416.000000
3068.000000
1742.000000
256.000000
-1006.000000
-2081.000000
-3171.000000
-3865.000000
-4255.000000
-4392.000000
-4174.000000
-3900.000000
-3807.000000
-3643.000000
-3668.000000
-3804.000000
-3852.000000
-3998.000000
-4136.000000
-4142.000000
-4234.000000
-4066.000000
-3554.000000
-2774.000000
-1639.000000
-299.000000
1027.000000
2461.000000
3817.000000
4949.000000
5915.000000
6506.000000
6667.000000
6461.000000
5887.000000
5145.000000
4439.000000
3718.000000
3003.000000
2324.000000
1729.000000
1351.000000
1119.000000
937.000000
816.000000
614.000000
335.000000
-46.000000
-516.000000
-937.000000
-1349.000000
-1688.000000
-1919.000000
-2068.000000
-2071.000000
-1796.000000
-1351.000000
-701.000000
99.000000
843.000000
1631.000000
2332.000000
2823.000000
3270.000000
3528.000000
3565.000000
3636.000000
3589.000000
3504.000000
3510.000000
3506.000000
3310.000000
3131.000000
2459.000000
1657.000000
800.000000
-259.000000
-1368.000000
-2327.000000
-3550.000000
-4375.000000
-5030.000000
-5486.000000
-5630.000000
-5449.000000
-5313.000000
-4818.000000
-4471.000000
-4100.000000
-3600.000000
-3145.000000
-2973.000000
-2654.000000
-2641.000000
-2470.000000
-2021.000000
-1473.000000
-806.000000
138.000000
896.000000
1851.000000
2793.000000
3563.000000
4319.000000
4896.000000
4904.000000
4803.000000
4332.000000
3511.000000
2686.000000
1698.000000
547.000000
-386.000000
-1404.000000
-2231.000000
-2738.000000
-3157.000000
-3398.000000
-3390.000000
-3501.000000
-3492.000000
-3417.000000
-3454.000000
-3499.000000
-3472.000000
-3610.000000
-3610.000000
-3599.000000
-3541.000000
-3173.000000
-2618.000000
-1956.000000
-1023.000000
-87.000000
924.000000
2038.000000
3106.000000
4019.000000
4778.000000
5221.000000
5353.000000
5316.000000
5079.000000
4717.000000
4291.000000
3707.000000
3069.000000
2477.000000
1904.000000
1435.000000
1126.000000
863.000000
619.000000
430.000000
176.000000
-53.000000
-235.000000
-504.000000
-797.000000
-1035.000000
-1275.000000
-1374.000000
-1298.000000
-1215.000000
-920.000000
-488.000000
-52.000000
495.000000
1080.000000
1551.000000
2042.000000
2363.000000
2531.000000
2768.000000
2895.000000
2995.000000
3157.000000
3162.000000
3040.000000
2865.000000
2257.000000
1526.000000
737.000000
-166.000000
-1113.000000
-1964.000000
-3035.000000
-3710.000000
-4250.000000
-4599.000000
-4655.000000
-4497.000000
-4413.000000
-3963.000000
-3724.000000
-3378.000000
-2961.000000
-2606.000000
-2491.000000
-2281.000000
-2373.000000
-2275.000000
-2037.000000
-1699.000000
-1213.000000
-465.000000
192.000000
1079.000000
1942.000000
2730.000000
3574.000000
4258.000000
4554.000000
4631.000000
4263.000000
3573.000000
2795.000000
1820.000000
803.000000
-146.000000
-1157.000000
-1983.000000
-2528.000000
-2939.000000
-3064.000000
-3022.000000
-3042.000000
-2964.000000
-2938.000000
-3018.000000
-3038.000000
-3108.000000
-3290.000000
-3366.000000
-3499.000000
-3484.000000
-3214.000000
-2778.000000
-2208.000000
-1416.000000
-574.000000
382.000000
1369.000000
2317.000000
3190.000000
3996.000000
4522.000000
4839.000000
4942.000000
4858.000000
4618.000000
4267.000000
3761.000000
3204.000000
2667.000000
2142.000000
1654.000000
1294.000000
1025.000000
843.000000
681.000000
501.000000
328.000000
191.000000
-16.000000
-281.000000
-527.000000
-790.000000
-965.000000
-979.000000
-1023.000000
-917.000000
-705.000000
-424.000000
-36.000000
399.000000
798.000000
1238.000000
1590.000000
1848.000000
2130.000000
2335.000000
2499.000000
2740.000000
2859.000000
2781.000000
2577.000000
2048.000000
1491.000000
863.000000
151.000000
-635.000000
-1341.000000
-2168.000000
-2682.000000
-3121.000000
-3434.000000
-3552.000000
-3472.000000
-3489.000000
-3270.000000
-3153.000000
-2866.000000
-2546.000000
-2290.000000
-2264.000000
-2187.000000
-2269.000000
-2204.000000
-2061.000000
-1856.000000
-1529.000000
-982.000000
-481.000000
180.000000
937.000000
1762.000000
2660.000000
3358.000000
3707.000000
3843.000000
3666.000000
3249.000000
2723.000000
1975.000000
1136.000000
267.000000
-656.000000
-1449.000000
-2028.000000
-2419.000000
-2594.000000
-2688.000000
-2765.000000
-2698.000000
-2657.000000
-2654.000000
-2659.000000
-2748.000000
-2883.000000
-3011.000000
-3165.000000
-3175.000000
-3026.000000
-2744.000000
-2363.000000
-1814.000000
-1165.000000
-308.000000
639.000000
1557.000000
2491.000000
3298.000000
3913.000000
4345.000000
4528.000000
4562.000000
4481.000000
4196.000000
3781.000000
3290.000000
2754.000000
2296.000000
1879.000000
1501.000000
1259.000000
1040.000000
856.000000
749.000000
632.000000
517.000000
374.000000
135.000000
-124.000000
-338.000000
-562.000000
-722.000000
-835.000000
-892.000000
-847.000000
-726.000000
-538.000000
-199.000000
205.000000
600.000000
977.000000
1296.000000
1602.000000
1923.000000
2190.000000
2404.000000
2500.000000
2444.000000
2218.000000
1784.000000
1291.000000
752.000000
156.000000
-509.000000
-1172.000000
-1731.000000
-2134.000000
-2415.000000
-2608.000000
-2693.000000
-2679.000000
-2609.000000
-2520.000000
-2401.000000
-2262.000000
-2121.000000
-2101.000000
-2193.000000
-2317.000000
-2353.000000
-2347.000000
-2244.000000
-2094.000000
-1809.000000
-1399.000000
-859.000000
-249.000000
473.000000
1262.000000
1986.000000
2511.000000
2816.000000
2915.000000
2875.000000
2665.000000
2242.000000
1678.000000
1026.000000
293.000000
-408.000000
-1018.000000
-1499.000000
-1762.000000
-1961.000000
-2145.000000
-2259.000000
-2271.000000
-2217.000000
-2151.000000
-2147.000000
-2215.000000
-2307.000000
-2406.000000
-2508.000000
-2506.000000
-2398.000000
-2227.000000
-1942.000000
-1572.000000
-1067.000000
-402.000000
405.000000
1219.000000
2010.000000
2712.000000
3264.000000
3675.000000
3968.000000
4090.000000
4059.000000
3818.000000
3409.000000
2948.000000
2488.000000
2016.000000
1639.000000
1296.000000
1010.000000
840.000000
719.000000
671.000000
716.000000
716.000000
671.000000
522.000000
315.000000
120.000000
-81.000000
-330.000000
-519.000000
-687.000000
-786.000000
-741.000000
-621.000000
-398.000000
-26.000000
295.000000
614.000000
948.000000
1216.000000
1589.000000
1933.000000
2125.000000
2226.000000
2137.000000
1766.000000
1426.000000
959.000000
415.000000
-63.000000
-580.000000
-1173.000000
-1491.000000
-1849.000000
-2041.000000
-2074.000000
-2080.000000
-2051.000000
-1850.000000
-1845.000000
-1700.000000
-1561.000000
-1564.000000
-1639.000000
-1740.000000
-2009.000000
-2127.000000
-2156.000000
-2192.000000
-2062.000000
-1804.000000
-1497.000000
-988.000000
-419.000000
194.000000
944.000000
1555.000000
2007.000000
2311.000000
2400.000000
2284.000000
2107.000000
1683.000000
1183.000000
626.000000
21.000000
-526.000000
-981.000000
-1353.000000
-1525.000000
-1653.000000
-1709.000000
-1674.000000
-1646.000000
-1645.000000
-1629.000000
-1700.000000
-1838.000000
-1949.000000
-2101.000000
-2182.000000
-2199.000000
-2215.000000
-2133.000000
-1894.000000
-1591.000000
-1094.000000
-461.000000
179.000000
860.000000
1535.000000
2087.000000
2614.000000
3015.000000
3231.000000
3302.000000
3191.000000
2916.000000
2598.000000
2247.000000
1885.000000
1608.000000
1329.000000
1075.000000
975.000000
938.000000
968.000000
1053.000000
1107.000000
1104.000000
1093.000000
1024.000000
898.000000
749.000000
536.000000
254.000000
14.000000
-190.000000
-307.000000
-292.000000
-150.000000
27.000000
296.000000
597.000000
851.000000
1160.000000
1431.000000
1610.000000
1768.000000
1725.000000
1417.000000
1122.000000
684.000000
173.000000
-232.000000
-677.000000
-1150.000000
-1365.000000
-1592.000000
-1671.000000
-1580.000000
-1508.000000
-1421.000000
-1235.000000
-1273.000000
-1229.000000
-1142.000000
-1234.000000
-1346.000000
-1436.000000
-1677.000000
-1791.000000
-1822.000000
-1833.000000
-1719.000000
-1520.000000
-1249.000000
-870.000000
-496.000000
-88.000000
427.000000
812.000000
1165.000000
1396.000000
1452.000000
1421.000000
1289.000000
1024.000000
789.000000
392.000000
-22.000000
-333.000000
-701.000000
-995.000000
-1078.000000
-1285.000000
-1395.000000
-1363.000000
-1448.000000
-1476.000000
-1429.000000
-1548.000000
-1607.000000
-1633.000000
-1805.000000
-1799.000000
-1742.000000
-1768.000000
-1664.000000
-1464.000000
-1326.000000
-965.000000
-518.000000
-134.000000
387.000000
940.000000
1369.000000
1833.000000
2200.000000
2426.000000
2647.000000
2736.000000
2662.000000
2557.000000
2383.000000
2137.000000
1945.000000
1700.000000
1442.000000
1258.000000
1117.000000
969.000000
930.000000
921.000000
902.000000
885.000000
857.000000
771.000000
713.000000
626.000000
475.000000
283.000000
116.000000
-25.000000
-117.000000
-127.000000
-88.000000
13.000000
205.000000
405.000000
624.000000
934.000000
1177.000000
1341.000000
1503.000000
1440.000000
1204.000000
996.000000
617.000000
155.000000
-159.000000
-617.000000
-1028.000000
-1216.000000
-1414.000000
-1524.000000
-1385.000000
-1342.000000
-1240.000000
-1064.000000
-1023.000000
-980.000000
-832.000000
-942.000000
-1061.000000
-1173.000000
-1438.000000
-1624.000000
-1618.000000
-1711.000000
-1657.000000
-1447.000000
-1239.000000
-936.000000
-522.000000
-145.000000
229.000000
591.000000
852.000000
989.000000
1061.000000
1016.000000
863.000000
681.000000
410.000000
63.000000
-193.000000
-432.000000
-688.000000
-777.000000
-822.000000
-944.000000
-945.000000
-937.000000
-1011.000000
-993.000000
-973.000000
-1106.000000
-1167.000000
-1295.000000
-1454.000000
-1502.000000
-1533.000000
-1622.000000
-1509.000000
-1406.000000
-1295.000000
-992.000000
-633.000000
-324.000000
153.000000
598.000000
973.000000
1396.000000
1775.000000
1987.000000
2213.000000
2312.000000
2240.000000
2180.000000
2016.000000
1813.000000
1693.000000
1523.000000
1350.000000
1270.000000
1185.000000
1130.000000
1167.000000
1221.000000
1204.000000
1206.000000
1146.000000
989.000000
820.000000
647.000000
381.000000
142.000000
-55.000000
-260.000000
-372.000000
-371.000000
-355.000000
-235.000000
0.000000
190.000000
440.000000
712.000000
885.000000
1051.000000
1192.000000
1068.000000
923.000000
755.000000
379.000000
61.000000
-134.000000
-496.000000
-685.000000
-789.000000
-969.000000
-986.000000
-866.000000
-861.000000
-718.000000
-619.000000
-645.000000
-595.000000
-581.000000
-769.000000
-864.000000
-1049.000000
-1290.000000
-1431.000000
-1527.000000
-1645.000000
-1578.000000
-1444.000000
-1246.000000
-974.000000
-625.000000
-278.000000
53.000000
336.000000
555.000000
648.000000
730.000000
687.000000
536.000000
393.000000
200.000000
-49.000000
-211.000000
-397.000000
-570.000000
-589.000000
-619.000000
-665.000000
-575.000000
-578.000000
-638.000000
-603.000000
-717.000000
-871.000000
-948.000000
-1104.000000
-1284.000000
-1341.000000
-1449.000000
-1474.000000
-1366.000000
-1251.000000
-1064.000000
-772.000000
-509.000000
-206.000000
147.000000
461.000000
789.000000
1152.000000
1408.000000
1592.000000
1746.000000
1830.000000
1825.000000
1830.000000
1801.000000
1706.000000
1624.000000
1546.000000
1432.000000
1370.000000
1323.000000
1270.000000
1261.000000
1208.000000
1105.000000
1030.000000
904.000000
712.000000
581.000000
399.000000
152.000000
2.000000
-161.000000
-325.000000
-380.000000
-375.000000
-357.000000
-238.000000
-103.000000
22.000000
235.000000
417.000000
555.000000
725.000000
776.000000
705.000000
603.000000
428.000000
189.000000
40.000000
-126.000000
-327.000000
-436.000000
-507.000000
-576.000000
-568.000000
-527.000000
-496.000000
-431.000000
-384.000000
-423.000000
-479.000000
-556.000000
-699.000000
-846.000000
-988.000000
-1163.000000
-1292.000000
-1373.000000
-1427.000000
-1390.000000
-1257.000000
-1102.000000
-883.000000
-599.000000
-350.000000
-86.000000
218.000000
393.000000
495.000000
545.000000
461.000000
353.000000
278.000000
113.000000
-38.000000
-161.000000
-288.000000
-379.000000
-401.000000
-409.000000
-367.000000
-324.000000
-333.000000
-338.000000
-393.000000
-478.000000
-544.000000
-622.000000
-733.000000
-833.000000
-918.000000
-970.000000
-978.000000
-920.000000
-792.000000
-628.000000
-466.000000
-218.000000
17.000000
256.000000
502.000000
711.000000
885.000000
1035.000000
1111.000000
1196.000000
1245.000000
1248.000000
1273.000000
1258.000000
1184.000000
1170.000000
1160.000000
1118.000000
1134.000000
1114.000000
1081.000000
1074.000000
984.000000
874.000000
806.000000
657.000000
505.000000
383.000000
203.000000
63.000000
-14.000000
-136.000000
-214.000000
-231.000000
-257.000000
-225.000000
-143.000000
-77.000000
55.000000
188.000000
277.000000
395.000000
455.000000
468.000000
446.000000
348.000000
213.000000
75.000000
-83.000000
-229.000000
-325.000000
-413.000000
-429.000000
-432.000000
-438.000000
-386.000000
-316.000000
-279.000000
-234.000000
-247.000000
-302.000000
-376.000000
-510.000000
-682.000000
-811.000000
-964.000000
-1111.000000
-1190.000000
-1245.000000
-1226.000000
-1087.000000
-939.000000
-745.000000
-494.000000
-259.000000
15.000000
253.000000
405.000000
511.000000
554.000000
481.000000
383.000000
259.000000
110.000000
-23.000000
-109.000000
-220.000000
-264.000000
-291.000000
-284.000000
-265.000000
-244.000000
-241.000000
-244.000000
-297.000000
-382.000000
-442.000000
-525.000000
-597.000000
-638.000000
-707.000000
-722.000000
-688.000000
-653.000000
-536.000000
-412.000000
-299.000000
-122.000000
69.000000
264.000000
500.000000
674.000000
822.000000
980.000000
1086.000000
1130.000000
1192.000000
1195.000000
1195.000000
1174.000000
1106.000000
1060.000000
1037.000000
1016.000000
976.000000
925.000000
864.000000
798.000000
704.000000
572.000000
441.000000
310.000000
173.000000
45.000000
-87.000000
-191.000000
-260.000000
-305.000000
-331.000000
-364.000000
-363.000000
-305.000000
-240.000000
-165.000000
-73.000000
5.000000
78.000000
113.000000
144.000000
177.000000
176.000000
153.000000
135.000000
78.000000
27.000000
27.000000
2.000000
-17.000000
6.000000
-9.000000
-20.000000
-37.000000
-67.000000
-92.000000
-126.000000
-217.000000
-319.000000
-440.000000
-582.000000
-691.000000
-786.000000
-893.000000
-978.000000
-1039.000000
-1074.000000
-1051.000000
-974.000000
-849.000000
-696.000000
-532.000000
-327.000000
-140.000000
31.000000
195.000000
298.000000
336.000000
329.000000
254.000000
163.000000
74.000000
-27.000000
-107.000000
-168.000000
-229.000000
-246.000000
-237.000000
-258.000000
-237.000000
-204.000000
-192.000000
-188.000000
-205.000000
-250.000000
-259.000000
-274.000000
-316.000000
-353.000000
-366.000000
-376.000000
-354.000000
-301.000000
-236.000000
-155.000000
-8.000000
151.000000
315.000000
507.000000
672.000000
814.000000
949.000000
1039.000000
1098.000000
1157.000000
1146.000000
