2.000000
-1.000000
1.000000
0.000000
4.000000
4.000000
2.000000
6.000000
7.000000
6.000000
10.000000
11.000000
11.000000
11.000000
6.000000
7.000000
2.000000
2.000000
5.000000
7.000000
3.000000
2.000000
4.000000
4.000000
-1.000000
-4.000000
1.000000
5.000000
0.000000
-2.000000
-3.000000
-3.000000
0.000000
-2.000000
2.000000
0.000000
-3.000000
1.000000
4.000000
9.000000
1.000000
-1.000000
0.000000
3.000000
8.000000
0.000000
-2.000000
-2.000000
-2.000000
0.000000
0.000000
0.000000
-5.000000
1.000000
-3.000000
-6.000000
-1.000000
-5.000000
-6.000000
-8.000000
-15.000000
-3.000000
-9.000000
-7.000000
-10.000000
-13.000000
-5.000000
-10.000000
-7.000000
-10.000000
-9.000000
-11.000000
-11.000000
-9.000000
-11.000000
-15.000000
-5.000000
-12.000000
-4.000000
-3.000000
-10.000000
-1.000000
-5.000000
-2.000000
-2.000000
-4.000000
-4.000000
-1.000000
-1.000000
-2.000000
-2.000000
-7.000000
3.000000
7.000000
-3.000000
2.000000
1.000000
5.000000
3.000000
2.000000
4.000000
3.000000
3.000000
4.000000
11.000000
4.000000
2.000000
5.000000
1.000000
6.000000
3.000000
4.000000
5.000000
2.000000
0.000000
1.000000
2.000000
8.000000
5.000000
2.000000
7.000000
4.000000
6.000000
4.000000
2.000000
6.000000
12.000000
3.000000
0.000000
5.000000
4.000000
5.000000
9.000000
3.000000
2.000000
6.000000
0.000000
2.000000
6.000000
2.000000
2.000000
0.000000
-1.000000
2.000000
4.000000
4.000000
1.000000
2.000000
3.000000
5.000000
-1.000000
3.000000
8.000000
-1.000000
5.000000
4.000000
1.000000
0.000000
1.000000
1.000000
2.000000
-1.000000
-10.000000
-5.000000
-5.000000
-1.000000
-2.000000
-8.000000
-2.000000
3.000000
0.000000
-4.000000
-2.000000
-5.000000
3.000000
3.000000
3.000000
-1.000000
-7.000000
5.000000
-3.000000
-2.000000
-1.000000
-11.000000
-1.000000
-5.000000
-3.000000
0.000000
-9.000000
-10.000000
-6.000000
-4.000000
-2.000000
-2.000000
-1.000000
-6.000000
-8.000000
-3.000000
-6.000000
-2.000000
-2.000000
-3.000000
-3.000000
-7.000000
-3.000000
-8.000000
-10.000000
-8.000000
-10.000000
-7.000000
-11.000000
-12.000000
-11.000000
-8.000000
-12.000000
-13.000000
-7.000000
-4.000000
-8.000000
-4.000000
-1.000000
-2.000000
2.000000
4.000000
4.000000
7.000000
6.000000
1.000000
2.000000
-1.000000
1.000000
7.000000
2.000000
-1.000000
0.000000
-1.000000
-3.000000
-1.000000
4.000000
0.000000
4.000000
1.000000
-1.000000
4.000000
-2.000000
6.000000
7.000000
6.000000
9.000000
9.000000
9.000000
11.000000
6.000000
1.000000
7.000000
5.000000
2.000000
0.000000
4.000000
9.000000
1.000000
-5.000000
1.000000
1.000000
8.000000
7.000000
1.000000
4.000000
0.000000
3.000000
2.000000
9.000000
12.000000
5.000000
6.000000
6.000000
7.000000
5.000000
7.000000
4.000000
3.000000
3.000000
3.000000
-2.000000
-1.000000
-3.000000
2.000000
3.000000
-6.000000
0.000000
5.000000
3.000000
-1.000000
5.000000
6.000000
4.000000
7.000000
9.000000
6.000000
3.000000
3.000000
2.000000
6.000000
-1.000000
2.000000
4.000000
2.000000
-2.000000
-3.000000
4.000000
1.000000
1.000000
-9.000000
-11.000000
-4.000000
-5.000000
-5.000000
0.000000
-7.000000
-14.000000
-3.000000
2.000000
-8.000000
-8.000000
-6.000000
-5.000000
-10.000000
-10.000000
-6.000000
-11.000000
-7.000000
-8.000000
-6.000000
-6.000000
-1.000000
0.000000
-7.000000
-1.000000
-1.000000
-4.000000
-3.000000
-1.000000
-2.000000
-1.000000
-4.000000
-11.000000
-5.000000
-6.000000
-5.000000
-7.000000
-3.000000
2.000000
-1.000000
0.000000
-1.000000
-2.000000
1.000000
0.000000
-1.000000
-4.000000
0.000000
-2.000000
-9.000000
-2.000000
2.000000
2.000000
6.000000
3.000000
1.000000
-3.000000
1.000000
-1.000000
-2.000000
8.000000
2.000000
0.000000
5.000000
5.000000
0.000000
7.000000
5.000000
3.000000
1.000000
-1.000000
-3.000000
0.000000
4.000000
-1.000000
-1.000000
3.000000
5.000000
9.000000
9.000000
2.000000
8.000000
9.000000
10.000000
10.000000
6.000000
9.000000
8.000000
10.000000
8.000000
7.000000
13.000000
6.000000
7.000000
5.000000
5.000000
4.000000
2.000000
4.000000
-4.000000
-4.000000
1.000000
3.000000
3.000000
4.000000
3.000000
3.000000
5.000000
3.000000
3.000000
-1.000000
2.000000
-3.000000
-7.000000
-3.000000
-6.000000
0.000000
-2.000000
-3.000000
-6.000000
-5.000000
-8.000000
-11.000000
2.000000
-6.000000
-11.000000
-8.000000
-5.000000
-12.000000
-13.000000
-5.000000
-10.000000
-10.000000
-5.000000
-10.000000
-8.000000
-9.000000
-16.000000
-13.000000
-12.000000
-13.000000
-16.000000
-16.000000
-14.000000
-16.000000
-8.000000
-4.000000
-8.000000
-8.000000
-12.000000
-13.000000
-10.000000
-12.000000
-9.000000
-12.000000
-6.000000
-5.000000
-6.000000
-6.000000
-10.000000
-3.000000
0.000000
-8.000000
-2.000000
4.000000
-5.000000
0.000000
-2.000000
-1.000000
-7.000000
0.000000
4.000000
-5.000000
1.000000
2.000000
6.000000
3.000000
4.000000
8.000000
5.000000
1.000000
0.000000
5.000000
9.000000
7.000000
7.000000
7.000000
6.000000
9.000000
6.000000
11.000000
15.000000
12.000000
15.000000
20.000000
20.000000
19.000000
19.000000
19.000000
15.000000
15.000000
24.000000
20.000000
22.000000
19.000000
16.000000
16.000000
19.000000
20.000000
20.000000
23.000000
19.000000
22.000000
16.000000
22.000000
21.000000
17.000000
18.000000
11.000000
15.000000
10.000000
15.000000
15.000000
11.000000
8.000000
11.000000
8.000000
10.000000
7.000000
4.000000
11.000000
8.000000
8.000000
2.000000
-1.000000
-4.000000
-3.000000
-2.000000
-2.000000
-7.000000
-9.000000
-7.000000
-11.000000
-8.000000
-7.000000
-16.000000
-12.000000
-9.000000
-16.000000
-21.000000
-22.000000
-16.000000
-21.000000
-23.000000
-21.000000
-25.000000
-22.000000
-28.000000
-25.000000
-22.000000
-26.000000
-27.000000
-33.000000
-32.000000
-31.000000
-30.000000
-23.000000
-27.000000
-34.000000
-25.000000
-33.000000
-33.000000
-32.000000
-36.000000
-33.000000
-36.000000
-28.000000
-28.000000
-27.000000
-28.000000
-30.000000
-22.000000
-12.000000
-7.000000
-7.000000
-8.000000
-11.000000
-7.000000
-4.000000
-5.000000
-3.000000
-3.000000
1.000000
2.000000
8.000000
14.000000
12.000000
12.000000
16.000000
16.000000
19.000000
24.000000
26.000000
25.000000
26.000000
30.000000
30.000000
27.000000
30.000000
34.000000
40.000000
44.000000
38.000000
42.000000
47.000000
42.000000
39.000000
40.000000
44.000000
44.000000
44.000000
41.000000
37.000000
44.000000
44.000000
45.000000
38.000000
33.000000
32.000000
32.000000
34.000000
30.000000
24.000000
28.000000
31.000000
23.000000
19.000000
21.000000
12.000000
6.000000
8.000000
7.000000
2.000000
-3.000000
-9.000000
-8.000000
-12.000000
-18.000000
-17.000000
-18.000000
-21.000000
-27.000000
-34.000000
-43.000000
-43.000000
-46.000000
-44.000000
-47.000000
-51.000000
-52.000000
-59.000000
-58.000000
-54.000000
-60.000000
-60.000000
-61.000000
-59.000000
-68.000000
-76.000000
-71.000000
-74.000000
-80.000000
-77.000000
-69.000000
-75.000000
-81.000000
-80.000000
-77.000000
-76.000000
-74.000000
-69.000000
-67.000000
-67.000000
-61.000000
-62.000000
-58.000000
-58.000000
-56.000000
-56.000000
-54.000000
-49.000000
-45.000000
-36.000000
-36.000000
-27.000000
-22.000000
-17.000000
-11.000000
-2.000000
10.000000
13.000000
22.000000
27.000000
36.000000
42.000000
45.000000
56.000000
62.000000
62.000000
69.000000
82.000000
84.000000
91.000000
91.000000
97.000000
97.000000
102.000000
105.000000
105.000000
109.000000
118.000000
123.000000
125.000000
126.000000
134.000000
137.000000
137.000000
146.000000
144.000000
139.000000
143.000000
140.000000
145.000000
151.000000
144.000000
140.000000
141.000000
136.000000
135.000000
132.000000
132.000000
127.000000
125.000000
121.000000
115.000000
103.000000
102.000000
100.000000
87.000000
79.000000
71.000000
58.000000
47.000000
42.000000
40.000000
32.000000
8.000000
-2.000000
-7.000000
-25.000000
-37.000000
-42.000000
-62.000000
-73.000000
-83.000000
-99.000000
-111.000000
-121.000000
-133.000000
-145.000000
-151.000000
-163.000000
-172.000000
-182.000000
-200.000000
-210.000000
-221.000000
-231.000000
-232.000000
-247.000000
-253.000000
-263.000000
-271.000000
-272.000000
-280.000000
-284.000000
-287.000000
-282.000000
-291.000000
-292.000000
-292.000000
-290.000000
-295.000000
-287.000000
-280.000000
-278.000000
-271.000000
-258.000000
-243.000000
-241.000000
-227.000000
-218.000000
-209.000000
-194.000000
-184.000000
-165.000000
-149.000000
-135.000000
-114.000000
-88.000000
-77.000000
-56.000000
-33.000000
-18.000000
1.000000
17.000000
46.000000
71.000000
87.000000
104.000000
127.000000
148.000000
171.000000
193.000000
212.000000
237.000000
251.000000
267.000000
288.000000
306.000000
321.000000
331.000000
350.000000
358.000000
371.000000
383.000000
397.000000
406.000000
406.000000
419.000000
424.000000
421.000000
421.000000
425.000000
425.000000
423.000000
425.000000
413.000000
406.000000
406.000000
397.000000
385.000000
369.000000
356.000000
348.000000
328.000000
313.000000
295.000000
276.000000
257.000000
237.000000
210.000000
191.000000
170.000000
147.000000
118.000000
92.000000
71.000000
41.000000
16.000000
3.000000
-26.000000
-54.000000
-73.000000
-100.000000
-121.000000
-153.000000
-170.000000
-199.000000
-217.000000
-240.000000
-264.000000
-286.000000
-313.000000
-324.000000
-348.000000
-365.000000
-384.000000
-397.000000
-409.000000
-420.000000
-435.000000
-448.000000
-461.000000
-470.000000
-469.000000
-482.000000
-486.000000
-491.000000
-495.000000
-490.000000
-500.000000
-500.000000
-496.000000
-486.000000
-483.000000
-481.000000
-477.000000
-463.000000
-444.000000
-437.000000
-422.000000
-409.000000
-389.000000
-367.000000
-347.000000
-330.000000
-304.000000
-279.000000
-258.000000
-237.000000
-211.000000
-180.000000
-159.000000
-132.000000
-102.000000
-68.000000
-42.000000
-17.000000
18.000000
52.000000
85.000000
115.000000
142.000000
175.000000
200.000000
230.000000
259.000000
294.000000
324.000000
342.000000
374.000000
395.000000
422.000000
448.000000
466.000000
490.000000
507.000000
521.000000
533.000000
547.000000
568.000000
573.000000
577.000000
583.000000
590.000000
595.000000
601.000000
609.000000
602.000000
601.000000
594.000000
584.000000
573.000000
554.000000
538.000000
523.000000
512.000000
495.000000
475.000000
451.000000
434.000000
412.000000
386.000000
360.000000
331.000000
305.000000
271.000000
254.000000
216.000000
185.000000
157.000000
111.000000
79.000000
46.000000
7.000000
-24.000000
-58.000000
-93.000000
-132.000000
-161.000000
-189.000000
-229.000000
-257.000000
-284.000000
-315.000000
-340.000000
-367.000000
-389.000000
-410.000000
-431.000000
-456.000000
-476.000000
-493.000000
-512.000000
-530.000000
-542.000000
-560.000000
-571.000000
-576.000000
-584.000000
-592.000000
-597.000000
-596.000000
-594.000000
-592.000000
-586.000000
-588.000000
-582.000000
-576.000000
-579.000000
-572.000000
-565.000000
-561.000000
-551.000000
-533.000000
-525.000000
-504.000000
-485.000000
-471.000000
-449.000000
-429.000000
-409.000000
-381.000000
-353.000000
-328.000000
-297.000000
-265.000000
-231.000000
-205.000000
-173.000000
-139.000000
-108.000000
-76.000000
-42.000000
-5.000000
19.000000
55.000000
87.000000
114.000000
152.000000
179.000000
212.000000
244.000000
277.000000
306.000000
333.000000
363.000000
392.000000
418.000000
436.000000
459.000000
476.000000
497.000000
520.000000
535.000000
549.000000
558.000000
571.000000
580.000000
585.000000
589.000000
602.000000
613.000000
615.000000
613.000000
614.000000
616.000000
615.000000
618.000000
609.000000
604.000000
602.000000
591.000000
581.000000
573.000000
560.000000
542.000000
516.000000
498.000000
483.000000
452.000000
428.000000
405.000000
381.000000
353.000000
318.000000
294.000000
270.000000
237.000000
208.000000
174.000000
139.000000
108.000000
74.000000
44.000000
-1.000000
-40.000000
-73.000000
-108.000000
-140.000000
-172.000000
-203.000000
-235.000000
-262.000000
-286.000000
-312.000000
-336.000000
-362.000000
-380.000000
-393.000000
-415.000000
-429.000000
-450.000000
-467.000000
-479.000000
-493.000000
-513.000000
-526.000000
-536.000000
-549.000000
-562.000000
-568.000000
-567.000000
-587.000000
-588.000000
-597.000000
-603.000000
-601.000000
-602.000000
-602.000000
-598.000000
-596.000000
-603.000000
-589.000000
-588.000000
-577.000000
-571.000000
-572.000000
-551.000000
-538.000000
-522.000000
-513.000000
-487.000000
-461.000000
-440.000000
-409.000000
-376.000000
-350.000000
-323.000000
-287.000000
-251.000000
-212.000000
-189.000000
-153.000000
-122.000000
-86.000000
-52.000000
-28.000000
10.000000
43.000000
74.000000
103.000000
136.000000
164.000000
190.000000
218.000000
245.000000
269.000000
298.000000
317.000000
337.000000
363.000000
386.000000
408.000000
422.000000
445.000000
462.000000
489.000000
506.000000
515.000000
536.000000
550.000000
565.000000
578.000000
597.000000
612.000000
618.000000
630.000000
635.000000
646.000000
659.000000
662.000000
671.000000
672.000000
666.000000
667.000000
656.000000
651.000000
636.000000
620.000000
603.000000
579.000000
565.000000
544.000000
515.000000
491.000000
463.000000
433.000000
406.000000
371.000000
339.000000
302.000000
269.000000
236.000000
199.000000
165.000000
128.000000
87.000000
51.000000
16.000000
-25.000000
-61.000000
-81.000000
-120.000000
-155.000000
-179.000000
-215.000000
-243.000000
-274.000000
-298.000000
-325.000000
-348.000000
-370.000000
-392.000000
-418.000000
-437.000000
-462.000000
-480.000000
-497.000000
-528.000000
-544.000000
-566.000000
-580.000000
-597.000000
-618.000000
-636.000000
-652.000000
-663.000000
-678.000000
-701.000000
-711.000000
-722.000000
-735.000000
-736.000000
-737.000000
-744.000000
-741.000000
-733.000000
-731.000000
-719.000000
-703.000000
-686.000000
-670.000000
-646.000000
-620.000000
-593.000000
-564.000000
-529.000000
-495.000000
-460.000000
-421.000000
-379.000000
-344.000000
-302.000000
-256.000000
-209.000000
-160.000000
-125.000000
-78.000000
-40.000000
-4.000000
29.000000
69.000000
102.000000
137.000000
167.000000
190.000000
227.000000
247.000000
271.000000
291.000000
315.000000
341.000000
363.000000
384.000000
409.000000
429.000000
450.000000
476.000000
490.000000
517.000000
538.000000
564.000000
584.000000
607.000000
626.000000
647.000000
670.000000
684.000000
708.000000
708.000000
733.000000
737.000000
746.000000
764.000000
764.000000
760.000000
758.000000
758.000000
746.000000
741.000000
723.000000
703.000000
673.000000
653.000000
629.000000
602.000000
573.000000
537.000000
505.000000
474.000000
440.000000
392.000000
363.000000
326.000000
286.000000
247.000000
213.000000
180.000000
142.000000
105.000000
71.000000
36.000000
1.000000
-34.000000
-71.000000
-106.000000
-142.000000
-178.000000
-209.000000
-246.000000
-280.000000
-308.000000
-342.000000
-367.000000
-400.000000
-427.000000
-445.000000
-474.000000
-503.000000
-526.000000
-557.000000
-580.000000
-595.000000
-618.000000
-644.000000
-656.000000
-680.000000
-703.000000
-716.000000
-736.000000
-748.000000
-762.000000
-772.000000
-792.000000
-797.000000
-802.000000
-811.000000
-812.000000
-808.000000
-806.000000
-808.000000
-800.000000
-787.000000
-769.000000
-747.000000
-726.000000
-709.000000
-683.000000
-653.000000
-617.000000
-586.000000
-550.000000
-508.000000
-470.000000
-429.000000
-391.000000
-338.000000
-297.000000
-248.000000
-192.000000
-145.000000
-96.000000
-52.000000
3.000000
44.000000
89.000000
127.000000
167.000000
206.000000
238.000000
273.000000
306.000000
340.000000
365.000000
397.000000
426.000000
455.000000
484.000000
507.000000
539.000000
566.000000
588.000000
617.000000
642.000000
667.000000
688.000000
709.000000
738.000000
766.000000
782.000000
796.000000
807.000000
825.000000
833.000000
842.000000
852.000000
852.000000
860.000000
847.000000
846.000000
846.000000
839.000000
830.000000
814.000000
794.000000
769.000000
748.000000
714.000000
684.000000
658.000000
616.000000
579.000000
534.000000
489.000000
453.000000
404.000000
354.000000
306.000000
267.000000
225.000000
177.000000
126.000000
82.000000
36.000000
-1.000000
-44.000000
-91.000000
-132.000000
-171.000000
-208.000000
-245.000000
-285.000000
-329.000000
-360.000000
-386.000000
-418.000000
-443.000000
-473.000000
-500.000000
-517.000000
-538.000000
-551.000000
-565.000000
-580.000000
-593.000000
-612.000000
-616.000000
-631.000000
-647.000000
-668.000000
-675.000000
-688.000000
-707.000000
-725.000000
-741.000000
-755.000000
-773.000000
-784.000000
-801.000000
-815.000000
-827.000000
-831.000000
-844.000000
-842.000000
-846.000000
-848.000000
-835.000000
-829.000000
-808.000000
-786.000000
-760.000000
-727.000000
-694.000000
-656.000000
-612.000000
-572.000000
-530.000000
-478.000000
-425.000000
-374.000000
-322.000000
-267.000000
-206.000000
-144.000000
-92.000000
-42.000000
-1.000000
46.000000
94.000000
131.000000
175.000000
209.000000
234.000000
263.000000
293.000000
311.000000
334.000000
357.000000
373.000000
402.000000
424.000000
446.000000
476.000000
496.000000
530.000000
552.000000
582.000000
621.000000
644.000000
677.000000
710.000000
732.000000
763.000000
791.000000
811.000000
833.000000
858.000000
871.000000
884.000000
899.000000
900.000000
908.000000
912.000000
906.000000
902.000000
892.000000
879.000000
861.000000
836.000000
810.000000
780.000000
746.000000
709.000000
671.000000
631.000000
577.000000
533.000000
480.000000
435.000000
384.000000
335.000000
289.000000
240.000000
193.000000
139.000000
100.000000
52.000000
6.000000
-40.000000
-84.000000
-127.000000
-168.000000
-207.000000
-246.000000
-286.000000
-326.000000
-354.000000
-383.000000
-420.000000
-452.000000
-477.000000
-496.000000
-520.000000
-543.000000
-556.000000
-570.000000
-595.000000
-602.000000
-614.000000
-639.000000
-649.000000
-669.000000
-685.000000
-700.000000
-722.000000
-742.000000
-756.000000
-777.000000
-796.000000
-819.000000
-842.000000
-862.000000
-867.000000
-874.000000
-893.000000
-897.000000
-896.000000
-899.000000
-900.000000
-881.000000
-866.000000
-845.000000
-824.000000
-798.000000
-761.000000
-727.000000
-679.000000
-638.000000
-591.000000
-539.000000
-484.000000
-424.000000
-371.000000
-315.000000
-257.000000
-194.000000
-139.000000
-87.000000
-26.000000
19.000000
68.000000
113.000000
144.000000
180.000000
212.000000
251.000000
274.000000
292.000000
319.000000
333.000000
357.000000
377.000000
396.000000
421.000000
446.000000
474.000000
499.000000
533.000000
568.000000
595.000000
631.000000
672.000000
708.000000
746.000000
782.000000
817.000000
851.000000
880.000000
905.000000
930.000000
953.000000
977.000000
988.000000
998.000000
1001.000000
995.000000
997.000000
984.000000
975.000000
954.000000
929.000000
898.000000
864.000000
827.000000
784.000000
749.000000
698.000000
646.000000
604.000000
553.000000
497.000000
446.000000
388.000000
336.000000
292.000000
250.000000
198.000000
155.000000
114.000000
71.000000
25.000000
-22.000000
-62.000000
-106.000000
-142.000000
-183.000000
-221.000000
-263.000000
-306.000000
-341.000000
-385.000000
-418.000000
-447.000000
-483.000000
-512.000000
-545.000000
-567.000000
-592.000000
-621.000000
-641.000000
-670.000000
-696.000000
-717.000000
-740.000000
-762.000000
-783.000000
-813.000000
-832.000000
-857.000000
-887.000000
-909.000000
-935.000000
-957.000000
-986.000000
-1007.000000
-1022.000000
-1033.000000
-1040.000000
-1038.000000
-1041.000000
-1033.000000
-1017.000000
-1003.000000
-972.000000
-946.000000
-900.000000
-869.000000
-824.000000
-770.000000
-721.000000
-663.000000
-607.000000
-544.000000
-480.000000
-419.000000
-360.000000
-295.000000
-232.000000
-177.000000
-121.000000
-64.000000
-11.000000
40.000000
88.000000
129.000000
172.000000
209.000000
245.000000
276.000000
301.000000
330.000000
357.000000
377.000000
401.000000
426.000000
442.000000
467.000000
490.000000
520.000000
553.000000
591.000000
634.000000
673.000000
717.000000
758.000000
802.000000
844.000000
895.000000
935.000000
973.000000
1010.000000
1037.000000
1074.000000
1092.000000
1102.000000
1117.000000
1123.000000
1116.000000
1110.000000
1091.000000
1077.000000
1058.000000
1022.000000
992.000000
946.000000
908.000000
866.000000
822.000000
773.000000
717.000000
662.000000
606.000000
547.000000
495.000000
434.000000
380.000000
323.000000
262.000000
209.000000
151.000000
100.000000
48.000000
6.000000
-46.000000
-91.000000
-132.000000
-170.000000
-207.000000
-248.000000
-281.000000
-322.000000
-353.000000
-389.000000
-422.000000
-451.000000
-479.000000
-515.000000
-541.000000
-564.000000
-598.000000
-629.000000
-662.000000
-681.000000
-711.000000
-742.000000
-773.000000
-793.000000
-814.000000
-844.000000
-867.000000
-895.000000
-915.000000
-943.000000
-966.000000
-992.000000
-1008.000000
-1027.000000
-1049.000000
-1054.000000
-1070.000000
-1083.000000
-1083.000000
-1078.000000
-1072.000000
-1061.000000
-1040.000000
-1008.000000
-985.000000
-948.000000
-899.000000
-854.000000
-800.000000
-736.000000
-675.000000
-610.000000
-547.000000
-482.000000
-415.000000
-348.000000
-276.000000
-210.000000
-148.000000
-83.000000
-29.000000
24.000000
78.000000
118.000000
162.000000
200.000000
237.000000
276.000000
300.000000
329.000000
360.000000
375.000000
399.000000
421.000000
442.000000
471.000000
496.000000
525.000000
561.000000
593.000000
634.000000
673.000000
718.000000
773.000000
813.000000
869.000000
917.000000
962.000000
1006.000000
1049.000000
1097.000000
1131.000000
1164.000000
1182.000000
1193.000000
1209.000000
1220.000000
1211.000000
1198.000000
1183.000000
1156.000000
1132.000000
1093.000000
1051.000000
1010.000000
951.000000
894.000000
839.000000
777.000000
718.000000
656.000000
589.000000
526.000000
465.000000
404.000000
337.000000
278.000000
223.000000
167.000000
112.000000
71.000000
19.000000
-34.000000
-80.000000
-122.000000
-163.000000
-208.000000
-245.000000
-286.000000
-326.000000
-359.000000
-400.000000
-431.000000
-476.000000
-516.000000
-547.000000
-583.000000
-611.000000
-652.000000
-687.000000
-720.000000
-752.000000
-788.000000
-820.000000
-846.000000
-870.000000
-898.000000
-925.000000
-944.000000
-962.000000
-988.000000
-1007.000000
-1027.000000
-1050.000000
-1066.000000
-1082.000000
-1088.000000
-1102.000000
-1110.000000
-1112.000000
-1112.000000
-1099.000000
-1088.000000
-1071.000000
-1050.000000
-1021.000000
-983.000000
-941.000000
-898.000000
-843.000000
-785.000000
-730.000000
-667.000000
-606.000000
-544.000000
-472.000000
-405.000000
-335.000000
-270.000000
-210.000000
-151.000000
-89.000000
-37.000000
16.000000
69.000000
115.000000
160.000000
202.000000
237.000000
268.000000
310.000000
337.000000
367.000000
396.000000
418.000000
449.000000
480.000000
505.000000
534.000000
567.000000
600.000000
636.000000
679.000000
719.000000
763.000000
811.000000
860.000000
909.000000
957.000000
1003.000000
1045.000000
1083.000000
1119.000000
1148.000000
1175.000000
1195.000000
1204.000000
1209.000000
1217.000000
1206.000000
1186.000000
1177.000000
1145.000000
1112.000000
1072.000000
1035.000000
991.000000
941.000000
888.000000
824.000000
758.000000
696.000000
633.000000
572.000000
511.000000
437.000000
372.000000
314.000000
256.000000
203.000000
147.000000
86.000000
40.000000
-14.000000
-63.000000
-114.000000
-153.000000
-202.000000
-247.000000
-286.000000
-327.000000
-371.000000
-417.000000
-452.000000
-493.000000
-525.000000
-556.000000
-587.000000
-626.000000
-656.000000
-680.000000
-714.000000
-748.000000
-770.000000
-798.000000
-825.000000
-849.000000
-878.000000
-899.000000
-927.000000
-942.000000
-964.000000
-987.000000
-995.000000
-1009.000000
-1023.000000
-1036.000000
-1042.000000
-1054.000000
-1063.000000
-1063.000000
-1065.000000
-1062.000000
-1054.000000
-1038.000000
-1024.000000
-1004.000000
-970.000000
-937.000000
-896.000000
-848.000000
-801.000000
-745.000000
-688.000000
-619.000000
-555.000000
-494.000000
-421.000000
-352.000000
-291.000000
-223.000000
-153.000000
-99.000000
-38.000000
17.000000
58.000000
115.000000
161.000000
205.000000
245.000000
282.000000
321.000000
345.000000
371.000000
403.000000
419.000000
454.000000
465.000000
479.000000
504.000000
524.000000
554.000000
575.000000
608.000000
640.000000
679.000000
720.000000
759.000000
796.000000
835.000000
884.000000
926.000000
967.000000
999.000000
1030.000000
1060.000000
1076.000000
1098.000000
1110.000000
1114.000000
1121.000000
1115.000000
1103.000000
1088.000000
1060.000000
1031.000000
999.000000
969.000000
924.000000
876.000000
841.000000
779.000000
725.000000
664.000000
612.000000
552.000000
491.000000
434.000000
374.000000
320.000000
268.000000
214.000000
161.000000
110.000000
55.000000
13.000000
-36.000000
-77.000000
-122.000000
-176.000000
-217.000000
-251.000000
-293.000000
-332.000000
-365.000000
-406.000000
-441.000000
-478.000000
-512.000000
-538.000000
-575.000000
-604.000000
-627.000000
-655.000000
-682.000000
-703.000000
-723.000000
-746.000000
-756.000000
-774.000000
-794.000000
-806.000000
-825.000000
-846.000000
-858.000000
-868.000000
-886.000000
-908.000000
-922.000000
-941.000000
-960.000000
-968.000000
-979.000000
-989.000000
-994.000000
-992.000000
-990.000000
-985.000000
-967.000000
-945.000000
-920.000000
-883.000000
-852.000000
-814.000000
-755.000000
-706.000000
-651.000000
-589.000000
-537.000000
-482.000000
-418.000000
-359.000000
-291.000000
-230.000000
-176.000000
-113.000000
-64.000000
-12.000000
37.000000
86.000000
134.000000
169.000000
208.000000
239.000000
275.000000
309.000000
333.000000
361.000000
386.000000
410.000000
432.000000
451.000000
477.000000
506.000000
527.000000
553.000000
580.000000
615.000000
645.000000
681.000000
720.000000
752.000000
794.000000
829.000000
871.000000
912.000000
941.000000
971.000000
1005.000000
1022.000000
1038.000000
1051.000000
1057.000000
1067.000000
1053.000000
1041.000000
1024.000000
1001.000000
979.000000
943.000000
905.000000
866.000000
821.000000
783.000000
734.000000
690.000000
649.000000
592.000000
539.000000
494.000000
445.000000
392.000000
336.000000
279.000000
232.000000
179.000000
129.000000
76.000000
21.000000
-22.000000
-72.000000
-122.000000
-168.000000
-216.000000
-259.000000
-299.000000
-334.000000
-368.000000
-408.000000
-443.000000
-474.000000
-504.000000
-535.000000
-566.000000
-590.000000
-611.000000
-632.000000
-658.000000
-679.000000
-696.000000
-713.000000
-732.000000
-746.000000
-757.000000
-769.000000
-781.000000
-796.000000
-805.000000
-816.000000
-822.000000
-836.000000
-850.000000
-863.000000
-872.000000
-880.000000
-889.000000
-902.000000
-906.000000
-906.000000
-905.000000
-894.000000
-883.000000
-870.000000
-854.000000
-833.000000
-801.000000
-767.000000
-729.000000
-677.000000
-625.000000
-567.000000
-521.000000
-462.000000
-404.000000
-351.000000
-282.000000
-234.000000
-178.000000
-122.000000
-76.000000
-17.000000
21.000000
58.000000
114.000000
143.000000
181.000000
224.000000
243.000000
269.000000
294.000000
323.000000
353.000000
375.000000
393.000000
413.000000
446.000000
461.000000
487.000000
515.000000
535.000000
559.000000
586.000000
623.000000
654.000000
686.000000
717.000000
748.000000
785.000000
821.000000
851.000000
871.000000
895.000000
924.000000
939.000000
960.000000
972.000000
968.000000
964.000000
957.000000
953.000000
936.000000
918.000000
893.000000
860.000000
836.000000
806.000000
776.000000
734.000000
699.000000
658.000000
607.000000
571.000000
529.000000
477.000000
432.000000
390.000000
337.000000
294.000000
253.000000
198.000000
151.000000
108.000000
54.000000
13.000000
-27.000000
-75.000000
-115.000000
-160.000000
-207.000000
-243.000000
-276.000000
-309.000000
-347.000000
-382.000000
-411.000000
-438.000000
-463.000000
-493.000000
-513.000000
-539.000000
-561.000000
-571.000000
-586.000000
-595.000000
-619.000000
-638.000000
-656.000000
-679.000000
-698.000000
-723.000000
-748.000000
-762.000000
-768.000000
-789.000000
-802.000000
-824.000000
-836.000000
-845.000000
-863.000000
-873.000000
-877.000000
-886.000000
-888.000000
-881.000000
-872.000000
-856.000000
-841.000000
-811.000000
-783.000000
-747.000000
-702.000000
-672.000000
-624.000000
-573.000000
-519.000000
-472.000000
-428.000000
-384.000000
-327.000000
-271.000000
-230.000000
-193.000000
-154.000000
-116.000000
-79.000000
-35.000000
4.000000
35.000000
65.000000
102.000000
138.000000
172.000000
201.000000
221.000000
250.000000
276.000000
304.000000
331.000000
361.000000
375.000000
400.000000
427.000000
446.000000
474.000000
490.000000
512.000000
540.000000
576.000000
604.000000
624.000000
659.000000
689.000000
729.000000
768.000000
801.000000
828.000000
856.000000
885.000000
901.000000
917.000000
926.000000
926.000000
923.000000
930.000000
922.000000
905.000000
882.000000
853.000000
834.000000
802.000000
769.000000
728.000000
694.000000
667.000000
632.000000
600.000000
563.000000
519.000000
462.000000
412.000000
364.000000
320.000000
276.000000
230.000000
185.000000
142.000000
103.000000
60.000000
21.000000
-18.000000
-66.000000
-115.000000
-149.000000
-182.000000
-209.000000
-234.000000
-270.000000
-304.000000
-337.000000
-365.000000
-388.000000
-416.000000
-455.000000
-490.000000
-513.000000
-531.000000
-550.000000
-580.000000
-609.000000
-638.000000
-662.000000
-677.000000
-696.000000
-720.000000
-743.000000
-753.000000
-757.000000
-761.000000
-777.000000
-800.000000
-822.000000
-833.000000
-847.000000
-863.000000
-868.000000
-864.000000
-850.000000
-827.000000
-819.000000
-814.000000
-794.000000
-772.000000
-737.000000
-716.000000
-688.000000
-662.000000
-623.000000
-562.000000
-515.000000
-486.000000
-479.000000
-436.000000
-375.000000
-293.000000
-237.000000
-210.000000
-203.000000
-190.000000
-153.000000
-151.000000
-160.000000
-246.000000
-309.000000
-249.000000
-135.000000
-10.000000
89.000000
146.000000
201.000000
289.000000
361.000000
383.000000
352.000000
333.000000
382.000000
498.000000
643.000000
733.000000
781.000000
818.000000
855.000000
933.000000
975.000000
954.000000
904.000000
868.000000
865.000000
889.000000
909.000000
897.000000
844.000000
825.000000
850.000000
888.000000
936.000000
961.000000
959.000000
951.000000
956.000000
932.000000
886.000000
824.000000
736.000000
661.000000
643.000000
640.000000
629.000000
625.000000
601.000000
584.000000
589.000000
587.000000
563.000000
512.000000
452.000000
401.000000
384.000000
382.000000
366.000000
327.000000
292.000000
257.000000
230.000000
206.000000
165.000000
104.000000
32.000000
-23.000000
-98.000000
-176.000000
-256.000000
-336.000000
-407.000000
-465.000000
-513.000000
-570.000000
-612.000000
-635.000000
-678.000000
-735.000000
-811.000000
-909.000000
-999.000000
-1071.000000
-1151.000000
-1220.000000
-1284.000000
-1329.000000
-1345.000000
-1334.000000
-1327.000000
-1348.000000
-1366.000000
-1379.000000
-1370.000000
-1331.000000
-1309.000000
-1296.000000
-1253.000000
-1183.000000
-1093.000000
-1023.000000
-979.000000
-950.000000
-904.000000
-823.000000
-707.000000
-595.000000
-487.000000
-378.000000
-265.000000
-141.000000
-29.000000
51.000000
98.000000
131.000000
201.000000
289.000000
385.000000
460.000000
510.000000
541.000000
570.000000
560.000000
503.000000
440.000000
350.000000
297.000000
268.000000
241.000000
213.000000
193.000000
182.000000
180.000000
216.000000
223.000000
237.000000
259.000000
289.000000
342.000000
397.000000
463.000000
546.000000
644.000000
750.000000
861.000000
966.000000
1059.000000
1149.000000
1225.000000
1261.000000
1276.000000
1254.000000
1214.000000
1191.000000
1169.000000
1139.000000
1104.000000
1067.000000
1040.000000
1010.000000
963.000000
919.000000
888.000000
860.000000
831.000000
805.000000
761.000000
709.000000
660.000000
611.000000
536.000000
426.000000
323.000000
240.000000
187.000000
155.000000
122.000000
99.000000
96.000000
128.000000
175.000000
201.000000
213.000000
207.000000
228.000000
266.000000
292.000000
288.000000
213.000000
156.000000
131.000000
64.000000
-43.000000
-265.000000
-567.000000
-852.000000
-1128.000000
-1375.000000
-1649.000000
-1988.000000
-2286.000000
-2483.000000
-2583.000000
-2633.000000
-2721.000000
-2814.000000
-2856.000000
-2780.000000
-2629.000000
-2505.000000
-2374.000000
-2239.000000
-2016.000000
-1664.000000
-1314.000000
-1025.000000
-767.000000
-500.000000
-142.000000
270.000000
581.000000
790.000000
949.000000
1116.000000
1326.000000
1492.000000
1552.000000
1535.000000
1499.000000
1496.000000
1482.000000
1391.000000
1195.000000
950.000000
736.000000
526.000000
265.000000
-64.000000
-431.000000
-752.000000
-1012.000000
-1258.000000
-1525.000000
-1808.000000
-2019.000000
-2115.000000
-2116.000000
-2055.000000
-1948.000000
-1779.000000
-1496.000000
-1112.000000
-681.000000
-238.000000
223.000000
732.000000
1284.000000
1839.000000
2334.000000
2754.000000
3122.000000
3438.000000
3691.000000
3837.000000
3850.000000
3761.000000
3616.000000
3440.000000
3217.000000
2926.000000
2569.000000
2204.000000
1839.000000
1462.000000
1066.000000
665.000000
268.000000
-105.000000
-447.000000
-788.000000
-1112.000000
-1382.000000
-1596.000000
-1740.000000
-1862.000000
-1955.000000
-1974.000000
-1903.000000
-1724.000000
-1501.000000
-1243.000000
-931.000000
-560.000000
-136.000000
318.000000
714.000000
1048.000000
1370.000000
1685.000000
2019.000000
2266.000000
2392.000000
2393.000000
2398.000000
2384.000000
2270.000000
1981.000000
1458.000000
879.000000
329.000000
-157.000000
-692.000000
-1346.000000
-2079.000000
-2719.000000
-3148.000000
-3489.000000
-3869.000000
-4327.000000
-4714.000000
-4879.000000
-4804.000000
-4643.000000
-4550.000000
-4440.000000
-4162.000000
-3606.000000
-2917.000000
-2295.000000
-1791.000000
-1315.000000
-664.000000
124.000000
830.000000
1336.000000
1656.000000
1977.000000
2411.000000
2843.000000
3076.000000
3107.000000
3057.000000
3050.000000
3093.000000
3011.000000
2714.000000
2276.000000
1845.000000
1468.000000
1053.000000
496.000000
-208.000000
-913.000000
-1489.000000
-2002.000000
-2515.000000
-3062.000000
-3595.000000
-3938.000000
-4055.000000
-4034.000000
-3929.000000
-3736.000000
-3412.000000
-2865.000000
-2167.000000
-1425.000000
-666.000000
113.000000
956.000000
1830.000000
2653.000000
3333.000000
3921.000000
4449.000000
4885.000000
5227.000000
5394.000000
5371.000000
5256.000000
5096.000000
4845.000000
4509.000000
4062.000000
3519.000000
2983.000000
2435.000000
1839.000000
1211.000000
554.000000
-92.000000
-677.000000
-1221.000000
-1762.000000
-2248.000000
-2648.000000
-2925.000000
-3073.000000
-3165.000000
-3203.000000
-3152.000000
-2967.000000
-2656.000000
-2216.000000
-1750.000000
-1259.000000
-682.000000
-48.000000
637.000000
1264.000000
1785.000000
2256.000000
2711.000000
3138.000000
3445.000000
3543.000000
3527.000000
3468.000000
3372.000000
3197.000000
2719.000000
2037.000000
1299.000000
584.000000
8.000000
-731.000000
-1684.000000
-2649.000000
-3491.000000
-4052.000000
-4481.000000
-5058.000000
-5678.000000
-6135.000000
-6249.000000
-6017.000000
-5783.000000
-5625.000000
-5415.000000
-4909.000000
-4015.000000
-3078.000000
-2259.000000
-1625.000000
-980.000000
6.000000
1059.000000
1886.000000
2433.000000
2730.000000
3128.000000
3695.000000
4100.000000
4255.000000
4148.000000
3968.000000
3982.000000
3961.000000
3727.000000
3253.000000
2631.000000
2112.000000
1610.000000
1000.000000
197.000000
-773.000000
-1605.000000
-2301.000000
-2970.000000
-3624.000000
-4387.000000
-4985.000000
-5251.000000
-5376.000000
-5291.000000
-5118.000000
-4885.000000
-4307.000000
-3534.000000
-2666.000000
-1702.000000
-775.000000
238.000000
1349.000000
2413.000000
3363.000000
4143.000000
4850.000000
5482.000000
5989.000000
6324.000000
6374.000000
6288.000000
6135.000000
5864.000000
5533.000000
5035.000000
4362.000000
3719.000000
3065.000000
2370.000000
1668.000000
894.000000
107.000000
-572.000000
-1210.000000
-1844.000000
-2427.000000
-2969.000000
-3378.000000
-3591.000000
-3730.000000
-3812.000000
-3759.000000
-3592.000000
-3247.000000
-2726.000000
-2188.000000
-1614.000000
-964.000000
-237.000000
536.000000
1276.000000
1938.000000
2522.000000
3111.000000
3665.000000
4013.000000
4174.000000
4196.000000
4083.000000
4024.000000
3748.000000
3135.000000
2425.000000
1551.000000
794.000000
148.000000
-772.000000
-1815.000000
-2870.000000
-3788.000000
-4369.000000
-4917.000000
-5611.000000
-6267.000000
-6736.000000
-6779.000000
-6559.000000
-6372.000000
-6220.000000
-5989.000000
-5294.000000
-4286.000000
-3303.000000
-2407.000000
-1717.000000
-865.000000
354.000000
1457.000000
2324.000000
2919.000000
3279.000000
3847.000000
4470.000000
4782.000000
4875.000000
4702.000000
4516.000000
4506.000000
4307.000000
3886.000000
3268.000000
2590.000000
2024.000000
1415.000000
671.000000
-247.000000
-1257.000000
-2081.000000
-2813.000000
-3592.000000
-4287.000000
-5054.000000
-5611.000000
-5805.000000
-5945.000000
-5863.000000
-5628.000000
-5308.000000
-4626.000000
-3768.000000
-2847.000000
-1766.000000
-673.000000
504.000000
1775.000000
2942.000000
3998.000000
4883.000000
5692.000000
6416.000000
6907.000000
7212.000000
7196.000000
6991.000000
6773.000000
6387.000000
5897.000000
5257.000000
4393.000000
3584.000000
2841.000000
2019.000000
1220.000000
347.000000
-561.000000
-1292.000000
-1963.000000
-2612.000000
-3168.000000
-3695.000000
-4078.000000
-4229.000000
-4281.000000
-4279.000000
-4142.000000
-3897.000000
-3449.000000
-2808.000000
-2150.000000
-1465.000000
-734.000000
106.000000
987.000000
1846.000000
2607.000000
3205.000000
3830.000000
4422.000000
4784.000000
4986.000000
4953.000000
4704.000000
4570.000000
4196.000000
3435.000000
2614.000000
1513.000000
583.000000
-123.000000
-1165.000000
-2292.000000
-3440.000000
-4470.000000
-5057.000000
-5549.000000
-6249.000000
-6923.000000
-7385.000000
-7399.000000
-7086.000000
-6798.000000
-6607.000000
-6374.000000
-5554.000000
-4426.000000
-3319.000000
-2237.000000
-1536.000000
-572.000000
835.000000
2040.000000
3059.000000
3713.000000
4046.000000
4697.000000
5372.000000
5665.000000
5751.000000
5435.000000
5109.000000
4991.000000
4656.000000
4083.000000
3249.000000
2392.000000
1684.000000
966.000000
149.000000
-920.000000
-1996.000000
-2840.000000
-3605.000000
-4293.000000
-5027.000000
-5811.000000
-6261.000000
-6405.000000
-6393.000000
-6175.000000
-5961.000000
-5545.000000
-4754.000000
-3790.000000
-2690.000000
-1573.000000
-417.000000
848.000000
2215.000000
3507.000000
4609.000000
5551.000000
6362.000000
7088.000000
7654.000000
7883.000000
7812.000000
7580.000000
7199.000000
6781.000000
6191.000000
5314.000000
4378.000000
3402.000000
2499.000000
1667.000000
721.000000
-238.000000
-1149.000000
-1952.000000
-2592.000000
-3190.000000
-3749.000000
-4199.000000
-4521.000000
-4602.000000
-4604.000000
-4543.000000
-4322.000000
-4055.000000
-3475.000000
-2781.000000
-2138.000000
-1310.000000
-557.000000
340.000000
1432.000000
2259.000000
3073.000000
3839.000000
4369.000000
5061.000000
5481.000000
5468.000000
5486.000000
5171.000000
4850.000000
4458.000000
3490.000000
2465.000000
1321.000000
296.000000
-526.000000
-1681.000000
-2937.000000
-4160.000000
-5140.000000
-5633.000000
-6200.000000
-6928.000000
-7504.000000
-7964.000000
-7765.000000
-7296.000000
-7105.000000
-6772.000000
-6395.000000
-5498.000000
-4133.000000
-3011.000000
-2042.000000
-1179.000000
-131.000000
1343.000000
2677.000000
3571.000000
4189.000000
4638.000000
5327.000000
5999.000000
6225.000000
6176.000000
5773.000000
5434.000000
5265.000000
4767.000000
4027.000000
3079.000000
2106.000000
1349.000000
537.000000
-507.000000
-1612.000000
-2725.000000
-3589.000000
-4181.000000
-4950.000000
-5692.000000
-6347.000000
-6817.000000
-6779.000000
-6656.000000
-6491.000000
-6116.000000
-5653.000000
-4779.000000
-3567.000000
-2440.000000
-1212.000000
48.000000
1331.000000
2820.000000
4129.000000
5239.000000
6191.000000
6958.000000
7721.000000
8235.000000
8412.000000
8300.000000
7902.000000
7506.000000
6998.000000
6224.000000
5332.000000
4230.000000
3135.000000
2262.000000
1263.000000
257.000000
-695.000000
-1727.000000
-2436.000000
-3053.000000
-3702.000000
-4154.000000
-4602.000000
-4812.000000
-4761.000000
-4767.000000
-4569.000000
-4301.000000
-3959.000000
-3216.000000
-2525.000000
-1794.000000
-891.000000
-136.000000
877.000000
1938.000000
2740.000000
3634.000000
4319.000000
4939.000000
5557.000000
5760.000000
5836.000000
5635.000000
5301.000000
5023.000000
4187.000000
3223.000000
2114.000000
800.000000
-23.000000
-1080.000000
-2445.000000
-3608.000000
-4894.000000
-5697.000000
-6062.000000
-6811.000000
-7460.000000
-7946.000000
-8146.000000
-7713.000000
-7320.000000
-7065.000000
-6797.000000
-6185.000000
-4977.000000
-3747.000000
-2607.000000
-1702.000000
-878.000000
518.000000
1984.000000
3096.000000
3997.000000
4439.000000
4990.000000
5860.000000
6277.000000
6407.000000
6244.000000
5782.000000
5573.000000
5257.000000
4537.000000
3642.000000
2588.000000
1642.000000
849.000000
-166.000000
-1343.000000
-2527.000000
-3608.000000
-4343.000000
-4974.000000
-5741.000000
-6436.000000
-6956.000000
-7168.000000
-6977.000000
-6685.000000
-6411.000000
-5943.000000
-5253.000000
-4216.000000
-2935.000000
-1667.000000
-466.000000
822.000000
2223.000000
3589.000000
4944.000000
6031.000000
6827.000000
7596.000000
8261.000000
8592.000000
8694.000000
8485.000000
7979.000000
7540.000000
6876.000000
5959.000000
4967.000000
3795.000000
2677.000000
1705.000000
695.000000
-457.000000
-1448.000000
-2328.000000
-3089.000000
-3594.000000
-4137.000000
-4639.000000
-4916.000000
-4960.000000
-4872.000000
-4631.000000
-4393.000000
-4100.000000
-3452.000000
-2740.000000
-1923.000000
-1075.000000
-300.000000
560.000000
1510.000000
2529.000000
3299.000000
4058.000000
4740.000000
5203.000000
5693.000000
5881.000000
5766.000000
5600.000000
5191.000000
4450.000000
3740.000000
2593.000000
1410.000000
557.000000
-777.000000
-1984.000000
-3211.000000
-4506.000000
-5275.000000
-6015.000000
-6820.000000
-7476.000000
-7962.000000
-8068.000000
-7736.000000
-7451.000000
-7233.000000
-6847.000000
-6080.000000
-4926.000000
-3817.000000
-2696.000000
-1868.000000
-914.000000
551.000000
1743.000000
2862.000000
3695.000000
4178.000000
4966.000000
5683.000000
6000.000000
6213.000000
6082.000000
5772.000000
5715.000000
5230.000000
4493.000000
3723.000000
2740.000000
1943.000000
1000.000000
-125.000000
-1297.000000
-2494.000000
-3436.000000
-4279.000000
-5125.000000
-5931.000000
-6665.000000
-7118.000000
-7206.000000
-7206.000000
-6967.000000
-6615.000000
-6181.000000
-5287.000000
-4293.000000
-3111.000000
-1804.000000
-607.000000
794.000000
2166.000000
3466.000000
4773.000000
5825.000000
6708.000000
7517.000000
8049.000000
8352.000000
8439.000000
8246.000000
7949.000000
7430.000000
6738.000000
5875.000000
4848.000000
3839.000000
2810.000000
1809.000000
731.000000
-386.000000
-1341.000000
-2153.000000
-2886.000000
-3476.000000
-4017.000000
-4524.000000
-4693.000000
-4740.000000
-4684.000000
-4457.000000
-4243.000000
-3810.000000
-3183.000000
-2519.000000
-1707.000000
-909.000000
-106.000000
849.000000
1724.000000
2624.000000
3437.000000
4101.000000
4874.000000
5301.000000
5597.000000
5840.000000
5652.000000
5552.000000
5106.000000
4266.000000
3486.000000
2336.000000
1327.000000
381.000000
-1031.000000
-2282.000000
-3473.000000
-4596.000000
-5230.000000
-6111.000000
-7000.000000
-7557.000000
-8014.000000
-7787.000000
-7516.000000
-7440.000000
-7112.000000
-6659.000000
-5661.000000
-4446.000000
-3448.000000
-2473.000000
-1612.000000
-473.000000
979.000000
2058.000000
2960.000000
3680.000000
4221.000000
5088.000000
5643.000000
5843.000000
6005.000000
5791.000000
5718.000000
5580.000000
4932.000000
4226.000000
3401.000000
2552.000000
1800.000000
773.000000
-436.000000
-1591.000000
-2663.000000
-3490.000000
-4315.000000
-5271.000000
-6093.000000
-6767.000000
-7057.000000
-7088.000000
-7088.000000
-6872.000000
-6530.000000
-5928.000000
-4951.000000
-3870.000000
-2735.000000
-1504.000000
-250.000000
1092.000000
2471.000000
3726.000000
4877.000000
5865.000000
6682.000000
7344.000000
7805.000000
8014.000000
8008.000000
7848.000000
7456.000000
6865.000000
6147.000000
5282.000000
4350.000000
3405.000000
2402.000000
1381.000000
318.000000
-649.000000
-1474.000000
-2252.000000
-2914.000000
-3537.000000
-4071.000000
-4417.000000
-4600.000000
-4613.000000
-4507.000000
-4390.000000
-4099.000000
-3599.000000
-3008.000000
-2237.000000
-1455.000000
-655.000000
205.000000
1097.000000
2093.000000
2944.000000
3717.000000
4470.000000
4982.000000
5427.000000
5712.000000
5707.000000
5666.000000
5294.000000
4608.000000
3972.000000
2956.000000
1968.000000
1119.000000
-174.000000
-1400.000000
-2583.000000
-3677.000000
-4430.000000
-5264.000000
-6141.000000
-6862.000000
-7344.000000
-7379.000000
-7185.000000
-7082.000000
-6970.000000
-6649.000000
-5785.000000
-4712.000000
-3774.000000
-2798.000000
-2019.000000
-999.000000
410.000000
1559.000000
2464.000000
3176.000000
3785.000000
4571.000000
5237.000000
5509.000000
5638.000000
5573.000000
5475.000000
5442.000000
4998.000000
4322.000000
3583.000000
2864.000000
2197.000000
1256.000000
153.000000
-961.000000
-2021.000000
-2877.000000
-3667.000000
-4661.000000
-5589.000000
-6301.000000
-6782.000000
-6893.000000
-7023.000000
-7007.000000
-6772.000000
-6375.000000
-5545.000000
-4547.000000
-3480.000000
-2341.000000
-1137.000000
212.000000
1603.000000
2894.000000
4167.000000
5237.000000
6059.000000
6868.000000
7351.000000
7656.000000
7795.000000
7609.000000
7361.000000
6836.000000
6121.000000
5359.000000
4492.000000
3574.000000
2658.000000
1682.000000
623.000000
-291.000000
-1117.000000
-1832.000000
-2490.000000
-3115.000000
-3640.000000
-4081.000000
-4310.000000
-4419.000000
-4381.000000
-4294.000000
-4145.000000
-3797.000000
-3295.000000
-2652.000000
-1899.000000
-1061.000000
-328.000000
549.000000
1526.000000
2422.000000
3371.000000
4101.000000
4680.000000
5174.000000
5486.000000
5688.000000
5726.000000
5416.000000
4811.000000
4184.000000
3302.000000
2405.000000
1526.000000
316.000000
-918.000000
-2103.000000
-3120.000000
-3904.000000
-4685.000000
-5620.000000
-6375.000000
-6840.000000
-6971.000000
-6784.000000
-6760.000000
-6738.000000
-6500.000000
-5751.000000
-4704.000000
-3834.000000
-2959.000000
-2236.000000
-1264.000000
109.000000
1276.000000
2176.000000
2880.000000
3523.000000
4383.000000
5168.000000
5473.000000
5626.000000
5638.000000
5619.000000
5654.000000
5248.000000
4583.000000
3837.000000
3181.000000
2566.000000
1642.000000
527.000000
-669.000000
-1691.000000
-2502.000000
-3328.000000
-4305.000000
-5288.000000
-6041.000000
-6482.000000
-6665.000000
-6840.000000
-6867.000000
-6709.000000
-6328.000000
-5600.000000
-4720.000000
-3721.000000
-2640.000000
-1437.000000
-173.000000
1083.000000
2354.000000
3552.000000
4691.000000
5606.000000
6325.000000
6826.000000
7115.000000
7318.000000
7315.000000
7097.000000
6555.000000
5850.000000
5108.000000
4336.000000
3543.000000
2618.000000
1615.000000
583.000000
-295.000000
-1043.000000
-1719.000000
-2377.000000
-3039.000000
-3533.000000
-3908.000000
-4134.000000
-4245.000000
-4291.000000
-4245.000000
-4057.000000
-3733.000000
-3357.000000
-2791.000000
-2148.000000
-1382.000000
-526.000000
198.000000
1023.000000
1932.000000
2802.000000
3681.000000
4368.000000
4780.000000
5135.000000
5406.000000
5541.000000
5522.000000
5004.000000
4308.000000
3581.000000
2686.000000
1948.000000
972.000000
-310.000000
-1550.000000
-2640.000000
-3432.000000
-4093.000000
-4937.000000
-5775.000000
-6399.000000
-6703.000000
-6491.000000
-6329.000000
-6319.000000
-6216.000000
-5797.000000
-4797.000000
-3836.000000
-2984.000000
-2202.000000
-1500.000000
-314.000000
1011.000000
1964.000000
2720.000000
3290.000000
3979.000000
4864.000000
5304.000000
5473.000000
5507.000000
5367.000000
5500.000000
5351.000000
4729.000000
4015.000000
3263.000000
2751.000000
2110.000000
1086.000000
-30.000000
-1129.000000
-1986.000000
-2625.000000
-3480.000000
-4481.000000
-5323.000000
-5926.000000
-6149.000000
-6314.000000
-6505.000000
-6505.000000
-6312.000000
-5747.000000
-4998.000000
-4199.000000
-3258.000000
-2203.000000
-984.000000
254.000000
1418.000000
2562.000000
3690.000000
4747.000000
5647.000000
6228.000000
6593.000000
6868.000000
6993.000000
6983.000000
6658.000000
6008.000000
5260.000000
4514.000000
3788.000000
2956.000000
1947.000000
890.000000
-60.000000
-862.000000
-1538.000000
-2162.000000
-2834.000000
-3397.000000
-3741.000000
-3961.000000
-4091.000000
-4126.000000
-4072.000000
-3906.000000
-3638.000000
-3293.000000
-2832.000000
-2301.000000
-1632.000000
-862.000000
-177.000000
483.000000
1246.000000
2110.000000
2923.000000
3638.000000
4200.000000
4535.000000
4834.000000
5095.000000
5195.000000
5039.000000
4463.000000
3794.000000
3066.000000
2202.000000
1464.000000
485.000000
-794.000000
-1948.000000
-2948.000000
-3676.000000
-4299.000000
-5104.000000
-5790.000000
-6334.000000
-6520.000000
-6239.000000
-6053.000000
-5939.000000
-5709.000000
-5128.000000
-4152.000000
-3227.000000
-2352.000000
-1562.000000
-794.000000
382.000000
1545.000000
2385.000000
3092.000000
3645.000000
4365.000000
5059.000000
5327.000000
5484.000000
5446.000000
5363.000000
5424.000000
5068.000000
4415.000000
3722.000000
3049.000000
2518.000000
1750.000000
707.000000
-338.000000
-1362.000000
-2116.000000
-2771.000000
-3671.000000
-4536.000000
-5314.000000
-5775.000000
-5944.000000
-6161.000000
-6181.000000
-6111.000000
-5839.000000
-5185.000000
-4483.000000
-3638.000000
-2638.000000
-1630.000000
-465.000000
695.000000
1745.000000
2889.000000
3915.000000
4847.000000
5615.000000
6058.000000
6433.000000
6620.000000
6695.000000
6594.000000
6108.000000
5482.000000
4763.000000
4026.000000
3328.000000
2427.000000
1389.000000
421.000000
-510.000000
-1243.000000
-1847.000000
-2533.000000
-3152.000000
-3648.000000
-3959.000000
-4093.000000
-4124.000000
-4109.000000
-4048.000000
-3812.000000
-3527.000000
-3103.000000
-2542.000000
-2003.000000
-1337.000000
-648.000000
17.000000
721.000000
1482.000000
2262.000000
2941.000000
3572.000000
4079.000000
4375.000000
4661.000000
4840.000000
4779.000000
4668.000000
4128.000000
3384.000000
2756.000000
1810.000000
1080.000000
243.000000
-1010.000000
-2060.000000
-3084.000000
-3841.000000
-4353.000000
-5073.000000
-5754.000000
-6266.000000
-6483.000000
-6167.000000
-5892.000000
-5713.000000
-5424.000000
-4965.000000
-3944.000000
-2926.000000
-2048.000000
-1150.000000
-443.000000
636.000000
1857.000000
2704.000000
3451.000000
3992.000000
4564.000000
5232.000000
5503.000000
5593.000000
5557.000000
5363.000000
5330.000000
4985.000000
4274.000000
3581.000000
2843.000000
2265.000000
1545.000000
481.000000
-547.000000
-1545.000000
-2325.000000
-2941.000000
-3725.000000
-4593.000000
-5316.000000
-5715.000000
-5874.000000
-5951.000000
-5953.000000
-5836.000000
-5504.000000
-4833.000000
-4032.000000
-3168.000000
-2206.000000
-1202.000000
-24.000000
1114.000000
2156.000000
3228.000000
4177.000000
5028.000000
5746.000000
6199.000000
6441.000000
6584.000000
6603.000000
6432.000000
5996.000000
5306.000000
4551.000000
3781.000000
3031.000000
2165.000000
1138.000000
116.000000
-789.000000
-1509.000000
-2133.000000
-2752.000000
-3354.000000
-3834.000000
-4107.000000
-4178.000000
-4177.000000
-4186.000000
-4026.000000
-3766.000000
-3464.000000
-2965.000000
-2489.000000
-1937.000000
-1251.000000
-583.000000
116.000000
759.000000
1419.000000
2205.000000
2883.000000
3437.000000
3905.000000
4098.000000
4306.000000
4468.000000
4427.000000
4237.000000
3543.000000
2847.000000
2150.000000
1256.000000
628.000000
-370.000000
-1617.000000
-2625.000000
-3560.000000
-4112.000000
-4579.000000
-5354.000000
-5910.000000
-6314.000000
-6360.000000
-5834.000000
-5606.000000
-5433.000000
-5088.000000
-4459.000000
-3298.000000
-2325.000000
-1468.000000
-686.000000
32.000000
1267.000000
2417.000000
3140.000000
3774.000000
4239.000000
4863.000000
5501.000000
5637.000000
5657.000000
5498.000000
5295.000000
5290.000000
4802.000000
4018.000000
3257.000000
2550.000000
1995.000000
1160.000000
94.000000
-971.000000
-1932.000000
-2547.000000
-3128.000000
-3972.000000
-4768.000000
-5329.000000
-5576.000000
-5562.000000
-5586.000000
-5543.000000
-5323.000000
-4838.000000
-4043.000000
-3245.000000
-2403.000000
-1460.000000
-410.000000
738.000000
1772.000000
2734.000000
3676.000000
4533.000000
5341.000000
5946.000000
6162.000000
6290.000000
6394.000000
6323.000000
6089.000000
5523.000000
4731.000000
3950.000000
3223.000000
2507.000000
1604.000000
545.000000
-444.000000
-1260.000000
-1911.000000
-2489.000000
-3076.000000
-3644.000000
-4043.000000
-4204.000000
-4228.000000
-4244.000000
-4164.000000
-3929.000000
-3635.000000
-3254.000000
-2744.000000
-2238.000000
-1621.000000
-879.000000
-195.000000
473.000000
1063.000000
1771.000000
2552.000000
3111.000000
3630.000000
3950.000000
4032.000000
4207.000000
4228.000000
4059.000000
3720.000000
2915.000000
2224.000000
1445.000000
484.000000
-143.000000
-1194.000000
-2359.000000
-3259.000000
-4144.000000
-4600.000000
-5035.000000
-5647.000000
-6023.000000
-6381.000000
-6232.000000
-5686.000000
-5416.000000
-5052.000000
-4703.000000
-3986.000000
-2816.000000
-1921.000000
-943.000000
-182.000000
499.000000
1787.000000
2785.000000
3545.000000
4224.000000
4570.000000
5196.000000
5708.000000
5805.000000
5850.000000
5548.000000
5339.000000
5211.000000
4565.000000
3843.000000
2971.000000
2177.000000
1572.000000
600.000000
-391.000000
-1459.000000
-2429.000000
-2946.000000
-3582.000000
-4297.000000
-4899.000000
-5401.000000
-5493.000000
-5419.000000
-5344.000000
-5096.000000
-4813.000000
-4197.000000
-3365.000000
-2584.000000
-1621.000000
-678.000000
387.000000
1524.000000
2446.000000
3399.000000
4261.000000
5029.000000
5805.000000
6241.000000
6369.000000
6459.000000
6393.000000
6238.000000
5897.000000
5208.000000
4409.000000
3532.000000
2767.000000
1990.000000
1003.000000
9.000000
-964.000000
-1756.000000
-2378.000000
-2974.000000
-3526.000000
-4003.000000
-4326.000000
-4407.000000
-4385.000000
-4350.000000
-4193.000000
-3913.000000
-3507.000000
-3035.000000
-2476.000000
-1867.000000
-1228.000000
-444.000000
314.000000
1011.000000
1673.000000
2313.000000
2958.000000
3494.000000
3949.000000
4160.000000
4195.000000
4177.000000
3978.000000
3743.000000
3330.000000
2506.000000
1676.000000
757.000000
-257.000000
-934.000000
-1881.000000
-3007.000000
-3941.000000
-4862.000000
-5286.000000
-5535.000000
-5978.000000
-6314.000000
-6590.000000
-6388.000000
-5783.000000
-5277.000000
-4803.000000
-4436.000000
-3708.000000
-2517.000000
-1499.000000
-493.000000
263.000000
947.000000
2178.000000
3203.000000
3966.000000
4581.000000
4827.000000
5368.000000
5882.000000
5936.000000
5858.000000
5448.000000
5132.000000
4912.000000
4285.000000
3511.000000
2515.000000
1644.000000
1007.000000
97.000000
-865.000000
-1938.000000
-2887.000000
-3362.000000
-3913.000000
-4507.000000
-5043.000000
-5493.000000
-5470.000000
-5283.000000
-5091.000000
-4792.000000
-4478.000000
-3739.000000
-2831.000000
-1932.000000
-954.000000
-98.000000
1005.000000
2155.000000
3136.000000
4067.000000
4768.000000
5439.000000
6130.000000
6514.000000
6643.000000
6548.000000
6314.000000
6099.000000
5645.000000
4990.000000
4148.000000
3174.000000
2419.000000
1570.000000
658.000000
-279.000000
-1295.000000
-1978.000000
-2577.000000
-3160.000000
-3632.000000
-4114.000000
-4379.000000
-4372.000000
-4344.000000
-4244.000000
-4080.000000
-3809.000000
-3246.000000
-2717.000000
-2110.000000
-1455.000000
-842.000000
19.000000
814.000000
1545.000000
2221.000000
2744.000000
3343.000000
3815.000000
4141.000000
4341.000000
4259.000000
4061.000000
3804.000000
3349.000000
2880.000000
2072.000000
1068.000000
186.000000
-933.000000
-1690.000000
-2517.000000
-3617.000000
-4471.000000
-5362.000000
-5812.000000
-5928.000000
-6253.000000
-6496.000000
-6655.000000
-6519.000000
-5864.000000
-5245.000000
-4719.000000
-4248.000000
-3631.000000
-2432.000000
-1311.000000
-276.000000
629.000000
1241.000000
2395.000000
3468.000000
4268.000000
4953.000000
5144.000000
5519.000000
5956.000000
5978.000000
5856.000000
5395.000000
4866.000000
4515.000000
3850.000000
3057.000000
2049.000000
1045.000000
378.000000
-511.000000
-1392.000000
-2328.000000
-3286.000000
-3729.000000
-4192.000000
-4655.000000
-5029.000000
-5407.000000
-5367.000000
-5092.000000
-4821.000000
-4438.000000
-4030.000000
-3333.000000
-2366.000000
-1434.000000
-415.000000
487.000000
1512.000000
2684.000000
3678.000000
4606.000000
5269.000000
5828.000000
6423.000000
6764.000000
6859.000000
6682.000000
6308.000000
5929.000000
5418.000000
4745.000000
3864.000000
2844.000000
1982.000000
1145.000000
294.000000
-571.000000
-1509.000000
-2220.000000
-2790.000000
-3274.000000
-3675.000000
-4116.000000
-4357.000000
-4361.000000
-4300.000000
-4157.000000
-3977.000000
-3680.000000
-3115.000000
-2493.000000
-1809.000000
-1119.000000
-469.000000
392.000000
1275.000000
2065.000000
2741.000000
3231.000000
3681.000000
4082.000000
4368.000000
4487.000000
4313.000000
3914.000000
3497.000000
2942.000000
2377.000000
1636.000000
556.000000
-409.000000
-1505.000000
-2366.000000
-2992.000000
-3942.000000
-4742.000000
-5480.000000
-6035.000000
-6046.000000
-6143.000000
-6334.000000
-6386.000000
-6361.000000
-5773.000000
-5076.000000
-4524.000000
-3946.000000
-3449.000000
-2372.000000
-1149.000000
-119.000000
918.000000
1545.000000
2544.000000
3710.000000
4489.000000
5193.000000
5373.000000
5517.000000
5894.000000
5865.000000
5645.000000
5097.000000
4367.000000
3920.000000
3244.000000
2470.000000
1504.000000
413.000000
-225.000000
-948.000000
-1687.000000
-2471.000000
-3421.000000
-3863.000000
-4214.000000
-4575.000000
-4844.000000
-5279.000000
-5333.000000
-5049.000000
-4734.000000
-4287.000000
-3888.000000
-3238.000000
-2219.000000
-1185.000000
-34.000000
932.000000
1900.000000
3107.000000
4164.000000
5123.000000
5757.000000
6108.000000
6514.000000
6740.000000
6762.000000
6530.000000
5956.000000
5377.000000
4827.000000
4168.000000
3407.000000
2479.000000
1605.000000
839.000000
110.000000
-569.000000
-1392.000000
-2102.000000
-2658.000000
-3132.000000
-3502.000000
-3929.000000
-4228.000000
-4294.000000
-4227.000000
-4017.000000
-3752.000000
-3409.000000
-2841.000000
-2089.000000
-1292.000000
-513.000000
271.000000
1065.000000
1896.000000
2697.000000
3309.000000
3730.000000
4025.000000
4218.000000
4356.000000
4321.000000
4094.000000
3676.000000
3114.000000
2516.000000
1855.000000
1216.000000
322.000000
-664.000000
-1589.000000
-2565.000000
-3225.000000
-3885.000000
-4682.000000
-5359.000000
-6004.000000
-6247.000000
-6236.000000
-6370.000000
-6370.000000
-6351.000000
-6027.000000
-5257.000000
-4557.000000
-3822.000000
-3170.000000
-2317.000000
-1009.000000
107.000000
1208.000000
2057.000000
2715.000000
3732.000000
4516.000000
5084.000000
5326.000000
5204.000000
5299.000000
5291.000000
5010.000000
4563.000000
3826.000000
3237.000000
2723.000000
2097.000000
1358.000000
387.000000
-377.000000
-983.000000
-1677.000000
-2353.000000
-3208.000000
-3905.000000
-4314.000000
-4686.000000
-4940.000000
-5286.000000
-5425.000000
-5182.000000
-4766.000000
-4187.000000
-3639.000000
-2927.000000
-1935.000000
-812.000000
398.000000
1403.000000
2281.000000
3273.000000
4185.000000
5014.000000
5588.000000
5814.000000
6002.000000
6105.000000
6111.000000
5979.000000
5537.000000
5037.000000
4528.000000
4038.000000
3477.000000
2713.000000
1932.000000
1127.000000
396.000000
-328.000000
-1194.000000
-1990.000000
-2693.000000
-3282.000000
-3668.000000
-4050.000000
-4325.000000
-4349.000000
-4183.000000
-3780.000000
-3333.000000
-2845.000000
-2197.000000
-1463.000000
-590.000000
205.000000
909.000000
1583.000000
2170.000000
2829.000000
3312.000000
3614.000000
3851.000000
3891.000000
3964.000000
3981.000000
3759.000000
3512.000000
3029.000000
2467.000000
1938.000000
1238.000000
555.000000
-361.000000
-1356.000000
-2280.000000
-3222.000000
-3867.000000
-4546.000000
-5254.000000
-5806.000000
-6301.000000
-6358.000000
-6239.000000
-6149.000000
-5919.000000
-5711.000000
-5176.000000
-4340.000000
-3555.000000
-2758.000000
-2070.000000
-1193.000000
-83.000000
918.000000
1889.000000
2518.000000
3143.000000
3921.000000
4504.000000
4968.000000
5007.000000
4893.000000
4875.000000
4688.000000
4425.000000
3853.000000
3102.000000
2501.000000
1885.000000
1283.000000
459.000000
-485.000000
-1190.000000
-1853.000000
-2407.000000
-3021.000000
-3815.000000
-4335.000000
-4685.000000
-4845.000000
-4924.000000
-5107.000000
-4991.000000
-4668.000000
-4107.000000
-3382.000000
-2716.000000
-1885.000000
-931.000000
157.000000
1268.000000
2151.000000
2989.000000
3770.000000
4468.000000
5113.000000
5476.000000
5623.000000
5695.000000
5691.000000
5653.000000
5427.000000
5032.000000
4568.000000
4042.000000
3515.000000
2848.000000
2097.000000
1276.000000
438.000000
-302.000000
-1119.000000
-1917.000000
-2629.000000
-3247.000000
-3607.000000
-3856.000000
-4019.000000
-4026.000000
-3893.000000
-3492.000000
-2971.000000
-2422.000000
-1822.000000
-1239.000000
-555.000000
188.000000
780.000000
1368.000000
1850.000000
2343.000000
2893.000000
3235.000000
3534.000000
3677.000000
3732.000000
3882.000000
3827.000000
3629.000000
3313.000000
2775.000000
2249.000000
1614.000000
869.000000
133.000000
-796.000000
-1717.000000
-2611.000000
-3534.000000
-4193.000000
-4760.000000
-5218.000000
-5580.000000
-5915.000000
-5925.000000
-5794.000000
-5527.000000
-5163.000000
-4893.000000
-4429.000000
-3767.000000
-3013.000000
-2213.000000
-1572.000000
-843.000000
96.000000
1074.000000
2042.000000
2758.000000
3280.000000
3835.000000
4350.000000
4794.000000
4874.000000
4673.000000
4413.000000
4056.000000
3716.000000
3184.000000
2495.000000
1812.000000
1203.000000
686.000000
68.000000
-672.000000
-1379.000000
-1988.000000
-2460.000000
-2945.000000
-3554.000000
-4151.000000
-4626.000000
-4793.000000
-4808.000000
-4797.000000
-4661.000000
-4377.000000
-3806.000000
-3006.000000
-2165.000000
-1315.000000
-472.000000
511.000000
1495.000000
2354.000000
3078.000000
3561.000000
4053.000000
4537.000000
4884.000000
5118.000000
5140.000000
5110.000000
5136.000000
5051.000000
4848.000000
4472.000000
3915.000000
3327.000000
2668.000000
1896.000000
996.000000
70.000000
-756.000000
-1499.000000
-2139.000000
-2741.000000
-3228.000000
-3496.000000
-3571.000000
-3464.000000
-3320.000000
-3148.000000
-2841.000000
-2432.000000
-1954.000000
-1470.000000
-1019.000000
-514.000000
3.000000
583.000000
1158.000000
1640.000000
2174.000000
2692.000000
3189.000000
3583.000000
3778.000000
3872.000000
3826.000000
3696.000000
3452.000000
3014.000000
2487.000000
1892.000000
1228.000000
580.000000
-154.000000
-864.000000
-1494.000000
-2204.000000
-2875.000000
-3551.000000
-4161.000000
-4543.000000
-4828.000000
-5025.000000
-5233.000000
-5343.000000
-5243.000000
-4989.000000
-4608.000000
-4254.000000
-3853.000000
-3234.000000
-2471.000000
-1637.000000
-857.000000
-220.000000
573.000000
1484.000000
2381.000000
3107.000000
3513.000000
3783.000000
4031.000000
4281.000000
4351.000000
4115.000000
3728.000000
3311.000000
2983.000000
2615.000000
2068.000000
1456.000000
882.000000
386.000000
-83.000000
-707.000000
-1486.000000
-2198.000000
-2783.000000
-3228.000000
-3674.000000
-4136.000000
-4513.000000
-4650.000000
-4528.000000
-4276.000000
-3978.000000
-3599.000000
-3031.000000
-2296.000000
-1519.000000
-795.000000
-166.000000
501.000000
1280.000000
2036.000000
2679.000000
3138.000000
3531.000000
3974.000000
4462.000000
4871.000000
5101.000000
5136.000000
5018.000000
4893.000000
4623.000000
4136.000000
3495.000000
2727.000000
1950.000000
1223.000000
476.000000
-278.000000
-940.000000
-1473.000000
-1836.000000
-2127.000000
-2407.000000
-2635.000000
-2820.000000
-2883.000000
-2904.000000
-2834.000000
-2720.000000
-2555.000000
-2203.000000
-1776.000000
-1262.000000
-662.000000
-15.000000
647.000000
1332.000000
1941.000000
2423.000000
2831.000000
3082.000000
3254.000000
3317.000000
3279.000000
3151.000000
2921.000000
2660.000000
2348.000000
2061.000000
1757.000000
1375.000000
890.000000
342.000000
-279.000000
-881.000000
-1537.000000
-2348.000000
-3122.000000
-3911.000000
-4461.000000
-4758.000000
-4923.000000
-4952.000000
-4921.000000
-4692.000000
-4341.000000
-3876.000000
-3435.000000
-3123.000000
-2752.000000
-2279.000000
-1728.000000
-1115.000000
-591.000000
-62.000000
669.000000
1475.000000
2377.000000
3113.000000
3558.000000
3885.000000
4060.000000
4167.000000
4048.000000
3667.000000
3190.000000
2632.000000
2179.000000
1740.000000
1231.000000
766.000000
319.000000
-47.000000
-359.000000
-841.000000
-1411.000000
-2037.000000
-2675.000000
-3153.000000
-3598.000000
-4005.000000
-4280.000000
-4408.000000
-4289.000000
-3978.000000
-3524.000000
-2984.000000
-2388.000000
-1675.000000
-964.000000
-291.000000
299.000000
787.000000
1307.000000
1839.000000
2364.000000
2868.000000
3273.000000
3668.000000
4112.000000
4507.000000
4803.000000
4928.000000
4816.000000
4569.000000
4180.000000
3613.000000
2919.000000
2128.000000
1366.000000
702.000000
137.000000
-357.000000
-772.000000
-1132.000000
-1425.000000
-1645.000000
-1860.000000
-2110.000000
-2369.000000
-2604.000000
-2814.000000
-2892.000000
-2834.000000
-2621.000000
-2250.000000
-1755.000000
-1135.000000
-433.000000
283.000000
940.000000
1528.000000
1970.000000
2328.000000
2645.000000
2787.000000
2806.000000
2762.000000
2677.000000
2661.000000
2643.000000
2556.000000
2387.000000
2114.000000
1865.000000
1539.000000
1042.000000
468.000000
-269.000000
-945.000000
-1600.000000
-2333.000000
-3000.000000
-3695.000000
-4152.000000
-4258.000000
-4238.000000
-4130.000000
-4032.000000
-3974.000000
-3812.000000
-3594.000000
-3396.000000
-3246.000000
-3080.000000
-2721.000000
-2185.000000
-1437.000000
-684.000000
38.000000
853.000000
1668.000000
2541.000000
3240.000000
3571.000000
3646.000000
3526.000000
3321.000000
3052.000000
2712.000000
2327.000000
1963.000000
1763.000000
1658.000000
1547.000000
1377.000000
1022.000000
608.000000
160.000000
-416.000000
-1055.000000
-1841.000000
-2664.000000
-3319.000000
-3795.000000
-4024.000000
-4046.000000
-3909.000000
-3639.000000
-3305.000000
-2853.000000
-2403.000000
-1982.000000
-1568.000000
-1248.000000
-857.000000
-400.000000
107.000000
712.000000
1300.000000
1915.000000
2583.000000
3218.000000
3787.000000
4192.000000
4405.000000
4440.000000
4370.000000
4205.000000
3872.000000
3455.000000
2960.000000
2488.000000
2113.000000
1758.000000
1416.000000
1044.000000
653.000000
278.000000
-160.000000
-686.000000
-1244.000000
-1826.000000
-2325.000000
-2710.000000
-2985.000000
-3102.000000
-3047.000000
-2779.000000
-2368.000000
-1857.000000
-1325.000000
-829.000000
-363.000000
17.000000
329.000000
617.000000
881.000000
1163.000000
1480.000000
1764.000000
2039.000000
2328.000000
2563.000000
2759.000000
2849.000000
2768.000000
2570.000000
2242.000000
1878.000000
1460.000000
957.000000
454.000000
-58.000000
-491.000000
-859.000000
-1297.000000
-1734.000000
-2249.000000
-2769.000000
-3083.000000
-3361.000000
-3515.000000
-3606.000000
-3726.000000
-3687.000000
-3572.000000
-3380.000000
-3126.000000
-2870.000000
-2511.000000
-2007.000000
-1387.000000
-752.000000
-210.000000
276.000000
698.000000
1136.000000
1613.000000
1929.000000
2159.000000
2274.000000
2282.000000
2315.000000
2310.000000
2245.000000
2152.000000
2043.000000
1937.000000
1845.000000
1680.000000
1369.000000
915.000000
354.000000
-251.000000
-803.000000
-1303.000000
-1740.000000
-2086.000000
-2339.000000
-2487.000000
-2548.000000
-2555.000000
-2553.000000
-2534.000000
-2459.000000
-2324.000000
-2127.000000
-1881.000000
-1646.000000
-1351.000000
-1009.000000
-571.000000
-5.000000
567.000000
1148.000000
1672.000000
2063.000000
2358.000000
2542.000000
2675.000000
2794.000000
2898.000000
3009.000000
3076.000000
3114.000000
3113.000000
2983.000000
2764.000000
2449.000000
2075.000000
1721.000000
1308.000000
865.000000
376.000000
-117.000000
-520.000000
-877.000000
-1159.000000
-1381.000000
-1528.000000
-1593.000000
-1632.000000
-1642.000000
-1653.000000
-1639.000000
-1570.000000
-1429.000000
-1215.000000
-953.000000
-635.000000
-277.000000
68.000000
381.000000
654.000000
880.000000
1118.000000
1293.000000
1419.000000
1506.000000
1520.000000
1555.000000
1531.000000
1478.000000
1431.000000
1336.000000
1273.000000
1185.000000
1005.000000
784.000000
454.000000
63.000000
-338.000000
-813.000000
-1251.000000
-1655.000000
-1951.000000
-2082.000000
-2119.000000
-2048.000000
-1960.000000
-1874.000000
-1809.000000
-1801.000000
-1841.000000
-1944.000000
-2041.000000
-2057.000000
-1931.000000
-1650.000000
-1246.000000
-816.000000
-389.000000
-12.000000
280.000000
495.000000
593.000000
590.000000
539.000000
503.000000
473.000000
523.000000
577.000000
628.000000
744.000000
817.000000
919.000000
992.000000
932.000000
778.000000
466.000000
71.000000
-289.000000
-602.000000
-808.000000
-892.000000
-877.000000
-756.000000
-600.000000
-494.000000
-491.000000
-627.000000
-770.000000
-905.000000
-990.000000
-995.000000
-964.000000
-806.000000
-580.000000
-302.000000
6.000000
252.000000
489.000000
700.000000
854.000000
921.000000
920.000000
887.000000
901.000000
1013.000000
1185.000000
1404.000000
1607.000000
1801.000000
1913.000000
1906.000000
1752.000000
1476.000000
1172.000000
885.000000
690.000000
567.000000
493.000000
467.000000
463.000000
448.000000
405.000000
316.000000
191.000000
63.000000
-42.000000
-107.000000
-172.000000
-228.000000
-267.000000
-302.000000
-279.000000
-244.000000
-181.000000
-117.000000
-88.000000
-62.000000
-112.000000
-181.000000
-247.000000
-300.000000
-285.000000
-224.000000
-119.000000
-3.000000
78.000000
120.000000
135.000000
103.000000
63.000000
2.000000
-52.000000
-66.000000
-74.000000
-23.000000
7.000000
37.000000
50.000000
12.000000
21.000000
1.000000
22.000000
64.000000
55.000000
32.000000
-46.000000
-170.000000
-335.000000
-535.000000
-734.000000
-884.000000
-958.000000
-926.000000
-832.000000
-743.000000
-703.000000
-739.000000
-816.000000
-926.000000
-1055.000000
-1179.000000
-1253.000000
-1247.000000
-1165.000000
-1029.000000
-902.000000
-779.000000
-674.000000
-587.000000
-446.000000
-328.000000
-232.000000
-134.000000
-95.000000
-49.000000
6.000000
70.000000
178.000000
299.000000
460.000000
625.000000
750.000000
816.000000
792.000000
707.000000
583.000000
457.000000
355.000000
260.000000
221.000000
245.000000
275.000000
326.000000
338.000000
299.000000
234.000000
163.000000
117.000000
64.000000
15.000000
-36.000000
-56.000000
-49.000000
-49.000000
-15.000000
28.000000
85.000000
180.000000
264.000000
319.000000
365.000000
384.000000
435.000000
519.000000
639.000000
807.000000
990.000000
1159.000000
1285.000000
1340.000000
1314.000000
1213.000000
1081.000000
930.000000
773.000000
662.000000
569.000000
489.000000
435.000000
356.000000
252.000000
121.000000
-29.000000
-173.000000
-325.000000
-458.000000
-571.000000
-681.000000
-754.000000
-838.000000
-900.000000
-943.000000
-985.000000
-973.000000
-934.000000
-845.000000
-714.000000
-561.000000
-360.000000
-159.000000
38.000000
242.000000
415.000000
573.000000
703.000000
770.000000
826.000000
841.000000
801.000000
775.000000
720.000000
706.000000
725.000000
748.000000
757.000000
680.000000
551.000000
341.000000
84.000000
-201.000000
-526.000000
-813.000000
-1027.000000
-1157.000000
-1198.000000
-1218.000000
-1261.000000
-1322.000000
-1413.000000
-1534.000000
-1678.000000
-1824.000000
-1925.000000
-1906.000000
-1742.000000
-1478.000000
-1145.000000
-829.000000
-550.000000
-300.000000
-127.000000
-17.000000
34.000000
63.000000
134.000000
237.000000
370.000000
475.000000
570.000000
667.000000
721.000000
780.000000
785.000000
699.000000
603.000000
480.000000
353.000000
261.000000
137.000000
54.000000
2.000000
-43.000000
-48.000000
-99.000000
-149.000000
-226.000000
-303.000000
-353.000000
-446.000000
-497.000000
-485.000000
-405.000000
-227.000000
-19.000000
185.000000
392.000000
549.000000
683.000000
788.000000
859.000000
933.000000
986.000000
1057.000000
1103.000000
1141.000000
1154.000000
1116.000000
1080.000000
1002.000000
930.000000
887.000000
809.000000
733.000000
644.000000
553.000000
479.000000
394.000000
275.000000
136.000000
-15.000000
-152.000000
-291.000000
-435.000000
-581.000000
-714.000000
-761.000000
-758.000000
-698.000000
-589.000000
-486.000000
-359.000000
-229.000000
-96.000000
18.000000
107.000000
174.000000
216.000000
264.000000
305.000000
363.000000
434.000000
511.000000
575.000000
613.000000
619.000000
597.000000
570.000000
519.000000
476.000000
411.000000
337.000000
266.000000
164.000000
39.000000
-106.000000
-266.000000
-414.000000
-519.000000
-593.000000
-644.000000
-706.000000
-795.000000
-884.000000
-970.000000
-1043.000000
-1107.000000
-1132.000000
-1108.000000
-1014.000000
-854.000000
-676.000000
-508.000000
-387.000000
-290.000000
-227.000000
-202.000000
-197.000000
-206.000000
-191.000000
-145.000000
-81.000000
-14.000000
30.000000
39.000000
31.000000
-9.000000
-52.000000
-92.000000
-153.000000
-181.000000
-202.000000
-239.000000
-284.000000
-370.000000
-465.000000
-561.000000
-641.000000
-702.000000
-743.000000
-736.000000
-699.000000
-625.000000
-546.000000
-476.000000
-401.000000
-325.000000
-234.000000
-133.000000
-19.000000
106.000000
248.000000
396.000000
538.000000
666.000000
762.000000
803.000000
815.000000
819.000000
808.000000
800.000000
795.000000
792.000000
810.000000
818.000000
803.000000
766.000000
710.000000
650.000000
572.000000
500.000000
411.000000
348.000000
299.000000
226.000000
158.000000
95.000000
55.000000
42.000000
30.000000
18.000000
43.000000
98.000000
176.000000
259.000000
344.000000
430.000000
535.000000
640.000000
718.000000
781.000000
794.000000
797.000000
788.000000
741.000000
689.000000
613.000000
551.000000
517.000000
475.000000
413.000000
329.000000
230.000000
128.000000
44.000000
-25.000000
-113.000000
-213.000000
-305.000000
-432.000000
-534.000000
-615.000000
-708.000000
-753.000000
-781.000000
-791.000000
-761.000000
-731.000000
-711.000000
-685.000000
-653.000000
-595.000000
-506.000000
-394.000000
-280.000000
-179.000000
-73.000000
7.000000
69.000000
116.000000
126.000000
117.000000
98.000000
79.000000
58.000000
15.000000
-23.000000
-64.000000
-102.000000
-144.000000
-187.000000
-250.000000
-340.000000
-421.000000
-522.000000
-615.000000
-713.000000
-808.000000
-877.000000
-920.000000
-949.000000
-967.000000
-972.000000
-975.000000
-966.000000
-927.000000
-884.000000
-833.000000
-755.000000
-675.000000
-578.000000
-448.000000
-331.000000
-199.000000
-78.000000
29.000000
145.000000
229.000000
310.000000
366.000000
395.000000
403.000000
371.000000
344.000000
332.000000
323.000000
322.000000
307.000000
285.000000
279.000000
273.000000
270.000000
272.000000
242.000000
203.000000
172.000000
140.000000
142.000000
144.000000
166.000000
214.000000
260.000000
324.000000
377.000000
414.000000
466.000000
544.000000
647.000000
760.000000
876.000000
998.000000
1100.000000
1179.000000
1250.000000
1281.000000
1315.000000
1314.000000
1272.000000
1204.000000
1080.000000
965.000000
863.000000
732.000000
630.000000
532.000000
446.000000
393.000000
325.000000
235.000000
111.000000
-23.000000
-150.000000
-273.000000
-380.000000
-484.000000
-572.000000
-613.000000
-655.000000
-670.000000
-678.000000
-685.000000
-651.000000
-625.000000
-568.000000
-508.000000
-462.000000
-411.000000
-367.000000
-310.000000
-247.000000
-185.000000
-104.000000
-41.000000
18.000000
65.000000
74.000000
72.000000
35.000000
-25.000000
-73.000000
-121.000000
-163.000000
-192.000000
-225.000000
-262.000000
-315.000000
-378.000000
-446.000000
-506.000000
-559.000000
-630.000000
-684.000000
-734.000000
-771.000000
-794.000000
-805.000000
-796.000000
-773.000000
-750.000000
-725.000000
-686.000000
-642.000000
-592.000000
-517.000000
-441.000000
-364.000000
-268.000000
-193.000000
-120.000000
-67.000000
-26.000000
15.000000
39.000000
61.000000
68.000000
59.000000
36.000000
7.000000
-37.000000
-67.000000
-89.000000
-95.000000
-98.000000
-112.000000
-130.000000
-158.000000
-164.000000
-149.000000
-140.000000
-123.000000
-96.000000
-61.000000
-23.000000
4.000000
26.000000
70.000000
136.000000
231.000000
346.000000
458.000000
565.000000
674.000000
777.000000
888.000000
976.000000
1041.000000
1087.000000
1131.000000
1175.000000
1186.000000
1166.000000
1116.000000
1042.000000
975.000000
908.000000
821.000000
756.000000
676.000000
619.000000
578.000000
505.000000
417.000000
320.000000
219.000000
136.000000
75.000000
24.000000
-29.000000
-66.000000
-83.000000
-99.000000
-96.000000
-105.000000
-111.000000
-92.000000
-75.000000
-46.000000
-23.000000
-3.000000
12.000000
15.000000
24.000000
16.000000
25.000000
39.000000
42.000000
54.000000
34.000000
8.000000
-30.000000
-101.000000
-178.000000
-255.000000
-335.000000
-405.000000
-463.000000
-510.000000
-554.000000
-591.000000
-618.000000
-654.000000
-688.000000
-715.000000
-741.000000
-752.000000
-751.000000
-747.000000
-738.000000
-738.000000
-724.000000
-704.000000
-677.000000
-616.000000
-549.000000
-472.000000
-390.000000
-339.000000
-304.000000
-279.000000
-262.000000
-235.000000
-199.000000
-148.000000
-93.000000
-64.000000
-59.000000
-79.000000
-116.000000
-172.000000
-214.000000
-238.000000
-255.000000
-254.000000
-254.000000
-247.000000
-249.000000
-243.000000
-241.000000
-248.000000
-253.000000
-259.000000
-242.000000
-217.000000
-183.000000
-140.000000
-97.000000
-40.000000
48.000000
132.000000
209.000000
290.000000
360.000000
444.000000
539.000000
614.000000
697.000000
764.000000
833.000000
878.000000
901.000000
913.000000
893.000000
874.000000
844.000000
802.000000
744.000000
685.000000
616.000000
547.000000
485.000000
414.000000
355.000000
301.000000
255.000000
222.000000
174.000000
134.000000
99.000000
78.000000
67.000000
62.000000
61.000000
68.000000
88.000000
107.000000
143.000000
183.000000
217.000000
247.000000
262.000000
285.000000
313.000000
334.000000
351.000000
364.000000
381.000000
387.000000
381.000000
364.000000
320.000000
261.000000
212.000000
134.000000
76.000000
20.000000
-57.000000
-116.000000
-182.000000
-248.000000
-322.000000
-393.000000
-449.000000
-502.000000
-550.000000
-581.000000
-600.000000
-604.000000
-622.000000
-644.000000
-660.000000
-686.000000
-692.000000
-681.000000
-649.000000
-594.000000
-543.000000
-483.000000
-432.000000
-398.000000
-367.000000
-341.000000
-319.000000
-306.000000
-311.000000
-311.000000
-310.000000
-302.000000
-291.000000
-305.000000
-317.000000
-333.000000
-353.000000
-362.000000
-385.000000
-412.000000
-427.000000
-438.000000
-429.000000
-412.000000
-396.000000
-382.000000
-363.000000
-325.000000
-283.000000
-244.000000
-205.000000
-168.000000
-128.000000
-80.000000
-18.000000
51.000000
122.000000
209.000000
286.000000
372.000000
456.000000
524.000000
591.000000
645.000000
691.000000
733.000000
754.000000
757.000000
741.000000
699.000000
651.000000
582.000000
523.000000
475.000000
428.000000
391.000000
338.000000
282.000000
228.000000
173.000000
117.000000
70.000000
26.000000
-6.000000
-17.000000
-20.000000
-8.000000
-11.000000
-14.000000
6.000000
45.000000
88.000000
135.000000
185.000000
249.000000
307.000000
354.000000
388.000000
410.000000
432.000000
440.000000
459.000000
481.000000
489.000000
496.000000
498.000000
471.000000
439.000000
384.000000
322.000000
256.000000
189.000000
112.000000
38.000000
-15.000000
-84.000000
-135.000000
-193.000000
-244.000000
-290.000000
-335.000000
-357.000000
-385.000000
-402.000000
-408.000000
-413.000000
-413.000000
-412.000000
-409.000000
-382.000000
-358.000000
-334.000000
-301.000000
-273.000000
-240.000000
-218.000000
-209.000000
-209.000000
-228.000000
-238.000000
-249.000000
-274.000000
-289.000000
-318.000000
-345.000000
-385.000000
-438.000000
-488.000000
-543.000000
-578.000000
-595.000000
-596.000000
-588.000000
-592.000000
-585.000000
-567.000000
-546.000000
-521.000000
-484.000000
-450.000000
-410.000000
-362.000000
-314.000000
-251.000000
-196.000000
-124.000000
-45.000000
48.000000
134.000000
210.000000
285.000000
344.000000
394.000000
436.000000
475.000000
518.000000
557.000000
587.000000
611.000000
606.000000
587.000000
553.000000
506.000000
454.000000
402.000000
360.000000
306.000000
259.000000
202.000000
138.000000
100.000000
60.000000
27.000000
6.000000
-20.000000
-41.000000
-58.000000
-56.000000
-33.000000
-17.000000
20.000000
70.000000
130.000000
197.000000
242.000000
285.000000
324.000000
361.000000
402.000000
438.000000
478.000000
507.000000
524.000000
547.000000
552.000000
537.000000
511.000000
478.000000
428.000000
390.000000
345.000000
285.000000
229.000000
155.000000
83.000000
19.000000
-42.000000
-118.000000
-182.000000
-234.000000
-287.000000
-317.000000
-346.000000
-368.000000
-380.000000
-388.000000
-378.000000
-366.000000
-354.000000
-326.000000
-300.000000
-269.000000
-225.000000
-184.000000
-143.000000
-100.000000
-77.000000
-58.000000
-44.000000
-49.000000
-65.000000
-99.000000
-119.000000
-147.000000
-184.000000
-217.000000
-270.000000
-311.000000
-349.000000
-398.000000
-445.000000
-496.000000
-545.000000
-593.000000
-631.000000
-663.000000
-686.000000
-688.000000
-670.000000
-643.000000
-608.000000
-564.000000
-511.000000
-443.000000
-368.000000
-287.000000
-215.000000
-131.000000
-52.000000
37.000000
126.000000
206.000000
278.000000
344.000000
420.000000
485.000000
535.000000
564.000000
587.000000
594.000000
591.000000
584.000000
564.000000
547.000000
514.000000
475.000000
414.000000
345.000000
270.000000
182.000000
100.000000
18.000000
-39.000000
-97.000000
-142.000000
-169.000000
-195.000000
-192.000000
-182.000000
-169.000000
-136.000000
-110.000000
-73.000000
-15.000000
33.000000
95.000000
160.000000
228.000000
286.000000
345.000000
409.000000
466.000000
516.000000
558.000000
580.000000
598.000000
606.000000
608.000000
605.000000
597.000000
577.000000
544.000000
490.000000
420.000000
349.000000
271.000000
195.000000
111.000000
35.000000
-41.000000
-106.000000
-164.000000
-224.000000
-289.000000
-348.000000
-389.000000
-411.000000
-432.000000
-445.000000
-435.000000
-418.000000
-376.000000
-335.000000
-295.000000
-250.000000
-210.000000
-166.000000
-117.000000
-62.000000
-30.000000
-3.000000
26.000000
44.000000
57.000000
46.000000
16.000000
-6.000000
-33.000000
-66.000000
-108.000000
-164.000000
-222.000000
-294.000000
-370.000000
-448.000000
-512.000000
-571.000000
-617.000000
-650.000000
-676.000000
-693.000000
-704.000000
-697.000000
-676.000000
-631.000000
-579.000000
-511.000000
-430.000000
-358.000000
-273.000000
-191.000000
-112.000000
-14.000000
72.000000
153.000000
245.000000
338.000000
421.000000
492.000000
557.000000
605.000000
635.000000
641.000000
639.000000
613.000000
583.000000
544.000000
486.000000
428.000000
361.000000
298.000000
235.000000
172.000000
109.000000
42.000000
-35.000000
-98.000000
-149.000000
-204.000000
-240.000000
-258.000000
-265.000000
-251.000000
-227.000000
-191.000000
-142.000000
-100.000000
-53.000000
0.000000
51.000000
111.000000
176.000000
251.000000
323.000000
374.000000
429.000000
471.000000
507.000000
531.000000
550.000000
566.000000
564.000000
539.000000
511.000000
471.000000
419.000000
371.000000
314.000000
256.000000
184.000000
122.000000
57.000000
-7.000000
-81.000000
-153.000000
-223.000000
-285.000000
-326.000000
-362.000000
-377.000000
-383.000000
-380.000000
-377.000000
-363.000000
-343.000000
-334.000000
-308.000000
-275.000000
-219.000000
-147.000000
-96.000000
-51.000000
-9.000000
25.000000
58.000000
80.000000
90.000000
97.000000
82.000000
74.000000
59.000000
31.000000
-11.000000
-75.000000
-130.000000
-191.000000
-259.000000
-317.000000
-371.000000
-425.000000
-477.000000
-518.000000
-555.000000
-591.000000
-610.000000
-624.000000
-613.000000
-595.000000
-573.000000
-538.000000
-491.000000
-421.000000
-344.000000
-271.000000
-190.000000
-110.000000
-38.000000
43.000000
129.000000
209.000000
279.000000
335.000000
392.000000
434.000000
464.000000
481.000000
495.000000
495.000000
486.000000
479.000000
439.000000
393.000000
329.000000
268.000000
208.000000
154.000000
106.000000
49.000000
-6.000000
-51.000000
-78.000000
-111.000000
-144.000000
-161.000000
-156.000000
-134.000000
-110.000000
-73.000000
-50.000000
-17.000000
21.000000
67.000000
126.000000
188.000000
252.000000
305.000000
350.000000
385.000000
411.000000
434.000000
449.000000
464.000000
486.000000
482.000000
484.000000
484.000000
462.000000
440.000000
401.000000
354.000000
301.000000
246.000000
190.000000
127.000000
69.000000
12.000000
-40.000000
-92.000000
-133.000000
-162.000000
-208.000000
-236.000000
-258.000000
-286.000000
-292.000000
-307.000000
-306.000000
-291.000000
-267.000000
-231.000000
-210.000000
-184.000000
-156.000000
-121.000000
-96.000000
-69.000000
-50.000000
-21.000000
-6.000000
-5.000000
-2.000000
-10.000000
-25.000000
-50.000000
-82.000000
-114.000000
-146.000000
-182.000000
-218.000000
-256.000000
-292.000000
-340.000000
-384.000000
-419.000000
-452.000000
-477.000000
-499.000000
-505.000000
-510.000000
-511.000000
-501.000000
-479.000000
-447.000000
-399.000000
-342.000000
-282.000000
-211.000000
-146.000000
-80.000000
-15.000000
47.000000
105.000000
152.000000
197.000000
239.000000
284.000000
322.000000
346.000000
358.000000
353.000000
338.000000
307.000000
272.000000
233.000000
194.000000
158.000000
120.000000
86.000000
43.000000
-2.000000
-38.000000
-73.000000
-96.000000
-119.000000
-136.000000
-143.000000
-132.000000
-119.000000
-93.000000
-64.000000
-43.000000
2.000000
42.000000
90.000000
145.000000
201.000000
254.000000
301.000000
348.000000
389.000000
419.000000
449.000000
468.000000
473.000000
486.000000
472.000000
467.000000
452.000000
430.000000
409.000000
380.000000
353.000000
319.000000
285.000000
247.000000
207.000000
159.000000
117.000000
67.000000
15.000000
-33.000000
-75.000000
-110.000000
-139.000000
-151.000000
-167.000000
-174.000000
-166.000000
-167.000000
-175.000000
-170.000000
-159.000000
-148.000000
-135.000000
-113.000000
-86.000000
-58.000000
-34.000000
-22.000000
-16.000000
-23.000000
-25.000000
-21.000000
-32.000000
-40.000000
-59.000000
-77.000000
-91.000000
-127.000000
-163.000000
-194.000000
-225.000000
-257.000000
-296.000000
-335.000000
-370.000000
-399.000000
-427.000000
-442.000000
-456.000000
-472.000000
-475.000000
-464.000000
-442.000000
-414.000000
-381.000000
-337.000000
-289.000000
-235.000000
-183.000000
-130.000000
-68.000000
-10.000000
45.000000
92.000000
134.000000
170.000000
194.000000
220.000000
232.000000
240.000000
247.000000
254.000000
248.000000
241.000000
217.000000
185.000000
151.000000
119.000000
88.000000
49.000000
24.000000
-11.000000
-45.000000
-75.000000
-108.000000
-135.000000
-148.000000
-156.000000
-149.000000
-133.000000
-117.000000
-83.000000
-45.000000
-9.000000
29.000000
70.000000
113.000000
157.000000
197.000000
240.000000
281.000000
310.000000
343.000000
367.000000
385.000000
396.000000
403.000000
414.000000
418.000000
416.000000
414.000000
399.000000
376.000000
361.000000
325.000000
290.000000
251.000000
207.000000
169.000000
124.000000
86.000000
41.000000
3.000000
-30.000000
-65.000000
-87.000000
-98.000000
-104.000000
-105.000000
-98.000000
-91.000000
-87.000000
-80.000000
-64.000000
-51.000000
-39.000000
-33.000000
-22.000000
-13.000000
-14.000000
-15.000000
-8.000000
-4.000000
-3.000000
-2.000000
-13.000000
-26.000000
-38.000000
-63.000000
-95.000000
-121.000000
-153.000000
-191.000000
-226.000000
-260.000000
-292.000000
-328.000000
-357.000000
-373.000000
-402.000000
-425.000000
-436.000000
-440.000000
-436.000000
-433.000000
-411.000000
-383.000000
-353.000000
-305.000000
-257.000000
-215.000000
-173.000000
-123.000000
-76.000000
-32.000000
-5.000000
23.000000
57.000000
85.000000
113.000000
133.000000
151.000000
161.000000
172.000000
176.000000
173.000000
160.000000
133.000000
110.000000
87.000000
63.000000
34.000000
19.000000
-20.000000
-47.000000
-72.000000
-105.000000
-131.000000
-152.000000
-154.000000
-143.000000
-130.000000
-117.000000
-84.000000
-54.000000
-16.000000
19.000000
54.000000
101.000000
138.000000
178.000000
215.000000
248.000000
275.000000
305.000000
323.000000
340.000000
356.000000
357.000000
376.000000
379.000000
377.000000
377.000000
363.000000
351.000000
336.000000
307.000000
284.000000
263.000000
230.000000
199.000000
161.000000
123.000000
79.000000
49.000000
13.000000
-24.000000
-43.000000
-54.000000
-61.000000
-62.000000
-55.000000
-48.000000
-35.000000
-22.000000
-5.000000
4.000000
11.000000
27.000000
34.000000
45.000000
43.000000
40.000000
48.000000
37.000000
33.000000
31.000000
23.000000
13.000000
0.000000
-17.000000
-45.000000
-74.000000
-104.000000
-148.000000
-186.000000
-213.000000
-249.000000
-289.000000
-312.000000
-334.000000
-368.000000
-389.000000
-401.000000
-405.000000
-400.000000
-391.000000
-362.000000
-346.000000
-319.000000
-288.000000
-257.000000
-221.000000
-181.000000
-137.000000
-97.000000
-62.000000
-35.000000
-6.000000
23.000000
34.000000
41.000000
47.000000
51.000000
59.000000
60.000000
61.000000
59.000000
61.000000
47.000000
30.000000
13.000000
-15.000000
-48.000000
-75.000000
-102.000000
-126.000000
-145.000000
-163.000000
-167.000000
-175.000000
-176.000000
-177.000000
-166.000000
-148.000000
-127.000000
-93.000000
-52.000000
-7.000000
33.000000
77.000000
114.000000
142.000000
170.000000
198.000000
220.000000
237.000000
256.000000
274.000000
287.000000
303.000000
317.000000
320.000000
321.000000
329.000000
340.000000
341.000000
334.000000
324.000000
291.000000
263.000000
228.000000
193.000000
153.000000
131.000000
106.000000
82.000000
72.000000
49.000000
36.000000
24.000000
24.000000
26.000000
32.000000
44.000000
54.000000
65.000000
75.000000
81.000000
82.000000
88.000000
93.000000
100.000000
101.000000
97.000000
88.000000
88.000000
92.000000
89.000000
83.000000
73.000000
61.000000
47.000000
28.000000
4.000000
-29.000000
-56.000000
-94.000000
-130.000000
-172.000000
-206.000000
-237.000000
-284.000000
-299.000000
-322.000000
-338.000000
-341.000000
-341.000000
-340.000000
-322.000000
-297.000000
-270.000000
-241.000000
-211.000000
-180.000000
-158.000000
-137.000000
-107.000000
-85.000000
-66.000000
-41.000000
-17.000000
8.000000
17.000000
22.000000
25.000000
31.000000
37.000000
34.000000
27.000000
9.000000
-2.000000
-21.000000
-45.000000
-74.000000
-104.000000
-133.000000
-164.000000
-190.000000
-215.000000
-242.000000
-256.000000
-254.000000
-254.000000
-240.000000
-221.000000
-199.000000
-181.000000
-151.000000
-117.000000
-80.000000
-44.000000
-9.000000
36.000000
70.000000
105.000000
134.000000
155.000000
174.000000
198.000000
216.000000
232.000000
248.000000
254.000000
262.000000
267.000000
269.000000
277.000000
273.000000
264.000000
253.000000
228.000000
202.000000
177.000000
150.000000
132.000000
106.000000
88.000000
74.000000
53.000000
45.000000
50.000000
54.000000
63.000000
74.000000
87.000000
103.000000
115.000000
125.000000
138.000000
143.000000
147.000000
154.000000
159.000000
166.000000
163.000000
156.000000
164.000000
157.000000
156.000000
142.000000
130.000000
124.000000
110.000000
89.000000
73.000000
58.000000
25.000000
1.000000
-30.000000
-60.000000
-90.000000
-121.000000
-150.000000
-180.000000
-200.000000
-216.000000
-230.000000
-247.000000
-250.000000
-243.000000
-235.000000
-223.000000
-206.000000
-189.000000
-172.000000
-151.000000
-133.000000
-114.000000
-101.000000
-85.000000
-66.000000
-56.000000
-36.000000
-26.000000
-21.000000
-15.000000
-9.000000
-5.000000
-9.000000
-15.000000
-25.000000
-40.000000
-59.000000
-76.000000
-108.000000
-129.000000
-142.000000
-172.000000
-194.000000
-216.000000
-235.000000
-244.000000
-248.000000
-249.000000
-244.000000
-235.000000
-225.000000
-204.000000
-184.000000
-165.000000
-138.000000
-116.000000
-79.000000
-38.000000
-2.000000
28.000000
52.000000
79.000000
103.000000
133.000000
155.000000
172.000000
189.000000
196.000000
203.000000
212.000000
217.000000
213.000000
211.000000
198.000000
179.000000
165.000000
144.000000
128.000000
120.000000
116.000000
108.000000
94.000000
82.000000
70.000000
69.000000
71.000000
78.000000
67.000000
71.000000
88.000000
112.000000
134.000000
143.000000
136.000000
128.000000
137.000000
157.000000
189.000000
195.000000
189.000000
181.000000
190.000000
182.000000
174.000000
162.000000
149.000000
146.000000
136.000000
128.000000
111.000000
86.000000
67.000000
51.000000
33.000000
15.000000
-15.000000
-32.000000
-52.000000
-76.000000
-97.000000
-114.000000
-123.000000
-123.000000
-127.000000
-133.000000
-148.000000
-146.000000
-142.000000
-134.000000
-118.000000
-109.000000
-89.000000
-72.000000
-60.000000
-34.000000
-16.000000
-20.000000
-14.000000
-9.000000
0.000000
7.000000
15.000000
15.000000
5.000000
-1.000000
-20.000000
-41.000000
-62.000000
-87.000000
-114.000000
-128.000000
-141.000000
-169.000000
-207.000000
-233.000000
-244.000000
-245.000000
-243.000000
-259.000000
-278.000000
-289.000000
-280.000000
-262.000000
-255.000000
-251.000000
-231.000000
-201.000000
-154.000000
-122.000000
-109.000000
-112.000000
-94.000000
-42.000000
19.000000
81.000000
94.000000
99.000000
103.000000
117.000000
141.000000
141.000000
134.000000
139.000000
157.000000
177.000000
166.000000
130.000000
86.000000
65.000000
86.000000
96.000000
83.000000
58.000000
27.000000
24.000000
25.000000
27.000000
21.000000
4.000000
15.000000
43.000000
72.000000
70.000000
44.000000
22.000000
40.000000
92.000000
145.000000
174.000000
156.000000
143.000000
148.000000
169.000000
195.000000
205.000000
210.000000
230.000000
260.000000
280.000000
264.000000
212.000000
159.000000
118.000000
96.000000
91.000000
98.000000
96.000000
74.000000
44.000000
-3.000000
-57.000000
-85.000000
-103.000000
-106.000000
-103.000000
-100.000000
-77.000000
-65.000000
-48.000000
-65.000000
-93.000000
-89.000000
-75.000000
-39.000000
-25.000000
-8.000000
21.000000
43.000000
74.000000
92.000000
91.000000
80.000000
90.000000
111.000000
129.000000
118.000000
74.000000
44.000000
20.000000
31.000000
39.000000
-9.000000
-97.000000
-209.000000
-271.000000
-268.000000
-250.000000
-265.000000
-320.000000
-363.000000
-350.000000
-308.000000
-338.000000
-512.000000
-717.000000
-769.000000
-579.000000
-257.000000
-38.000000
-55.000000
-220.000000
-325.000000
-261.000000
-108.000000
-32.000000
-39.000000
-13.000000
138.000000
377.000000
514.000000
455.000000
257.000000
130.000000
206.000000
395.000000
515.000000
455.000000
276.000000
132.000000
109.000000
150.000000
142.000000
27.000000
-134.000000
-209.000000
-172.000000
-114.000000
-150.000000
-273.000000
-335.000000
-290.000000
-190.000000
-157.000000
-286.000000
-468.000000
-520.000000
-375.000000
-119.000000
24.000000
12.000000
-11.000000
76.000000
282.000000
410.000000
334.000000
148.000000
85.000000
311.000000
678.000000
915.000000
865.000000
622.000000
440.000000
468.000000
595.000000
619.000000
452.000000
211.000000
114.000000
208.000000
365.000000
346.000000
96.000000
-232.000000
-444.000000
-401.000000
-245.000000
-160.000000
-228.000000
-377.000000
-436.000000
-369.000000
-263.000000
-239.000000
-336.000000
-441.000000
-426.000000
-271.000000
-44.000000
112.000000
148.000000
126.000000
133.000000
216.000000
320.000000
374.000000
357.000000
314.000000
313.000000
386.000000
479.000000
519.000000
458.000000
320.000000
193.000000
91.000000
6.000000
-91.000000
-188.000000
-243.000000
-242.000000
-206.000000
-214.000000
-332.000000
-514.000000
-683.000000
-758.000000
-733.000000
-663.000000
-585.000000
-508.000000
-436.000000
-396.000000
-404.000000
-470.000000
-522.000000
-501.000000
-361.000000
-165.000000
11.000000
116.000000
144.000000
152.000000
187.000000
238.000000
247.000000
206.000000
150.000000
153.000000
228.000000
329.000000
374.000000
317.000000
213.000000
132.000000
96.000000
51.000000
-60.000000
-188.000000
-238.000000
-169.000000
-31.000000
46.000000
-12.000000
-168.000000
-302.000000
-323.000000
-271.000000
-227.000000
-202.000000
-183.000000
-113.000000
19.000000
124.000000
150.000000
93.000000
17.000000
12.000000
85.000000
206.000000
329.000000
404.000000
446.000000
431.000000
379.000000
310.000000
231.000000
173.000000
134.000000
134.000000
169.000000
210.000000
234.000000
208.000000
123.000000
24.000000
-59.000000
-91.000000
-64.000000
-26.000000
1.000000
2.000000
1.000000
7.000000
11.000000
17.000000
-7.000000
-38.000000
-52.000000
-31.000000
52.000000
135.000000
185.000000
204.000000
195.000000
204.000000
217.000000
209.000000
186.000000
150.000000
121.000000
138.000000
181.000000
214.000000
194.000000
119.000000
17.000000
-83.000000
-150.000000
-185.000000
-183.000000
-160.000000
-127.000000
-133.000000
-188.000000
-259.000000
-308.000000
-318.000000
-311.000000
-295.000000
-292.000000
-263.000000
-205.000000
-130.000000
-77.000000
-91.000000
-145.000000
-195.000000
-174.000000
-96.000000
-19.000000
18.000000
27.000000
42.000000
72.000000
115.000000
137.000000
110.000000
51.000000
-13.000000
-39.000000
-37.000000
-23.000000
-16.000000
-29.000000
-51.000000
-81.000000
-116.000000
-161.000000
-214.000000
-233.000000
-215.000000
-183.000000
-153.000000
-147.000000
-162.000000
-178.000000
-169.000000
-144.000000
-110.000000
-100.000000
-81.000000
-46.000000
-7.000000
44.000000
72.000000
101.000000
118.000000
129.000000
155.000000
159.000000
155.000000
150.000000
173.000000
209.000000
238.000000
241.000000
195.000000
124.000000
77.000000
50.000000
53.000000
61.000000
43.000000
30.000000
33.000000
30.000000
18.000000
-17.000000
-54.000000
-70.000000
-61.000000
-24.000000
-5.000000
8.000000
8.000000
17.000000
55.000000
95.000000
114.000000
115.000000
112.000000
121.000000
154.000000
196.000000
239.000000
266.000000
282.000000
290.000000
286.000000
271.000000
244.000000
206.000000
188.000000
176.000000
154.000000
130.000000
89.000000
42.000000
-7.000000
-50.000000
-91.000000
-129.000000
-154.000000
-171.000000
-170.000000
-169.000000
-178.000000
-204.000000
-228.000000
-229.000000
-216.000000
-185.000000
-161.000000
-138.000000
-122.000000
-99.000000
-67.000000
-54.000000
-36.000000
-18.000000
9.000000
30.000000
50.000000
49.000000
49.000000
59.000000
70.000000
77.000000
65.000000
35.000000
-4.000000
-15.000000
-40.000000
-68.000000
-107.000000
-154.000000
-174.000000
-172.000000
-176.000000
-200.000000
-229.000000
-259.000000
-270.000000
-257.000000
-233.000000
-215.000000
-198.000000
-176.000000
-158.000000
-158.000000
-143.000000
-118.000000
-77.000000
-24.000000
16.000000
50.000000
66.000000
94.000000
115.000000
126.000000
130.000000
121.000000
130.000000
150.000000
164.000000
162.000000
131.000000
86.000000
48.000000
25.000000
13.000000
13.000000
7.000000
-12.000000
-42.000000
-68.000000
-96.000000
-122.000000
-126.000000
-117.000000
-84.000000
-52.000000
-32.000000
-26.000000
-34.000000
-20.000000
15.000000
68.000000
117.000000
142.000000
145.000000
167.000000
206.000000
254.000000
286.000000
279.000000
271.000000
272.000000
298.000000
309.000000
296.000000
260.000000
222.000000
200.000000
189.000000
162.000000
122.000000
83.000000
52.000000
26.000000
-5.000000
-44.000000
-84.000000
-123.000000
-148.000000
-151.000000
-159.000000
-162.000000
-161.000000
-155.000000
-145.000000
-133.000000
-124.000000
-110.000000
-91.000000
-64.000000
-44.000000
-36.000000
-34.000000
-23.000000
10.000000
60.000000
104.000000
132.000000
132.000000
100.000000
84.000000
79.000000
81.000000
69.000000
46.000000
35.000000
23.000000
10.000000
-22.000000
-70.000000
-130.000000
-170.000000
-176.000000
-156.000000
-147.000000
-172.000000
-220.000000
-261.000000
-260.000000
-251.000000
-207.000000
-193.000000
-188.000000
-181.000000
-160.000000
-122.000000
-107.000000
-101.000000
-91.000000
-43.000000
4.000000
47.000000
59.000000
51.000000
61.000000
90.000000
139.000000
151.000000
150.000000
140.000000
117.000000
111.000000
88.000000
58.000000
12.000000
-19.000000
-11.000000
3.000000
10.000000
-22.000000
-83.000000
-132.000000
-146.000000
-135.000000
-113.000000
-104.000000
-113.000000
-122.000000
-101.000000
-59.000000
-24.000000
-17.000000
-34.000000
-22.000000
28.000000
96.000000
150.000000
146.000000
129.000000
127.000000
163.000000
225.000000
273.000000
287.000000
282.000000
265.000000
265.000000
264.000000
256.000000
246.000000
226.000000
201.000000
156.000000
112.000000
84.000000
64.000000
49.000000
29.000000
-2.000000
-40.000000
-66.000000
-77.000000
-88.000000
-83.000000
-92.000000
-116.000000
-139.000000
-144.000000
-122.000000
-95.000000
-70.000000
-63.000000
-63.000000
-57.000000
-25.000000
18.000000
45.000000
46.000000
27.000000
26.000000
37.000000
57.000000
