83.000000
80.000000
79.000000
83.000000
91.000000
95.000000
98.000000
103.000000
100.000000
98.000000
102.000000
99.000000
97.000000
103.000000
99.000000
96.000000
94.000000
96.000000
90.000000
73.000000
76.000000
78.000000
80.000000
83.000000
74.000000
74.000000
67.000000
61.000000
61.000000
55.000000
52.000000
41.000000
41.000000
39.000000
36.000000
30.000000
26.000000
26.000000
14.000000
12.000000
15.000000
1.000000
0.000000
-1.000000
-8.000000
-13.000000
-19.000000
-27.000000
-30.000000
-35.000000
-38.000000
-43.000000
-45.000000
-46.000000
-51.000000
-51.000000
-66.000000
-66.000000
-66.000000
-72.000000
-75.000000
-84.000000
-82.000000
-84.000000
-91.000000
-91.000000
-94.000000
-93.000000
-87.000000
-91.000000
-85.000000
-93.000000
-89.000000
-77.000000
-82.000000
-74.000000
-78.000000
-78.000000
-73.000000
-76.000000
-72.000000
-68.000000
-64.000000
-67.000000
-66.000000
-60.000000
-58.000000
-61.000000
-60.000000
-54.000000
-54.000000
-44.000000
-45.000000
-40.000000
-30.000000
-34.000000
-26.000000
-24.000000
-18.000000
-13.000000
-9.000000
-13.000000
4.000000
2.000000
4.000000
15.000000
18.000000
32.000000
33.000000
42.000000
38.000000
41.000000
46.000000
48.000000
53.000000
57.000000
56.000000
57.000000
59.000000
61.000000
63.000000
69.000000
72.000000
68.000000
72.000000
80.000000
84.000000
85.000000
78.000000
80.000000
73.000000
73.000000
76.000000
74.000000
78.000000
81.000000
80.000000
76.000000
73.000000
73.000000
71.000000
72.000000
71.000000
66.000000
63.000000
61.000000
58.000000
52.000000
50.000000
51.000000
37.000000
42.000000
41.000000
33.000000
33.000000
26.000000
22.000000
21.000000
20.000000
13.000000
7.000000
1.000000
2.000000
4.000000
-8.000000
-11.000000
-14.000000
-22.000000
-23.000000
-28.000000
-32.000000
-36.000000
-39.000000
-42.000000
-42.000000
-40.000000
-45.000000
-47.000000
-52.000000
-53.000000
-55.000000
-60.000000
-59.000000
-60.000000
-61.000000
-64.000000
-67.000000
-72.000000
-69.000000
-74.000000
-72.000000
-68.000000
-69.000000
-66.000000
-71.000000
-64.000000
-66.000000
-65.000000
-63.000000
-63.000000
-56.000000
-60.000000
-62.000000
-60.000000
-67.000000
-61.000000
-52.000000
-47.000000
-42.000000
-47.000000
-42.000000
-45.000000
-43.000000
-41.000000
-37.000000
-35.000000
-29.000000
-22.000000
-22.000000
-9.000000
-9.000000
-7.000000
-4.000000
-2.000000
-1.000000
-2.000000
9.000000
15.000000
25.000000
24.000000
22.000000
30.000000
27.000000
33.000000
36.000000
34.000000
34.000000
37.000000
43.000000
44.000000
45.000000
49.000000
47.000000
49.000000
54.000000
59.000000
63.000000
68.000000
70.000000
65.000000
68.000000
68.000000
64.000000
61.000000
61.000000
61.000000
59.000000
55.000000
56.000000
57.000000
58.000000
49.000000
51.000000
49.000000
45.000000
48.000000
42.000000
46.000000
41.000000
37.000000
30.000000
29.000000
36.000000
26.000000
37.000000
30.000000
20.000000
22.000000
19.000000
15.000000
6.000000
10.000000
6.000000
5.000000
-4.000000
-3.000000
-4.000000
-14.000000
-14.000000
-20.000000
-22.000000
-26.000000
-34.000000
-30.000000
-30.000000
-34.000000
-38.000000
-48.000000
-47.000000
-47.000000
-47.000000
-54.000000
-52.000000
-50.000000
-52.000000
-49.000000
-55.000000
-56.000000
-53.000000
-53.000000
-60.000000
-58.000000
-61.000000
-58.000000
-55.000000
-53.000000
-52.000000
-55.000000
-48.000000
-50.000000
-40.000000
-40.000000
-38.000000
-30.000000
-37.000000
-37.000000
-37.000000
-29.000000
-26.000000
-23.000000
-22.000000
-24.000000
-18.000000
-14.000000
-16.000000
-12.000000
-5.000000
-10.000000
-6.000000
0.000000
0.000000
7.000000
11.000000
12.000000
13.000000
13.000000
13.000000
16.000000
14.000000
26.000000
36.000000
35.000000
29.000000
34.000000
32.000000
39.000000
41.000000
42.000000
48.000000
44.000000
44.000000
52.000000
55.000000
49.000000
52.000000
52.000000
50.000000
49.000000
52.000000
45.000000
49.000000
49.000000
55.000000
50.000000
45.000000
49.000000
46.000000
47.000000
50.000000
46.000000
39.000000
37.000000
36.000000
37.000000
30.000000
29.000000
24.000000
15.000000
19.000000
15.000000
14.000000
12.000000
9.000000
10.000000
-1.000000
-3.000000
-13.000000
-15.000000
-21.000000
-25.000000
-18.000000
-18.000000
-25.000000
-29.000000
-35.000000
-37.000000
-35.000000
-42.000000
-43.000000
-42.000000
-40.000000
-38.000000
-38.000000
-39.000000
-40.000000
-40.000000
-44.000000
-46.000000
-44.000000
-48.000000
-51.000000
-42.000000
-49.000000
-49.000000
-54.000000
-54.000000
-45.000000
-46.000000
-50.000000
-50.000000
-49.000000
-51.000000
-52.000000
-48.000000
-46.000000
-51.000000
-46.000000
-50.000000
-44.000000
-40.000000
-38.000000
-34.000000
-32.000000
-28.000000
-27.000000
-21.000000
-19.000000
-11.000000
-4.000000
1.000000
-3.000000
6.000000
10.000000
14.000000
15.000000
24.000000
27.000000
23.000000
36.000000
42.000000
50.000000
46.000000
41.000000
45.000000
49.000000
46.000000
51.000000
48.000000
49.000000
49.000000
49.000000
58.000000
53.000000
46.000000
42.000000
54.000000
55.000000
55.000000
53.000000
50.000000
52.000000
46.000000
47.000000
54.000000
54.000000
52.000000
50.000000
56.000000
50.000000
48.000000
48.000000
50.000000
45.000000
51.000000
46.000000
44.000000
37.000000
30.000000
34.000000
18.000000
28.000000
19.000000
15.000000
16.000000
10.000000
2.000000
-2.000000
-11.000000
-11.000000
-11.000000
-26.000000
-22.000000
-35.000000
-40.000000
-32.000000
-39.000000
-47.000000
-45.000000
-50.000000
-41.000000
-40.000000
-43.000000
-45.000000
-54.000000
-45.000000
-48.000000
-54.000000
-60.000000
-51.000000
-54.000000
-59.000000
-43.000000
-46.000000
-48.000000
-47.000000
-47.000000
-53.000000
-51.000000
-45.000000
-58.000000
-50.000000
-55.000000
-59.000000
-58.000000
-59.000000
-53.000000
-63.000000
-58.000000
-53.000000
-51.000000
-55.000000
-53.000000
-52.000000
-47.000000
-42.000000
-34.000000
-30.000000
-31.000000
-20.000000
-23.000000
-5.000000
-1.000000
5.000000
4.000000
8.000000
16.000000
15.000000
23.000000
23.000000
34.000000
35.000000
39.000000
47.000000
51.000000
49.000000
46.000000
39.000000
41.000000
46.000000
47.000000
50.000000
50.000000
47.000000
44.000000
53.000000
52.000000
53.000000
51.000000
56.000000
64.000000
61.000000
69.000000
71.000000
69.000000
71.000000
68.000000
69.000000
72.000000
72.000000
69.000000
69.000000
67.000000
77.000000
77.000000
70.000000
63.000000
62.000000
61.000000
57.000000
51.000000
47.000000
49.000000
40.000000
28.000000
24.000000
20.000000
9.000000
3.000000
1.000000
-6.000000
-9.000000
-11.000000
-26.000000
-25.000000
-30.000000
-36.000000
-37.000000
-43.000000
-52.000000
-53.000000
-47.000000
-52.000000
-48.000000
-51.000000
-53.000000
-58.000000
-53.000000
-57.000000
-66.000000
-65.000000
-59.000000
-62.000000
-67.000000
-70.000000
-70.000000
-68.000000
-78.000000
-71.000000
-79.000000
-77.000000
-72.000000
-72.000000
-70.000000
-78.000000
-75.000000
-75.000000
-71.000000
-80.000000
-80.000000
-79.000000
-76.000000
-66.000000
-73.000000
-64.000000
-59.000000
-53.000000
-57.000000
-50.000000
-39.000000
-37.000000
-31.000000
-22.000000
-15.000000
-13.000000
-7.000000
-1.000000
5.000000
11.000000
14.000000
16.000000
29.000000
36.000000
40.000000
39.000000
41.000000
46.000000
42.000000
44.000000
51.000000
52.000000
51.000000
48.000000
57.000000
53.000000
45.000000
54.000000
56.000000
50.000000
45.000000
58.000000
62.000000
62.000000
66.000000
58.000000
64.000000
71.000000
75.000000
76.000000
78.000000
83.000000
86.000000
85.000000
93.000000
88.000000
86.000000
86.000000
84.000000
84.000000
82.000000
84.000000
73.000000
73.000000
73.000000
61.000000
53.000000
47.000000
42.000000
37.000000
35.000000
28.000000
22.000000
20.000000
11.000000
4.000000
-1.000000
1.000000
-3.000000
-5.000000
-9.000000
-10.000000
-12.000000
-16.000000
-16.000000
-22.000000
-18.000000
-14.000000
-27.000000
-30.000000
-28.000000
-30.000000
-23.000000
-39.000000
-42.000000
-41.000000
-49.000000
-46.000000
-57.000000
-70.000000
-68.000000
-68.000000
-76.000000
-85.000000
-85.000000
-87.000000
-92.000000
-94.000000
-101.000000
-100.000000
-93.000000
-99.000000
-102.000000
-98.000000
-93.000000
-94.000000
-88.000000
-80.000000
-80.000000
-77.000000
-67.000000
-60.000000
-61.000000
-53.000000
-47.000000
-42.000000
-34.000000
-31.000000
-24.000000
-23.000000
-24.000000
-35.000000
-28.000000
-23.000000
-24.000000
-27.000000
-22.000000
-19.000000
-19.000000
-9.000000
-15.000000
-12.000000
-12.000000
0.000000
4.000000
8.000000
9.000000
13.000000
16.000000
27.000000
34.000000
38.000000
49.000000
53.000000
60.000000
68.000000
73.000000
74.000000
73.000000
81.000000
87.000000
84.000000
74.000000
79.000000
81.000000
75.000000
71.000000
63.000000
65.000000
68.000000
65.000000
59.000000
60.000000
62.000000
62.000000
63.000000
53.000000
61.000000
60.000000
57.000000
60.000000
62.000000
60.000000
66.000000
67.000000
58.000000
58.000000
56.000000
62.000000
62.000000
55.000000
53.000000
48.000000
34.000000
42.000000
40.000000
30.000000
30.000000
18.000000
16.000000
8.000000
11.000000
5.000000
-11.000000
-18.000000
-10.000000
-12.000000
-15.000000
-20.000000
-28.000000
-25.000000
-39.000000
-30.000000
-31.000000
-39.000000
-38.000000
-38.000000
-39.000000
-50.000000
-49.000000
-54.000000
-56.000000
-59.000000
-70.000000
-77.000000
-76.000000
-78.000000
-77.000000
-71.000000
-77.000000
-84.000000
-89.000000
-82.000000
-93.000000
-92.000000
-87.000000
-95.000000
-91.000000
-94.000000
-76.000000
-73.000000
-77.000000
-75.000000
-76.000000
-77.000000
-74.000000
-66.000000
-55.000000
-55.000000
-49.000000
-42.000000
-42.000000
-34.000000
-31.000000
-22.000000
-18.000000
-17.000000
-6.000000
-9.000000
-3.000000
0.000000
-8.000000
0.000000
-8.000000
-3.000000
-6.000000
0.000000
6.000000
12.000000
14.000000
9.000000
21.000000
21.000000
31.000000
37.000000
38.000000
48.000000
54.000000
50.000000
58.000000
65.000000
73.000000
74.000000
83.000000
92.000000
97.000000
97.000000
96.000000
96.000000
92.000000
100.000000
106.000000
94.000000
83.000000
80.000000
75.000000
74.000000
73.000000
70.000000
67.000000
64.000000
66.000000
56.000000
56.000000
57.000000
49.000000
57.000000
56.000000
52.000000
53.000000
49.000000
48.000000
50.000000
54.000000
47.000000
46.000000
49.000000
40.000000
45.000000
39.000000
24.000000
24.000000
16.000000
8.000000
3.000000
-14.000000
-19.000000
-22.000000
-30.000000
-32.000000
-39.000000
-41.000000
-42.000000
-40.000000
-44.000000
-50.000000
-58.000000
-60.000000
-64.000000
-63.000000
-54.000000
-54.000000
-56.000000
-50.000000
-47.000000
-51.000000
-45.000000
-49.000000
-44.000000
-44.000000
-44.000000
-39.000000
-45.000000
-40.000000
-49.000000
-61.000000
-60.000000
-64.000000
-76.000000
-72.000000
-74.000000
-94.000000
-95.000000
-100.000000
-100.000000
-100.000000
-102.000000
-101.000000
-104.000000
-95.000000
-95.000000
-86.000000
-71.000000
-69.000000
-56.000000
-34.000000
-28.000000
-16.000000
-11.000000
3.000000
-1.000000
0.000000
8.000000
6.000000
16.000000
9.000000
11.000000
9.000000
12.000000
-4.000000
-8.000000
-1.000000
-5.000000
-2.000000
-12.000000
-6.000000
4.000000
0.000000
2.000000
13.000000
19.000000
27.000000
37.000000
40.000000
47.000000
55.000000
56.000000
66.000000
73.000000
74.000000
84.000000
79.000000
87.000000
90.000000
93.000000
94.000000
95.000000
102.000000
106.000000
102.000000
104.000000
106.000000
104.000000
105.000000
103.000000
97.000000
81.000000
79.000000
77.000000
71.000000
63.000000
53.000000
43.000000
41.000000
30.000000
26.000000
28.000000
25.000000
27.000000
31.000000
28.000000
22.000000
28.000000
24.000000
30.000000
34.000000
36.000000
43.000000
42.000000
37.000000
37.000000
33.000000
27.000000
17.000000
6.000000
4.000000
-16.000000
-36.000000
-40.000000
-60.000000
-73.000000
-85.000000
-99.000000
-108.000000
-117.000000
-117.000000
-117.000000
-109.000000
-107.000000
-99.000000
-88.000000
-89.000000
-76.000000
-69.000000
-63.000000
-55.000000
-47.000000
-42.000000
-31.000000
-32.000000
-36.000000
-37.000000
-33.000000
-39.000000
-52.000000
-54.000000
-63.000000
-71.000000
-76.000000
-80.000000
-87.000000
-85.000000
-86.000000
-92.000000
-92.000000
-92.000000
-87.000000
-87.000000
-75.000000
-77.000000
-74.000000
-67.000000
-58.000000
-46.000000
-37.000000
-31.000000
-22.000000
-10.000000
-2.000000
13.000000
16.000000
15.000000
35.000000
51.000000
54.000000
61.000000
62.000000
72.000000
74.000000
73.000000
80.000000
78.000000
66.000000
60.000000
55.000000
54.000000
44.000000
37.000000
43.000000
33.000000
31.000000
26.000000
23.000000
33.000000
32.000000
24.000000
32.000000
47.000000
61.000000
77.000000
83.000000
87.000000
90.000000
91.000000
98.000000
99.000000
105.000000
117.000000
113.000000
109.000000
103.000000
104.000000
103.000000
93.000000
86.000000
85.000000
82.000000
70.000000
65.000000
60.000000
55.000000
51.000000
43.000000
38.000000
38.000000
35.000000
22.000000
20.000000
10.000000
-2.000000
-7.000000
-17.000000
-21.000000
-27.000000
-30.000000
-39.000000
-44.000000
-51.000000
-49.000000
-46.000000
-47.000000
-49.000000
-37.000000
-30.000000
-28.000000
-24.000000
-32.000000
-30.000000
-33.000000
-39.000000
-47.000000
-56.000000
-67.000000
-85.000000
-99.000000
-112.000000
-123.000000
-131.000000
-143.000000
-149.000000
-150.000000
-157.000000
-146.000000
-143.000000
-140.000000
-125.000000
-114.000000
-86.000000
-67.000000
-60.000000
-48.000000
-28.000000
-18.000000
-16.000000
-12.000000
-12.000000
-3.000000
-2.000000
-7.000000
-9.000000
-14.000000
-16.000000
-10.000000
-20.000000
-25.000000
-14.000000
-15.000000
-10.000000
0.000000
7.000000
13.000000
23.000000
21.000000
36.000000
33.000000
28.000000
28.000000
20.000000
18.000000
20.000000
17.000000
10.000000
13.000000
9.000000
14.000000
6.000000
12.000000
19.000000
29.000000
42.000000
49.000000
61.000000
77.000000
97.000000
107.000000
113.000000
119.000000
126.000000
123.000000
120.000000
117.000000
106.000000
96.000000
80.000000
71.000000
61.000000
34.000000
19.000000
7.000000
-2.000000
-13.000000
-15.000000
-21.000000
-21.000000
-4.000000
-3.000000
12.000000
26.000000
29.000000
44.000000
51.000000
55.000000
69.000000
79.000000
74.000000
55.000000
60.000000
52.000000
34.000000
29.000000
20.000000
12.000000
-2.000000
-10.000000
-20.000000
-26.000000
-27.000000
-19.000000
-11.000000
-13.000000
-12.000000
-20.000000
-14.000000
-10.000000
-8.000000
-9.000000
-13.000000
-12.000000
-20.000000
-36.000000
-46.000000
-58.000000
-69.000000
-72.000000
-89.000000
-99.000000
-106.000000
-110.000000
-101.000000
-104.000000
-104.000000
-100.000000
-97.000000
-85.000000
-83.000000
-72.000000
-67.000000
-59.000000
-52.000000
-59.000000
-54.000000
-52.000000
-50.000000
-57.000000
-62.000000
-59.000000
-59.000000
-66.000000
-72.000000
-70.000000
-68.000000
-66.000000
-60.000000
-42.000000
-28.000000
-14.000000
-7.000000
9.000000
32.000000
33.000000
47.000000
51.000000
62.000000
73.000000
70.000000
68.000000
69.000000
66.000000
65.000000
65.000000
54.000000
57.000000
55.000000
47.000000
47.000000
50.000000
47.000000
49.000000
65.000000
75.000000
84.000000
81.000000
82.000000
91.000000
90.000000
89.000000
96.000000
98.000000
90.000000
87.000000
83.000000
76.000000
67.000000
65.000000
56.000000
36.000000
38.000000
28.000000
19.000000
18.000000
12.000000
19.000000
25.000000
30.000000
30.000000
29.000000
16.000000
10.000000
9.000000
3.000000
-7.000000
-20.000000
-21.000000
-27.000000
-46.000000
-60.000000
-70.000000
-79.000000
-84.000000
-80.000000
-88.000000
-85.000000
-90.000000
-89.000000
-81.000000
-78.000000
-66.000000
-62.000000
-52.000000
-47.000000
-40.000000
-32.000000
-30.000000
-29.000000
-28.000000
-32.000000
-26.000000
-28.000000
-24.000000
-25.000000
-17.000000
-20.000000
-33.000000
-24.000000
-28.000000
-23.000000
-4.000000
8.000000
10.000000
10.000000
9.000000
16.000000
24.000000
27.000000
30.000000
20.000000
29.000000
39.000000
26.000000
30.000000
12.000000
-7.000000
-12.000000
-19.000000
-18.000000
-28.000000
-36.000000
-41.000000
-42.000000
-41.000000
-44.000000
-38.000000
-26.000000
-11.000000
-8.000000
0.000000
12.000000
16.000000
11.000000
14.000000
25.000000
23.000000
18.000000
13.000000
7.000000
5.000000
0.000000
-5.000000
-2.000000
-2.000000
-8.000000
-10.000000
3.000000
12.000000
17.000000
36.000000
40.000000
48.000000
61.000000
61.000000
54.000000
64.000000
72.000000
71.000000
67.000000
64.000000
59.000000
44.000000
47.000000
42.000000
39.000000
27.000000
24.000000
17.000000
15.000000
24.000000
11.000000
20.000000
23.000000
19.000000
23.000000
21.000000
20.000000
21.000000
10.000000
5.000000
-6.000000
-7.000000
-6.000000
-20.000000
-14.000000
-22.000000
-35.000000
-37.000000
-43.000000
-47.000000
-52.000000
-50.000000
-44.000000
-33.000000
-24.000000
-28.000000
-22.000000
-16.000000
-10.000000
-12.000000
-11.000000
-10.000000
-19.000000
-14.000000
-26.000000
-43.000000
-42.000000
-63.000000
-78.000000
-89.000000
-94.000000
-98.000000
-110.000000
-105.000000
-109.000000
-100.000000
-92.000000
-84.000000
-71.000000
-53.000000
-37.000000
-19.000000
-6.000000
4.000000
15.000000
21.000000
29.000000
38.000000
46.000000
48.000000
44.000000
43.000000
40.000000
39.000000
43.000000
40.000000
41.000000
47.000000
54.000000
57.000000
53.000000
60.000000
59.000000
71.000000
79.000000
70.000000
66.000000
58.000000
62.000000
63.000000
55.000000
52.000000
46.000000
42.000000
33.000000
20.000000
7.000000
6.000000
0.000000
4.000000
5.000000
4.000000
18.000000
15.000000
17.000000
30.000000
34.000000
36.000000
36.000000
37.000000
36.000000
27.000000
12.000000
4.000000
-8.000000
-27.000000
-39.000000
-46.000000
-59.000000
-71.000000
-75.000000
-79.000000
-86.000000
-84.000000
-74.000000
-70.000000
-55.000000
-32.000000
-22.000000
-8.000000
12.000000
29.000000
47.000000
56.000000
62.000000
65.000000
64.000000
57.000000
58.000000
49.000000
25.000000
24.000000
11.000000
-2.000000
-10.000000
-14.000000
-25.000000
-21.000000
-20.000000
-17.000000
-16.000000
-18.000000
-1.000000
-1.000000
5.000000
9.000000
-4.000000
-7.000000
0.000000
-13.000000
-11.000000
-11.000000
-28.000000
-36.000000
-44.000000
-52.000000
-54.000000
-62.000000
-60.000000
-57.000000
-60.000000
-57.000000
-57.000000
-49.000000
-44.000000
-30.000000
-19.000000
-5.000000
-7.000000
-10.000000
-9.000000
-16.000000
-9.000000
-15.000000
-21.000000
-33.000000
-49.000000
-65.000000
-72.000000
-82.000000
-81.000000
-78.000000
-82.000000
-77.000000
-73.000000
-63.000000
-47.000000
-28.000000
-13.000000
11.000000
26.000000
49.000000
65.000000
79.000000
97.000000
106.000000
109.000000
111.000000
106.000000
97.000000
102.000000
93.000000
76.000000
67.000000
48.000000
42.000000
41.000000
37.000000
36.000000
36.000000
39.000000
43.000000
48.000000
61.000000
74.000000
82.000000
84.000000
86.000000
88.000000
95.000000
86.000000
82.000000
72.000000
61.000000
58.000000
44.000000
24.000000
7.000000
-2.000000
-9.000000
-22.000000
-36.000000
-32.000000
-40.000000
-42.000000
-37.000000
-35.000000
-37.000000
-34.000000
-30.000000
-33.000000
-39.000000
-29.000000
-27.000000
-40.000000
-44.000000
-58.000000
-71.000000
-78.000000
-79.000000
-87.000000
-93.000000
-89.000000
-88.000000
-78.000000
-80.000000
-79.000000
-61.000000
-40.000000
-30.000000
-13.000000
-9.000000
4.000000
14.000000
23.000000
29.000000
21.000000
34.000000
27.000000
22.000000
18.000000
10.000000
-2.000000
-15.000000
-19.000000
-20.000000
-31.000000
-36.000000
-36.000000
-35.000000
-26.000000
-14.000000
-6.000000
2.000000
16.000000
26.000000
34.000000
46.000000
56.000000
55.000000
52.000000
47.000000
37.000000
39.000000
34.000000
10.000000
3.000000
0.000000
-12.000000
-24.000000
-27.000000
-31.000000
-32.000000
-13.000000
-21.000000
-24.000000
-12.000000
-8.000000
-2.000000
3.000000
2.000000
5.000000
11.000000
4.000000
-10.000000
-14.000000
-15.000000
-30.000000
-42.000000
-48.000000
-61.000000
-72.000000
-68.000000
-82.000000
-80.000000
-68.000000
-56.000000
-44.000000
-41.000000
-28.000000
-11.000000
4.000000
22.000000
43.000000
50.000000
59.000000
74.000000
77.000000
80.000000
75.000000
74.000000
80.000000
68.000000
60.000000
60.000000
52.000000
42.000000
48.000000
51.000000
52.000000
63.000000
71.000000
82.000000
89.000000
91.000000
103.000000
112.000000
113.000000
118.000000
118.000000
112.000000
109.000000
89.000000
73.000000
57.000000
29.000000
7.000000
-16.000000
-35.000000
-46.000000
-59.000000
-61.000000
-72.000000
-80.000000
-84.000000
-87.000000
-80.000000
-76.000000
-68.000000
-65.000000
-62.000000
-57.000000
-50.000000
-43.000000
-51.000000
-60.000000
-65.000000
-66.000000
-80.000000
-93.000000
-95.000000
-108.000000
-112.000000
-116.000000
-110.000000
-98.000000
-95.000000
-79.000000
-66.000000
-63.000000
-40.000000
-22.000000
-16.000000
-4.000000
4.000000
11.000000
12.000000
12.000000
3.000000
4.000000
-10.000000
-15.000000
-18.000000
-31.000000
-33.000000
-38.000000
-39.000000
-35.000000
-33.000000
-17.000000
4.000000
10.000000
32.000000
37.000000
64.000000
70.000000
81.000000
99.000000
92.000000
101.000000
91.000000
85.000000
74.000000
76.000000
69.000000
50.000000
35.000000
29.000000
14.000000
5.000000
-6.000000
-17.000000
-21.000000
-23.000000
-16.000000
-11.000000
-12.000000
-6.000000
7.000000
15.000000
29.000000
41.000000
56.000000
60.000000
65.000000
61.000000
47.000000
47.000000
50.000000
35.000000
27.000000
14.000000
-4.000000
-7.000000
-14.000000
-27.000000
-26.000000
-32.000000
-38.000000
-26.000000
-31.000000
-29.000000
-25.000000
-17.000000
-6.000000
-3.000000
4.000000
4.000000
13.000000
20.000000
19.000000
29.000000
31.000000
31.000000
32.000000
37.000000
40.000000
41.000000
47.000000
49.000000
55.000000
50.000000
57.000000
59.000000
54.000000
61.000000
63.000000
66.000000
65.000000
64.000000
51.000000
48.000000
43.000000
26.000000
18.000000
6.000000
-11.000000
-21.000000
-42.000000
-52.000000
-69.000000
-94.000000
-112.000000
-129.000000
-136.000000
-154.000000
-161.000000
-159.000000
-163.000000
-159.000000
-143.000000
-136.000000
-123.000000
-112.000000
-100.000000
-90.000000
-67.000000
-51.000000
-39.000000
-31.000000
-34.000000
-32.000000
-40.000000
-36.000000
-48.000000
-54.000000
-66.000000
-85.000000
-90.000000
-99.000000
-91.000000
-82.000000
-69.000000
-59.000000
-42.000000
-25.000000
6.000000
39.000000
59.000000
86.000000
110.000000
135.000000
153.000000
166.000000
178.000000
188.000000
194.000000
192.000000
182.000000
172.000000
160.000000
148.000000
125.000000
106.000000
86.000000
75.000000
58.000000
49.000000
53.000000
42.000000
34.000000
34.000000
40.000000
46.000000
52.000000
49.000000
55.000000
57.000000
44.000000
27.000000
7.000000
-14.000000
-33.000000
-64.000000
-89.000000
-116.000000
-136.000000
-148.000000
-164.000000
-162.000000
-155.000000
-141.000000
-132.000000
-115.000000
-94.000000
-65.000000
-44.000000
-30.000000
-15.000000
5.000000
20.000000
29.000000
27.000000
15.000000
17.000000
6.000000
-4.000000
-6.000000
-15.000000
-26.000000
-30.000000
-36.000000
-31.000000
-23.000000
-14.000000
13.000000
34.000000
46.000000
81.000000
103.000000
119.000000
139.000000
157.000000
164.000000
151.000000
150.000000
142.000000
119.000000
100.000000
79.000000
50.000000
35.000000
14.000000
-9.000000
-23.000000
-26.000000
-22.000000
-21.000000
-23.000000
-11.000000
0.000000
-1.000000
1.000000
-3.000000
-10.000000
-10.000000
-16.000000
-42.000000
-64.000000
-90.000000
-118.000000
-138.000000
-157.000000
-185.000000
-211.000000
-222.000000
-234.000000
-245.000000
-242.000000
-231.000000
-220.000000
-194.000000
-172.000000
-159.000000
-137.000000
-112.000000
-87.000000
-56.000000
-34.000000
-19.000000
-5.000000
22.000000
31.000000
51.000000
53.000000
67.000000
86.000000
83.000000
94.000000
84.000000
80.000000
85.000000
82.000000
81.000000
89.000000
96.000000
99.000000
109.000000
129.000000
136.000000
151.000000
174.000000
202.000000
234.000000
247.000000
278.000000
308.000000
331.000000
356.000000
365.000000
367.000000
362.000000
348.000000
317.000000
262.000000
202.000000
134.000000
51.000000
-37.000000
-122.000000
-205.000000
-297.000000
-362.000000
-400.000000
-431.000000
-443.000000
-434.000000
-410.000000
-368.000000
-310.000000
-255.000000
-209.000000
-169.000000
-140.000000
-126.000000
-133.000000
-150.000000
-183.000000
-232.000000
-277.000000
-322.000000
-358.000000
-385.000000
-387.000000
-358.000000
-312.000000
-247.000000
-164.000000
-71.000000
27.000000
117.000000
201.000000
258.000000
297.000000
323.000000
320.000000
300.000000
258.000000
227.000000
186.000000
147.000000
105.000000
95.000000
99.000000
109.000000
150.000000
192.000000
237.000000
282.000000
346.000000
413.000000
477.000000
538.000000
608.000000
658.000000
709.000000
757.000000
800.000000
813.000000
800.000000
750.000000
664.000000
531.000000
344.000000
118.000000
-141.000000
-396.000000
-646.000000
-873.000000
-1056.000000
-1172.000000
-1198.000000
-1139.000000
-1019.000000
-838.000000
-608.000000
-346.000000
-79.000000
153.000000
336.000000
459.000000
505.000000
493.000000
399.000000
249.000000
86.000000
-76.000000
-224.000000
-365.000000
-449.000000
-475.000000
-462.000000
-408.000000
-327.000000
-240.000000
-161.000000
-93.000000
-71.000000
-106.000000
-165.000000
-247.000000
-358.000000
-494.000000
-627.000000
-738.000000
-816.000000
-844.000000
-828.000000
-759.000000
-640.000000
-495.000000
-319.000000
-142.000000
24.000000
175.000000
283.000000
365.000000
403.000000
405.000000
391.000000
342.000000
285.000000
241.000000
223.000000
226.000000
254.000000
322.000000
426.000000
536.000000
652.000000
777.000000
864.000000
932.000000
956.000000
942.000000
892.000000
796.000000
670.000000
526.000000
372.000000
228.000000
118.000000
13.000000
-48.000000
-71.000000
-63.000000
-23.000000
28.000000
91.000000
160.000000
209.000000
243.000000
262.000000
244.000000
208.000000
144.000000
70.000000
-16.000000
-111.000000
-198.000000
-263.000000
-331.000000
-381.000000
-406.000000
-440.000000
-447.000000
-465.000000
-466.000000
-465.000000
-469.000000
-469.000000
-469.000000
-449.000000
-442.000000
-426.000000
-390.000000
-353.000000
-287.000000
-228.000000
-156.000000
-81.000000
-5.000000
66.000000
114.000000
147.000000
169.000000
178.000000
160.000000
144.000000
109.000000
76.000000
61.000000
49.000000
36.000000
58.000000
78.000000
112.000000
171.000000
212.000000
236.000000
253.000000
255.000000
220.000000
171.000000
100.000000
11.000000
-83.000000
-175.000000
-280.000000
-346.000000
-393.000000
-413.000000
-415.000000
-385.000000
-313.000000
-238.000000
-134.000000
-34.000000
77.000000
166.000000
248.000000
320.000000
340.000000
356.000000
365.000000
331.000000
291.000000
230.000000
167.000000
119.000000
83.000000
29.000000
-26.000000
-32.000000
-62.000000
-79.000000
-86.000000
-112.000000
-118.000000
-147.000000
-185.000000
-206.000000
-235.000000
-272.000000
-308.000000
-339.000000
-356.000000
-360.000000
-350.000000
-344.000000
-310.000000
-276.000000
-230.000000
-152.000000
-106.000000
-28.000000
30.000000
65.000000
101.000000
116.000000
130.000000
113.000000
73.000000
27.000000
-6.000000
-29.000000
-67.000000
-88.000000
-79.000000
-91.000000
-30.000000
10.000000
55.000000
122.000000
183.000000
266.000000
348.000000
437.000000
461.000000
512.000000
574.000000
609.000000
636.000000
627.000000
602.000000
572.000000
556.000000
520.000000
452.000000
409.000000
344.000000
293.000000
257.000000
190.000000
159.000000
106.000000
67.000000
32.000000
-17.000000
-7.000000
-33.000000
-73.000000
-86.000000
-90.000000
-99.000000
-72.000000
-21.000000
-7.000000
26.000000
139.000000
179.000000
278.000000
412.000000
448.000000
518.000000
541.000000
554.000000
493.000000
414.000000
228.000000
-11.000000
-250.000000
-548.000000
-852.000000
-1127.000000
-1387.000000
-1553.000000
-1680.000000
-1709.000000
-1666.000000
-1583.000000
-1370.000000
-1146.000000
-861.000000
-604.000000
-347.000000
-173.000000
-10.000000
146.000000
182.000000
176.000000
192.000000
117.000000
33.000000
-76.000000
-205.000000
-283.000000
-326.000000
-410.000000
-589.000000
-685.000000
-768.000000
-765.000000
-752.000000
-826.000000
-864.000000
-785.000000
-643.000000
-414.000000
-227.000000
13.000000
267.000000
509.000000
746.000000
921.000000
1056.000000
1063.000000
1023.000000
862.000000
701.000000
544.000000
356.000000
195.000000
137.000000
162.000000
349.000000
612.000000
930.000000
1278.000000
1727.000000
2176.000000
2529.000000
2774.000000
2843.000000
2867.000000
2806.000000
2645.000000
2434.000000
2206.000000
1894.000000
1633.000000
1333.000000
1102.000000
916.000000
794.000000
336.000000
-282.000000
-876.000000
-1388.000000
-1768.000000
-2411.000000
-3191.000000
-3805.000000
-3946.000000
-3813.000000
-3684.000000
-3543.000000
-3041.000000
-2208.000000
-1246.000000
-519.000000
137.000000
757.000000
1438.000000
1884.000000
1813.000000
1617.000000
1439.000000
1230.000000
800.000000
247.000000
-310.000000
-539.000000
-592.000000
-835.000000
-1142.000000
-1084.000000
-828.000000
-544.000000
-506.000000
-706.000000
-781.000000
-629.000000
-519.000000
-773.000000
-1183.000000
-1486.000000
-1566.000000
-1579.000000
-1645.000000
-1759.000000
-1699.000000
-1435.000000
-1104.000000
-925.000000
-643.000000
-207.000000
178.000000
435.000000
482.000000
503.000000
617.000000
764.000000
646.000000
315.000000
158.000000
139.000000
186.000000
238.000000
194.000000
346.000000
701.000000
1088.000000
1334.000000
1526.000000
1777.000000
1965.000000
2033.000000
1910.000000
1672.000000
1419.000000
1049.000000
654.000000
273.000000
-36.000000
-195.000000
-372.000000
-459.000000
-379.000000
-113.000000
257.000000
657.000000
1011.000000
1287.000000
1609.000000
1915.000000
2089.000000
2174.000000
2033.000000
1707.000000
1365.000000
1022.000000
698.000000
312.000000
-78.000000
-394.000000
-504.000000
-430.000000
-226.000000
111.000000
533.000000
969.000000
1344.000000
1591.000000
1788.000000
1825.000000
1413.000000
586.000000
-444.000000
-1448.000000
-2394.000000
-3445.000000
-4600.000000
-5451.000000
-5690.000000
-5425.000000
-4894.000000
-4240.000000
-3262.000000
-1886.000000
-392.000000
891.000000
1815.000000
2472.000000
2960.000000
3137.000000
2812.000000
2134.000000
1405.000000
635.000000
-165.000000
-905.000000
-1507.000000
-1684.000000
-1494.000000
-1291.000000
-1085.000000
-681.000000
-27.000000
630.000000
993.000000
899.000000
568.000000
366.000000
110.000000
-449.000000
-1284.000000
-2096.000000
-2599.000000
-2798.000000
-2808.000000
-2743.000000
-2483.000000
-1829.000000
-994.000000
-226.000000
509.000000
1246.000000
1887.000000
2239.000000
2254.000000
1903.000000
1484.000000
1079.000000
401.000000
-452.000000
-1191.000000
-1647.000000
-1777.000000
-1656.000000
-1425.000000
-958.000000
-153.000000
864.000000
1799.000000
2598.000000
3211.000000
3640.000000
3736.000000
3540.000000
3008.000000
2193.000000
1322.000000
412.000000
-485.000000
-1160.000000
-1549.000000
-1753.000000
-1647.000000
-1212.000000
-545.000000
293.000000
1307.000000
2126.000000
2851.000000
3395.000000
3734.000000
3814.000000
3687.000000
3227.000000
2499.000000
1744.000000
1077.000000
542.000000
168.000000
-9.000000
-65.000000
92.000000
364.000000
851.000000
1245.000000
1514.000000
1227.000000
504.000000
-372.000000
-1226.000000
-2190.000000
-3521.000000
-4947.000000
-6053.000000
-6434.000000
-6273.000000
-5946.000000
-5435.000000
-4300.000000
-2656.000000
-814.000000
622.000000
1813.000000
2825.000000
3730.000000
4114.000000
3762.000000
3004.000000
2164.000000
1317.000000
242.000000
-936.000000
-1821.000000
-2166.000000
-2192.000000
-2084.000000
-1973.000000
-1367.000000
-395.000000
608.000000
1083.000000
1116.000000
1032.000000
996.000000
741.000000
-74.000000
-1324.000000
-2536.000000
-3416.000000
-3982.000000
-4468.000000
-4870.000000
-4756.000000
-4184.000000
-3203.000000
-2203.000000
-1115.000000
38.000000
1266.000000
2240.000000
2667.000000
2752.000000
2720.000000
2395.000000
1783.000000
812.000000
-166.000000
-788.000000
-1176.000000
-1378.000000
-1465.000000
-1057.000000
-176.000000
976.000000
2066.000000
2993.000000
3776.000000
4391.000000
4694.000000
4573.000000
3873.000000
2884.000000
1646.000000
302.000000
-865.000000
-1838.000000
-2552.000000
-2911.000000
-2780.000000
-2220.000000
-1177.000000
108.000000
1387.000000
2675.000000
3846.000000
4666.000000
5178.000000
5237.000000
4950.000000
4293.000000
3403.000000
2326.000000
1214.000000
259.000000
-568.000000
-1105.000000
-1340.000000
-1220.000000
-676.000000
70.000000
1018.000000
1945.000000
2676.000000
3375.000000
3742.000000
3670.000000
2595.000000
943.000000
-927.000000
-2636.000000
-4250.000000
-6169.000000
-8034.000000
-9098.000000
-9047.000000
-8032.000000
-6806.000000
-5441.000000
-3445.000000
-965.000000
1471.000000
3118.000000
4216.000000
4865.000000
5170.000000
4711.000000
3321.000000
1627.000000
147.000000
-1158.000000
-2398.000000
-3590.000000
-4164.000000
-3848.000000
-3015.000000
-2155.000000
-1344.000000
-92.000000
1271.000000
2319.000000
2482.000000
1935.000000
1175.000000
450.000000
-518.000000
-2097.000000
-3981.000000
-5377.000000
-5995.000000
-6054.000000
-5757.000000
-5191.000000
-4020.000000
-2399.000000
-515.000000
1107.000000
2558.000000
3780.000000
4561.000000
4629.000000
3932.000000
2911.000000
1924.000000
829.000000
-564.000000
-2010.000000
-2985.000000
-3137.000000
-2793.000000
-1957.000000
-951.000000
474.000000
2204.000000
3973.000000
5259.000000
6040.000000
6413.000000
6183.000000
5327.000000
4005.000000
2326.000000
543.000000
-1140.000000
-2607.000000
-3412.000000
-3736.000000
-3406.000000
-2663.000000
-1408.000000
141.000000
1863.000000
3516.000000
4737.000000
5427.000000
5666.000000
5468.000000
4800.000000
3764.000000
2514.000000
1203.000000
-251.000000
-1150.000000
-1788.000000
-1895.000000
-1794.000000
-1435.000000
-894.000000
-99.000000
866.000000
1956.000000
2938.000000
3677.000000
4026.000000
4135.000000
4111.000000
3647.000000
2894.000000
757.000000
-1560.000000
-3842.000000
-5311.000000
-6622.000000
-8056.000000
-9351.000000
-9524.000000
-8510.000000
-6743.000000
-5019.000000
-3337.000000
-1376.000000
1043.000000
3094.000000
3768.000000
4033.000000
3722.000000
3390.000000
2338.000000
742.000000
-1073.000000
-2138.000000
-2742.000000
-3141.000000
-3287.000000
-2794.000000
-1578.000000
71.000000
1231.000000
1849.000000
2757.000000
3465.000000
3658.000000
2480.000000
686.000000
-1189.000000
-2450.000000
-3779.000000
-5432.000000
-7030.000000
-7771.000000
-7217.000000
-5926.000000
-4581.000000
-3035.000000
-961.000000
1200.000000
3264.000000
4435.000000
5102.000000
5132.000000
4882.000000
3657.000000
2013.000000
243.000000
-1297.000000
-2514.000000
-3627.000000
-4445.000000
-4343.000000
-3288.000000
-1825.000000
-44.000000
1707.000000
3662.000000
5356.000000
6793.000000
7201.000000
7029.000000
6122.000000
4800.000000
3173.000000
1298.000000
-599.000000
-2123.000000
-3232.000000
-3663.000000
-3291.000000
-2466.000000
-1188.000000
167.000000
1823.000000
3327.000000
4687.000000
5313.000000
5403.000000
5011.000000
4240.000000
3158.000000
1894.000000
522.000000
-670.000000
-1512.000000
-2014.000000
-1894.000000
-1565.000000
-782.000000
-91.000000
782.000000
1530.000000
2386.000000
3104.000000
3682.000000
4060.000000
4179.000000
3969.000000
3671.000000
3401.000000
2803.000000
1567.000000
-809.000000
-2995.000000
-4916.000000
-5972.000000
-7261.000000
-8672.000000
-9736.000000
-9469.000000
-8089.000000
-6285.000000
-4740.000000
-3085.000000
-893.000000
1417.000000
2787.000000
3140.000000
3301.000000
3085.000000
2701.000000
1447.000000
-121.000000
-1511.000000
-1992.000000
-2168.000000
-2317.000000
-2179.000000
-1301.000000
156.000000
1395.000000
1991.000000
2386.000000
2866.000000
2948.000000
2127.000000
157.000000
-1963.000000
-3712.000000
-4754.000000
-5847.000000
-7162.000000
-7969.000000
-7504.000000
-5938.000000
-4075.000000
-2144.000000
-73.000000
2095.000000
3996.000000
5146.000000
5461.000000
5262.000000
4586.000000
3517.000000
1491.000000
-825.000000
-2514.000000
-3606.000000
-4400.000000
-4909.000000
-4693.000000
-3493.000000
-1523.000000
629.000000
2703.000000
4724.000000
6395.000000
7620.000000
8092.000000
7368.000000
6249.000000
4978.000000
3186.000000
1149.000000
-714.000000
-2100.000000
-2919.000000
-3087.000000
-2603.000000
-1505.000000
-147.000000
1177.000000
2619.000000
3824.000000
4498.000000
4941.000000
4743.000000
3901.000000
2835.000000
1692.000000
476.000000
-600.000000
-1340.000000
-1720.000000
-1782.000000
-1597.000000
-904.000000
76.000000
880.000000
1459.000000
2100.000000
2453.000000
2679.000000
2870.000000
3006.000000
2996.000000
2971.000000
2809.000000
2666.000000
2659.000000
2586.000000
2089.000000
499.000000
-1642.000000
-3629.000000
-5017.000000
-6450.000000
-7983.000000
-9243.000000
-9718.000000
-9148.000000
-7761.000000
-6115.000000
-4378.000000
-2324.000000
-25.000000
1779.000000
2579.000000
2876.000000
2833.000000
2558.000000
1617.000000
257.000000
-1167.000000
-2026.000000
-2276.000000
-2146.000000
-1761.000000
-1028.000000
233.000000
1548.000000
2292.000000
2546.000000
2751.000000
2777.000000
2039.000000
201.000000
-2114.000000
-4184.000000
-5463.000000
-6372.000000
-7116.000000
-7625.000000
-7184.000000
-5529.000000
-3386.000000
-1174.000000
1074.000000
3208.000000
4865.000000
5656.000000
5600.000000
4803.000000
3644.000000
1955.000000
-300.000000
-2418.000000
-4153.000000
-4947.000000
-5020.000000
-4556.000000
-3527.000000
-1620.000000
789.000000
3108.000000
5114.000000
6664.000000
7573.000000
7861.000000
7307.000000
6021.000000
4262.000000
2388.000000
758.000000
-650.000000
-1670.000000
-2182.000000
-1964.000000
-1145.000000
188.000000
1715.000000
3026.000000
4014.000000
4551.000000
4777.000000
4443.000000
3575.000000
2322.000000
938.000000
-372.000000
-1391.000000
-1882.000000
-1949.000000
-1603.000000
-907.000000
65.000000
989.000000
1875.000000
2684.000000
3290.000000
3235.000000
2935.000000
2413.000000
1822.000000
1392.000000
1288.000000
1376.000000
1486.000000
1807.000000
2128.000000
2850.000000
3175.000000
3048.000000
1808.000000
-531.000000
-3308.000000
-5469.000000
-7335.000000
-9122.000000
-10602.000000
-11313.000000
-10966.000000
-9412.000000
-7171.000000
-4754.000000
-2049.000000
410.000000
2700.000000
3698.000000
3735.000000
3244.000000
2789.000000
1573.000000
-203.000000
-2037.000000
-3248.000000
-3561.000000
-3068.000000
-2171.000000
-974.000000
588.000000
2328.000000
3541.000000
3694.000000
3656.000000
3264.000000
2288.000000
-109.000000
-3033.000000
-5814.000000
-7411.000000
-8207.000000
-8584.000000
-8370.000000
-7386.000000
-5232.000000
-2197.000000
577.000000
2972.000000
5324.000000
6794.000000
7037.000000
6003.000000
4252.000000
1905.000000
-202.000000
-2692.000000
-4888.000000
-6208.000000
-6562.000000
-5683.000000
-3989.000000
-1996.000000
599.000000
3487.000000
5799.000000
7413.000000
8293.000000
8445.000000
7855.000000
6720.000000
4709.000000
2697.000000
804.000000
-456.000000
-910.000000
-893.000000
-494.000000
361.000000
1364.000000
2524.000000
3669.000000
4249.000000
4311.000000
3862.000000
2935.000000
1888.000000
947.000000
-140.000000
-678.000000
-862.000000
-655.000000
-10.000000
859.000000
1655.000000
2420.000000
2970.000000
3058.000000
3088.000000
2555.000000
1855.000000
1176.000000
632.000000
221.000000
313.000000
487.000000
1246.000000
1929.000000
2870.000000
3432.000000
3752.000000
3922.000000
3269.000000
1336.000000
-2544.000000
-5626.000000
-8516.000000
-10154.000000
-11261.000000
-12049.000000
-12089.000000
-10195.000000
-7394.000000
-4078.000000
-1179.000000
1637.000000
3863.000000
5610.000000
4966.000000
2922.000000
1510.000000
-270.000000
-2102.000000
-4237.000000
-5832.000000
-6558.000000
-5221.000000
-2951.000000
-969.000000
1238.000000
4039.000000
5976.000000
6625.000000
5645.000000
4253.000000
2478.000000
38.000000
-3576.000000
-7674.000000
-10050.000000
-11019.000000
-10433.000000
-9039.000000
-7378.000000
-4796.000000
-1087.000000
2269.000000
4525.000000
6298.000000
7541.000000
7185.000000
5403.000000
2432.000000
-727.000000
-3102.000000
-5182.000000
-6530.000000
-7219.000000
-6837.000000
-4940.000000
-2123.000000
824.000000
3786.000000
6462.000000
8485.000000
9152.000000
8698.000000
7595.000000
6304.000000
4557.000000
2377.000000
775.000000
-629.000000
-1250.000000
-917.000000
195.000000
1499.000000
2671.000000
3558.000000
4065.000000
3991.000000
3838.000000
3508.000000
2552.000000
1115.000000
-51.000000
-691.000000
-1098.000000
-636.000000
273.000000
1468.000000
2403.000000
3169.000000
3889.000000
3985.000000
3588.000000
2856.000000
1988.000000
755.000000
-438.000000
-957.000000
-1305.000000
-1005.000000
-91.000000
1348.000000
2506.000000
3495.000000
4700.000000
5530.000000
5464.000000
5186.000000
4394.000000
2430.000000
-1831.000000
-6580.000000
-10005.000000
-12342.000000
-12667.000000
-12432.000000
-11517.000000
-10105.000000
-6625.000000
-2747.000000
417.000000
2760.000000
4633.000000
5669.000000
5031.000000
1600.000000
-1564.000000
-3604.000000
-5328.000000
-6649.000000
-7334.000000
-7164.000000
-5660.000000
-1712.000000
1658.000000
4147.000000
6847.000000
9025.000000
8960.000000
6582.000000
3094.000000
204.000000
-2459.000000
-5616.000000
-9400.000000
-11944.000000
-12373.000000
-10546.000000
-7182.000000
-4249.000000
-1259.000000
2230.000000
5055.000000
5915.000000
5535.000000
5158.000000
4151.000000
1780.000000
-1594.000000
-5017.000000
-7122.000000
-7773.000000
-7085.000000
-5561.000000
-3538.000000
-504.000000
2503.000000
4910.000000
6380.000000
7528.000000
8183.000000
7370.000000
5288.000000
2969.000000
1578.000000
840.000000
321.000000
381.000000
876.000000
1732.000000
2943.000000
4010.000000
4871.000000
5167.000000
5144.000000
4172.000000
2278.000000
495.000000
-345.000000
-556.000000
-812.000000
-667.000000
21.000000
1080.000000
2201.000000
3434.000000
4627.000000
5238.000000
5212.000000
4407.000000
2917.000000
1015.000000
-74.000000
-667.000000
-1445.000000
-1795.000000
-1201.000000
-376.000000
883.000000
2195.000000
3952.000000
5377.000000
5620.000000
5189.000000
3726.000000
3127.000000
1646.000000
1634.000000
-780.000000
-4616.000000
-8135.000000
-10393.000000
-11621.000000
-11936.000000
-10090.000000
-7457.000000
-4660.000000
-2225.000000
-333.000000
1151.000000
2436.000000
3411.000000
3738.000000
797.000000
-2530.000000
-4861.000000
-6137.000000
-7300.000000
-7440.000000
-5427.000000
-3297.000000
-841.000000
1697.000000
4131.000000
6119.000000
7926.000000
8757.000000
6392.000000
2192.000000
-1184.000000
-3908.000000
-6396.000000
-8760.000000
-9633.000000
-9034.000000
-8020.000000
-6135.000000
-3541.000000
-607.000000
2047.000000
4213.000000
4077.000000
1952.000000
126.000000
-692.000000
-1842.000000
-3205.000000
-4109.000000
-3903.000000
-3336.000000
-2905.000000
-1527.000000
310.000000
2439.000000
4134.000000
4814.000000
3919.000000
2801.000000
2341.000000
2164.000000
1386.000000
1011.000000
1409.000000
2298.000000
2766.000000
3247.000000
4491.000000
5266.000000
5515.000000
4838.000000
3607.000000
2081.000000
1078.000000
609.000000
71.000000
-422.000000
-27.000000
701.000000
1458.000000
2055.000000
3244.000000
4420.000000
4510.000000
4023.000000
3009.000000
2178.000000
1514.000000
1115.000000
696.000000
232.000000
293.000000
334.000000
65.000000
-108.000000
362.000000
1316.000000
1823.000000
1868.000000
1661.000000
1146.000000
1416.000000
1553.000000
1750.000000
2074.000000
2387.000000
2605.000000
2310.000000
2558.000000
2457.000000
2920.000000
767.000000
-2519.000000
-5737.000000
-8183.000000
-9386.000000
-9410.000000
-8748.000000
-7867.000000
-5697.000000
-3623.000000
-2487.000000
-1510.000000
-237.000000
1063.000000
1033.000000
-1054.000000
-3503.000000
-5780.000000
-6404.000000
-5892.000000
-4662.000000
-2895.000000
-295.000000
2505.000000
4248.000000
5514.000000
6357.000000
6913.000000
5937.000000
2829.000000
-1249.000000
-5030.000000
-7868.000000
-9241.000000
-9442.000000
-8900.000000
-7094.000000
-4243.000000
-1823.000000
-167.000000
1330.000000
2702.000000
3080.000000
2118.000000
472.000000
-1310.000000
-2422.000000
-2970.000000
-2590.000000
-1859.000000
-561.000000
1002.000000
2333.000000
2929.000000
2965.000000
3254.000000
3087.000000
1919.000000
99.000000
-1417.000000
-2328.000000
-2573.000000
-1841.000000
-195.000000
1891.000000
4025.000000
5819.000000
6659.000000
6590.000000
6242.000000
5750.000000
4562.000000
3121.000000
1950.000000
1073.000000
392.000000
191.000000
668.000000
1594.000000
2571.000000
3216.000000
3163.000000
2549.000000
1948.000000
1393.000000
827.000000
232.000000
181.000000
600.000000
1082.000000
1376.000000
1741.000000
2324.000000
2683.000000
2915.000000
2497.000000
1817.000000
1146.000000
290.000000
-190.000000
-234.000000
-299.000000
850.000000
2204.000000
3001.000000
3462.000000
3759.000000
2960.000000
2437.000000
2610.000000
2144.000000
2512.000000
329.000000
-3640.000000
-7538.000000
-10504.000000
-11735.000000
-9828.000000
-7388.000000
-5050.000000
-2144.000000
-792.000000
-1111.000000
-2054.000000
-3324.000000
-3554.000000
-3141.000000
-4126.000000
-4887.000000
-5918.000000
-6309.000000
-4691.000000
-2283.000000
241.000000
3880.000000
6528.000000
7110.000000
6288.000000
3682.000000
1333.000000
125.000000
-1778.000000
-3420.000000
-4246.000000
-5147.000000
-4798.000000
-3987.000000
-3668.000000
-2598.000000
-897.000000
-158.000000
-162.000000
-1500.000000
-3549.000000
-4378.000000
-4785.000000
-4636.000000
-3259.000000
-1566.000000
262.000000
1963.000000
2513.000000
2730.000000
2961.000000
2915.000000
2503.000000
1619.000000
132.000000
-789.000000
-1168.000000
-1721.000000
-1401.000000
-347.000000
960.000000
2557.000000
3571.000000
3922.000000
4098.000000
4143.000000
4143.000000
3914.000000
3470.000000
3221.000000
3391.000000
3385.000000
3295.000000
3288.000000
3116.000000
2986.000000
2803.000000
2324.000000
1814.000000
1287.000000
969.000000
945.000000
1052.000000
1294.000000
1610.000000
1923.000000
1821.000000
1723.000000
1487.000000
1188.000000
1113.000000
945.000000
1125.000000
1337.000000
1671.000000
2248.000000
2352.000000
2488.000000
2695.000000
2484.000000
2289.000000
1881.000000
1181.000000
868.000000
804.000000
628.000000
1064.000000
1934.000000
2256.000000
3293.000000
2370.000000
-1001.000000
-3832.000000
-7489.000000
-10117.000000
-10430.000000
-9661.000000
-7730.000000
-4174.000000
-1700.000000
-89.000000
304.000000
-1377.000000
-2575.000000
-3406.000000
-5300.000000
-5906.000000
-6488.000000
-7045.000000
-6046.000000
-4899.000000
-2870.000000
354.000000
3118.000000
5154.000000
6507.000000
4858.000000
2735.000000
915.000000
-1907.000000
-3087.000000
-2935.000000
-2699.000000
-1197.000000
-67.000000
-192.000000
-105.000000
-717.000000
-1576.000000
-1854.000000
-3017.000000
-4472.000000
-4977.000000
-5749.000000
-5813.000000
-4503.000000
-2979.000000
-598.000000
1729.000000
2996.000000
3322.000000
2202.000000
280.000000
-1002.000000
-2043.000000
-2258.000000
-1043.000000
382.000000
1722.000000
2933.000000
3526.000000
3544.000000
3473.000000
3471.000000
3483.000000
3432.000000
3217.000000
3075.000000
2965.000000
2943.000000
3212.000000
3741.000000
4379.000000
4774.000000
4840.000000
4389.000000
3248.000000
2140.000000
1279.000000
755.000000
847.000000
1109.000000
1606.000000
1879.000000
1617.000000
1139.000000
422.000000
-277.000000
-495.000000
-261.000000
14.000000
530.000000
1182.000000
1607.000000
2295.000000
2898.000000
3324.000000
3740.000000
3504.000000
3062.000000
2490.000000
1416.000000
657.000000
394.000000
284.000000
1055.000000
2020.000000
2863.000000
3552.000000
3864.000000
3449.000000
2794.000000
303.000000
-2979.000000
-5450.000000
-8261.000000
-9475.000000
-8599.000000
-7077.000000
-4573.000000
-1091.000000
713.000000
1015.000000
-745.000000
-4070.000000
-7131.000000
-9622.000000
-10894.000000
-9646.000000
-7563.000000
-4937.000000
-1875.000000
-142.000000
727.000000
1174.000000
983.000000
889.000000
820.000000
301.000000
499.000000
224.000000
-405.000000
-2.000000
668.000000
1355.000000
2665.000000
3299.000000
2684.000000
1412.000000
-972.000000
-3336.000000
-5090.000000
-5748.000000
-4643.000000
-2674.000000
-880.000000
827.000000
1316.000000
358.000000
-1140.000000
-3188.000000
-4722.000000
-5435.000000
-5406.000000
-4438.000000
-2719.000000
-1487.000000
171.000000
1725.000000
2301.000000
2760.000000
3014.000000
2755.000000
2237.000000
1963.000000
2031.000000
2396.000000
3125.000000
4455.000000
5941.000000
6919.000000
7393.000000
7151.000000
6001.000000
4541.000000
3127.000000
2207.000000
1759.000000
1845.000000
2590.000000
3407.000000
3772.000000
3562.000000
2882.000000
1611.000000
149.000000
-898.000000
-1403.000000
-1580.000000
-1016.000000
-8.000000
776.000000
1338.000000
1552.000000
1365.000000
996.000000
690.000000
373.000000
206.000000
86.000000
9.000000
435.000000
944.000000
1305.000000
1718.000000
1997.000000
1853.000000
1670.000000
1404.000000
1091.000000
1087.000000
1384.000000
1989.000000
2894.000000
3196.000000
2552.000000
1664.000000
-215.000000
-2480.000000
-4022.000000
-4853.000000
-4948.000000
-3978.000000
-2656.000000
-1513.000000
-1426.000000
-2621.000000
-4418.000000
-6639.000000
-8509.000000
-9004.000000
-8263.000000
-7005.000000
-5065.000000
-3213.000000
-1987.000000
-1878.000000
-2717.000000
-3569.000000
-4236.000000
-4600.000000
-3776.000000
-2465.000000
-1251.000000
167.000000
1325.000000
1602.000000
1427.000000
1196.000000
1015.000000
1126.000000
1193.000000
1562.000000
1966.000000
1951.000000
1765.000000
1683.000000
1338.000000
1210.000000
1280.000000
1279.000000
1021.000000
431.000000
-48.000000
-752.000000
-1606.000000
-2200.000000
-2169.000000
-1905.000000
-1261.000000
-432.000000
-59.000000
127.000000
-119.000000
-532.000000
-1102.000000
-1540.000000
-1350.000000
-608.000000
456.000000
1566.000000
2377.000000
2889.000000
2935.000000
2721.000000
2614.000000
2510.000000
2678.000000
3246.000000
3748.000000
4067.000000
4177.000000
4022.000000
3704.000000
3311.000000
3245.000000
3394.000000
3709.000000
4093.000000
4436.000000
4397.000000
4184.000000
3713.000000
2823.000000
2094.000000
1255.000000
491.000000
103.000000
-424.000000
-880.000000
-1116.000000
-1505.000000
-1850.000000
-2268.000000
-2623.000000
-3018.000000
-3229.000000
-3396.000000
-3497.000000
-3233.000000
-2873.000000
-2054.000000
-1318.000000
-565.000000
200.000000
727.000000
1231.000000
1569.000000
1764.000000
1630.000000
1516.000000
1168.000000
575.000000
197.000000
-2.000000
98.000000
505.000000
955.000000
1252.000000
1208.000000
823.000000
200.000000
-531.000000
-1249.000000
-1765.000000
-2010.000000
-2088.000000
-1973.000000
-1943.000000
-2096.000000
-2569.000000
-3346.000000
-4105.000000
-4717.000000
-4889.000000
-4460.000000
-3660.000000
-2719.000000
-2102.000000
-1826.000000
-2016.000000
-2520.000000
-3098.000000
-3528.000000
-3537.000000
-3128.000000
-2343.000000
-1400.000000
-630.000000
-112.000000
194.000000
170.000000
-189.000000
-610.000000
-881.000000
-954.000000
-629.000000
-18.000000
790.000000
1622.000000
2176.000000
2499.000000
2468.000000
2092.000000
1822.000000
1745.000000
1761.000000
2021.000000
2411.000000
2606.000000
2602.000000
2359.000000
1898.000000
1285.000000
718.000000
300.000000
113.000000
-9.000000
2.000000
46.000000
25.000000
-14.000000
45.000000
44.000000
65.000000
295.000000
434.000000
794.000000
1113.000000
1367.000000
1674.000000
1936.000000
2064.000000
2264.000000
2440.000000
2422.000000
2495.000000
2422.000000
2321.000000
2317.000000
2273.000000
2260.000000
2291.000000
2041.000000
1801.000000
1543.000000
1105.000000
833.000000
740.000000
693.000000
855.000000
1043.000000
1127.000000
1209.000000
1131.000000
967.000000
767.000000
488.000000
175.000000
-15.000000
-145.000000
-220.000000
-211.000000
-396.000000
-678.000000
-1015.000000
-1326.000000
-1584.000000
-1724.000000
-1735.000000
-1679.000000
-1625.000000
-1634.000000
-1629.000000
-1789.000000
-2052.000000
-2170.000000
-2218.000000
-2193.000000
-1955.000000
-1664.000000
-1465.000000
-1443.000000
-1536.000000
-1706.000000
-2001.000000
-2265.000000
-2387.000000
-2296.000000
-2010.000000
-1651.000000
-1307.000000
-1092.000000
-1049.000000
-1126.000000
-1149.000000
-1265.000000
-1447.000000
-1510.000000
-1542.000000
-1619.000000
-1582.000000
-1616.000000
-1608.000000
-1610.000000
-1741.000000
-1747.000000
-1796.000000
-1720.000000
-1401.000000
-910.000000
-335.000000
230.000000
682.000000
963.000000
1056.000000
921.000000
760.000000
658.000000
562.000000
669.000000
989.000000
1298.000000
1651.000000
1889.000000
1941.000000
1819.000000
1477.000000
1131.000000
725.000000
409.000000
370.000000
552.000000
728.000000
952.000000
1163.000000
1270.000000
1416.000000
1550.000000
1756.000000
1988.000000
2121.000000
2308.000000
2441.000000
2422.000000
2360.000000
2263.000000
2130.000000
2045.000000
2061.000000
2126.000000
2119.000000
1939.000000
1810.000000
1638.000000
1283.000000
973.000000
655.000000
400.000000
318.000000
314.000000
317.000000
482.000000
532.000000
588.000000
620.000000
480.000000
405.000000
371.000000
289.000000
212.000000
155.000000
68.000000
25.000000
-200.000000
-415.000000
-510.000000
-618.000000
-604.000000
-591.000000
-717.000000
-821.000000
-862.000000
-1116.000000
-1286.000000
-1369.000000
-1453.000000
-1389.000000
-1358.000000
-1506.000000
-1658.000000
-1830.000000
-2086.000000
-2294.000000
-2484.000000
-2570.000000
-2459.000000
-2290.000000
-2227.000000
-2140.000000
-2080.000000
-1890.000000
-1654.000000
-1415.000000
-1156.000000
-963.000000
-800.000000
-721.000000
-844.000000
-1141.000000
-1324.000000
-1552.000000
-1610.000000
-1488.000000
-1385.000000
-1180.000000
-925.000000
-708.000000
-586.000000
-453.000000
-334.000000
-197.000000
-60.000000
147.000000
399.000000
724.000000
996.000000
1292.000000
1445.000000
1489.000000
1538.000000
1519.000000
1507.000000
1430.000000
1408.000000
1401.000000
1359.000000
1168.000000
957.000000
726.000000
404.000000
177.000000
86.000000
-49.000000
0.000000
165.000000
301.000000
448.000000
546.000000
628.000000
838.000000
938.000000
1046.000000
1228.000000
1293.000000
1437.000000
1577.000000
1641.000000
1629.000000
1603.000000
1611.000000
1584.000000
1519.000000
1414.000000
1216.000000
1042.000000
838.000000
781.000000
694.000000
738.000000
791.000000
844.000000
942.000000
914.000000
922.000000
784.000000
689.000000
562.000000
452.000000
357.000000
134.000000
3.000000
-99.000000
-258.000000
-379.000000
-519.000000
-771.000000
-900.000000
-837.000000
-819.000000
-750.000000
-668.000000
-616.000000
-550.000000
-570.000000
-735.000000
-869.000000
-1047.000000
-1158.000000
-1202.000000
-1189.000000
-1248.000000
-1202.000000
-1079.000000
-1115.000000
-1129.000000
-1128.000000
-1105.000000
-1016.000000
-881.000000
-768.000000
-594.000000
-427.000000
-299.000000
-256.000000
-324.000000
-401.000000
-466.000000
-521.000000
-623.000000
-745.000000
-885.000000
-979.000000
-1127.000000
-1338.000000
-1537.000000
-1711.000000
-1717.000000
-1673.000000
-1523.000000
-1241.000000
-1031.000000
-750.000000
-535.000000
-434.000000
-381.000000
-307.000000
-242.000000
-221.000000
-43.000000
150.000000
439.000000
665.000000
831.000000
903.000000
845.000000
889.000000
881.000000
909.000000
940.000000
956.000000
949.000000
795.000000
658.000000
606.000000
506.000000
497.000000
643.000000
781.000000
898.000000
1106.000000
1201.000000
1199.000000
1178.000000
1144.000000
1112.000000
1033.000000
937.000000
935.000000
845.000000
760.000000
750.000000
659.000000
519.000000
408.000000
284.000000
87.000000
8.000000
-109.000000
-14.000000
115.000000
274.000000
471.000000
579.000000
635.000000
733.000000
800.000000
727.000000
721.000000
651.000000
610.000000
591.000000
552.000000
493.000000
448.000000
396.000000
303.000000
214.000000
96.000000
-11.000000
-53.000000
-84.000000
-188.000000
-279.000000
-343.000000
-510.000000
-684.000000
-839.000000
-1056.000000
-1222.000000
-1326.000000
-1363.000000
-1338.000000
-1226.000000
-1126.000000
-1066.000000
-1086.000000
-1114.000000
-1160.000000
-1216.000000
-1141.000000
-1043.000000
-859.000000
-619.000000
-361.000000
-102.000000
56.000000
218.000000
269.000000
176.000000
116.000000
57.000000
0.000000
-49.000000
-98.000000
-149.000000
-182.000000
-207.000000
-234.000000
-162.000000
-130.000000
-45.000000
95.000000
119.000000
115.000000
60.000000
-45.000000
-137.000000
-236.000000
-271.000000
-266.000000
-243.000000
-119.000000
25.000000
154.000000
309.000000
391.000000
376.000000
292.000000
107.000000
-130.000000
-298.000000
-395.000000
-485.000000
-413.000000
-299.000000
-155.000000
75.000000
184.000000
278.000000
387.000000
475.000000
605.000000
708.000000
747.000000
783.000000
853.000000
870.000000
887.000000
859.000000
752.000000
699.000000
584.000000
399.000000
300.000000
110.000000
-32.000000
-98.000000
-237.000000
-355.000000
-449.000000
-534.000000
-583.000000
-563.000000
-538.000000
-451.000000
-370.000000
-323.000000
-200.000000
-121.000000
-48.000000
122.000000
238.000000
312.000000
329.000000
304.000000
213.000000
124.000000
110.000000
183.000000
265.000000
278.000000
313.000000
274.000000
163.000000
36.000000
-93.000000
-208.000000
-341.000000
-436.000000
-431.000000
-416.000000
-368.000000
-277.000000
-198.000000
-159.000000
-90.000000
-21.000000
-23.000000
-88.000000
-181.000000
-221.000000
-267.000000
-288.000000
-241.000000
-143.000000
-12.000000
115.000000
201.000000
195.000000
120.000000
32.000000
-3.000000
-61.000000
-130.000000
-84.000000
1.000000
95.000000
240.000000
359.000000
403.000000
442.000000
429.000000
421.000000
428.000000
414.000000
438.000000
488.000000
457.000000
418.000000
410.000000
369.000000
320.000000
366.000000
470.000000
505.000000
548.000000
533.000000
409.000000
242.000000
97.000000
-67.000000
-209.000000
-297.000000
-356.000000
-341.000000
-332.000000
-359.000000
-324.000000
-300.000000
-376.000000
-391.000000
-409.000000
-439.000000
-427.000000
-379.000000
-392.000000
-372.000000
-294.000000
-175.000000
-94.000000
-96.000000
-124.000000
-166.000000
-270.000000
-370.000000
-471.000000
-610.000000
-650.000000
-654.000000
-676.000000
-683.000000
-680.000000
-702.000000
-644.000000
-595.000000
-541.000000
-434.000000
-359.000000
-294.000000
-238.000000
-182.000000
-120.000000
-37.000000
-22.000000
-44.000000
-27.000000
-37.000000
9.000000
85.000000
142.000000
209.000000
264.000000
253.000000
171.000000
31.000000
-81.000000
-181.000000
-222.000000
-247.000000
-210.000000
-122.000000
-65.000000
8.000000
27.000000
48.000000
68.000000
105.000000
121.000000
180.000000
221.000000
282.000000
363.000000
378.000000
438.000000
514.000000
563.000000
625.000000
740.000000
774.000000
795.000000
809.000000
738.000000
693.000000
630.000000
525.000000
453.000000
387.000000
324.000000
378.000000
430.000000
437.000000
492.000000
544.000000
509.000000
489.000000
419.000000
309.000000
193.000000
93.000000
62.000000
10.000000
-7.000000
31.000000
76.000000
127.000000
180.000000
239.000000
243.000000
221.000000
176.000000
126.000000
51.000000
-60.000000
-115.000000
-144.000000
-119.000000
-39.000000
46.000000
97.000000
156.000000
164.000000
132.000000
95.000000
10.000000
-45.000000
-17.000000
1.000000
-6.000000
12.000000
-16.000000
-34.000000
-54.000000
-143.000000
-245.000000
-401.000000
-489.000000
-511.000000
-579.000000
-645.000000
-656.000000
-708.000000
-768.000000
-818.000000
-909.000000
-948.000000
-948.000000
-924.000000
-860.000000
-847.000000
-853.000000
-778.000000
-768.000000
-748.000000
-711.000000
-679.000000
-658.000000
-658.000000
-641.000000
-601.000000
-521.000000
-439.000000
-318.000000
-199.000000
-75.000000
57.000000
175.000000
199.000000
217.000000
177.000000
110.000000
33.000000
-42.000000
-84.000000
-112.000000
-121.000000
-107.000000
-72.000000
-45.000000
-17.000000
-68.000000
-77.000000
-40.000000
1.000000
50.000000
94.000000
87.000000
97.000000
129.000000
133.000000
236.000000
325.000000
417.000000
544.000000
619.000000
688.000000
743.000000
778.000000
798.000000
789.000000
776.000000
753.000000
743.000000
737.000000
768.000000
802.000000
816.000000
843.000000
818.000000
814.000000
765.000000
712.000000
699.000000
662.000000
706.000000
747.000000
789.000000
847.000000
821.000000
743.000000
592.000000
433.000000
295.000000
233.000000
184.000000
152.000000
193.000000
212.000000
269.000000
277.000000
237.000000
163.000000
76.000000
30.000000
-70.000000
-171.000000
-208.000000
-217.000000
-198.000000
-214.000000
-245.000000
-302.000000
-333.000000
-366.000000
-385.000000
-410.000000
-458.000000
-470.000000
-495.000000
-554.000000
-625.000000
-625.000000
-615.000000
-590.000000
-599.000000
-568.000000
-571.000000
-590.000000
-585.000000
-623.000000
-659.000000
-693.000000
-716.000000
-770.000000
-829.000000
-896.000000
-945.000000
-972.000000
-1006.000000
-981.000000
-910.000000
-771.000000
-670.000000
-559.000000
-436.000000
-348.000000
-273.000000
-235.000000
-230.000000
-295.000000
-278.000000
-273.000000
-261.000000
-240.000000
-240.000000
-196.000000
-146.000000
-118.000000
-70.000000
-6.000000
41.000000
99.000000
115.000000
93.000000
37.000000
-27.000000
-83.000000
-125.000000
-121.000000
-16.000000
175.000000
330.000000
500.000000
656.000000
757.000000
839.000000
861.000000
821.000000
744.000000
649.000000
577.000000
500.000000
420.000000
395.000000
425.000000
442.000000
420.000000
435.000000
420.000000
411.000000
424.000000
430.000000
468.000000
482.000000
531.000000
590.000000
600.000000
612.000000
639.000000
616.000000
584.000000
574.000000
560.000000
549.000000
561.000000
548.000000
540.000000
533.000000
510.000000
492.000000
447.000000
391.000000
345.000000
316.000000
269.000000
245.000000
205.000000
183.000000
180.000000
165.000000
152.000000
92.000000
19.000000
-67.000000
-143.000000
-234.000000
-306.000000
-401.000000
-461.000000
-487.000000
-508.000000
-481.000000
-447.000000
-425.000000
-406.000000
-404.000000
-452.000000
-472.000000
-520.000000
-561.000000
-579.000000
-601.000000
-577.000000
-551.000000
-565.000000
-577.000000
-609.000000
-649.000000
-669.000000
-666.000000
-653.000000
-632.000000
-573.000000
-543.000000
-547.000000
-595.000000
-608.000000
-609.000000
-646.000000
-626.000000
-603.000000
-570.000000
-524.000000
-472.000000
-443.000000
-422.000000
-363.000000
-302.000000
-256.000000
-231.000000
-204.000000
-158.000000
-127.000000
-89.000000
-103.000000
-108.000000
-108.000000
-115.000000
-59.000000
8.000000
69.000000
196.000000
352.000000
456.000000
549.000000
623.000000
625.000000
630.000000
638.000000
584.000000
533.000000
480.000000
438.000000
424.000000
414.000000
429.000000
459.000000
508.000000
539.000000
556.000000
532.000000
474.000000
426.000000
381.000000
380.000000
399.000000
446.000000
508.000000
549.000000
565.000000
570.000000
553.000000
495.000000
442.000000
399.000000
348.000000
326.000000
330.000000
309.000000
293.000000
283.000000
244.000000
216.000000
191.000000
187.000000
204.000000
216.000000
269.000000
300.000000
320.000000
321.000000
277.000000
196.000000
106.000000
28.000000
-77.000000
-157.000000
-221.000000
-276.000000
-308.000000
-365.000000
-411.000000
-405.000000
-417.000000
-460.000000
-484.000000
-506.000000
-563.000000
-560.000000
-545.000000
-584.000000
-578.000000
-541.000000
-499.000000
-464.000000
-430.000000
-421.000000
-397.000000
-381.000000
-358.000000
-363.000000
-365.000000
-372.000000
-407.000000
-426.000000
-437.000000
-428.000000
-424.000000
-403.000000
-373.000000
-353.000000
-331.000000
-312.000000
-310.000000
-326.000000
-331.000000
-300.000000
-289.000000
-246.000000
-222.000000
-207.000000
-201.000000
-208.000000
-210.000000
-209.000000
-213.000000
-205.000000
-156.000000
-109.000000
-68.000000
15.000000
77.000000
157.000000
229.000000
274.000000
345.000000
380.000000
422.000000
449.000000
438.000000
426.000000
450.000000
444.000000
459.000000
463.000000
465.000000
472.000000
455.000000
418.000000
381.000000
370.000000
334.000000
354.000000
379.000000
414.000000
472.000000
506.000000
518.000000
518.000000
508.000000
491.000000
466.000000
436.000000
411.000000
374.000000
310.000000
258.000000
188.000000
108.000000
77.000000
63.000000
32.000000
16.000000
-17.000000
-38.000000
-19.000000
13.000000
65.000000
105.000000
168.000000
212.000000
232.000000
249.000000
225.000000
197.000000
152.000000
86.000000
0.000000
-84.000000
-133.000000
-164.000000
-200.000000
-233.000000
-253.000000
-290.000000
-343.000000
-397.000000
-448.000000
-485.000000
-501.000000
-520.000000
-517.000000
-534.000000
-528.000000
-491.000000
-465.000000
-456.000000
-452.000000
-462.000000
-482.000000
-479.000000
-468.000000
-444.000000
-391.000000
-349.000000
-316.000000
-296.000000
-287.000000
-274.000000
-266.000000
-229.000000
-179.000000
-126.000000
-60.000000
-2.000000
10.000000
24.000000
16.000000
-26.000000
-44.000000
-84.000000
-92.000000
-90.000000
-87.000000
-78.000000
-39.000000
-7.000000
20.000000
59.000000
67.000000
63.000000
63.000000
52.000000
55.000000
83.000000
113.000000
163.000000
206.000000
249.000000
280.000000
292.000000
283.000000
272.000000
246.000000
198.000000
172.000000
156.000000
156.000000
151.000000
161.000000
194.000000
239.000000
286.000000
336.000000
366.000000
394.000000
431.000000
463.000000
475.000000
462.000000
457.000000
441.000000
423.000000
389.000000
319.000000
251.000000
187.000000
143.000000
88.000000
26.000000
-17.000000
-62.000000
-83.000000
-110.000000
-107.000000
-110.000000
-96.000000
-71.000000
-50.000000
-20.000000
21.000000
68.000000
99.000000
121.000000
110.000000
75.000000
61.000000
8.000000
-44.000000
-76.000000
-124.000000
-133.000000
-115.000000
-101.000000
-94.000000
-55.000000
-52.000000
-70.000000
-94.000000
-137.000000
-156.000000
-196.000000
-237.000000
-264.000000
-295.000000
-307.000000
-323.000000
-344.000000
-358.000000
-342.000000
-289.000000
-236.000000
-201.000000
-176.000000
-163.000000
-162.000000
-174.000000
-180.000000
-198.000000
-198.000000
-174.000000
-151.000000
-125.000000
-109.000000
-77.000000
-60.000000
-48.000000
-54.000000
-59.000000
-82.000000
-113.000000
-128.000000
-147.000000
-157.000000
-178.000000
-180.000000
-179.000000
-147.000000
-90.000000
-29.000000
32.000000
83.000000
142.000000
184.000000
186.000000
170.000000
161.000000
146.000000
141.000000
149.000000
156.000000
161.000000
176.000000
153.000000
110.000000
80.000000
70.000000
87.000000
91.000000
73.000000
71.000000
89.000000
104.000000
141.000000
164.000000
171.000000
190.000000
235.000000
280.000000
299.000000
303.000000
290.000000
265.000000
253.000000
258.000000
238.000000
197.000000
136.000000
89.000000
70.000000
39.000000
13.000000
3.000000
11.000000
32.000000
64.000000
89.000000
95.000000
104.000000
119.000000
143.000000
165.000000
177.000000
155.000000
74.000000
-15.000000
-103.000000
-158.000000
-181.000000
-195.000000
-181.000000
-166.000000
-130.000000
-73.000000
-27.000000
1.000000
-4.000000
-5.000000
-16.000000
-56.000000
-76.000000
-113.000000
-137.000000
-146.000000
-132.000000
-115.000000
-125.000000
-139.000000
-164.000000
-176.000000
-167.000000
-138.000000
-143.000000
-158.000000
-177.000000
-194.000000
-188.000000
-181.000000
-167.000000
-168.000000
-147.000000
-129.000000
-77.000000
-6.000000
49.000000
91.000000
94.000000
84.000000
51.000000
-10.000000
-116.000000
-222.000000
-295.000000
-311.000000
-257.000000
-174.000000
-91.000000
-19.000000
15.000000
30.000000
26.000000
22.000000
20.000000
28.000000
32.000000
41.000000
62.000000
38.000000
44.000000
67.000000
90.000000
101.000000
76.000000
44.000000
28.000000
37.000000
70.000000
43.000000
-63.000000
-140.000000
-171.000000
-142.000000
-56.000000
42.000000
132.000000
206.000000
248.000000
266.000000
245.000000
209.000000
197.000000
245.000000
295.000000
321.000000
330.000000
266.000000
222.000000
195.000000
233.000000
274.000000
259.000000
251.000000
195.000000
168.000000
198.000000
271.000000
321.000000
308.000000
246.000000
146.000000
93.000000
74.000000
92.000000
93.000000
37.000000
-11.000000
-44.000000
-80.000000
-125.000000
-181.000000
-240.000000
-277.000000
-278.000000
-251.000000
-229.000000
-253.000000
-255.000000
-224.000000
-164.000000
-68.000000
10.000000
23.000000
-11.000000
-29.000000
-17.000000
26.000000
91.000000
116.000000
124.000000
107.000000
81.000000
22.000000
-76.000000
-130.000000
-166.000000
-160.000000
-132.000000
-121.000000
-157.000000
-240.000000
-287.000000
-292.000000
-224.000000
-136.000000
-81.000000
-81.000000
-138.000000
-197.000000
-215.000000
-171.000000
-121.000000
-58.000000
-50.000000
-109.000000
-165.000000
-178.000000
-157.000000
-136.000000
-112.000000
-117.000000
-128.000000
-125.000000
-103.000000
-74.000000
-94.000000
-67.000000
3.000000
145.000000
280.000000
256.000000
35.000000
-454.000000
-787.000000
-740.000000
-317.000000
338.000000
787.000000
875.000000
514.000000
-102.000000
-779.000000
-1304.000000
-1481.000000
-1106.000000
-181.000000
729.000000
1093.000000
599.000000
-630.000000
-1835.000000
-2188.000000
-1397.000000
55.000000
1360.000000
1787.000000
1178.000000
22.000000
-930.000000
-1131.000000
-664.000000
261.000000
1163.000000
1695.000000
1659.000000
1237.000000
646.000000
158.000000
247.000000
817.000000
1618.000000
2094.000000
1899.000000
1368.000000
895.000000
913.000000
1303.000000
1635.000000
1484.000000
884.000000
399.000000
214.000000
418.000000
648.000000
589.000000
320.000000
-31.000000
-111.000000
-82.000000
-150.000000
-441.000000
-835.000000
-1017.000000
-912.000000
-528.000000
-244.000000
-186.000000
-259.000000
-393.000000
-439.000000
-544.000000
-623.000000
-535.000000
-252.000000
233.000000
579.000000
558.000000
75.000000
-447.000000
-629.000000
-464.000000
-77.000000
142.000000
-19.000000
-451.000000
-850.000000
-972.000000
-893.000000
-764.000000
-739.000000
-937.000000
-1260.000000
-1597.000000
-1878.000000
-1981.000000
-1949.000000
-1777.000000
-1580.000000
-1521.000000
-1601.000000
-1811.000000
-2015.000000
-2072.000000
-1850.000000
-1476.000000
-1086.000000
-760.000000
-646.000000
-557.000000
-569.000000
-536.000000
-349.000000
-163.000000
224.000000
619.000000
984.000000
1250.000000
1326.000000
1316.000000
1251.000000
1258.000000
1399.000000
1688.000000
1929.000000
2062.000000
2102.000000
2037.000000
2037.000000
2109.000000
2144.000000
2172.000000
2175.000000
2169.000000
2336.000000
2480.000000
2509.000000
2533.000000
2312.000000
2147.000000
2128.000000
2092.000000
2160.000000
2306.000000
2486.000000
2531.000000
2250.000000
1078.000000
-469.000000
-1800.000000
-2544.000000
-2031.000000
-1321.000000
-875.000000
-709.000000
-1202.000000
-1731.000000
-2307.000000
-3040.000000
-3735.000000
-4165.000000
-4387.000000
-4383.000000
-4014.000000
-3713.000000
-2954.000000
-2075.000000
-1639.000000
-1293.000000
-1465.000000
-1712.000000
-1525.000000
-1098.000000
-340.000000
607.000000
1373.000000
1837.000000
2237.000000
2343.000000
2366.000000
2475.000000
2064.000000
1650.000000
1286.000000
904.000000
1054.000000
1273.000000
1307.000000
1141.000000
481.000000
-527.000000
-1540.000000
-2494.000000
-3196.000000
-3576.000000
-3967.000000
-4278.000000
-4346.000000
-4318.000000
-4046.000000
-3647.000000
-3401.000000
-3173.000000
-3072.000000
-3028.000000
-2780.000000
-2307.000000
-1484.000000
-306.000000
998.000000
2149.000000
3020.000000
3609.000000
4043.000000
4540.000000
5036.000000
5327.000000
5455.000000
5449.000000
5492.000000
5746.000000
6051.000000
6217.000000
6111.000000
5741.000000
5215.000000
4674.000000
4034.000000
3249.000000
2469.000000
1712.000000
1057.000000
752.000000
542.000000
428.000000
417.000000
191.000000
-91.000000
-480.000000
-888.000000
-958.000000
-663.000000
-328.000000
-195.000000
-567.000000
-1801.000000
-3103.000000
-4150.000000
-4739.000000
-4267.000000
-3610.000000
-2955.000000
-2378.000000
-2393.000000
-2515.000000
-2657.000000
-3002.000000
-3300.000000
-3443.000000
-3772.000000
-3947.000000
-3878.000000
-3880.000000
-3226.000000
-2302.000000
-1578.000000
-774.000000
-495.000000
-460.000000
-221.000000
-86.000000
48.000000
361.000000
558.000000
804.000000
1476.000000
2009.000000
2618.000000
3260.000000
3227.000000
2941.000000
2334.000000
1377.000000
787.000000
422.000000
29.000000
-178.000000
-593.000000
-1234.000000
-1640.000000
-2139.000000
-2753.000000
-3270.000000
-4115.000000
-5000.000000
-5532.000000
-5905.000000
-5789.000000
-5165.000000
-4494.000000
-3636.000000
-2831.000000
-2333.000000
-1789.000000
-1196.000000
-588.000000
271.000000
1162.000000
1928.000000
2841.000000
3825.000000
4912.000000
6217.000000
7264.000000
7912.000000
8180.000000
7973.000000
7550.000000
7208.000000
6839.000000
6530.000000
6329.000000
5931.000000
5559.000000
5172.000000
4628.000000
4017.000000
3146.000000
1973.000000
739.000000
-456.000000
-1510.000000
-2189.000000
-2584.000000
-2786.000000
-2710.000000
-2617.000000
-2470.000000
-2145.000000
-1837.000000
-1338.000000
-712.000000
-124.000000
461.000000
748.000000
265.000000
-842.000000
-2199.000000
-3221.000000
-3158.000000
-2308.000000
-1264.000000
-325.000000
103.000000
200.000000
157.000000
-337.000000
-1066.000000
-1819.000000
-2676.000000
-3531.000000
-4350.000000
-5115.000000
-5158.000000
-4378.000000
-3260.000000
-2125.000000
-1503.000000
-1399.000000
-1324.000000
-1327.000000
-1406.000000
-1286.000000
-1177.000000
-1032.000000
-666.000000
-293.000000
437.000000
1676.000000
2855.000000
3660.000000
3773.000000
3096.000000
2274.000000
1538.000000
756.000000
137.000000
-439.000000
-1071.000000
-1509.000000
-1901.000000
-2216.000000
-2233.000000
-2303.000000
-2714.000000
-3499.000000
-4687.000000
-5781.000000
-6169.000000
-5996.000000
-5336.000000
-4404.000000
-3599.000000
-2741.000000
-1830.000000
-980.000000
-40.000000
929.000000
1664.000000
2328.000000
2863.000000
3289.000000
4021.000000
4932.000000
5849.000000
6781.000000
7346.000000
7637.000000
7824.000000
7792.000000
7530.000000
7102.000000
6317.000000
5337.000000
4402.000000
3425.000000
2705.000000
2126.000000
1542.000000
1040.000000
465.000000
-189.000000
-740.000000
-1195.000000
-1683.000000
-2064.000000
-2474.000000
-2891.000000
-2906.000000
-2677.000000
-2034.000000
-1028.000000
-47.000000
872.000000
1636.000000
2183.000000
2693.000000
3256.000000
3442.000000
3124.000000
2260.000000
864.000000
-245.000000
-948.000000
-1230.000000
-1053.000000
-930.000000
-759.000000
-605.000000
-686.000000
-1013.000000
-1490.000000
-2190.000000
-3104.000000
-4177.000000
-5462.000000
-6464.000000
-6783.000000
-6511.000000
-5652.000000
-4735.000000
-3828.000000
-2844.000000
-1881.000000
-980.000000
-214.000000
353.000000
700.000000
827.000000
744.000000
624.000000
845.000000
1413.000000
2220.000000
2952.000000
3287.000000
3420.000000
3283.000000
2930.000000
2303.000000
1356.000000
236.000000
-1058.000000
-2432.000000
-3683.000000
-4620.000000
-5051.000000
-5063.000000
-5038.000000
-5207.000000
-5439.000000
-5586.000000
-5483.000000
-5115.000000
-4811.000000
-4491.000000
-4210.000000
-3927.000000
-3352.000000
-2462.000000
-1215.000000
369.000000
1881.000000
3100.000000
4087.000000
4841.000000
5548.000000
6291.000000
6831.000000
7204.000000
7381.000000
7308.000000
7180.000000
7025.000000
6810.000000
6573.000000
6183.000000
5451.000000
4621.000000
3700.000000
2756.000000
1981.000000
1124.000000
257.000000
-531.000000
-1242.000000
-1710.000000
-1956.000000
-1968.000000
-1838.000000
-1592.000000
-1406.000000
-1231.000000
-956.000000
-645.000000
-62.000000
616.000000
1282.000000
1919.000000
2394.000000
2984.000000
3640.000000
4392.000000
5055.000000
5126.000000
4523.000000
3151.000000
1513.000000
9.000000
-1090.000000
-1743.000000
-2126.000000
-2360.000000
-2527.000000
-2627.000000
-2725.000000
-2871.000000
-2918.000000
-3182.000000
-3705.000000
-4576.000000
-5712.000000
-6584.000000
-7076.000000
-7057.000000
-6641.000000
-5909.000000
-4858.000000
-3545.000000
-2094.000000
-690.000000
595.000000
1643.000000
2197.000000
2310.000000
1940.000000
1537.000000
1331.000000
1242.000000
1288.000000
1276.000000
1295.000000
1431.000000
1547.000000
1530.000000
1360.000000
992.000000
253.000000
-863.000000
-2324.000000
-3826.000000
-4977.000000
-5831.000000
-6360.000000
-6737.000000
-6893.000000
-6593.000000
-5914.000000
-4966.000000
-3890.000000
-2853.000000
-1971.000000
-1321.000000
-906.000000
-560.000000
-60.000000
585.000000
1369.000000
2169.000000
3019.000000
4064.000000
5329.000000
6663.000000
7875.000000
8756.000000
9132.000000
9042.000000
8483.000000
7657.000000
6725.000000
5690.000000
4624.000000
3553.000000
2578.000000
1922.000000
1541.000000
1374.000000
1198.000000
950.000000
521.000000
-51.000000
-734.000000
-1441.000000
-1980.000000
-2413.000000
-2618.000000
-2654.000000
-2522.000000
-2055.000000
-1287.000000
-294.000000
804.000000
1787.000000
2659.000000
3318.000000
3805.000000
4131.000000
4328.000000
4379.000000
4182.000000
3657.000000
2674.000000
1456.000000
257.000000
-728.000000
-1361.000000
-1802.000000
-2159.000000
-2408.000000
-2697.000000
-2927.000000
-3170.000000
-3498.000000
-3946.000000
-4457.000000
-5087.000000
-5737.000000
-6263.000000
-6649.000000
-6795.000000
-6602.000000
-6229.000000
-5444.000000
-4404.000000
-3157.000000
-1780.000000
-488.000000
620.000000
1497.000000
2091.000000
2384.000000
2539.000000
2576.000000
2488.000000
2415.000000
2181.000000
1894.000000
1684.000000
1459.000000
1371.000000
1320.000000
1143.000000
766.000000
142.000000
-772.000000
-1708.000000
-2612.000000
-3510.000000
-4325.000000
-5087.000000
-5771.000000
-6127.000000
-6174.000000
-5793.000000
-4982.000000
-3988.000000
-2968.000000
-1971.000000
-1145.000000
-399.000000
333.000000
958.000000
1574.000000
2143.000000
2669.000000
3225.000000
3862.000000
4590.000000
5459.000000
6357.000000
7065.000000
7512.000000
7644.000000
7493.000000
7143.000000
6517.000000
5639.000000
4577.000000
3423.000000
2284.000000
1239.000000
369.000000
-266.000000
-595.000000
-768.000000
-884.000000
-950.000000
-983.000000
-930.000000
-890.000000
-977.000000
-1157.000000
-1375.000000
-1437.000000
-1321.000000
-994.000000
-462.000000
237.000000
1097.000000
1973.000000
2807.000000
3563.000000
4202.000000
4671.000000
4845.000000
4639.000000
3982.000000
2916.000000
1555.000000
107.000000
-1163.000000
-2180.000000
-2853.000000
-3309.000000
-3611.000000
-3735.000000
-3747.000000
-3670.000000
-3545.000000
-3567.000000
-3762.000000
-4180.000000
-4768.000000
-5351.000000
-5823.000000
-6120.000000
-6112.000000
-5778.000000
-5051.000000
-3992.000000
-2737.000000
-1417.000000
-26.000000
1328.000000
2512.000000
3378.000000
3777.000000
3834.000000
3666.000000
3317.000000
2848.000000
2231.000000
1570.000000
1016.000000
552.000000
233.000000
50.000000
-61.000000
-219.000000
-527.000000
-1060.000000
-1740.000000
-2425.000000
-3156.000000
-3916.000000
-4747.000000
-5565.000000
-6120.000000
-6401.000000
-6311.000000
-5781.000000
-4910.000000
-3742.000000
-2482.000000
-1280.000000
-145.000000
920.000000
1857.000000
2657.000000
3190.000000
3504.000000
3768.000000
4025.000000
4327.000000
4745.000000
5232.000000
5772.000000
6272.000000
6621.000000
6802.000000
6750.000000
6451.000000
5917.000000
5097.000000
3997.000000
2768.000000
1505.000000
343.000000
-620.000000
-1350.000000
-1815.000000
-2001.000000
-1926.000000
-1645.000000
-1241.000000
-852.000000
-506.000000
-244.000000
-160.000000
-200.000000
-310.000000
-350.000000
-194.000000
133.000000
633.000000
1272.000000
1988.000000
2826.000000
3658.000000
4375.000000
4913.000000
5091.000000
4779.000000
3910.000000
2568.000000
1058.000000
-428.000000
-1768.000000
-2869.000000
-3706.000000
-4240.000000
-4386.000000
-4344.000000
-4149.000000
-3830.000000
-3521.000000
-3276.000000
-3281.000000
-3618.000000
-4100.000000
-4622.000000
-5088.000000
-5371.000000
-5469.000000
-5285.000000
-4706.000000
-3804.000000
-2619.000000
-1140.000000
411.000000
1927.000000
3181.000000
3995.000000
4464.000000
4606.000000
4356.000000
3800.000000
2970.000000
1998.000000
1114.000000
304.000000
-433.000000
-936.000000
-1289.000000
-1444.000000
-1505.000000
-1590.000000
-1719.000000
-1879.000000
-2180.000000
-2651.000000
-3264.000000
-4104.000000
-4898.000000
-5525.000000
-5922.000000
-5882.000000
-5536.000000
-4915.000000
-3967.000000
-2774.000000
-1318.000000
216.000000
1675.000000
2889.000000
3872.000000
4503.000000
4849.000000
4991.000000
4931.000000
4842.000000
4764.000000
4690.000000
4701.000000
4800.000000
5026.000000
5272.000000
5414.000000
5369.000000
5103.000000
4630.000000
3884.000000
2906.000000
1765.000000
590.000000
-488.000000
-1410.000000
-2122.000000
-2568.000000
-2669.000000
-2455.000000
-2029.000000
-1431.000000
-805.000000
-210.000000
281.000000
624.000000
881.000000
1035.000000
1094.000000
1123.000000
1178.000000
1333.000000
1657.000000
2127.000000
2645.000000
3184.000000
3595.000000
3753.000000
3602.000000
3038.000000
2176.000000
1136.000000
-63.000000
-1284.000000
-2418.000000
-3415.000000
-4110.000000
-4521.000000
-4676.000000
-4585.000000
-4331.000000
-4034.000000
-3753.000000
-3600.000000
-3566.000000
-3559.000000
-3640.000000
-3757.000000
-3843.000000
-3841.000000
-3679.000000
-3282.000000
-2702.000000
-1855.000000
-782.000000
386.000000
1587.000000
2669.000000
3559.000000
4252.000000
4645.000000
4669.000000
4301.000000
3598.000000
2625.000000
1580.000000
539.000000
-414.000000
-1143.000000
-1748.000000
-2146.000000
-2383.000000
-2503.000000
-2502.000000
-2493.000000
-2582.000000
-2816.000000
-3185.000000
-3633.000000
-4062.000000
-4406.000000
-4688.000000
-4761.000000
-4675.000000
-4378.000000
-3748.000000
-2886.000000
-1736.000000
-416.000000
942.000000
2227.000000
3317.000000
4209.000000
4887.000000
5384.000000
5637.000000
5662.000000
5553.000000
5283.000000
5009.000000
4728.000000
4438.000000
4211.000000
4012.000000
3801.000000
3527.000000
3176.000000
2753.000000
2264.000000
1653.000000
877.000000
36.000000
-779.000000
-1464.000000
-1970.000000
-2332.000000
-2500.000000
-2491.000000
-2292.000000
-1919.000000
-1422.000000
-836.000000
-178.000000
463.000000
983.000000
1403.000000
1729.000000
1959.000000
2162.000000
2308.000000
2479.000000
2674.000000
2847.000000
2955.000000
2903.000000
2663.000000
2268.000000
1722.000000
1031.000000
237.000000
-619.000000
-1492.000000
-2309.000000
-3038.000000
-3582.000000
-3913.000000
-4085.000000
-4110.000000
-4064.000000
-3968.000000
-3863.000000
-3777.000000
-3738.000000
-3692.000000
-3642.000000
-3577.000000
-3417.000000
-3182.000000
-2830.000000
-2252.000000
-1567.000000
-750.000000
168.000000
1103.000000
2014.000000
2874.000000
3554.000000
3971.000000
4111.000000
3886.000000
3368.000000
2657.000000
1822.000000
1002.000000
214.000000
-534.000000
-1202.000000
-1736.000000
-2087.000000
-2283.000000
-2337.000000
-2340.000000
-2355.000000
-2428.000000
-2624.000000
-2909.000000
-3293.000000
-3677.000000
-3978.000000
-4152.000000
-4149.000000
-3937.000000
-3552.000000
-2918.000000
-2047.000000
-980.000000
204.000000
1432.000000
2555.000000
3586.000000
4452.000000
5079.000000
5482.000000
5680.000000
5645.000000
5468.000000
5161.000000
4766.000000
4333.000000
3902.000000
3446.000000
3063.000000
2749.000000
2447.000000
2184.000000
1847.000000
1428.000000
984.000000
504.000000
-15.000000
-500.000000
-959.000000
-1349.000000
-1670.000000
-1894.000000
-1991.000000
-1851.000000
-1558.000000
-1134.000000
-673.000000
-195.000000
316.000000
828.000000
1288.000000
1684.000000
1993.000000
2242.000000
2459.000000
2577.000000
2660.000000
2726.000000
2647.000000
2430.000000
2073.000000
1522.000000
901.000000
206.000000
-594.000000
-1424.000000
-2185.000000
-2867.000000
-3384.000000
-3745.000000
-4015.000000
-4078.000000
-3996.000000
-3872.000000
-3723.000000
-3593.000000
-3498.000000
-3401.000000
-3325.000000
-3286.000000
-3279.000000
-3213.000000
-3058.000000
-2745.000000
-2254.000000
-1564.000000
-745.000000
152.000000
1067.000000
1945.000000
2734.000000
3342.000000
3677.000000
3723.000000
3495.000000
3063.000000
2463.000000
1758.000000
993.000000
234.000000
-437.000000
-1007.000000
-1419.000000
-1682.000000
-1833.000000
-1916.000000
-1965.000000
-2033.000000
-2143.000000
-2290.000000
-2518.000000
-2854.000000
-3154.000000
-3420.000000
-3586.000000
-3570.000000
-3386.000000
-3033.000000
-2425.000000
-1651.000000
-721.000000
365.000000
1482.000000
2535.000000
3492.000000
4254.000000
4801.000000
5208.000000
5387.000000
5369.000000
5201.000000
4899.000000
4494.000000
4030.000000
3570.000000
3172.000000
2843.000000
2571.000000
2284.000000
2003.000000
1730.000000
1487.000000
1199.000000
869.000000
476.000000
20.000000
-427.000000
-887.000000
-1312.000000
-1584.000000
-1722.000000
-1717.000000
-1574.000000
-1336.000000
-977.000000
-502.000000
44.000000
546.000000
977.000000
1351.000000
1648.000000
1865.000000
2013.000000
2125.000000
2210.000000
2254.000000
2203.000000
1962.000000
1616.000000
1113.000000
528.000000
-82.000000
-774.000000
-1475.000000
-2108.000000
-2710.000000
-3192.000000
-3497.000000
-3691.000000
-3760.000000
-3708.000000
-3641.000000
-3546.000000
-3373.000000
-3227.000000
-3090.000000
-3024.000000
-3050.000000
-3116.000000
-3091.000000
-2985.000000
-2702.000000
-2281.000000
-1707.000000
-1013.000000
-203.000000
664.000000
1507.000000
2241.000000
2834.000000
3192.000000
3277.000000
3121.000000
2758.000000
2205.000000
1616.000000
943.000000
243.000000
-332.000000
-834.000000
-1209.000000
-1438.000000
-1597.000000
-1684.000000
-1694.000000
-1706.000000
-1750.000000
-1834.000000
-1996.000000
-2229.000000
-2455.000000
-2706.000000
-2869.000000
-2903.000000
-2811.000000
-2559.000000
-2157.000000
-1572.000000
-813.000000
66.000000
1009.000000
1946.000000
2837.000000
3603.000000
4174.000000
4538.000000
4742.000000
4796.000000
4696.000000
4493.000000
4171.000000
3792.000000
3440.000000
3088.000000
2751.000000
2486.000000
2258.000000
2086.000000
1948.000000
1759.000000
1494.000000
1204.000000
866.000000
475.000000
118.000000
-273.000000
-644.000000
-939.000000
-1169.000000
-1270.000000
-1261.000000
-1158.000000
-978.000000
-760.000000
-465.000000
-156.000000
164.000000
467.000000
761.000000
1058.000000
1356.000000
1607.000000
1807.000000
1957.000000
2005.000000
1897.000000
1651.000000
1232.000000
701.000000
132.000000
-502.000000
-1149.000000
-1723.000000
-2219.000000
-2596.000000
-2798.000000
-2896.000000
-2902.000000
-2787.000000
-2664.000000
-2539.000000
-2446.000000
-2439.000000
-2503.000000
-2602.000000
-2753.000000
-2883.000000
-2956.000000
-2946.000000
-2816.000000
-2587.000000
-2169.000000
-1608.000000
-962.000000
-223.000000
521.000000
1212.000000
1803.000000
2181.000000
2345.000000
2319.000000
2174.000000
1840.000000
1408.000000
875.000000
311.000000
-172.000000
-625.000000
-989.000000
-1230.000000
-1388.000000
-1480.000000
-1513.000000
-1541.000000
-1591.000000
-1622.000000
-1711.000000
-1857.000000
-2006.000000
-2184.000000
-2334.000000
-2436.000000
-2454.000000
-2363.000000
-2108.000000
-1701.000000
-1186.000000
-553.000000
185.000000
945.000000
1714.000000
2413.000000
3029.000000
3529.000000
3911.000000
4145.000000
4219.000000
4177.000000
4026.000000
3817.000000
3534.000000
3244.000000
2946.000000
2683.000000
2474.000000
2269.000000
2119.000000
1987.000000
1822.000000
1636.000000
1398.000000
1102.000000
810.000000
515.000000
152.000000
-189.000000
-517.000000
-798.000000
-991.000000
-1101.000000
-1137.000000
-1056.000000
-892.000000
-698.000000
-441.000000
-146.000000
192.000000
567.000000
934.000000
1257.000000
1545.000000
1799.000000
2035.000000
2139.000000
2054.000000
1763.000000
1313.000000
780.000000
260.000000
-303.000000
-850.000000
-1335.000000
-1754.000000
-2047.000000
-2212.000000
-2324.000000
-2329.000000
-2253.000000
-2207.000000
-2187.000000
-2211.000000
-2319.000000
-2452.000000
-2632.000000
-2855.000000
-3044.000000
-3142.000000
-3160.000000
-3048.000000
-2794.000000
-2407.000000
-1848.000000
-1181.000000
-482.000000
220.000000
867.000000
1419.000000
1785.000000
1953.000000
1959.000000
1809.000000
1557.000000
1185.000000
743.000000
278.000000
-148.000000
-531.000000
-861.000000
-1116.000000
-1309.000000
-1424.000000
-1510.000000
-1580.000000
-1607.000000
-1611.000000
-1635.000000
-1717.000000
-1843.000000
-1998.000000
-2140.000000
-2201.000000
-2200.000000
-2121.000000
-1934.000000
-1639.000000
-1221.000000
-679.000000
-43.000000
638.000000
1361.000000
2042.000000
2633.000000
3137.000000
3506.000000
3741.000000
3893.000000
3877.000000
3728.000000
3500.000000
3237.000000
2971.000000
2738.000000
2513.000000
2286.000000
2098.000000
1966.000000
1841.000000
1718.000000
1567.000000
1387.000000
1168.000000
904.000000
582.000000
223.000000
-111.000000
-415.000000
-688.000000
-912.000000
-1057.000000
-1108.000000
-1050.000000
-919.000000
-696.000000
-393.000000
-49.000000
313.000000
700.000000
1081.000000
1473.000000
1854.000000
2162.000000
2379.000000
2431.000000
2318.000000
2049.000000
1645.000000
1170.000000
637.000000
64.000000
-496.000000
-1027.000000
-1447.000000
-1742.000000
-1938.000000
-2063.000000
-2082.000000
-2088.000000
-2086.000000
-2110.000000
-2150.000000
-2244.000000
-2360.000000
-2589.000000
-2834.000000
-3027.000000
-3135.000000
-3145.000000
-3031.000000
-2797.000000
-2389.000000
-1855.000000
-1227.000000
-550.000000
124.000000
753.000000
1304.000000
1675.000000
1871.000000
1942.000000
1876.000000
1679.000000
1343.000000
909.000000
441.000000
4.000000
-409.000000
-742.000000
-1019.000000
-1222.000000
-1366.000000
-1465.000000
-1501.000000
-1486.000000
-1486.000000
-1525.000000
-1646.000000
-1799.000000
-1946.000000
-2073.000000
-2187.000000
-2253.000000
-2237.000000
-2114.000000
-1881.000000
-1522.000000
-1052.000000
-478.000000
176.000000
821.000000
1452.000000
2047.000000
2558.000000
2952.000000
3258.000000
3430.000000
3477.000000
3412.000000
3245.000000
3023.000000
2770.000000
2500.000000
2234.000000
2022.000000
1868.000000
1751.000000
1633.000000
1507.000000
1373.000000
1246.000000
1089.000000
871.000000
610.000000
355.000000
83.000000
-183.000000
-409.000000
-616.000000
-758.000000
-814.000000
-832.000000
-772.000000
-604.000000
-369.000000
-73.000000
278.000000
636.000000
1012.000000
1411.000000
1763.000000
2082.000000
2341.000000
2480.000000
2453.000000
2286.000000
1945.000000
1546.000000
1097.000000
597.000000
46.000000
-487.000000
-982.000000
-1385.000000
-1704.000000
-1910.000000
-2013.000000
-2042.000000
-2028.000000
-2021.000000
-2034.000000
-2037.000000
-2081.000000
-2200.000000
-2352.000000
-2508.000000
-2628.000000
-2651.000000
-2621.000000
-2515.000000
-2246.000000
-1870.000000
-1395.000000
-825.000000
-211.000000
370.000000
955.000000
1401.000000
1695.000000
1865.000000
1870.000000
1722.000000
1463.000000
1105.000000
674.000000
222.000000
-220.000000
-635.000000
-964.000000
-1213.000000
-1389.000000
-1494.000000
-1540.000000
-1567.000000
-1595.000000
-1653.000000
-1726.000000
-1825.000000
-1924.000000
-2023.000000
-2138.000000
-2183.000000
-2171.000000
-2085.000000
-1899.000000
-1624.000000
-1248.000000
-766.000000
-211.000000
355.000000
918.000000
1498.000000
2019.000000
2447.000000
2762.000000
2980.000000
3095.000000
3114.000000
3023.000000
2879.000000
2694.000000
2465.000000
2221.000000
2010.000000
1808.000000
1659.000000
1541.000000
1422.000000
1310.000000
1216.000000
1122.000000
961.000000
773.000000
529.000000
267.000000
7.000000
-256.000000
-498.000000
-685.000000
-781.000000
-801.000000
-764.000000
-632.000000
-433.000000
-153.000000
171.000000
493.000000
841.000000
1215.000000
1556.000000
1850.000000
2075.000000
2215.000000
2248.000000
2190.000000
2018.000000
1725.000000
1345.000000
903.000000
414.000000
-77.000000
-525.000000
-923.000000
-1225.000000
-1447.000000
-1609.000000
-1715.000000
-1745.000000
-1763.000000
-1763.000000
-1765.000000
-1812.000000
-1893.000000
-1997.000000
-2132.000000
-2235.000000
-2318.000000
-2349.000000
-2297.000000
-2145.000000
-1888.000000
-1543.000000
-1119.000000
-644.000000
-134.000000
346.000000
765.000000
1097.000000
1288.000000
1364.000000
1309.000000
1129.000000
871.000000
537.000000
176.000000
-175.000000
-491.000000
-771.000000
-983.000000
-1164.000000
-1284.000000
-1328.000000
-1354.000000
-1364.000000
-1358.000000
-1406.000000
-1464.000000
-1521.000000
-1595.000000
-1650.000000
-1701.000000
-1721.000000
-1694.000000
-1621.000000
-1464.000000
-1232.000000
-911.000000
-509.000000
-49.000000
429.000000
920.000000
1393.000000
1821.000000
2181.000000
2440.000000
2613.000000
2690.000000
2663.000000
2546.000000
2379.000000
2181.000000
1985.000000
1804.000000
1627.000000
1482.000000
1396.000000
1333.000000
1280.000000
1214.000000
1144.000000
1036.000000
884.000000
720.000000
520.000000
287.000000
65.000000
-162.000000
-348.000000
-485.000000
-574.000000
-592.000000
-495.000000
-317.000000
-88.000000
201.000000
492.000000
789.000000
1091.000000
1368.000000
1596.000000
1777.000000
1887.000000
1916.000000
1892.000000
1803.000000
1634.000000
1383.000000
1060.000000
697.000000
339.000000
-13.000000
-351.000000
-673.000000
-989.000000
-1246.000000
-1434.000000
-1567.000000
-1646.000000
-1690.000000
-1721.000000
-1736.000000
-1788.000000
-1831.000000
-1859.000000
-1884.000000
-1901.000000
-1918.000000
-1903.000000
-1825.000000
-1689.000000
-1493.000000
-1243.000000
-945.000000
-630.000000
-298.000000
2.000000
269.000000
490.000000
637.000000
695.000000
667.000000
570.000000
408.000000
212.000000
-22.000000
-291.000000
-534.000000
-768.000000
-976.000000
-1135.000000
-1244.000000
-1302.000000
-1327.000000
-1326.000000
-1302.000000
-1273.000000
-1235.000000
-1213.000000
-1220.000000
-1231.000000
-1231.000000
-1224.000000
-1210.000000
-1155.000000
-1039.000000
-864.000000
-646.000000
-378.000000
-50.000000
312.000000
688.000000
1049.000000
1362.000000
1627.000000
1834.000000
1967.000000
2022.000000
2022.000000
1969.000000
1882.000000
1775.000000
1628.000000
1477.000000
1341.000000
1248.000000
1176.000000
1129.000000
1092.000000
1054.000000
1005.000000
953.000000
890.000000
817.000000
727.000000
626.000000
508.000000
383.000000
268.000000
184.000000
136.000000
142.000000
192.000000
299.000000
434.000000
580.000000
769.000000
960.000000
1137.000000
1282.000000
1379.000000
1460.000000
1517.000000
1509.000000
1446.000000
1346.000000
1196.000000
975.000000
722.000000
441.000000
176.000000
-76.000000
-343.000000
-608.000000
-831.000000
-1006.000000
-1134.000000
-1237.000000
-1306.000000
-1332.000000
-1347.000000
-1353.000000
-1375.000000
-1375.000000
-1364.000000
-1369.000000
-1384.000000
-1391.000000
-1378.000000
-1344.000000
-1293.000000
-1249.000000
-1191.000000
-1068.000000
-930.000000
-786.000000
-639.000000
-487.000000
-350.000000
-240.000000
-170.000000
-146.000000
-146.000000
-202.000000
-323.000000
-475.000000
-635.000000
-811.000000
-953.000000
-1083.000000
-1177.000000
-1206.000000
-1199.000000
-1176.000000
-1123.000000
-1060.000000
-994.000000
-925.000000
-881.000000
-822.000000
-769.000000
-733.000000
-732.000000
-743.000000
-716.000000
-633.000000
-536.000000
-413.000000
-259.000000
-68.000000
139.000000
381.000000
604.000000
833.000000
1048.000000
1227.000000
1354.000000
1458.000000
1509.000000
1533.000000
1517.000000
1465.000000
1399.000000
1328.000000
1259.000000
1189.000000
1148.000000
1133.000000
1131.000000
1140.000000
1150.000000
1162.000000
1178.000000
1171.000000
1135.000000
1047.000000
934.000000
815.000000
703.000000
604.000000
546.000000
514.000000
523.000000
554.000000
595.000000
649.000000
722.000000
788.000000
855.000000
891.000000
923.000000
949.000000
938.000000
913.000000
902.000000
850.000000
779.000000
710.000000
626.000000
526.000000
421.000000
284.000000
141.000000
22.000000
-137.000000
-329.000000
-505.000000
-694.000000
-825.000000
-922.000000
-1020.000000
-1090.000000
-1153.000000
-1182.000000
-1180.000000
-1169.000000
-1138.000000
-1112.000000
-1103.000000
-1132.000000
-1178.000000
-1214.000000
-1225.000000
-1216.000000
-1218.000000
-1204.000000
-1159.000000
-1084.000000
-998.000000
-907.000000
-823.000000
-730.000000
-672.000000
-655.000000
-648.000000
-641.000000
-651.000000
-680.000000
-735.000000
-802.000000
-864.000000
-923.000000
-960.000000
-984.000000
-987.000000
-958.000000
-914.000000
-854.000000
-778.000000
-691.000000
-602.000000
-539.000000
-502.000000
-471.000000
-443.000000
-427.000000
-416.000000
-394.000000
-337.000000
-242.000000
-113.000000
8.000000
151.000000
308.000000
474.000000
649.000000
809.000000
969.000000
1124.000000
1229.000000
1302.000000
1341.000000
1366.000000
1374.000000
1358.000000
1335.000000
1312.000000
1288.000000
1251.000000
1241.000000
1245.000000
1225.000000
1227.000000
1216.000000
1211.000000
1196.000000
1158.000000
1107.000000
1046.000000
979.000000
927.000000
855.000000
786.000000
732.000000
687.000000
667.000000
636.000000
608.000000
594.000000
588.000000
586.000000
586.000000
603.000000
624.000000
639.000000
654.000000
672.000000
677.000000
692.000000
688.000000
648.000000
580.000000
474.000000
328.000000
172.000000
7.000000
-172.000000
-330.000000
-492.000000
-662.000000
-805.000000
-919.000000
-1002.000000
-1052.000000
-1095.000000
-1117.000000
-1136.000000
-1150.000000
-1170.000000
-1196.000000
-1215.000000
-1263.000000
-1297.000000
-1323.000000
-1348.000000
-1354.000000
-1355.000000
-1333.000000
-1287.000000
-1229.000000
-1154.000000
-1058.000000
-955.000000
-849.000000
-775.000000
-727.000000
-707.000000
-717.000000
-727.000000
-762.000000
-817.000000
-873.000000
-922.000000
-951.000000
-951.000000
-937.000000
-892.000000
-823.000000
-751.000000
-680.000000
-615.000000
-551.000000
-501.000000
-469.000000
-444.000000
-432.000000
-394.000000
-335.000000
-280.000000
-207.000000
-94.000000
33.000000
176.000000
326.000000
476.000000
621.000000
770.000000
905.000000
1027.000000
1141.000000
1229.000000
1284.000000
1344.000000
1376.000000
1384.000000
1399.000000
1396.000000
1366.000000
1330.000000
1313.000000
1289.000000
1266.000000
1250.000000
1238.000000
1244.000000
1241.000000
1236.000000
1228.000000
1217.000000
1182.000000
1128.000000
1081.000000
1015.000000
942.000000
869.000000
776.000000
684.000000
624.000000
559.000000
515.000000
486.000000
480.000000
490.000000
495.000000
495.000000
504.000000
538.000000
568.000000
577.000000
570.000000
560.000000
533.000000
469.000000
376.000000
275.000000
147.000000
-9.000000
-200.000000
-387.000000
-567.000000
-723.000000
-862.000000
-980.000000
-1068.000000
-1118.000000
-1165.000000
-1224.000000
-1271.000000
-1301.000000
-1326.000000
-1362.000000
-1416.000000
-1454.000000
-1492.000000
-1524.000000
-1552.000000
-1559.000000
-1538.000000
-1475.000000
-1424.000000
-1379.000000
-1300.000000
-1228.000000
-1151.000000
-1080.000000
-1017.000000
-965.000000
-917.000000
-887.000000
-855.000000
-797.000000
-736.000000
-695.000000
-660.000000
-628.000000
-590.000000
-541.000000
-505.000000
-493.000000
-469.000000
-459.000000
-451.000000
-451.000000
-453.000000
-415.000000
-358.000000
-306.000000
-227.000000
-131.000000
-26.000000
102.000000
221.000000
346.000000
467.000000
573.000000
671.000000
764.000000
864.000000
962.000000
1045.000000
1131.000000
1214.000000
1296.000000
1373.000000
1439.000000
1480.000000
1509.000000
1519.000000
1524.000000
1516.000000
1487.000000
1468.000000
1450.000000
1420.000000
1387.000000
1365.000000
1338.000000
1317.000000
1288.000000
1244.000000
1219.000000
1200.000000
1172.000000
1105.000000
1047.000000
988.000000
899.000000
827.000000
744.000000
653.000000
573.000000
496.000000
426.000000
376.000000
356.000000
353.000000
361.000000
366.000000
362.000000
350.000000
333.000000
279.000000
198.000000
95.000000
-37.000000
-203.000000
-364.000000
-521.000000
-689.000000
-843.000000
-983.000000
-1123.000000
-1207.000000
-1268.000000
-1329.000000
-1359.000000
-1362.000000
-1368.000000
-1370.000000
-1366.000000
-1373.000000
-1383.000000
-1398.000000
-1437.000000
-1484.000000
-1516.000000
-1541.000000
-1558.000000
-1565.000000
-1555.000000
-1527.000000
-1481.000000
-1425.000000
-1368.000000
-1300.000000
-1212.000000
-1126.000000
-1044.000000
-964.000000
-887.000000
-821.000000
-784.000000
-764.000000
-743.000000
-718.000000
-696.000000
-699.000000
-680.000000
-651.000000
-621.000000
-573.000000
-516.000000
-442.000000
-334.000000
-211.000000
-94.000000
48.000000
182.000000
313.000000
429.000000
541.000000
658.000000
765.000000
871.000000
959.000000
1038.000000
1119.000000
1179.000000
1252.000000
1335.000000
1415.000000
1485.000000
1534.000000
1578.000000
1606.000000
1624.000000
1629.000000
1601.000000
1583.000000
1536.000000
1474.000000
1425.000000
1371.000000
1322.000000
1286.000000
1248.000000
1201.000000
1178.000000
1168.000000
1167.000000
1159.000000
1136.000000
1101.000000
1059.000000
1024.000000
985.000000
932.000000
878.000000
