0
0
-1
0
-1
0
0
0
-1
0
0
0
-1
0
0
-1
-1
0
0
0
0
-1
0
0
0
1
0
1
0
-1
0
1
0
0
-1
-1
0
0
0
0
0
1
0
1
0
0
0
0
0
1
0
1
0
0
0
1
0
0
0
0
0
-1
0
0
0
0
0
0
-1
0
0
-1
0
0
0
0
0
0
1
0
0
0
1
0
1
0
0
1
0
0
1
0
0
1
0
1
1
0
0
0
0
0
0
0
0
0
0
0
1
0
0
0
0
0
0
0
0
0
0
1
1
0
0
0
-1
0
0
0
0
0
0
1
0
0
-1
0
0
0
0
-1
0
0
0
0
0
0
0
-1
0
0
0
0
0
0
0
1
0
0
0
0
0
-1
-1
0
0
0
0
1
0
0
0
0
0
0
0
0
0
-1
0
-1
1
0
0
0
0
-1
0
0
0
0
0
0
-1
1
1
0
0
1
0
0
0
1
1
0
-1
0
0
1
0
0
0
0
0
-1
0
0
0
0
1
0
0
0
-1
0
0
0
0
0
1
1
0
0
0
-1
-1
0
0
0
1
0
0
0
0
0
0
1
0
0
-1
0
0
0
0
0
0
0
0
1
0
0
-1
0
0
0
0
0
0
0
0
1
0
0
0
0
0
0
0
0
1
0
0
0
0
0
0
-1
0
0
0
0
1
0
0
1
0
0
0
1
0
0
0
0
0
0
1
0
0
0
0
0
0
1
0
0
0
0
0
0
0
0
0
-1
0
0
0
1
0
0
0
0
0
0
0
0
0
0
0
0
0
-1
1
0
0
0
-1
0
0
-1
0
0
0
-1
0
0
0
-1
0
-1
1
-1
1
0
0
0
0
0
1
0
1
0
0
0
0
0
0
0
0
0
0
0
1
0
0
-1
0
0
0
0
0
0
0
0
0
0
-1
0
0
1
0
0
-1
0
0
0
0
0
0
0
0
-1
0
1
0
0
0
0
1
0
0
0
0
0
-1
0
0
-1
0
0
0
0
0
0
1
0
0
0
0
0
0
1
1
0
0
-1
1
0
0
0
0
0
0
0
0
0
1
0
0
1
0
0
1
0
1
0
0
1
0
0
0
0
1
0
0
0
0
0
1
1
0
0
-1
0
-1
-1
0
0
0
0
1
0
-1
0
0
0
0
0
0
0
0
1
-1
0
1
0
0
0
-1
0
0
0
1
0
-1
0
-1
-1
0
0
1
0
0
0
1
0
0
0
1
1
-1
0
-1
0
0
0
1
0
0
0
0
-1
0
0
0
0
0
-1
-1
1
0
0
0
0
-1
0
1
0
0
0
-1
1
0
1
0
1
0
0
0
0
-1
0
0
0
0
0
0
0
0
0
0
0
0
0
0
0
0
0
0
0
0
0
0
1
0
0
0
0
0
0
0
0
0
0
0
0
0
0
0
0
0
1
0
0
1
0
0
0
0
0
0
0
1
0
0
0
0
0
-1
0
0
0
0
0
0
0
0
0
-1
0
0
0
-1
-1
0
0
0
-1
0
0
0
0
0
0
0
0
0
0
0
0
0
0
0
-1
0
0
0
-1
0
-1
0
-1
0
0
0
0
1
0
0
0
-1
-1
1
0
0
0
-1
0
0
0
0
0
0
-1
0
0
-1
0
0
0
-1
0
-1
0
0
0
0
-1
0
0
0
0
0
0
0
0
0
0
0
0
1
0
1
1
0
1
0
0
0
0
0
1
0
1
0
0
0
1
0
0
0
0
0
1
0
0
0
0
0
0
-1
-1
1
0
0
1
0
0
1
0
0
0
-1
1
1
0
0
0
0
0
-1
0
0
0
0
0
0
0
0
0
0
0
0
0
0
0
0
0
0
0
0
-1
0
-1
0
-1
0
0
0
-1
0
-1
0
-1
1
0
0
0
0
0
-1
0
-1
0
-1
0
0
0
0
-1
0
-1
0
1
0
-1
0
0
0
0
1
0
0
0
0
0
0
-1
0
0
0
0
-1
0
0
0
1
0
1
1
0
0
0
0
0
0
0
0
0
0
1
0
1
0
0
0
0
0
0
0
1
0
0
0
1
0
1
1
0
0
1
0
-1
0
0
1
0
0
0
0
0
0
0
0
0
0
0
1
0
0
0
0
0
0
0
0
0
0
0
-1
0
1
0
0
0
0
0
0
0
-1
1
0
0
0
1
0
1
0
0
0
0
0
0
0
-1
0
1
0
0
0
1
0
0
0
0
-1
1
0
0
-1
1
0
0
0
0
0
0
0
0
-1
0
0
0
0
1
0
0
0
0
0
0
-1
-1
1
0
0
1
0
0
-1
0
-1
0
0
1
0
0
0
0
1
-1
0
0
0
0
0
0
0
0
0
0
0
0
0
0
-1
0
0
0
0
1
0
0
0
0
0
0
0
0
-1
0
0
0
-1
0
0
1
0
-1
0
0
0
0
1
1
1
0
0
-1
0
0
-1
0
0
0
0
-1
0
0
1
0
1
0
1
0
0
0
0
1
1
0
0
0
0
0
0
0
-1
1
-1
0
-1
0
0
0
0
0
0
0
0
0
0
0
0
0
0
1
0
0
0
0
0
0
0
0
0
0
0
0
0
0
-1
0
0
0
1
0
0
0
0
-1
0
-1
0
1
0
0
1
0
0
0
0
0
0
0
0
0
0
0
-1
0
-1
0
0
-1
0
0
0
0
-1
0
0
0
0
0
1
0
0
0
0
0
0
0
-1
0
0
0
0
0
0
-1
0
0
0
0
0
0
-1
0
-1
0
0
0
0
1
0
0
1
0
0
0
0
0
0
0
0
0
1
0
0
0
0
1
0
-1
0
1
0
0
0
0
0
0
0
-1
-1
0
0
0
1
0
-1
0
0
-1
0
0
0
-1
0
0
1
0
0
0
0
0
0
1
-1
0
0
0
1
0
0
0
1
1
0
0
0
0
0
0
1
0
1
0
0
0
1
0
0
0
-1
1
1
0
-1
0
0
0
0
0
0
0
0
0
0
0
1
0
0
0
0
0
0
0
-1
0
1
0
0
-1
0
-1
0
0
-1
0
0
0
0
0
0
0
0
0
-1
0
0
0
0
0
0
0
0
0
0
0
0
0
0
0
0
0
0
0
0
1
0
0
0
0
0
0
0
0
0
0
-1
0
0
1
0
0
0
0
0
0
0
0
0
0
0
0
0
0
0
0
0
0
0
1
-1
0
0
0
0
0
0
-1
1
0
0
0
0
0
-1
0
0
0
0
0
0
0
0
0
0
-1
-1
-1
-1
0
-1
0
0
0
0
0
0
-1
-1
0
-1
0
0
0
-1
0
0
0
0
0
0
0
1
0
0
0
0
0
0
0
0
0
0
1
1
0
0
0
0
0
0
0
0
0
0
0
1
0
0
0
0
0
1
1
0
0
0
-1
0
-1
0
0
0
0
-1
0
0
0
0
1
-1
0
0
1
0
0
0
0
1
1
0
0
0
-1
0
0
0
0
0
0
1
0
1
1
0
0
0
0
0
0
0
0
0
0
0
0
1
-1
0
1
0
0
0
1
0
1
0
0
0
1
1
1
1
1
1
0
1
0
1
1
1
1
0
-1
0
0
0
0
0
0
0
0
0
0
-1
0
0
-1
-1
-1
-1
-1
-1
-1
-2
-1
0
-1
-2
-1
-2
-2
-1
-2
-2
-1
-3
-4
-5
-6
-8
-10
-11
-11
-13
-14
-15
-16
-17
-17
-18
-18
-20
-19
-19
-17
-15
-14
-11
-8
-6
-2
2
6
11
15
18
22
25
28
32
34
37
38
40
41
42
43
44
45
46
47
50
52
54
57
60
64
66
66
65
64
62
59
55
50
43
36
28
20
13
4
-4
-11
-18
-24
-27
-31
-31
-33
-34
-36
-39
-41
-43
-47
-54
-61
-70
-80
-90
-102
-114
-125
-135
-144
-150
-155
-158
-158
-157
-155
-151
-147
-142
-138
-136
-134
-130
-130
-129
-129
-128
-129
-128
-127
-125
-122
-118
-111
-100
-87
-71
-50
-28
-3
27
59
91
124
154
183
201
189
195
240
246
265
280
286
300
301
315
317
333
341
357
369
380
393
403
414
417
418
409
398
378
358
332
301
261
217
169
122
76
29
-14
-57
-95
-130
-156
-179
-197
-213
-227
-242
-254
-267
-281
-295
-313
-333
-354
-375
-397
-415
-431
-445
-455
-462
-463
-458
-450
-436
-419
-398
-376
-352
-327
-302
-279
-255
-234
-218
-204
-193
-184
-178
-174
-169
-163
-157
-148
-135
-118
-98
-75
-48
-19
13
45
79
111
142
168
193
215
233
249
264
276
287
297
306
315
325
335
346
355
366
376
386
394
403
409
415
416
415
412
403
393
377
360
339
315
288
260
233
204
178
153
127
105
84
65
46
29
12
-6
-26
-44
-64
-85
-107
-127
-150
-169
-189
-205
-220
-232
-241
-246
-250
-251
-251
-248
-246
-243
-238
-234
-229
-224
-219
-215
-210
-205
-201
-195
-189
-183
-177
-170
-163
-155
-148
-140
-130
-122
-114
-107
-99
-92
-87
-81
-77
-73
-70
-67
-64
-60
-56
-51
-46
-41
-34
-29
-22
-17
-13
-10
-9
-9
-9
-10
-11
-13
-11
-9
-5
1
7
16
26
38
49
59
69
77
83
90
97
104
112
120
127
135
142
150
157
163
169
172
177
180
185
189
195
201
207
214
221
228
233
234
232
224
212
198
179
159
139
118
99
82
69
59
52
49
48
48
44
39
28
15
-2
-23
-47
-75
-103
-128
-153
-175
-194
-209
-222
-231
-237
-239
-240
-241
-239
-238
-233
-227
-218
-209
-198
-188
-177
-166
-156
-145
-134
-124
-114
-105
-94
-80
-64
-44
-26
-5
16
39
62
85
105
121
131
136
137
134
130
123
114
103
90
76
64
54
48
44
41
37
34
32
30
30
28
24
14
1
-16
-39
-66
-98
-133
-173
-213
-248
-275
-292
-299
-298
-288
-274
-254
-230
-206
-184
-167
-163
-167
-180
-196
-214
-226
-231
-227
-210
-181
-140
-87
-27
38
103
166
225
281
332
378
419
456
489
518
544
566
589
612
629
643
648
643
632
611
588
564
541
518
496
478
466
458
455
452
446
435
416
387
345
289
218
134
41
-58
-157
-252
-339
-417
-487
-545
-590
-622
-643
-654
-658
-662
-663
-665
-663
-655
-647
-640
-632
-628
-619
-607
-586
-562
-534
-504
-473
-434
-388
-336
-277
-219
-162
-111
-61
-18
22
61
95
124
149
169
183
196
203
206
205
200
192
182
172
162
149
139
129
123
119
121
122
121
116
104
82
54
17
-28
-82
-139
-195
-250
-295
-326
-346
-350
-344
-330
-315
-300
-287
-279
-275
-282
-302
-328
-360
-385
-397
-385
-349
-291
-218
-128
-23
92
213
329
431
515
574
613
637
654
668
678
688
703
724
754
793
838
884
924
955
973
978
973
956
929
890
845
798
758
726
700
674
642
603
557
505
447
378
297
202
90
-30
-149
-258
-355
-442
-519
-592
-661
-721
-774
-817
-852
-888
-925
-966
-1006
-1039
-1061
-1073
-1073
-1065
-1048
-1022
-986
-936
-882
-823
-763
-703
-640
-574
-504
-431
-358
-288
-223
-159
-98
-38
22
77
128
174
216
261
308
358
405
446
478
499
511
515
510
494
469
430
384
335
285
242
202
163
123
80
34
-16
-65
-118
-174
-237
-305
-373
-434
-482
-515
-536
-546
-547
-545
-538
-530
-524
-526
-536
-557
-583
-608
-629
-632
-614
-570
-495
-391
-263
-113
49
215
373
515
636
730
801
851
886
910
929
945
964
990
1028
1075
1125
1176
1218
1249
1265
1267
1252
1223
1179
1118
1047
968
887
812
742
677
613
544
470
393
316
235
150
55
-50
-162
-276
-385
-484
-572
-653
-726
-793
-849
-894
-929
-956
-976
-996
-1012
-1028
-1038
-1040
-1033
-1020
-1000
-975
-940
-898
-847
-789
-729
-668
-609
-547
-482
-416
-347
-281
-219
-160
-105
-52
-2
44
83
116
142
164
186
209
233
253
272
285
295
304
311
313
310
300
284
262
237
209
180
152
124
96
68
43
20
1
-19
-38
-57
-77
-96
-115
-132
-147
-161
-172
-176
-177
-173
-165
-156
-146
-137
-128
-119
-109
-100
-90
-80
-68
-54
-35
-11
20
57
95
137
179
219
256
290
319
342
357
367
375
381
386
390
395
399
404
408
413
416
418
416
411
403
390
373
353
332
308
283
259
234
210
187
165
144
123
101
79
55
29
3
-24
-53
-83
-113
-140
-166
-190
-211
-229
-243
-256
-263
-270
-276
-279
-282
-285
-290
-292
-297
-301
-304
-305
-306
-303
-299
-292
-283
-271
-259
-245
-231
-218
-205
-193
-180
-169
-158
-148
-137
-126
-116
-104
-92
-80
-70
-59
-49
-39
-31
-22
-14
-6
2
9
16
24
29
35
40
45
48
50
51
51
52
52
53
53
55
55
56
57
56
56
54
53
51
48
47
46
44
45
47
49
54
60
63
66
68
67
66
63
58
51
43
38
35
32
34
38
44
52
61
72
82
90
97
103
104
105
103
102
99
96
93
91
91
91
94
95
98
99
98
98
95
92
86
80
74
67
61
55
50
46
41
38
34
30
24
19
11
2
-8
-20
-31
-43
-55
-66
-74
-81
-86
-91
-92
-93
-93
-94
-95
-96
-98
-101
-104
-107
-112
-115
-118
-120
-121
-120
-117
-114
-110
-106
-101
-95
-90
-82
-77
-70
-64
-57
-50
-44
-37
-32
-26
-21
-16
-12
-8
-6
-3
-1
1
4
7
11
13
16
19
20
22
24
24
23
21
19
17
16
15
15
15
16
16
17
18
20
20
20
20
19
17
17
14
14
13
14
14
16
17
18
19
20
19
18
17
13
11
8
5
1
-2
-4
-4
-3
1
5
10
15
23
29
35
41
46
49
51
53
54
55
56
56
57
58
59
60
63
64
66
67
67
66
66
64
62
60
57
53
50
47
45
41
39
35
31
28
24
20
15
8
2
-5
-12
-20
-26
-31
-38
-42
-46
-49
-52
-54
-56
-59
-61
-63
-64
-67
-67
-70
-72
-73
-74
-75
-74
-75
-74
-72
-70
-69
-65
-63
-59
-55
-52
-47
-43
-38
-33
-29
-26
-22
-19
-16
-14
-11
-9
-9
-7
-7
-6
-5
-3
-2
0
0
1
2
3
3
2
2
1
1
0
-1
0
-2
-2
-2
-1
0
1
3
4
5
8
9
11
12
13
14
14
13
14
14
14
14
15
15
15
17
18
19
18
19
18
16
15
13
11
9
9
8
9
11
14
17
21
25
30
34
38
41
44
47
48
50
50
51
50
51
50
51
52
52
53
53
53
54
53
53
52
49
46
44
40
35
31
28
23
21
19
16
13
11
9
4
2
-2
-6
-11
-17
-22
-26
-32
-38
-41
-45
-50
-52
-56
-57
-58
-59
-60
-62
-64
-64
-65
-66
-66
-68
-68
-67
-66
-63
-62
-59
-57
-53
-49
-46
-43
-39
-37
-33
-29
-27
-24
-23
-20
-17
-15
-14
-12
-9
-8
-7
-4
-3
-1
2
4
6
8
9
10
12
12
14
14
14
14
13
12
13
13
14
14
15
16
17
17
19
19
20
20
22
23
23
24
24
24
24
25
24
24
22
22
21
21
19
18
18
16
15
13
11
8
6
5
2
0
-1
-1
0
0
2
5
7
11
12
15
16
18
18
19
19
19
19
19
20
21
22
24
25
27
28
28
30
30
29
29
28
27
26
25
23
21
22
20
19
19
17
18
16
15
14
12
9
7
2
-1
-5
-9
-14
-17
-21
-25
-27
-30
-32
-35
-35
-37
-38
-39
-41
-42
-44
-45
-47
-48
-50
-50
-51
-50
-50
-49
-48
-47
-45
-44
-42
-41
-39
-37
-36
-34
-32
-30
-28
-27
-24
-22
-19
-17
-14
-12
-10
-7
-4
-2
0
2
5
5
7
8
9
11
11
11
12
13
13
14
15
16
17
18
18
20
20
22
22
23
24
25
25
26
25
26
25
24
24
23
23
21
21
20
19
20
18
18
16
15
14
13
11
8
6
4
3
3
3
3
3
5
7
8
12
14
16
18
18
19
20
19
19
17
18
17
16
16
17
18
20
22
23
25
26
26
26
25
25
24
22
21
20
19
19
18
17
17
17
16
16
14
12
10
6
3
-1
-5
-10
-15
-20
-24
-29
-33
-36
-38
-41
-43
-45
-46
-47
-49
-52
-54
-58
-61
-63
-66
-69
-71
-73
-74
-74
-72
-70
-68
-65
-63
-60
-55
-52
-47
-44
-40
-36
-32
-27
-23
-18
-14
-7
-2
2
8
13
18
23
28
32
36
40
44
47
50
53
57
60
61
65
67
68
68
68
67
66
63
62
59
57
54
51
48
45
42
39
36
32
28
23
19
13
7
1
-5
-10
-16
-20
-26
-29
-32
-36
-39
-42
-45
-48
-52
-55
-59
-63
-65
-66
-65
-64
-61
-57
-53
-47
-40
-35
-27
-20
-14
-9
-4
3
7
12
17
24
29
35
42
48
56
63
69
75
80
84
89
92
95
96
98
99
99
99
98
97
95
93
90
85
80
74
67
58
49
38
27
17
7
-5
-16
-27
-36
-47
-57
-67
-76
-86
-94
-103
-111
-120
-128
-135
-141
-146
-151
-154
-158
-160
-161
-160
-159
-157
-153
-151
-145
-138
-130
-121
-111
-101
-91
-78
-66
-53
-41
-28
-14
-2
12
25
38
50
63
75
85
96
106
116
124
130
137
143
148
151
155
157
158
158
156
154
151
147
143
136
129
121
113
104
94
84
75
63
52
42
32
20
9
-3
-15
-26
-37
-47
-56
-66
-74
-82
-88
-94
-98
-103
-107
-110
-114
-116
-118
-121
-122
-123
-122
-120
-119
-114
-108
-101
-93
-83
-74
-64
-53
-41
-31
-19
-9
1
12
22
31
41
51
60
69
77
85
93
100
107
112
117
121
125
129
131
132
133
134
133
133
130
127
123
117
110
103
93
82
71
59
45
31
16
2
-12
-26
-41
-53
-66
-78
-91
-103
-114
-125
-136
-146
-155
-162
-171
-179
-185
-190
-195
-199
-204
-205
-206
-206
-206
-203
-200
-194
-186
-176
-165
-151
-135
-118
-100
-81
-62
-41
-19
2
24
46
66
87
107
127
146
164
180
197
212
226
241
253
266
277
285
293
298
301
303
302
300
295
287
278
267
255
240
225
210
191
171
149
125
99
73
43
14
-17
-47
-78
-110
-138
-168
-197
-223
-248
-272
-296
-317
-339
-360
-379
-399
-418
-434
-451
-465
-478
-488
-495
-498
-495
-487
-474
-456
-431
-400
-365
-324
-280
-230
-179
-128
-75
-21
34
88
141
193
242
291
341
387
435
480
525
567
607
645
680
710
736
757
775
786
792
792
787
776
761
741
717
687
652
610
561
507
446
380
306
228
144
55
-34
-126
-217
-306
-393
-476
-555
-630
-699
-759
-815
-866
-915
-957
-999
-1033
-1065
-1093
-1117
-1137
-1151
-1160
-1158
-1149
-1127
-1098
-1056
-1005
-943
-867
-782
-688
-589
-487
-380
-271
-160
-49
62
169
276
378
479
574
669
756
841
920
992
1061
1122
1179
1230
1272
1305
1331
1347
1357
1356
1346
1327
1296
1257
1207
1153
1093
1025
950
868
781
689
594
492
388
278
165
51
-64
-178
-291
-405
-516
-623
-723
-813
-897
-971
-1041
-1104
-1161
-1211
-1255
-1295
-1333
-1369
-1402
-1431
-1452
-1467
-1472
-1468
-1450
-1417
-1366
-1298
-1212
-1110
-995
-870
-741
-604
-467
-327
-192
-64
56
169
274
378
479
577
673
769
864
962
1061
1158
1252
1338
1415
1483
1539
1583
1613
1629
1630
1613
1586
1550
1504
1453
1392
1326
1253
1173
1086
991
888
777
656
524
385
240
92
-55
-206
-351
-489
-623
-742
-849
-945
-1032
-1112
-1188
-1259
-1326
-1394
-1456
-1520
-1581
-1641
-1697
-1742
-1778
-1795
-1799
-1785
-1749
-1693
-1618
-1524
-1415
-1296
-1170
-1037
-897
-755
-608
-461
-319
-178
-39
102
243
383
524
665
801
931
1056
1173
1284
1383
1472
1551
1621
1681
1733
1772
1801
1815
1815
1806
1786
1754
1711
1652
1577
1493
1397
1296
1185
1066
940
810
682
555
423
283
131
-25
-178
-331
-481
-623
-758
-883
-1000
-1110
-1206
-1292
-1369
-1436
-1497
-1553
-1608
-1663
-1718
-1770
-1820
-1860
-1889
-1903
-1891
-1852
-1786
-1692
-1575
-1438
-1283
-1119
-942
-760
-579
-401
-238
-96
30
143
248
354
453
555
665
778
899
1025
1149
1278
1402
1515
1619
1706
1779
1833
1860
1868
1856
1828
1789
1741
1682
1619
1551
1477
1404
1320
1222
1114
986
851
716
561
402
230
52
-113
-284
-445
-582
-713
-819
-908
-992
-1058
-1115
-1163
-1203
-1260
-1333
-1397
-1468
-1526
-1578
-1645
-1707
-1763
-1816
-1835
-1829
-1798
-1728
-1646
-1544
-1421
-1298
-1153
-998
-850
-689
-545
-406
-258
-122
15
155
271
393
523
650
786
903
999
1099
1181
1256
1335
1382
1438
1496
1540
1591
1622
1638
1667
1679
1679
1683
1639
1592
1529
1432
1329
1196
1041
897
739
586
460
330
235
172
100
36
-42
-146
-235
-358
-512
-668
-863
-1062
-1256
-1468
-1634
-1743
-1789
-1749
-1720
-1721
-1737
-1800
-1867
-1942
-2081
-2227
-2391
-2531
-2554
-2487
-2296
-1939
-1476
-881
-188
505
1218
1862
2346
2665
2764
2685
2546
2293
2009
1716
1360
1102
965
945
1057
1183
1293
1446
1511
1504
1393
1089
706
274
-190
-600
-959
-1241
-1326
-1311
-1179
-888
-533
-75
382
668
856
899
809
719
455
16
-534
-1216
-1782
-2119
-2342
-2319
-2183
-2024
-1693
-1376
-993
-469
-33
376
725
834
940
1043
1075
1157
1049
839
773
719
685
653
399
136
-50
-226
-211
-223
-287
-130
118
451
855
1061
1216
1327
1246
1161
961
613
395
159
-92
-238
-460
-522
-382
-308
-179
-90
-79
94
209
184
207
161
215
415
370
177
-211
-835
-1506
-2550
-4124
-5797
-7161
-7805
-7590
-7089
-6305
-5088
-3357
-859
1951
4423
6315
7517
8109
8280
7644
6371
4891
3339
2114
1224
611
568
946
1561
2278
2514
2292
1825
1106
115
-1355
-3206
-4719
-5575
-5823
-5488
-4859
-3865
-2294
-351
1663
3272
4067
4427
4505
4197
3528
2515
1424
589
-57
-508
-754
-973
-958
-797
-795
-1068
-1592
-2221
-2723
-3329
-4011
-4488
-4630
-4163
-3220
-2060
-807
508
1889
3276
4337
4801
4806
4461
3811
2892
1513
20
-1172
-1950
-2222
-2216
-2207
-2038
-1705
-1268
-672
-478
-436
-378
-370
-264
-286
-303
-97
263
748
1315
1699
1930
2074
2047
1769
1237
513
-32
-417
-741
-848
-804
-495
59
555
815
811
536
293
8
-494
-1119
-1738
-2079
-1967
-1640
-1210
-663
-66
791
1803
2584
3050
3213
3160
3133
2716
2018
1174
211
-663
-1850
-3454
-5610
-7919
-9381
-9763
-9266
-8395
-7348
-5566
-3155
-108
3190
6033
8146
9383
9994
9848
8671
6672
4490
2555
925
-447
-1206
-1280
-828
-45
588
814
597
154
-355
-1160
-2539
-3950
-4799
-4763
-3927
-2756
-1357
300
2184
4230
5920
6719
6640
5840
4703
3311
1651
44
-1346
-2348
-2902
-3271
-3436
-3490
-3440
-3349
-3528
-3938
-4447
-4779
-4845
-4727
-4360
-3581
-2350
-585
1398
3318
4946
6159
7055
7314
6933
5852
4268
2516
695
-1064
-2657
-4240
-5516
-6017
-5986
-5313
-4219
-3125
-1907
-918
-64
1239
2348
3228
4066
4438
4559
4485
4162
3813
3081
1883
844
-54
-1001
-1852
-2447
-2837
-2829
-2518
-1879
-1007
-370
302
1053
1522
1605
1319
747
225
-380
-811
-1010
-1176
-1052
-733
-278
227
589
853
1298
1636
1849
1894
1534
1235
986
638
309
-436
-1429
-2482
-3831
-5408
-7544
-9909
-11331
-11485
-10259
-8058
-5782
-2925
389
4085
7928
10842
12364
12583
11756
10018
7544
4204
912
-1606
-3342
-4238
-4276
-3674
-2399
-769
448
1152
1013
393
-130
-746
-1648
-2440
-2703
-1854
-66
2001
4151
5956
7353
8334
8424
7506
5667
3117
627
-1661
-3648
-4917
-5499
-5340
-4524
-3722
-2857
-2070
-1713
-1641
-2094
-2773
-3345
-3559
-3258
-2451
-1282
223
2052
3919
5442
6310
6510
6037
4901
3259
1336
-653
-2421
-3856
-4856
-5341
-5417
-5198
-4884
-4886
-5035
-4865
-4328
-3441
-2347
-1405
-215
1291
2978
4916
6272
6960
7145
6794
5687
3972
1715
-605
-2466
-4071
-4911
-5216
-4890
-3741
-2135
-532
702
1617
2271
2678
2638
2206
1576
921
574
500
514
720
1168
1942
2610
2736
2460
1936
1280
591
-248
-1162
-1695
-1651
-1098
-243
420
973
1658
1969
1826
1032
-526
-2383
-4564
-7340
-10269
-12469
-13076
-11511
-8746
-5705
-2288
1133
4765
8236
10578
11449
10741
9097
6987
4405
1215
-1729
-3662
-4534
-4593
-4182
-3214
-1898
-563
302
527
18
-735
-1106
-1068
-912
-638
225
1980
4218
6172
7498
7938
7730
6904
5377
3223
631
-1777
-3383
-4265
-4508
-4060
-3183
-1841
-551
222
477
58
-701
-1535
-2517
-3151
-3186
-2412
-819
1027
2916
4607
5935
6714
6570
5438
3563
1344
-775
-2609
-4089
-5003
-5244
-4872
-3983
-2965
-2025
-1331
-1064
-1255
-2014
-3201
-4306
-4464
-3727
-2432
-625
1168
3011
4487
5216
5643
5200
3805
2124
390
-1521
-3217
-4411
-4770
-4204
-3549
-2336
-881
177
860
1177
1101
555
-65
-524
-627
-574
-193
731
1872
2794
3477
3762
3520
2957
2149
1187
22
-1029
-1604
-1740
-1605
-1026
-171
967
2126
2868
3248
2929
2148
1262
161
-1048
-2103
-3058
-3908
-4904
-6503
-8268
-9457
-9321
-7783
-5786
-3780
-1653
678
3206
5719
7912
9205
9198
8490
7399
5633
3202
619
-1183
-2296
-3144
-3386
-2813
-1820
-960
-332
2
-115
-420
-539
-453
-486
-652
-210
1115
2625
3802
4515
4696
4653
4198
3290
1965
223
-1263
-2205
-2691
-2879
-2648
-1961
-953
-138
139
-147
-808
-1399
-1902
-2283
-2504
-2216
-1211
341
2037
3555
4714
5449
5738
5267
4072
2304
432
-1212
-2760
-3964
-4654
-4698
-4182
-3455
-2678
-2120
-1758
-1411
-1108
-1140
-1597
-2033
-1867
-1110
-32
1347
2733
3935
4589
4481
3748
2228
385
-1111
-2425
-3540
-4317
-4631
-4101
-3145
-2013
-764
110
652
974
819
173
-662
-1326
-1457
-1153
-544
506
1793
3198
4379
4870
4446
3321
1994
474
-1026
-2493
-3757
-4265
-3971
-2942
-1612
-391
859
2169
3142
3627
3508
2830
2175
1577
1181
1086
931
899
682
-295
-2176
-4998
-7862
-9585
-10021
-9549
-8408
-6567
-3832
-334
3368
6946
9631
10728
10689
9702
7784
4876
1616
-1004
-2754
-3587
-3568
-2531
-1048
341
1363
1782
1403
291
-1039
-2394
-3408
-3969
-3594
-2186
-163
2139
4234
5861
6772
6744
5736
3947
1558
-858
-2944
-4458
-4996
-4636
-3421
-1665
-29
1270
1999
2016
1502
436
-870
-1970
-2546
-2339
-1462
-88
1637
3500
5222
6372
6603
5829
4190
2010
-391
-2721
-4686
-6012
-6508
-6162
-5169
-3739
-2188
-814
199
660
619
183
-618
-1521
-2143
-2212
-1637
-404
938
2088
2763
2665
2442
1865
771
-531
-1744
-2720
-3309
-3442
-3236
-2438
-1647
-700
349
865
845
504
90
-481
-872
-968
-614
232
1201
2350
3458
4071
4240
3854
2636
877
-995
-2703
-3889
-4522
-4486
-3613
-2205
-394
1436
2885
3985
4629
4832
4550
3766
3004
2281
1837
1759
1572
1354
780
-250
-2082
-5170
-8854
-12009
-13670
-13634
-12205
-9808
-6384
-2258
2290
7049
10868
13254
13752
12828
10966
7921
4343
914
-1559
-3051
-3675
-3359
-2330
-1166
-351
-228
-989
-2359
-4024
-5141
-5625
-5567
-4594
-2578
516
4134
7349
9756
10883
10616
9307
6925
3916
682
-2360
-4481
-5480
-5345
-4101
-2326
-506
797
1137
739
-258
-1660
-3158
-4437
-4978
-4464
-2894
-348
2543
5275
7452
8619
8757
7568
5229
2278
-1065
-4226
-6721
-8130
-8201
-7220
-5521
-3546
-1762
-399
482
853
585
-360
-1594
-2817
-3517
-3346
-2512
-994
822
2289
3266
3557
3304
2805
1535
-43
-1459
-2709
-3149
-2863
-2023
-1009
-282
398
1079
1390
1027
189
-860
-1926
-2528
-2439
-1829
-817
525
2096
3652
4680
5064
4937
3949
2339
500
-1390
-2795
-3547
-3534
-2804
-1664
-142
1496
2783
3559
3590
3112
2461
1591
920
403
173
515
1106
1813
2324
2414
1925
660
-1759
-5271
-9211
-12575
-14184
-13720
-11430
-8081
-3906
696
5094
9104
11920
13319
13042
11083
8127
4667
1119
-1909
-3850
-4788
-4889
-4439
-3452
-2165
-1276
-1151
-1733
-2568
-3385
-3668
-3124
-2027
-384
1859
4598
7482
9684
10682
10452
8948
6524
3602
496
-2305
-4434
-5561
-5595
-4777
-3345
-1625
-2
1181
1576
1233
362
-762
-1625
-2096
-2007
-1294
-7
1683
3315
4600
5171
4903
3824
2005
-313
-2695
-4739
-6066
-6521
-6186
-5125
-3637
-1963
-496
470
809
528
-109
-889
-1682
-2363
-2935
-3095
-2439
-1225
141
1407
2202
2382
2043
1093
-66
-1282
-2315
-2816
-2688
-1914
-1051
58
1033
1686
2129
1804
1156
338
-681
-1610
-2268
-2644
-2418
-1460
-290
1180
2487
3344
3909
3975
3610
2888
1986
1046
343
-43
-206
-88
297
762
1174
1382
1212
880
316
-318
-669
-895
-784
-296
474
1588
2533
3302
3678
3261
2485
1249
-471
-2558
-5330
-8407
-10602
-11462
-10676
-8321
-5604
-2557
443
3012
5646
7574
8483
8402
7450
6030
4247
2299
281
-1394
-2602
-3376
-3507
-3242
-2885
-2535
-2402
-2455
-2375
-2084
-1450
-524
342
1354
2665
4101
5570
6442
6597
6300
5488
4590
3496
2085
787
-475
-1279
-1453
-1493
-1282
-928
-661
-431
-512
-860
-1168
-1567
-1865
-1923
-1803
-1263
-446
462
1282
1758
1989
2121
2004
1497
580
-541
-1495
-2246
-2693
-2927
-3110
-3141
-3095
-2889
-2707
-2621
-2450
-2232
-1893
-1719
-1698
-1431
-870
-110
599
1077
1263
1100
666
400
160
-355
-674
-774
-644
-407
-270
29
197
-16
-336
-630
-1000
-1295
-1341
-1166
-907
-517
225
1180
2074
2637
2993
3096
2864
2606
2293
1763
1156
760
607
674
777
742
609
297
-48
-302
-522
-639
-657
-529
-271
82
668
1274
1893
2438
2711
2909
2848
2655
2183
1389
375
-907
-2178
-3935
-6002
-8124
-9765
-10174
-9150
-7081
-4825
-2181
365
3022
5570
7413
8736
8675
7553
5939
4032
1741
-662
-2478
-3719
-4259
-4316
-3754
-2656
-1790
-1274
-900
-729
-740
-587
-178
448
1235
2274
3775
5369
6572
7272
7405
6872
5701
4002
2071
21
-1830
-3071
-3763
-3845
-3444
-2710
-1675
-848
-413
-219
-358
-627
-976
-1258
-1289
-1074
-542
196
1123
1930
2444
2665
2337
1454
116
-1369
-2641
-3700
-4478
-4847
-4701
-4183
-3433
-2456
-1584
-946
-632
-666
-954
-1353
-1524
-1307
-629
202
1006
1879
2444
2679
2549
1873
922
-358
-1778
-2790
-3333
-3629
-3269
-2302
-1280
-92
928
1973
2934
3164
3061
2748
2117
1307
738
376
81
1
105
522
900
1061
1202
1318
1218
1005
845
530
253
90
5
156
369
660
964
1071
997
680
423
258
271
545
971
1619
2200
2752
3034
2938
2325
1154
-277
-2306
-4931
-7808
-10388
-11921
-12041
-10596
-7892
-4695
-1218
2054
5142
7652
9019
9626
8996
7545
5487
3234
1029
-1078
-2541
-3621
-3949
-4057
-3885
-3259
-2923
-2745
-2756
-2650
-2177
-1353
-61
1493
3223
4945
6495
7902
8532
8340
7521
6031
4194
2064
-33
-1719
-2834
-3314
-3252
-2750
-2037
-1263
-569
-255
-374
-870
-1493
-1907
-2031
-1820
-1369
-525
542
1623
2607
3103
3159
2674
1678
325
-1255
-2725
-3855
-4421
-4535
-4269
-3620
-2838
-2024
-1350
-1016
-929
-1198
-1708
-2159
-2394
-2214
-1527
-361
845
1960
2685
2941
2837
2092
956
-522
-2009
-3082
-3617
-3719
-3260
-2292
-1086
351
1488
2458
3011
3069
2964
2507
1855
1057
466
196
171
289
460
724
885
1029
1085
955
731
567
553
611
716
792
909
1095
1286
1509
1550
1417
1219
889
551
243
19
59
385
871
1540
2031
2298
2321
1678
826
-367
-1808
-3321
-5254
-7290
-9206
-10446
-10427
-8880
-6351
-3571
-584
2159
4649
6682
7793
8321
7855
6448
4671
2710
747
-1303
-2906
-4024
-4624
-4819
-4772
-4065
-3367
-2924
-2440
-1873
-1044
37
1330
2754
4104
5336
6475
7432
7758
7359
6469
5059
3346
1535
-47
-1265
-2133
-2497
-2490
-2147
-1629
-1136
-593
-433
-674
-999
-1393
-1476
-1377
-1071
-465
286
1183
2007
2641
2922
2742
2166
1171
-60
-1354
-2532
-3291
-3745
-3862
-3707
-3286
-2667
-2185
-1847
-1754
-1791
-1964
-2141
-2018
-1642
-1004
-37
1054
2010
2530
2593
2399
1728
690
-570
-1758
-2873
-3764
-3977
-3712
-3060
-2122
-894
374
1423
2101
2690
3122
3106
3038
2931
2575
1986
1427
756
192
-497
-1119
-1332
-1591
-1486
-1068
-365
419
1282
2194
2770
3120
3073
2768
2307
1610
952
406
-117
-414
-542
-511
-306
112
671
1153
1439
1432
1261
953
607
95
-487
-1203
-1976
-2927
-4258
-5819
-7321
-8008
-7748
-6358
-4579
-2545
-288
1817
3957
5534
6628
6886
6283
5108
3514
1692
-413
-2225
-3477
-4217
-4453
-4328
-3705
-2775
-2031
-1343
-799
-203
445
1201
2234
3185
4183
5048
5804
6309
6196
5694
4803
3539
2095
599
-606
-1509
-2091
-2236
-2175
-1792
-1321
-805
-365
-342
-481
-671
-723
-668
-521
-218
190
763
1304
1724
1919
1717
1267
596
-221
-1099
-2008
-2630
-3012
-3105
-2955
-2673
-2205
-1847
-1584
-1432
-1379
-1486
-1686
-1793
-1864
-1616
-920
-37
815
1403
1606
1679
1389
802
205
-586
-1340
-1838
-2008
-2042
-1942
-1665
-1254
-595
-102
438
1126
1643
2190
2558
2645
2448
2100
1756
1367
950
340
-204
-530
-706
-648
-420
-87
303
723
1163
1576
1904
1899
1655
1380
981
733
620
398
106
-137
-143
270
886
1349
1656
1712
1531
1308
1043
402
-624
-2004
-3769
-5591
-7615
-9200
-9467
-8347
-6311
-3968
-1312
1249
3611
5408
6603
7411
7025
5906
4631
3122
1205
-818
-2229
-2934
-3278
-3696
-3873
-3708
-3611
-3419
-2928
-2453
-1939
-1048
364
2120
3817
5319
6641
7609
7641
7032
6028
4484
2821
1181
-260
-1336
-2063
-2335
-2086
-1651
-1321
-906
-518
-469
-711
-1137
-1492
-1488
-1204
-648
281
1253
2093
2761
3088
3016
2513
1770
780
-307
-1433
-2424
-2855
-3073
-3180
-3116
-2937
-2699
-2405
-2094
-1877
-1702
-1677
-1516
-1286
-1421
-1580
-1301
-584
205
1054
1684
2024
2060
1645
1334
677
-335
-1143
-1679
-2144
-2637
-2847
-2859
-2521
-2107
-1427
-430
484
1522
2545
3284
3475
3349
3153
2798
2390
1896
1354
930
437
18
-242
-465
-627
-717
-712
-702
-451
-157
181
635
904
1290
1766
2072
2092
1770
1292
896
691
513
451
441
473
712
915
864
238
-917
-2721
-5195
-7794
-9809
-10246
-9107
-6973
-4249
-1353
1529
4164
6325
7773
8009
7196
5804
4200
2467
437
-1361
-2470
-2931
-3020
-2842
-2662
-2643
-2675
-2879
-3018
-3011
-2755
-1862
-470
1137
2964
4804
6390
7456
7738
7254
6180
4749
3142
1603
216
-888
-1543
-1778
-1660
-1375
-1059
-852
-810
-970
-1396
-1816
-2072
-2090
-1740
-1061
2
1197
2233
2990
3364
3396
3033
2364
1415
298
-752
-1559
-2098
-2584
-2998
-3295
-3377
-3317
-3218
-3038
-2857
-2569
-2167
-1741
-1437
-1403
-1166
-399
481
1359
2038
2309
2413
2165
1750
1271
287
-805
-1602
-2188
-2706
-3000
-3099
-3047
-2790
-2617
-2071
-1395
-682
451
1557
2512
3163
3712
4086
4160
4029
3601
3038
2242
1364
555
-282
-1062
-1721
-2127
-2332
-2261
-1811
-1227
-434
379
1156
1920
2362
2548
2391
2140
1968
1686
1444
1143
941
1006
1055
1044
868
286
-621
-1769
-3623
-6073
-8620
-10400
-10361
-8737
-6140
-3187
-211
2443
4787
6591
7502
7675
6901
5734
4401
2842
1206
-291
-1289
-2058
-2623
-3025
-3398
-3632
-3973
-4252
-4186
-3833
-3013
-1714
-74
1690
3575
5267
6486
7153
7026
6479
5619
4449
3187
1894
790
-9
-599
-1056
-1454
-1731
-1980
-2186
-2285
-2473
-2500
-2369
-2108
-1585
-878
99
1264
2314
2983
3270
3247
2936
2499
1854
958
104
-675
-1272
-1707
-2151
-2538
-2864
-3106
-3297
-3375
-3377
-3299
-2896
-2308
-1573
-832
-448
-259
101
816
1564
2235
2406
2080
1696
917
302
-580
-1919
-2949
-3446
-3258
-2937
-2319
-1795
-1285
-736
-528
-49
82
261
913
1642
2300
2632
2941
3021
3074
2999
2677
2296
1473
795
324
-247
-734
-1130
-1367
-1418
-1175
-793
-304
206
628
1179
1563
1641
1564
1263
891
601
508
498
665
1026
1452
1899
1897
1576
812
-280
-1636
-3284
-5195
-7587
-9462
-10186
-9211
-6938
-4296
-1636
716
2920
4730
6046
6489
6244
5872
5300
4689
3699
2352
1097
-216
-1544
-2846
-3980
-4759
-5198
-5269
-4963
-4117
-2818
-1205
586
2286
3766
5041
5960
6382
6280
5771
5149
4440
3706
2951
2227
1443
545
-304
-1168
-1958
-2654
-3163
-3292
-3133
-2713
-2139
-1544
-931
-268
520
1190
1675
1940
2000
2028
1881
1625
1311
959
550
78
-363
-846
-1336
-1925
-2490
-2836
-3115
-3211
-3239
-3201
-2933
-2503
-1883
-1508
-1666
-1947
-1450
-221
968
2088
2393
2404
2486
2055
1744
700
-504
-1004
-1228
-1384
-1747
-1886
-2119
-2034
-2154
-2217
-1857
-1723
-757
391
1472
2485
3089
3449
3371
3230
2948
2484
1717
809
361
29
-297
-577
-908
-1062
-865
-463
-223
2
160
545
1113
1318
1381
1176
809
524
260
67
21
66
53
129
341
430
476
129
-453
-1008
-2064
-3507
-5502
-7298
-7881
-6963
-5070
-3384
-1694
11
1777
3360
4041
4535
4871
5163
5340
4785
3770
2426
1357
54
-1382
-2604
-3677
-3895
-4130
-3914
-3028
-2110
-849
117
1010
1936
2703
3330
3612
3884
3917
4081
4084
3775
3674
3412
3233
2662
1665
680
-233
-901
-1626
-2045
-2113
-1945
-1505
-1352
-1220
-1186
-1152
-896
-734
-452
-208
211
547
807
1128
1290
1509
1372
1124
880
471
-3
-732
-1432
-2049
-2586
-2989
-3506
-3817
-3957
-3808
-3343
-3108
-3069
-2838
-1732
-94
1471
2611
2824
3035
2967
2503
2015
826
96
-422
-1042
-1791
-2442
-2630
-2855
-2603
-2694
-2163
-1538
-1183
-136
617
1868
2910
3415
3493
3197
3089
2654
2162
1270
678
479
-21
-210
-576
-713
-638
-579
-406
-278
241
611
957
1113
1200
1497
1294
906
284
-388
-696
-758
-546
-290
188
671
827
789
479
320
11
-805
-1792
-3059
-4654
-6135
-7053
-6970
-5613
-3873
-2366
-983
200
1465
2537
2991
3607
4340
4796
4958
4462
3747
2897
1628
167
-1203
-2220
-2634
-2728
-2780
-2440
-1777
-1006
-363
167
786
1457
2116
2588
3024
3509
3940
4294
4361
4262
4040
3500
2622
1665
943
308
-275
-855
-1182
-1095
-959
-947
-1302
-1796
-2037
-2110
-2073
-1918
-1499
-867
-302
176
492
759
925
874
722
502
379
299
67
-312
-699
-1055
-1514
-2215
-2931
-3412
-3647
-3801
-4115
-4565
-4594
-3599
-1986
-243
1048
1741
2407
2563
2433
2092
1512
1372
1170
981
642
133
-594
-1443
-2082
-2482
-2291
-2228
-1742
-886
266
1626
2222
2431
2260
2133
2060
1813
1507
1208
1117
915
594
175
-201
-402
-573
-446
-172
417
993
1253
1464
1371
1386
1236
852
431
-88
-517
-791
-845
-777
-556
-382
-288
-164
-79
-33
-102
-391
-710
-1333
-2496
-3963
-5337
-5872
-5264
-3956
-2685
-1616
-675
356
1305
1773
2251
2885
3588
3970
3824
3523
3116
2528
1504
353
-644
-1286
-1702
-2045
-1983
-1606
-1046
-666
-330
154
757
1436
1890
2295
2783
3106
3314
3241
3162
3273
3153
2818
2197
1683
1342
959
476
-26
-295
-425
-549
-890
-1323
-1684
-1999
-2157
-2139
-1823
-1329
-1008
-820
-766
-637
-478
-396
-285
-150
110
363
516
516
419
136
-303
-821
-1325
-1670
-2118
-2442
-2697
-2884
-3166
-3782
-3929
-3238
-1849
-474
381
778
1232
1320
1093
789
414
626
602
537
416
279
-9
-411
-821
-927
-574
-486
28
487
1348
2018
1971
1813
1453
1290
1081
791
571
551
462
143
-333
-685
-671
-547
-424
-79
516
1466
2071
2306
2300
2161
2177
1850
1474
783
72
-652
-1264
-1484
-1556
-1461
-1445
-1288
-1055
-792
-689
-816
-800
-1075
-1538
-2409
-3663
-4303
-4328
-3378
-2299
-1382
-628
56
670
764
1103
1435
2182
2623
2747
2962
2867
2652
1715
776
20
-493
-870
-1204
-977
-591
-49
143
298
682
981
1166
1167
1426
1753
2046
2047
2085
2345
2557
2457
1994
1594
1330
1240
970
665
510
486
488
344
188
-73
-498
-1054
-1577
-1638
-1576
-1427
-1393
-1407
-1217
-1303
-1320
-1451
-1358
-1088
-908
-664
-435
-86
136
164
-19
-201
-338
-565
-774
-993
-1105
-1218
-1680
-2401
-3122
-3010
-2268
-1474
-819
-702
-352
-163
-472
-472
-523
-105
226
327
695
829
866
295
4
-162
189
297
366
1086
1488
2317
2100
1902
1712
1350
1074
464
310
129
110
-185
-332
-344
-368
-333
-400
-36
386
914
1430
1713
2091
2069
1995
1937
1799
1525
842
166
-478
-757
-1002
-1048
-1045
-1051
-1041
-1213
-1249
-1385
-1297
-1407
-1599
-1881
-2426
-2872
-3524
-3694
-3392
-2709
-1964
-1412
-759
-126
454
481
886
1240
1722
2148
2042
2436
2292
1905
1173
510
266
76
-46
-57
388
696
1053
1099
1193
1429
1278
1240
1078
1182
1422
1498
1625
1710
1894
1796
1530
1200
1113
1075
992
990
1001
1295
1266
1232
977
612
172
-439
-798
-1082
-1189
-1429
-1612
-1756
-1812
-1916
-2092
-2107
-2059
-1725
-1492
-1243
-954
-757
-504
-417
-261
-124
-110
-264
-576
-845
-1160
-1573
-2172
-2370
-1860
-1137
-536
-376
-301
-134
-475
-864
-1091
-958
-573
-454
-184
53
162
-400
-1030
-1202
-863
-300
-147
502
1198
2086
2332
2114
2107
1867
1810
1501
1612
1625
1437
875
338
146
-161
-309
-675
-345
8
396
555
449
753
914
1116
1183
1454
1532
1495
1101
689
515
75
-70
-329
-150
58
86
78
-103
-100
-312
-492
-884
-1049
-1326
-1606
-1794
-2165
-2292
-2647
-2887
-3123
-2998
-2604
-2085
-1620
-1215
-769
-382
-169
-207
35
263
601
621
652
693
706
635
630
936
1247
1586
1653
1991
2161
2307
2169
1918
1882
1783
1716
1578
1564
1494
1419
1115
825
554
294
185
137
318
591
837
1013
1002
1015
916
721
546
367
313
205
106
-127
-360
-693
-916
-1095
-1244
-1307
-1492
-1497
-1486
-1341
-1202
-1115
-1102
-1149
-1273
-1422
-1593
-1803
-1883
-1867
-1607
-1356
-1070
-930
-824
-700
-692
-498
-432
-235
-115
16
168
139
116
-125
-198
-350
-293
-225
-165
-48
-69
169
282
543
694
797
909
974
1062
967
879
667
563
481
425
438
330
314
312
372
428
403
413
462
665
820
885
802
706
612
498
347
115
3
-124
-131
-120
-45
54
118
195
247
284
199
113
-72
-237
-406
-609
-658
-755
-800
-842
-964
-1084
-1204
-1233
-1253
-1220
-1145
-1037
-935
-811
-808
-854
-862
-925
-900
-812
-708
-558
-403
-229
86
286
530
713
940
1111
1232
1370
1526
1775
1907
2147
2216
2398
2316
2188
2012
1718
1523
1257
1196
1091
1103
1003
994
865
693
481
200
55
-137
-163
-200
-164
-195
-278
-471
-687
-864
-1080
-1113
-1119
-1056
-971
-881
-752
-723
-705
-793
-855
-931
-1048
-1097
-1144
-1138
-1146
-1092
-1072
-1008
-967
-991
-991
-1001
-1024
-1025
-967
-870
-738
-587
-438
-360
-291
-299
-371
-450
-474
-459
-398
-248
-39
202
492
738
905
976
1006
997
969
952
878
871
825
715
598
493
151
45
-58
-267
-98
67
71
297
670
669
926
927
677
678
577
280
122
225
145
293
359
323
442
250
229
267
318
497
480
529
327
406
73
-152
-111
-443
-410
-541
-412
-617
-368
-487
-658
-268
-632
-433
-437
-572
-632
-633
-736
-891
-742
-982
-793
-698
-691
-494
-522
-396
-415
-294
-233
-26
181
378
706
752
948
943
833
805
714
512
474
435
436
522
642
736
925
1055
969
1025
861
896
787
801
772
723
609
416
313
26
-39
-220
-290
-320
-190
-278
-175
-225
-213
-78
-319
-218
-366
-376
-467
-587
-750
-814
-773
-884
-617
-547
-505
-391
-612
-709
-752
-966
-958
-939
-792
-673
-603
-569
-806
-754
-1047
-1053
-937
-802
-587
-475
49
-200
241
163
195
515
321
635
594
717
477
772
172
418
451
-217
455
-24
0
256
-43
63
529
340
779
976
704
964
877
439
661
689
135
858
274
484
522
171
417
136
514
157
571
238
300
442
-76
334
83
-120
-105
-94
-523
-382
-305
-581
-240
-92
-434
-205
-100
-413
-351
-444
-325
-517
-354
-620
-404
-384
-531
-237
-493
-93
-333
-404
-386
-130
-393
-120
111
-163
321
164
123
330
427
251
339
202
250
-179
242
166
242
687
265
582
432
426
38
565
520
627
609
698
656
314
150
-217
18
-467
172
-571
-137
183
-260
-282
37
117
-540
457
-440
-208
93
-548
-475
-95
-298
-442
-71
-205
-344
-354
-228
-708
-175
-619
-559
-247
-680
-462
-553
-815
-518
-472
-1106
-367
-299
-570
-42
-70
-235
351
-129
-126
317
100
308
343
708
359
628
728
337
427
880
186
155
498
-528
305
-213
-217
264
15
239
112
372
6
424
200
510
514
241
980
209
518
324
268
518
245
531
255
601
502
185
190
349
84
78
165
-499
240
-354
-617
-23
-501
-77
-354
-219
-433
-309
-412
-857
-427
-705
-572
-875
-558
-630
-352
-319
-12
53
-470
224
-361
-256
124
7
-228
668
-306
-190
546
-599
225
47
-152
217
269
-229
392
-134
7
244
-442
126
57
132
40
886
47
776
736
-169
1071
177
420
356
371
487
-19
344
-208
145
14
172
372
129
685
-426
360
-74
-440
290
-451
-87
-14
-183
-325
138
-667
123
-66
-554
499
-424
-259
51
-430
-666
-40
-643
-406
-250
-674
-174
-595
-523
-398
-546
-163
-401
-414
-22
-377
20
-190
106
-237
73
194
40
441
438
455
-213
926
-587
368
302
-280
245
-209
538
-667
795
-523
439
462
-467
529
-366
670
-228
219
414
254
65
171
243
120
403
52
211
505
377
252
781
19
920
-231
66
629
-471
593
-128
429
148
157
-70
88
77
-407
114
-321
-65
-533
-242
-294
-452
-202
-340
-314
2
-622
-261
-250
-863
266
-518
-191
209
-79
-568
-189
-121
-607
254
-363
263
180
-118
76
-340
500
-725
-28
626
-415
581
-129
664
-168
209
164
-401
669
-430
463
-399
705
-553
-13
587
-563
790
-435
776
57
551
370
261
498
-126
197
-329
749
-350
381
362
-255
454
-295
122
-90
148
-109
-65
66
-368
-4
-534
-426
-376
-41
-484
-145
143
-480
-106
-467
-167
-348
-39
99
84
-18
57
-41
-249
166
-304
-46
28
1
-15
51
151
-264
-493
-161
-707
-396
-25
-99
58
373
157
-435
438
-521
-64
28
384
106
361
800
-477
732
-647
82
81
-35
450
155
868
-224
430
-203
103
324
-144
477
30
601
-243
168
274
-569
675
-436
276
349
96
273
-246
473
-428
224
92
267
-61
516
240
-480
528
-554
-66
11
-200
-316
74
-31
-339
-412
139
-552
-411
532
-649
285
353
-576
-377
-38
-784
45
-89
129
188
-198
87
-490
-183
-9
217
-143
1152
-148
60
349
-692
-24
-263
134
-41
287
300
49
-409
248
-636
-375
586
-336
316
419
-270
226
234
-612
476
219
36
298
-29
457
284
-385
467
-27
-296
531
-549
293
246
35
130
240
-90
-391
82
-543
26
-338
288
-283
-221
495
-936
59
-94
-619
70
343
-199
339
284
-313
84
-191
-368
10
247
30
331
147
250
-388
199
-251
-610
440
-451
-105
220
-356
225
-109
-587
256
-787
382
-422
67
178
-72
141
-512
937
-1283
1251
-230
81
755
-237
723
-826
1237
-644
449
629
-246
564
40
-134
56
331
-120
352
94
312
-363
9
-129
-333
234
140
-99
646
222
-744
412
-352
-334
353
187
127
508
-79
-117
-226
-268
-288
-546
746
-704
28
360
-835
-295
-396
-220
-478
319
-175
59
392
-35
72
-393
473
-587
220
124
-468
523
-156
424
-514
710
-268
-407
452
-433
404
-276
678
-812
478
190
-914
730
-463
-43
163
76
-226
278
-135
69
62
-115
350
31
216
216
350
98
505
-62
237
197
-67
221
-617
412
-554
50
632
-1098
695
-420
-131
-24
-258
379
-202
315
-583
682
-835
182
-113
-697
622
-754
523
-496
388
1
-111
546
-358
284
-212
158
-387
25
334
-557
509
-13
-383
-144
-177
-472
-332
442
-246
235
160
-316
127
-389
-185
166
-312
866
-279
357
419
-432
362
-506
505
-594
697
-227
231
358
-625
666
-788
584
-385
168
702
99
108
672
144
-394
530
-699
200
14
-164
69
327
-112
-417
610
-691
-11
117
85
195
-54
390
-457
419
-642
-81
109
-441
75
-187
145
-181
550
-721
291
250
-408
313
-296
279
3
283
-165
220
355
-616
195
-653
291
-94
-583
801
-629
396
-477
-26
116
108
204
10
624
-337
474
-740
597
-307
-448
349
-493
251
-42
-334
112
331
-513
316
82
88
167
-127
-35
307
-169
100
-114
195
4
-468
285
-128
188
-119
486
-466
130
-57
-501
3
146
-121
6
791
-781
539
74
-485
256
104
-193
157
161
-339
144
-514
-93
-363
-264
349
-381
514
32
-226
360
-457
121
-1
-119
122
296
-238
138
-121
-466
360
-563
310
290
21
441
-79
194
-194
-248
176
-198
250
159
73
-129
5
-149
-171
-14
158
435
-343
885
-318
-70
404
-662
41
556
174
64
846
56
50
-52
-170
-383
66
-166
-376
435
-5
-603
222
-246
-503
253
-351
542
210
108
459
-6
-389
-130
-480
-103
132
-447
462
185
-29
88
103
132
-152
22
378
-364
536
-12
-479
637
-966
-195
103
-808
509
-314
52
600
-358
52
70
-176
-247
366
-551
796
92
-109
704
-557
375
-495
69
-98
50
173
-209
91
-32
-500
226
-142
-395
666
-559
265
245
-211
-152
434
-689
132
51
-714
971
-846
740
-87
-97
657
-853
931
-284
53
484
-52
-167
-109
10
-790
590
-602
248
288
-290
297
-628
408
-580
112
434
-408
648
140
-774
444
-247
-535
465
-46
211
441
78
-166
159
-237
-358
256
198
-231
453
-50
-197
-274
-81
-192
106
204
67
573
-447
490
-789
362
-68
-592
607
24
90
-50
771
-833
508
-147
-405
632
-62
164
-89
496
-619
-103
138
-269
327
138
196
-74
216
-294
-524
469
-344
-46
155
-49
236
-323
223
-353
182
188
-260
616
84
24
-91
295
-777
343
-174
-484
778
-761
602
-432
259
-273
181
267
-482
684
-676
403
-535
348
-301
19
220
-545
692
-690
480
-27
-148
387
-239
238
-15
-14
-198
417
-322
-86
353
-746
418
-243
-202
-163
284
-582
3
318
-698
415
-373
362
-615
739
-155
-105
617
-308
33
-29
154
-717
737
-460
204
-81
-85
226
-497
482
-39
1
323
74
72
-42
19
-64
-468
493
-694
209
171
-109
14
168
-56
-304
589
-557
556
-3
55
206
-135
-65
47
-248
-7
77
-72
205
-139
98
-37
139
-339
366
-348
225
-28
78
57
-115
293
-461
538
-616
525
-115
74
103
-342
456
-465
268
-229
394
-41
142
195
-336
416
-276
24
55
104
51
-170
228
-64
-305
242
-341
-25
398
-370
573
21
110
-110
64
-17
-475
396
-310
228
-203
132
-315
-63
45
-304
511
-357
402
-328
17
265
-486
217
13
-197
53
56
-160
-17
83
-146
110
219
-102
275
-235
323
-198
-422
414
-457
299
-101
217
-67
-268
370
-961
394
-73
-367
459
-7
-20
-44
194
-568
274
-94
-239
354
-142
221
-164
123
-136
-362
262
-374
141
390
-232
536
-93
-63
115
-377
95
-26
-121
84
1
-225
177
-192
-75
217
-252
282
38
25
286
-79
224
-272
148
78
-399
294
-45
44
57
-139
-11
250
-77
-149
423
-63
-12
89
-203
347
-366
-88
217
-229
81
-180
161
158
-48
-233
339
-141
125
53
-46
641
-334
172
-15
-11
-130
-123
122
-49
310
-96
23
-84
-12
-90
-338
508
-380
514
122
-341
602
-487
249
-323
238
-215
103
42
-170
240
-344
243
-310
262
-151
166
170
78
-160
236
-330
47
-12
-383
290
-430
155
-483
371
-270
220
-134
117
-9
-304
472
-624
497
-331
68
-102
-221
134
-195
92
-59
31
82
-105
12
139
10
-123
-38
-6
-259
125
-99
34
80
54
-164
216
-49
-65
172
-85
-16
-184
220
-314
93
170
-152
218
-212
232
5
-103
282
-302
348
-243
288
-227
122
193
-472
605
-505
466
-123
286
-123
-50
262
-488
229
-240
113
-7
28
-87
137
-5
-68
196
-22
-74
293
-209
55
-96
-1
-40
-91
217
-247
491
-216
76
155
-22
-123
122
-99
-74
62
-89
-58
-170
96
-139
134
-210
349
-21
209
-13
-20
176
-247
-5
-179
163
52
-79
155
222
-178
271
-34
-51
28
-39
65
-73
-2
7
-98
154
-208
-41
177
-51
190
-183
340
-302
102
-324
-89
50
-316
222
-361
373
-43
104
103
10
188
45
-90
-150
85
-179
-132
-178
-126
113
-127
4
-60
116
-129
-149
196
-382
228
-137
-54
-105
63
-154
-147
468
-427
330
225
-101
64
70
-200
-85
169
-423
142
105
-45
-1
51
269
-246
358
-310
144
218
-421
324
-282
213
-238
74
-98
61
256
-144
399
-58
245
-37
7
16
-96
-7
0
-120
151
-56
-16
289
-189
189
-90
52
81
-150
119
-76
50
-128
-95
17
-152
74
-15
81
-43
115
-40
50
-31
-228
199
-251
-39
7
165
-161
127
121
-88
209
-205
184
-92
113
-232
-40
86
-342
131
-120
45
-51
148
21
123
79
-49
270
-135
102
-150
58
-8
-18
-28
-95
382
-202
62
97
-16
148
-126
28
130
17
-39
-91
119
-77
69
43
-64
319
-143
41
62
-102
-103
-5
-121
-84
129
-106
-98
54
-28
-170
154
-127
138
-71
11
40
-207
76
-294
70
-129
82
-117
-92
196
-278
61
34
-59
-38
149
-184
-50
60
-241
-8
41
-5
-117
181
-92
-68
103
-76
-12
89
21
-21
183
-2
35
53
73
-90
149
-2
7
196
-59
140
-113
62
-125
44
-74
-44
137
-96
223
-32
79
48
180
-141
48
152
-29
73
-179
132
-106
84
-284
113
106
-179
153
-110
207
-182
84
-61
0
34
-146
65
-79
-136
-12
112
-230
157
-29
-11
-20
8
-103
44
61
-281
265
-180
-48
22
76
-117
118
148
-247
327
-81
-52
98
52
-140
73
43
-167
228
-83
65
102
77
-24
-62
195
-105
77
57
-20
97
-89
4
-52
0
65
-23
128
49
60
2
-4
-41
-107
33
-128
87
27
74
-63
-29
-16
-192
36
-124
152
-141
86
-46
-70
-47
-199
88
-149
250
-195
75
68
-90
-41
-136
123
-147
58
-128
-25
26
-96
-108
52
51
-14
30
16
191
-96
12
27
-46
-10
-12
4
77
77
-67
91
44
18
-43
100
35
-43
122
-25
-6
-28
32
-134
59
50
-28
160
12
139
-49
57
-87
-9
47
-160
20
6
32
-57
7
-56
183
-144
-49
181
-114
3
-70
28
-126
68
-165
-4
118
-102
108
-26
79
-54
53
-114
-18
-7
-79
-3
-60
64
-98
18
-118
186
-23
34
168
38
61
-147
105
-185
144
-156
19
211
-64
47
55
161
-212
232
-70
53
28
-8
10
-70
87
-291
224
-122
71
137
70
105
-9
62
-140
45
-169
60
-45
-10
21
-50
31
-60
-29
-12
58
-62
105
-54
5
-36
-141
-36
-153
-30
-6
34
46
49
-12
-2
-6
-45
-35
-43
-18
-36
-64
-74
0
-3
-7
-44
58
56
6
34
20
33
-4
-104
-25
75
-141
105
24
86
83
25
135
-68
86
-86
130
-52
4
19
-6
-18
-157
133
-127
219
30
109
111
48
-41
-80
22
-196
193
-176
118
8
10
35
-147
121
-77
122
-95
67
2
-97
-107
-104
29
-125
38
-8
57
32
-20
-32
47
14
-82
42
-64
29
-105
-89
48
-105
7
-31
12
75
7
43
56
-8
-6
-39
-76
22
-47
14
62
-33
62
58
-70
32
67
21
53
40
42
1
-3
-35
-67
58
13
-70
167
37
-59
107
-73
-3
55
-60
76
40
-8
10
-37
-6
13
-1
5
59
16
25
-69
-4
40
-116
15
-39
-35
35
-43
6
39
-42
-57
-25
-40
2
11
23
29
-43
-10
-34
-46
-19
10
24
-20
46
-32
20
-50
-88
13
16
-8
-48
119
-33
-18
-10
-33
89
36
18
35
68
-39
-14
-75
30
42
-44
49
6
21
-62
-10
-13
27
43
14
45
35
22
-89
49
4
-54
33
5
-21
40
-22
-18
71
-56
10
-25
27
-27
-15
29
-75
92
-41
-70
10
-23
-29
31
5
-32
65
-7
-46
30
33
-12
13
-32
-4
6
-46
-66
-48
53
-22
-36
75
-1
-37
6
-61
34
24
-8
40
62
19
-46
50
-37
-15
-13
16
-1
27
5
-8
62
-85
37
10
12
-20
93
-11
16
33
-122
155
-108
-2
34
35
-17
18
79
-68
116
-98
25
61
21
-78
42
7
-127
82
-113
60
-1
8
-2
71
28
-108
94
-95
58
8
-23
22
16
-73
-95
88
-77
1
45
29
26
15
-80
-52
31
-36
-73
45
86
-70
7
-24
13
17
-14
21
30
51
2
-81
-31
-16
-76
0
5
-25
-27
76
-41
0
82
22
24
21
8
0
26
-44
2
-49
-9
-56
-38
27
-5
-8
3
75
-60
47
25
-19
79
6
37
-11
34
-74
-92
66
-30
-6
27
56
5
19
-52
-44
47
3
8
-14
86
-37
-37
-52
-4
3
-50
55
-21
70
-2
-43
10
-4
-17
-45
45
12
-33
52
-27
-13
23
-32
28
4
-39
5
17
-51
-64
16
-28
-53
82
-18
79
39
-25
43
-79
24
-12
51
14
21
41
-21
-7
-102
3
42
-8
11
136
40
-34
34
-77
-39
32
10
-23
120
25
-67
72
-45
-42
16
48
-39
64
33
-71
48
-24
9
-1
59
-30
7
26
-26
1
-43
15
-46
35
-1
-1
7
2
-13
-66
6
-22
30
29
1
16
-7
-39
-117
-45
16
-30
23
9
59
0
-44
-27
-15
-13
-51
29
9
89
-17
-93
-41
-24
-47
-33
63
-19
97
30
-46
59
-10
-50
23
15
-72
55
5
-125
46
-14
-46
113
12
32
112
39
-75
7
18
-97
17
-11
-2
25
-34
-48
22
11
-53
35
10
51
11
-34
10
-2
-89
-103
69
-3
57
80
7
47
1
-49
-56
44
-74
21
79
-42
13
19
-11
-60
14
21
50
41
9
7
31
-16
-111
23
30
-48
29
60
-16
61
28
-72
11
43
-34
0
56
-17
49
18
-49
9
15
-4
25
63
-20
-16
7
-55
-4
-17
-3
45
28
7
-1
36
-51
4
45
-39
18
25
-43
1
7
-82
-1
10
-31
5
39
-1
-1
48
-76
-27
10
-29
-7
-37
20
3
21
-5
-17
15
-13
-17
-44
40
-12
0
-11
-28
-14
-65
19
-17
25
14
34
-8
-56
9
-41
6
-1
-1
-14
33
-14
-52
37
-22
-23
23
65
-3
26
58
-13
25
-48
-46
12
4
-25
-8
45
-39
-12
11
3
30
10
19
65
-7
-24
30
-74
3
-40
-39
-4
16
50
0
51
-95
6
-9
-29
44
11
82
4
16
-16
-44
-60
16
55
-3
48
30
-15
9
3
-43
28
47
-8
36
45
-18
44
8
-55
-17
-21
-30
13
86
7
34
20
-43
31
-36
-35
40
13
-51
-4
16
-49
14
-1
2
51
-25
-13
26
-14
-9
2
-29
-22
1
-16
-22
8
-6
13
0
-16
6
53
17
-33
18
-69
-64
-25
-30
-7
46
-14
5
80
-55
7
55
0
20
44
-45
-19
1
-45
13
-17
-39
1
59
-28
4
48
10
9
-32
3
17
-8
-25
19
-10
-56
-49
12
35
-12
43
17
4
-14
-28
13
-26
-22
0
19
-33
-15
22
-10
27
-22
-16
22
35
12
41
39
-20
1
-25
-38
-37
3
-14
0
22
1
4
2
2
-2
9
9
24
6
17
24
3
-23
2
-4
-25
-3
-14
-20
16
17
-44
11
-11
-5
45
14
21
50
20
7
45
-19
-3
6
-47
-7
-20
-60
18
0
-31
18
-17
-18
33
10
-7
37
6
-9
-1
-3
-16
-6
17
-17
7
4
-20
21
-3
-5
-6
-1
5
8
16
1
43
-23
-7
23
-35
-29
10
3
-21
31
-24
-6
39
-15
2
48
6
10
24
-19
-5
-22
-26
-8
0
-17
26
14
-19
40
7
12
23
-9
0
8
-8
-39
-3
-6
-16
-9
-4
13
-4
25
0
5
-5
-2
5
-17
-2
-22
-8
-11
5
5
9
17
0
15
16
-18
-9
13
-20
3
10
-23
7
13
3
3
-1
29
4
12
1
-11
-22
-27
-25
-68
-14
-35
-24
25
17
14
34
22
-11
6
0
-15
-33
-18
-28
-33
-33
-17
-6
16
44
27
46
34
24
0
-1
-13
-34
-27
-34
-31
-20
16
17
25
38
40
42
27
24
12
-5
-21
-31
-25
-8
-18
-26
-1
3
8
27
29
21
12
7
-7
-33
-23
-15
-8
0
0
19
28
22
34
41
19
16
-2
-10
-22
-34
-19
-15
0
-5
25
24
25
38
35
32
16
5
-20
-12
-39
-36
-27
-30
-27
-14
2
0
30
18
28
12
0
8
-16
-23
-16
-22
-31
-4
-12
-7
9
10
17
17
20
2
3
-4
-17
-6
-14
-21
-16
-7
-8
-5
3
12
8
11
10
7
6
-8
2
-9
-10
-12
-12
-7
1
7
8
11
-8
7
-13
-13
-17
-13
-13
-20
-2
-13
9
-15
2
10
-2
19
2
16
4
-11
0
-9
-8
-4
0
10
8
12
5
1
9
2
3
3
-1
1
7
-3
7
7
-1
16
6
9
17
10
6
13
3
3
0
-5
5
-2
5
4
2
-2
1
-4
5
7
1
10
0
1
-4
-3
-11
-3
-10
-7
-5
-12
1
-6
3
4
5
10
12
9
7
9
0
2
6
-5
1
1
-13
-2
-5
-8
-6
-4
1
-5
-1
-1
-4
0
-5
-1
-5
1
-2
-8
0
-8
-5
-6
-5
0
-6
0
7
0
5
5
0
-5
-3
3
-4
2
-3
-3
-5
-3
-2
-2
0
-2
-1
-4
3
-2
0
0
-4
-1
-5
2
-5
0
7
-2
9
0
6
6
5
5
1
1
-6
-1
1
0
3
6
1
10
8
7
15
9
9
8
4
2
-1
-4
-3
-6
-5
-5
-4
-3
1
6
3
4
6
-4
-4
-4
-12
-7
-8
-7
-9
-1
-5
1
3
1
5
2
1
0
0
-8
-8
-9
-9
-12
-3
-10
-6
5
-5
7
4
0
1
2
0
2
-2
-8
0
-4
-3
4
1
3
8
8
6
10
7
7
11
7
4
3
5
3
7
5
4
7
3
8
8
3
2
3
-4
-3
-2
-8
-4
-7
0
-2
4
0
-2
6
-3
-1
-5
-3
-6
-4
-4
-4
0
-3
3
-2
4
1
2
3
-1
3
-2
-1
-3
-3
-3
-4
-1
-1
1
0
0
-2
-6
-2
-7
-4
-7
-8
-6
-3
0
-2
3
-2
1
-2
-1
-2
-3
3
-6
3
3
1
7
1
5
5
1
2
-2
-2
-2
-9
-2
-5
-5
4
-2
7
4
5
7
2
3
2
-4
-5
-4
-9
-3
-7
-1
1
3
6
2
7
3
5
2
0
-2
-5
-5
-8
-4
-3
-4
5
0
6
6
2
6
2
2
0
1
-5
-2
-6
1
1
0
6
1
6
3
6
4
2
2
-1
-1
1
-2
0
3
-1
4
1
6
4
2
4
-2
0
-4
-1
-4
-3
-5
-1
2
-2
7
0
7
6
2
7
-1
3
0
0
2
0
1
1
2
0
2
3
2
1
1
1
0
2
1
1
-2
3
0
2
1
-4
-1
-6
-3
-3
-5
-3
-6
-3
-2
-2
-1
-2
-2
-4
-3
-5
-7
-4
-8
-6
-6
-7
-5
-6
-3
-2
-3
0
-3
-1
-3
-6
-3
-8
-2
-5
-4
0
-2
2
2
1
4
0
5
2
1
3
-4
4
-2
3
4
2
6
4
5
8
5
5
5
0
4
-1
1
-1
0
-1
1
1
2
5
3
5
4
3
2
-1
-2
1
-3
1
-1
3
2
1
5
2
5
3
1
1
-1
-2
0
-2
0
-2
2
1
3
2
1
2
-1
1
-3
0
-3
-4
-1
-2
1
3
-2
4
0
-1
2
-4
0
-5
-3
-3
-5
-3
-3
-1
1
0
3
2
4
5
1
4
0
1
-1
-1
-2
-2
-3
-1
-1
-1
3
-2
1
-1
0
-1
-2
1
-1
1
0
2
0
2
1
-1
3
-2
0
-3
-3
-5
-7
-4
-5
-5
-4
-2
-2
-1
0
1
1
2
1
-1
2
0
1
0
0
-1
0
1
0
2
1
1
0
-1
0
0
0
0
0
2
1
4
2
4
3
3
2
3
1
0
0
-3
-1
-3
-1
-2
-2
-1
-2
0
-1
-1
0
-1
-1
0
-3
-4
-3
-3
-2
-3
0
0
-1
1
0
-1
1
0
0
0
0
1
1
2
2
2
2
2
2
2
-1
1
-1
1
0
0
1
-1
2
0
1
2
1
1
1
0
1
0
-1
-1
-1
-1
0
-1
0
1
0
2
1
2
0
1
1
0
0
0
0
0
2
0
2
2
2
2
2
3
4
2
3
2
1
3
2
3
2
2
2
2
2
1
2
1
0
0
-1
-1
-1
-1
-1
-1
0
-1
0
-2
0
-1
-3
-1
-4
-1
-3
-4
-3
-3
-3
-2
-2
-1
-1
0
0
1
1
1
0
-1
0
-2
-1
-2
-2
-3
-2
-2
-3
0
-3
-2
-3
-3
-2
-2
-1
-1
-2
-1
0
-2
-1
-1
-3
0
-3
0
-2
-2
-2
-1
0
-1
0
-1
1
1
1
1
2
2
2
3
3
1
3
2
2
2
1
1
0
1
1
0
1
1
1
2
0
1
2
2
3
3
2
2
2
3
2
2
1
1
0
0
0
0
0
-1
-1
0
1
1
0
1
1
0
1
-2
-1
0
-1
0
0
0
2
1
2
2
1
1
1
1
1
-1
0
-1
-1
-1
-2
-1
-1
0
0
1
0
0
-1
0
0
-1
0
0
-1
-2
-1
0
-1
-1
0
0
0
-1
-1
-1
-1
-1
-1
0
0
0
1
0
0
1
0
0
-1
-1
-2
-1
-2
-3
-2
-3
-3
-3
-1
-2
-1
0
-1
0
0
0
1
0
-1
-1
-1
-1
-2
-1
-1
-1
-1
-1
1
1
1
2
1
1
1
0
1
0
0
0
-1
-2
1
0
0
0
0
0
0
1
1
1
1
0
2
1
1
0
1
1
1
2
1
0
1
1
1
2
1
1
1
2
0
1
0
0
-1
-1
0
0
0
1
1
0
0
1
0
0
0
-1
-1
-1
-1
0
-1
-1
0
0
-1
0
-1
-1
0
-1
-1
-1
-1
0
-1
-1
-1
-1
-1
-2
-1
0
0
-1
-1
-2
0
0
-1
0
-1
0
0
0
0
2
2
2
0
1
2
1
1
1
0
0
-1
-2
-1
0
0
1
1
2
2
1
1
2
1
1
-1
-1
0
-1
-1
-1
-1
0
0
1
0
0
1
1
1
2
1
1
1
0
0
1
0
0
0
0
0
-1
0
0
0
0
0
-1
-1
0
-1
-1
-1
-1
-1
0
-1
-1
0
-1
-2
-1
-2
-2
-1
-2
-2
-2
-2
-2
-1
-2
-1
0
-1
0
0
-1
-1
-1
-1
-1
0
0
0
1
1
1
2
0
0
0
0
0
0
0
0
1
0
2
2
1
2
2
1
2
2
2
2
2
3
3
1
1
0
1
1
1
1
0
1
1
1
1
1
1
2
1
2
1
1
1
1
0
-1
0
-1
0
0
0
0
-1
0
0
0
0
1
1
0
0
-1
-1
0
0
-1
0
-1
-2
0
-1
1
0
0
-1
-1
-1
-1
-2
-2
-1
-1
-2
-2
-1
-1
-1
-1
0
-1
-1
-1
0
0
0
-1
-1
0
0
0
-1
-1
0
0
-1
0
0
0
0
1
0
1
1
0
1
1
0
0
0
0
1
0
0
0
0
0
0
1
1
1
0
0
0
0
-1
-1
0
-1
0
-1
0
0
0
-1
-1
-1
0
-1
0
-1
0
0
1
1
1
1
0
0
1
1
1
1
0
0
0
0
0
1
0
1
0
0
0
0
0
-1
-1
0
0
0
0
1
0
0
0
0
-1
-1
1
0
0
0
1
1
1
2
1
1
0
1
1
1
1
0
1
1
1
0
0
0
1
1
0
0
0
1
1
0
0
0
1
0
0
0
0
0
0
0
0
0
0
1
0
1
0
-1
0
0
-1
-1
0
0
-1
0
0
1
0
0
0
0
-1
0
-1
-2
-1
-1
-1
0
0
0
-1
0
0
0
-1
-1
-1
-1
-1
-1
-1
0
0
-1
-1
0
0
0
0
0
0
-1
0
0
-1
-2
-1
-1
0
0
0
-1
0
0
0
1
1
0
-1
-1
-1
0
1
0
-1
0
0
1
0
0
0
0
0
-1
0
0
0
1
1
1
1
1
1
1
0
0
0
0
0
0
0
0
-1
0
-1
1
0
0
0
0
0
0
0
0
0
1
0
0
1
1
0
1
1
1
1
1
2
1
0
1
1
1
0
1
0
1
1
2
1
0
1
0
1
0
0
1
0
1
1
2
1
0
1
1
1
1
1
1
1
0
0
-1
0
1
0
0
0
-1
-1
-1
0
0
0
-2
-1
-2
-2
-1
-1
0
-1
-1
-1
0
0
-1
-1
0
0
-1
0
-1
-1
-1
-1
0
0
0
-1
0
-2
-1
-1
-1
0
-1
-2
-2
0
0
-1
0
0
-1
0
1
0
0
0
0
1
0
0
-1
0
-1
-1
0
1
0
1
1
1
2
1
1
1
0
0
0
0
1
1
1
0
0
1
1
1
0
0
0
1
0
0
0
0
0
0
1
0
0
1
0
0
0
-1
0
-1
-1
0
-1
0
1
-1
0
0
0
0
0
0
1
0
0
0
0
1
0
0
0
0
0
0
0
0
0
1
0
1
1
0
0
0
1
1
0
0
1
1
1
1
1
1
1
1
0
1
0
0
-1
0
0
0
0
1
1
0
0
-1
0
-1
-1
-1
-2
-1
-1
-1
-2
-2
-1
-1
0
-1
-1
-1
-1
-1
-1
-2
-1
-1
-1
-1
-1
0
-2
-1
0
-1
-1
0
-2
-1
-1
-1
-1
-1
0
0
0
0
0
0
1
1
0
0
0
0
1
0
1
1
0
1
0
0
0
1
1
2
1
2
1
1
0
1
0
1
0
1
1
1
0
0
1
1
1
1
0
0
1
0
1
2
1
1
2
1
0
0
-1
0
0
-1
0
0
0
1
0
0
1
0
0
0
-1
-1
-1
-1
0
0
0
-1
-1
0
0
-1
-1
0
-1
-2
0
-1
-1
-1
0
0
0
0
0
0
0
0
1
0
0
0
0
-1
-1
0
-1
-1
-1
0
0
0
1
0
0
0
1
2
0
0
0
0
0
0
1
0
0
0
0
0
0
-1
0
0
0
0
0
0
0
0
0
-1
0
0
0
0
0
0
0
1
1
0
1
0
1
0
1
0
0
-1
0
0
0
0
1
1
0
0
1
0
1
1
0
-1
0
-1
-1
-1
-1
0
0
0
0
0
0
0
0
-1
-1
-1
-1
0
-1
-1
0
0
0
0
0
1
1
1
1
0
0
1
0
-1
0
0
-1
0
0
0
1
1
0
0
1
0
1
0
0
0
-1
-1
0
0
-1
0
1
0
1
1
1
0
0
0
-1
-1
0
0
0
-1
0
0
0
1
1
1
0
0
1
0
0
0
0
0
1
1
0
1
0
1
1
0
0
1
1
1
1
0
1
0
1
-1
0
-1
0
-1
-1
0
-1
1
-1
0
0
0
0
0
-1
-1
-1
-1
-1
-1
-1
0
0
0
0
1
1
1
1
0
0
0
0
0
0
-1
0
-1
0
0
0
-1
0
0
1
0
0
0
0
0
0
0
0
0
-1
0
-2
0
-1
-1
0
0
0
0
0
0
0
0
-1
0
0
0
0
0
0
0
1
1
0
0
0
0
1
1
1
0
1
-1
1
0
1
1
1
1
0
0
1
0
0
0
0
0
0
1
1
1
1
1
1
0
0
0
0
-1
0
0
0
-1
-1
-1
0
1
1
2
1
1
1
0
0
0
-1
0
0
-1
0
1
0
0
0
1
0
0
0
-1
-1
-1
0
-2
0
-1
1
0
0
1
1
1
1
-1
0
-1
-1
-1
-1
-1
-1
-1
-1
-1
-1
-1
-1
-1
0
0
0
0
0
-1
-1
0
0
0
-1
-1
0
-2
-1
-1
-1
-1
0
0
1
0
0
1
1
1
1
0
1
1
0
0
1
1
0
1
1
1
1
1
0
1
1
0
1
0
1
1
1
1
0
0
1
0
1
1
0
0
0
-1
-1
0
-1
0
-1
0
0
1
-1
0
-1
-1
-1
-1
0
-1
0
-1
0
0
0
0
0
1
1
0
0
-1
-1
0
-1
0
0
0
0
0
0
1
0
1
1
-1
1
1
0
-1
0
0
0
0
0
0
0
0
0
0
1
1
0
1
0
0
0
0
0
-1
0
1
0
1
-1
-1
-1
-1
0
-1
0
0
0
0
0
0
0
0
0
-1
0
0
1
0
0
0
0
-1
-1
0
-1
0
0
-1
-1
-1
-1
0
0
0
1
0
1
-1
0
0
0
0
0
0
0
-1
0
0
1
0
0
1
1
1
1
1
0
1
1
0
0
1
0
0
0
0
1
1
2
0
0
-1
0
0
0
0
-1
1
-1
0
0
0
0
-1
0
0
0
0
0
0
0
0
0
0
-1
0
0
0
0
-1
0
0
0
-1
0
-1
-2
-2
-1
-1
-1
0
0
-1
0
1
1
0
0
0
0
0
0
0
0
0
-1
0
0
0
0
0
1
0
0
0
0
0
0
0
0
0
0
1
0
1
0
1
0
1
0
1
1
0
0
1
0
1
-1
1
1
1
1
0
1
1
0
0
1
0
0
0
1
0
0
1
1
1
1
0
0
-1
-1
0
-1
-1
-1
0
-1
0
0
0
0
-1
0
0
0
1
1
0
0
0
0
0
0
1
0
0
0
0
-1
0
1
0
0
0
-1
-1
0
0
0
-1
0
0
0
1
0
1
1
1
1
0
-1
0
0
0
-1
0
0
1
1
1
1
-1
0
1
0
0
0
0
1
0
1
-1
0
1
0
0
0
-1
-2
0
-1
-1
0
0
1
1
1
1
1
0
1
0
0
0
0
0
0
0
0
-1
-1
0
0
0
0
0
0
0
0
0
