4.000000
2.000000
-4.000000
2.000000
-3.000000
-4.000000
-2.000000
-8.000000
-2.000000
-2.000000
-2.000000
-6.000000
-3.000000
1.000000
7.000000
2.000000
1.000000
3.000000
1.000000
2.000000
-5.000000
1.000000
-2.000000
-6.000000
-1.000000
-8.000000
-7.000000
-8.000000
-5.000000
1.000000
1.000000
7.000000
6.000000
1.000000
2.000000
3.000000
3.000000
-2.000000
-3.000000
-6.000000
-4.000000
-3.000000
-3.000000
-7.000000
-9.000000
-3.000000
-10.000000
-9.000000
-2.000000
-4.000000
-6.000000
-5.000000
-3.000000
-3.000000
-2.000000
-1.000000
-5.000000
-8.000000
-4.000000
-6.000000
-4.000000
0.000000
2.000000
-1.000000
-1.000000
-1.000000
-2.000000
-4.000000
-2.000000
-7.000000
-5.000000
-3.000000
-1.000000
0.000000
-2.000000
3.000000
-3.000000
2.000000
2.000000
2.000000
7.000000
5.000000
7.000000
4.000000
2.000000
1.000000
4.000000
-5.000000
-4.000000
-7.000000
-12.000000
-3.000000
-4.000000
-7.000000
-7.000000
-7.000000
-5.000000
5.000000
-1.000000
-4.000000
-1.000000
3.000000
2.000000
-1.000000
9.000000
1.000000
1.000000
-3.000000
-1.000000
1.000000
-2.000000
3.000000
6.000000
10.000000
2.000000
3.000000
6.000000
1.000000
5.000000
8.000000
6.000000
4.000000
7.000000
3.000000
4.000000
2.000000
-1.000000
6.000000
4.000000
2.000000
4.000000
5.000000
6.000000
5.000000
0.000000
3.000000
2.000000
-5.000000
4.000000
0.000000
-5.000000
-6.000000
-3.000000
-5.000000
-3.000000
-5.000000
1.000000
-2.000000
-3.000000
5.000000
-1.000000
-6.000000
-5.000000
-1.000000
-4.000000
-9.000000
-6.000000
-7.000000
-4.000000
-1.000000
-8.000000
0.000000
-2.000000
-5.000000
-7.000000
-12.000000
-8.000000
-7.000000
-3.000000
-7.000000
-7.000000
-6.000000
-10.000000
-8.000000
-4.000000
-5.000000
-3.000000
-9.000000
-12.000000
-10.000000
-12.000000
-9.000000
-5.000000
0.000000
3.000000
3.000000
3.000000
5.000000
1.000000
-3.000000
1.000000
1.000000
-2.000000
6.000000
2.000000
1.000000
2.000000
-3.000000
-3.000000
-6.000000
-5.000000
-1.000000
0.000000
-6.000000
-6.000000
-8.000000
-1.000000
3.000000
-2.000000
1.000000
-3.000000
-2.000000
5.000000
1.000000
-1.000000
-1.000000
-3.000000
-3.000000
-5.000000
-5.000000
-7.000000
4.000000
8.000000
7.000000
7.000000
3.000000
-1.000000
4.000000
-2.000000
-2.000000
-2.000000
1.000000
11.000000
4.000000
1.000000
3.000000
1.000000
3.000000
1.000000
-5.000000
-6.000000
-6.000000
-7.000000
-2.000000
-1.000000
-5.000000
0.000000
0.000000
-1.000000
0.000000
-3.000000
-5.000000
-7.000000
-7.000000
1.000000
-4.000000
1.000000
-2.000000
-1.000000
5.000000
3.000000
-2.000000
1.000000
-1.000000
-4.000000
-2.000000
-7.000000
-1.000000
-3.000000
-6.000000
-13.000000
-7.000000
-5.000000
-6.000000
-2.000000
-10.000000
-5.000000
5.000000
-1.000000
-2.000000
-1.000000
-6.000000
-11.000000
-8.000000
-2.000000
-3.000000
7.000000
5.000000
1.000000
6.000000
14.000000
11.000000
5.000000
8.000000
6.000000
9.000000
9.000000
6.000000
7.000000
6.000000
6.000000
3.000000
0.000000
0.000000
6.000000
4.000000
1.000000
3.000000
-1.000000
6.000000
12.000000
14.000000
13.000000
12.000000
10.000000
9.000000
8.000000
2.000000
0.000000
1.000000
-2.000000
0.000000
1.000000
1.000000
-1.000000
4.000000
4.000000
1.000000
-3.000000
-9.000000
-7.000000
-4.000000
-6.000000
5.000000
-1.000000
-1.000000
2.000000
-11.000000
-4.000000
-6.000000
-8.000000
-2.000000
-3.000000
-2.000000
-2.000000
2.000000
-6.000000
-9.000000
-6.000000
-8.000000
0.000000
-2.000000
-4.000000
6.000000
0.000000
-3.000000
-5.000000
-6.000000
-6.000000
-1.000000
0.000000
0.000000
4.000000
4.000000
1.000000
-4.000000
-1.000000
0.000000
-3.000000
-3.000000
-4.000000
-4.000000
-2.000000
2.000000
-2.000000
-3.000000
6.000000
1.000000
2.000000
6.000000
6.000000
4.000000
-1.000000
-1.000000
-2.000000
-2.000000
-1.000000
-3.000000
-3.000000
-2.000000
-1.000000
-2.000000
3.000000
-1.000000
-2.000000
5.000000
1.000000
2.000000
0.000000
2.000000
0.000000
9.000000
0.000000
4.000000
9.000000
1.000000
4.000000
0.000000
5.000000
3.000000
5.000000
3.000000
6.000000
3.000000
1.000000
11.000000
2.000000
5.000000
6.000000
4.000000
1.000000
1.000000
0.000000
-4.000000
-6.000000
-6.000000
-1.000000
1.000000
-1.000000
-1.000000
-4.000000
-9.000000
-2.000000
2.000000
0.000000
-3.000000
2.000000
3.000000
-2.000000
2.000000
5.000000
3.000000
1.000000
2.000000
4.000000
5.000000
6.000000
1.000000
1.000000
4.000000
0.000000
-3.000000
5.000000
7.000000
7.000000
4.000000
3.000000
6.000000
4.000000
4.000000
4.000000
2.000000
5.000000
8.000000
7.000000
11.000000
9.000000
7.000000
9.000000
10.000000
9.000000
12.000000
7.000000
4.000000
4.000000
10.000000
5.000000
-1.000000
5.000000
5.000000
5.000000
7.000000
4.000000
2.000000
6.000000
2.000000
4.000000
7.000000
-2.000000
3.000000
4.000000
3.000000
3.000000
5.000000
11.000000
12.000000
1.000000
5.000000
7.000000
5.000000
5.000000
2.000000
0.000000
1.000000
-1.000000
-7.000000
-4.000000
-5.000000
-5.000000
5.000000
0.000000
-8.000000
-2.000000
-5.000000
-2.000000
6.000000
5.000000
0.000000
3.000000
8.000000
1.000000
-3.000000
-5.000000
-2.000000
-3.000000
-3.000000
4.000000
2.000000
-3.000000
1.000000
2.000000
0.000000
4.000000
-2.000000
5.000000
4.000000
5.000000
12.000000
5.000000
4.000000
7.000000
4.000000
7.000000
5.000000
-4.000000
1.000000
-1.000000
-3.000000
-1.000000
3.000000
-4.000000
1.000000
6.000000
2.000000
-2.000000
-2.000000
-2.000000
2.000000
-5.000000
-2.000000
3.000000
-8.000000
-11.000000
-8.000000
-2.000000
0.000000
-4.000000
-5.000000
-5.000000
-1.000000
-2.000000
3.000000
7.000000
5.000000
9.000000
5.000000
5.000000
2.000000
1.000000
2.000000
0.000000
-4.000000
-1.000000
-4.000000
-3.000000
1.000000
1.000000
-1.000000
-2.000000
-3.000000
-7.000000
-5.000000
-6.000000
-7.000000
-3.000000
-2.000000
-9.000000
-2.000000
-6.000000
-2.000000
-2.000000
-7.000000
1.000000
-6.000000
2.000000
5.000000
-2.000000
2.000000
-4.000000
5.000000
0.000000
3.000000
11.000000
3.000000
0.000000
0.000000
-4.000000
-1.000000
2.000000
2.000000
6.000000
-2.000000
0.000000
-3.000000
-4.000000
0.000000
5.000000
3.000000
2.000000
3.000000
0.000000
10.000000
6.000000
3.000000
7.000000
7.000000
2.000000
3.000000
2.000000
-4.000000
-7.000000
-6.000000
-8.000000
-11.000000
-8.000000
-1.000000
-2.000000
0.000000
-3.000000
-7.000000
-5.000000
-7.000000
-11.000000
-3.000000
-1.000000
-9.000000
-1.000000
-3.000000
-2.000000
-8.000000
-14.000000
-5.000000
-3.000000
-3.000000
-3.000000
-7.000000
0.000000
-1.000000
2.000000
4.000000
0.000000
5.000000
0.000000
1.000000
0.000000
5.000000
2.000000
0.000000
-2.000000
0.000000
-5.000000
-4.000000
-4.000000
-7.000000
1.000000
2.000000
-2.000000
3.000000
9.000000
3.000000
6.000000
2.000000
5.000000
7.000000
3.000000
5.000000
-3.000000
-4.000000
0.000000
-3.000000
-2.000000
-1.000000
-2.000000
-1.000000
0.000000
3.000000
2.000000
-5.000000
-4.000000
-4.000000
-1.000000
7.000000
5.000000
0.000000
5.000000
2.000000
8.000000
3.000000
-2.000000
4.000000
-3.000000
-2.000000
-8.000000
-6.000000
-4.000000
-3.000000
-2.000000
0.000000
-1.000000
-1.000000
3.000000
-4.000000
-6.000000
-4.000000
-5.000000
-10.000000
-12.000000
-7.000000
-3.000000
-2.000000
-6.000000
-5.000000
-6.000000
-13.000000
-7.000000
-9.000000
-8.000000
-7.000000
-4.000000
-1.000000
-14.000000
-5.000000
-4.000000
-3.000000
-3.000000
-4.000000
-4.000000
-4.000000
1.000000
-2.000000
5.000000
-2.000000
-3.000000
-4.000000
-3.000000
-1.000000
-6.000000
-7.000000
-12.000000
-4.000000
0.000000
-3.000000
0.000000
-4.000000
-3.000000
-1.000000
-2.000000
-3.000000
0.000000
1.000000
3.000000
1.000000
-1.000000
-6.000000
-6.000000
-4.000000
-5.000000
-2.000000
-4.000000
-5.000000
4.000000
1.000000
0.000000
5.000000
-6.000000
-8.000000
1.000000
3.000000
2.000000
-2.000000
-10.000000
-6.000000
-8.000000
-13.000000
-8.000000
-10.000000
-10.000000
-6.000000
-8.000000
-1.000000
1.000000
-3.000000
1.000000
-3.000000
-1.000000
3.000000
-1.000000
-7.000000
-8.000000
-5.000000
-5.000000
-4.000000
-8.000000
-10.000000
-7.000000
-3.000000
3.000000
3.000000
4.000000
-5.000000
3.000000
-4.000000
-7.000000
4.000000
5.000000
7.000000
7.000000
3.000000
-3.000000
8.000000
7.000000
4.000000
3.000000
7.000000
7.000000
5.000000
-3.000000
2.000000
6.000000
1.000000
3.000000
4.000000
7.000000
2.000000
4.000000
2.000000
4.000000
0.000000
4.000000
-2.000000
1.000000
0.000000
-7.000000
0.000000
-2.000000
-2.000000
-4.000000
0.000000
-3.000000
-2.000000
-8.000000
-9.000000
-2.000000
-8.000000
0.000000
2.000000
-3.000000
-3.000000
-5.000000
2.000000
-5.000000
-3.000000
3.000000
7.000000
4.000000
6.000000
7.000000
2.000000
4.000000
2.000000
6.000000
10.000000
4.000000
3.000000
5.000000
-1.000000
0.000000
8.000000
5.000000
3.000000
6.000000
1.000000
7.000000
5.000000
2.000000
11.000000
4.000000
6.000000
13.000000
14.000000
7.000000
8.000000
7.000000
3.000000
4.000000
2.000000
4.000000
4.000000
4.000000
-4.000000
-1.000000
1.000000
-4.000000
-3.000000
-8.000000
-5.000000
-9.000000
-9.000000
-7.000000
-8.000000
-14.000000
-15.000000
-10.000000
-9.000000
-8.000000
-11.000000
-17.000000
-14.000000
-2.000000
-5.000000
-7.000000
-8.000000
-7.000000
-6.000000
-10.000000
-9.000000
-3.000000
-7.000000
-7.000000
-6.000000
-11.000000
-7.000000
-6.000000
-6.000000
-5.000000
1.000000
2.000000
1.000000
8.000000
3.000000
5.000000
9.000000
5.000000
10.000000
13.000000
6.000000
9.000000
13.000000
13.000000
14.000000
17.000000
11.000000
14.000000
15.000000
11.000000
10.000000
7.000000
7.000000
3.000000
3.000000
3.000000
3.000000
2.000000
4.000000
7.000000
10.000000
3.000000
3.000000
7.000000
2.000000
4.000000
5.000000
5.000000
7.000000
6.000000
4.000000
1.000000
11.000000
4.000000
3.000000
5.000000
3.000000
8.000000
5.000000
3.000000
3.000000
6.000000
0.000000
5.000000
1.000000
5.000000
6.000000
1.000000
6.000000
1.000000
7.000000
3.000000
2.000000
3.000000
4.000000
3.000000
6.000000
9.000000
3.000000
7.000000
3.000000
6.000000
4.000000
8.000000
9.000000
1.000000
5.000000
1.000000
0.000000
7.000000
3.000000
6.000000
-1.000000
1.000000
2.000000
-8.000000
-1.000000
-6.000000
-6.000000
-3.000000
-4.000000
-3.000000
-10.000000
-13.000000
-16.000000
-20.000000
-23.000000
-15.000000
-18.000000
-21.000000
-24.000000
-19.000000
-22.000000
-34.000000
-22.000000
-27.000000
-19.000000
-17.000000
-30.000000
-24.000000
-23.000000
-21.000000
-22.000000
-20.000000
-19.000000
-15.000000
-18.000000
-22.000000
-17.000000
-19.000000
-24.000000
-17.000000
-15.000000
-19.000000
-11.000000
-16.000000
-11.000000
-10.000000
-8.000000
-6.000000
-10.000000
-10.000000
-6.000000
-3.000000
-8.000000
-2.000000
1.000000
4.000000
7.000000
1.000000
6.000000
13.000000
14.000000
16.000000
14.000000
17.000000
18.000000
12.000000
20.000000
19.000000
23.000000
30.000000
29.000000
30.000000
33.000000
36.000000
37.000000
40.000000
34.000000
31.000000
26.000000
28.000000
34.000000
27.000000
24.000000
28.000000
27.000000
23.000000
24.000000
27.000000
27.000000
27.000000
25.000000
24.000000
24.000000
23.000000
24.000000
19.000000
22.000000
20.000000
17.000000
16.000000
8.000000
11.000000
12.000000
11.000000
12.000000
11.000000
6.000000
4.000000
0.000000
-2.000000
-2.000000
-1.000000
-7.000000
-8.000000
-7.000000
-11.000000
-5.000000
-13.000000
-14.000000
-17.000000
-24.000000
-24.000000
-21.000000
-18.000000
-15.000000
-12.000000
-16.000000
-13.000000
-15.000000
-16.000000
-21.000000
-16.000000
-13.000000
-21.000000
-24.000000
-18.000000
-25.000000
-21.000000
-24.000000
-26.000000
-25.000000
-35.000000
-28.000000
-34.000000
-35.000000
-31.000000
-31.000000
-38.000000
-36.000000
-34.000000
-36.000000
-39.000000
-35.000000
-43.000000
-47.000000
-40.000000
-45.000000
-41.000000
-32.000000
-34.000000
-29.000000
-26.000000
-32.000000
-30.000000
-30.000000
-21.000000
-24.000000
-30.000000
-25.000000
-20.000000
-16.000000
-17.000000
-14.000000
-11.000000
-7.000000
-3.000000
-7.000000
-2.000000
0.000000
8.000000
15.000000
16.000000
23.000000
28.000000
36.000000
40.000000
37.000000
39.000000
37.000000
39.000000
46.000000
45.000000
48.000000
54.000000
54.000000
57.000000
62.000000
61.000000
65.000000
63.000000
61.000000
71.000000
69.000000
64.000000
56.000000
57.000000
57.000000
58.000000
59.000000
57.000000
58.000000
60.000000
53.000000
46.000000
54.000000
61.000000
55.000000
53.000000
48.000000
44.000000
42.000000
35.000000
29.000000
30.000000
25.000000
17.000000
18.000000
13.000000
12.000000
18.000000
17.000000
15.000000
12.000000
11.000000
11.000000
-5.000000
-8.000000
-13.000000
-15.000000
-22.000000
-24.000000
-25.000000
-28.000000
-31.000000
-39.000000
-32.000000
-36.000000
-43.000000
-40.000000
-38.000000
-47.000000
-51.000000
-56.000000
-60.000000
-60.000000
-64.000000
-70.000000
-70.000000
-71.000000
-72.000000
-75.000000
-75.000000
-82.000000
-84.000000
-77.000000
-83.000000
-75.000000
-75.000000
-82.000000
-84.000000
-84.000000
-90.000000
-93.000000
-95.000000
-90.000000
-88.000000
-93.000000
-87.000000
-86.000000
-85.000000
-81.000000
-77.000000
-73.000000
-78.000000
-71.000000
-69.000000
-73.000000
-64.000000
-61.000000
-65.000000
-58.000000
-56.000000
-59.000000
-54.000000
-50.000000
-47.000000
-42.000000
-35.000000
-28.000000
-24.000000
-15.000000
-10.000000
-5.000000
-1.000000
2.000000
13.000000
19.000000
23.000000
26.000000
37.000000
37.000000
38.000000
44.000000
51.000000
58.000000
68.000000
76.000000
86.000000
95.000000
99.000000
102.000000
109.000000
111.000000
116.000000
132.000000
132.000000
123.000000
138.000000
146.000000
149.000000
158.000000
159.000000
155.000000
162.000000
167.000000
165.000000
173.000000
165.000000
164.000000
167.000000
159.000000
160.000000
153.000000
149.000000
151.000000
149.000000
142.000000
133.000000
130.000000
131.000000
126.000000
121.000000
112.000000
95.000000
96.000000
90.000000
85.000000
74.000000
61.000000
57.000000
47.000000
37.000000
26.000000
22.000000
15.000000
9.000000
-3.000000
-8.000000
-16.000000
-26.000000
-35.000000
-39.000000
-51.000000
-70.000000
-76.000000
-84.000000
-83.000000
-93.000000
-108.000000
-116.000000
-126.000000
-128.000000
-134.000000
-144.000000
-145.000000
-154.000000
-160.000000
-174.000000
-180.000000
-186.000000
-190.000000
-187.000000
-194.000000
-195.000000
-204.000000
-202.000000
-199.000000
-205.000000
-208.000000
-214.000000
-212.000000
-210.000000
-212.000000
-212.000000
-211.000000
-213.000000
-214.000000
-207.000000
-205.000000
-197.000000
-189.000000
-190.000000
-189.000000
-186.000000
-170.000000
-168.000000
-171.000000
-155.000000
-143.000000
-138.000000
-129.000000
-122.000000
-112.000000
-97.000000
-88.000000
-81.000000
-66.000000
-53.000000
-51.000000
-34.000000
-14.000000
-5.000000
7.000000
18.000000
29.000000
42.000000
57.000000
74.000000
88.000000
100.000000
112.000000
124.000000
134.000000
158.000000
167.000000
186.000000
208.000000
218.000000
228.000000
236.000000
249.000000
259.000000
271.000000
278.000000
280.000000
291.000000
299.000000
304.000000
309.000000
319.000000
324.000000
326.000000
335.000000
330.000000
334.000000
328.000000
321.000000
312.000000
301.000000
293.000000
282.000000
275.000000
266.000000
252.000000
243.000000
227.000000
216.000000
209.000000
193.000000
178.000000
164.000000
153.000000
137.000000
120.000000
109.000000
90.000000
79.000000
58.000000
39.000000
22.000000
-1.000000
-17.000000
-38.000000
-60.000000
-71.000000
-84.000000
-105.000000
-116.000000
-134.000000
-149.000000
-159.000000
-184.000000
-192.000000
-210.000000
-223.000000
-240.000000
-259.000000
-266.000000
-282.000000
-287.000000
-294.000000
-301.000000
-316.000000
-326.000000
-334.000000
-342.000000
-345.000000
-355.000000
-358.000000
-369.000000
-369.000000
-374.000000
-387.000000
-392.000000
-391.000000
-397.000000
-403.000000
-406.000000
-405.000000
-408.000000
-410.000000
-408.000000
-407.000000
-398.000000
-395.000000
-395.000000
-392.000000
-384.000000
-376.000000
-361.000000
-357.000000
-349.000000
-328.000000
-318.000000
-304.000000
-282.000000
-260.000000
-238.000000
-215.000000
-189.000000
-163.000000
-140.000000
-108.000000
-81.000000
-48.000000
-20.000000
20.000000
48.000000
82.000000
118.000000
146.000000
188.000000
216.000000
254.000000
293.000000
324.000000
367.000000
399.000000
433.000000
468.000000
491.000000
521.000000
549.000000
582.000000
597.000000
618.000000
638.000000
660.000000
674.000000
681.000000
701.000000
702.000000
707.000000
711.000000
713.000000
713.000000
709.000000
700.000000
686.000000
668.000000
657.000000
638.000000
614.000000
599.000000
574.000000
549.000000
517.000000
496.000000
468.000000
434.000000
411.000000
383.000000
349.000000
314.000000
284.000000
252.000000
217.000000
186.000000
152.000000
111.000000
74.000000
32.000000
1.000000
-30.000000
-73.000000
-109.000000
-141.000000
-174.000000
-218.000000
-247.000000
-278.000000
-315.000000
-351.000000
-384.000000
-410.000000
-443.000000
-467.000000
-495.000000
-529.000000
-558.000000
-580.000000
-603.000000
-637.000000
-656.000000
-685.000000
-700.000000
-712.000000
-735.000000
-749.000000
-767.000000
-775.000000
-785.000000
-793.000000
-808.000000
-814.000000
-813.000000
-814.000000
-816.000000
-812.000000
-805.000000
-798.000000
-778.000000
-762.000000
-744.000000
-726.000000
-702.000000
-669.000000
-637.000000
-606.000000
-570.000000
-523.000000
-488.000000
-439.000000
-392.000000
-346.000000
-293.000000
-240.000000
-198.000000
-147.000000
-93.000000
-52.000000
3.000000
48.000000
94.000000
140.000000
183.000000
230.000000
266.000000
309.000000
349.000000
385.000000
421.000000
452.000000
485.000000
519.000000
547.000000
576.000000
601.000000
639.000000
669.000000
685.000000
707.000000
734.000000
762.000000
773.000000
791.000000
809.000000
826.000000
838.000000
851.000000
862.000000
868.000000
878.000000
883.000000
893.000000
886.000000
878.000000
864.000000
858.000000
835.000000
820.000000
806.000000
777.000000
760.000000
720.000000
687.000000
655.000000
614.000000
577.000000
536.000000
493.000000
452.000000
413.000000
368.000000
330.000000
290.000000
246.000000
202.000000
157.000000
119.000000
82.000000
35.000000
-11.000000
-49.000000
-92.000000
-127.000000
-156.000000
-194.000000
-227.000000
-259.000000
-295.000000
-328.000000
-350.000000
-379.000000
-413.000000
-440.000000
-470.000000
-496.000000
-527.000000
-557.000000
-582.000000
-607.000000
-632.000000
-657.000000
-683.000000
-713.000000
-740.000000
-762.000000
-789.000000
-810.000000
-837.000000
-856.000000
-872.000000
-899.000000
-913.000000
-922.000000
-935.000000
-952.000000
-956.000000
-960.000000
-957.000000
-956.000000
-947.000000
-936.000000
-922.000000
-899.000000
-884.000000
-851.000000
-815.000000
-776.000000
-733.000000
-684.000000
-637.000000
-591.000000
-528.000000
-475.000000
-424.000000
-360.000000
-309.000000
-254.000000
-199.000000
-142.000000
-83.000000
-29.000000
20.000000
64.000000
111.000000
155.000000
198.000000
244.000000
282.000000
322.000000
362.000000
390.000000
431.000000
467.000000
500.000000
541.000000
578.000000
611.000000
640.000000
666.000000
704.000000
744.000000
773.000000
803.000000
838.000000
869.000000
897.000000
937.000000
965.000000
994.000000
1013.000000
1027.000000
1052.000000
1063.000000
1070.000000
1072.000000
1077.000000
1076.000000
1057.000000
1045.000000
1029.000000
1004.000000
978.000000
941.000000
908.000000
866.000000
821.000000
777.000000
732.000000
679.000000
640.000000
595.000000
537.000000
492.000000
438.000000
393.000000
341.000000
289.000000
235.000000
182.000000
134.000000
89.000000
48.000000
-3.000000
-43.000000
-77.000000
-114.000000
-148.000000
-184.000000
-219.000000
-250.000000
-284.000000
-315.000000
-344.000000
-375.000000
-408.000000
-438.000000
-477.000000
-513.000000
-540.000000
-589.000000
-623.000000
-657.000000
-699.000000
-735.000000
-781.000000
-818.000000
-864.000000
-902.000000
-938.000000
-984.000000
-1018.000000
-1051.000000
-1088.000000
-1123.000000
-1150.000000
-1175.000000
-1199.000000
-1211.000000
-1223.000000
-1230.000000
-1234.000000
-1230.000000
-1214.000000
-1197.000000
-1166.000000
-1134.000000
-1095.000000
-1049.000000
-1003.000000
-946.000000
-886.000000
-821.000000
-754.000000
-684.000000
-614.000000
-549.000000
-479.000000
-409.000000
-335.000000
-267.000000
-205.000000
-142.000000
-83.000000
-27.000000
26.000000
78.000000
127.000000
178.000000
228.000000
268.000000
314.000000
360.000000
407.000000
445.000000
487.000000
534.000000
574.000000
621.000000
667.000000
714.000000
758.000000
800.000000
853.000000
895.000000
940.000000
987.000000
1029.000000
1069.000000
1110.000000
1148.000000
1172.000000
1210.000000
1239.000000
1256.000000
1270.000000
1277.000000
1286.000000
1285.000000
1273.000000
1265.000000
1247.000000
1229.000000
1195.000000
1154.000000
1121.000000
1079.000000
1033.000000
979.000000
925.000000
871.000000
817.000000
753.000000
692.000000
637.000000
572.000000
514.000000
453.000000
391.000000
331.000000
277.000000
215.000000
164.000000
109.000000
56.000000
7.000000
-46.000000
-90.000000
-131.000000
-174.000000
-214.000000
-253.000000
-296.000000
-340.000000
-375.000000
-410.000000
-452.000000
-491.000000
-531.000000
-569.000000
-606.000000
-645.000000
-680.000000
-722.000000
-765.000000
-807.000000
-841.000000
-882.000000
-927.000000
-964.000000
-1010.000000
-1049.000000
-1092.000000
-1133.000000
-1170.000000
-1205.000000
-1236.000000
-1262.000000
-1287.000000
-1312.000000
-1323.000000
-1326.000000
-1324.000000
-1326.000000
-1313.000000
-1295.000000
-1278.000000
-1245.000000
-1199.000000
-1152.000000
-1102.000000
-1044.000000
-980.000000
-912.000000
-839.000000
-771.000000
-699.000000
-617.000000
-544.000000
-474.000000
-399.000000
-326.000000
-263.000000
-195.000000
-136.000000
-79.000000
-20.000000
31.000000
78.000000
119.000000
165.000000
204.000000
238.000000
286.000000
326.000000
368.000000
412.000000
461.000000
514.000000
568.000000
630.000000
689.000000
747.000000
808.000000
868.000000
926.000000
979.000000
1031.000000
1084.000000
1132.000000
1169.000000
1211.000000
1245.000000
1283.000000
1320.000000
1341.000000
1369.000000
1391.000000
1404.000000
1412.000000
1405.000000
1394.000000
1389.000000
1362.000000
1329.000000
1291.000000
1253.000000
1207.000000
1151.000000
1096.000000
1031.000000
973.000000
905.000000
836.000000
774.000000
704.000000
643.000000
581.000000
524.000000
462.000000
403.000000
345.000000
290.000000
230.000000
169.000000
119.000000
60.000000
4.000000
-50.000000
-105.000000
-153.000000
-208.000000
-262.000000
-298.000000
-344.000000
-387.000000
-428.000000
-472.000000
-507.000000
-549.000000
-599.000000
-626.000000
-667.000000
-710.000000
-750.000000
-803.000000
-851.000000
-908.000000
-959.000000
-1022.000000
-1080.000000
-1135.000000
-1186.000000
-1235.000000
-1271.000000
-1297.000000
-1329.000000
-1341.000000
-1354.000000
-1359.000000
-1364.000000
-1361.000000
-1361.000000
-1360.000000
-1356.000000
-1347.000000
-1338.000000
-1318.000000
-1290.000000
-1250.000000
-1194.000000
-1142.000000
-1074.000000
-997.000000
-914.000000
-826.000000
-737.000000
-643.000000
-539.000000
-442.000000
-342.000000
-250.000000
-154.000000
-57.000000
18.000000
94.000000
163.000000
221.000000
268.000000
307.000000
345.000000
376.000000
396.000000
424.000000
446.000000
457.000000
486.000000
505.000000
521.000000
544.000000
571.000000
588.000000
603.000000
615.000000
633.000000
662.000000
685.000000
713.000000
746.000000
772.000000
817.000000
856.000000
905.000000
946.000000
995.000000
1050.000000
1086.000000
1136.000000
1169.000000
1206.000000
1232.000000
1257.000000
1281.000000
1295.000000
1302.000000
1306.000000
1304.000000
1283.000000
1270.000000
1254.000000
1216.000000
1181.000000
1140.000000
1101.000000
1060.000000
1002.000000
955.000000
906.000000
856.000000
798.000000
747.000000
700.000000
653.000000
615.000000
566.000000
524.000000
486.000000
454.000000
418.000000
385.000000
355.000000
317.000000
299.000000
272.000000
230.000000
202.000000
173.000000
135.000000
83.000000
14.000000
-76.000000
-196.000000
-334.000000
-506.000000
-712.000000
-926.000000
-1178.000000
-1413.000000
-1650.000000
-1904.000000
-2127.000000
-2342.000000
-2505.000000
-2637.000000
-2747.000000
-2822.000000
-2868.000000
-2874.000000
-2844.000000
-2783.000000
-2714.000000
-2623.000000
-2493.000000
-2335.000000
-2163.000000
-1981.000000
-1767.000000
-1555.000000
-1324.000000
-1064.000000
-827.000000
-574.000000
-339.000000
-107.000000
142.000000
349.000000
548.000000
723.000000
865.000000
986.000000
1066.000000
1111.000000
1095.000000
1047.000000
974.000000
860.000000
712.000000
535.000000
349.000000
153.000000
-21.000000
-204.000000
-352.000000
-496.000000
-625.000000
-695.000000
-756.000000
-779.000000
-781.000000
-741.000000
-648.000000
-533.000000
-366.000000
-168.000000
67.000000
335.000000
622.000000
933.000000
1230.000000
1537.000000
1826.000000
2100.000000
2349.000000
2551.000000
2712.000000
2825.000000
2917.000000
2932.000000
2914.000000
2839.000000
2722.000000
2576.000000
2390.000000
2187.000000
1942.000000
1704.000000
1463.000000
1239.000000
1021.000000
800.000000
612.000000
418.000000
270.000000
133.000000
5.000000
-92.000000
-180.000000
-228.000000
-267.000000
-254.000000
-237.000000
-197.000000
-106.000000
-22.000000
96.000000
214.000000
349.000000
494.000000
627.000000
779.000000
894.000000
998.000000
1081.000000
1152.000000
1197.000000
1178.000000
1121.000000
990.000000
801.000000
537.000000
218.000000
-199.000000
-651.000000
-1132.000000
-1644.000000
-2101.000000
-2593.000000
-3031.000000
-3426.000000
-3751.000000
-3976.000000
-4164.000000
-4283.000000
-4355.000000
-4330.000000
-4250.000000
-4097.000000
-3898.000000
-3665.000000
-3369.000000
-3020.000000
-2609.000000
-2213.000000
-1762.000000
-1293.000000
-843.000000
-353.000000
86.000000
512.000000
916.000000
1269.000000
1612.000000
1894.000000
2116.000000
2273.000000
2388.000000
2420.000000
2387.000000
2289.000000
2083.000000
1824.000000
1499.000000
1146.000000
714.000000
269.000000
-199.000000
-679.000000
-1098.000000
-1543.000000
-1913.000000
-2264.000000
-2544.000000
-2735.000000
-2875.000000
-2901.000000
-2878.000000
-2724.000000
-2489.000000
-2151.000000
-1720.000000
-1247.000000
-662.000000
-59.000000
614.000000
1283.000000
1948.000000
2600.000000
3184.000000
3760.000000
4221.000000
4613.000000
4890.000000
5069.000000
5146.000000
5102.000000
4975.000000
4704.000000
4383.000000
3972.000000
3532.000000
3046.000000
2510.000000
1989.000000
1456.000000
979.000000
497.000000
53.000000
-360.000000
-733.000000
-1041.000000
-1324.000000
-1545.000000
-1714.000000
-1807.000000
-1831.000000
-1783.000000
-1666.000000
-1497.000000
-1237.000000
-933.000000
-570.000000
-180.000000
230.000000
649.000000
1063.000000
1500.000000
1877.000000
2239.000000
2522.000000
2746.000000
2913.000000
2958.000000
2920.000000
2730.000000
2453.000000
2031.000000
1503.000000
863.000000
130.000000
-655.000000
-1463.000000
-2233.000000
-3039.000000
-3730.000000
-4392.000000
-4943.000000
-5333.000000
-5694.000000
-5903.000000
-6023.000000
-6023.000000
-5917.000000
-5704.000000
-5387.000000
-5033.000000
-4539.000000
-3992.000000
-3375.000000
-2693.000000
-1999.000000
-1272.000000
-564.000000
177.000000
824.000000
1464.000000
2030.000000
2494.000000
2954.000000
3243.000000
3481.000000
3615.000000
3657.000000
3606.000000
3444.000000
3203.000000
2803.000000
2367.000000
1832.000000
1249.000000
607.000000
-89.000000
-789.000000
-1494.000000
-2114.000000
-2740.000000
-3261.000000
-3718.000000
-4082.000000
-4296.000000
-4428.000000
-4409.000000
-4274.000000
-3993.000000
-3589.000000
-3059.000000
-2405.000000
-1689.000000
-865.000000
19.000000
935.000000
1853.000000
2752.000000
3594.000000
4355.000000
5054.000000
5611.000000
6056.000000
6327.000000
6454.000000
6468.000000
6317.000000
6060.000000
5653.000000
5162.000000
4594.000000
3977.000000
3342.000000
2666.000000
1999.000000
1345.000000
734.000000
140.000000
-403.000000
-894.000000
-1363.000000
-1736.000000
-2050.000000
-2288.000000
-2453.000000
-2532.000000
-2522.000000
-2431.000000
-2227.000000
-1962.000000
-1610.000000
-1213.000000
-742.000000
-236.000000
285.000000
863.000000
1398.000000
1935.000000
2465.000000
2887.000000
3285.000000
3580.000000
3736.000000
3791.000000
3668.000000
3380.000000
2941.000000
2296.000000
1500.000000
658.000000
-322.000000
-1265.000000
-2245.000000
-3236.000000
-4077.000000
-4914.000000
-5517.000000
-6034.000000
-6484.000000
-6735.000000
-6932.000000
-6934.000000
-6786.000000
-6568.000000
-6213.000000
-5766.000000
-5239.000000
-4555.000000
-3799.000000
-3004.000000
-2119.000000
-1274.000000
-377.000000
495.000000
1273.000000
2069.000000
2683.000000
3302.000000
3812.000000
4140.000000
4434.000000
4541.000000
4571.000000
4505.000000
4282.000000
3913.000000
3403.000000
2790.000000
2116.000000
1395.000000
579.000000
-251.000000
-1143.000000
-1977.000000
-2761.000000
-3489.000000
-4090.000000
-4703.000000
-5110.000000
-5424.000000
-5614.000000
-5567.000000
-5453.000000
-5099.000000
-4607.000000
-3972.000000
-3149.000000
-2255.000000
-1220.000000
-102.000000
1076.000000
2251.000000
3366.000000
4383.000000
5322.000000
6123.000000
6802.000000
7331.000000
7550.000000
7644.000000
7518.000000
7227.000000
6869.000000
6280.000000
5626.000000
4881.000000
4052.000000
3291.000000
2501.000000
1721.000000
1001.000000
303.000000
-325.000000
-895.000000
-1436.000000
-1869.000000
-2232.000000
-2508.000000
-2655.000000
-2810.000000
-2855.000000
-2793.000000
-2657.000000
-2351.000000
-1990.000000
-1617.000000
-1144.000000
-638.000000
-49.000000
676.000000
1304.000000
1957.000000
2586.000000
3129.000000
3686.000000
4090.000000
4373.000000
4469.000000
4363.000000
4060.000000
3548.000000
2787.000000
1929.000000
947.000000
-155.000000
-1144.000000
-2366.000000
-3442.000000
-4388.000000
-5322.000000
-5881.000000
-6501.000000
-7024.000000
-7323.000000
-7538.000000
-7486.000000
-7294.000000
-7034.000000
-6675.000000
-6180.000000
-5541.000000
-4729.000000
-3870.000000
-2927.000000
-1927.000000
-1012.000000
81.000000
971.000000
1832.000000
2735.000000
3343.000000
4068.000000
4523.000000
4793.000000
5039.000000
5057.000000
5043.000000
4852.000000
4474.000000
3922.000000
3246.000000
2513.000000
1758.000000
877.000000
-47.000000
-992.000000
-2034.000000
-2837.000000
-3683.000000
-4426.000000
-4967.000000
-5619.000000
-5938.000000
-6201.000000
-6340.000000
-6186.000000
-5979.000000
-5475.000000
-4875.000000
-4124.000000
-3176.000000
-2155.000000
-911.000000
433.000000
1705.000000
3014.000000
4257.000000
5328.000000
6452.000000
7317.000000
7955.000000
8456.000000
8544.000000
8529.000000
8286.000000
7805.000000
7242.000000
6442.000000
5604.000000
4652.000000
3657.000000
2744.000000
1775.000000
936.000000
178.000000
-630.000000
-1292.000000
-1857.000000
-2377.000000
-2658.000000
-2904.000000
-3102.000000
-3171.000000
-3223.000000
-3083.000000
-2828.000000
-2490.000000
-2079.000000
-1649.000000
-1106.000000
-514.000000
161.000000
925.000000
1610.000000
2334.000000
3057.000000
3634.000000
4206.000000
4630.000000
4879.000000
4977.000000
4813.000000
4429.000000
3721.000000
2870.000000
1938.000000
811.000000
-276.000000
-1521.000000
-2848.000000
-3941.000000
-5012.000000
-5810.000000
-6416.000000
-7130.000000
-7617.000000
-7895.000000
-8037.000000
-7862.000000
-7602.000000
-7307.000000
-6856.000000
-6284.000000
-5461.000000
-4575.000000
-3595.000000
-2522.000000
-1518.000000
-375.000000
701.000000
1658.000000
2697.000000
3542.000000
4292.000000
5012.000000
5358.000000
5614.000000
5786.000000
5720.000000
5601.000000
5229.000000
4597.000000
3824.000000
2948.000000
2081.000000
1104.000000
47.000000
-1051.000000
-2199.000000
-3201.000000
-4079.000000
-4882.000000
-5557.000000
-6141.000000
-6631.000000
-6856.000000
-6958.000000
-6900.000000
-6542.000000
-6052.000000
-5367.000000
-4531.000000
-3526.000000
-2405.000000
-1101.000000
384.000000
1756.000000
3171.000000
4496.000000
5659.000000
6874.000000
7865.000000
8595.000000
9080.000000
9229.000000
9135.000000
8890.000000
8416.000000
7668.000000
6838.000000
5816.000000
4712.000000
3633.000000
2541.000000
1491.000000
492.000000
-340.000000
-1216.000000
-1954.000000
-2528.000000
-3088.000000
-3358.000000
-3557.000000
-3705.000000
-3744.000000
-3692.000000
-3486.000000
-3101.000000
-2579.000000
-2139.000000
-1565.000000
-950.000000
-291.000000
551.000000
1342.000000
2139.000000
2859.000000
3608.000000
4308.000000
4850.000000
5357.000000
5561.000000
5578.000000
5404.000000
4922.000000
4166.000000
3200.000000
2083.000000
772.000000
-412.000000
-1845.000000
-3272.000000
-4442.000000
-5706.000000
-6504.000000
-7164.000000
-7857.000000
-8305.000000
-8592.000000
-8641.000000
-8418.000000
-8000.000000
-7593.000000
-7073.000000
-6346.000000
-5404.000000
-4318.000000
-3183.000000
-2017.000000
-954.000000
278.000000
1453.000000
2491.000000
3635.000000
4402.000000
5144.000000
5839.000000
6149.000000
6385.000000
6434.000000
6262.000000
5968.000000
5488.000000
4729.000000
3819.000000
2803.000000
1760.000000
669.000000
-521.000000
-1712.000000
-2967.000000
-4027.000000
-4921.000000
-5773.000000
-6403.000000
-6996.000000
-7476.000000
-7618.000000
-7629.000000
-7454.000000
-6991.000000
-6396.000000
-5624.000000
-4612.000000
-3450.000000
-2148.000000
-669.000000
868.000000
2383.000000
3881.000000
5262.000000
6530.000000
7726.000000
8682.000000
9348.000000
9724.000000
9776.000000
9562.000000
9188.000000
8569.000000
7685.000000
6670.000000
5478.000000
4259.000000
3052.000000
1896.000000
759.000000
-307.000000
-1243.000000
-2143.000000
-2822.000000
-3411.000000
-3833.000000
-4039.000000
-4246.000000
-4279.000000
-4210.000000
-4009.000000
-3611.000000
-3102.000000
-2528.000000
-1938.000000
-1256.000000
-541.000000
392.000000
1273.000000
2174.000000
3105.000000
3846.000000
4701.000000
5362.000000
5922.000000
6317.000000
6387.000000
6259.000000
5792.000000
5027.000000
4031.000000
2896.000000
1554.000000
188.000000
-1323.000000
-2935.000000
-4301.000000
-5643.000000
-6601.000000
-7416.000000
-8258.000000
-8768.000000
-9160.000000
-9194.000000
-8949.000000
-8580.000000
-8102.000000
-7558.000000
-6761.000000
-5746.000000
-4607.000000
-3397.000000
-2131.000000
-977.000000
271.000000
1508.000000
2610.000000
3791.000000
4683.000000
5484.000000
6188.000000
6536.000000
6836.000000
6971.000000
6868.000000
6600.000000
6066.000000
5257.000000
4305.000000
3271.000000
2160.000000
962.000000
-346.000000
-1680.000000
-3007.000000
-4165.000000
-5217.000000
-6106.000000
-6847.000000
-7495.000000
-7945.000000
-8214.000000
-8220.000000
-8048.000000
-7574.000000
-6889.000000
-6129.000000
-5113.000000
-3928.000000
-2575.000000
-975.000000
682.000000
2242.000000
3746.000000
5192.000000
6536.000000
7869.000000
8889.000000
9592.000000
10006.000000
10016.000000
9924.000000
9517.000000
8933.000000
8026.000000
6862.000000
5684.000000
4301.000000
3018.000000
1783.000000
518.000000
-632.000000
-1675.000000
-2654.000000
-3407.000000
-3957.000000
-4366.000000
-4547.000000
-4696.000000
-4777.000000
-4568.000000
-4314.000000
-3808.000000
-3197.000000
-2619.000000
-1929.000000
-1224.000000
-306.000000
605.000000
1568.000000
2493.000000
3440.000000
4321.000000
5092.000000
5847.000000
6341.000000
6689.000000
6793.000000
6585.000000
6069.000000
5155.000000
4099.000000
2926.000000
1548.000000
142.000000
-1508.000000
-3119.000000
-4616.000000
-5858.000000
-6792.000000
-7746.000000
-8605.000000
-9214.000000
-9495.000000
-9512.000000
-9137.000000
-8770.000000
-8330.000000
-7643.000000
-6772.000000
-5559.000000
-4330.000000
-3093.000000
-1745.000000
-542.000000
798.000000
2129.000000
3295.000000
4440.000000
5311.000000
6169.000000
6753.000000
7099.000000
7371.000000
7435.000000
7256.000000
6900.000000
6248.000000
5277.000000
4277.000000
3115.000000
1966.000000
633.000000
-867.000000
-2226.000000
-3608.000000
-4767.000000
-5750.000000
-6695.000000
-7431.000000
-8126.000000
-8470.000000
-8573.000000
-8586.000000
-8223.000000
-7715.000000
-6989.000000
-6057.000000
-4929.000000
-3644.000000
-2129.000000
-479.000000
1209.000000
2850.000000
4282.000000
5747.000000
7156.000000
8382.000000
9333.000000
9910.000000
10114.000000
10041.000000
9857.000000
9438.000000
8650.000000
7643.000000
6366.000000
5047.000000
3764.000000
2447.000000
1185.000000
-119.000000
-1317.000000
-2378.000000
-3262.000000
-3978.000000
-4521.000000
-4838.000000
-5035.000000
-5123.000000
-5030.000000
-4779.000000
-4379.000000
-3742.000000
-3052.000000
-2372.000000
-1598.000000
-789.000000
152.000000
1213.000000
2185.000000
3154.000000
4032.000000
4843.000000
5648.000000
6286.000000
6813.000000
7023.000000
6997.000000
6703.000000
6026.000000
5088.000000
3967.000000
2670.000000
1234.000000
-271.000000
-2003.000000
-3591.000000
-5019.000000
-6286.000000
-7171.000000
-8114.000000
-8960.000000
-9495.000000
-9750.000000
-9608.000000
-9259.000000
-8793.000000
-8303.000000
-7620.000000
-6604.000000
-5368.000000
-4038.000000
-2711.000000
-1383.000000
-98.000000
1312.000000
2628.000000
3899.000000
5056.000000
5859.000000
6670.000000
7206.000000
7467.000000
7679.000000
7626.000000
7361.000000
6867.000000
6092.000000
5115.000000
3999.000000
2842.000000
1628.000000
291.000000
-1164.000000
-2571.000000
-3889.000000
-5013.000000
-5968.000000
-6847.000000
-7493.000000
-8166.000000
-8506.000000
-8550.000000
-8485.000000
-8067.000000
-7503.000000
-6759.000000
-5833.000000
-4713.000000
-3323.000000
-1778.000000
-122.000000
1546.000000
3104.000000
4613.000000
6030.000000
7429.000000
8631.000000
9447.000000
9931.000000
10097.000000
9976.000000
9683.000000
9208.000000
8307.000000
7193.000000
5863.000000
4486.000000
3168.000000
1800.000000
528.000000
-751.000000
-1956.000000
-2967.000000
-3825.000000
-4393.000000
-4864.000000
-5152.000000
-5231.000000
-5352.000000
-5185.000000
-4820.000000
-4330.000000
-3668.000000
-2951.000000
-2281.000000
-1444.000000
-524.000000
464.000000
1599.000000
2476.000000
3438.000000
4379.000000
5200.000000
6066.000000
6641.000000
7061.000000
7234.000000
7081.000000
6841.000000
6047.000000
4965.000000
3796.000000
2339.000000
891.000000
-701.000000
-2453.000000
-4093.000000
-5558.000000
-6811.000000
-7641.000000
-8587.000000
-9387.000000
-9765.000000
-9967.000000
-9654.000000
-9206.000000
-8675.000000
-8039.000000
-7290.000000
-6110.000000
-4793.000000
-3493.000000
-2093.000000
-800.000000
535.000000
1928.000000
3224.000000
4452.000000
5498.000000
6299.000000
7050.000000
7509.000000
7665.000000
7841.000000
7682.000000
7355.000000
6792.000000
5915.000000
4847.000000
3681.000000
2538.000000
1285.000000
-93.000000
-1569.000000
-2962.000000
-4204.000000
-5266.000000
-6178.000000
-6991.000000
-7731.000000
-8252.000000
-8508.000000
-8516.000000
-8376.000000
-7985.000000
-7367.000000
-6624.000000
-5622.000000
-4418.000000
-3067.000000
-1521.000000
183.000000
1793.000000
3417.000000
4915.000000
6343.000000
7719.000000
8840.000000
9627.000000
10072.000000
10168.000000
10027.000000
9714.000000
9070.000000
8123.000000
6874.000000
5535.000000
4097.000000
2719.000000
1380.000000
-2.000000
-1256.000000
-2394.000000
-3368.000000
-4127.000000
-4674.000000
-5084.000000
-5307.000000
-5364.000000
-5337.000000
-5095.000000
-4628.000000
-4084.000000
-3363.000000
-2657.000000
-1911.000000
-1036.000000
-80.000000
896.000000
1897.000000
2802.000000
3600.000000
4601.000000
5373.000000
6129.000000
6654.000000
6893.000000
7071.000000
6866.000000
6574.000000
5813.000000
4640.000000
3408.000000
1996.000000
507.000000
-1051.000000
-2773.000000
-4439.000000
-5873.000000
-7103.000000
-7978.000000
-8757.000000
-9572.000000
-9865.000000
-9960.000000
-9713.000000
-9111.000000
-8600.000000
-7809.000000
-6996.000000
-5802.000000
-4396.000000
-3123.000000
-1703.000000
-351.000000
967.000000
2343.000000
3637.000000
4761.000000
5809.000000
6556.000000
7197.000000
7668.000000
7715.000000
7811.000000
7657.000000
7154.000000
6590.000000
5617.000000
4547.000000
3382.000000
2141.000000
942.000000
-509.000000
-1937.000000
-3270.000000
-4473.000000
-5483.000000
-6311.000000
-7111.000000
-7715.000000
-8148.000000
-8363.000000
-8202.000000
-8035.000000
-7528.000000
-6856.000000
-6110.000000
-5031.000000
-3850.000000
-2462.000000
-917.000000
625.000000
2206.000000
3684.000000
5108.000000
6541.000000
7807.000000
8834.000000
9549.000000
9897.000000
9989.000000
9876.000000
9479.000000
8829.000000
7782.000000
6518.000000
5166.000000
3740.000000
2375.000000
968.000000
-390.000000
-1690.000000
-2814.000000
-3731.000000
-4441.000000
-4941.000000
-5308.000000
-5495.000000
-5518.000000
-5389.000000
-5056.000000
-4542.000000
-3932.000000
-3211.000000
-2483.000000
-1675.000000
-734.000000
228.000000
1236.000000
2197.000000
3007.000000
3906.000000
4749.000000
5543.000000
6210.000000
6559.000000
6832.000000
6753.000000
6569.000000
6101.000000
5130.000000
3988.000000
2627.000000
1187.000000
-261.000000
-1873.000000
-3535.000000
-5045.000000
-6452.000000
-7423.000000
-8188.000000
-9020.000000
-9536.000000
-9792.000000
-9742.000000
-9276.000000
-8756.000000
-8084.000000
-7343.000000
-6375.000000
-5020.000000
-3729.000000
-2322.000000
-962.000000
330.000000
1726.000000
3016.000000
4245.000000
5333.000000
6146.000000
6893.000000
7453.000000
7680.000000
7811.000000
7763.000000
7466.000000
6991.000000
6238.000000
5251.000000
4136.000000
2924.000000
1794.000000
421.000000
-1014.000000
-2355.000000
-3715.000000
-4725.000000
-5651.000000
-6442.000000
-7099.000000
-7701.000000
-7929.000000
-7946.000000
-7796.000000
-7432.000000
-6913.000000
-6219.000000
-5356.000000
-4237.000000
-2981.000000
-1622.000000
-119.000000
1421.000000
2853.000000
4252.000000
5674.000000
6892.000000
8050.000000
8896.000000
9364.000000
9662.000000
9582.000000
9419.000000
8972.000000
8100.000000
7061.000000
5758.000000
4421.000000
3091.000000
1725.000000
359.000000
-998.000000
-2210.000000
-3204.000000
-4055.000000
-4681.000000
-5104.000000
-5420.000000
-5538.000000
-5468.000000
-5273.000000
-4849.000000
-4282.000000
-3617.000000
-2858.000000
-2111.000000
-1204.000000
-236.000000
748.000000
1761.000000
2610.000000
3426.000000
4288.000000
5049.000000
5777.000000
6205.000000
6412.000000
6507.000000
6348.000000
6023.000000
5311.000000
4264.000000
2941.000000
1640.000000
212.000000
-1280.000000
-2808.000000
-4493.000000
-5845.000000
-7007.000000
-7862.000000
-8539.000000
-9248.000000
-9611.000000
-9694.000000
-9449.000000
-8899.000000
-8329.000000
-7626.000000
-6809.000000
-5690.000000
-4391.000000
-3037.000000
-1692.000000
-348.000000
1028.000000
2301.000000
3660.000000
4786.000000
5814.000000
6668.000000
7288.000000
7737.000000
7852.000000
7910.000000
7772.000000
7356.000000
6776.000000
5878.000000
4788.000000
3652.000000
2464.000000
1240.000000
-138.000000
-1614.000000
-2965.000000
-4122.000000
-5160.000000
-5932.000000
-6667.000000
-7295.000000
-7664.000000
-7818.000000
-7680.000000
-7428.000000
-6960.000000
-6336.000000
-5529.000000
-4540.000000
-3371.000000
-2030.000000
-614.000000
899.000000
2376.000000
3794.000000
5127.000000
6432.000000
7648.000000
8565.000000
9227.000000
9544.000000
9585.000000
9442.000000
9019.000000
8393.000000
7361.000000
6123.000000
4824.000000
3436.000000
2081.000000
705.000000
-634.000000
-1922.000000
-2994.000000
-3902.000000
-4574.000000
-5085.000000
-5462.000000
-5552.000000
-5588.000000
-5415.000000
-5085.000000
-4595.000000
-3957.000000
-3280.000000
-2432.000000
-1625.000000
-693.000000
303.000000
1291.000000
2316.000000
3137.000000
4042.000000
4819.000000
5519.000000
6097.000000
6447.000000
6626.000000
6450.000000
6243.000000
5605.000000
4695.000000
3538.000000
2095.000000
761.000000
-874.000000
-2386.000000
-3953.000000
-5556.000000
-6769.000000
-7808.000000
-8493.000000
-9155.000000
-9614.000000
-9753.000000
-9675.000000
-9178.000000
-8564.000000
-7824.000000
-7101.000000
-6154.000000
-4907.000000
-3611.000000
-2181.000000
-848.000000
503.000000
1759.000000
3053.000000
4354.000000
5397.000000
6359.000000
7049.000000
7554.000000
7829.000000
7874.000000
7866.000000
7581.000000
7050.000000
6316.000000
5293.000000
4130.000000
2979.000000
1806.000000
515.000000
-893.000000
-2317.000000
-3596.000000
-4642.000000
-5461.000000
-6147.000000
-6767.000000
-7276.000000
-7556.000000
-7504.000000
-7269.000000
-6839.000000
-6277.000000
-5648.000000
-4796.000000
-3713.000000
-2472.000000
-1079.000000
358.000000
1776.000000
3186.000000
4541.000000
5875.000000
7124.000000
8147.000000
8903.000000
9343.000000
9496.000000
9441.000000
9170.000000
8633.000000
7767.000000
6652.000000
5328.000000
3969.000000
2615.000000
1263.000000
-94.000000
-1455.000000
-2610.000000
-3608.000000
-4350.000000
-4849.000000
-5279.000000
-5509.000000
-5578.000000
-5455.000000
-5149.000000
-4743.000000
-4151.000000
-3548.000000
-2851.000000
-2043.000000
-1177.000000
-219.000000
740.000000
1703.000000
2608.000000
3444.000000
4260.000000
5109.000000
5746.000000
6163.000000
6495.000000
6430.000000
6241.000000
5898.000000
5069.000000
4023.000000
2579.000000
1096.000000
-363.000000
-2017.000000
-3528.000000
-5176.000000
-6644.000000
-7776.000000
-8592.000000
-9104.000000
-9631.000000
-9895.000000
-9831.000000
-9512.000000
-8866.000000
-8064.000000
-7310.000000
-6463.000000
-5321.000000
-4069.000000
-2695.000000
-1348.000000
-43.000000
1307.000000
2513.000000
3816.000000
4936.000000
5887.000000
6745.000000
7336.000000
7761.000000
7875.000000
7846.000000
7688.000000
7263.000000
6625.000000
5711.000000
4571.000000
3362.000000
2181.000000
948.000000
-397.000000
-1788.000000
-3114.000000
-4233.000000
-5141.000000
-5834.000000
-6470.000000
-6936.000000
-7207.000000
-7248.000000
-6984.000000
-6675.000000
-6106.000000
-5444.000000
-4644.000000
-3626.000000
-2557.000000
-1305.000000
40.000000
1487.000000
2921.000000
4246.000000
5535.000000
6711.000000
7788.000000
8686.000000
9268.000000
9517.000000
9489.000000
9235.000000
8724.000000
7994.000000
6949.000000
5716.000000
4324.000000
2881.000000
1516.000000
120.000000
-1163.000000
-2316.000000
-3329.000000
-4174.000000
-4768.000000
-5195.000000
-5410.000000
-5419.000000
-5313.000000
-5051.000000
-4740.000000
-4215.000000
-3556.000000
-2867.000000
-2063.000000
-1269.000000
-395.000000
508.000000
1457.000000
2423.000000
3245.000000
4080.000000
4802.000000
5482.000000
5921.000000
6255.000000
6376.000000
6158.000000
5899.000000
5109.000000
4131.000000
2769.000000
1268.000000
-146.000000
-1867.000000
-3382.000000
-5050.000000
-6603.000000
-7752.000000
-8665.000000
-9136.000000
-9643.000000
-9965.000000
-9936.000000
-9681.000000
-8995.000000
-8162.000000
-7346.000000
-6548.000000
-5551.000000
-4344.000000
-2981.000000
-1640.000000
-365.000000
899.000000
2004.000000
3282.000000
4437.000000
5426.000000
6335.000000
6940.000000
7398.000000
7589.000000
7585.000000
7518.000000
7143.000000
6570.000000
5782.000000
4627.000000
3477.000000
2310.000000
1106.000000
-114.000000
-1509.000000
-2779.000000
-3960.000000
-4894.000000
-5484.000000
-6058.000000
-6444.000000
-6702.000000
-6753.000000
-6544.000000
-6206.000000
-5627.000000
-5007.000000
-4304.000000
-3426.000000
-2441.000000
-1308.000000
-38.000000
1327.000000
2652.000000
3919.000000
5149.000000
6356.000000
7431.000000
8388.000000
9089.000000
9386.000000
9423.000000
9200.000000
8781.000000
8039.000000
7101.000000
5919.000000
4474.000000
3046.000000
1597.000000
250.000000
-1024.000000
-2191.000000
-3177.000000
-4075.000000
-4667.000000
-4991.000000
-5129.000000
-5117.000000
-5021.000000
-4756.000000
-4448.000000
-3916.000000
-3256.000000
-2575.000000
-1865.000000
-1106.000000
-259.000000
542.000000
1503.000000
2364.000000
3164.000000
3968.000000
4587.000000
5302.000000
5710.000000
6064.000000
6308.000000
6003.000000
5780.000000
5020.000000
4037.000000
2780.000000
1117.000000
-279.000000
-2086.000000
-3683.000000
-5195.000000
-6826.000000
-7980.000000
-8875.000000
-9383.000000
-9733.000000
-10007.000000
-9961.000000
-9664.000000
-9040.000000
-8151.000000
-7261.000000
-6514.000000
-5519.000000
-4405.000000
-3162.000000
-1830.000000
-669.000000
634.000000
1681.000000
2882.000000
4124.000000
5024.000000
6013.000000
6706.000000
7173.000000
7393.000000
7322.000000
7261.000000
6870.000000
6260.000000
5479.000000
4306.000000
3076.000000
1886.000000
708.000000
-541.000000
-1866.000000
-3088.000000
-4122.000000
-5017.000000
-5557.000000
-5910.000000
-6246.000000
-6253.000000
-6190.000000
-5955.000000
-5565.000000
-5085.000000
-4303.000000
-3641.000000
-2834.000000
-1881.000000
-949.000000
293.000000
1570.000000
2934.000000
4164.000000
5292.000000
6545.000000
7578.000000
8536.000000
9231.000000
9577.000000
9579.000000
9272.000000
8771.000000
7912.000000
6888.000000
5652.000000
4234.000000
2739.000000
1212.000000
-121.000000
-1332.000000
-2393.000000
-3247.000000
-4028.000000
-4597.000000
-4837.000000
-4862.000000
-4750.000000
-4559.000000
-4280.000000
-3963.000000
-3476.000000
-2833.000000
-2165.000000
-1442.000000
-750.000000
91.000000
886.000000
1733.000000
2685.000000
3435.000000
4291.000000
4911.000000
5554.000000
6074.000000
6218.000000
6489.000000
6147.000000
5706.000000
4985.000000
3744.000000
2406.000000
592.000000
-1001.000000
-2739.000000
-4406.000000
-5877.000000
-7431.000000
-8531.000000
-9353.000000
-9651.000000
-9779.000000
-9884.000000
-9684.000000
-9339.000000
-8624.000000
-7760.000000
-6816.000000
-6016.000000
-5221.000000
-4178.000000
-3123.000000
-1907.000000
-775.000000
472.000000
1632.000000
2725.000000
3957.000000
4922.000000
5910.000000
6688.000000
7169.000000
7363.000000
7145.000000
6891.000000
6412.000000
5654.000000
4717.000000
3481.000000
2113.000000
792.000000
-425.000000
-1610.000000
-2757.000000
-3814.000000
-4622.000000
-5284.000000
-5732.000000
-5797.000000
-5852.000000
-5657.000000
-5406.000000
-5197.000000
-4798.000000
-4414.000000
-3701.000000
-2979.000000
-2320.000000
-1456.000000
-600.000000
531.000000
1840.000000
3191.000000
4544.000000
5719.000000
6904.000000
7931.000000
8768.000000
9409.000000
9699.000000
9634.000000
9123.000000
8351.000000
7342.000000
6153.000000
4916.000000
3529.000000
2029.000000
548.000000
-764.000000
-1809.000000
-2666.000000
-3320.000000
-3871.000000
-4319.000000
-4513.000000
-4517.000000
-4342.000000
-4130.000000
-3857.000000
-3513.000000
-3153.000000
-2595.000000
-1958.000000
-1185.000000
-354.000000
531.000000
1455.000000
2260.000000
3273.000000
4146.000000
4986.000000
5721.000000
6150.000000
6567.000000
6588.000000
6549.000000
6202.000000
5432.000000
4564.000000
3190.000000
1705.000000
-117.000000
-1935.000000
-3546.000000
-5199.000000
-6445.000000
-7753.000000
-8755.000000
-9372.000000
-9601.000000
-9394.000000
-9275.000000
-9020.000000
-8679.000000
-8156.000000
-7378.000000
-6517.000000
-5706.000000
-5024.000000
-4127.000000
-3113.000000
-1959.000000
-704.000000
581.000000
1943.000000
3113.000000
4332.000000
5335.000000
6147.000000
6854.000000
7193.000000
7236.000000
6803.000000
6162.000000
5437.000000
4500.000000
3490.000000
2298.000000
984.000000
-276.000000
-1388.000000
-2329.000000
-3219.000000
-3959.000000
-4533.000000
-4966.000000
-5300.000000
-5443.000000
-5433.000000
-5349.000000
-5082.000000
-4880.000000
-4665.000000
-4379.000000
-3878.000000
-3078.000000
-2239.000000
-1262.000000
-243.000000
940.000000
2294.000000
3742.000000
5211.000000
6387.000000
7458.000000
8290.000000
8848.000000
9195.000000
9210.000000
8951.000000
8323.000000
7450.000000
6364.000000
5158.000000
3958.000000
2799.000000
1627.000000
427.000000
-683.000000
-1679.000000
-2397.000000
-3003.000000
-3479.000000
-3878.000000
-4260.000000
-4354.000000
-4389.000000
-4216.000000
-3936.000000
-3581.000000
-3006.000000
-2366.000000
-1535.000000
-654.000000
363.000000
1436.000000
2495.000000
3456.000000
4234.000000
4989.000000
5546.000000
6116.000000
6378.000000
6436.000000
6355.000000
5946.000000
5635.000000
4829.000000
3979.000000
2881.000000
1470.000000
143.000000
-1678.000000
-3216.000000
-4803.000000
-6157.000000
-7134.000000
-8258.000000
-8963.000000
-9495.000000
-9566.000000
-9278.000000
-9001.000000
-8612.000000
-8197.000000
-7552.000000
-6666.000000
-5737.000000
-4877.000000
-3956.000000
-2936.000000
-1728.000000
-489.000000
718.000000
1977.000000
3157.000000
4335.000000
5253.000000
5897.000000
6288.000000
6475.000000
6497.000000
6146.000000
5540.000000
4674.000000
3770.000000
2832.000000
1824.000000
796.000000
-324.000000
-1303.000000
-2171.000000
-2980.000000
-3714.000000
-4325.000000
-4770.000000
-5063.000000
-5307.000000
-5490.000000
-5505.000000
-5380.000000
-5030.000000
-4648.000000
-4280.000000
-3745.000000
-3040.000000
-2066.000000
-992.000000
96.000000
1267.000000
2476.000000
3781.000000
5025.000000
6117.000000
6993.000000
7699.000000
8232.000000
8486.000000
8473.000000
8180.000000
7710.000000
7062.000000
6237.000000
5247.000000
4093.000000
2989.000000
1885.000000
791.000000
-255.000000
-1328.000000
-2206.000000
-2953.000000
-3528.000000
-3962.000000
-4289.000000
-4418.000000
-4351.000000
-4105.000000
-3769.000000
-3296.000000
-2702.000000
-1922.000000
-1099.000000
-221.000000
631.000000
1513.000000
2476.000000
3329.000000
4139.000000
4755.000000
5298.000000
5760.000000
6068.000000
6245.000000
6143.000000
5942.000000
5539.000000
5016.000000
4206.000000
3138.000000
1961.000000
520.000000
-882.000000
-2611.000000
-4199.000000
-5683.000000
-6915.000000
-7692.000000
-8545.000000
-8956.000000
-9222.000000
-9031.000000
-8518.000000
-8101.000000
-7527.000000
-7103.000000
-6391.000000
-5553.000000
-4760.000000
-3936.000000
-3217.000000
-2220.000000
-1077.000000
129.000000
1356.000000
2528.000000
3689.000000
4804.000000
5653.000000
6164.000000
6366.000000
6307.000000
6051.000000
5438.000000
4575.000000
3503.000000
2442.000000
1450.000000
426.000000
-520.000000
-1470.000000
-2203.000000
-2775.000000
-3304.000000
-3728.000000
-4181.000000
-4468.000000
-4690.000000
-4902.000000
-5048.000000
-5182.000000
-5057.000000
-4779.000000
-4418.000000
-3934.000000
-3348.000000
-2467.000000
-1366.000000
-188.000000
1029.000000
2172.000000
3353.000000
4541.000000
5566.000000
6358.000000
6891.000000
7249.000000
7498.000000
7518.000000
7352.000000
6971.000000
6434.000000
5902.000000
5208.000000
4442.000000
3499.000000
2514.000000
1536.000000
524.000000
-452.000000
-1462.000000
-2367.000000
-3135.000000
-3707.000000
-4096.000000
-4336.000000
-4336.000000
-4139.000000
-3740.000000
-3184.000000
-2592.000000
-1885.000000
-1127.000000
-315.000000
498.000000
1252.000000
1995.000000
2702.000000
3427.000000
4128.000000
4729.000000
5240.000000
5629.000000
5904.000000
5982.000000
5889.000000
5622.000000
5151.000000
4547.000000
3663.000000
2616.000000
1366.000000
31.000000
-1317.000000
-2830.000000
-4286.000000
-5687.000000
-6760.000000
-7475.000000
-7945.000000
-8117.000000
-8237.000000
-8075.000000
-7635.000000
-7178.000000
-6670.000000
-6309.000000
-5892.000000
-5343.000000
-4778.000000
-4058.000000
-3368.000000
-2480.000000
-1327.000000
-25.000000
1349.000000
2577.000000
3800.000000
4880.000000
5725.000000
6207.000000
6218.000000
5873.000000
5273.000000
4528.000000
3599.000000
2562.000000
1559.000000
737.000000
67.000000
-507.000000
-996.000000
-1449.000000
-1859.000000
-2262.000000
-2713.000000
-3335.000000
-3953.000000
-4492.000000
-4954.000000
-5290.000000
-5523.000000
-5428.000000
-5096.000000
-4481.000000
-3645.000000
-2798.000000
-1802.000000
-768.000000
338.000000
1306.000000
2121.000000
2897.000000
3565.000000
4233.000000
4810.000000
5281.000000
5708.000000
6124.000000
6513.000000
6783.000000
6799.000000
6610.000000
6221.000000
5604.000000
4838.000000
3811.000000
2619.000000
1383.000000
204.000000
-832.000000
-1751.000000
-2438.000000
-2921.000000
-3171.000000
-3230.000000
-3165.000000
-3031.000000
-2878.000000
-2648.000000
-2442.000000
-2216.000000
-1985.000000
-1679.000000
-1235.000000
-628.000000
144.000000
1032.000000
1995.000000
2988.000000
4049.000000
4907.000000
5629.000000
6012.000000
6107.000000
5987.000000
5541.000000
5065.000000
4266.000000
3510.000000
2778.000000
2007.000000
1275.000000
406.000000
-421.000000
-1385.000000
-2347.000000
-3446.000000
-4565.000000
-5606.000000
-6462.000000
-6978.000000
-7456.000000
-7672.000000
-7732.000000
-7494.000000
-7030.000000
-6493.000000
-5873.000000
-5355.000000
-4652.000000
-3882.000000
-3074.000000
-2310.000000
-1531.000000
-623.000000
365.000000
1419.000000
2376.000000
3253.000000
3954.000000
4568.000000
4963.000000
5051.000000
4867.000000
4450.000000
3931.000000
3259.000000
2570.000000
1824.000000
1078.000000
443.000000
-132.000000
-659.000000
-1184.000000
-1719.000000
-2248.000000
-2820.000000
-3355.000000
-3788.000000
-4231.000000
-4541.000000
-4747.000000
-4781.000000
-4583.000000
-4286.000000
-3816.000000
-3299.000000
-2674.000000
-1949.000000
-1208.000000
-466.000000
284.000000
1087.000000
1938.000000
2798.000000
3598.000000
4323.000000
4952.000000
5579.000000
6050.000000
6350.000000
6427.000000
6262.000000
5970.000000
5442.000000
4821.000000
4032.000000
3208.000000
2398.000000
1550.000000
769.000000
-10.000000
-612.000000
-1169.000000
-1645.000000
-2080.000000
-2504.000000
-2763.000000
-2973.000000
-3017.000000
-3067.000000
-3025.000000
-2776.000000
-2400.000000
-1796.000000
-1143.000000
-384.000000
432.000000
1249.000000
2087.000000
2816.000000
3444.000000
3930.000000
4275.000000
4481.000000
4564.000000
4565.000000
4461.000000
4305.000000
4033.000000
3696.000000
3267.000000
2753.000000
2144.000000
1321.000000
394.000000
-683.000000
-1826.000000
-3036.000000
-4242.000000
-5266.000000
-6050.000000
-6472.000000
-6624.000000
-6592.000000
-6444.000000
-6209.000000
-5875.000000
-5560.000000
-5304.000000
-5119.000000
-4951.000000
-4652.000000
-4164.000000
-3468.000000
-2621.000000
-1657.000000
-515.000000
745.000000
2031.000000
3181.000000
4001.000000
4470.000000
4597.000000
4506.000000
4209.000000
3740.000000
3168.000000
2616.000000
2214.000000
1940.000000
1774.000000
1548.000000
1328.000000
1042.000000
640.000000
99.000000
-707.000000
-1626.000000
-2576.000000
-3420.000000
-4047.000000
-4531.000000
-4764.000000
-4694.000000
-4420.000000
-3907.000000
-3401.000000
-2892.000000
-2447.000000
-2144.000000
-1794.000000
-1572.000000
-1217.000000
-728.000000
-77.000000
854.000000
1843.000000
3020.000000
4144.000000
5112.000000
5858.000000
6243.000000
6363.000000
6202.000000
5806.000000
5225.000000
4499.000000
3783.000000
3175.000000
2679.000000
2325.000000
2008.000000
1716.000000
1393.000000
950.000000
343.000000
-437.000000
-1275.000000
-2094.000000
-2793.000000
-3367.000000
-3693.000000
-3721.000000
-3449.000000
-2899.000000
-2212.000000
-1441.000000
-705.000000
20.000000
609.000000
1036.000000
1362.000000
1581.000000
1860.000000
2158.000000
2526.000000
2940.000000
3373.000000
3825.000000
4156.000000
4357.000000
4271.000000
4001.000000
3552.000000
2903.000000
2128.000000
1182.000000
217.000000
-758.000000
-1630.000000
-2432.000000
-3224.000000
-3850.000000
-4359.000000
-4642.000000
-4810.000000
-4978.000000
-5149.000000
-5400.000000
-5608.000000
-5768.000000
-5855.000000
-5857.000000
-5701.000000
-5256.000000
-4562.000000
-3630.000000
-2583.000000
-1523.000000
-525.000000
392.000000
1206.000000
1817.000000
2252.000000
2480.000000
2592.000000
2655.000000
2701.000000
2817.000000
2949.000000
3115.000000
3318.000000
3470.000000
3507.000000
3347.000000
2953.000000
2349.000000
1573.000000
763.000000
-108.000000
-917.000000
-1620.000000
-2211.000000
-2540.000000
-2770.000000
-2830.000000
-2877.000000
-2948.000000
-2991.000000
-3135.000000
-3210.000000
-3361.000000
-3463.000000
-3396.000000
-3169.000000
-2614.000000
-1816.000000
-863.000000
193.000000
1246.000000
2225.000000
3061.000000
3629.000000
3958.000000
4084.000000
4080.000000
4061.000000
4038.000000
4072.000000
4117.000000
4221.000000
4325.000000
4342.000000
4248.000000
3902.000000
3371.000000
2646.000000
1809.000000
953.000000
107.000000
-590.000000
-1193.000000
-1586.000000
-1792.000000
-1860.000000
-1815.000000
-1781.000000
-1760.000000
-1790.000000
-1828.000000
-1844.000000
-1772.000000
-1635.000000
-1386.000000
-958.000000
-416.000000
279.000000
958.000000
1585.000000
2079.000000
2386.000000
2626.000000
2614.000000
2537.000000
2350.000000
2124.000000
2035.000000
1925.000000
1931.000000
1799.000000
1594.000000
1283.000000
790.000000
196.000000
-657.000000
-1527.000000
-2407.000000
-3065.000000
-3446.000000
-3699.000000
-3796.000000
-3900.000000
-3895.000000
-3930.000000
-3980.000000
-4118.000000
-4382.000000
-4516.000000
-4563.000000
-4306.000000
-3875.000000
-3318.000000
-2632.000000
-1937.000000
-1158.000000
-446.000000
212.000000
683.000000
992.000000
1210.000000
1327.000000
1488.000000
1660.000000
1936.000000
2249.000000
2648.000000
3052.000000
3323.000000
3460.000000
3263.000000
2863.000000
2249.000000
1523.000000
825.000000
167.000000
-321.000000
-654.000000
-765.000000
-807.000000
-802.000000
-843.000000
-1000.000000
-1247.000000
-1641.000000
-2046.000000
-2510.000000
-2836.000000
-2990.000000
-2888.000000
-2512.000000
-1961.000000
-1212.000000
-484.000000
219.000000
783.000000
1188.000000
1411.000000
1488.000000
1537.000000
1564.000000
1725.000000
1975.000000
2335.000000
2755.000000
3162.000000
3512.000000
3692.000000
3703.000000
3486.000000
3130.000000
2675.000000
2195.000000
1736.000000
1340.000000
1038.000000
810.000000
667.000000
506.000000
369.000000
182.000000
-60.000000
-312.000000
-611.000000
-909.000000
-1135.000000
-1275.000000
-1287.000000
-1163.000000
-947.000000
-671.000000
-453.000000
-258.000000
-180.000000
-162.000000
-155.000000
-232.000000
-222.000000
-233.000000
-146.000000
39.000000
212.000000
424.000000
594.000000
755.000000
820.000000
811.000000
666.000000
393.000000
88.000000
-215.000000
-486.000000
-749.000000
-928.000000
-1054.000000
-1043.000000
-1004.000000
-953.000000
-953.000000
-1091.000000
-1313.000000
-1637.000000
-2016.000000
-2419.000000
-2675.000000
-2813.000000
-2775.000000
-2528.000000
-2178.000000
-1734.000000
-1343.000000
-1052.000000
-919.000000
-884.000000
-853.000000
-828.000000
-754.000000
-662.000000
-474.000000
-171.000000
187.000000
555.000000
829.000000
967.000000
1017.000000
1022.000000
955.000000
853.000000
727.000000
628.000000
567.000000
571.000000
635.000000
673.000000
731.000000
736.000000
706.000000
607.000000
422.000000
210.000000
-50.000000
-270.000000
-427.000000
-461.000000
-384.000000
-226.000000
0.000000
152.000000
258.000000
290.000000
195.000000
76.000000
-70.000000
-166.000000
-156.000000
-5.000000
262.000000
568.000000
841.000000
1033.000000
1174.000000
1253.000000
1265.000000
1213.000000
1148.000000
1067.000000
1072.000000
1127.000000
1170.000000
1225.000000
1260.000000
1275.000000
1276.000000
1257.000000
1179.000000
1077.000000
981.000000
886.000000
824.000000
760.000000
703.000000
663.000000
615.000000
543.000000
394.000000
212.000000
-27.000000
-273.000000
-483.000000
-680.000000
-781.000000
-824.000000
-818.000000
-772.000000
-739.000000
-724.000000
-763.000000
-826.000000
-911.000000
-983.000000
-1013.000000
-1026.000000
-951.000000
-847.000000
-699.000000
-524.000000
-379.000000
-252.000000
-186.000000
-155.000000
-151.000000
-147.000000
-150.000000
-149.000000
-159.000000
-156.000000
-150.000000
-141.000000
-98.000000
-88.000000
-63.000000
-97.000000
-185.000000
-265.000000
-381.000000
-467.000000
-548.000000
-587.000000
-559.000000
-492.000000
-410.000000
-398.000000
-455.000000
-608.000000
-766.000000
-905.000000
-1017.000000
-1048.000000
-1030.000000
-903.000000
-743.000000
-568.000000
-444.000000
-432.000000
-442.000000
-496.000000
-515.000000
-461.000000
-399.000000
-251.000000
-83.000000
93.000000
261.000000
361.000000
399.000000
375.000000
345.000000
312.000000
285.000000
294.000000
308.000000
322.000000
380.000000
397.000000
406.000000
423.000000
417.000000
457.000000
498.000000
553.000000
578.000000
573.000000
540.000000
477.000000
443.000000
387.000000
344.000000
310.000000
267.000000
244.000000
238.000000
254.000000
285.000000
338.000000
399.000000
472.000000
567.000000
643.000000
707.000000
761.000000
790.000000
817.000000
823.000000
819.000000
817.000000
830.000000
835.000000
835.000000
826.000000
765.000000
699.000000
597.000000
483.000000
386.000000
269.000000
164.000000
61.000000
-20.000000
-120.000000
-204.000000
-295.000000
-420.000000
-532.000000
-648.000000
-710.000000
-761.000000
-773.000000
-787.000000
-784.000000
-756.000000
-729.000000
-634.000000
-601.000000
-549.000000
-507.000000
-480.000000
-410.000000
-365.000000
-293.000000
-268.000000
-184.000000
-86.000000
5.000000
124.000000
197.000000
288.000000
366.000000
416.000000
450.000000
492.000000
507.000000
528.000000
522.000000
478.000000
414.000000
306.000000
216.000000
47.000000
-76.000000
-218.000000
-364.000000
-416.000000
-504.000000
-527.000000
-560.000000
-581.000000
-626.000000
-708.000000
-779.000000
-870.000000
-886.000000
-923.000000
-914.000000
-886.000000
-869.000000
-792.000000
-711.000000
-629.000000
-587.000000
-525.000000
-468.000000
-404.000000
-301.000000
-222.000000
-149.000000
-78.000000
-5.000000
56.000000
96.000000
126.000000
162.000000
231.000000
278.000000
313.000000
323.000000
276.000000
228.000000
155.000000
22.000000
-101.000000
-190.000000
-228.000000
-209.000000
-146.000000
-65.000000
14.000000
128.000000
206.000000
233.000000
197.000000
117.000000
61.000000
44.000000
88.000000
174.000000
301.000000
451.000000
620.000000
757.000000
812.000000
826.000000
807.000000
770.000000
747.000000
753.000000
773.000000
805.000000
840.000000
842.000000
816.000000
752.000000
650.000000
562.000000
458.000000
373.000000
315.000000
263.000000
196.000000
126.000000
65.000000
-28.000000
-48.000000
-68.000000
-103.000000
-109.000000
-129.000000
-125.000000
-131.000000
-152.000000
-198.000000
-259.000000
-293.000000
-294.000000
-264.000000
-206.000000
-143.000000
-12.000000
124.000000
238.000000
341.000000
355.000000
332.000000
294.000000
242.000000
178.000000
109.000000
63.000000
31.000000
31.000000
68.000000
97.000000
120.000000
107.000000
57.000000
5.000000
-72.000000
-139.000000
-197.000000
-249.000000
-295.000000
-335.000000
-388.000000
-446.000000
-495.000000
-564.000000
-646.000000
-686.000000
-712.000000
-699.000000
-649.000000
-624.000000
-606.000000
-613.000000
-615.000000
-610.000000
-613.000000
-618.000000
-604.000000
-561.000000
-485.000000
-379.000000
-276.000000
-204.000000
-179.000000
-151.000000
-154.000000
-187.000000
-191.000000
-233.000000
-265.000000
-275.000000
-279.000000
-268.000000
-254.000000
-245.000000
-250.000000
-248.000000
-254.000000
-249.000000
-240.000000
-240.000000
-226.000000
-207.000000
-178.000000
-160.000000
-134.000000
-122.000000
-114.000000
-70.000000
-22.000000
28.000000
80.000000
130.000000
195.000000
283.000000
338.000000
378.000000
418.000000
440.000000
482.000000
508.000000
523.000000
517.000000
500.000000
487.000000
487.000000
514.000000
517.000000
535.000000
538.000000
526.000000
528.000000
524.000000
519.000000
516.000000
508.000000
472.000000
454.000000
401.000000
337.000000
295.000000
246.000000
246.000000
253.000000
281.000000
337.000000
392.000000
470.000000
516.000000
543.000000
566.000000
548.000000
536.000000
508.000000
464.000000
431.000000
398.000000
397.000000
402.000000
386.000000
362.000000
351.000000
324.000000
276.000000
216.000000
134.000000
48.000000
-18.000000
-74.000000
-129.000000
-147.000000
-165.000000
-173.000000
-188.000000
-230.000000
-284.000000
-341.000000
-402.000000
-461.000000
-524.000000
-582.000000
-624.000000
-647.000000
-668.000000
-691.000000
-690.000000
-673.000000
-615.000000
-546.000000
-484.000000
-419.000000
-373.000000
-342.000000
-336.000000
-341.000000
-369.000000
-393.000000
-405.000000
-401.000000
-384.000000
-378.000000
-374.000000
-378.000000
-380.000000
-392.000000
-407.000000
-428.000000
-467.000000
-497.000000
-512.000000
-511.000000
-501.000000
-505.000000
-522.000000
-522.000000
-504.000000
-485.000000
-459.000000
-440.000000
-412.000000
-364.000000
-317.000000
-272.000000
-256.000000
-218.000000
-187.000000
-143.000000
-71.000000
-45.000000
-13.000000
-6.000000
13.000000
37.000000
32.000000
62.000000
61.000000
110.000000
145.000000
203.000000
291.000000
323.000000
406.000000
445.000000
495.000000
520.000000
494.000000
467.000000
410.000000
388.000000
344.000000
343.000000
341.000000
344.000000
381.000000
403.000000
455.000000
489.000000
533.000000
558.000000
598.000000
640.000000
668.000000
714.000000
742.000000
769.000000
770.000000
770.000000
755.000000
754.000000
741.000000
717.000000
713.000000
678.000000
663.000000
639.000000
614.000000
586.000000
543.000000
511.000000
458.000000
422.000000
382.000000
331.000000
292.000000
237.000000
171.000000
93.000000
6.000000
-87.000000
-172.000000
-258.000000
-333.000000
-390.000000
-436.000000
-465.000000
-482.000000
-483.000000
-495.000000
-492.000000
-503.000000
-526.000000
-543.000000
-563.000000
-572.000000
-577.000000
-572.000000
-551.000000
-525.000000
-495.000000
-476.000000
-454.000000
-437.000000
-438.000000
-433.000000
-446.000000
-450.000000
-454.000000
-463.000000
-473.000000
-484.000000
-487.000000
-488.000000
-485.000000
-486.000000
-493.000000
-488.000000
-481.000000
-471.000000
-440.000000
-434.000000
-425.000000
-415.000000
-405.000000
-398.000000
-395.000000
-386.000000
-383.000000
-363.000000
-355.000000
-336.000000
-291.000000
-252.000000
-215.000000
-179.000000
-168.000000
-142.000000
-111.000000
-76.000000
-36.000000
-9.000000
26.000000
71.000000
133.000000
182.000000
227.000000
244.000000
232.000000
228.000000
201.000000
162.000000
119.000000
94.000000
92.000000
98.000000
127.000000
146.000000
178.000000
202.000000
237.000000
280.000000
317.000000
362.000000
386.000000
426.000000
457.000000
489.000000
527.000000
551.000000
575.000000
588.000000
611.000000
630.000000
665.000000
692.000000
706.000000
726.000000
726.000000
735.000000
744.000000
732.000000
714.000000
677.000000
648.000000
636.000000
626.000000
598.000000
550.000000
500.000000
446.000000
406.000000
353.000000
283.000000
230.000000
161.000000
115.000000
69.000000
18.000000
-34.000000
-83.000000
-124.000000
-180.000000
-222.000000
-260.000000
-295.000000
-307.000000
-295.000000
-283.000000
-268.000000
-247.000000
-241.000000
-231.000000
-241.000000
-268.000000
-300.000000
-343.000000
-372.000000
-410.000000
-451.000000
-492.000000
-525.000000
-553.000000
-570.000000
-573.000000
-567.000000
-538.000000
-525.000000
-522.000000
-524.000000
-524.000000
-522.000000
-542.000000
-550.000000
-581.000000
-602.000000
-605.000000
-618.000000
-609.000000
-597.000000
-562.000000
-525.000000
-485.000000
-436.000000
-414.000000
-389.000000
-358.000000
-322.000000
-289.000000
-261.000000
-221.000000
-177.000000
-130.000000
-81.000000
-56.000000
-35.000000
-18.000000
-2.000000
16.000000
22.000000
40.000000
49.000000
51.000000
52.000000
51.000000
34.000000
32.000000
42.000000
69.000000
103.000000
147.000000
201.000000
212.000000
244.000000
248.000000
254.000000
264.000000
260.000000
288.000000
320.000000
371.000000
414.000000
462.000000
524.000000
572.000000
618.000000
641.000000
656.000000
650.000000
646.000000
646.000000
623.000000
603.000000
575.000000
557.000000
551.000000
559.000000
575.000000
582.000000
597.000000
599.000000
598.000000
573.000000
524.000000
462.000000
383.000000
304.000000
227.000000
153.000000
85.000000
38.000000
-22.000000
-59.000000
-86.000000
-110.000000
-101.000000
-95.000000
-66.000000
-47.000000
-39.000000
-21.000000
-14.000000
-14.000000
-26.000000
-51.000000
-85.000000
-106.000000
-128.000000
-160.000000
-186.000000
-204.000000
-217.000000
-228.000000
-234.000000
-237.000000
-250.000000
-275.000000
-295.000000
-317.000000
-341.000000
-356.000000
-381.000000
-408.000000
-425.000000
-439.000000
-455.000000
-477.000000
-479.000000
-499.000000
-517.000000
-525.000000
-539.000000
-541.000000
-541.000000
-536.000000
-517.000000
-496.000000
-465.000000
-437.000000
-404.000000
-366.000000
-343.000000
-302.000000
-288.000000
-259.000000
-228.000000
-206.000000
-179.000000
-169.000000
-155.000000
-140.000000
-105.000000
-76.000000
-68.000000
-62.000000
-53.000000
-30.000000
-12.000000
-1.000000
7.000000
6.000000
22.000000
37.000000
39.000000
30.000000
19.000000
27.000000
46.000000
74.000000
102.000000
146.000000
213.000000
275.000000
348.000000
406.000000
441.000000
475.000000
492.000000
489.000000
478.000000
464.000000
446.000000
438.000000
448.000000
462.000000
484.000000
522.000000
546.000000
559.000000
579.000000
595.000000
590.000000
569.000000
531.000000
490.000000
437.000000
378.000000
329.000000
258.000000
197.000000
131.000000
86.000000
49.000000
15.000000
3.000000
-7.000000
-5.000000
0.000000
13.000000
27.000000
36.000000
37.000000
24.000000
8.000000
1.000000
-14.000000
-33.000000
-63.000000
-92.000000
-114.000000
-125.000000
-122.000000
-124.000000
-118.000000
-107.000000
-92.000000
-78.000000
-77.000000
-85.000000
-112.000000
-148.000000
-178.000000
-201.000000
-227.000000
-249.000000
-263.000000
-269.000000
-275.000000
-279.000000
-304.000000
-332.000000
-354.000000
-375.000000
-388.000000
-396.000000
-394.000000
-388.000000
-377.000000
-368.000000
-359.000000
-355.000000
-351.000000
-360.000000
-365.000000
-362.000000
-356.000000
-340.000000
-317.000000
-288.000000
-267.000000
-232.000000
-198.000000
-162.000000
-130.000000
-125.000000
-116.000000
-114.000000
-100.000000
-110.000000
-111.000000
-107.000000
-115.000000
-100.000000
-102.000000
-79.000000
-71.000000
-53.000000
-27.000000
12.000000
42.000000
66.000000
101.000000
128.000000
175.000000
198.000000
223.000000
248.000000
267.000000
292.000000
305.000000
318.000000
314.000000
313.000000
318.000000
315.000000
341.000000
356.000000
388.000000
429.000000
462.000000
490.000000
503.000000
509.000000
499.000000
477.000000
437.000000
395.000000
345.000000
283.000000
234.000000
176.000000
135.000000
111.000000
99.000000
105.000000
116.000000
134.000000
150.000000
166.000000
160.000000
145.000000
118.000000
84.000000
55.000000
18.000000
-20.000000
-57.000000
-87.000000
-104.000000
-121.000000
-130.000000
-132.000000
-122.000000
-102.000000
-68.000000
-27.000000
-7.000000
-3.000000
-4.000000
-21.000000
-51.000000
-86.000000
-131.000000
-180.000000
-208.000000
-222.000000
-231.000000
-232.000000
-220.000000
-194.000000
-171.000000
-149.000000
-146.000000
-153.000000
-168.000000
-190.000000
-213.000000
-246.000000
-279.000000
-301.000000
-310.000000
-307.000000
-295.000000
-290.000000
-284.000000
-273.000000
-271.000000
-264.000000
-257.000000
-248.000000
-240.000000
-232.000000
-208.000000
-193.000000
-180.000000
-179.000000
-194.000000
-205.000000
-217.000000
-221.000000
-218.000000
-214.000000
-206.000000
-181.000000
-159.000000
-127.000000
-90.000000
-69.000000
-45.000000
-23.000000
1.000000
30.000000
57.000000
77.000000
92.000000
103.000000
119.000000
132.000000
153.000000
171.000000
194.000000
217.000000
237.000000
271.000000
294.000000
308.000000
329.000000
352.000000
364.000000
374.000000
374.000000
372.000000
366.000000
348.000000
323.000000
299.000000
272.000000
234.000000
196.000000
160.000000
127.000000
101.000000
83.000000
78.000000
84.000000
102.000000
124.000000
151.000000
176.000000
189.000000
189.000000
171.000000
154.000000
124.000000
94.000000
61.000000
34.000000
7.000000
-17.000000
-15.000000
-15.000000
-10.000000
-4.000000
4.000000
19.000000
24.000000
29.000000
15.000000
13.000000
12.000000
-6.000000
-28.000000
-50.000000
-69.000000
-84.000000
-97.000000
-106.000000
-110.000000
-110.000000
-96.000000
-72.000000
-60.000000
-53.000000
-51.000000
-56.000000
-59.000000
-71.000000
-97.000000
-133.000000
-158.000000
-182.000000
-204.000000
-206.000000
-211.000000
-209.000000
-203.000000
-197.000000
-190.000000
-187.000000
-188.000000
-197.000000
-213.000000
-231.000000
-246.000000
-262.000000
-284.000000
-293.000000
-301.000000
-301.000000
-303.000000
-295.000000
-283.000000
-279.000000
-258.000000
-250.000000
-232.000000
-218.000000
-200.000000
-189.000000
-171.000000
-138.000000
-118.000000
-74.000000
-51.000000
-21.000000
12.000000
33.000000
63.000000
76.000000
94.000000
114.000000
144.000000
178.000000
206.000000
227.000000
259.000000
289.000000
302.000000
315.000000
335.000000
344.000000
349.000000
350.000000
340.000000
337.000000
316.000000
280.000000
256.000000
214.000000
163.000000
129.000000
101.000000
86.000000
77.000000
80.000000
88.000000
103.000000
124.000000
148.000000
160.000000
161.000000
160.000000
153.000000
138.000000
116.000000
81.000000
50.000000
19.000000
-10.000000
-6.000000
-7.000000
-4.000000
14.000000
33.000000
51.000000
62.000000
72.000000
74.000000
71.000000
59.000000
42.000000
22.000000
7.000000
-11.000000
-27.000000
-32.000000
-38.000000
-40.000000
-41.000000
-32.000000
-25.000000
-17.000000
-1.000000
4.000000
17.000000
27.000000
26.000000
23.000000
0.000000
-22.000000
-46.000000
-77.000000
-94.000000
-119.000000
-136.000000
-137.000000
-127.000000
-123.000000
-107.000000
-95.000000
-95.000000
-96.000000
-107.000000
-125.000000
-148.000000
-175.000000
-192.000000
-218.000000
-231.000000
-234.000000
-256.000000
-272.000000
-280.000000
-288.000000
-298.000000
-300.000000
-292.000000
-293.000000
-284.000000
-263.000000
-250.000000
-233.000000
-214.000000
-182.000000
-155.000000
-134.000000
-115.000000
-106.000000
-95.000000
-95.000000
-88.000000
-69.000000
-51.000000
-12.000000
36.000000
104.000000
161.000000
219.000000
268.000000
302.000000
326.000000
327.000000
326.000000
308.000000
280.000000
257.000000
235.000000
206.000000
184.000000
164.000000
144.000000
129.000000
127.000000
137.000000
145.000000
156.000000
157.000000
164.000000
158.000000
153.000000
152.000000
135.000000
126.000000
104.000000
86.000000
68.000000
51.000000
32.000000
9.000000
0.000000
6.000000
22.000000
49.000000
67.000000
84.000000
105.000000
114.000000
116.000000
107.000000
85.000000
63.000000
42.000000
29.000000
21.000000
4.000000
-4.000000
3.000000
14.000000
26.000000
40.000000
65.000000
78.000000
80.000000
83.000000
81.000000
68.000000
42.000000
24.000000
13.000000
-4.000000
-17.000000
-32.000000
-52.000000
-71.000000
-92.000000
-104.000000
-115.000000
-123.000000
-111.000000
-99.000000
-85.000000
-72.000000
-73.000000
-75.000000
-89.000000
-107.000000
-140.000000
-170.000000
-202.000000
-231.000000
-245.000000
-248.000000
-240.000000
-238.000000
-225.000000
-223.000000
-202.000000
-187.000000
-181.000000
-175.000000
-178.000000
-183.000000
-187.000000
-186.000000
-196.000000
-201.000000
-198.000000
-196.000000
-184.000000
-176.000000
-161.000000
-143.000000
-119.000000
-92.000000
-55.000000
-19.000000
29.000000
81.000000
126.000000
181.000000
213.000000
234.000000
231.000000
225.000000
198.000000
176.000000
153.000000
131.000000
124.000000
116.000000
134.000000
147.000000
166.000000
188.000000
193.000000
200.000000
200.000000
187.000000
175.000000
158.000000
137.000000
109.000000
90.000000
68.000000
50.000000
32.000000
22.000000
13.000000
13.000000
22.000000
33.000000
43.000000
49.000000
57.000000
64.000000
77.000000
87.000000
88.000000
88.000000
82.000000
82.000000
78.000000
66.000000
62.000000
67.000000
77.000000
83.000000
105.000000
141.000000
163.000000
183.000000
195.000000
199.000000
198.000000
184.000000
158.000000
129.000000
105.000000
77.000000
58.000000
41.000000
17.000000
16.000000
11.000000
12.000000
9.000000
-3.000000
-18.000000
-33.000000
-49.000000
-75.000000
-91.000000
-116.000000
-135.000000
-151.000000
-160.000000
-169.000000
-186.000000
-194.000000
-209.000000
-219.000000
-230.000000
-230.000000
-234.000000
-242.000000
-241.000000
-242.000000
-232.000000
-231.000000
-233.000000
-237.000000
-244.000000
-256.000000
-261.000000
-261.000000
-268.000000
-273.000000
-274.000000
-265.000000
-255.000000
-244.000000
-229.000000
-209.000000
-179.000000
-143.000000
-106.000000
-69.000000
-28.000000
12.000000
56.000000
88.000000
115.000000
136.000000
155.000000
153.000000
150.000000
150.000000
149.000000
141.000000
145.000000
147.000000
151.000000
168.000000
186.000000
194.000000
199.000000
200.000000
188.000000
178.000000
155.000000
132.000000
107.000000
87.000000
68.000000
60.000000
55.000000
49.000000
43.000000
45.000000
58.000000
49.000000
42.000000
40.000000
32.000000
25.000000
13.000000
10.000000
5.000000
4.000000
9.000000
24.000000
43.000000
57.000000
71.000000
83.000000
104.000000
115.000000
120.000000
133.000000
150.000000
171.000000
194.000000
210.000000
228.000000
247.000000
257.000000
254.000000
242.000000
228.000000
208.000000
188.000000
175.000000
160.000000
146.000000
136.000000
130.000000
123.000000
101.000000
74.000000
41.000000
14.000000
-17.000000
-42.000000
-63.000000
-84.000000
-90.000000
-95.000000
-110.000000
-114.000000
-123.000000
-131.000000
-138.000000
-155.000000
-173.000000
-194.000000
-210.000000
-227.000000
-240.000000
-244.000000
-254.000000
-259.000000
-251.000000
-247.000000
-240.000000
-245.000000
-257.000000
-260.000000
-261.000000
-271.000000
-278.000000
-284.000000
-283.000000
-271.000000
-254.000000
-234.000000
-212.000000
-186.000000
-157.000000
-117.000000
-81.000000
-52.000000
-25.000000
-16.000000
-2.000000
10.000000
10.000000
12.000000
21.000000
27.000000
35.000000
44.000000
54.000000
63.000000
67.000000
70.000000
72.000000
81.000000
82.000000
76.000000
89.000000
91.000000
93.000000
89.000000
90.000000
91.000000
75.000000
66.000000
64.000000
63.000000
65.000000
55.000000
44.000000
41.000000
30.000000
21.000000
17.000000
8.000000
0.000000
2.000000
6.000000
12.000000
17.000000
29.000000
40.000000
46.000000
58.000000
66.000000
85.000000
99.000000
117.000000
140.000000
164.000000
186.000000
201.000000
235.000000
262.000000
281.000000
296.000000
305.000000
309.000000
296.000000
278.000000
251.000000
219.000000
191.000000
171.000000
141.000000
126.000000
113.000000
105.000000
105.000000
99.000000
91.000000
79.000000
67.000000
60.000000
48.000000
32.000000
5.000000
-25.000000
-47.000000
-71.000000
-96.000000
-117.000000
-135.000000
-155.000000
-162.000000
-164.000000
-176.000000
-167.000000
-162.000000
-168.000000
-166.000000
-172.000000
-179.000000
-193.000000
-213.000000
-243.000000
-258.000000
-286.000000
-302.000000
-302.000000
-313.000000
-301.000000
-287.000000
-254.000000
-225.000000
-182.000000
-151.000000
-131.000000
-109.000000
-89.000000
-79.000000
-74.000000
-78.000000
-85.000000
-89.000000
-94.000000
-90.000000
-93.000000
-85.000000
-72.000000
-58.000000
-43.000000
-32.000000
-14.000000
-1.000000
10.000000
16.000000
18.000000
21.000000
21.000000
17.000000
17.000000
13.000000
1.000000
1.000000
6.000000
12.000000
7.000000
6.000000
19.000000
27.000000
36.000000
36.000000
31.000000
32.000000
27.000000
29.000000
22.000000
15.000000
16.000000
8.000000
9.000000
19.000000
28.000000
42.000000
59.000000
83.000000
109.000000
135.000000
175.000000
217.000000
236.000000
257.000000
274.000000
292.000000
298.000000
297.000000
288.000000
271.000000
267.000000
262.000000
258.000000
243.000000
227.000000
217.000000
207.000000
205.000000
212.000000
211.000000
212.000000
212.000000
198.000000
175.000000
150.000000
119.000000
84.000000
48.000000
23.000000
2.000000
-14.000000
-20.000000
-44.000000
-64.000000
-71.000000
-85.000000
-93.000000
-98.000000
-105.000000
-113.000000
-122.000000
-134.000000
-155.000000
-186.000000
-222.000000
-245.000000
-258.000000
-271.000000
-280.000000
-294.000000
-298.000000
-288.000000
-277.000000
-258.000000
-242.000000
-229.000000
-216.000000
-204.000000
-179.000000
-160.000000
-146.000000
-141.000000
-149.000000
-159.000000
-152.000000
-137.000000
-124.000000
-112.000000
-120.000000
-115.000000
-94.000000
-67.000000
-41.000000
-37.000000
-45.000000
-49.000000
-45.000000
-28.000000
-18.000000
-21.000000
-29.000000
-37.000000
-36.000000
-32.000000
-27.000000
-25.000000
-31.000000
-36.000000
-42.000000
-28.000000
-3.000000
10.000000
16.000000
-2.000000
-17.000000
-24.000000
-23.000000
-21.000000
-30.000000
-37.000000
-37.000000
-22.000000
-1.000000
19.000000
30.000000
37.000000
48.000000
68.000000
103.000000
142.000000
170.000000
187.000000
202.000000
212.000000
235.000000
251.000000
266.000000
279.000000
277.000000
282.000000
285.000000
290.000000
292.000000
284.000000
278.000000
277.000000
274.000000
282.000000
290.000000
288.000000
269.000000
244.000000
222.000000
197.000000
177.000000
153.000000
125.000000
97.000000
69.000000
48.000000
34.000000
23.000000
6.000000
-12.000000
-25.000000
-39.000000
-54.000000
-63.000000
-72.000000
-79.000000
-94.000000
-123.000000
-145.000000
-155.000000
-167.000000
-178.000000
-193.000000
-214.000000
-227.000000
-230.000000
-220.000000
-209.000000
-199.000000
-204.000000
-212.000000
-207.000000
-196.000000
-189.000000
-185.000000
-182.000000
-186.000000
-187.000000
-179.000000
-170.000000
-167.000000
-156.000000
-154.000000
-151.000000
-133.000000
-111.000000
-96.000000
-86.000000
-99.000000
-103.000000
-86.000000
-86.000000
-78.000000
-76.000000
-74.000000
-74.000000
-67.000000
-56.000000
-46.000000
-41.000000
-42.000000
-43.000000
-47.000000
-35.000000
-23.000000
-31.000000
-46.000000
-51.000000
-37.000000
-15.000000
13.000000
12.000000
-7.000000
-28.000000
-35.000000
-23.000000
-9.000000
5.000000
5.000000
11.000000
40.000000
68.000000
91.000000
94.000000
86.000000
83.000000
95.000000
132.000000
175.000000
213.000000
223.000000
203.000000
189.000000
181.000000
180.000000
196.000000
211.000000
238.000000
261.000000
268.000000
267.000000
254.000000
245.000000
223.000000
203.000000
194.000000
196.000000
224.000000
243.000000
241.000000
208.000000
152.000000
104.000000
65.000000
65.000000
83.000000
92.000000
97.000000
87.000000
74.000000
71.000000
61.000000
44.000000
17.000000
-8.000000
-19.000000
-17.000000
2.000000
-3.000000
-28.000000
-73.000000
-114.000000
-124.000000
-110.000000
-77.000000
-64.000000
-81.000000
-120.000000
-140.000000
-140.000000
-134.000000
-146.000000
-185.000000
-238.000000
-278.000000
-248.000000
-186.000000
-128.000000
-124.000000
-195.000000
-256.000000
-282.000000
-252.000000
-199.000000
-167.000000
-193.000000
-242.000000
-230.000000
-147.000000
-44.000000
-28.000000
-172.000000
-409.000000
-521.000000
-392.000000
-83.000000
140.000000
135.000000
-14.000000
-157.000000
-140.000000
-48.000000
-11.000000
-121.000000
-278.000000
-256.000000
-39.000000
282.000000
439.000000
305.000000
-19.000000
-348.000000
-438.000000
-272.000000
74.000000
354.000000
405.000000
302.000000
135.000000
65.000000
46.000000
-16.000000
-148.000000
-290.000000
-227.000000
65.000000
470.000000
726.000000
590.000000
170.000000
-280.000000
-467.000000
-274.000000
93.000000
376.000000
402.000000
280.000000
212.000000
254.000000
323.000000
226.000000
-34.000000
-247.000000
-236.000000
108.000000
526.000000
732.000000
629.000000
290.000000
36.000000
-40.000000
51.000000
171.000000
186.000000
160.000000
154.000000
287.000000
462.000000
503.000000
342.000000
31.000000
-220.000000
-266.000000
-101.000000
123.000000
218.000000
202.000000
149.000000
107.000000
91.000000
-3.000000
-192.000000
-401.000000
-481.000000
-322.000000
-81.000000
107.000000
151.000000
49.000000
-96.000000
-266.000000
-387.000000
-444.000000
-441.000000
-334.000000
-173.000000
7.000000
107.000000
74.000000
-37.000000
-227.000000
-379.000000
-459.000000
-429.000000
-281.000000
-107.000000
65.000000
137.000000
92.000000
-42.000000
-203.000000
-290.000000
-318.000000
-284.000000
-187.000000
-75.000000
60.000000
138.000000
114.000000
3.000000
-161.000000
-223.000000
-216.000000
-173.000000
-87.000000
-4.000000
117.000000
205.000000
205.000000
116.000000
-75.000000
-205.000000
-234.000000
-158.000000
-53.000000
-12.000000
24.000000
36.000000
73.000000
72.000000
2.000000
-89.000000
-187.000000
-176.000000
-93.000000
30.000000
145.000000
176.000000
164.000000
89.000000
7.000000
-34.000000
-43.000000
-1.000000
61.000000
128.000000
183.000000
211.000000
241.000000
244.000000
192.000000
131.000000
68.000000
70.000000
118.000000
190.000000
262.000000
253.000000
214.000000
128.000000
74.000000
59.000000
48.000000
89.000000
107.000000
137.000000
162.000000
160.000000
168.000000
145.000000
122.000000
78.000000
16.000000
-9.000000
8.000000
74.000000
126.000000
132.000000
90.000000
23.000000
-3.000000
16.000000
18.000000
-7.000000
-57.000000
-70.000000
-35.000000
10.000000
35.000000
4.000000
-42.000000
-77.000000
-105.000000
-104.000000
-115.000000
-99.000000
-76.000000
-57.000000
-33.000000
-57.000000
-82.000000
-115.000000
-122.000000
-97.000000
-76.000000
-49.000000
-30.000000
-1.000000
12.000000
-7.000000
-18.000000
-44.000000
-63.000000
-46.000000
-45.000000
-34.000000
-30.000000
-30.000000
-18.000000
-25.000000
-37.000000
-71.000000
-92.000000
-79.000000
-59.000000
-41.000000
-51.000000
-84.000000
-83.000000
-89.000000
-71.000000
-79.000000
-110.000000
-138.000000
-177.000000
-174.000000
-155.000000
-97.000000
-60.000000
-53.000000
-66.000000
-92.000000
-91.000000
-85.000000
-74.000000
-89.000000
-112.000000
-87.000000
-33.000000
32.000000
63.000000
29.000000
-36.000000
-80.000000
-70.000000
-32.000000
20.000000
49.000000
53.000000
61.000000
72.000000
82.000000
88.000000
64.000000
48.000000
55.000000
72.000000
110.000000
129.000000
130.000000
112.000000
85.000000
64.000000
42.000000
41.000000
29.000000
51.000000
82.000000
95.000000
83.000000
53.000000
47.000000
40.000000
37.000000
16.000000
-11.000000
-24.000000
-13.000000
25.000000
47.000000
33.000000
1.000000
-44.000000
-59.000000
-34.000000
14.000000
63.000000
75.000000
70.000000
60.000000
70.000000
94.000000
100.000000
82.000000
54.000000
50.000000
71.000000
93.000000
111.000000
79.000000
23.000000
-11.000000
-13.000000
22.000000
66.000000
106.000000
117.000000
90.000000
57.000000
21.000000
11.000000
23.000000
6.000000
-11.000000
-30.000000
-10.000000
20.000000
29.000000
10.000000
-36.000000
-57.000000
-46.000000
-9.000000
32.000000
51.000000
49.000000
37.000000
5.000000
-33.000000
-74.000000
-107.000000
-117.000000
-121.000000
-105.000000
-74.000000
-53.000000
-39.000000
-56.000000
-89.000000
-130.000000
-145.000000
-133.000000
-100.000000
-55.000000
-31.000000
-13.000000
-23.000000
-46.000000
-71.000000
-100.000000
-116.000000
-127.000000
-118.000000
-66.000000
-8.000000
28.000000
29.000000
-6.000000
-45.000000
-64.000000
-40.000000
-35.000000
-32.000000
-24.000000
-8.000000
20.000000
16.000000
-1.000000
-27.000000
-64.000000
-70.000000
-72.000000
-55.000000
-25.000000
-12.000000
9.000000
-1.000000
-20.000000
-21.000000
-20.000000
3.000000
5.000000
-6.000000
-11.000000
-9.000000
9.000000
26.000000
36.000000
23.000000
-8.000000
-27.000000
-32.000000
2.000000
46.000000
71.000000
72.000000
49.000000
58.000000
82.000000
93.000000
90.000000
54.000000
32.000000
44.000000
76.000000
113.000000
114.000000
103.000000
76.000000
55.000000
50.000000
44.000000
64.000000
92.000000
116.000000
133.000000
126.000000
112.000000
104.000000
96.000000
84.000000
65.000000
60.000000
60.000000
73.000000
91.000000
93.000000
86.000000
59.000000
18.000000
0.000000
20.000000
58.000000
82.000000
80.000000
39.000000
2.000000
3.000000
-3.000000
-5.000000
-35.000000
-71.000000
-64.000000
-42.000000
-20.000000
-24.000000
-68.000000
-103.000000
-119.000000
-106.000000
-80.000000
-66.000000
-58.000000
-63.000000
-59.000000
-58.000000
-63.000000
-66.000000
-86.000000
-94.000000
-111.000000
-114.000000
-99.000000
-103.000000
-98.000000
-98.000000
-103.000000
-95.000000
-97.000000
-79.000000
-60.000000
-38.000000
-18.000000
-31.000000
-37.000000
-33.000000
-6.000000
6.000000
-29.000000
-66.000000
-99.000000
-93.000000
-43.000000
-18.000000
-9.000000
-29.000000
-45.000000
-26.000000
4.000000
22.000000
14.000000
-5.000000
-25.000000
-28.000000
-4.000000
11.000000
-1.000000
-27.000000
-76.000000
-93.000000
-76.000000
-35.000000
8.000000
2.000000
-4.000000
-18.000000
1.000000
32.000000
47.000000
65.000000
53.000000
41.000000
34.000000
38.000000
63.000000
75.000000
72.000000
51.000000
30.000000
34.000000
59.000000
92.000000
110.000000
103.000000
85.000000
100.000000
140.000000
159.000000
161.000000
146.000000
118.000000
98.000000
80.000000
82.000000
83.000000
77.000000
75.000000
67.000000
66.000000
80.000000
93.000000
104.000000
100.000000
96.000000
93.000000
96.000000
99.000000
66.000000
40.000000
19.000000
3.000000
-4.000000
-25.000000
-37.000000
-34.000000
-42.000000
-41.000000
-52.000000
-61.000000
-58.000000
-49.000000
-41.000000
-51.000000
-50.000000
-48.000000
-43.000000
-62.000000
-84.000000
-90.000000
-97.000000
-82.000000
-94.000000
-119.000000
-130.000000
-110.000000
-67.000000
-33.000000
-19.000000
-21.000000
-25.000000
-21.000000
-13.000000
-16.000000
-22.000000
-21.000000
-15.000000
-21.000000
-25.000000
-23.000000
-34.000000
-45.000000
-63.000000
-83.000000
-86.000000
-66.000000
-28.000000
-9.000000
-4.000000
-22.000000
-53.000000
-63.000000
-65.000000
-45.000000
-31.000000
-33.000000
-38.000000
-51.000000
-52.000000
-53.000000
-57.000000
-82.000000
-104.000000
-95.000000
-69.000000
-36.000000
5.000000
10.000000
5.000000
-6.000000
-28.000000
-32.000000
-30.000000
-13.000000
-2.000000
-1.000000
3.000000
0.000000
10.000000
5.000000
-9.000000
-13.000000
-18.000000
14.000000
52.000000
86.000000
108.000000
108.000000
108.000000
102.000000
97.000000
91.000000
93.000000
100.000000
109.000000
100.000000
88.000000
70.000000
70.000000
74.000000
78.000000
86.000000
88.000000
97.000000
110.000000
137.000000
130.000000
108.000000
73.000000
41.000000
31.000000
15.000000
14.000000
4.000000
0.000000
0.000000
8.000000
19.000000
25.000000
18.000000
6.000000
-14.000000
-16.000000
-4.000000
10.000000
26.000000
18.000000
5.000000
-19.000000
-43.000000
-44.000000
-42.000000
-36.000000
-33.000000
-46.000000
-39.000000
-27.000000
-9.000000
-2.000000
-28.000000
-45.000000
-42.000000
-15.000000
20.000000
34.000000
25.000000
-7.000000
-32.000000
-36.000000
-35.000000
-37.000000
-47.000000
-55.000000
-51.000000
-35.000000
-23.000000
-20.000000
-21.000000
-32.000000
-57.000000
-61.000000
-57.000000
-41.000000
-28.000000
-37.000000
-41.000000
-49.000000
-51.000000
-55.000000
-76.000000
-97.000000
-120.000000
-124.000000
-121.000000
-105.000000
-83.000000
-68.000000
-50.000000
-53.000000
-66.000000
-71.000000
-81.000000
-84.000000
-87.000000
-79.000000
-62.000000
-49.000000
-44.000000
-43.000000
-52.000000
-58.000000
-55.000000
-49.000000
-33.000000
-13.000000
17.000000
32.000000
55.000000
63.000000
45.000000
33.000000
20.000000
25.000000
41.000000
53.000000
63.000000
76.000000
81.000000
93.000000
98.000000
89.000000
84.000000
83.000000
98.000000
126.000000
140.000000
159.000000
159.000000
153.000000
137.000000
118.000000
108.000000
90.000000
81.000000
73.000000
79.000000
89.000000
96.000000
86.000000
75.000000
67.000000
51.000000
41.000000
37.000000
29.000000
23.000000
24.000000
20.000000
7.000000
-5.000000
-14.000000
-14.000000
-12.000000
-5.000000
0.000000
6.000000
13.000000
13.000000
17.000000
9.000000
13.000000
19.000000
18.000000
18.000000
26.000000
40.000000
41.000000
37.000000
15.000000
-2.000000
-16.000000
-28.000000
-40.000000
-49.000000
-57.000000
-57.000000
-43.000000
-27.000000
-21.000000
-27.000000
-32.000000
-40.000000
-63.000000
-75.000000
-77.000000
-73.000000
-74.000000
-80.000000
-92.000000
-89.000000
-83.000000
-72.000000
-72.000000
-85.000000
-100.000000
-108.000000
-96.000000
-81.000000
-62.000000
-61.000000
-86.000000
-97.000000
-90.000000
-77.000000
-77.000000
-91.000000
-106.000000
-120.000000
-100.000000
-73.000000
-59.000000
-50.000000
-54.000000
-55.000000
-39.000000
-9.000000
11.000000
20.000000
9.000000
-10.000000
-15.000000
-22.000000
-21.000000
-8.000000
8.000000
20.000000
32.000000
50.000000
70.000000
83.000000
84.000000
68.000000
46.000000
48.000000
67.000000
92.000000
110.000000
112.000000
103.000000
85.000000
72.000000
80.000000
89.000000
88.000000
87.000000
77.000000
63.000000
67.000000
71.000000
82.000000
91.000000
83.000000
74.000000
75.000000
67.000000
62.000000
57.000000
27.000000
4.000000
7.000000
16.000000
20.000000
27.000000
11.000000
14.000000
15.000000
19.000000
26.000000
23.000000
25.000000
24.000000
24.000000
9.000000
1.000000
-8.000000
-9.000000
-7.000000
-4.000000
-7.000000
-14.000000
-17.000000
-7.000000
-3.000000
-1.000000
6.000000
-5.000000
-4.000000
3.000000
7.000000
8.000000
5.000000
-2.000000
-10.000000
-11.000000
-18.000000
-38.000000
-52.000000
-64.000000
-54.000000
-45.000000
-41.000000
-49.000000
-52.000000
-54.000000
-46.000000
-55.000000
-76.000000
-89.000000
-98.000000
-80.000000
-79.000000
-71.000000
-76.000000
-94.000000
-106.000000
-99.000000
-91.000000
-91.000000
-91.000000
-88.000000
-72.000000
-54.000000
-44.000000
-46.000000
-52.000000
-53.000000
-58.000000
-50.000000
-43.000000
-46.000000
-36.000000
-23.000000
-19.000000
-13.000000
-11.000000
-15.000000
-8.000000
-7.000000
4.000000
17.000000
32.000000
43.000000
43.000000
51.000000
50.000000
41.000000
46.000000
47.000000
53.000000
56.000000
66.000000
77.000000
79.000000
68.000000
50.000000
45.000000
32.000000
36.000000
51.000000
59.000000
67.000000
67.000000
66.000000
71.000000
69.000000
59.000000
57.000000
43.000000
32.000000
25.000000
26.000000
25.000000
18.000000
26.000000
25.000000
31.000000
36.000000
39.000000
49.000000
47.000000
49.000000
46.000000
42.000000
43.000000
34.000000
35.000000
36.000000
44.000000
44.000000
45.000000
43.000000
36.000000
42.000000
39.000000
31.000000
19.000000
13.000000
11.000000
19.000000
25.000000
33.000000
33.000000
10.000000
-1.000000
1.000000
-10.000000
-36.000000
-54.000000
-71.000000
-77.000000
-69.000000
-64.000000
-54.000000
-55.000000
-53.000000
-44.000000
-35.000000
-35.000000
-39.000000
-56.000000
-74.000000
-82.000000
-81.000000
-80.000000
-77.000000
-66.000000
-70.000000
-74.000000
-75.000000
-78.000000
-77.000000
-78.000000
-76.000000
-80.000000
-72.000000
-72.000000
-65.000000
-47.000000
-48.000000
-51.000000
-48.000000
-44.000000
-41.000000
-36.000000
-43.000000
-47.000000
-43.000000
-46.000000
-40.000000
-26.000000
-18.000000
2.000000
10.000000
17.000000
20.000000
29.000000
44.000000
42.000000
34.000000
20.000000
9.000000
-1.000000
16.000000
13.000000
12.000000
16.000000
15.000000
37.000000
55.000000
71.000000
79.000000
66.000000
53.000000
44.000000
50.000000
48.000000
46.000000
45.000000
45.000000
51.000000
54.000000
57.000000
49.000000
44.000000
41.000000
44.000000
52.000000
57.000000
67.000000
66.000000
64.000000
53.000000
48.000000
47.000000
42.000000
47.000000
59.000000
71.000000
79.000000
67.000000
56.000000
38.000000
17.000000
16.000000
19.000000
25.000000
33.000000
34.000000
36.000000
46.000000
49.000000
36.000000
9.000000
-13.000000
-28.000000
-30.000000
-30.000000
-26.000000
-27.000000
-34.000000
-35.000000
