-29.000000
-39.000000
-57.000000
-60.000000
-50.000000
-32.000000
0.000000
28.000000
60.000000
83.000000
101.000000
91.000000
67.000000
41.000000
9.000000
-9.000000
-24.000000
-27.000000
-22.000000
-7.000000
3.000000
2.000000
5.000000
0.000000
12.000000
26.000000
43.000000
76.000000
104.000000
132.000000
135.000000
126.000000
101.000000
68.000000
34.000000
-13.000000
-33.000000
-59.000000
-88.000000
-114.000000
-140.000000
-137.000000
-131.000000
-126.000000
-112.000000
-69.000000
-38.000000
-8.000000
35.000000
76.000000
103.000000
124.000000
120.000000
105.000000
103.000000
82.000000
68.000000
58.000000
43.000000
25.000000
-10.000000
-40.000000
-61.000000
-88.000000
-89.000000
-78.000000
-68.000000
-43.000000
-24.000000
0.000000
33.000000
52.000000
67.000000
86.000000
90.000000
81.000000
69.000000
42.000000
17.000000
-18.000000
-63.000000
-88.000000
-106.000000
-106.000000
-107.000000
-106.000000
-97.000000
-89.000000
-73.000000
-65.000000
-55.000000
-36.000000
-12.000000
20.000000
45.000000
67.000000
93.000000
85.000000
71.000000
55.000000
21.000000
-7.000000
-38.000000
-52.000000
-59.000000
-64.000000
-55.000000
-44.000000
-37.000000
-16.000000
-5.000000
3.000000
11.000000
8.000000
13.000000
4.000000
4.000000
19.000000
36.000000
48.000000
64.000000
70.000000
51.000000
30.000000
5.000000
-13.000000
-12.000000
-4.000000
26.000000
63.000000
85.000000
92.000000
62.000000
12.000000
-26.000000
-59.000000
-66.000000
-67.000000
-43.000000
-6.000000
25.000000
50.000000
46.000000
26.000000
-3.000000
-37.000000
-54.000000
-36.000000
-21.000000
0.000000
32.000000
54.000000
53.000000
39.000000
18.000000
-4.000000
-21.000000
-34.000000
-19.000000
15.000000
43.000000
66.000000
77.000000
80.000000
51.000000
11.000000
-28.000000
-58.000000
-63.000000
-61.000000
-40.000000
1.000000
35.000000
64.000000
74.000000
65.000000
30.000000
-29.000000
-76.000000
-113.000000
-132.000000
-135.000000
-105.000000
-72.000000
-34.000000
9.000000
22.000000
31.000000
17.000000
-10.000000
-27.000000
-38.000000
-29.000000
-8.000000
18.000000
33.000000
53.000000
51.000000
33.000000
16.000000
-20.000000
-39.000000
-41.000000
-38.000000
-20.000000
-3.000000
3.000000
1.000000
-9.000000
-15.000000
-31.000000
-41.000000
-33.000000
-17.000000
2.000000
35.000000
63.000000
86.000000
88.000000
72.000000
59.000000
40.000000
5.000000
-26.000000
-32.000000
-45.000000
-57.000000
-54.000000
-49.000000
-44.000000
-48.000000
-41.000000
-23.000000
-12.000000
16.000000
45.000000
74.000000
96.000000
96.000000
101.000000
89.000000
61.000000
50.000000
35.000000
34.000000
40.000000
50.000000
55.000000
35.000000
25.000000
1.000000
-24.000000
-44.000000
-74.000000
-80.000000
-62.000000
-39.000000
-5.000000
30.000000
57.000000
57.000000
43.000000
10.000000
-30.000000
-68.000000
-86.000000
-74.000000
-63.000000
-33.000000
-9.000000
7.000000
9.000000
3.000000
-20.000000
-56.000000
-64.000000
-66.000000
-44.000000
-18.000000
13.000000
42.000000
54.000000
55.000000
43.000000
17.000000
5.000000
-17.000000
-31.000000
-27.000000
-14.000000
5.000000
18.000000
22.000000
21.000000
16.000000
-15.000000
-29.000000
-31.000000
-38.000000
-23.000000
-5.000000
24.000000
46.000000
49.000000
50.000000
40.000000
22.000000
-10.000000
-48.000000
-83.000000
-91.000000
-86.000000
-67.000000
-19.000000
24.000000
77.000000
114.000000
128.000000
127.000000
86.000000
32.000000
-30.000000
-68.000000
-97.000000
-100.000000
-91.000000
-78.000000
-60.000000
-55.000000
-59.000000
-76.000000
-75.000000
-68.000000
-40.000000
-9.000000
47.000000
77.000000
117.000000
145.000000
138.000000
116.000000
76.000000
41.000000
-5.000000
-24.000000
-18.000000
-2.000000
21.000000
41.000000
55.000000
41.000000
15.000000
-24.000000
-58.000000
-77.000000
-96.000000
-87.000000
-44.000000
7.000000
57.000000
103.000000
133.000000
128.000000
110.000000
80.000000
35.000000
-15.000000
-48.000000
-71.000000
-74.000000
-66.000000
-61.000000
-50.000000
-47.000000
-60.000000
-63.000000
-58.000000
-66.000000
-60.000000
-28.000000
11.000000
41.000000
73.000000
91.000000
97.000000
78.000000
40.000000
9.000000
-30.000000
-55.000000
-54.000000
-44.000000
-34.000000
-17.000000
-24.000000
-37.000000
-56.000000
-81.000000
-94.000000
-106.000000
-90.000000
-64.000000
-24.000000
45.000000
107.000000
157.000000
188.000000
191.000000
175.000000
136.000000
87.000000
39.000000
8.000000
-20.000000
-44.000000
-47.000000
-67.000000
-86.000000
-94.000000
-105.000000
-105.000000
-96.000000
-70.000000
-40.000000
-9.000000
5.000000
0.000000
-3.000000
-11.000000
-8.000000
-1.000000
22.000000
40.000000
60.000000
68.000000
54.000000
26.000000
-8.000000
-41.000000
-65.000000
-63.000000
-57.000000
-31.000000
-12.000000
12.000000
30.000000
21.000000
7.000000
-6.000000
-23.000000
-22.000000
5.000000
51.000000
90.000000
121.000000
129.000000
109.000000
64.000000
-4.000000
-62.000000
-105.000000
-122.000000
-111.000000
-74.000000
-19.000000
32.000000
65.000000
69.000000
53.000000
29.000000
4.000000
-21.000000
-51.000000
-49.000000
-26.000000
-5.000000
19.000000
45.000000
68.000000
66.000000
64.000000
61.000000
49.000000
28.000000
9.000000
-11.000000
-26.000000
-31.000000
-57.000000
-76.000000
-99.000000
-122.000000
-132.000000
-125.000000
-107.000000
-75.000000
-19.000000
38.000000
80.000000
115.000000
134.000000
120.000000
90.000000
48.000000
0.000000
-51.000000
-87.000000
-86.000000
-74.000000
-50.000000
-18.000000
19.000000
52.000000
71.000000
70.000000
56.000000
34.000000
4.000000
-3.000000
-14.000000
-27.000000
-24.000000
-31.000000
-38.000000
-40.000000
-48.000000
-37.000000
-21.000000
-5.000000
20.000000
41.000000
42.000000
38.000000
25.000000
7.000000
-15.000000
-38.000000
-42.000000
-30.000000
-5.000000
24.000000
61.000000
76.000000
84.000000
72.000000
51.000000
20.000000
-11.000000
-31.000000
-50.000000
-47.000000
-42.000000
-26.000000
6.000000
27.000000
55.000000
67.000000
75.000000
81.000000
65.000000
53.000000
26.000000
-16.000000
-69.000000
-135.000000
-183.000000
-203.000000
-184.000000
-135.000000
-72.000000
23.000000
91.000000
146.000000
168.000000
152.000000
121.000000
75.000000
40.000000
3.000000
-6.000000
11.000000
21.000000
22.000000
9.000000
-16.000000
-57.000000
-97.000000
-132.000000
-143.000000
-129.000000
-87.000000
-26.000000
36.000000
88.000000
97.000000
90.000000
61.000000
25.000000
-12.000000
-18.000000
-1.000000
25.000000
58.000000
78.000000
76.000000
52.000000
20.000000
-25.000000
-65.000000
-90.000000
-98.000000
-93.000000
-86.000000
-70.000000
-44.000000
-33.000000
-11.000000
5.000000
9.000000
25.000000
28.000000
34.000000
42.000000
53.000000
71.000000
96.000000
105.000000
123.000000
117.000000
90.000000
62.000000
2.000000
-53.000000
-116.000000
-160.000000
-168.000000
-153.000000
-131.000000
-87.000000
-35.000000
22.000000
72.000000
111.000000
134.000000
138.000000
135.000000
134.000000
121.000000
100.000000
67.000000
20.000000
-50.000000
-115.000000
-159.000000
-186.000000
-187.000000
-159.000000
-116.000000
-80.000000
-32.000000
-6.000000
8.000000
21.000000
22.000000
38.000000
67.000000
112.000000
155.000000
175.000000
174.000000
148.000000
91.000000
14.000000
-70.000000
-144.000000
-194.000000
-215.000000
-189.000000
-139.000000
-66.000000
-9.000000
28.000000
63.000000
68.000000
70.000000
70.000000
67.000000
71.000000
73.000000
71.000000
65.000000
61.000000
52.000000
21.000000
-19.000000
-56.000000
-89.000000
-126.000000
-128.000000
-118.000000
-110.000000
-91.000000
-60.000000
-7.000000
46.000000
102.000000
166.000000
202.000000
210.000000
176.000000
136.000000
71.000000
8.000000
-25.000000
-50.000000
-46.000000
-32.000000
-17.000000
-13.000000
-28.000000
-45.000000
-83.000000
-109.000000
-109.000000
-99.000000
-63.000000
-21.000000
36.000000
73.000000
81.000000
74.000000
46.000000
10.000000
-8.000000
-2.000000
29.000000
66.000000
114.000000
146.000000
135.000000
88.000000
-2.000000
-100.000000
-188.000000
-245.000000
-261.000000
-237.000000
-163.000000
-54.000000
38.000000
117.000000
181.000000
205.000000
191.000000
157.000000
117.000000
79.000000
38.000000
-12.000000
-54.000000
-96.000000
-119.000000
-136.000000
-136.000000
-126.000000
-113.000000
-87.000000
-60.000000
-30.000000
-10.000000
-11.000000
-16.000000
-25.000000
-30.000000
-17.000000
-3.000000
29.000000
59.000000
81.000000
103.000000
113.000000
115.000000
92.000000
69.000000
51.000000
17.000000
-3.000000
-36.000000
-76.000000
-115.000000
-143.000000
-152.000000
-141.000000
-109.000000
-61.000000
-15.000000
43.000000
97.000000
128.000000
144.000000
134.000000
129.000000
124.000000
108.000000
88.000000
51.000000
7.000000
-27.000000
-72.000000
-91.000000
-113.000000
-97.000000
-74.000000
-40.000000
6.000000
23.000000
47.000000
38.000000
29.000000
27.000000
20.000000
21.000000
42.000000
79.000000
98.000000
119.000000
110.000000
75.000000
19.000000
-54.000000
-120.000000
-146.000000
-149.000000
-122.000000
-70.000000
-32.000000
8.000000
35.000000
33.000000
9.000000
-6.000000
-19.000000
-22.000000
-2.000000
33.000000
61.000000
75.000000
76.000000
53.000000
1.000000
-52.000000
-95.000000
-121.000000
-113.000000
-72.000000
-7.000000
64.000000
129.000000
176.000000
171.000000
134.000000
74.000000
-23.000000
-118.000000
-175.000000
-201.000000
-205.000000
-171.000000
-110.000000
-32.000000
41.000000
93.000000
124.000000
144.000000
134.000000
114.000000
85.000000
48.000000
21.000000
-18.000000
-48.000000
-90.000000
-121.000000
-143.000000
-167.000000
-176.000000
-152.000000
-126.000000
-90.000000
-29.000000
33.000000
109.000000
151.000000
181.000000
190.000000
157.000000
108.000000
42.000000
-36.000000
-82.000000
-121.000000
-154.000000
-144.000000
-109.000000
-57.000000
-12.000000
36.000000
75.000000
100.000000
111.000000
105.000000
92.000000
79.000000
52.000000
33.000000
21.000000
-1.000000
-11.000000
-18.000000
-22.000000
-30.000000
-32.000000
-13.000000
1.000000
11.000000
22.000000
34.000000
42.000000
41.000000
34.000000
12.000000
-8.000000
-40.000000
-55.000000
-74.000000
-82.000000
-64.000000
-32.000000
3.000000
35.000000
61.000000
65.000000
72.000000
50.000000
22.000000
2.000000
-10.000000
0.000000
28.000000
66.000000
103.000000
131.000000
131.000000
102.000000
37.000000
-38.000000
-135.000000
-208.000000
-248.000000
-256.000000
-217.000000
-134.000000
-16.000000
89.000000
184.000000
248.000000
255.000000
204.000000
116.000000
12.000000
-105.000000
-202.000000
-266.000000
-282.000000
-251.000000
-174.000000
-78.000000
30.000000
107.000000
148.000000
165.000000
133.000000
90.000000
35.000000
-5.000000
-25.000000
-32.000000
-12.000000
0.000000
10.000000
8.000000
-29.000000
-61.000000
-103.000000
-134.000000
-113.000000
-53.000000
33.000000
114.000000
185.000000
226.000000
211.000000
146.000000
45.000000
-73.000000
-174.000000
-236.000000
-260.000000
-220.000000
-145.000000
-53.000000
36.000000
100.000000
137.000000
122.000000
83.000000
28.000000
-32.000000
-66.000000
-70.000000
-40.000000
10.000000
77.000000
131.000000
173.000000
188.000000
168.000000
125.000000
46.000000
-33.000000
-111.000000
-156.000000
-173.000000
-148.000000
-85.000000
-20.000000
40.000000
83.000000
92.000000
79.000000
76.000000
76.000000
75.000000
94.000000
117.000000
135.000000
137.000000
100.000000
40.000000
-57.000000
-170.000000
-252.000000
-287.000000
-254.000000
-151.000000
-28.000000
105.000000
205.000000
249.000000
233.000000
153.000000
36.000000
-85.000000
-173.000000
-210.000000
-197.000000
-133.000000
-44.000000
64.000000
129.000000
171.000000
162.000000
119.000000
65.000000
-1.000000
-54.000000
-121.000000
-156.000000
-170.000000
-158.000000
-131.000000
-81.000000
-27.000000
17.000000
48.000000
51.000000
36.000000
22.000000
14.000000
-5.000000
7.000000
32.000000
48.000000
85.000000
96.000000
71.000000
29.000000
-52.000000
-136.000000
-198.000000
-209.000000
-175.000000
-97.000000
6.000000
101.000000
162.000000
180.000000
145.000000
55.000000
-46.000000
-134.000000
-182.000000
-163.000000
-85.000000
30.000000
169.000000
285.000000
322.000000
308.000000
221.000000
79.000000
-76.000000
-233.000000
-339.000000
-365.000000
-317.000000
-211.000000
-60.000000
101.000000
247.000000
328.000000
354.000000
314.000000
204.000000
84.000000
-38.000000
-122.000000
-160.000000
-148.000000
-120.000000
-83.000000
-32.000000
-2.000000
17.000000
9.000000
-13.000000
-18.000000
-17.000000
11.000000
35.000000
66.000000
103.000000
106.000000
87.000000
45.000000
-4.000000
-59.000000
-81.000000
-82.000000
-48.000000
9.000000
56.000000
101.000000
115.000000
111.000000
72.000000
18.000000
-33.000000
-108.000000
-166.000000
-201.000000
-216.000000
-182.000000
-130.000000
-67.000000
5.000000
51.000000
81.000000
93.000000
84.000000
74.000000
55.000000
27.000000
-2.000000
-25.000000
-40.000000
-51.000000
-53.000000
-63.000000
-70.000000
-85.000000
-95.000000
-83.000000
-51.000000
-3.000000
51.000000
111.000000
137.000000
135.000000
133.000000
113.000000
75.000000
48.000000
13.000000
-16.000000
-34.000000
-44.000000
-48.000000
-66.000000
-68.000000
-92.000000
-102.000000
-107.000000
-118.000000
-100.000000
-68.000000
-20.000000
35.000000
95.000000
148.000000
187.000000
209.000000
198.000000
159.000000
105.000000
25.000000
-46.000000
-107.000000
-139.000000
-139.000000
-112.000000
-69.000000
-9.000000
45.000000
73.000000
69.000000
51.000000
20.000000
-2.000000
-5.000000
9.000000
35.000000
66.000000
115.000000
135.000000
129.000000
104.000000
43.000000
-24.000000
-91.000000
-154.000000
-177.000000
-155.000000
-114.000000
-65.000000
-15.000000
28.000000
39.000000
35.000000
8.000000
-24.000000
-50.000000
-78.000000
-70.000000
-34.000000
25.000000
110.000000
184.000000
223.000000
220.000000
180.000000
108.000000
5.000000
-101.000000
-179.000000
-246.000000
-280.000000
-274.000000
-242.000000
-171.000000
-84.000000
7.000000
88.000000
147.000000
184.000000
196.000000
192.000000
154.000000
95.000000
34.000000
-39.000000
-99.000000
-153.000000
-169.000000
-161.000000
-132.000000
-86.000000
-54.000000
-18.000000
8.000000
6.000000
-10.000000
-28.000000
-40.000000
-40.000000
-17.000000
32.000000
90.000000
135.000000
172.000000
171.000000
142.000000
81.000000
3.000000
-53.000000
-100.000000
-122.000000
-117.000000
-87.000000
-53.000000
-22.000000
-5.000000
-1.000000
-3.000000
0.000000
-1.000000
10.000000
47.000000
91.000000
137.000000
171.000000
198.000000
179.000000
112.000000
36.000000
-66.000000
-164.000000
-227.000000
-252.000000
-213.000000
-131.000000
-14.000000
100.000000
202.000000
262.000000
257.000000
202.000000
99.000000
-14.000000
-123.000000
-185.000000
-179.000000
-124.000000
-32.000000
73.000000
147.000000
179.000000
151.000000
74.000000
-33.000000
-157.000000
-235.000000
-266.000000
-243.000000
-146.000000
-13.000000
129.000000
238.000000
298.000000
287.000000
216.000000
107.000000
-12.000000
-104.000000
-171.000000
-196.000000
-181.000000
-133.000000
-70.000000
-2.000000
35.000000
37.000000
24.000000
-17.000000
-66.000000
-107.000000
-113.000000
-101.000000
-73.000000
-30.000000
31.000000
79.000000
117.000000
126.000000
116.000000
86.000000
41.000000
9.000000
-40.000000
-81.000000
-114.000000
-133.000000
-145.000000
-150.000000
-139.000000
-113.000000
-81.000000
-43.000000
7.000000
53.000000
106.000000
146.000000
178.000000
207.000000
212.000000
193.000000
145.000000
82.000000
17.000000
-64.000000
-141.000000
-201.000000
-233.000000
-225.000000
-190.000000
-132.000000
-58.000000
18.000000
74.000000
114.000000
143.000000
165.000000
158.000000
143.000000
144.000000
122.000000
123.000000
125.000000
96.000000
45.000000
-31.000000
-121.000000
-198.000000
-248.000000
-257.000000
-211.000000
-149.000000
-38.000000
70.000000
164.000000
233.000000
242.000000
216.000000
147.000000
58.000000
-35.000000
-99.000000
-124.000000
-116.000000
-78.000000
-29.000000
22.000000
55.000000
69.000000
62.000000
28.000000
-30.000000
-78.000000
-127.000000
-154.000000
-132.000000
-108.000000
-55.000000
15.000000
69.000000
132.000000
163.000000
160.000000
148.000000
95.000000
20.000000
-54.000000
-123.000000
-158.000000
-173.000000
-154.000000
-120.000000
-81.000000
-33.000000
-12.000000
6.000000
26.000000
36.000000
37.000000
48.000000
45.000000
52.000000
50.000000
30.000000
20.000000
-4.000000
-30.000000
-61.000000
-74.000000
-66.000000
-27.000000
14.000000
48.000000
50.000000
26.000000
-6.000000
-42.000000
-55.000000
-63.000000
-39.000000
8.000000
59.000000
104.000000
142.000000
161.000000
142.000000
103.000000
44.000000
-23.000000
-71.000000
-101.000000
-107.000000
-91.000000
-61.000000
-39.000000
-27.000000
-20.000000
-17.000000
-12.000000
4.000000
34.000000
68.000000
109.000000
146.000000
171.000000
194.000000
185.000000
138.000000
60.000000
-38.000000
-126.000000
-202.000000
-222.000000
-187.000000
-132.000000
-72.000000
-17.000000
22.000000
32.000000
29.000000
20.000000
8.000000
-1.000000
8.000000
33.000000
79.000000
124.000000
165.000000
169.000000
112.000000
21.000000
-117.000000
-224.000000
-281.000000
-277.000000
-196.000000
-90.000000
0.000000
63.000000
105.000000
106.000000
88.000000
56.000000
2.000000
-34.000000
-55.000000
-40.000000
17.000000
96.000000
170.000000
197.000000
175.000000
95.000000
-6.000000
-99.000000
-166.000000
-189.000000
-209.000000
-209.000000
-201.000000
-177.000000
-129.000000
-72.000000
10.000000
84.000000
147.000000
191.000000
224.000000
251.000000
260.000000
231.000000
161.000000
47.000000
-105.000000
-248.000000
-349.000000
-359.000000
-294.000000
-183.000000
-19.000000
131.000000
246.000000
296.000000
274.000000
206.000000
82.000000
-50.000000
-149.000000
-206.000000
-185.000000
-94.000000
31.000000
163.000000
250.000000
276.000000
217.000000
87.000000
-59.000000
-197.000000
-277.000000
-283.000000
-212.000000
-83.000000
76.000000
198.000000
259.000000
249.000000
144.000000
-11.000000
-188.000000
-315.000000
-356.000000
-305.000000
-149.000000
49.000000
238.000000
366.000000
418.000000
363.000000
240.000000
84.000000
-76.000000
-187.000000
-263.000000
-275.000000
-251.000000
-211.000000
-149.000000
-72.000000
9.000000
74.000000
126.000000
162.000000
189.000000
197.000000
168.000000
120.000000
47.000000
-56.000000
-138.000000
-185.000000
-186.000000
-143.000000
-76.000000
1.000000
49.000000
77.000000
62.000000
38.000000
17.000000
-22.000000
-39.000000
-59.000000
-63.000000
-67.000000
-40.000000
-10.000000
12.000000
41.000000
46.000000
40.000000
12.000000
-21.000000
-32.000000
-26.000000
-9.000000
25.000000
53.000000
77.000000
88.000000
69.000000
35.000000
-15.000000
-67.000000
-102.000000
-107.000000
-87.000000
-48.000000
10.000000
58.000000
92.000000
98.000000
70.000000
32.000000
10.000000
3.000000
1.000000
17.000000
34.000000
51.000000
41.000000
9.000000
-44.000000
-115.000000
-168.000000
-175.000000
-140.000000
-55.000000
66.000000
169.000000
250.000000
292.000000
269.000000
197.000000
69.000000
-96.000000
-240.000000
-324.000000
-327.000000
-263.000000
-146.000000
-15.000000
88.000000
160.000000
196.000000
206.000000
178.000000
128.000000
67.000000
-2.000000
-51.000000
-87.000000
-93.000000
-64.000000
-42.000000
-37.000000
-39.000000
-25.000000
-20.000000
-5.000000
14.000000
3.000000
-26.000000
-59.000000
-81.000000
-79.000000
-45.000000
16.000000
71.000000
110.000000
146.000000
162.000000
151.000000
98.000000
13.000000
-71.000000
-129.000000
-164.000000
-168.000000
-139.000000
-114.000000
-94.000000
-59.000000
-23.000000
5.000000
26.000000
25.000000
25.000000
56.000000
97.000000
138.000000
150.000000
104.000000
16.000000
-70.000000
-127.000000
-135.000000
-117.000000
-95.000000
-53.000000
-7.000000
42.000000
110.000000
164.000000
164.000000
114.000000
30.000000
-71.000000
-153.000000
-187.000000
-155.000000
-87.000000
-1.000000
95.000000
165.000000
217.000000
208.000000
155.000000
80.000000
-16.000000
-89.000000
-133.000000
-135.000000
-116.000000
-79.000000
-22.000000
37.000000
90.000000
111.000000
106.000000
57.000000
-32.000000
-109.000000
-149.000000
-130.000000
-75.000000
-13.000000
48.000000
98.000000
132.000000
160.000000
169.000000
146.000000
83.000000
-24.000000
-122.000000
-193.000000
-242.000000
-231.000000
-191.000000
-129.000000
-30.000000
47.000000
101.000000
138.000000
153.000000
140.000000
129.000000
112.000000
83.000000
67.000000
42.000000
6.000000
-18.000000
-57.000000
-94.000000
-130.000000
-155.000000
-161.000000
-153.000000
-130.000000
-118.000000
-92.000000
-68.000000
-32.000000
14.000000
54.000000
89.000000
115.000000
124.000000
129.000000
126.000000
107.000000
70.000000
15.000000
-41.000000
-112.000000
-153.000000
-179.000000
-172.000000
-129.000000
-61.000000
36.000000
128.000000
208.000000
236.000000
215.000000
178.000000
148.000000
126.000000
88.000000
38.000000
-32.000000
-86.000000
-124.000000
-114.000000
-77.000000
-31.000000
13.000000
12.000000
5.000000
-32.000000
-49.000000
-52.000000
-33.000000
9.000000
28.000000
48.000000
41.000000
13.000000
5.000000
19.000000
28.000000
34.000000
22.000000
-35.000000
-93.000000
-114.000000
-103.000000
-57.000000
-15.000000
15.000000
23.000000
3.000000
-5.000000
3.000000
18.000000
16.000000
-4.000000
-35.000000
-71.000000
-68.000000
-47.000000
-22.000000
-11.000000
-20.000000
-44.000000
-63.000000
-34.000000
23.000000
84.000000
130.000000
113.000000
44.000000
-35.000000
-92.000000
-72.000000
-27.000000
7.000000
4.000000
-9.000000
-3.000000
25.000000
49.000000
54.000000
62.000000
106.000000
200.000000
245.000000
179.000000
15.000000
-119.000000
-156.000000
-136.000000
-270.000000
-648.000000
-1090.000000
-1190.000000
-638.000000
351.000000
1099.000000
1024.000000
194.000000
-709.000000
-902.000000
-252.000000
636.000000
962.000000
447.000000
-425.000000
-814.000000
-292.000000
695.000000
1330.000000
1114.000000
312.000000
-282.000000
-219.000000
349.000000
797.000000
672.000000
74.000000
-481.000000
-605.000000
-241.000000
230.000000
401.000000
244.000000
-62.000000
-225.000000
-255.000000
-280.000000
-359.000000
-461.000000
-453.000000
-372.000000
-354.000000
-477.000000
-595.000000
-434.000000
-3.000000
463.000000
603.000000
223.000000
-316.000000
-496.000000
-72.000000
630.000000
1003.000000
748.000000
100.000000
-293.000000
-15.000000
680.000000
1198.000000
1088.000000
489.000000
-62.000000
-112.000000
300.000000
693.000000
674.000000
227.000000
-280.000000
-509.000000
-436.000000
-265.000000
-217.000000
-304.000000
-363.000000
-383.000000
-391.000000
-397.000000
-419.000000
-363.000000
-265.000000
-219.000000
-331.000000
-541.000000
-676.000000
-578.000000
-299.000000
-51.000000
1.000000
-149.000000
-242.000000
-102.000000
237.000000
535.000000
571.000000
370.000000
105.000000
-12.000000
84.000000
267.000000
365.000000
277.000000
83.000000
-70.000000
-85.000000
30.000000
149.000000
158.000000
46.000000
-148.000000
-295.000000
-313.000000
-216.000000
-108.000000
-143.000000
-332.000000
-581.000000
-727.000000
-682.000000
-479.000000
-264.000000
-144.000000
-120.000000
-128.000000
-32.000000
157.000000
355.000000
448.000000
400.000000
297.000000
277.000000
397.000000
593.000000
758.000000
776.000000
671.000000
514.000000
407.000000
363.000000
300.000000
144.000000
-119.000000
-390.000000
-549.000000
-545.000000
-439.000000
-311.000000
-263.000000
-272.000000
-275.000000
-258.000000
-205.000000
-136.000000
-63.000000
15.000000
73.000000
126.000000
188.000000
270.000000
421.000000
610.000000
764.000000
811.000000
732.000000
612.000000
584.000000
708.000000
888.000000
998.000000
983.000000
892.000000
812.000000
822.000000
827.000000
757.000000
580.000000
376.000000
280.000000
344.000000
540.000000
705.000000
704.000000
468.000000
18.000000
-512.000000
-1017.000000
-1474.000000
-1888.000000
-2241.000000
-2484.000000
-2530.000000
-2330.000000
-1969.000000
-1610.000000
-1433.000000
-1513.000000
-1772.000000
-2003.000000
-2024.000000
-1753.000000
-1241.000000
-618.000000
-32.000000
427.000000
740.000000
966.000000
1127.000000
1252.000000
1334.000000
1387.000000
1454.000000
1572.000000
1754.000000
1892.000000
1833.000000
1494.000000
900.000000
237.000000
-350.000000
-859.000000
-1389.000000
-1945.000000
-2402.000000
-2466.000000
-2054.000000
-1329.000000
-795.000000
-750.000000
-1174.000000
-1691.000000
-1820.000000
-1479.000000
-899.000000
-469.000000
-325.000000
-316.000000
-146.000000
288.000000
818.000000
1180.000000
1224.000000
1117.000000
1104.000000
1365.000000
1862.000000
2342.000000
2573.000000
2461.000000
2115.000000
1691.000000
1382.000000
1265.000000
1352.000000
1528.000000
1684.000000
1734.000000
1677.000000
1553.000000
1371.000000
1130.000000
803.000000
392.000000
8.000000
-230.000000
-231.000000
-79.000000
75.000000
55.000000
-189.000000
-524.000000
-754.000000
-744.000000
-456.000000
-57.000000
299.000000
506.000000
581.000000
667.000000
821.000000
1059.000000
1266.000000
1356.000000
1311.000000
1297.000000
1444.000000
1784.000000
2151.000000
2295.000000
2115.000000
1674.000000
1183.000000
627.000000
-253.000000
-1799.000000
-3893.000000
-5798.000000
-6550.000000
-5653.000000
-3683.000000
-1881.000000
-1386.000000
-2238.000000
-3567.000000
-4311.000000
-4117.000000
-3561.000000
-3309.000000
-3542.000000
-3579.000000
-2692.000000
-803.000000
1330.000000
2653.000000
2753.000000
1975.000000
1151.000000
818.000000
1059.000000
1588.000000
2106.000000
2423.000000
2395.000000
1952.000000
1126.000000
174.000000
-577.000000
-1022.000000
-1308.000000
-1675.000000
-2141.000000
-2435.000000
-2235.000000
-1576.000000
-924.000000
-810.000000
-1342.000000
-2157.000000
-2611.000000
-2371.000000
-1623.000000
-810.000000
-285.000000
-22.000000
234.000000
660.000000
1206.000000
1652.000000
1880.000000
1886.000000
1816.000000
1818.000000
1882.000000
1916.000000
1892.000000
1825.000000
1785.000000
1798.000000
1825.000000
1832.000000
1791.000000
1753.000000
1758.000000
1764.000000
1669.000000
1431.000000
1062.000000
682.000000
406.000000
288.000000
252.000000
213.000000
184.000000
172.000000
204.000000
232.000000
139.000000
-59.000000
-314.000000
-488.000000
-530.000000
-461.000000
-376.000000
-280.000000
-157.000000
26.000000
235.000000
413.000000
474.000000
437.000000
371.000000
335.000000
345.000000
397.000000
488.000000
651.000000
817.000000
930.000000
867.000000
615.000000
242.000000
-119.000000
-422.000000
-641.000000
-755.000000
-765.000000
-601.000000
-295.000000
76.000000
355.000000
484.000000
473.000000
485.000000
613.000000
891.000000
1235.000000
1515.000000
1713.000000
1941.000000
2319.000000
2727.000000
2747.000000
1879.000000
-133.000000
-2724.000000
-4841.000000
-5342.000000
-4051.000000
-1887.000000
-403.000000
-551.000000
-2067.000000
-3687.000000
-4313.000000
-3908.000000
-3465.000000
-3939.000000
-5255.000000
-6222.000000
-5568.000000
-3096.000000
-36.000000
1986.000000
2132.000000
978.000000
-111.000000
-153.000000
796.000000
1891.000000
2398.000000
2245.000000
1945.000000
1992.000000
2425.000000
2797.000000
2733.000000
2133.000000
1235.000000
319.000000
-434.000000
-982.000000
-1218.000000
-1122.000000
-776.000000
-483.000000
-559.000000
-1168.000000
-2032.000000
-2728.000000
-2889.000000
-2626.000000
-2283.000000
-2177.000000
-2226.000000
-2090.000000
-1479.000000
-519.000000
410.000000
901.000000
929.000000
864.000000
1122.000000
1826.000000
2685.000000
3272.000000
3408.000000
3272.000000
3220.000000
3422.000000
3752.000000
3892.000000
3686.000000
3203.000000
2720.000000
2407.000000
2140.000000
1698.000000
887.000000
-171.000000
-1132.000000
-1619.000000
-1540.000000
-1099.000000
-711.000000
-661.000000
-953.000000
-1341.000000
-1565.000000
-1555.000000
-1480.000000
-1482.000000
-1555.000000
-1494.000000
-1066.000000
-241.000000
708.000000
1443.000000
1704.000000
1575.000000
1292.000000
1097.000000
1063.000000
1136.000000
1199.000000
1213.000000
1142.000000
1007.000000
787.000000
485.000000
93.000000
-324.000000
-704.000000
-1033.000000
-1255.000000
-1340.000000
-1275.000000
-1120.000000
-1000.000000
-975.000000
-1074.000000
-1211.000000
-1271.000000
-1195.000000
-1004.000000
-783.000000
-576.000000
-369.000000
-78.000000
310.000000
751.000000
1111.000000
1257.000000
1192.000000
1051.000000
1036.000000
1262.000000
1651.000000
2007.000000
2187.000000
2212.000000
2181.000000
2149.000000
1972.000000
1337.000000
124.000000
-1371.000000
-2507.000000
-2698.000000
-1888.000000
-651.000000
156.000000
16.000000
-873.000000
-1812.000000
-2243.000000
-2134.000000
-2000.000000
-2358.000000
-3235.000000
-4038.000000
-4036.000000
-2966.000000
-1298.000000
53.000000
402.000000
-180.000000
-1038.000000
-1384.000000
-994.000000
-267.000000
153.000000
15.000000
-374.000000
-404.000000
226.000000
1261.000000
2010.000000
1989.000000
1235.000000
313.000000
-237.000000
-250.000000
0.000000
128.000000
0.000000
-195.000000
-198.000000
58.000000
382.000000
471.000000
180.000000
-355.000000
-894.000000
-1232.000000
-1366.000000
-1363.000000
-1279.000000
-1027.000000
-582.000000
-27.000000
393.000000
457.000000
191.000000
-146.000000
-244.000000
-40.000000
326.000000
616.000000
792.000000
994.000000
1432.000000
2045.000000
2576.000000
2669.000000
2296.000000
1741.000000
1384.000000
1384.000000
1594.000000
1720.000000
1631.000000
1424.000000
1305.000000
1387.000000
1541.000000
1480.000000
1075.000000
405.000000
-255.000000
-689.000000
-779.000000
-665.000000
-500.000000
-406.000000
-417.000000
-477.000000
-490.000000
-474.000000
-484.000000
-612.000000
-830.000000
-1019.000000
-997.000000
-715.000000
-308.000000
45.000000
182.000000
107.000000
-9.000000
0.000000
156.000000
369.000000
471.000000
411.000000
254.000000
126.000000
128.000000
194.000000
212.000000
102.000000
-117.000000
-292.000000
-329.000000
-215.000000
-95.000000
-106.000000
-301.000000
-512.000000
-582.000000
-433.000000
-154.000000
49.000000
75.000000
-16.000000
-46.000000
102.000000
384.000000
657.000000
771.000000
782.000000
774.000000
899.000000
1107.000000
1362.000000
1557.000000
1680.000000
1761.000000
1845.000000
1998.000000
2120.000000
2026.000000
1372.000000
-13.000000
-1861.000000
-3537.000000
-4196.000000
-3528.000000
-1935.000000
-515.000000
-176.000000
-987.000000
-2197.000000
-2860.000000
-2763.000000
-2470.000000
-2825.000000
-3953.000000
-5052.000000
-4944.000000
-3178.000000
-519.000000
1594.000000
2139.000000
1287.000000
186.000000
-149.000000
436.000000
1197.000000
1342.000000
753.000000
159.000000
262.000000
1171.000000
2195.000000
2510.000000
1821.000000
607.000000
-404.000000
-842.000000
-885.000000
-937.000000
-1146.000000
-1315.000000
-1164.000000
-687.000000
-252.000000
-207.000000
-566.000000
-1015.000000
-1226.000000
-1167.000000
-1105.000000
-1206.000000
-1327.000000
-1104.000000
-367.000000
607.000000
1282.000000
1301.000000
858.000000
492.000000
633.000000
1167.000000
1630.000000
1646.000000
1335.000000
1143.000000
1458.000000
2151.000000
2735.000000
2785.000000
2312.000000
1736.000000
1479.000000
1590.000000
1747.000000
1599.000000
1107.000000
537.000000
178.000000
121.000000
206.000000
206.000000
19.000000
-268.000000
-529.000000
-658.000000
-650.000000
-532.000000
-353.000000
-184.000000
-81.000000
-59.000000
-78.000000
6.000000
240.000000
560.000000
767.000000
709.000000
419.000000
115.000000
28.000000
204.000000
476.000000
585.000000
436.000000
159.000000
-12.000000
26.000000
164.000000
145.000000
-219.000000
-825.000000
-1387.000000
-1628.000000
-1530.000000
-1284.000000
-1119.000000
-1067.000000
-994.000000
-772.000000
-437.000000
-209.000000
-203.000000
-352.000000
-444.000000
-279.000000
91.000000
557.000000
968.000000
1324.000000
1647.000000
1930.000000
2131.000000
2244.000000
2358.000000
2526.000000
2718.000000
2819.000000
2926.000000
3218.000000
3570.000000
3499.000000
2019.000000
-1229.000000
-5423.000000
-8630.000000
-9082.000000
-6781.000000
-3390.000000
-1382.000000
-1569.000000
-3024.000000
-3791.000000
-3096.000000
-1993.000000
-2243.000000
-4478.000000
-7171.000000
-7981.000000
-5590.000000
-1049.000000
3162.000000
5227.000000
5038.000000
4113.000000
3627.000000
3817.000000
3767.000000
2962.000000
1651.000000
692.000000
676.000000
1319.000000
2007.000000
2144.000000
1787.000000
1036.000000
-70.000000
-1546.000000
-3232.000000
-4390.000000
-4479.000000
-3382.000000
-1844.000000
-679.000000
-236.000000
-164.000000
211.000000
849.000000
1274.000000
760.000000
-510.000000
-1780.000000
-2075.000000
-1106.000000
458.000000
1722.000000
2107.000000
1883.000000
1532.000000
1358.000000
1252.000000
839.000000
139.000000
-611.000000
-888.000000
-590.000000
177.000000
1061.000000
1825.000000
2433.000000
2802.000000
2891.000000
2601.000000
2072.000000
1507.000000
1080.000000
775.000000
408.000000
5.000000
-345.000000
-393.000000
-179.000000
-11.000000
-243.000000
-937.000000
-1708.000000
-2127.000000
-1943.000000
-1434.000000
-962.000000
-739.000000
-604.000000
-255.000000
386.000000
1152.000000
1666.000000
1804.000000
1643.000000
1448.000000
1351.000000
1302.000000
1187.000000
920.000000
520.000000
144.000000
-183.000000
-396.000000
-558.000000
-669.000000
-756.000000
-871.000000
-990.000000
-1141.000000
-1209.000000
-1129.000000
-867.000000
-444.000000
-56.000000
305.000000
563.000000
938.000000
1388.000000
1851.000000
2112.000000
2017.000000
1861.000000
1806.000000
2187.000000
2626.000000
2915.000000
2805.000000
2551.000000
2519.000000
2669.000000
2891.000000
2742.000000
2474.000000
2392.000000
2413.000000
1877.000000
-662.000000
-4948.000000
-9828.000000
-12228.000000
-10974.000000
-6706.000000
-2384.000000
-624.000000
-1346.000000
-2920.000000
-2886.000000
-1564.000000
-580.000000
-1833.000000
-4999.000000
-7474.000000
-7193.000000
-3454.000000
1355.000000
4946.000000
6066.000000
5449.000000
4662.000000
3984.000000
3489.000000
2114.000000
475.000000
-1156.000000
-1934.000000
-2056.000000
-2023.000000
-1857.000000
-1658.000000
-1054.000000
-687.000000
-1090.000000
-2483.000000
-4342.000000
-5225.000000
-4758.000000
-2827.000000
-831.000000
630.000000
1331.000000
1789.000000
2541.000000
3194.000000
3442.000000
2642.000000
1286.000000
-103.000000
-804.000000
-663.000000
-77.000000
745.000000
1353.000000
1819.000000
1945.000000
1683.000000
1064.000000
169.000000
-465.000000
-767.000000
-482.000000
32.000000
760.000000
1630.000000
2751.000000
4122.000000
5214.000000
5675.000000
5098.000000
3845.000000
2476.000000
1445.000000
873.000000
293.000000
-433.000000
-1382.000000
-2033.000000
-2262.000000
-2115.000000
-2003.000000
-2207.000000
-2539.000000
-2678.000000
-2227.000000
-1364.000000
-343.000000
471.000000
983.000000
1366.000000
1734.000000
2213.000000
2609.000000
2849.000000
2687.000000
2114.000000
1262.000000
301.000000
-469.000000
-999.000000
-1291.000000
-1530.000000
-1754.000000
-1855.000000
-1753.000000
-1456.000000
-1212.000000
-1183.000000
-1375.000000
-1583.000000
-1567.000000
-1263.000000
-744.000000
-183.000000
368.000000
949.000000
1517.000000
2042.000000
2289.000000
2239.000000
1880.000000
1388.000000
1012.000000
805.000000
999.000000
1288.000000
1704.000000
1940.000000
2144.000000
2295.000000
2374.000000
2412.000000
2335.000000
2515.000000
3051.000000
3674.000000
3491.000000
1210.000000
-2892.000000
-7653.000000
-10173.000000
-9389.000000
-5690.000000
-1866.000000
-244.000000
-1011.000000
-2681.000000
-2906.000000
-1905.000000
-923.000000
-1990.000000
-4936.000000
-7633.000000
-7973.000000
-4936.000000
-442.000000
3568.000000
5448.000000
5577.000000
5119.000000
4522.000000
4175.000000
3085.000000
1754.000000
-84.000000
-1527.000000
-2592.000000
-3143.000000
-2987.000000
-2351.000000
-1255.000000
-649.000000
-948.000000
-2212.000000
-3773.000000
-4470.000000
-4075.000000
-2589.000000
-1170.000000
-16.000000
593.000000
1260.000000
2152.000000
2986.000000
3455.000000
2910.000000
1721.000000
114.000000
-1109.000000
-1706.000000
-1615.000000
-1014.000000
-333.000000
315.000000
636.000000
712.000000
525.000000
189.000000
-45.000000
-172.000000
70.000000
495.000000
1283.000000
2295.000000
3616.000000
5033.000000
6146.000000
6612.000000
6152.000000
5006.000000
3546.000000
2096.000000
788.000000
-554.000000
-1778.000000
-2787.000000
-3307.000000
-3318.000000
-3151.000000
-2967.000000
-2889.000000
-2487.000000
-1710.000000
-620.000000
341.000000
814.000000
981.000000
1059.000000
1501.000000
2126.000000
2737.000000
2986.000000
2813.000000
2445.000000
1867.000000
1295.000000
542.000000
-196.000000
-904.000000
-1456.000000
-1748.000000
-1873.000000
-1632.000000
-1260.000000
-729.000000
-491.000000
-567.000000
-950.000000
-1247.000000
-1170.000000
-744.000000
-105.000000
401.000000
766.000000
1055.000000
1406.000000
1749.000000
1870.000000
1653.000000
1052.000000
285.000000
-285.000000
-490.000000
-195.000000
317.000000
880.000000
1326.000000
1648.000000
1997.000000
2306.000000
2569.000000
2786.000000
3113.000000
3899.000000
4544.000000
4417.000000
1866.000000
-2652.000000
-8056.000000
-11306.000000
-10876.000000
-7325.000000
-2981.000000
-845.000000
-971.000000
-2330.000000
-2463.000000
-1280.000000
-222.000000
-925.000000
-3904.000000
-6666.000000
-7346.000000
-4565.000000
-38.000000
4005.000000
6149.000000
6161.000000
5650.000000
4759.000000
4079.000000
2591.000000
650.000000
-1495.000000
-3206.000000
-4039.000000
-4345.000000
-3988.000000
-3311.000000
-2238.000000
-1285.000000
-1090.000000
-1697.000000
-3032.000000
-3844.000000
-3718.000000
-2278.000000
-327.000000
1471.000000
2731.000000
3482.000000
4215.000000
4718.000000
4849.000000
4005.000000
2266.000000
46.000000
-1901.000000
-2956.000000
-3148.000000
-2644.000000
-1862.000000
-969.000000
-115.000000
499.000000
767.000000
518.000000
148.000000
-58.000000
239.000000
904.000000
1684.000000
2470.000000
3400.000000
4659.000000
6029.000000
6918.000000
6752.000000
5441.000000
3513.000000
1556.000000
-187.000000
-1805.000000
-3492.000000
-4825.000000
-5405.000000
-4806.000000
-3462.000000
-2059.000000
-1097.000000
-664.000000
-265.000000
236.000000
875.000000
1230.000000
1276.000000
1241.000000
1429.000000
2086.000000
2893.000000
3599.000000
3779.000000
3398.000000
2463.000000
1139.000000
-188.000000
-1348.000000
-1978.000000
-2216.000000
-2133.000000
-1984.000000
-1734.000000
-1329.000000
-826.000000
-366.000000
-278.000000
-467.000000
-754.000000
-748.000000
-355.000000
265.000000
857.000000
1227.000000
1407.000000
1502.000000
1486.000000
1404.000000
1081.000000
768.000000
340.000000
181.000000
199.000000
462.000000
928.000000
1241.000000
1565.000000
1619.000000
1817.000000
2069.000000
2445.000000
2997.000000
3541.000000
4701.000000
5759.000000
6362.000000
4684.000000
86.000000
-6351.000000
-12355.000000
-14444.000000
-12731.000000
-8024.000000
-4169.000000
-2372.000000
-2413.000000
-2460.000000
-968.000000
540.000000
964.000000
-1388.000000
-4745.000000
-6955.000000
-6366.000000
-2852.000000
1138.000000
4617.000000
6056.000000
6546.000000
6096.000000
4989.000000
3220.000000
637.000000
-1627.000000
-3673.000000
-4773.000000
-5476.000000
-5559.000000
-4830.000000
-3342.000000
-1200.000000
286.000000
737.000000
-161.000000
-1406.000000
-2037.000000
-1569.000000
-106.000000
1411.000000
2634.000000
3267.000000
3730.000000
4103.000000
4198.000000
3712.000000
2264.000000
161.000000
-2182.000000
-4003.000000
-4915.000000
-4806.000000
-3778.000000
-2245.000000
-526.000000
835.000000
1692.000000
1996.000000
2006.000000
2072.000000
2309.000000
2723.000000
3167.000000
3640.000000
4328.000000
5235.000000
6296.000000
6930.000000
6795.000000
5657.000000
3770.000000
1565.000000
-687.000000
-2744.000000
-4536.000000
-5723.000000
-6012.000000
-5375.000000
-3981.000000
-2455.000000
-1082.000000
-133.000000
585.000000
1120.000000
1431.000000
1509.000000
1224.000000
909.000000
707.000000
926.000000
1459.000000
2067.000000
2499.000000
2421.000000
1805.000000
696.000000
-543.000000
-1520.000000
-2109.000000
-2300.000000
-2383.000000
-2361.000000
-2227.000000
-1768.000000
-1052.000000
-266.000000
248.000000
359.000000
191.000000
47.000000
113.000000
443.000000
860.000000
1259.000000
1502.000000
1642.000000
1609.000000
1541.000000
1357.000000
1143.000000
786.000000
283.000000
-145.000000
-481.000000
-312.000000
-55.000000
487.000000
903.000000
1405.000000
2094.000000
2811.000000
3837.000000
4553.000000
5565.000000
6279.000000
6306.000000
4328.000000
-731.000000
-7266.000000
-13376.000000
-15189.000000
-12939.000000
-7622.000000
-2738.000000
-159.000000
485.000000
69.000000
621.000000
977.000000
705.000000
-1525.000000
-4540.000000
-6357.000000
-5929.000000
-2686.000000
1186.000000
4856.000000
6762.000000
7275.000000
6522.000000
4666.000000
2297.000000
-635.000000
-2886.000000
-4621.000000
-5316.000000
-5607.000000
-5433.000000
-4650.000000
-3274.000000
-1393.000000
-31.000000
456.000000
-212.000000
-1248.000000
-1856.000000
-1447.000000
-5.000000
1760.000000
3278.000000
4024.000000
4215.000000
3888.000000
3131.000000
1939.000000
329.000000
-1396.000000
-3095.000000
-4366.000000
-4937.000000
-4539.000000
-3247.000000
-1435.000000
542.000000
2117.000000
3085.000000
3293.000000
2957.000000
2590.000000
2537.000000
2977.000000
3605.000000
4176.000000
4585.000000
4860.000000
5200.000000
5351.000000
5140.000000
4110.000000
2389.000000
215.000000
-1972.000000
-3842.000000
-5272.000000
-5912.000000
-5691.000000
-4536.000000
-2885.000000
-1237.000000
52.000000
879.000000
1436.000000
1814.000000
1994.000000
1835.000000
1326.000000
731.000000
333.000000
457.000000
995.000000
1760.000000
2262.000000
2251.000000
1531.000000
341.000000
-940.000000
-1894.000000
-2394.000000
-2547.000000
-2421.000000
-2105.000000
-1610.000000
-960.000000
-287.000000
322.000000
615.000000
565.000000
180.000000
-148.000000
-230.000000
48.000000
634.000000
1158.000000
1686.000000
1768.000000
1820.000000
1446.000000
1024.000000
367.000000
-365.000000
-827.000000
-1169.000000
-843.000000
-521.000000
257.000000
1084.000000
2163.000000
3429.000000
4212.000000
5070.000000
5210.000000
5944.000000
6464.000000
6544.000000
4535.000000
-736.000000
-7309.000000
-13430.000000
-14909.000000
-12507.000000
-7027.000000
-1838.000000
1208.000000
2248.000000
1220.000000
521.000000
-513.000000
-1213.000000
-2766.000000
-4884.000000
-6063.000000
-5846.000000
-2869.000000
821.000000
4757.000000
6985.000000
7260.000000
5903.000000
2970.000000
151.000000
-2686.000000
-4081.000000
-4599.000000
-4222.000000
-3474.000000
-3091.000000
-2419.000000
-1892.000000
-874.000000
-206.000000
-132.000000
-664.000000
-1730.000000
-2106.000000
-1883.000000
-373.000000
1579.000000
3555.000000
4778.000000
4683.000000
3590.000000
1477.000000
-481.000000
-2188.000000
-3178.000000
-3789.000000
-4168.000000
-4061.000000
-3555.000000
-2357.000000
-927.000000
661.000000
2049.000000
2920.000000
3220.000000
2799.000000
2418.000000
2378.000000
3056.000000
4087.000000
4892.000000
5210.000000
4860.000000
4318.000000
3714.000000
3133.000000
2362.000000
1036.000000
-640.000000
-2502.000000
-3984.000000
-4708.000000
-4488.000000
-3227.000000
-1557.000000
228.000000
1286.000000
1662.000000
1438.000000
961.000000
830.000000
836.000000
1141.000000
1146.000000
1058.000000
861.000000
804.000000
1112.000000
1423.000000
1822.000000
1668.000000
1118.000000
84.000000
-1014.000000
-1797.000000
-2224.000000
-2163.000000
-2034.000000
-1750.000000
-1554.000000
-1266.000000
-849.000000
-261.000000
426.000000
931.000000
1217.000000
1259.000000
1227.000000
1268.000000
1356.000000
1483.000000
1442.000000
1379.000000
1133.000000
818.000000
199.000000
-601.000000
-1248.000000
-1587.000000
-1174.000000
-561.000000
411.000000
1182.000000
2058.000000
3175.000000
4273.000000
5481.000000
5713.000000
5859.000000
5237.000000
4094.000000
932.000000
-4623.000000
-10292.000000
-14180.000000
-13090.000000
-9406.000000
-3858.000000
354.000000
2893.000000
3339.000000
1512.000000
-483.000000
-2907.000000
-4036.000000
-5275.000000
-5690.000000
-4984.000000
-3023.000000
335.000000
3179.000000
5856.000000
6692.000000
6165.000000
3824.000000
729.000000
-1729.000000
-3298.000000
-3293.000000
-2687.000000
-1356.000000
-431.000000
-258.000000
-935.000000
-1837.000000
-2281.000000
-2395.000000
-2398.000000
-2413.000000
-2185.000000
-1471.000000
-328.000000
1049.000000
2494.000000
3667.000000
4172.000000
3513.000000
1677.000000
-721.000000
-2786.000000
-3734.000000
-3589.000000
-2793.000000
-1908.000000
-1252.000000
-828.000000
-636.000000
-338.000000
218.000000
1207.000000
2326.000000
3189.000000
3529.000000
3502.000000
3448.000000
3597.000000
3942.000000
4230.000000
4251.000000
3808.000000
3066.000000
2154.000000
1272.000000
455.000000
-343.000000
-989.000000
-1606.000000
-1981.000000
-2248.000000
-2186.000000
-1802.000000
-1215.000000
-477.000000
-25.000000
377.000000
476.000000
479.000000
302.000000
115.000000
220.000000
485.000000
896.000000
967.000000
806.000000
623.000000
623.000000
903.000000
1118.000000
1162.000000
790.000000
7.000000
-971.000000
-1928.000000
-2387.000000
-2377.000000
-1811.000000
-940.000000
49.000000
941.000000
1442.000000
1627.000000
1571.000000
1422.000000
1332.000000
1178.000000
1099.000000
954.000000
791.000000
844.000000
852.000000
1074.000000
886.000000
533.000000
-264.000000
-1236.000000
-1749.000000
-1749.000000
-429.000000
974.000000
2616.000000
3730.000000
4599.000000
5372.000000
5271.000000
5355.000000
4314.000000
2954.000000
-835.000000
-6024.000000
-10814.000000
-12913.000000
-10477.000000
-6169.000000
-590.000000
2829.000000
4297.000000
2802.000000
-421.000000
-3290.000000
-5577.000000
-6111.000000
-6411.000000
-5241.000000
-3259.000000
-644.000000
2002.000000
3709.000000
5276.000000
5221.000000
4015.000000
1255.000000
-1463.000000
-3171.000000
-3871.000000
-3137.000000
-1796.000000
230.000000
1292.000000
771.000000
-1003.000000
-3046.000000
-4000.000000
-4245.000000
-3473.000000
-2227.000000
-642.000000
779.000000
1463.000000
2006.000000
2176.000000
2466.000000
2131.000000
1268.000000
-170.000000
-1738.000000
-2733.000000
-2951.000000
-2015.000000
-603.000000
857.000000
1538.000000
1208.000000
170.000000
-1051.000000
-1426.000000
-761.000000
888.000000
2784.000000
4262.000000
5115.000000
5121.000000
4687.000000
3854.000000
3075.000000
2460.000000
1902.000000
1498.000000
972.000000
661.000000
496.000000
548.000000
816.000000
725.000000
448.000000
-458.000000
-1294.000000
-2010.000000
-2131.000000
-1565.000000
-680.000000
519.000000
1208.000000
1551.000000
1239.000000
765.000000
390.000000
207.000000
359.000000
465.000000
778.000000
968.000000
1195.000000
1292.000000
1199.000000
1031.000000
375.000000
-440.000000
-1521.000000
-2278.000000
-2732.000000
-2599.000000
-1845.000000
-761.000000
383.000000
927.000000
1013.000000
525.000000
-33.000000
-540.000000
-671.000000
-374.000000
115.000000
657.000000
943.000000
1104.000000
981.000000
748.000000
366.000000
51.000000
-196.000000
-427.000000
-507.000000
-293.000000
472.000000
1406.000000
2564.000000
3554.000000
4636.000000
5107.000000
5053.000000
4393.000000
2963.000000
301.000000
-4149.000000
-8266.000000
-10638.000000
-9394.000000
-6123.000000
-1718.000000
2096.000000
3877.000000
2996.000000
-411.000000
-3754.000000
-6204.000000
-7014.000000
-6816.000000
-5366.000000
-2751.000000
-204.000000
1822.000000
3005.000000
4076.000000
4452.000000
3534.000000
1660.000000
-234.000000
-1133.000000
-1434.000000
-1261.000000
-638.000000
380.000000
1158.000000
651.000000
-853.000000
-2610.000000
-3843.000000
-4299.000000
-3970.000000
-2588.000000
-676.000000
1110.000000
2037.000000
2153.000000
1735.000000
1011.000000
273.000000
-301.000000
-620.000000
-874.000000
-1123.000000
-1254.000000
-946.000000
-276.000000
585.000000
1128.000000
1091.000000
332.000000
-862.000000
-1801.000000
-1850.000000
-656.000000
1304.000000
3289.000000
4491.000000
4608.000000
3775.000000
2491.000000
1278.000000
554.000000
506.000000
1069.000000
1965.000000
2767.000000
3172.000000
2981.000000
2320.000000
1298.000000
207.000000
-788.000000
-1567.000000
-1869.000000
-1721.000000
-982.000000
-11.000000
1079.000000
1906.000000
2185.000000
1718.000000
602.000000
-472.000000
-1084.000000
-901.000000
-133.000000
919.000000
1875.000000
2263.000000
2014.000000
1239.000000
283.000000
-612.000000
-1380.000000
-1768.000000
-1917.000000
-1714.000000
-1394.000000
-829.000000
-175.000000
393.000000
633.000000
308.000000
-331.000000
-1089.000000
-1501.000000
-1549.000000
-1099.000000
-337.000000
550.000000
1266.000000
1523.000000
1496.000000
1197.000000
1015.000000
812.000000
749.000000
632.000000
517.000000
653.000000
922.000000
1512.000000
1927.000000
2471.000000
2756.000000
2903.000000
2881.000000
2570.000000
1677.000000
-875.000000
-4383.000000
-7504.000000
-8478.000000
-7265.000000
-4748.000000
-1368.000000
1427.000000
2581.000000
1044.000000
-1810.000000
-4298.000000
-5880.000000
-6443.000000
-6247.000000
-4452.000000
-1972.000000
210.000000
1420.000000
2016.000000
2546.000000
2384.000000
1622.000000
561.000000
180.000000
397.000000
755.000000
1129.000000
1546.000000
1987.000000
1724.000000
625.000000
-831.000000
-1970.000000
-2653.000000
-3015.000000
-2828.000000
-1830.000000
-450.000000
568.000000
941.000000
793.000000
339.000000
-580.000000
-1467.000000
-1923.000000
-1704.000000
-1220.000000
-784.000000
-217.000000
388.000000
1019.000000
1304.000000
1344.000000
1187.000000
744.000000
218.000000
-248.000000
-91.000000
624.000000
1735.000000
2845.000000
3436.000000
3419.000000
2550.000000
1418.000000
499.000000
302.000000
789.000000
1537.000000
2421.000000
3010.000000
3308.000000
2991.000000
2168.000000
1111.000000
22.000000
-699.000000
-1119.000000
-1038.000000
-764.000000
-397.000000
-40.000000
294.000000
585.000000
599.000000
379.000000
-10.000000
-329.000000
-489.000000
-438.000000
-108.000000
420.000000
916.000000
1137.000000
935.000000
498.000000
-77.000000
-507.000000
-758.000000
-723.000000
-543.000000
-380.000000
-241.000000
-240.000000
-218.000000
-250.000000
-229.000000
-305.000000
-492.000000
-731.000000
-927.000000
-899.000000
-714.000000
-394.000000
-141.000000
33.000000
125.000000
264.000000
485.000000
744.000000
1033.000000
1268.000000
1391.000000
1403.000000
1315.000000
1152.000000
1044.000000
1050.000000
1281.000000
1494.000000
1783.000000
2004.000000
1985.000000
956.000000
-1237.000000
-3452.000000
-4773.000000
-4603.000000
-3751.000000
-2091.000000
-397.000000
660.000000
223.000000
-1345.000000
-2840.000000
-4120.000000
-4775.000000
-4865.000000
-3767.000000
-2205.000000
-967.000000
-262.000000
193.000000
709.000000
758.000000
491.000000
146.000000
100.000000
275.000000
514.000000
963.000000
1485.000000
2025.000000
2133.000000
1693.000000
813.000000
-236.000000
-1156.000000
-1805.000000
-1935.000000
-1487.000000
-745.000000
-81.000000
194.000000
138.000000
-312.000000
-1158.000000
-2016.000000
-2546.000000
-2586.000000
-2391.000000
-2025.000000
-1444.000000
-771.000000
-155.000000
266.000000
635.000000
920.000000
1059.000000
1108.000000
1102.000000
1268.000000
1530.000000
2021.000000
2657.000000
3305.000000
3686.000000
3453.000000
2840.000000
1937.000000
1319.000000
955.000000
1001.000000
1356.000000
1714.000000
2001.000000
1871.000000
1630.000000
1176.000000
696.000000
175.000000
-215.000000
-352.000000
-434.000000
-360.000000
-324.000000
-244.000000
-293.000000
-448.000000
-549.000000
-555.000000
-435.000000
-339.000000
-169.000000
66.000000
317.000000
579.000000
742.000000
842.000000
714.000000
434.000000
104.000000
-93.000000
-4.000000
200.000000
494.000000
656.000000
794.000000
803.000000
677.000000
378.000000
-5.000000
-328.000000
-675.000000
-938.000000
-1202.000000
-1309.000000
-1295.000000
-1263.000000
-1197.000000
-1229.000000
-1270.000000
-1423.000000
-1482.000000
-1382.000000
-1127.000000
-786.000000
-516.000000
-282.000000
-166.000000
-111.000000
-107.000000
-86.000000
-13.000000
32.000000
157.000000
364.000000
643.000000
970.000000
1236.000000
1496.000000
1628.000000
1695.000000
1625.000000
1420.000000
1080.000000
566.000000
64.000000
-406.000000
-662.000000
-750.000000
-566.000000
-296.000000
-147.000000
-303.000000
-683.000000
-1104.000000
-1541.000000
-1921.000000
-2250.000000
-2387.000000
-2337.000000
-2091.000000
-1673.000000
-1156.000000
-664.000000
-416.000000
-389.000000
-490.000000
-617.000000
-692.000000
-698.000000
-506.000000
-172.000000
196.000000
428.000000
453.000000
422.000000
289.000000
125.000000
-133.000000
-292.000000
-276.000000
-145.000000
6.000000
71.000000
194.000000
356.000000
557.000000
680.000000
739.000000
782.000000
722.000000
583.000000
370.000000
274.000000
256.000000
314.000000
382.000000
425.000000
379.000000
132.000000
-145.000000
-382.000000
-500.000000
-555.000000
-444.000000
-81.000000
326.000000
634.000000
717.000000
683.000000
570.000000
415.000000
451.000000
613.000000
949.000000
1142.000000
1267.000000
1297.000000
1231.000000
1160.000000
1025.000000
1091.000000
1125.000000
1178.000000
1072.000000
938.000000
866.000000
799.000000
813.000000
697.000000
623.000000
479.000000
305.000000
105.000000
-81.000000
-91.000000
-79.000000
-98.000000
-187.000000
-292.000000
-421.000000
-595.000000
-706.000000
-711.000000
-649.000000
-616.000000
-681.000000
-734.000000
-795.000000
-828.000000
-873.000000
-888.000000
-831.000000
-737.000000
-645.000000
-583.000000
-488.000000
-380.000000
-244.000000
-167.000000
-142.000000
-184.000000
-200.000000
-184.000000
-203.000000
-263.000000
-365.000000
-402.000000
-408.000000
-351.000000
-259.000000
-138.000000
-70.000000
-106.000000
-120.000000
-127.000000
-53.000000
-50.000000
19.000000
145.000000
307.000000
429.000000
465.000000
466.000000
433.000000
379.000000
288.000000
183.000000
32.000000
-25.000000
-86.000000
-81.000000
-133.000000
-138.000000
-105.000000
-126.000000
-116.000000
-133.000000
-49.000000
-95.000000
-113.000000
-60.000000
84.000000
288.000000
396.000000
571.000000
612.000000
619.000000
487.000000
344.000000
233.000000
26.000000
-40.000000
-109.000000
-53.000000
-68.000000
-89.000000
-148.000000
-391.000000
-642.000000
-893.000000
-912.000000
-879.000000
-798.000000
-623.000000
-443.000000
-243.000000
-174.000000
-138.000000
-149.000000
-194.000000
-293.000000
-488.000000
-642.000000
-707.000000
-619.000000
-466.000000
-302.000000
-89.000000
113.000000
193.000000
141.000000
79.000000
147.000000
206.000000
278.000000
401.000000
638.000000
864.000000
998.000000
1163.000000
1184.000000
1036.000000
566.000000
143.000000
-128.000000
-274.000000
-419.000000
-564.000000
-537.000000
-491.000000
-350.000000
-287.000000
-168.000000
-119.000000
-109.000000
-81.000000
-45.000000
60.000000
92.000000
166.000000
215.000000
371.000000
560.000000
713.000000
823.000000
827.000000
797.000000
709.000000
615.000000
522.000000
415.000000
359.000000
356.000000
407.000000
471.000000
491.000000
478.000000
397.000000
327.000000
230.000000
133.000000
55.000000
-39.000000
-55.000000
-35.000000
81.000000
132.000000
60.000000
-143.000000
-442.000000
-757.000000
-1059.000000
-1158.000000
-1063.000000
-869.000000
-736.000000
-702.000000
-683.000000
-630.000000
-630.000000
-661.000000
-723.000000
-659.000000
-508.000000
-276.000000
-5.000000
231.000000
393.000000
411.000000
419.000000
365.000000
296.000000
198.000000
157.000000
215.000000
258.000000
292.000000
237.000000
137.000000
17.000000
-5.000000
80.000000
126.000000
43.000000
-155.000000
-326.000000
-429.000000
-401.000000
-252.000000
-44.000000
51.000000
43.000000
25.000000
42.000000
38.000000
22.000000
58.000000
165.000000
214.000000
166.000000
141.000000
88.000000
-46.000000
-315.000000
-476.000000
-399.000000
-159.000000
162.000000
407.000000
687.000000
859.000000
944.000000
926.000000
813.000000
688.000000
426.000000
173.000000
-112.000000
-262.000000
-243.000000
-113.000000
103.000000
225.000000
287.000000
180.000000
18.000000
-172.000000
-364.000000
-475.000000
-545.000000
-487.000000
-350.000000
-158.000000
59.000000
267.000000
416.000000
411.000000
266.000000
45.000000
-181.000000
-394.000000
-617.000000
-730.000000
-700.000000
-577.000000
-412.000000
-309.000000
-196.000000
-133.000000
-74.000000
-58.000000
-133.000000
-245.000000
-413.000000
-484.000000
-417.000000
-184.000000
102.000000
370.000000
512.000000
524.000000
472.000000
389.000000
284.000000
189.000000
114.000000
-24.000000
-242.000000
-500.000000
-637.000000
-657.000000
-557.000000
-398.000000
-252.000000
-130.000000
-105.000000
-76.000000
-61.000000
24.000000
155.000000
365.000000
535.000000
516.000000
398.000000
221.000000
140.000000
50.000000
18.000000
40.000000
95.000000
114.000000
49.000000
25.000000
-8.000000
-40.000000
-99.000000
-105.000000
-74.000000
-29.000000
45.000000
147.000000
312.000000
384.000000
409.000000
375.000000
388.000000
421.000000
449.000000
477.000000
449.000000
415.000000
255.000000
30.000000
-176.000000
-304.000000
-336.000000
-384.000000
-352.000000
-279.000000
-170.000000
-136.000000
-173.000000
-177.000000
-237.000000
-280.000000
-345.000000
-248.000000
-83.000000
63.000000
158.000000
203.000000
272.000000
272.000000
222.000000
125.000000
38.000000
-32.000000
-148.000000
-263.000000
-366.000000
-347.000000
-181.000000
60.000000
267.000000
421.000000
545.000000
600.000000
552.000000
369.000000
113.000000
-152.000000
-343.000000
-457.000000
-482.000000
-434.000000
-370.000000
-312.000000
-305.000000
-323.000000
-311.000000
-288.000000
-269.000000
-233.000000
-188.000000
-168.000000
-125.000000
-9.000000
168.000000
354.000000
481.000000
597.000000
654.000000
690.000000
699.000000
699.000000
649.000000
502.000000
318.000000
121.000000
-16.000000
-124.000000
-148.000000
-86.000000
-10.000000
45.000000
16.000000
-10.000000
-63.000000
-155.000000
-249.000000
-319.000000
-313.000000
-275.000000
-191.000000
-121.000000
-47.000000
-14.000000
-13.000000
-11.000000
39.000000
115.000000
132.000000
38.000000
-131.000000
-299.000000
-475.000000
-626.000000
-685.000000
-574.000000
-435.000000
-330.000000
-250.000000
-143.000000
-42.000000
-7.000000
-3.000000
-37.000000
-51.000000
-110.000000
-133.000000
-83.000000
6.000000
111.000000
202.000000
277.000000
276.000000
198.000000
41.000000
-149.000000
-344.000000
-518.000000
-564.000000
-507.000000
-355.000000
-170.000000
8.000000
106.000000
89.000000
21.000000
-20.000000
-9.000000
40.000000
105.000000
237.000000
362.000000
463.000000
508.000000
505.000000
481.000000
344.000000
137.000000
-88.000000
-177.000000
-141.000000
-28.000000
87.000000
167.000000
224.000000
256.000000
323.000000
381.000000
416.000000
407.000000
367.000000
332.000000
294.000000
284.000000
324.000000
426.000000
521.000000
527.000000
432.000000
226.000000
-61.000000
-342.000000
-503.000000
-520.000000
-420.000000
-287.000000
-144.000000
41.000000
171.000000
265.000000
263.000000
195.000000
81.000000
-83.000000
-218.000000
-362.000000
-399.000000
-427.000000
-336.000000
-222.000000
-114.000000
-93.000000
-242.000000
-388.000000
-576.000000
-635.000000
-659.000000
-562.000000
-375.000000
-177.000000
51.000000
208.000000
374.000000
456.000000
477.000000
420.000000
322.000000
222.000000
101.000000
1.000000
-85.000000
-108.000000
-102.000000
-74.000000
-56.000000
-84.000000
-186.000000
-283.000000
-365.000000
-397.000000
-444.000000
-450.000000
-375.000000
-251.000000
-52.000000
162.000000
398.000000
549.000000
583.000000
486.000000
347.000000
232.000000
151.000000
139.000000
157.000000
185.000000
184.000000
160.000000
164.000000
146.000000
91.000000
-31.000000
-169.000000
-282.000000
-381.000000
-417.000000
-400.000000
-239.000000
-33.000000
156.000000
299.000000
347.000000
355.000000
308.000000
252.000000
183.000000
115.000000
30.000000
-55.000000
-104.000000
-162.000000
-185.000000
-231.000000
-253.000000
-271.000000
-252.000000
-213.000000
-185.000000
-113.000000
-61.000000
9.000000
39.000000
71.000000
119.000000
157.000000
175.000000
119.000000
81.000000
-2.000000
-67.000000
-100.000000
-108.000000
-47.000000
-3.000000
54.000000
46.000000
20.000000
-71.000000
-184.000000
-265.000000
-305.000000
-266.000000
-187.000000
-25.000000
177.000000
381.000000
493.000000
496.000000
427.000000
312.000000
148.000000
11.000000
-51.000000
-33.000000
-26.000000
-21.000000
-2.000000
51.000000
105.000000
130.000000
193.000000
220.000000
174.000000
52.000000
-46.000000
-79.000000
-94.000000
-67.000000
28.000000
188.000000
313.000000
351.000000
318.000000
235.000000
119.000000
-13.000000
-142.000000
-267.000000
-327.000000
-378.000000
-392.000000
-395.000000
-387.000000
-302.000000
-163.000000
0.000000
100.000000
189.000000
218.000000
203.000000
121.000000
52.000000
10.000000
-48.000000
-56.000000
-61.000000
-32.000000
23.000000
96.000000
143.000000
137.000000
87.000000
-41.000000
-250.000000
-507.000000
-664.000000
-711.000000
-654.000000
-489.000000
-309.000000
-124.000000
36.000000
156.000000
228.000000
270.000000
275.000000
256.000000
244.000000
212.000000
212.000000
218.000000
263.000000
255.000000
188.000000
106.000000
19.000000
-35.000000
-101.000000
-139.000000
-179.000000
-220.000000
-274.000000
-354.000000
-395.000000
-413.000000
-354.000000
-202.000000
-6.000000
204.000000
338.000000
376.000000
287.000000
161.000000
71.000000
-1.000000
-67.000000
-159.000000
-226.000000
-242.000000
-199.000000
-92.000000
28.000000
137.000000
153.000000
71.000000
-40.000000
-124.000000
-116.000000
-41.000000
96.000000
221.000000
328.000000
396.000000
392.000000
352.000000
246.000000
137.000000
35.000000
-52.000000
-82.000000
-75.000000
-62.000000
-106.000000
-166.000000
-210.000000
-215.000000
-182.000000
-132.000000
-27.000000
96.000000
222.000000
297.000000
353.000000
383.000000
395.000000
400.000000
380.000000
346.000000
289.000000
214.000000
120.000000
31.000000
-62.000000
-183.000000
-276.000000
-340.000000
-339.000000
-274.000000
-181.000000
-60.000000
15.000000
92.000000
123.000000
131.000000
123.000000
137.000000
174.000000
212.000000
240.000000
239.000000
225.000000
145.000000
37.000000
-86.000000
-194.000000
-300.000000
-413.000000
-486.000000
-478.000000
-422.000000
-359.000000
-252.000000
-122.000000
-1.000000
49.000000
91.000000
120.000000
126.000000
95.000000
31.000000
37.000000
48.000000
61.000000
31.000000
25.000000
11.000000
-38.000000
-89.000000
-169.000000
-262.000000
-381.000000
-463.000000
-486.000000
-432.000000
-335.000000
-211.000000
-34.000000
129.000000
226.000000
254.000000
229.000000
212.000000
161.000000
111.000000
83.000000
77.000000
111.000000
127.000000
151.000000
147.000000
156.000000
115.000000
43.000000
-5.000000
-45.000000
-73.000000
-116.000000
-106.000000
-90.000000
-35.000000
25.000000
89.000000
198.000000
306.000000
358.000000
281.000000
163.000000
26.000000
-80.000000
-136.000000
-157.000000
-110.000000
-48.000000
50.000000
136.000000
165.000000
147.000000
86.000000
-8.000000
-117.000000
-187.000000
-196.000000
-157.000000
-84.000000
7.000000
150.000000
275.000000
345.000000
322.000000
218.000000
59.000000
-129.000000
-256.000000
-293.000000
-259.000000
-213.000000
-160.000000
-127.000000
-133.000000
-167.000000
-213.000000
-215.000000
-180.000000
-107.000000
-49.000000
3.000000
39.000000
67.000000
155.000000
243.000000
318.000000
356.000000
362.000000
338.000000
280.000000
217.000000
155.000000
90.000000
-10.000000
-119.000000
-213.000000
-290.000000
-289.000000
-255.000000
-194.000000
-145.000000
-131.000000
-126.000000
-116.000000
-87.000000
-55.000000
35.000000
147.000000
257.000000
335.000000
350.000000
306.000000
251.000000
193.000000
136.000000
58.000000
-28.000000
-103.000000
-156.000000
-163.000000
-170.000000
-124.000000
-67.000000
-36.000000
-53.000000
-94.000000
-123.000000
-125.000000
-61.000000
48.000000
179.000000
286.000000
325.000000
304.000000
240.000000
127.000000
-6.000000
-131.000000
-240.000000
-306.000000
-339.000000
-332.000000
-320.000000
-288.000000
-250.000000
-223.000000
-219.000000
-228.000000
-227.000000
-218.000000
-147.000000
-21.000000
135.000000
245.000000
304.000000
317.000000
282.000000
225.000000
141.000000
74.000000
12.000000
-34.000000
-78.000000
-103.000000
-110.000000
-119.000000
-134.000000
-161.000000
-169.000000
-195.000000
-186.000000
-136.000000
-44.000000
64.000000
180.000000
269.000000
281.000000
224.000000
87.000000
-31.000000
-138.000000
-181.000000
-202.000000
-173.000000
-109.000000
-80.000000
-39.000000
-43.000000
-42.000000
-63.000000
-96.000000
-97.000000
-75.000000
-22.000000
63.000000
195.000000
323.000000
433.000000
481.000000
447.000000
348.000000
203.000000
94.000000
40.000000
37.000000
45.000000
28.000000
-32.000000
-132.000000
-208.000000
-250.000000
-231.000000
-172.000000
-85.000000
5.000000
93.000000
152.000000
182.000000
212.000000
202.000000
202.000000
171.000000
124.000000
82.000000
48.000000
42.000000
31.000000
29.000000
-4.000000
-47.000000
-124.000000
-179.000000
-198.000000
-207.000000
-195.000000
-216.000000
-203.000000
-181.000000
-141.000000
-77.000000
-22.000000
55.000000
117.000000
168.000000
222.000000
252.000000
229.000000
160.000000
94.000000
42.000000
4.000000
-25.000000
-35.000000
-45.000000
-79.000000
-118.000000
-169.000000
-183.000000
-177.000000
-146.000000
-135.000000
-120.000000
-120.000000
-148.000000
-140.000000
-133.000000
-94.000000
-49.000000
-12.000000
38.000000
73.000000
80.000000
68.000000
62.000000
37.000000
-9.000000
-73.000000
-171.000000
-238.000000
-285.000000
-268.000000
-191.000000
-99.000000
-12.000000
31.000000
88.000000
106.000000
99.000000
85.000000
87.000000
133.000000
169.000000
214.000000
250.000000
293.000000
320.000000
304.000000
257.000000
201.000000
142.000000
44.000000
-68.000000
-157.000000
-219.000000
-235.000000
-205.000000
-141.000000
-65.000000
1.000000
59.000000
85.000000
77.000000
34.000000
-13.000000
-53.000000
-88.000000
-112.000000
-115.000000
-64.000000
-14.000000
39.000000
63.000000
47.000000
13.000000
-69.000000
-118.000000
-162.000000
-177.000000
-158.000000
-85.000000
28.000000
134.000000
211.000000
248.000000
253.000000
226.000000
196.000000
162.000000
136.000000
119.000000
108.000000
67.000000
5.000000
-79.000000
-156.000000
-222.000000
-291.000000
-329.000000
-334.000000
-284.000000
-208.000000
-119.000000
-12.000000
77.000000
116.000000
129.000000
153.000000
195.000000
228.000000
233.000000
219.000000
187.000000
129.000000
53.000000
-7.000000
-41.000000
-63.000000
-80.000000
-112.000000
-145.000000
-156.000000
-174.000000
-182.000000
-185.000000
-143.000000
-65.000000
36.000000
173.000000
296.000000
394.000000
403.000000
359.000000
298.000000
243.000000
185.000000
144.000000
115.000000
90.000000
53.000000
-30.000000
-114.000000
-204.000000
-262.000000
-302.000000
-316.000000
-308.000000
-274.000000
-224.000000
-194.000000
-156.000000
-105.000000
-43.000000
7.000000
24.000000
0.000000
-33.000000
-77.000000
-96.000000
-63.000000
-14.000000
38.000000
36.000000
-1.000000
-62.000000
-141.000000
-211.000000
-249.000000
-234.000000
-180.000000
-69.000000
17.000000
97.000000
150.000000
172.000000
179.000000
169.000000
152.000000
113.000000
74.000000
50.000000
52.000000
66.000000
74.000000
77.000000
54.000000
-2.000000
-86.000000
-177.000000
-209.000000
-209.000000
-163.000000
-77.000000
21.000000
105.000000
149.000000
168.000000
154.000000
109.000000
69.000000
29.000000
12.000000
11.000000
44.000000
79.000000
100.000000
135.000000
142.000000
133.000000
96.000000
49.000000
27.000000
27.000000
26.000000
33.000000
48.000000
71.000000
101.000000
116.000000
128.000000
138.000000
117.000000
69.000000
25.000000
-2.000000
10.000000
8.000000
-14.000000
-51.000000
-105.000000
-163.000000
-210.000000
-232.000000
-240.000000
-204.000000
-161.000000
-105.000000
-63.000000
-38.000000
-13.000000
-11.000000
-11.000000
2.000000
20.000000
52.000000
69.000000
77.000000
89.000000
107.000000
119.000000
112.000000
93.000000
55.000000
22.000000
-17.000000
-59.000000
-85.000000
-96.000000
-97.000000
-111.000000
-113.000000
-103.000000
-93.000000
-60.000000
-34.000000
1.000000
16.000000
16.000000
21.000000
34.000000
72.000000
106.000000
155.000000
175.000000
159.000000
96.000000
21.000000
-40.000000
-56.000000
-36.000000
-6.000000
5.000000
-7.000000
-41.000000
-106.000000
-150.000000
-163.000000
-134.000000
-108.000000
-63.000000
-20.000000
43.000000
122.000000
176.000000
195.000000
181.000000
149.000000
73.000000
-2.000000
-57.000000
-78.000000
-78.000000
-69.000000
-56.000000
-52.000000
-57.000000
-81.000000
-107.000000
-125.000000
-138.000000
-125.000000
-96.000000
-47.000000
14.000000
63.000000
89.000000
94.000000
97.000000
88.000000
79.000000
65.000000
15.000000
-44.000000
-94.000000
-140.000000
-144.000000
-124.000000
-102.000000
-85.000000
-58.000000
-31.000000
-3.000000
40.000000
65.000000
90.000000
99.000000
114.000000
148.000000
162.000000
167.000000
161.000000
160.000000
152.000000
107.000000
57.000000
6.000000
-38.000000
-73.000000
-85.000000
-78.000000
-49.000000
-38.000000
-35.000000
-39.000000
-58.000000
-69.000000
-87.000000
-65.000000
-48.000000
-1.000000
65.000000
133.000000
192.000000
192.000000
150.000000
71.000000
-26.000000
-122.000000
-186.000000
-198.000000
-153.000000
-63.000000
24.000000
106.000000
152.000000
151.000000
107.000000
53.000000
-4.000000
-45.000000
-60.000000
-61.000000
-4.000000
57.000000
110.000000
149.000000
134.000000
107.000000
30.000000
-62.000000
-147.000000
-204.000000
-230.000000
-242.000000
-197.000000
-140.000000
-68.000000
-1.000000
51.000000
67.000000
50.000000
15.000000
-36.000000
-64.000000
-79.000000
-63.000000
-11.000000
50.000000
107.000000
127.000000
128.000000
104.000000
66.000000
28.000000
-5.000000
1.000000
16.000000
36.000000
43.000000
45.000000
15.000000
-21.000000
-34.000000
-64.000000
-75.000000
-86.000000
-104.000000
-88.000000
-75.000000
-50.000000
-20.000000
11.000000
43.000000
48.000000
32.000000
-11.000000
-50.000000
-60.000000
-39.000000
-7.000000
13.000000
37.000000
51.000000
38.000000
14.000000
-11.000000
-23.000000
-10.000000
28.000000
43.000000
48.000000
56.000000
69.000000
92.000000
113.000000
115.000000
92.000000
55.000000
13.000000
-41.000000
-83.000000
-103.000000
-112.000000
-116.000000
-120.000000
-137.000000
-159.000000
-170.000000
-164.000000
-133.000000
-111.000000
-86.000000
-68.000000
-49.000000
-13.000000
30.000000
88.000000
154.000000
227.000000
266.000000
265.000000
208.000000
127.000000
79.000000
55.000000
56.000000
75.000000
98.000000
84.000000
58.000000
1.000000
-51.000000
-87.000000
-114.000000
-103.000000
-81.000000
-41.000000
-6.000000
25.000000
46.000000
39.000000
5.000000
-28.000000
-77.000000
-113.000000
-140.000000
-160.000000
-141.000000
-118.000000
-83.000000
-92.000000
-92.000000
-104.000000
-108.000000
-79.000000
-58.000000
1.000000
37.000000
80.000000
119.000000
151.000000
178.000000
201.000000
211.000000
202.000000
201.000000
176.000000
138.000000
89.000000
45.000000
15.000000
-8.000000
-22.000000
-29.000000
-13.000000
-2.000000
0.000000
6.000000
7.000000
0.000000
-22.000000
-74.000000
-123.000000
-142.000000
-149.000000
-124.000000
-100.000000
-83.000000
-74.000000
-85.000000
-99.000000
-130.000000
-144.000000
-169.000000
-170.000000
-144.000000
-86.000000
-7.000000
75.000000
166.000000
216.000000
232.000000
202.000000
150.000000
110.000000
76.000000
73.000000
87.000000
100.000000
130.000000
141.000000
138.000000
118.000000
68.000000
20.000000
-41.000000
-120.000000
-178.000000
-211.000000
-225.000000
-214.000000
-197.000000
-160.000000
-125.000000
-109.000000
-110.000000
-128.000000
-138.000000
-162.000000
-167.000000
-161.000000
-140.000000
-93.000000
-70.000000
-27.000000
12.000000
44.000000
78.000000
86.000000
91.000000
94.000000
83.000000
76.000000
92.000000
124.000000
175.000000
205.000000
234.000000
224.000000
179.000000
154.000000
121.000000
107.000000
105.000000
107.000000
100.000000
95.000000
63.000000
26.000000
12.000000
4.000000
-2.000000
-12.000000
-44.000000
-110.000000
-176.000000
-243.000000
-284.000000
-287.000000
-263.000000
-219.000000
-160.000000
-103.000000
-64.000000
-48.000000
-48.000000
-43.000000
-26.000000
12.000000
71.000000
150.000000
230.000000
271.000000
287.000000
265.000000
232.000000
201.000000
157.000000
131.000000
103.000000
84.000000
80.000000
81.000000
70.000000
55.000000
18.000000
-23.000000
-78.000000
-119.000000
-126.000000
-119.000000
-87.000000
-78.000000
-84.000000
-116.000000
-145.000000
-165.000000
-190.000000
-200.000000
-206.000000
-202.000000
-191.000000
-153.000000
-103.000000
-58.000000
-5.000000
35.000000
56.000000
57.000000
58.000000
51.000000
75.000000
107.000000
142.000000
197.000000
235.000000
267.000000
279.000000
268.000000
236.000000
197.000000
147.000000
103.000000
55.000000
34.000000
20.000000
19.000000
23.000000
6.000000
-21.000000
-67.000000
-108.000000
-158.000000
-196.000000
-224.000000
-239.000000
-227.000000
-219.000000
-198.000000
-175.000000
-157.000000
-148.000000
-159.000000
-177.000000
-194.000000
-205.000000
-190.000000
-152.000000
-77.000000
13.000000
91.000000
153.000000
185.000000
206.000000
191.000000
169.000000
156.000000
152.000000
169.000000
187.000000
225.000000
252.000000
258.000000
240.000000
195.000000
115.000000
24.000000
-54.000000
-112.000000
-147.000000
-157.000000
-136.000000
-117.000000
-104.000000
-98.000000
-110.000000
-135.000000
-176.000000
-199.000000
-203.000000
-205.000000
-187.000000
-155.000000
-117.000000
-67.000000
-10.000000
46.000000
89.000000
122.000000
109.000000
79.000000
65.000000
52.000000
60.000000
90.000000
131.000000
186.000000
247.000000
277.000000
279.000000
265.000000
213.000000
147.000000
88.000000
46.000000
39.000000
43.000000
74.000000
98.000000
92.000000
64.000000
5.000000
-66.000000
-138.000000
-196.000000
-221.000000
-235.000000
-233.000000
-210.000000
-196.000000
-177.000000
-164.000000
-158.000000
-156.000000
-173.000000
-170.000000
-165.000000
-150.000000
-121.000000
-72.000000
-23.000000
26.000000
73.000000
111.000000
131.000000
120.000000
121.000000
122.000000
141.000000
171.000000
203.000000
235.000000
256.000000
253.000000
227.000000
194.000000
131.000000
79.000000
32.000000
-14.000000
-31.000000
-31.000000
-28.000000
-30.000000
-36.000000
-74.000000
-116.000000
-153.000000
-184.000000
-200.000000
-213.000000
-202.000000
-174.000000
-141.000000
-101.000000
-63.000000
-30.000000
-23.000000
-22.000000
-34.000000
-61.000000
-66.000000
-56.000000
-25.000000
25.000000
68.000000
110.000000
123.000000
132.000000
153.000000
152.000000
153.000000
145.000000
146.000000
138.000000
122.000000
108.000000
97.000000
97.000000
87.000000
77.000000
47.000000
0.000000
-65.000000
-131.000000
-171.000000
-201.000000
-184.000000
-144.000000
-111.000000
-86.000000
-84.000000
-98.000000
-137.000000
-162.000000
-175.000000
-176.000000
-169.000000
-147.000000
-105.000000
-60.000000
-8.000000
53.000000
96.000000
115.000000
120.000000
88.000000
45.000000
14.000000
10.000000
40.000000
93.000000
165.000000
219.000000
260.000000
263.000000
222.000000
191.000000
135.000000
83.000000
66.000000
46.000000
30.000000
25.000000
17.000000
-1.000000
-9.000000
-37.000000
-81.000000
-120.000000
-154.000000
-184.000000
-185.000000
-170.000000
-140.000000
-91.000000
-68.000000
-64.000000
-76.000000
-87.000000
-97.000000
-98.000000
-80.000000
-56.000000
-23.000000
9.000000
34.000000
57.000000
74.000000
103.000000
141.000000
167.000000
176.000000
166.000000
139.000000
118.000000
87.000000
75.000000
84.000000
87.000000
105.000000
104.000000
92.000000
65.000000
30.000000
-8.000000
-37.000000
-68.000000
-82.000000
-75.000000
-71.000000
-60.000000
-70.000000
-96.000000
-123.000000
-136.000000
-172.000000
-203.000000
-223.000000
-238.000000
-225.000000
-188.000000
-138.000000
-84.000000
-33.000000
19.000000
51.000000
71.000000
79.000000
67.000000
70.000000
86.000000
133.000000
188.000000
240.000000
290.000000
309.000000
285.000000
223.000000
144.000000
70.000000
3.000000
-37.000000
-46.000000
-64.000000
-65.000000
-55.000000
-44.000000
-46.000000
-75.000000
-110.000000
-145.000000
-179.000000
-200.000000
-196.000000
-161.000000
-117.000000
-79.000000
-64.000000
-80.000000
-115.000000
-179.000000
-214.000000
-212.000000
-194.000000
-131.000000
-57.000000
5.000000
51.000000
94.000000
132.000000
165.000000
204.000000
226.000000
246.000000
248.000000
242.000000
241.000000
230.000000
227.000000
224.000000
213.000000
200.000000
164.000000
101.000000
21.000000
-64.000000
-121.000000
-159.000000
-174.000000
-170.000000
-154.000000
-139.000000
-132.000000
-139.000000
-153.000000
-160.000000
-163.000000
-162.000000
-160.000000
-142.000000
-119.000000
-110.000000
-81.000000
-61.000000
-39.000000
4.000000
38.000000
64.000000
79.000000
88.000000
95.000000
115.000000
142.000000
182.000000
230.000000
261.000000
275.000000
266.000000
243.000000
202.000000
159.000000
134.000000
112.000000
100.000000
71.000000
29.000000
-7.000000
-52.000000
-105.000000
-162.000000
-204.000000
-238.000000
-267.000000
-291.000000
-292.000000
-269.000000
-237.000000
-203.000000
-175.000000
-156.000000
-154.000000
-165.000000
-167.000000
-151.000000
-127.000000
-76.000000
-18.000000
46.000000
91.000000
108.000000
119.000000
126.000000
143.000000
174.000000
209.000000
238.000000
253.000000
246.000000
228.000000
209.000000
207.000000
220.000000
237.000000
246.000000
224.000000
172.000000
84.000000
5.000000
-73.000000
-130.000000
-148.000000
-163.000000
-169.000000
-191.000000
-219.000000
-254.000000
-291.000000
-322.000000
-333.000000
-342.000000
-336.000000
-309.000000
-280.000000
-232.000000
-158.000000
-76.000000
7.000000
89.000000
149.000000
199.000000
223.000000
246.000000
260.000000
282.000000
300.000000
318.000000
321.000000
299.000000
259.000000
195.000000
142.000000
92.000000
58.000000
44.000000
44.000000
24.000000
5.000000
-18.000000
-63.000000
-102.000000
-128.000000
-160.000000
-186.000000
-207.000000
-221.000000
-208.000000
-191.000000
-169.000000
-136.000000
-141.000000
-171.000000
-212.000000
-271.000000
-305.000000
-311.000000
-262.000000
-187.000000
-92.000000
6.000000
85.000000
145.000000
177.000000
209.000000
242.000000
297.000000
356.000000
413.000000
434.000000
435.000000
398.000000
338.000000
294.000000
256.000000
245.000000
221.000000
180.000000
101.000000
2.000000
-122.000000
-221.000000
-292.000000
-318.000000
-314.000000
-295.000000
-257.000000
-249.000000
-234.000000
-237.000000
-238.000000
-230.000000
-229.000000
-228.000000
-225.000000
-215.000000
-198.000000
-156.000000
-93.000000
-15.000000
59.000000
107.000000
124.000000
135.000000
139.000000
156.000000
199.000000
257.000000
329.000000
376.000000
405.000000
394.000000
340.000000
289.000000
237.000000
184.000000
133.000000
88.000000
47.000000
-16.000000
-80.000000
-147.000000
-226.000000
-301.000000
-344.000000
-377.000000
-390.000000
-366.000000
-331.000000
-267.000000
-205.000000
-151.000000
-107.000000
-102.000000
-120.000000
-143.000000
-161.000000
-152.000000
-101.000000
-27.000000
45.000000
100.000000
125.000000
107.000000
74.000000
62.000000
70.000000
126.000000
222.000000
312.000000
372.000000
399.000000
370.000000
313.000000
268.000000
227.000000
228.000000
250.000000
262.000000
242.000000
182.000000
85.000000
-53.000000
-198.000000
-321.000000
-406.000000
-455.000000
-474.000000
-452.000000
-416.000000
-377.000000
-341.000000
-315.000000
-298.000000
-293.000000
-278.000000
-243.000000
-180.000000
-78.000000
45.000000
167.000000
277.000000
340.000000
342.000000
306.000000
255.000000
215.000000
203.000000
223.000000
268.000000
313.000000
331.000000
294.000000
235.000000
156.000000
84.000000
41.000000
22.000000
19.000000
37.000000
45.000000
21.000000
-15.000000
-71.000000
-140.000000
-207.000000
-246.000000
-286.000000
-285.000000
-258.000000
-228.000000
-189.000000
-157.000000
-170.000000
-204.000000
-251.000000
-309.000000
-329.000000
-296.000000
-208.000000
-79.000000
63.000000
172.000000
233.000000
232.000000
197.000000
158.000000
173.000000
219.000000
308.000000
408.000000
479.000000
489.000000
416.000000
315.000000
195.000000
113.000000
58.000000
59.000000
77.000000
91.000000
80.000000
14.000000
-86.000000
-198.000000
-308.000000
-375.000000
-393.000000
-374.000000
-315.000000
-244.000000
-184.000000
-159.000000
-163.000000
-204.000000
-268.000000
-319.000000
-342.000000
-318.000000
-232.000000
-111.000000
34.000000
155.000000
226.000000
259.000000
239.000000
204.000000
184.000000
195.000000
255.000000
337.000000
412.000000
467.000000
454.000000
386.000000
295.000000
177.000000
85.000000
9.000000
-31.000000
-52.000000
-72.000000
-97.000000
-138.000000
-200.000000
-268.000000
-333.000000
-376.000000
-383.000000
-358.000000
-294.000000
-210.000000
-135.000000
-75.000000
-40.000000
-62.000000
-103.000000
-142.000000
-185.000000
-191.000000
-142.000000
-64.000000
33.000000
109.000000
129.000000
107.000000
47.000000
-10.000000
-15.000000
37.000000
143.000000
278.000000
405.000000
488.000000
486.000000
439.000000
354.000000
265.000000
220.000000
200.000000
221.000000
223.000000
197.000000
136.000000
9.000000
-140.000000
-291.000000
-413.000000
-481.000000
-495.000000
-460.000000
-384.000000
-305.000000
-240.000000
-203.000000
-203.000000
-226.000000
-268.000000
-272.000000
-247.000000
-182.000000
-56.000000
75.000000
199.000000
286.000000
305.000000
267.000000
196.000000
130.000000
92.000000
102.000000
160.000000
241.000000
312.000000
351.000000
345.000000
302.000000
233.000000
162.000000
102.000000
72.000000
61.000000
46.000000
43.000000
19.000000
-33.000000
-101.000000
-181.000000
-262.000000
-326.000000
-373.000000
-375.000000
-353.000000
-307.000000
-253.000000
-206.000000
-182.000000
-199.000000
-219.000000
-237.000000
-217.000000
-159.000000
-64.000000
51.000000
157.000000
219.000000
210.000000
167.000000
112.000000
66.000000
79.000000
141.000000
240.000000
331.000000
376.000000
375.000000
308.000000
228.000000
149.000000
112.000000
111.000000
152.000000
211.000000
247.000000
249.000000
200.000000
101.000000
-31.000000
-158.000000
-270.000000
-343.000000
-371.000000
-354.000000
-307.000000
-253.000000
-225.000000
-244.000000
-286.000000
-354.000000
-420.000000
-433.000000
-387.000000
-275.000000
-114.000000
44.000000
179.000000
250.000000
270.000000
241.000000
210.000000
199.000000
203.000000
252.000000
312.000000
363.000000
384.000000
371.000000
321.000000
253.000000
172.000000
104.000000
46.000000
2.000000
-18.000000
-39.000000
-64.000000
-93.000000
-121.000000
-164.000000
-194.000000
-208.000000
-209.000000
-190.000000
-165.000000
-133.000000
-106.000000
-106.000000
-140.000000
-187.000000
-251.000000
-294.000000
-311.000000
-285.000000
-221.000000
-140.000000
-55.000000
-7.000000
12.000000
-15.000000
-37.000000
-38.000000
-3.000000
81.000000
190.000000
308.000000
405.000000
457.000000
448.000000
409.000000
348.000000
293.000000
253.000000
238.000000
234.000000
206.000000
192.000000
145.000000
63.000000
-26.000000
-121.000000
-197.000000
-264.000000
-297.000000
-295.000000
-275.000000
-247.000000
-216.000000
-195.000000
-203.000000
-221.000000
-249.000000
-262.000000
-257.000000
-225.000000
-159.000000
-81.000000
-20.000000
18.000000
49.000000
44.000000
31.000000
36.000000
68.000000
115.000000
174.000000
236.000000
280.000000
316.000000
333.000000
330.000000
316.000000
294.000000
263.000000
224.000000
177.000000
127.000000
72.000000
31.000000
-19.000000
-64.000000
-105.000000
-152.000000
-188.000000
-219.000000
-246.000000
-269.000000
-267.000000
-261.000000
-248.000000
-227.000000
-211.000000
-184.000000
-165.000000
-146.000000
-118.000000
-96.000000
-76.000000
-66.000000
-60.000000
-62.000000
-73.000000
-67.000000
-47.000000
-7.000000
38.000000
87.000000
148.000000
184.000000
214.000000
250.000000
276.000000
303.000000
340.000000
369.000000
383.000000
373.000000
341.000000
291.000000
217.000000
141.000000
64.000000
-1.000000
-65.000000
-127.000000
-175.000000
-223.000000
-262.000000
-298.000000
-314.000000
-323.000000
-318.000000
-310.000000
-306.000000
-283.000000
-259.000000
-220.000000
-161.000000
-92.000000
-28.000000
23.000000
69.000000
87.000000
101.000000
97.000000
96.000000
102.000000
102.000000
120.000000
136.000000
150.000000
161.000000
170.000000
172.000000
169.000000
160.000000
135.000000
110.000000
87.000000
72.000000
59.000000
60.000000
70.000000
66.000000
59.000000
12.000000
-28.000000
-73.000000
-129.000000
-166.000000
-192.000000
-205.000000
-216.000000
-204.000000
-207.000000
-208.000000
-206.000000
-202.000000
-195.000000
-175.000000
-156.000000
-138.000000
-110.000000
-83.000000
-41.000000
-2.000000
54.000000
112.000000
159.000000
191.000000
213.000000
219.000000
218.000000
212.000000
211.000000
219.000000
232.000000
235.000000
228.000000
215.000000
182.000000
140.000000
93.000000
63.000000
33.000000
-4.000000
-23.000000
-52.000000
-87.000000
-127.000000
-151.000000
-167.000000
-187.000000
-195.000000
-199.000000
-200.000000
-202.000000
-197.000000
-171.000000
-140.000000
-105.000000
-74.000000
-51.000000
-39.000000
-45.000000
-33.000000
-13.000000
24.000000
68.000000
127.000000
180.000000
200.000000
196.000000
177.000000
150.000000
119.000000
112.000000
111.000000
112.000000
121.000000
114.000000
79.000000
30.000000
-26.000000
-78.000000
-114.000000
-117.000000
-100.000000
-72.000000
-43.000000
-6.000000
4.000000
-14.000000
-48.000000
-91.000000
-126.000000
-166.000000
-165.000000
-150.000000
-122.000000
-84.000000
-64.000000
-63.000000
-90.000000
-122.000000
-156.000000
-159.000000
-128.000000
-68.000000
16.000000
99.000000
161.000000
191.000000
195.000000
182.000000
174.000000
179.000000
187.000000
221.000000
261.000000
265.000000
253.000000
221.000000
152.000000
66.000000
-11.000000
-78.000000
-129.000000
-151.000000
-163.000000
-166.000000
-163.000000
-174.000000
-186.000000
-195.000000
-199.000000
-184.000000
-146.000000
-91.000000
-29.000000
38.000000
81.000000
85.000000
75.000000
31.000000
-28.000000
-66.000000
-91.000000
-70.000000
-29.000000
23.000000
77.000000
101.000000
94.000000
55.000000
13.000000
-26.000000
-45.000000
-11.000000
44.000000
116.000000
187.000000
231.000000
236.000000
199.000000
135.000000
59.000000
2.000000
-36.000000
-52.000000
-32.000000
-18.000000
-16.000000
-35.000000
-77.000000
-144.000000
-205.000000
-240.000000
-254.000000
-219.000000
-154.000000
-84.000000
-22.000000
20.000000
14.000000
-12.000000
-48.000000
-77.000000
-82.000000
-72.000000
-27.000000
27.000000
63.000000
79.000000
84.000000
58.000000
46.000000
50.000000
65.000000
91.000000
125.000000
171.000000
193.000000
181.000000
164.000000
137.000000
84.000000
50.000000
23.000000
12.000000
7.000000
12.000000
25.000000
26.000000
3.000000
-39.000000
-76.000000
-120.000000
-153.000000
-165.000000
-141.000000
-97.000000
-58.000000
-23.000000
1.000000
-9.000000
-44.000000
-63.000000
-67.000000
-53.000000
-23.000000
25.000000
54.000000
69.000000
53.000000
11.000000
-35.000000
-83.000000
-111.000000
-102.000000
-53.000000
-10.000000
47.000000
105.000000
126.000000
110.000000
82.000000
50.000000
16.000000
-2.000000
16.000000
60.000000
85.000000
128.000000
142.000000
132.000000
86.000000
20.000000
-23.000000
-73.000000
-95.000000
-87.000000
-56.000000
-41.000000
-44.000000
-74.000000
-122.000000
-198.000000
-264.000000
-284.000000
-265.000000
-203.000000
-115.000000
-13.000000
62.000000
103.000000
101.000000
89.000000
59.000000
36.000000
25.000000
55.000000
87.000000
101.000000
119.000000
135.000000
126.000000
86.000000
77.000000
64.000000
36.000000
22.000000
14.000000
15.000000
-1.000000
-16.000000
-5.000000
-15.000000
-8.000000
17.000000
66.000000
115.000000
148.000000
184.000000
175.000000
118.000000
13.000000
-86.000000
-161.000000
-254.000000
-244.000000
-190.000000
-103.000000
-28.000000
8.000000
47.000000
-52.000000
-155.000000
-233.000000
-280.000000
-270.000000
-206.000000
-17.000000
171.000000
316.000000
418.000000
450.000000
378.000000
213.000000
39.000000
-108.000000
-221.000000
-280.000000
-250.000000
-120.000000
-6.000000
106.000000
229.000000
295.000000
283.000000
198.000000
110.000000
-14.000000
-155.000000
-259.000000
-280.000000
-248.000000
-218.000000
-123.000000
8.000000
108.000000
153.000000
171.000000
150.000000
65.000000
-86.000000
-209.000000
-308.000000
-385.000000
-384.000000
-272.000000
-106.000000
48.000000
213.000000
324.000000
361.000000
314.000000
215.000000
114.000000
12.000000
-61.000000
-69.000000
-31.000000
29.000000
87.000000
161.000000
190.000000
163.000000
103.000000
15.000000
-79.000000
-177.000000
-233.000000
-218.000000
-178.000000
-105.000000
0.000000
102.000000
168.000000
185.000000
180.000000
127.000000
37.000000
-44.000000
-113.000000
-156.000000
-174.000000
-144.000000
-84.000000
-27.000000
16.000000
55.000000
70.000000
48.000000
18.000000
-31.000000
-71.000000
-105.000000
-117.000000
-92.000000
-44.000000
22.000000
95.000000
163.000000
201.000000
178.000000
132.000000
63.000000
-18.000000
-92.000000
-129.000000
-126.000000
-114.000000
-66.000000
-15.000000
40.000000
61.000000
68.000000
49.000000
2.000000
-52.000000
-104.000000
-122.000000
-121.000000
-83.000000
-27.000000
26.000000
52.000000
61.000000
47.000000
26.000000
11.000000
-13.000000
-6.000000
10.000000
4.000000
2.000000
-7.000000
-11.000000
-31.000000
-36.000000
-10.000000
-5.000000
-5.000000
17.000000
24.000000
34.000000
40.000000
38.000000
37.000000
25.000000
7.000000
-4.000000
-13.000000
-11.000000
4.000000
22.000000
45.000000
62.000000
59.000000
67.000000
70.000000
58.000000
63.000000
52.000000
43.000000
41.000000
32.000000
30.000000
26.000000
28.000000
41.000000
50.000000
53.000000
50.000000
47.000000
24.000000
-17.000000
-65.000000
-113.000000
-158.000000
-193.000000
-188.000000
-151.000000
-102.000000
-54.000000
1.000000
33.000000
27.000000
12.000000
-13.000000
-35.000000
-52.000000
-40.000000
3.000000
54.000000
110.000000
165.000000
196.000000
202.000000
158.000000
77.000000
-5.000000
-84.000000
-141.000000
-169.000000
-163.000000
-136.000000
-117.000000
-87.000000
-68.000000
-60.000000
-38.000000
-18.000000
17.000000
37.000000
49.000000
54.000000
45.000000
44.000000
33.000000
33.000000
39.000000
48.000000
36.000000
7.000000
-12.000000
-47.000000
-89.000000
-119.000000
-126.000000
-127.000000
-119.000000
-85.000000
-38.000000
2.000000
51.000000
90.000000
105.000000
109.000000
84.000000
74.000000
67.000000
52.000000
61.000000
93.000000
110.000000
129.000000
134.000000
115.000000
85.000000
20.000000
-41.000000
-92.000000
-136.000000
-150.000000
-112.000000
-50.000000
16.000000
73.000000
125.000000
145.000000
126.000000
91.000000
56.000000
20.000000
-20.000000
-38.000000
-42.000000
-30.000000
-14.000000
20.000000
61.000000
80.000000
78.000000
59.000000
11.000000
-52.000000
-120.000000
-165.000000
-202.000000
-223.000000
-200.000000
-151.000000
-73.000000
20.000000
110.000000
183.000000
186.000000
118.000000
-5.000000
-181.000000
-351.000000
-481.000000
-472.000000
-390.000000
-215.000000
25.000000
262.000000
452.000000
514.000000
497.000000
388.000000
202.000000
-22.000000
-181.000000
-271.000000
-304.000000
-224.000000
-69.000000
111.000000
258.000000
348.000000
380.000000
304.000000
144.000000
-37.000000
-212.000000
-355.000000
-443.000000
-434.000000
-339.000000
-201.000000
-44.000000
119.000000
246.000000
290.000000
273.000000
209.000000
101.000000
-24.000000
-127.000000
-161.000000
-153.000000
-92.000000
25.000000
165.000000
283.000000
341.000000
339.000000
269.000000
115.000000
-42.000000
-178.000000
-266.000000
-261.000000
-188.000000
-41.000000
117.000000
240.000000
325.000000
333.000000
277.000000
158.000000
13.000000
-119.000000
-228.000000
-289.000000
-289.000000
-228.000000
-145.000000
-51.000000
33.000000
61.000000
37.000000
-39.000000
-133.000000
-223.000000
-300.000000
-325.000000
-305.000000
-249.000000
-158.000000
-61.000000
43.000000
125.000000
183.000000
205.000000
201.000000
152.000000
80.000000
33.000000
-11.000000
-22.000000
14.000000
82.000000
147.000000
189.000000
205.000000
166.000000
80.000000
-39.000000
-145.000000
-233.000000
-281.000000
-269.000000
-210.000000
-121.000000
-30.000000
47.000000
97.000000
108.000000
81.000000
32.000000
-16.000000
-54.000000
-80.000000
-74.000000
-46.000000
-1.000000
50.000000
104.000000
139.000000
158.000000
159.000000
161.000000
147.000000
132.000000
129.000000
122.000000
119.000000
96.000000
86.000000
72.000000
56.000000
63.000000
77.000000
94.000000
105.000000
96.000000
77.000000
31.000000
-34.000000
-92.000000
-141.000000
-168.000000
-192.000000
-181.000000
-151.000000
-124.000000
-87.000000
-65.000000
-52.000000
-53.000000
-74.000000
-96.000000
-112.000000
-123.000000
-104.000000
-70.000000
-37.000000
-4.000000
12.000000
13.000000
-7.000000
-43.000000
-60.000000
-63.000000
-56.000000
-29.000000
7.000000
39.000000
61.000000
82.000000
96.000000
91.000000
91.000000
99.000000
96.000000
82.000000
61.000000
27.000000
-16.000000
-59.000000
-105.000000
-128.000000
-137.000000
-123.000000
-110.000000
-81.000000
-59.000000
-68.000000
-65.000000
-81.000000
-93.000000
-93.000000
-79.000000
-41.000000
12.000000
67.000000
121.000000
173.000000
195.000000
191.000000
176.000000
145.000000
108.000000
78.000000
65.000000
69.000000
80.000000
103.000000
100.000000
105.000000
91.000000
58.000000
44.000000
26.000000
12.000000
20.000000
34.000000
35.000000
42.000000
50.000000
38.000000
24.000000
8.000000
-17.000000
-42.000000
-71.000000
-85.000000
-83.000000
-96.000000
-91.000000
-83.000000
-89.000000
-99.000000
-109.000000
-114.000000
-116.000000
-109.000000
-84.000000
-59.000000
-44.000000
-29.000000
-25.000000
-22.000000
-24.000000
-29.000000
-21.000000
-15.000000
-2.000000
-2.000000
11.000000
10.000000
-5.000000
8.000000
14.000000
20.000000
31.000000
56.000000
79.000000
81.000000
69.000000
60.000000
30.000000
-5.000000
-29.000000
-42.000000
-42.000000
-36.000000
-28.000000
-7.000000
-1.000000
-27.000000
-36.000000
-62.000000
-91.000000
-112.000000
-116.000000
-96.000000
-69.000000
-26.000000
29.000000
70.000000
89.000000
94.000000
77.000000
58.000000
34.000000
24.000000
36.000000
57.000000
84.000000
114.000000
136.000000
130.000000
116.000000
95.000000
71.000000
46.000000
29.000000
33.000000
47.000000
74.000000
88.000000
106.000000
103.000000
68.000000
31.000000
0.000000
-37.000000
-60.000000
-44.000000
-23.000000
-12.000000
-5.000000
-2.000000
-30.000000
-58.000000
-87.000000
-113.000000
-120.000000
-144.000000
-147.000000
-145.000000
-160.000000
-165.000000
-154.000000
-144.000000
-130.000000
-97.000000
-60.000000
-31.000000
-1.000000
21.000000
46.000000
52.000000
53.000000
58.000000
60.000000
74.000000
76.000000
88.000000
98.000000
86.000000
70.000000
54.000000
27.000000
-5.000000
-23.000000
-24.000000
-30.000000
-38.000000
-40.000000
-35.000000
-45.000000
-59.000000
-75.000000
-78.000000
-94.000000
-98.000000
-72.000000
-50.000000
-19.000000
8.000000
31.000000
45.000000
22.000000
12.000000
-3.000000
-21.000000
-14.000000
-6.000000
24.000000
50.000000
73.000000
104.000000
138.000000
155.000000
167.000000
173.000000
170.000000
161.000000
152.000000
157.000000
159.000000
172.000000
173.000000
172.000000
136.000000
80.000000
25.000000
-29.000000
-77.000000
-107.000000
-122.000000
-123.000000
-111.000000
-115.000000
-109.000000
-99.000000
-106.000000
-122.000000
-120.000000
-137.000000
-161.000000
-166.000000
-163.000000
-146.000000
-130.000000
-92.000000
-65.000000
-42.000000
-28.000000
-11.000000
0.000000
11.000000
24.000000
35.000000
67.000000
84.000000
96.000000
110.000000
118.000000
121.000000
118.000000
106.000000
99.000000
85.000000
73.000000
61.000000
36.000000
-1.000000
-35.000000
-66.000000
-98.000000
-127.000000
-152.000000
-164.000000
-183.000000
-204.000000
-217.000000
-223.000000
-204.000000
-173.000000
-126.000000
-74.000000
-30.000000
-11.000000
-3.000000
-5.000000
-19.000000
-20.000000
-3.000000
31.000000
79.000000
144.000000
211.000000
264.000000
306.000000
329.000000
314.000000
289.000000
243.000000
192.000000
152.000000
134.000000
140.000000
143.000000
153.000000
154.000000
137.000000
98.000000
52.000000
-5.000000
-56.000000
-94.000000
-136.000000
-171.000000
-199.000000
-228.000000
-246.000000
-248.000000
-240.000000
-224.000000
-197.000000
-178.000000
-154.000000
-136.000000
-133.000000
-123.000000
-105.000000
-85.000000
-61.000000
-11.000000
40.000000
88.000000
137.000000
178.000000
211.000000
217.000000
215.000000
214.000000
199.000000
188.000000
172.000000
150.000000
135.000000
111.000000
80.000000
49.000000
12.000000
-30.000000
-76.000000
-113.000000
-153.000000
-188.000000
-213.000000
-229.000000
-245.000000
-265.000000
-273.000000
-293.000000
-294.000000
-290.000000
-272.000000
-234.000000
-198.000000
-154.000000
-110.000000
-69.000000
-28.000000
11.000000
56.000000
103.000000
151.000000
207.000000
252.000000
283.000000
324.000000
358.000000
366.000000
369.000000
366.000000
347.000000
321.000000
296.000000
264.000000
229.000000
190.000000
149.000000
87.000000
19.000000
-60.000000
-124.000000
-178.000000
-221.000000
-249.000000
-263.000000
-257.000000
-266.000000
-260.000000
-250.000000
-244.000000
-233.000000
-216.000000
-199.000000
-185.000000
-166.000000
-140.000000
-104.000000
-67.000000
-21.000000
27.000000
77.000000
116.000000
141.000000
178.000000
196.000000
214.000000
232.000000
249.000000
262.000000
271.000000
274.000000
262.000000
236.000000
200.000000
151.000000
80.000000
17.000000
-51.000000
-111.000000
-155.000000
-197.000000
-222.000000
-247.000000
-268.000000
-289.000000
-313.000000
-342.000000
-371.000000
-389.000000
-393.000000
-384.000000
-346.000000
-298.000000
-223.000000
-145.000000
-75.000000
1.000000
56.000000
106.000000
147.000000
181.000000
219.000000
252.000000
283.000000
326.000000
361.000000
393.000000
413.000000
417.000000
413.000000
383.000000
335.000000
286.000000
236.000000
192.000000
150.000000
110.000000
65.000000
14.000000
-42.000000
-112.000000
-173.000000
-236.000000
-279.000000
-320.000000
-348.000000
-371.000000
-383.000000
-369.000000
-355.000000
-311.000000
-263.000000
-206.000000
-143.000000
-94.000000
-48.000000
-12.000000
11.000000
51.000000
82.000000
122.000000
171.000000
226.000000
288.000000
334.000000
380.000000
403.000000
403.000000
374.000000
329.000000
283.000000
224.000000
174.000000
140.000000
106.000000
76.000000
37.000000
-22.000000
-99.000000
-184.000000
-275.000000
-358.000000
-426.000000
-468.000000
-475.000000
-466.000000
-436.000000
-396.000000
-376.000000
-351.000000
-341.000000
-340.000000
-329.000000
-302.000000
-248.000000
-176.000000
-86.000000
16.000000
