-344.000000
-163.000000
97.000000
352.000000
526.000000
604.000000
534.000000
367.000000
102.000000
-199.000000
-477.000000
-696.000000
-771.000000
-690.000000
-506.000000
-274.000000
-51.000000
97.000000
173.000000
172.000000
116.000000
46.000000
-22.000000
-84.000000
-147.000000
-162.000000
-117.000000
-15.000000
122.000000
231.000000
259.000000
224.000000
137.000000
32.000000
-49.000000
-91.000000
-107.000000
-98.000000
-63.000000
-11.000000
24.000000
45.000000
40.000000
-15.000000
-83.000000
-155.000000
-195.000000
-164.000000
-60.000000
73.000000
199.000000
287.000000
313.000000
293.000000
238.000000
174.000000
118.000000
77.000000
67.000000
107.000000
173.000000
237.000000
261.000000
232.000000
137.000000
-8.000000
-157.000000
-261.000000
-270.000000
-198.000000
-77.000000
46.000000
115.000000
141.000000
145.000000
115.000000
59.000000
14.000000
-29.000000
-51.000000
-29.000000
51.000000
183.000000
334.000000
445.000000
464.000000
379.000000
199.000000
-36.000000
-258.000000
-440.000000
-534.000000
-497.000000
-386.000000
-224.000000
-65.000000
43.000000
79.000000
31.000000
-94.000000
-211.000000
-286.000000
-260.000000
-121.000000
86.000000
346.000000
554.000000
657.000000
609.000000
417.000000
125.000000
-220.000000
-536.000000
-756.000000
-845.000000
-796.000000
-641.000000
-440.000000
-206.000000
-16.000000
112.000000
172.000000
157.000000
95.000000
9.000000
-58.000000
-77.000000
-40.000000
38.000000
152.000000
257.000000
309.000000
282.000000
181.000000
32.000000
-130.000000
-250.000000
-332.000000
-339.000000
-268.000000
-144.000000
-3.000000
118.000000
192.000000
198.000000
155.000000
82.000000
-20.000000
-86.000000
-93.000000
-54.000000
51.000000
178.000000
279.000000
317.000000
300.000000
217.000000
108.000000
15.000000
-9.000000
21.000000
109.000000
223.000000
306.000000
340.000000
287.000000
171.000000
15.000000
-142.000000
-253.000000
-288.000000
-221.000000
-81.000000
80.000000
232.000000
317.000000
313.000000
226.000000
101.000000
-35.000000
-128.000000
-143.000000
-100.000000
29.000000
202.000000
371.000000
505.000000
546.000000
468.000000
277.000000
-4.000000
-294.000000
-517.000000
-609.000000
-574.000000
-447.000000
-266.000000
-114.000000
-23.000000
-10.000000
-50.000000
-119.000000
-177.000000
-201.000000
-156.000000
-31.000000
143.000000
355.000000
509.000000
559.000000
473.000000
260.000000
-20.000000
-311.000000
-533.000000
-659.000000
-689.000000
-656.000000
-583.000000
-488.000000
-370.000000
-239.000000
-119.000000
-43.000000
8.000000
41.000000
45.000000
70.000000
137.000000
224.000000
290.000000
325.000000
294.000000
203.000000
89.000000
-60.000000
-182.000000
-288.000000
-349.000000
-341.000000
-290.000000
-194.000000
-103.000000
-21.000000
28.000000
67.000000
108.000000
154.000000
206.000000
233.000000
223.000000
202.000000
188.000000
174.000000
165.000000
151.000000
99.000000
31.000000
-49.000000
-101.000000
-68.000000
29.000000
164.000000
275.000000
343.000000
339.000000
289.000000
202.000000
98.000000
-2.000000
-106.000000
-171.000000
-199.000000
-152.000000
-17.000000
145.000000
263.000000
304.000000
250.000000
143.000000
24.000000
-72.000000
-111.000000
-101.000000
-40.000000
52.000000
172.000000
309.000000
434.000000
507.000000
451.000000
271.000000
12.000000
-253.000000
-438.000000
-504.000000
-466.000000
-372.000000
-269.000000
-200.000000
-174.000000
-166.000000
-164.000000
-161.000000
-150.000000
-136.000000
-70.000000
55.000000
241.000000
428.000000
542.000000
528.000000
373.000000
122.000000
-163.000000
-392.000000
-527.000000
-572.000000
-572.000000
-551.000000
-516.000000
-460.000000
-383.000000
-301.000000
-217.000000
-147.000000
-99.000000
-46.000000
38.000000
171.000000
334.000000
476.000000
551.000000
521.000000
396.000000
211.000000
-1.000000
-212.000000
-388.000000
-497.000000
-533.000000
-488.000000
-372.000000
-217.000000
-85.000000
18.000000
91.000000
143.000000
191.000000
236.000000
272.000000
291.000000
291.000000
291.000000
297.000000
290.000000
252.000000
157.000000
26.000000
-121.000000
-241.000000
-274.000000
-206.000000
-66.000000
104.000000
233.000000
296.000000
296.000000
255.000000
198.000000
121.000000
38.000000
-29.000000
-57.000000
-47.000000
20.000000
107.000000
188.000000
216.000000
179.000000
94.000000
-4.000000
-73.000000
-89.000000
-68.000000
-14.000000
54.000000
124.000000
198.000000
269.000000
351.000000
368.000000
306.000000
184.000000
29.000000
-133.000000
-260.000000
-332.000000
-345.000000
-328.000000
-313.000000
-300.000000
-284.000000
-246.000000
-212.000000
-165.000000
-107.000000
-28.000000
96.000000
232.000000
358.000000
424.000000
413.000000
300.000000
117.000000
-88.000000
-268.000000
-378.000000
-429.000000
-429.000000
-423.000000
-412.000000
-397.000000
-378.000000
-338.000000
-283.000000
-230.000000
-186.000000
-128.000000
-36.000000
90.000000
234.000000
367.000000
463.000000
496.000000
444.000000
320.000000
164.000000
-37.000000
-239.000000
-400.000000
-509.000000
-552.000000
-525.000000
-434.000000
-324.000000
-191.000000
-54.000000
83.000000
218.000000
328.000000
378.000000
373.000000
329.000000
273.000000
229.000000
200.000000
193.000000
158.000000
76.000000
-28.000000
-133.000000
-195.000000
-178.000000
-104.000000
-15.000000
84.000000
129.000000
148.000000
146.000000
132.000000
137.000000
129.000000
133.000000
129.000000
143.000000
168.000000
178.000000
173.000000
129.000000
64.000000
-16.000000
-59.000000
-67.000000
-53.000000
-14.000000
1.000000
17.000000
31.000000
57.000000
124.000000
203.000000
253.000000
280.000000
258.000000
198.000000
129.000000
39.000000
-42.000000
-122.000000
-202.000000
-287.000000
-355.000000
-382.000000
-368.000000
-302.000000
-217.000000
-121.000000
-23.000000
99.000000
216.000000
297.000000
337.000000
319.000000
257.000000
152.000000
50.000000
-60.000000
-145.000000
-208.000000
-247.000000
-292.000000
-348.000000
-382.000000
-405.000000
-384.000000
-342.000000
-291.000000
-213.000000
-139.000000
-65.000000
35.000000
146.000000
246.000000
334.000000
381.000000
375.000000
306.000000
205.000000
76.000000
-41.000000
-140.000000
-234.000000
-317.000000
-401.000000
-436.000000
-445.000000
-404.000000
-306.000000
-168.000000
6.000000
173.000000
302.000000
396.000000
441.000000
428.000000
374.000000
292.000000
177.000000
34.000000
-93.000000
-174.000000
-211.000000
-194.000000
-125.000000
-44.000000
34.000000
88.000000
108.000000
85.000000
51.000000
38.000000
31.000000
37.000000
89.000000
153.000000
206.000000
252.000000
255.000000
202.000000
96.000000
-41.000000
-158.000000
-230.000000
-248.000000
-201.000000
-119.000000
-27.000000
44.000000
85.000000
88.000000
86.000000
113.000000
153.000000
205.000000
254.000000
291.000000
293.000000
256.000000
187.000000
85.000000
-39.000000
-180.000000
-332.000000
-462.000000
-523.000000
-526.000000
-444.000000
-300.000000
-129.000000
53.000000
211.000000
329.000000
388.000000
378.000000
318.000000
230.000000
135.000000
58.000000
6.000000
-38.000000
-87.000000
-137.000000
-199.000000
-282.000000
-341.000000
-377.000000
-356.000000
-289.000000
-216.000000
-137.000000
-78.000000
-3.000000
67.000000
152.000000
247.000000
312.000000
334.000000
302.000000
230.000000
142.000000
76.000000
19.000000
-35.000000
-105.000000
-187.000000
-278.000000
-338.000000
-359.000000
-336.000000
-258.000000
-161.000000
-39.000000
82.000000
193.000000
300.000000
389.000000
419.000000
385.000000
289.000000
150.000000
-5.000000
-136.000000
-216.000000
-238.000000
-219.000000
-155.000000
-70.000000
18.000000
94.000000
122.000000
109.000000
75.000000
37.000000
24.000000
50.000000
96.000000
154.000000
198.000000
207.000000
159.000000
66.000000
-44.000000
-166.000000
-265.000000
-313.000000
-309.000000
-247.000000
-139.000000
-15.000000
92.000000
146.000000
147.000000
128.000000
104.000000
103.000000
139.000000
186.000000
237.000000
257.000000
245.000000
206.000000
144.000000
39.000000
-106.000000
-268.000000
-427.000000
-520.000000
-529.000000
-447.000000
-290.000000
-121.000000
48.000000
190.000000
255.000000
298.000000
311.000000
292.000000
251.000000
183.000000
117.000000
45.000000
-12.000000
-55.000000
-118.000000
-191.000000
-261.000000
-318.000000
-337.000000
-291.000000
-197.000000
-97.000000
-19.000000
23.000000
36.000000
65.000000
101.000000
149.000000
178.000000
174.000000
153.000000
133.000000
128.000000
125.000000
129.000000
100.000000
18.000000
-89.000000
-193.000000
-259.000000
-248.000000
-198.000000
-136.000000
-81.000000
-54.000000
-26.000000
33.000000
115.000000
204.000000
261.000000
258.000000
195.000000
94.000000
-4.000000
-67.000000
-92.000000
-116.000000
-124.000000
-138.000000
-132.000000
-92.000000
-33.000000
35.000000
92.000000
122.000000
113.000000
110.000000
122.000000
162.000000
202.000000
179.000000
125.000000
37.000000
-61.000000
-150.000000
-215.000000
-247.000000
-257.000000
-238.000000
-196.000000
-124.000000
-44.000000
28.000000
63.000000
64.000000
54.000000
55.000000
81.000000
130.000000
195.000000
238.000000
232.000000
193.000000
136.000000
95.000000
26.000000
-50.000000
-158.000000
-278.000000
-364.000000
-403.000000
-355.000000
-262.000000
-130.000000
-22.000000
56.000000
106.000000
141.000000
194.000000
260.000000
289.000000
272.000000
224.000000
138.000000
37.000000
-58.000000
-134.000000
-217.000000
-289.000000
-319.000000
-300.000000
-229.000000
-110.000000
7.000000
96.000000
132.000000
119.000000
86.000000
59.000000
54.000000
52.000000
72.000000
91.000000
95.000000
108.000000
119.000000
134.000000
124.000000
69.000000
-16.000000
-104.000000
-159.000000
-168.000000
-121.000000
-56.000000
12.000000
55.000000
58.000000
76.000000
83.000000
90.000000
107.000000
91.000000
68.000000
31.000000
3.000000
-11.000000
-15.000000
-20.000000
-34.000000
-60.000000
-79.000000
-88.000000
-81.000000
-57.000000
-20.000000
31.000000
70.000000
128.000000
167.000000
207.000000
213.000000
161.000000
85.000000
-25.000000
-112.000000
-171.000000
-181.000000
-175.000000
-153.000000
-122.000000
-110.000000
-85.000000
-53.000000
-32.000000
-11.000000
-9.000000
-30.000000
-23.000000
3.000000
59.000000
121.000000
132.000000
114.000000
54.000000
-4.000000
-46.000000
-73.000000
-71.000000
-91.000000
-126.000000
-172.000000
-204.000000
-185.000000
-122.000000
-33.000000
38.000000
70.000000
76.000000
62.000000
79.000000
138.000000
205.000000
239.000000
197.000000
91.000000
-45.000000
-174.000000
-268.000000
-299.000000
-298.000000
-267.000000
-206.000000
-120.000000
-1.000000
119.000000
211.000000
240.000000
206.000000
124.000000
25.000000
-42.000000
-56.000000
-22.000000
21.000000
50.000000
72.000000
109.000000
139.000000
157.000000
150.000000
91.000000
-13.000000
-126.000000
-174.000000
-156.000000
-70.000000
39.000000
131.000000
183.000000
196.000000
170.000000
125.000000
68.000000
3.000000
-64.000000
-127.000000
-151.000000
-121.000000
-33.000000
48.000000
107.000000
122.000000
81.000000
32.000000
-4.000000
-19.000000
-33.000000
-39.000000
-37.000000
-37.000000
3.000000
78.000000
128.000000
135.000000
73.000000
-43.000000
-149.000000
-207.000000
-181.000000
-99.000000
-11.000000
48.000000
67.000000
67.000000
75.000000
81.000000
95.000000
83.000000
24.000000
-40.000000
-93.000000
-98.000000
-69.000000
-31.000000
-28.000000
-59.000000
-112.000000
-153.000000
-146.000000
-110.000000
-66.000000
-79.000000
-125.000000
-160.000000
-148.000000
-80.000000
42.000000
154.000000
208.000000
196.000000
134.000000
113.000000
137.000000
176.000000
181.000000
123.000000
-3.000000
-158.000000
-269.000000
-309.000000
-286.000000
-240.000000
-212.000000
-176.000000
-102.000000
18.000000
167.000000
307.000000
372.000000
319.000000
189.000000
32.000000
-88.000000
-144.000000
-149.000000
-121.000000
-98.000000
-53.000000
26.000000
131.000000
236.000000
280.000000
224.000000
61.000000
-115.000000
-230.000000
-252.000000
-184.000000
-62.000000
48.000000
129.000000
190.000000
219.000000
255.000000
230.000000
148.000000
-3.000000
-163.000000
-258.000000
-249.000000
-124.000000
27.000000
145.000000
183.000000
168.000000
114.000000
93.000000
95.000000
72.000000
18.000000
-65.000000
-146.000000
-154.000000
-100.000000
-18.000000
33.000000
-9.000000
-109.000000
-228.000000
-279.000000
-238.000000
-141.000000
-7.000000
77.000000
109.000000
137.000000
187.000000
259.000000
312.000000
303.000000
219.000000
88.000000
-49.000000
-130.000000
-173.000000
-186.000000
-207.000000
-253.000000
-277.000000
-249.000000
-167.000000
-74.000000
-6.000000
-10.000000
-63.000000
-128.000000
-141.000000
-68.000000
46.000000
153.000000
208.000000
223.000000
220.000000
229.000000
250.000000
263.000000
206.000000
80.000000
-81.000000
-252.000000
-356.000000
-393.000000
-378.000000
-342.000000
-302.000000
-244.000000
-130.000000
28.000000
219.000000
370.000000
438.000000
406.000000
307.000000
203.000000
86.000000
-5.000000
-81.000000
-148.000000
-199.000000
-195.000000
-116.000000
15.000000
134.000000
200.000000
177.000000
88.000000
1.000000
-55.000000
-79.000000
-74.000000
-54.000000
-50.000000
-31.000000
0.000000
69.000000
154.000000
188.000000
144.000000
48.000000
-51.000000
-118.000000
-110.000000
-55.000000
20.000000
66.000000
84.000000
81.000000
96.000000
131.000000
153.000000
139.000000
79.000000
6.000000
-73.000000
-107.000000
-99.000000
-78.000000
-80.000000
-115.000000
-165.000000
-212.000000
-221.000000
-181.000000
-115.000000
-53.000000
0.000000
39.000000
94.000000
162.000000
236.000000
291.000000
306.000000
282.000000
208.000000
109.000000
-2.000000
-107.000000
-200.000000
-277.000000
-317.000000
-311.000000
-274.000000
-217.000000
-170.000000
-135.000000
-91.000000
-58.000000
-29.000000
6.000000
23.000000
36.000000
55.000000
83.000000
136.000000
195.000000
247.000000
254.000000
224.000000
163.000000
66.000000
-31.000000
-108.000000
-178.000000
-256.000000
-317.000000
-354.000000
-332.000000
-234.000000
-108.000000
31.000000
151.000000
218.000000
232.000000
233.000000
212.000000
176.000000
112.000000
33.000000
-40.000000
-95.000000
-91.000000
-42.000000
24.000000
79.000000
79.000000
38.000000
-4.000000
-37.000000
-39.000000
-27.000000
-13.000000
-4.000000
-3.000000
8.000000
37.000000
80.000000
93.000000
69.000000
21.000000
-44.000000
-81.000000
-76.000000
-41.000000
12.000000
60.000000
80.000000
87.000000
80.000000
81.000000
87.000000
96.000000
74.000000
35.000000
10.000000
1.000000
0.000000
-17.000000
-37.000000
-75.000000
-102.000000
-127.000000
-130.000000
-120.000000
-129.000000
-122.000000
-115.000000
-91.000000
-32.000000
23.000000
64.000000
93.000000
97.000000
97.000000
127.000000
178.000000
221.000000
215.000000
142.000000
34.000000
-70.000000
-138.000000
-150.000000
-151.000000
-157.000000
-191.000000
-232.000000
-244.000000
-197.000000
-95.000000
0.000000
48.000000
32.000000
-23.000000
-52.000000
-18.000000
56.000000
147.000000
206.000000
204.000000
153.000000
95.000000
65.000000
55.000000
37.000000
-33.000000
-138.000000
-244.000000
-287.000000
-253.000000
-142.000000
-6.000000
84.000000
120.000000
118.000000
106.000000
111.000000
125.000000
107.000000
45.000000
-38.000000
-102.000000
-92.000000
2.000000
111.000000
195.000000
199.000000
128.000000
44.000000
-38.000000
-78.000000
-84.000000
-99.000000
-117.000000
-121.000000
-96.000000
-24.000000
76.000000
151.000000
179.000000
136.000000
58.000000
-16.000000
-60.000000
-67.000000
-53.000000
-41.000000
-42.000000
-34.000000
-10.000000
53.000000
114.000000
145.000000
117.000000
77.000000
40.000000
15.000000
20.000000
19.000000
4.000000
-48.000000
-97.000000
-122.000000
-105.000000
-70.000000
-43.000000
-39.000000
-68.000000
-98.000000
-105.000000
-84.000000
-52.000000
-18.000000
-30.000000
-56.000000
-65.000000
-39.000000
30.000000
77.000000
106.000000
88.000000
40.000000
-6.000000
-22.000000
-24.000000
-40.000000
-79.000000
-143.000000
-180.000000
-170.000000
-95.000000
-1.000000
61.000000
64.000000
-2.000000
-89.000000
-131.000000
-119.000000
-57.000000
9.000000
52.000000
73.000000
80.000000
85.000000
112.000000
118.000000
86.000000
13.000000
-99.000000
-180.000000
-215.000000
-176.000000
-97.000000
2.000000
85.000000
141.000000
165.000000
173.000000
165.000000
136.000000
90.000000
24.000000
-47.000000
-73.000000
-36.000000
44.000000
145.000000
199.000000
212.000000
172.000000
115.000000
77.000000
31.000000
-10.000000
-65.000000
-118.000000
-148.000000
-136.000000
-90.000000
-17.000000
54.000000
83.000000
83.000000
73.000000
70.000000
80.000000
86.000000
76.000000
42.000000
3.000000
-15.000000
-5.000000
27.000000
72.000000
84.000000
84.000000
85.000000
99.000000
116.000000
117.000000
118.000000
92.000000
41.000000
-16.000000
-54.000000
-78.000000
-76.000000
-71.000000
-52.000000
-32.000000
-24.000000
-37.000000
-52.000000
-76.000000
-120.000000
-150.000000
-179.000000
-170.000000
-144.000000
-103.000000
-67.000000
-23.000000
35.000000
93.000000
120.000000
112.000000
50.000000
-36.000000
-113.000000
-162.000000
-149.000000
-90.000000
0.000000
49.000000
68.000000
35.000000
-31.000000
-112.000000
-167.000000
-187.000000
-182.000000
-176.000000
-169.000000
-137.000000
-68.000000
41.000000
121.000000
151.000000
105.000000
14.000000
-107.000000
-181.000000
-210.000000
-190.000000
-164.000000
-156.000000
-144.000000
-105.000000
-29.000000
55.000000
126.000000
128.000000
65.000000
-45.000000
-121.000000
-114.000000
-7.000000
113.000000
206.000000
235.000000
235.000000
225.000000
234.000000
248.000000
207.000000
129.000000
22.000000
-66.000000
-99.000000
-50.000000
26.000000
76.000000
83.000000
86.000000
82.000000
106.000000
117.000000
116.000000
83.000000
13.000000
-52.000000
-70.000000
-41.000000
0.000000
0.000000
-62.000000
-109.000000
-95.000000
4.000000
133.000000
234.000000
238.000000
175.000000
88.000000
39.000000
57.000000
126.000000
180.000000
186.000000
165.000000
135.000000
130.000000
110.000000
82.000000
29.000000
-44.000000
-133.000000
-163.000000
-123.000000
-21.000000
83.000000
121.000000
115.000000
114.000000
153.000000
227.000000
294.000000
297.000000
210.000000
53.000000
-103.000000
-185.000000
-133.000000
-42.000000
60.000000
77.000000
39.000000
-46.000000
-110.000000
-184.000000
-273.000000
-466.000000
-809.000000
-1099.000000
-1147.000000
-683.000000
59.000000
756.000000
917.000000
566.000000
-32.000000
-397.000000
-291.000000
54.000000
261.000000
15.000000
-444.000000
-692.000000
-396.000000
198.000000
622.000000
599.000000
256.000000
-53.000000
-21.000000
182.000000
366.000000
266.000000
-33.000000
-305.000000
-381.000000
-219.000000
-94.000000
-12.000000
10.000000
100.000000
199.000000
182.000000
-51.000000
-343.000000
-516.000000
-461.000000
-283.000000
-183.000000
-181.000000
-223.000000
-181.000000
-34.000000
153.000000
194.000000
23.000000
-195.000000
-212.000000
52.000000
432.000000
593.000000
454.000000
82.000000
-172.000000
-209.000000
82.000000
500.000000
718.000000
688.000000
446.000000
352.000000
452.000000
585.000000
548.000000
286.000000
-14.000000
-152.000000
-133.000000
9.000000
112.000000
150.000000
46.000000
-75.000000
-200.000000
-197.000000
-133.000000
-74.000000
43.000000
178.000000
346.000000
359.000000
310.000000
238.000000
251.000000
304.000000
295.000000
232.000000
167.000000
162.000000
188.000000
170.000000
79.000000
-69.000000
-230.000000
-401.000000
-541.000000
-645.000000
-783.000000
-892.000000
-1013.000000
-1015.000000
-1012.000000
-954.000000
-899.000000
-825.000000
-654.000000
-528.000000
-428.000000
-381.000000
-296.000000
-216.000000
-173.000000
-189.000000
-250.000000
-237.000000
-152.000000
6.000000
175.000000
278.000000
363.000000
374.000000
405.000000
426.000000
479.000000
535.000000
525.000000
487.000000
377.000000
279.000000
143.000000
53.000000
-30.000000
-98.000000
-171.000000
-267.000000
-292.000000
-244.000000
-154.000000
-68.000000
-46.000000
-17.000000
3.000000
50.000000
98.000000
145.000000
194.000000
194.000000
267.000000
323.000000
466.000000
575.000000
693.000000
752.000000
847.000000
974.000000
1073.000000
1164.000000
1221.000000
1310.000000
1419.000000
1470.000000
1465.000000
1451.000000
1446.000000
1489.000000
1448.000000
1452.000000
1375.000000
1399.000000
1367.000000
1383.000000
1383.000000
1383.000000
1288.000000
1020.000000
591.000000
-32.000000
-715.000000
-1494.000000
-2163.000000
-2790.000000
-3213.000000
-3530.000000
-3455.000000
-3101.000000
-2521.000000
-2251.000000
-2439.000000
-3070.000000
-3620.000000
-3788.000000
-3508.000000
-2899.000000
-2293.000000
-1723.000000
-1339.000000
-912.000000
-494.000000
81.000000
504.000000
757.000000
816.000000
1037.000000
1433.000000
1960.000000
2140.000000
1778.000000
735.000000
-663.000000
-1813.000000
-2322.000000
-1833.000000
-1128.000000
-454.000000
-547.000000
-902.000000
-1387.000000
-1558.000000
-1602.000000
-1621.000000
-1623.000000
-1524.000000
-1082.000000
-346.000000
465.000000
951.000000
899.000000
471.000000
105.000000
140.000000
721.000000
1447.000000
2207.000000
2513.000000
2546.000000
2222.000000
1971.000000
1920.000000
2040.000000
2247.000000
2305.000000
2500.000000
2797.000000
3261.000000
3554.000000
3467.000000
3040.000000
2468.000000
2144.000000
2080.000000
2296.000000
2443.000000
2328.000000
1968.000000
1366.000000
828.000000
246.000000
-183.000000
-453.000000
-431.000000
-229.000000
-53.000000
84.000000
144.000000
324.000000
480.000000
562.000000
556.000000
606.000000
887.000000
1341.000000
1859.000000
2253.000000
2307.000000
2241.000000
1905.000000
1740.000000
1365.000000
894.000000
-84.000000
-1509.000000
-3258.000000
-5216.000000
-6533.000000
-6955.000000
-5890.000000
-4377.000000
-3258.000000
-3561.000000
-4830.000000
-6112.000000
-6518.000000
-6024.000000
-5244.000000
-4673.000000
-4185.000000
-3423.000000
-1948.000000
-117.000000
1433.000000
2089.000000
1685.000000
1092.000000
761.000000
1270.000000
1996.000000
2747.000000
3125.000000
3172.000000
2869.000000
2023.000000
966.000000
-237.000000
-1032.000000
-1641.000000
-1945.000000
-2174.000000
-2123.000000
-1905.000000
-1750.000000
-1930.000000
-2528.000000
-3212.000000
-3581.000000
-3291.000000
-2491.000000
-1503.000000
-743.000000
-249.000000
1.000000
242.000000
364.000000
583.000000
803.000000
1326.000000
1973.000000
2717.000000
3385.000000
3915.000000
4395.000000
4583.000000
4550.000000
4134.000000
3726.000000
3436.000000
3426.000000
3581.000000
3644.000000
3505.000000
3029.000000
2487.000000
1948.000000
1510.000000
1034.000000
519.000000
36.000000
-258.000000
-413.000000
-530.000000
-801.000000
-1074.000000
-1292.000000
-1290.000000
-1247.000000
-1160.000000
-1064.000000
-812.000000
-381.000000
119.000000
578.000000
807.000000
919.000000
961.000000
1129.000000
1337.000000
1504.000000
1451.000000
1280.000000
1083.000000
933.000000
774.000000
562.000000
296.000000
24.000000
-221.000000
-420.000000
-518.000000
-493.000000
-419.000000
-418.000000
-569.000000
-789.000000
-860.000000
-763.000000
-482.000000
-218.000000
-36.000000
-20.000000
-105.000000
-178.000000
-329.000000
-614.000000
-1259.000000
-2060.000000
-2796.000000
-3084.000000
-2868.000000
-2342.000000
-1837.000000
-1643.000000
-1872.000000
-2403.000000
-2949.000000
-3243.000000
-3319.000000
-3263.000000
-3197.000000
-2953.000000
-2377.000000
-1488.000000
-516.000000
163.000000
477.000000
370.000000
158.000000
102.000000
436.000000
1117.000000
1821.000000
2278.000000
2396.000000
2350.000000
2267.000000
2104.000000
1727.000000
1078.000000
333.000000
-269.000000
-540.000000
-506.000000
-310.000000
-186.000000
-341.000000
-815.000000
-1496.000000
-2179.000000
-2712.000000
-2985.000000
-2995.000000
-2758.000000
-2378.000000
-1918.000000
-1413.000000
-948.000000
-561.000000
-363.000000
-253.000000
-119.000000
158.000000
534.000000
910.000000
1273.000000
1682.000000
2194.000000
2705.000000
3061.000000
3231.000000
3194.000000
3176.000000
3269.000000
3518.000000
3754.000000
3738.000000
3442.000000
2947.000000
2538.000000
2188.000000
1899.000000
1424.000000
822.000000
218.000000
-179.000000
-296.000000
-259.000000
-231.000000
-460.000000
-889.000000
-1327.000000
-1480.000000
-1297.000000
-936.000000
-564.000000
-263.000000
89.000000
514.000000
919.000000
1222.000000
1303.000000
1266.000000
1183.000000
1268.000000
1512.000000
1846.000000
2038.000000
1949.000000
1743.000000
1480.000000
1298.000000
975.000000
549.000000
33.000000
-385.000000
-591.000000
-671.000000
-668.000000
-751.000000
-881.000000
-1060.000000
-1174.000000
-1100.000000
-980.000000
-772.000000
-592.000000
-258.000000
241.000000
789.000000
1101.000000
540.000000
-853.000000
-2741.000000
-3828.000000
-3223.000000
-1042.000000
1368.000000
2144.000000
875.000000
-1523.000000
-3145.000000
-3098.000000
-2138.000000
-1752.000000
-3007.000000
-5136.000000
-6563.000000
-5816.000000
-3185.000000
-515.000000
359.000000
-1161.000000
-3470.000000
-4707.000000
-3792.000000
-1608.000000
159.000000
507.000000
-259.000000
-767.000000
-136.000000
1494.000000
2854.000000
2844.000000
1423.000000
-270.000000
-740.000000
414.000000
2345.000000
3512.000000
3111.000000
1744.000000
570.000000
466.000000
969.000000
1192.000000
443.000000
-856.000000
-1739.000000
-1632.000000
-632.000000
339.000000
710.000000
212.000000
-561.000000
-1059.000000
-995.000000
-528.000000
-140.000000
22.000000
64.000000
336.000000
920.000000
1552.000000
1894.000000
1753.000000
1411.000000
1231.000000
1385.000000
1826.000000
2234.000000
2496.000000
2523.000000
2551.000000
2579.000000
2524.000000
2216.000000
1533.000000
758.000000
154.000000
83.000000
324.000000
673.000000
777.000000
649.000000
430.000000
208.000000
-54.000000
-441.000000
-880.000000
-1168.000000
-1078.000000
-635.000000
-74.000000
272.000000
228.000000
-210.000000
-738.000000
-1159.000000
-1289.000000
-1189.000000
-925.000000
-613.000000
-295.000000
-29.000000
108.000000
57.000000
-133.000000
-316.000000
-453.000000
-477.000000
-466.000000
-393.000000
-230.000000
61.000000
382.000000
623.000000
677.000000
522.000000
323.000000
180.000000
238.000000
404.000000
549.000000
608.000000
602.000000
678.000000
823.000000
937.000000
829.000000
464.000000
62.000000
-117.000000
86.000000
481.000000
800.000000
895.000000
867.000000
981.000000
1337.000000
1800.000000
2044.000000
1653.000000
423.000000
-1391.000000
-2890.000000
-3086.000000
-1716.000000
376.000000
1731.000000
1453.000000
-28.000000
-1430.000000
-1796.000000
-1244.000000
-895.000000
-1623.000000
-3429.000000
-4991.000000
-5029.000000
-3109.000000
-528.000000
899.000000
166.000000
-1949.000000
-3538.000000
-3368.000000
-1812.000000
-482.000000
-461.000000
-1484.000000
-2149.000000
-1367.000000
571.000000
2192.000000
2131.000000
335.000000
-1764.000000
-2564.000000
-1505.000000
373.000000
1562.000000
1331.000000
343.000000
-103.000000
504.000000
1613.000000
1902.000000
907.000000
-829.000000
-2029.000000
-2028.000000
-1107.000000
-113.000000
296.000000
205.000000
-6.000000
66.000000
228.000000
155.000000
-271.000000
-796.000000
-898.000000
-383.000000
440.000000
1043.000000
1199.000000
1208.000000
1404.000000
1801.000000
1989.000000
1703.000000
1228.000000
1102.000000
1710.000000
2720.000000
3588.000000
3740.000000
3252.000000
2516.000000
1953.000000
1581.000000
1066.000000
314.000000
-429.000000
-515.000000
270.000000
1448.000000
2074.000000
1508.000000
62.000000
-1351.000000
-1860.000000
-1379.000000
-571.000000
-165.000000
-369.000000
-582.000000
-304.000000
421.000000
788.000000
196.000000
-1068.000000
-1997.000000
-1673.000000
-305.000000
1218.000000
1909.000000
1621.000000
916.000000
385.000000
240.000000
13.000000
-508.000000
-1197.000000
-1485.000000
-969.000000
57.000000
938.000000
1011.000000
357.000000
-532.000000
-1083.000000
-1135.000000
-955.000000
-745.000000
-605.000000
-291.000000
230.000000
783.000000
984.000000
684.000000
146.000000
-122.000000
230.000000
1107.000000
2020.000000
2640.000000
2933.000000
3363.000000
4117.000000
4872.000000
4464.000000
1806.000000
-2679.000000
-6860.000000
-7828.000000
-4848.000000
68.000000
3000.000000
1972.000000
-1799.000000
-4731.000000
-4735.000000
-2747.000000
-1959.000000
-4184.000000
-8120.000000
-10178.000000
-7950.000000
-2300.000000
2985.000000
4576.000000
2282.000000
-1052.000000
-2166.000000
-489.000000
1930.000000
2605.000000
1391.000000
186.000000
932.000000
3376.000000
5505.000000
5513.000000
3363.000000
493.000000
-1661.000000
-2611.000000
-2626.000000
-2282.000000
-1776.000000
-1271.000000
-820.000000
-681.000000
-1097.000000
-2161.000000
-3464.000000
-4317.000000
-4287.000000
-3644.000000
-2985.000000
-2508.000000
-1639.000000
-13.000000
1856.000000
2678.000000
1863.000000
185.000000
-760.000000
-164.000000
1411.000000
2783.000000
3298.000000
3275.000000
3390.000000
3899.000000
4406.000000
4246.000000
3158.000000
1544.000000
426.000000
467.000000
1507.000000
2534.000000
2584.000000
1620.000000
340.000000
-448.000000
-644.000000
-697.000000
-881.000000
-1044.000000
-848.000000
-249.000000
415.000000
777.000000
654.000000
207.000000
-400.000000
-930.000000
-1269.000000
-1145.000000
-508.000000
608.000000
1788.000000
2708.000000
3036.000000
2804.000000
2112.000000
1389.000000
922.000000
856.000000
1075.000000
1364.000000
1661.000000
1898.000000
2129.000000
2088.000000
1645.000000
625.000000
-659.000000
-1782.000000
-2314.000000
-2103.000000
-1395.000000
-616.000000
-244.000000
-465.000000
-1047.000000
-1507.000000
-1603.000000
-1371.000000
-1126.000000
-869.000000
-428.000000
545.000000
1994.000000
3572.000000
4744.000000
5139.000000
4958.000000
4649.000000
4880.000000
5246.000000
4667.000000
1439.000000
-4089.000000
-9567.000000
-11324.000000
-8063.000000
-2168.000000
1810.000000
981.000000
-3272.000000
-6971.000000
-7278.000000
-5095.000000
-3786.000000
-5641.000000
-9447.000000
-11608.000000
-9300.000000
-3263.000000
2971.000000
5690.000000
4458.000000
1526.000000
53.000000
786.000000
2353.000000
2824.000000
2026.000000
1340.000000
1864.000000
3289.000000
4205.000000
3838.000000
2401.000000
418.000000
-1856.000000
-4388.000000
-6311.000000
-6599.000000
-4757.000000
-1943.000000
50.000000
259.000000
-771.000000
-1654.000000
-1710.000000
-1247.000000
-1106.000000
-1642.000000
-2350.000000
-2345.000000
-872.000000
1661.000000
4096.000000
5006.000000
4099.000000
2335.000000
1126.000000
1145.000000
1712.000000
2019.000000
1843.000000
1899.000000
2633.000000
3721.000000
4335.000000
4040.000000
3141.000000
2138.000000
1491.000000
1219.000000
1291.000000
1783.000000
2483.000000
3231.000000
3417.000000
2887.000000
1469.000000
-309.000000
-1850.000000
-2598.000000
-2521.000000
-2148.000000
-1943.000000
-2034.000000
-1903.000000
-1304.000000
-496.000000
-99.000000
-472.000000
-1079.000000
-1120.000000
-54.000000
1719.000000
3336.000000
4207.000000
4053.000000
3308.000000
2137.000000
1065.000000
259.000000
-103.000000
-142.000000
-173.000000
-260.000000
-505.000000
-515.000000
-515.000000
-604.000000
-1240.000000
-2385.000000
-3424.000000
-3731.000000
-2834.000000
-1292.000000
76.000000
563.000000
211.000000
-134.000000
0.000000
795.000000
1529.000000
1847.000000
1814.000000
1930.000000
2831.000000
4111.000000
5413.000000
5799.000000
5520.000000
4945.000000
4730.000000
5136.000000
5113.000000
3566.000000
-939.000000
-7400.000000
-13367.000000
-15326.000000
-11923.000000
-5437.000000
2.000000
875.000000
-1929.000000
-5157.000000
-5644.000000
-3638.000000
-2157.000000
-3428.000000
-7015.000000
-9392.000000
-7655.000000
-1916.000000
4766.000000
8434.000000
8186.000000
5334.000000
2993.000000
2091.000000
2050.000000
1512.000000
281.000000
-363.000000
31.000000
1235.000000
1741.000000
1233.000000
69.000000
-1349.000000
-2979.000000
-5380.000000
-7646.000000
-8581.000000
-6954.000000
-3510.000000
-131.000000
1636.000000
1440.000000
588.000000
-51.000000
-22.000000
48.000000
-422.000000
-1316.000000
-2079.000000
-1469.000000
558.000000
3398.000000
5380.000000
5392.000000
3774.000000
1600.000000
327.000000
-206.000000
-186.000000
-109.000000
373.000000
1469.000000
2667.000000
3558.000000
3633.000000
3457.000000
3077.000000
2602.000000
1864.000000
1130.000000
1216.000000
2243.000000
3937.000000
4874.000000
4418.000000
2453.000000
-19.000000
-1821.000000
-2485.000000
-2157.000000
-1794.000000
-1773.000000
-1908.000000
-1513.000000
-356.000000
616.000000
700.000000
-577.000000
-2050.000000
-2634.000000
-1652.000000
377.000000
2237.000000
3443.000000
3575.000000
3234.000000
2324.000000
1290.000000
204.000000
-707.000000
-1143.000000
-1349.000000
-1113.000000
-785.000000
-114.000000
567.000000
802.000000
241.000000
-1289.000000
-2809.000000
-3658.000000
-3068.000000
-1587.000000
-91.000000
876.000000
1071.000000
1387.000000
1771.000000
2391.000000
2534.000000
2203.000000
1788.000000
1671.000000
2471.000000
3691.000000
5136.000000
6102.000000
6417.000000
6423.000000
5762.000000
4277.000000
312.000000
-5880.000000
-12684.000000
-16351.000000
-14242.000000
-7818.000000
-830.000000
1988.000000
822.000000
-2000.000000
-2914.000000
-1965.000000
-1415.000000
-3248.000000
-7035.000000
-9567.000000
-8347.000000
-3195.000000
3447.000000
7981.000000
9209.000000
7345.000000
4954.000000
3002.000000
1708.000000
382.000000
-1200.000000
-1851.000000
-1555.000000
-103.000000
853.000000
1174.000000
703.000000
-233.000000
-1777.000000
-4501.000000
-7271.000000
-8925.000000
-7870.000000
-4745.000000
-1261.000000
1094.000000
1781.000000
1971.000000
1916.000000
1907.000000
1228.000000
-164.000000
-1766.000000
-3015.000000
-2882.000000
-1582.000000
614.000000
2434.000000
3103.000000
2773.000000
1783.000000
1041.000000
45.000000
-909.000000
-1837.000000
-1788.000000
-540.000000
1319.000000
3171.000000
4231.000000
4921.000000
5024.000000
4753.000000
3981.000000
2950.000000
2303.000000
2003.000000
2320.000000
2601.000000
2727.000000
2115.000000
688.000000
-1046.000000
-2483.000000
-2685.000000
-2192.000000
-1408.000000
-1282.000000
-1494.000000
-1450.000000
-786.000000
439.000000
1203.000000
1255.000000
629.000000
293.000000
943.000000
2357.000000
4066.000000
4788.000000
4482.000000
3002.000000
1279.000000
-197.000000
-1074.000000
-1291.000000
-1465.000000
-1519.000000
-1809.000000
-1705.000000
-1235.000000
-497.000000
20.000000
-354.000000
-1226.000000
-2313.000000
-2399.000000
-1457.000000
276.000000
1855.000000
2553.000000
2647.000000
2436.000000
2686.000000
3090.000000
3391.000000
3247.000000
2713.000000
2647.000000
3215.000000
4558.000000
5629.000000
5838.000000
5184.000000
3582.000000
1150.000000
-3667.000000
-9880.000000
-15882.000000
-17348.000000
-13221.000000
-5533.000000
707.000000
2253.000000
377.000000
-1640.000000
-1272.000000
52.000000
-398.000000
-3722.000000
-8064.000000
-9630.000000
-6837.000000
-735.000000
5290.000000
8396.000000
8452.000000
6388.000000
4547.000000
2640.000000
932.000000
-1377.000000
-3188.000000
-3695.000000
-2918.000000
-1387.000000
-458.000000
186.000000
325.000000
-34.000000
-1610.000000
-4539.000000
-7206.000000
-8238.000000
-6439.000000
-3192.000000
121.000000
2260.000000
3225.000000
3645.000000
3436.000000
2873.000000
1551.000000
-205.000000
-2170.000000
-3741.000000
-3948.000000
-2822.000000
-586.000000
1206.000000
2147.000000
2121.000000
1683.000000
1154.000000
163.000000
-828.000000
-1626.000000
-1254.000000
9.000000
1889.000000
3881.000000
5577.000000
6898.000000
7156.000000
6598.000000
5319.000000
4083.000000
3026.000000
1983.000000
1093.000000
73.000000
-466.000000
-999.000000
-1295.000000
-1730.000000
-2009.000000
-2034.000000
-2002.000000
-1851.000000
-1809.000000
-1374.000000
-633.000000
404.000000
1334.000000
1695.000000
1707.000000
1472.000000
1672.000000
2196.000000
2879.000000
3355.000000
3193.000000
2614.000000
1530.000000
511.000000
-509.000000
-1176.000000
-1588.000000
-1864.000000
-1930.000000
-2025.000000
-1698.000000
-1118.000000
-355.000000
118.000000
33.000000
-335.000000
-800.000000
-698.000000
-73.000000
1024.000000
2049.000000
2637.000000
2838.000000
2877.000000
3277.000000
3810.000000
4202.000000
4018.000000
3513.000000
3298.000000
3742.000000
4469.000000
4889.000000
4233.000000
2152.000000
-2065.000000
-8068.000000
-14233.000000
-17567.000000
-15648.000000
-9457.000000
-2124.000000
2087.000000
2513.000000
819.000000
63.000000
620.000000
924.000000
-981.000000
-4786.000000
-8190.000000
-8376.000000
-4827.000000
979.000000
5872.000000
8278.000000
8006.000000
6268.000000
4127.000000
1543.000000
-917.000000
-3245.000000
-4088.000000
-3825.000000
-2715.000000
-1858.000000
-1231.000000
-454.000000
266.000000
132.000000
-1665.000000
-4518.000000
-6735.000000
-7042.000000
-5088.000000
-2068.000000
963.000000
3085.000000
4011.000000
4008.000000
3151.000000
2048.000000
450.000000
-1471.000000
-3788.000000
-5489.000000
-5539.000000
-3923.000000
-1397.000000
556.000000
1651.000000
1867.000000
1671.000000
1100.000000
173.000000
-537.000000
-730.000000
46.000000
1416.000000
3147.000000
5051.000000
6803.000000
8133.000000
8238.000000
7389.000000
5758.000000
4057.000000
2433.000000
735.000000
-855.000000
-2496.000000
-3481.000000
-3880.000000
-3349.000000
-2273.000000
-1087.000000
6.000000
440.000000
579.000000
382.000000
418.000000
692.000000
1079.000000
1498.000000
1636.000000
1796.000000
1900.000000
2245.000000
2738.000000
3031.000000
3087.000000
2491.000000
1644.000000
384.000000
-743.000000
-1504.000000
-1807.000000
-1587.000000
-1480.000000
-1303.000000
-1410.000000
-1249.000000
-925.000000
-542.000000
-310.000000
-549.000000
-575.000000
-444.000000
347.000000
1263.000000
2338.000000
3128.000000
3535.000000
3702.000000
3670.000000
3752.000000
3781.000000
3645.000000
3399.000000
2874.000000
2613.000000
2347.000000
2400.000000
2292.000000
1353.000000
-1195.000000
-6466.000000
-12280.000000
-16631.000000
-15511.000000
-10189.000000
-2728.000000
2257.000000
3481.000000
2077.000000
244.000000
-231.000000
-540.000000
-1692.000000
-4276.000000
-6932.000000
-7399.000000
-4981.000000
-114.000000
4747.000000
7640.000000
8241.000000
6620.000000
4613.000000
1519.000000
-1032.000000
-3441.000000
-4133.000000
-3752.000000
-2879.000000
-2123.000000
-2069.000000
-1585.000000
-1152.000000
-764.000000
-1564.000000
-3268.000000
-4708.000000
-5152.000000
-4037.000000
-1943.000000
827.000000
3476.000000
4891.000000
4871.000000
3287.000000
1448.000000
-419.000000
-2002.000000
-3563.000000
-4945.000000
-5280.000000
-4666.000000
-3112.000000
-1611.000000
-178.000000
1010.000000
1577.000000
1420.000000
441.000000
-206.000000
-164.000000
984.000000
2696.000000
4526.000000
6108.000000
7129.000000
7668.000000
7605.000000
7061.000000
6091.000000
4622.000000
2575.000000
-24.000000
-2626.000000
-4316.000000
-4695.000000
-3520.000000
-1786.000000
-53.000000
830.000000
1202.000000
1304.000000
1390.000000
1415.000000
1103.000000
619.000000
53.000000
-183.000000
55.000000
751.000000
1595.000000
2369.000000
2856.000000
3102.000000
2917.000000
2636.000000
2033.000000
1531.000000
756.000000
44.000000
-732.000000
-1339.000000
-1619.000000
-1764.000000
-1515.000000
-1427.000000
-1179.000000
-1176.000000
-993.000000
-657.000000
-193.000000
546.000000
1199.000000
2157.000000
3052.000000
3906.000000
4438.000000
4356.000000
4176.000000
3604.000000
3114.000000
2311.000000
1341.000000
604.000000
-174.000000
246.000000
974.000000
1839.000000
-126.000000
-5673.000000
-12501.000000
-16826.000000
-14705.000000
-8713.000000
-1529.000000
2173.000000
2382.000000
725.000000
-881.000000
-841.000000
-934.000000
-1605.000000
-3731.000000
-6194.000000
-6878.000000
-5341.000000
-937.000000
3467.000000
6809.000000
7910.000000
6637.000000
4084.000000
-53.000000
-2798.000000
-4376.000000
-3533.000000
-2403.000000
-1846.000000
-2002.000000
-2647.000000
-1904.000000
-798.000000
126.000000
-674.000000
-2419.000000
-3306.000000
-2983.000000
-1314.000000
390.000000
2151.000000
3572.000000
4030.000000
3632.000000
1874.000000
177.000000
-1671.000000
-2865.000000
-3897.000000
-4519.000000
-4294.000000
-3682.000000
-2523.000000
-1636.000000
-304.000000
812.000000
1581.000000
1752.000000
1728.000000
2241.000000
2925.000000
3945.000000
4819.000000
5698.000000
6356.000000
6593.000000
6645.000000
6166.000000
5508.000000
4120.000000
2230.000000
-129.000000
-2374.000000
-3803.000000
-4477.000000
-3811.000000
-2320.000000
-89.000000
1519.000000
2204.000000
2221.000000
1792.000000
1459.000000
788.000000
234.000000
-486.000000
-1132.000000
-1221.000000
-677.000000
792.000000
2083.000000
3151.000000
3552.000000
3559.000000
3481.000000
3063.000000
2538.000000
1265.000000
-68.000000
-1435.000000
-2480.000000
-3297.000000
-3915.000000
-3964.000000
-3644.000000
-2687.000000
-1643.000000
-767.000000
-398.000000
-93.000000
730.000000
2025.000000
3331.000000
4140.000000
4493.000000
4391.000000
3976.000000
3415.000000
2622.000000
1668.000000
167.000000
-966.000000
-1744.000000
-1191.000000
50.000000
2054.000000
4528.000000
6010.000000
5160.000000
-1054.000000
-9708.000000
-17416.000000
-18266.000000
-13166.000000
-5531.000000
585.000000
2835.000000
2703.000000
934.000000
60.000000
-119.000000
-688.000000
-2322.000000
-5341.000000
-7020.000000
-6360.000000
-2778.000000
2477.000000
6480.000000
9129.000000
8374.000000
5872.000000
945.000000
-3433.000000
-5403.000000
-4635.000000
-2091.000000
-859.000000
-420.000000
-1148.000000
-1117.000000
-487.000000
147.000000
-194.000000
-1907.000000
-3299.000000
-3533.000000
-2440.000000
-492.000000
1820.000000
4240.000000
5122.000000
4067.000000
1575.000000
-888.000000
-2426.000000
-3503.000000
-4093.000000
-4547.000000
-4119.000000
-3300.000000
-2319.000000
-1745.000000
-1283.000000
-625.000000
35.000000
770.000000
1565.000000
2844.000000
4055.000000
5131.000000
5966.000000
6911.000000
7404.000000
7037.000000
5860.000000
4338.000000
3118.000000
1825.000000
447.000000
-1271.000000
-2697.000000
-3524.000000
-3659.000000
-2991.000000
-1698.000000
88.000000
1379.000000
1904.000000
1807.000000
1486.000000
1187.000000
653.000000
285.000000
-151.000000
-656.000000
-1166.000000
-1245.000000
-292.000000
1263.000000
3093.000000
4116.000000
4295.000000
3773.000000
3110.000000
2526.000000
1432.000000
-232.000000
-2564.000000
-4664.000000
-6037.000000
-6141.000000
-5158.000000
-3474.000000
-1483.000000
430.000000
1817.000000
2566.000000
3041.000000
3518.000000
4190.000000
4498.000000
4671.000000
4409.000000
3918.000000
3135.000000
2003.000000
940.000000
-405.000000
-1555.000000
-2395.000000
-2629.000000
-1202.000000
959.000000
4371.000000
7464.000000
9299.000000
7276.000000
-1101.000000
-11550.000000
-19369.000000
-18410.000000
-12382.000000
-4901.000000
769.000000
3700.000000
4631.000000
2252.000000
-150.000000
-1755.000000
-2098.000000
-2795.000000
-5231.000000
-6531.000000
-5591.000000
-1344.000000
3745.000000
7040.000000
8923.000000
7740.000000
4614.000000
-1577.000000
-6535.000000
-7552.000000
-4795.000000
-766.000000
1006.000000
1729.000000
1167.000000
476.000000
-706.000000
-1990.000000
-2701.000000
-3213.000000
-3015.000000
-2687.000000
-1891.000000
-148.000000
2227.000000
4549.000000
4712.000000
2978.000000
70.000000
-2551.000000
-4376.000000
-5523.000000
-5277.000000
-4102.000000
-2064.000000
-1072.000000
-1318.000000
-2425.000000
-2951.000000
-2488.000000
-1832.000000
-721.000000
823.000000
3266.000000
5224.000000
6551.000000
7352.000000
7897.000000
7851.000000
6335.000000
4290.000000
2328.000000
1352.000000
813.000000
10.000000
-694.000000
-1592.000000
-2068.000000
-2932.000000
-3298.000000
-2475.000000
-775.000000
1093.000000
1638.000000
1947.000000
2045.000000
2233.000000
2081.000000
1306.000000
521.000000
-599.000000
-1163.000000
-1021.000000
96.000000
2061.000000
3697.000000
4825.000000
4678.000000
4063.000000
3198.000000
2045.000000
670.000000
-1306.000000
-3025.000000
-4638.000000
-5385.000000
-5234.000000
-4146.000000
-2359.000000
-441.000000
1391.000000
2394.000000
2601.000000
2758.000000
3380.000000
4438.000000
4990.000000
4991.000000
4471.000000
3591.000000
2585.000000
1152.000000
-227.000000
-1740.000000
-2807.000000
-3102.000000
-2541.000000
-462.000000
2359.000000
5547.000000
8249.000000
9674.000000
8914.000000
2590.000000
-7462.000000
-17161.000000
-19962.000000
-15656.000000
-8767.000000
-1607.000000
3041.000000
5676.000000
3732.000000
-490.000000
-3608.000000
-4564.000000
-3970.000000
-5094.000000
-5885.000000
-4755.000000
-1321.000000
2992.000000
5316.000000
7258.000000
7619.000000
5727.000000
413.000000
-6047.000000
-8026.000000
-5963.000000
-1441.000000
874.000000
1957.000000
2255.000000
1179.000000
-1189.000000
-4484.000000
-5473.000000
-4693.000000
-2971.000000
-1995.000000
-1605.000000
-571.000000
1134.000000
3031.000000
3709.000000
2904.000000
1328.000000
-572.000000
-2216.000000
-3666.000000
-4035.000000
-3137.000000
-1485.000000
-387.000000
-839.000000
-2352.000000
-3955.000000
-4552.000000
-3975.000000
-2131.000000
638.000000
3717.000000
5785.000000
6501.000000
6474.000000
6545.000000
6680.000000
6098.000000
5292.000000
4419.000000
3728.000000
2169.000000
299.000000
-515.000000
-133.000000
614.000000
-72.000000
-1150.000000
-2183.000000
-2502.000000
-2211.000000
-1016.000000
1172.000000
2966.000000
3623.000000
2877.000000
1566.000000
335.000000
-592.000000
-904.000000
-618.000000
315.000000
1638.000000
2656.000000
3349.000000
3737.000000
4244.000000
4103.000000
3066.000000
1126.000000
-981.000000
-2979.000000
-4420.000000
-4623.000000
-3704.000000
-2346.000000
-1552.000000
-816.000000
-191.000000
317.000000
321.000000
635.000000
1577.000000
2864.000000
3828.000000
4389.000000
4672.000000
4401.000000
3501.000000
1930.000000
19.000000
-1590.000000
-2462.000000
-2296.000000
-1508.000000
77.000000
2509.000000
4827.000000
6808.000000
7172.000000
6154.000000
1045.000000
-7009.000000
-14471.000000
-16905.000000
-13284.000000
-8102.000000
-2335.000000
1759.000000
4004.000000
2322.000000
-2198.000000
-5279.000000
-6129.000000
-4941.000000
-4528.000000
-4035.000000
-1844.000000
889.000000
3621.000000
4206.000000
4784.000000
5505.000000
4563.000000
1334.000000
-3704.000000
-5022.000000
-3311.000000
-141.000000
1511.000000
2037.000000
2634.000000
1110.000000
-1933.000000
-5558.000000
-6491.000000
-5117.000000
-3111.000000
-1243.000000
24.000000
1238.000000
1714.000000
1457.000000
958.000000
426.000000
591.000000
431.000000
121.000000
-539.000000
-892.000000
-745.000000
-634.000000
-385.000000
-1019.000000
-2310.000000
-4436.000000
-5915.000000
-5838.000000
-3950.000000
-634.000000
2848.000000
5471.000000
6228.000000
5664.000000
4571.000000
3726.000000
3400.000000
3904.000000
4908.000000
5292.000000
4307.000000
2703.000000
2000.000000
2212.000000
2431.000000
1683.000000
226.000000
-1603.000000
-3332.000000
-3983.000000
-2948.000000
-474.000000
1832.000000
2766.000000
2302.000000
970.000000
-333.000000
-1222.000000
-1301.000000
-472.000000
741.000000
1973.000000
2565.000000
2983.000000
3287.000000
3423.000000
3058.000000
2078.000000
946.000000
-520.000000
-2025.000000
-3267.000000
-3379.000000
-2574.000000
-1575.000000
-864.000000
-510.000000
-429.000000
-1045.000000
-1766.000000
-1860.000000
-796.000000
819.000000
2322.000000
3695.000000
4702.000000
5032.000000
4318.000000
2867.000000
1462.000000
412.000000
-129.000000
-415.000000
-452.000000
181.000000
1654.000000
3510.000000
4888.000000
5208.000000
4280.000000
880.000000
-5048.000000
-10894.000000
-13368.000000
-11037.000000
-6960.000000
-2555.000000
819.000000
2651.000000
1497.000000
-2519.000000
-5733.000000
-6850.000000
-5723.000000
-4815.000000
-3796.000000
-1456.000000
1393.000000
3676.000000
3819.000000
3510.000000
3800.000000
3355.000000
1488.000000
-1689.000000
-2312.000000
-566.000000
1668.000000
2609.000000
2542.000000
3031.000000
1820.000000
-1073.000000
-4835.000000
-6484.000000
-5743.000000
-4106.000000
-2069.000000
-423.000000
996.000000
1084.000000
88.000000
-1109.000000
-1747.000000
-1387.000000
-848.000000
-198.000000
321.000000
695.000000
851.000000
680.000000
750.000000
501.000000
-422.000000
-2205.000000
-3803.000000
-4184.000000
-3345.000000
-1261.000000
1290.000000
3727.000000
4773.000000
4293.000000
2766.000000
1166.000000
180.000000
270.000000
1347.000000
2672.000000
3554.000000
3713.000000
3810.000000
3770.000000
3622.000000
2729.000000
1209.000000
-548.000000
-2095.000000
-2673.000000
-2247.000000
-742.000000
939.000000
2049.000000
2178.000000
1287.000000
-13.000000
-1302.000000
-1864.000000
-1351.000000
-150.000000
1350.000000
2480.000000
3269.000000
3519.000000
3136.000000
2400.000000
1466.000000
708.000000
-261.000000
-1198.000000
-1904.000000
-1887.000000
-1331.000000
-606.000000
118.000000
659.000000
765.000000
8.000000
-1211.000000
-2112.000000
-1894.000000
-837.000000
616.000000
1960.000000
3083.000000
3544.000000
3272.000000
2508.000000
1789.000000
1409.000000
1069.000000
844.000000
816.000000
1429.000000
2543.000000
3513.000000
4082.000000
3900.000000
3101.000000
961.000000
-2859.000000
-6686.000000
-8846.000000
-7816.000000
-5569.000000
-2765.000000
-267.000000
1231.000000
753.000000
-2461.000000
-5422.000000
-7007.000000
-6580.000000
-5854.000000
-4909.000000
-2724.000000
-245.000000
1546.000000
1348.000000
620.000000
754.000000
785.000000
172.000000
-1321.000000
-1210.000000
552.000000
2266.000000
3096.000000
3013.000000
3682.000000
3356.000000
1632.000000
-1154.000000
-3174.000000
-3493.000000
-3335.000000
-2483.000000
-1366.000000
75.000000
550.000000
-518.000000
-2115.000000
-3426.000000
-3783.000000
-3713.000000
-3153.000000
-2019.000000
-998.000000
-405.000000
-578.000000
-560.000000
-308.000000
-220.000000
-521.000000
-1145.000000
-1198.000000
-935.000000
121.000000
1608.000000
3495.000000
4977.000000
5282.000000
4509.000000
3033.000000
1796.000000
916.000000
778.000000
1214.000000
1948.000000
2499.000000
2766.000000
3028.000000
3322.000000
3257.000000
2581.000000
1446.000000
267.000000
-744.000000
-1247.000000
-1026.000000
-271.000000
484.000000
779.000000
684.000000
240.000000
-343.000000
-984.000000
-1336.000000
-1193.000000
-508.000000
497.000000
1445.000000
2203.000000
2535.000000
2567.000000
2297.000000
1932.000000
1436.000000
795.000000
146.000000
-254.000000
-230.000000
5.000000
429.000000
907.000000
1299.000000
1167.000000
457.000000
-481.000000
-1226.000000
-1595.000000
-1513.000000
-939.000000
-131.000000
370.000000
242.000000
-322.000000
-849.000000
-1188.000000
-1410.000000
-1491.000000
-1264.000000
-618.000000
146.000000
849.000000
1344.000000
1558.000000
1539.000000
1216.000000
715.000000
144.000000
-255.000000
-294.000000
-277.000000
-388.000000
-727.000000
-976.000000
-964.000000
-881.000000
-707.000000
-629.000000
-641.000000
-985.000000
-1474.000000
-1793.000000
-1896.000000
-1717.000000
-1703.000000
-1768.000000
-1988.000000
-2254.000000
-2488.000000
-2757.000000
-2652.000000
-2107.000000
-1325.000000
-736.000000
-699.000000
-731.000000
-726.000000
-517.000000
-293.000000
-165.000000
45.000000
-48.000000
-155.000000
-427.000000
-444.000000
-307.000000
-175.000000
35.000000
167.000000
503.000000
731.000000
940.000000
1038.000000
903.000000
565.000000
31.000000
-276.000000
-396.000000
-439.000000
-544.000000
-693.000000
-679.000000
-625.000000
-392.000000
-35.000000
462.000000
884.000000
973.000000
669.000000
133.000000
-239.000000
-288.000000
27.000000
471.000000
963.000000
1282.000000
1385.000000
1493.000000
1775.000000
2157.000000
2276.000000
2162.000000
2001.000000
1869.000000
1654.000000
1434.000000
1368.000000
1366.000000
1261.000000
1057.000000
923.000000
823.000000
634.000000
290.000000
19.000000
-1.000000
169.000000
327.000000
352.000000
298.000000
312.000000
281.000000
259.000000
240.000000
291.000000
194.000000
-124.000000
-443.000000
-575.000000
-376.000000
-139.000000
142.000000
267.000000
223.000000
4.000000
-332.000000
-606.000000
-725.000000
-544.000000
-141.000000
162.000000
256.000000
95.000000
-16.000000
-151.000000
-339.000000
-461.000000
-500.000000
-279.000000
-120.000000
52.000000
85.000000
43.000000
-18.000000
-271.000000
-536.000000
-897.000000
-1059.000000
-1070.000000
-1047.000000
-923.000000
-819.000000
-619.000000
-569.000000
-544.000000
-470.000000
-363.000000
-149.000000
-47.000000
212.000000
514.000000
883.000000
1205.000000
1286.000000
1146.000000
573.000000
-103.000000
-685.000000
-831.000000
-576.000000
-107.000000
412.000000
756.000000
832.000000
514.000000
41.000000
-363.000000
-616.000000
-761.000000
-890.000000
-930.000000
-913.000000
-827.000000
-754.000000
-711.000000
-734.000000
-908.000000
-1157.000000
-1509.000000
-1688.000000
-1587.000000
-1181.000000
-674.000000
-362.000000
-229.000000
-299.000000
-476.000000
-776.000000
-1118.000000
-1363.000000
-1446.000000
-1324.000000
-1017.000000
-662.000000
-274.000000
57.000000
328.000000
349.000000
69.000000
-287.000000
-613.000000
-774.000000
-742.000000
-333.000000
346.000000
1034.000000
1591.000000
2103.000000
2487.000000
2507.000000
2132.000000
1656.000000
1300.000000
1023.000000
842.000000
794.000000
878.000000
898.000000
844.000000
719.000000
579.000000
302.000000
-121.000000
-514.000000
-728.000000
-602.000000
-345.000000
36.000000
284.000000
453.000000
426.000000
320.000000
281.000000
292.000000
425.000000
541.000000
764.000000
1021.000000
1266.000000
1465.000000
1627.000000
1714.000000
1675.000000
1467.000000
1196.000000
865.000000
587.000000
434.000000
475.000000
584.000000
633.000000
645.000000
552.000000
377.000000
108.000000
-156.000000
-339.000000
-384.000000
-418.000000
-432.000000
-513.000000
-574.000000
-633.000000
-779.000000
-937.000000
-1142.000000
-1197.000000
-1233.000000
-1169.000000
-1057.000000
-917.000000
-820.000000
-889.000000
-1029.000000
-1139.000000
-1069.000000
-842.000000
-614.000000
-460.000000
-400.000000
-403.000000
-331.000000
-352.000000
-438.000000
-697.000000
-928.000000
-1087.000000
-990.000000
-674.000000
-198.000000
311.000000
651.000000
773.000000
554.000000
263.000000
40.000000
96.000000
213.000000
322.000000
384.000000
403.000000
373.000000
248.000000
96.000000
-8.000000
-120.000000
-236.000000
-374.000000
-523.000000
-597.000000
-510.000000
-156.000000
283.000000
580.000000
583.000000
357.000000
30.000000
-317.000000
-604.000000
-668.000000
-589.000000
-328.000000
-113.000000
121.000000
361.000000
479.000000
485.000000
112.000000
-286.000000
-603.000000
-712.000000
-737.000000
-713.000000
-418.000000
26.000000
432.000000
689.000000
770.000000
770.000000
512.000000
196.000000
4.000000
-70.000000
-48.000000
-39.000000
122.000000
258.000000
397.000000
445.000000
393.000000
258.000000
-9.000000
-216.000000
-269.000000
-148.000000
116.000000
332.000000
463.000000
462.000000
383.000000
248.000000
63.000000
-48.000000
-89.000000
-21.000000
45.000000
197.000000
391.000000
525.000000
563.000000
541.000000
526.000000
387.000000
111.000000
-157.000000
-283.000000
-188.000000
-68.000000
66.000000
138.000000
200.000000
277.000000
306.000000
296.000000
202.000000
156.000000
99.000000
62.000000
6.000000
29.000000
41.000000
-14.000000
-112.000000
-173.000000
-142.000000
-97.000000
36.000000
222.000000
484.000000
623.000000
604.000000
504.000000
371.000000
272.000000
156.000000
55.000000
-36.000000
-148.000000
-196.000000
-245.000000
-354.000000
-564.000000
-812.000000
-996.000000
-1192.000000
-1301.000000
-1261.000000
-1026.000000
-629.000000
-187.000000
266.000000
551.000000
536.000000
233.000000
-170.000000
-453.000000
-564.000000
-501.000000
-286.000000
-57.000000
110.000000
47.000000
-151.000000
-347.000000
-456.000000
-458.000000
-550.000000
-691.000000
-817.000000
-795.000000
-543.000000
-180.000000
286.000000
652.000000
839.000000
749.000000
411.000000
24.000000
-251.000000
-243.000000
-138.000000
58.000000
250.000000
436.000000
568.000000
589.000000
568.000000
482.000000
380.000000
182.000000
-105.000000
-371.000000
-497.000000
-283.000000
104.000000
544.000000
820.000000
878.000000
732.000000
360.000000
123.000000
-21.000000
16.000000
41.000000
116.000000
288.000000
386.000000
489.000000
471.000000
462.000000
306.000000
41.000000
-145.000000
-207.000000
-66.000000
110.000000
286.000000
360.000000
253.000000
102.000000
-84.000000
-175.000000
-194.000000
-170.000000
-106.000000
-78.000000
54.000000
142.000000
189.000000
154.000000
129.000000
118.000000
6.000000
-152.000000
-277.000000
-281.000000
-255.000000
-258.000000
-287.000000
-277.000000
-243.000000
-179.000000
-193.000000
-248.000000
-312.000000
-415.000000
-566.000000
-761.000000
-900.000000
-952.000000
-957.000000
-894.000000
-742.000000
-519.000000
-321.000000
-145.000000
55.000000
313.000000
538.000000
602.000000
536.000000
376.000000
231.000000
139.000000
109.000000
147.000000
155.000000
145.000000
84.000000
-38.000000
-208.000000
-408.000000
-544.000000
-577.000000
-511.000000
-389.000000
-274.000000
-98.000000
169.000000
488.000000
802.000000
935.000000
932.000000
713.000000
463.000000
278.000000
268.000000
449.000000
657.000000
839.000000
813.000000
621.000000
305.000000
-20.000000
-285.000000
-455.000000
-554.000000
-563.000000
-448.000000
-243.000000
-20.000000
215.000000
364.000000
477.000000
448.000000
268.000000
37.000000
-161.000000
-232.000000
-242.000000
-189.000000
-171.000000
-166.000000
-251.000000
-334.000000
-365.000000
-342.000000
-309.000000
-333.000000
-378.000000
-421.000000
-414.000000
-373.000000
-306.000000
-155.000000
81.000000
301.000000
385.000000
287.000000
164.000000
76.000000
84.000000
68.000000
62.000000
75.000000
88.000000
92.000000
65.000000
107.000000
133.000000
180.000000
134.000000
75.000000
71.000000
79.000000
96.000000
11.000000
-74.000000
-160.000000
-179.000000
-184.000000
-168.000000
-100.000000
-60.000000
9.000000
33.000000
33.000000
13.000000
-12.000000
74.000000
190.000000
322.000000
418.000000
463.000000
528.000000
550.000000
552.000000
465.000000
376.000000
276.000000
208.000000
175.000000
166.000000
212.000000
205.000000
153.000000
9.000000
-164.000000
-374.000000
-569.000000
-667.000000
-641.000000
-497.000000
-347.000000
-174.000000
-4.000000
139.000000
267.000000
329.000000
298.000000
101.000000
-176.000000
-386.000000
-481.000000
-417.000000
-259.000000
-73.000000
1.000000
-109.000000
-314.000000
-488.000000
-603.000000
-637.000000
-592.000000
-491.000000
-313.000000
-157.000000
27.000000
174.000000
326.000000
403.000000
331.000000
130.000000
-99.000000
-201.000000
-169.000000
10.000000
272.000000
482.000000
478.000000
283.000000
7.000000
-200.000000
-360.000000
-441.000000
-469.000000
-434.000000
-347.000000
-232.000000
-53.000000
133.000000
302.000000
402.000000
424.000000
384.000000
259.000000
72.000000
-66.000000
-104.000000
18.000000
140.000000
201.000000
181.000000
63.000000
1.000000
-13.000000
97.000000
189.000000
214.000000
164.000000
62.000000
-8.000000
-44.000000
37.000000
160.000000
212.000000
153.000000
34.000000
-64.000000
-101.000000
-68.000000
12.000000
21.000000
-9.000000
-81.000000
-126.000000
-192.000000
-214.000000
-141.000000
-34.000000
79.000000
128.000000
190.000000
243.000000
221.000000
146.000000
26.000000
-57.000000
-91.000000
-92.000000
-45.000000
-6.000000
31.000000
48.000000
42.000000
-8.000000
-105.000000
-163.000000
-193.000000
-208.000000
-258.000000
-295.000000
-244.000000
-120.000000
54.000000
129.000000
99.000000
3.000000
-88.000000
-160.000000
-194.000000
-121.000000
6.000000
110.000000
126.000000
108.000000
56.000000
-34.000000
-115.000000
-174.000000
-186.000000
-164.000000
-111.000000
35.000000
252.000000
521.000000
715.000000
782.000000
677.000000
439.000000
201.000000
25.000000
-88.000000
-129.000000
-85.000000
37.000000
163.000000
219.000000
183.000000
64.000000
-42.000000
-131.000000
-167.000000
-213.000000
-226.000000
-221.000000
-138.000000
-16.000000
93.000000
166.000000
124.000000
-37.000000
-290.000000
-530.000000
-643.000000
-555.000000
-305.000000
1.000000
194.000000
243.000000
129.000000
-25.000000
-185.000000
-299.000000
-336.000000
-292.000000
-223.000000
-157.000000
-53.000000
86.000000
254.000000
384.000000
443.000000
381.000000
236.000000
12.000000
-191.000000
-292.000000
-242.000000
-127.000000
-44.000000
-31.000000
-79.000000
-117.000000
-137.000000
-117.000000
-103.000000
-127.000000
-196.000000
-289.000000
-347.000000
-312.000000
-162.000000
48.000000
140.000000
152.000000
109.000000
100.000000
152.000000
185.000000
227.000000
214.000000
225.000000
245.000000
293.000000
296.000000
203.000000
122.000000
71.000000
63.000000
58.000000
104.000000
243.000000
311.000000
322.000000
230.000000
122.000000
34.000000
-22.000000
29.000000
81.000000
158.000000
169.000000
164.000000
177.000000
174.000000
191.000000
165.000000
82.000000
-35.000000
-142.000000
-205.000000
-224.000000
-169.000000
-115.000000
-118.000000
-187.000000
-286.000000
-319.000000
-352.000000
-294.000000
-210.000000
-123.000000
-79.000000
-86.000000
-76.000000
-50.000000
-25.000000
-14.000000
25.000000
72.000000
80.000000
79.000000
150.000000
259.000000
408.000000
498.000000
485.000000
337.000000
110.000000
-132.000000
-335.000000
-438.000000
-442.000000
-336.000000
-227.000000
-164.000000
-147.000000
-202.000000
-266.000000
-320.000000
-296.000000
-246.000000
-249.000000
-242.000000
-217.000000
-106.000000
57.000000
228.000000
351.000000
335.000000
174.000000
-56.000000
-232.000000
-273.000000
-134.000000
96.000000
264.000000
348.000000
307.000000
189.000000
15.000000
-108.000000
-166.000000
-195.000000
-238.000000
-288.000000
-271.000000
-193.000000
-32.000000
166.000000
361.000000
456.000000
373.000000
179.000000
4.000000
-67.000000
-45.000000
34.000000
96.000000
103.000000
91.000000
49.000000
48.000000
63.000000
77.000000
27.000000
-71.000000
-195.000000
-342.000000
-396.000000
-341.000000
-148.000000
66.000000
180.000000
187.000000
139.000000
120.000000
104.000000
100.000000
92.000000
85.000000
93.000000
87.000000
67.000000
40.000000
45.000000
44.000000
-10.000000
-112.000000
-242.000000
-296.000000
-301.000000
-292.000000
-288.000000
-263.000000
-178.000000
-64.000000
61.000000
143.000000
219.000000
264.000000
314.000000
381.000000
446.000000
496.000000
485.000000
463.000000
413.000000
364.000000
340.000000
296.000000
244.000000
140.000000
8.000000
-115.000000
-240.000000
-324.000000
-358.000000
-271.000000
-147.000000
-48.000000
18.000000
35.000000
44.000000
-42.000000
-136.000000
-205.000000
-176.000000
-82.000000
3.000000
84.000000
118.000000
187.000000
264.000000
334.000000
356.000000
286.000000
128.000000
-110.000000
-333.000000
-433.000000
-361.000000
-170.000000
5.000000
115.000000
116.000000
31.000000
-59.000000
-140.000000
-132.000000
-131.000000
-140.000000
-193.000000
-231.000000
-213.000000
-154.000000
-45.000000
26.000000
6.000000
-161.000000
-371.000000
-551.000000
-572.000000
-432.000000
-201.000000
34.000000
146.000000
123.000000
11.000000
-115.000000
-200.000000
-210.000000
-183.000000
-186.000000
-213.000000
-207.000000
-150.000000
-61.000000
41.000000
173.000000
275.000000
276.000000
209.000000
152.000000
170.000000
213.000000
240.000000
218.000000
165.000000
130.000000
92.000000
64.000000
44.000000
43.000000
58.000000
41.000000
-34.000000
-172.000000
-297.000000
-324.000000
-283.000000
-161.000000
-51.000000
43.000000
99.000000
150.000000
233.000000
288.000000
325.000000
341.000000
322.000000
290.000000
252.000000
222.000000
230.000000
263.000000
286.000000
206.000000
87.000000
-47.000000
-155.000000
-283.000000
-370.000000
-349.000000
-271.000000
-192.000000
-132.000000
-41.000000
47.000000
131.000000
150.000000
177.000000
219.000000
246.000000
257.000000
243.000000
255.000000
285.000000
265.000000
196.000000
84.000000
-35.000000
-142.000000
-250.000000
-346.000000
-383.000000
-372.000000
-316.000000
-222.000000
-149.000000
-59.000000
-7.000000
9.000000
-44.000000
-133.000000
-180.000000
-171.000000
-88.000000
-19.000000
23.000000
55.000000
136.000000
236.000000
328.000000
363.000000
322.000000
195.000000
28.000000
-123.000000
-193.000000
-198.000000
-130.000000
-6.000000
82.000000
124.000000
90.000000
51.000000
19.000000
42.000000
66.000000
41.000000
-28.000000
-76.000000
-77.000000
-49.000000
-11.000000
57.000000
88.000000
16.000000
-111.000000
-209.000000
-218.000000
-162.000000
-53.000000
35.000000
43.000000
-16.000000
-130.000000
-245.000000
-310.000000
-315.000000
-268.000000
-229.000000
-168.000000
-120.000000
-81.000000
-47.000000
-16.000000
89.000000
194.000000
265.000000
245.000000
222.000000
249.000000
297.000000
338.000000
326.000000
257.000000
149.000000
24.000000
-100.000000
-168.000000
-196.000000
-180.000000
-165.000000
-215.000000
-349.000000
-500.000000
-594.000000
-563.000000
-467.000000
-330.000000
-208.000000
-100.000000
-32.000000
16.000000
99.000000
201.000000
316.000000
344.000000
309.000000
215.000000
166.000000
183.000000
260.000000
320.000000
299.000000
214.000000
74.000000
-61.000000
-166.000000
-207.000000
-189.000000
-120.000000
-73.000000
-30.000000
20.000000
101.000000
184.000000
243.000000
253.000000
245.000000
243.000000
256.000000
279.000000
326.000000
375.000000
364.000000
312.000000
188.000000
71.000000
-43.000000
-163.000000
-277.000000
-345.000000
-370.000000
-347.000000
-278.000000
-200.000000
-138.000000
-102.000000
-137.000000
-213.000000
-276.000000
-289.000000
-211.000000
-105.000000
25.000000
105.000000
184.000000
253.000000
317.000000
355.000000
349.000000
335.000000
268.000000
196.000000
89.000000
-7.000000
-54.000000
-36.000000
50.000000
106.000000
107.000000
58.000000
-27.000000
-78.000000
-126.000000
-139.000000
-142.000000
-164.000000
-183.000000
-223.000000
-226.000000
-226.000000
-184.000000
-134.000000
-111.000000
-123.000000
-121.000000
-85.000000
2.000000
118.000000
212.000000
249.000000
188.000000
63.000000
-64.000000
-139.000000
-161.000000
-112.000000
-55.000000
10.000000
36.000000
17.000000
-13.000000
-36.000000
-19.000000
43.000000
101.000000
150.000000
180.000000
215.000000
270.000000
301.000000
320.000000
267.000000
189.000000
69.000000
-55.000000
-170.000000
-211.000000
-173.000000
-136.000000
-139.000000
-265.000000
-416.000000
-530.000000
-572.000000
-543.000000
-467.000000
-347.000000
-210.000000
-83.000000
65.000000
178.000000
320.000000
416.000000
420.000000
360.000000
227.000000
140.000000
115.000000
167.000000
206.000000
220.000000
186.000000
121.000000
24.000000
-90.000000
-176.000000
-213.000000
-206.000000
-170.000000
-106.000000
-43.000000
46.000000
147.000000
205.000000
196.000000
148.000000
80.000000
62.000000
59.000000
95.000000
150.000000
206.000000
235.000000
201.000000
154.000000
88.000000
-14.000000
-131.000000
-226.000000
-269.000000
-259.000000
-219.000000
-169.000000
-120.000000
-68.000000
-28.000000
-22.000000
-76.000000
-128.000000
-139.000000
-109.000000
-45.000000
14.000000
97.000000
162.000000
205.000000
221.000000
196.000000
198.000000
211.000000
214.000000
204.000000
172.000000
134.000000
103.000000
93.000000
74.000000
49.000000
7.000000
-67.000000
-137.000000
-191.000000
-214.000000
-227.000000
-223.000000
-233.000000
-283.000000
-335.000000
-366.000000
-352.000000
-310.000000
-249.000000
-191.000000
-123.000000
-46.000000
19.000000
93.000000
147.000000
149.000000
105.000000
16.000000
-85.000000
-189.000000
-256.000000
-248.000000
-184.000000
-92.000000
-34.000000
-17.000000
-37.000000
-56.000000
-69.000000
-59.000000
-12.000000
52.000000
127.000000
213.000000
315.000000
392.000000
433.000000
380.000000
284.000000
203.000000
106.000000
28.000000
-6.000000
25.000000
64.000000
45.000000
-22.000000
-123.000000
-218.000000
-312.000000
-375.000000
-374.000000
-311.000000
-188.000000
-46.000000
93.000000
213.000000
312.000000
378.000000
397.000000
357.000000
285.000000
213.000000
170.000000
178.000000
194.000000
243.000000
264.000000
237.000000
182.000000
99.000000
2.000000
-47.000000
-51.000000
-38.000000
-28.000000
-16.000000
1.000000
27.000000
65.000000
82.000000
69.000000
28.000000
-31.000000
-88.000000
-109.000000
-92.000000
-53.000000
-1.000000
12.000000
-29.000000
-85.000000
-153.000000
-203.000000
-220.000000
-194.000000
-151.000000
-103.000000
-59.000000
-48.000000
-29.000000
-10.000000
-6.000000
-26.000000
-58.000000
-69.000000
-67.000000
-50.000000
-29.000000
-4.000000
8.000000
-11.000000
-56.000000
-90.000000
-90.000000
-60.000000
-12.000000
23.000000
31.000000
11.000000
-31.000000
-78.000000
-106.000000
-93.000000
-82.000000
-83.000000
-108.000000
-115.000000
-98.000000
-72.000000
-35.000000
-31.000000
-37.000000
-83.000000
-114.000000
-120.000000
-100.000000
-57.000000
-16.000000
50.000000
113.000000
165.000000
189.000000
189.000000
179.000000
152.000000
104.000000
19.000000
-83.000000
-165.000000
-199.000000
-185.000000
-149.000000
-82.000000
-41.000000
-53.000000
-94.000000
-132.000000
-123.000000
-81.000000
-16.000000
84.000000
208.000000
318.000000
398.000000
440.000000
431.000000
384.000000
303.000000
185.000000
91.000000
44.000000
39.000000
64.000000
64.000000
46.000000
7.000000
-69.000000
-153.000000
-242.000000
-312.000000
-311.000000
-236.000000
-108.000000
10.000000
79.000000
130.000000
169.000000
167.000000
116.000000
63.000000
19.000000
-10.000000
-29.000000
-33.000000
-13.000000
16.000000
30.000000
19.000000
-10.000000
-59.000000
-102.000000
-107.000000
-77.000000
-10.000000
71.000000
137.000000
180.000000
184.000000
159.000000
107.000000
62.000000
-4.000000
-51.000000
-52.000000
-18.000000
20.000000
33.000000
38.000000
-5.000000
-72.000000
-170.000000
-241.000000
-278.000000
-271.000000
-236.000000
-194.000000
-153.000000
-134.000000
-127.000000
-114.000000
-110.000000
-121.000000
-101.000000
-92.000000
-77.000000
-64.000000
-16.000000
49.000000
87.000000
98.000000
62.000000
36.000000
35.000000
87.000000
163.000000
229.000000
263.000000
234.000000
176.000000
111.000000
45.000000
-6.000000
-42.000000
-60.000000
-85.000000
-104.000000
-128.000000
-128.000000
-118.000000
-108.000000
-122.000000
-163.000000
-183.000000
-216.000000
-210.000000
-187.000000
-125.000000
-53.000000
1.000000
42.000000
66.000000
80.000000
82.000000
98.000000
113.000000
108.000000
82.000000
55.000000
22.000000
16.000000
24.000000
53.000000
65.000000
58.000000
33.000000
10.000000
1.000000
11.000000
61.000000
135.000000
219.000000
279.000000
299.000000
281.000000
244.000000
188.000000
132.000000
59.000000
10.000000
1.000000
-6.000000
5.000000
22.000000
35.000000
25.000000
-12.000000
-67.000000
-138.000000
-197.000000
-193.000000
-132.000000
-29.000000
74.000000
168.000000
216.000000
223.000000
191.000000
120.000000
59.000000
5.000000
-22.000000
-45.000000
-78.000000
-81.000000
-74.000000
-56.000000
-35.000000
-62.000000
-91.000000
-132.000000
-149.000000
-134.000000
-82.000000
8.000000
92.000000
125.000000
122.000000
101.000000
49.000000
7.000000
-39.000000
-68.000000
-62.000000
-31.000000
-9.000000
16.000000
3.000000
-52.000000
-130.000000
-229.000000
-282.000000
-298.000000
-266.000000
-230.000000
-199.000000
-169.000000
-141.000000
-133.000000
-122.000000
-119.000000
-107.000000
-82.000000
-34.000000
10.000000
41.000000
85.000000
109.000000
104.000000
69.000000
25.000000
-1.000000
15.000000
65.000000
127.000000
188.000000
220.000000
208.000000
171.000000
102.000000
7.000000
-85.000000
-135.000000
-149.000000
-128.000000
-91.000000
-44.000000
-12.000000
-6.000000
-14.000000
-37.000000
-45.000000
-62.000000
-78.000000
-87.000000
-63.000000
2.000000
86.000000
178.000000
232.000000
250.000000
236.000000
205.000000
175.000000
153.000000
146.000000
129.000000
94.000000
38.000000
-24.000000
-67.000000
-76.000000
-79.000000
-92.000000
-109.000000
-138.000000
-171.000000
-184.000000
-131.000000
-30.000000
83.000000
160.000000
189.000000
197.000000
184.000000
173.000000
160.000000
137.000000
99.000000
71.000000
42.000000
19.000000
23.000000
16.000000
21.000000
0.000000
-51.000000
-105.000000
-163.000000
-184.000000
-174.000000
-133.000000
-73.000000
-29.000000
-4.000000
-2.000000
-27.000000
-85.000000
-130.000000
-145.000000
-142.000000
-94.000000
-55.000000
-13.000000
9.000000
19.000000
19.000000
13.000000
22.000000
31.000000
46.000000
57.000000
86.000000
125.000000
165.000000
186.000000
178.000000
145.000000
98.000000
46.000000
14.000000
8.000000
36.000000
63.000000
63.000000
36.000000
-18.000000
-84.000000
-156.000000
-210.000000
-243.000000
-218.000000
-165.000000
-110.000000
-79.000000
-74.000000
-70.000000
-76.000000
-82.000000
-79.000000
-73.000000
-41.000000
13.000000
65.000000
119.000000
151.000000
163.000000
154.000000
112.000000
63.000000
32.000000
22.000000
51.000000
93.000000
136.000000
169.000000
168.000000
118.000000
28.000000
-83.000000
-174.000000
-213.000000
-215.000000
-160.000000
-90.000000
-36.000000
-9.000000
-14.000000
-41.000000
-71.000000
-119.000000
-162.000000
-181.000000
-194.000000
-165.000000
-94.000000
4.000000
84.000000
148.000000
171.000000
163.000000
133.000000
95.000000
85.000000
87.000000
105.000000
97.000000
64.000000
17.000000
-20.000000
-36.000000
-50.000000
-71.000000
-98.000000
-132.000000
-150.000000
-149.000000
-112.000000
-42.000000
28.000000
70.000000
75.000000
65.000000
52.000000
16.000000
-8.000000
-16.000000
-19.000000
7.000000
15.000000
26.000000
52.000000
66.000000
80.000000
74.000000
54.000000
28.000000
-15.000000
-49.000000
-52.000000
-34.000000
7.000000
52.000000
91.000000
92.000000
60.000000
14.000000
-35.000000
-56.000000
-44.000000
-3.000000
28.000000
54.000000
65.000000
47.000000
35.000000
23.000000
17.000000
4.000000
-9.000000
3.000000
36.000000
90.000000
143.000000
146.000000
105.000000
47.000000
-35.000000
-82.000000
-87.000000
-60.000000
11.000000
80.000000
135.000000
145.000000
113.000000
77.000000
25.000000
-40.000000
-93.000000
-116.000000
-106.000000
-54.000000
-17.000000
16.000000
28.000000
-4.000000
-48.000000
-87.000000
-102.000000
-103.000000
-80.000000
-31.000000
23.000000
65.000000
83.000000
83.000000
58.000000
-3.000000
-67.000000
-111.000000
-122.000000
-100.000000
-45.000000
6.000000
35.000000
32.000000
-8.000000
-66.000000
-131.000000
-179.000000
-195.000000
-184.000000
-128.000000
-58.000000
14.000000
75.000000
98.000000
95.000000
60.000000
14.000000
-41.000000
-85.000000
-96.000000
-94.000000
-64.000000
-19.000000
40.000000
87.000000
110.000000
105.000000
81.000000
70.000000
55.000000
66.000000
77.000000
76.000000
59.000000
21.000000
-18.000000
-36.000000
-47.000000
-42.000000
-40.000000
-51.000000
-52.000000
-60.000000
-40.000000
-10.000000
15.000000
27.000000
13.000000
-28.000000
-72.000000
-89.000000
-82.000000
-54.000000
-11.000000
29.000000
63.000000
88.000000
103.000000
107.000000
118.000000
111.000000
84.000000
42.000000
6.000000
-10.000000
-5.000000
22.000000
42.000000
51.000000
45.000000
9.000000
-38.000000
-83.000000
-106.000000
-91.000000
-68.000000
-29.000000
12.000000
38.000000
35.000000
23.000000
0.000000
-21.000000
-21.000000
-33.000000
-29.000000
-5.000000
37.000000
72.000000
53.000000
8.000000
-50.000000
-113.000000
-160.000000
-182.000000
-155.000000
-84.000000
22.000000
120.000000
186.000000
219.000000
208.000000
163.000000
108.000000
56.000000
21.000000
10.000000
15.000000
22.000000
22.000000
10.000000
-12.000000
-44.000000
-70.000000
-102.000000
-129.000000
-134.000000
-105.000000
-65.000000
-23.000000
35.000000
74.000000
88.000000
79.000000
60.000000
40.000000
36.000000
50.000000
45.000000
53.000000
73.000000
72.000000
68.000000
37.000000
-1.000000
-38.000000
-76.000000
-92.000000
-87.000000
-71.000000
-41.000000
-19.000000
-11.000000
-7.000000
-7.000000
0.000000
4.000000
13.000000
13.000000
21.000000
28.000000
25.000000
28.000000
32.000000
27.000000
34.000000
35.000000
38.000000
52.000000
67.000000
77.000000
49.000000
13.000000
-38.000000
-75.000000
-93.000000
-102.000000
-85.000000
-64.000000
-48.000000
-39.000000
-41.000000
-57.000000
-72.000000
-86.000000
-103.000000
-117.000000
-126.000000
-139.000000
-129.000000
-107.000000
-74.000000
-40.000000
7.000000
66.000000
97.000000
121.000000
133.000000
127.000000
114.000000
101.000000
82.000000
65.000000
38.000000
14.000000
-15.000000
-45.000000
-70.000000
-97.000000
-126.000000
-169.000000
-204.000000
-222.000000
-199.000000
-131.000000
-59.000000
13.000000
55.000000
55.000000
57.000000
56.000000
68.000000
87.000000
90.000000
88.000000
89.000000
89.000000
98.000000
94.000000
76.000000
35.000000
-34.000000
-94.000000
-132.000000
-133.000000
-91.000000
-16.000000
62.000000
120.000000
142.000000
141.000000
131.000000
110.000000
81.000000
63.000000
53.000000
27.000000
8.000000
-12.000000
-36.000000
-48.000000
-58.000000
-59.000000
-57.000000
-70.000000
-69.000000
-66.000000
-54.000000
-22.000000
10.000000
50.000000
80.000000
101.000000
100.000000
116.000000
118.000000
135.000000
154.000000
160.000000
129.000000
82.000000
47.000000
7.000000
-33.000000
-62.000000
-68.000000
-86.000000
-71.000000
-62.000000
-43.000000
-24.000000
-26.000000
-27.000000
-40.000000
-63.000000
-81.000000
-75.000000
-61.000000
-40.000000
-13.000000
-1.000000
-8.000000
-20.000000
-33.000000
-31.000000
-20.000000
-12.000000
10.000000
36.000000
61.000000
58.000000
39.000000
36.000000
18.000000
-17.000000
-43.000000
-55.000000
-44.000000
-38.000000
-33.000000
-18.000000
-9.000000
-22.000000
-32.000000
-45.000000
-83.000000
-116.000000
-131.000000
-139.000000
-132.000000
-97.000000
-44.000000
9.000000
52.000000
102.000000
133.000000
135.000000
114.000000
103.000000
91.000000
71.000000
46.000000
29.000000
19.000000
-12.000000
-47.000000
-64.000000
-100.000000
-144.000000
-170.000000
-172.000000
-146.000000
-117.000000
-58.000000
24.000000
81.000000
111.000000
125.000000
116.000000
112.000000
98.000000
104.000000
116.000000
114.000000
109.000000
106.000000
86.000000
38.000000
-21.000000
-74.000000
-112.000000
-166.000000
-182.000000
-160.000000
-115.000000
-53.000000
16.000000
72.000000
102.000000
91.000000
73.000000
61.000000
40.000000
35.000000
57.000000
101.000000
111.000000
117.000000
110.000000
98.000000
77.000000
39.000000
11.000000
-17.000000
-46.000000
-55.000000
-45.000000
-23.000000
17.000000
25.000000
20.000000
-3.000000
-43.000000
-81.000000
-71.000000
-32.000000
1.000000
53.000000
92.000000
99.000000
81.000000
56.000000
21.000000
-25.000000
-75.000000
-105.000000
-118.000000
-107.000000
-76.000000
-26.000000
31.000000
49.000000
58.000000
54.000000
36.000000
21.000000
11.000000
0.000000
3.000000
-2.000000
-5.000000
-3.000000
-29.000000
-53.000000
-67.000000
-72.000000
-65.000000
-47.000000
-22.000000
-11.000000
-5.000000
-16.000000
-23.000000
-32.000000
-41.000000
-58.000000
-61.000000
-61.000000
-56.000000
-38.000000
-7.000000
12.000000
22.000000
13.000000
-44.000000
-83.000000
-117.000000
-124.000000
-103.000000
-62.000000
-7.000000
50.000000
87.000000
102.000000
111.000000
97.000000
62.000000
6.000000
-23.000000
-42.000000
-55.000000
-43.000000
3.000000
32.000000
47.000000
41.000000
18.000000
-32.000000
-86.000000
-128.000000
-138.000000
-120.000000
-84.000000
-7.000000
73.000000
133.000000
140.000000
158.000000
138.000000
106.000000
73.000000
93.000000
120.000000
141.000000
174.000000
198.000000
179.000000
69.000000
-47.000000
-190.000000
-328.000000
-539.000000
-573.000000
-505.000000
-357.000000
-163.000000
106.000000
376.000000
500.000000
510.000000
430.000000
306.000000
79.000000
-120.000000
-273.000000
-279.000000
-250.000000
-93.000000
138.000000
372.000000
517.000000
601.000000
605.000000
448.000000
225.000000
-18.000000
-195.000000
-388.000000
-498.000000
-503.000000
-377.000000
-291.000000
-153.000000
27.000000
191.000000
252.000000
232.000000
219.000000
127.000000
-20.000000
-166.000000
-210.000000
-247.000000
-241.000000
-162.000000
-3.000000
97.000000
160.000000
198.000000
204.000000
133.000000
26.000000
-35.000000
-87.000000
-108.000000
-95.000000
16.000000
129.000000
219.000000
277.000000
314.000000
253.000000
102.000000
-66.000000
-202.000000
-287.000000
-351.000000
-311.000000
-221.000000
-120.000000
-41.000000
35.000000
79.000000
40.000000
-34.000000
-116.000000
-206.000000
-275.000000
-295.000000
-241.000000
-137.000000
-54.000000
27.000000
67.000000
82.000000
38.000000
-12.000000
-73.000000
-104.000000
-103.000000
-50.000000
31.000000
106.000000
205.000000
271.000000
295.000000
243.000000
177.000000
71.000000
-25.000000
-114.000000
-142.000000
-155.000000
-110.000000
-35.000000
31.000000
71.000000
65.000000
54.000000
6.000000
-51.000000
-131.000000
-148.000000
-198.000000
-207.000000
-214.000000
-157.000000
-67.000000
15.000000
146.000000
241.000000
305.000000
287.000000
275.000000
230.000000
136.000000
22.000000
-37.000000
-78.000000
-117.000000
-106.000000
-54.000000
26.000000
53.000000
80.000000
69.000000
11.000000
-54.000000
-82.000000
-74.000000
-34.000000
78.000000
234.000000
418.000000
510.000000
548.000000
447.000000
241.000000
-143.000000
-509.000000
-700.000000
-771.000000
-610.000000
-325.000000
197.000000
612.000000
914.000000
970.000000
830.000000
371.000000
-235.000000
-859.000000
-1393.000000
-1617.000000
-1516.000000
-1020.000000
-380.000000
368.000000
997.000000
1452.000000
1480.000000
1209.000000
683.000000
92.000000
-517.000000
-973.000000
-1101.000000
-929.000000
-494.000000
26.000000
572.000000
924.000000
1069.000000
934.000000
637.000000
212.000000
-215.000000
-542.000000
-700.000000
-693.000000
-540.000000
-289.000000
-32.000000
157.000000
235.000000
157.000000
-22.000000
-245.000000
-453.000000
-568.000000
-594.000000
-482.000000
-247.000000
58.000000
313.000000
528.000000
609.000000
557.000000
382.000000
147.000000
-80.000000
-268.000000
-332.000000
-287.000000
-148.000000
41.000000
273.000000
458.000000
561.000000
537.000000
426.000000
230.000000
-9.000000
-235.000000
-378.000000
-425.000000
-401.000000
-294.000000
-155.000000
17.000000
82.000000
103.000000
59.000000
-50.000000
-221.000000
-355.000000
-408.000000
-436.000000
-368.000000
-259.000000
-68.000000
49.000000
152.000000
237.000000
270.000000
198.000000
104.000000
54.000000
20.000000
27.000000
59.000000
210.000000
311.000000
422.000000
472.000000
540.000000
466.000000
345.000000
181.000000
-24.000000
-305.000000
-577.000000
-646.000000
-705.000000
-640.000000
-550.000000
-262.000000
-48.000000
134.000000
238.000000
337.000000
294.000000
145.000000
-16.000000
-154.000000
-251.000000
-335.000000
-225.000000
-85.000000
92.000000
234.000000
454.000000
568.000000
584.000000
499.000000
421.000000
294.000000
83.000000
-40.000000
-108.000000
-137.000000
-182.000000
-152.000000
-94.000000
-81.000000
-93.000000
-66.000000
-19.000000
-19.000000
-41.000000
-22.000000
0.000000
-26.000000
-57.000000
-67.000000
-114.000000
-165.000000
-220.000000
-208.000000
-204.000000
-171.000000
-95.000000
18.000000
126.000000
200.000000
245.000000
247.000000
210.000000
126.000000
63.000000
-6.000000
-42.000000
-64.000000
-22.000000
0.000000
0.000000
4.000000
11.000000
-6.000000
-80.000000
-130.000000
-166.000000
-154.000000
-130.000000
-86.000000
-28.000000
-11.000000
-7.000000
-60.000000
-139.000000
-209.000000
-240.000000
-243.000000
-228.000000
-195.000000
-127.000000
-34.000000
39.000000
106.000000
153.000000
171.000000
129.000000
100.000000
46.000000
20.000000
19.000000
59.000000
106.000000
126.000000
150.000000
155.000000
131.000000
53.000000
17.000000
-37.000000
-73.000000
-115.000000
-85.000000
-50.000000
-56.000000
-40.000000
-11.000000
8.000000
-20.000000
-18.000000
4.000000
31.000000
14.000000
48.000000
107.000000
136.000000
152.000000
199.000000
240.000000
216.000000
172.000000
147.000000
121.000000
40.000000
-14.000000
-32.000000
-46.000000
-65.000000
-63.000000
-23.000000
-24.000000
-20.000000
-16.000000
13.000000
-15.000000
-38.000000
-11.000000
2.000000
17.000000
-3.000000
32.000000
45.000000
44.000000
-14.000000
-21.000000
-33.000000
-47.000000
-31.000000
-23.000000
13.000000
19.000000
44.000000
50.000000
43.000000
2.000000
-9.000000
-51.000000
-81.000000
-128.000000
-115.000000
-76.000000
-21.000000
27.000000
42.000000
48.000000
14.000000
-23.000000
-73.000000
-84.000000
-108.000000
-97.000000
-84.000000
-83.000000
-72.000000
-48.000000
-24.000000
-14.000000
0.000000
12.000000
9.000000
7.000000
7.000000
-1.000000
-22.000000
-35.000000
-58.000000
-81.000000
-90.000000
-104.000000
-77.000000
-59.000000
-34.000000
15.000000
56.000000
68.000000
82.000000
97.000000
89.000000
49.000000
22.000000
10.000000
-3.000000
-21.000000
-35.000000
-11.000000
-34.000000
-44.000000
-58.000000
-68.000000
-92.000000
-119.000000
-87.000000
-78.000000
-64.000000
-55.000000
-10.000000
-5.000000
-1.000000
-16.000000
13.000000
22.000000
24.000000
61.000000
96.000000
126.000000
107.000000
144.000000
128.000000
99.000000
51.000000
35.000000
5.000000
-48.000000
-81.000000
-87.000000
-68.000000
-72.000000
-52.000000
-30.000000
1.000000
-8.000000
24.000000
32.000000
42.000000
38.000000
62.000000
94.000000
94.000000
113.000000
130.000000
167.000000
156.000000
149.000000
134.000000
139.000000
103.000000
63.000000
42.000000
16.000000
-25.000000
-68.000000
-60.000000
-52.000000
-38.000000
-17.000000
32.000000
62.000000
65.000000
76.000000
86.000000
74.000000
51.000000
27.000000
20.000000
0.000000
-1.000000
26.000000
62.000000
56.000000
52.000000
58.000000
50.000000
-7.000000
-37.000000
-42.000000
-51.000000
-85.000000
-105.000000
-70.000000
-64.000000
-30.000000
-16.000000
-6.000000
-24.000000
-59.000000
-85.000000
-87.000000
-96.000000
-94.000000
-43.000000
-27.000000
-14.000000
-26.000000
-12.000000
-38.000000
-70.000000
-88.000000
-98.000000
-104.000000
-114.000000
-85.000000
-78.000000
-63.000000
-85.000000
-83.000000
-93.000000
-103.000000
-118.000000
-103.000000
-108.000000
-104.000000
-85.000000
-53.000000
1.000000
20.000000
43.000000
48.000000
64.000000
14.000000
5.000000
-4.000000
-7.000000
-32.000000
-50.000000
-53.000000
-52.000000
-34.000000
-26.000000
-1.000000
8.000000
31.000000
43.000000
40.000000
36.000000
51.000000
54.000000
47.000000
43.000000
52.000000
75.000000
115.000000
128.000000
162.000000
168.000000
161.000000
144.000000
123.000000
87.000000
31.000000
-11.000000
-54.000000
-79.000000
-95.000000
-65.000000
-50.000000
7.000000
35.000000
81.000000
87.000000
100.000000
100.000000
84.000000
61.000000
22.000000
54.000000
62.000000
94.000000
102.000000
160.000000
167.000000
160.000000
124.000000
101.000000
70.000000
15.000000
-13.000000
-48.000000
-68.000000
-87.000000
-45.000000
-33.000000
-23.000000
-3.000000
19.000000
11.000000
-6.000000
-8.000000
-13.000000
-22.000000
-43.000000
-38.000000
-32.000000
-40.000000
-68.000000
-63.000000
-59.000000
-66.000000
-60.000000
-44.000000
-7.000000
9.000000
37.000000
39.000000
31.000000
10.000000
-8.000000
-21.000000
-45.000000
-73.000000
-71.000000
-32.000000
-26.000000
-15.000000
21.000000
49.000000
35.000000
2.000000
-15.000000
-29.000000
-63.000000
-78.000000
-74.000000
-85.000000
-89.000000
-89.000000
-77.000000
-72.000000
-69.000000
-49.000000
-30.000000
-39.000000
-56.000000
-57.000000
-62.000000
-67.000000
-62.000000
-44.000000
-35.000000
-36.000000
-19.000000
-8.000000
22.000000
34.000000
55.000000
64.000000
61.000000
39.000000
8.000000
-15.000000
-29.000000
-25.000000
-40.000000
-45.000000
-60.000000
-52.000000
-62.000000
-59.000000
-59.000000
-53.000000
-45.000000
-48.000000
-41.000000
-21.000000
14.000000
32.000000
63.000000
75.000000
73.000000
68.000000
83.000000
68.000000
59.000000
68.000000
80.000000
74.000000
58.000000
65.000000
74.000000
55.000000
28.000000
20.000000
1.000000
-38.000000
-38.000000
-25.000000
-20.000000
-22.000000
-13.000000
12.000000
20.000000
20.000000
41.000000
66.000000
76.000000
101.000000
130.000000
158.000000
149.000000
154.000000
149.000000
128.000000
69.000000
41.000000
40.000000
24.000000
13.000000
5.000000
37.000000
26.000000
7.000000
-6.000000
18.000000
-7.000000
-1.000000
5.000000
16.000000
24.000000
14.000000
31.000000
24.000000
3.000000
-24.000000
-12.000000
-46.000000
-45.000000
-42.000000
2.000000
13.000000
31.000000
43.000000
35.000000
9.000000
-44.000000
-56.000000
-75.000000
-89.000000
-116.000000
-97.000000
-92.000000
-72.000000
-62.000000
-52.000000
-33.000000
-26.000000
-20.000000
-15.000000
-18.000000
-32.000000
-33.000000
-49.000000
-75.000000
-108.000000
-121.000000
-133.000000
-131.000000
-117.000000
-92.000000
-63.000000
-62.000000
-52.000000
-63.000000
-88.000000
-112.000000
-122.000000
-124.000000
-119.000000
-96.000000
-50.000000
-11.000000
23.000000
59.000000
82.000000
77.000000
56.000000
40.000000
-12.000000
-43.000000
-45.000000
-30.000000
-10.000000
8.000000
33.000000
40.000000
30.000000
-2.000000
-30.000000
-44.000000
-67.000000
-73.000000
-48.000000
-31.000000
0.000000
39.000000
81.000000
109.000000
115.000000
121.000000
122.000000
105.000000
87.000000
77.000000
75.000000
66.000000
55.000000
71.000000
73.000000
69.000000
63.000000
66.000000
54.000000
34.000000
25.000000
24.000000
12.000000
5.000000
22.000000
39.000000
63.000000
79.000000
115.000000
113.000000
118.000000
105.000000
93.000000
72.000000
52.000000
41.000000
44.000000
36.000000
29.000000
31.000000
27.000000
19.000000
-1.000000
-12.000000
-38.000000
-49.000000
-60.000000
-48.000000
-59.000000
-61.000000
-43.000000
-25.000000
-10.000000
6.000000
28.000000
33.000000
30.000000
13.000000
12.000000
-11.000000
-18.000000
-16.000000
-11.000000
-13.000000
-19.000000
-5.000000
2.000000
-22.000000
-30.000000
-30.000000
-61.000000
-71.000000
-66.000000
-54.000000
-47.000000
-46.000000
-36.000000
-35.000000
-47.000000
-56.000000
-48.000000
-47.000000
-66.000000
-70.000000
-78.000000
-73.000000
-61.000000
-46.000000
-10.000000
7.000000
3.000000
2.000000
3.000000
-31.000000
-55.000000
-66.000000
-68.000000
-91.000000
-112.000000
-106.000000
-88.000000
-72.000000
-54.000000
-11.000000
18.000000
18.000000
29.000000
46.000000
22.000000
-8.000000
-16.000000
-18.000000
-34.000000
-42.000000
-22.000000
5.000000
33.000000
32.000000
45.000000
34.000000
15.000000
-21.000000
-49.000000
-64.000000
-80.000000
-62.000000
-37.000000
-3.000000
14.000000
55.000000
85.000000
75.000000
52.000000
37.000000
18.000000
10.000000
-3.000000
13.000000
46.000000
55.000000
64.000000
62.000000
51.000000
10.000000
-3.000000
-19.000000
-17.000000
-19.000000
-1.000000
24.000000
41.000000
66.000000
75.000000
86.000000
85.000000
87.000000
89.000000
85.000000
89.000000
96.000000
104.000000
109.000000
100.000000
101.000000
90.000000
80.000000
57.000000
30.000000
5.000000
-28.000000
-58.000000
-76.000000
-66.000000
-58.000000
-38.000000
-19.000000
-11.000000
-11.000000
-10.000000
-11.000000
-7.000000
-1.000000
9.000000
9.000000
19.000000
35.000000
54.000000
58.000000
68.000000
78.000000
69.000000
59.000000
26.000000
14.000000
-8.000000
-16.000000
-28.000000
-40.000000
-40.000000
-39.000000
-28.000000
-32.000000
-55.000000
-69.000000
-84.000000
-108.000000
-123.000000
-131.000000
-119.000000
-110.000000
-82.000000
-68.000000
-39.000000
-7.000000
7.000000
12.000000
1.000000
-15.000000
-29.000000
-41.000000
-50.000000
-51.000000
-41.000000
-23.000000
-15.000000
-17.000000
-19.000000
-30.000000
-41.000000
-71.000000
-91.000000
-93.000000
-84.000000
-64.000000
-44.000000
-6.000000
13.000000
24.000000
34.000000
28.000000
16.000000
-8.000000
-29.000000
-53.000000
-67.000000
-55.000000
-28.000000
-4.000000
28.000000
44.000000
54.000000
44.000000
14.000000
-16.000000
-34.000000
-38.000000
-56.000000
-30.000000
7.000000
47.000000
80.000000
113.000000
124.000000
116.000000
89.000000
64.000000
44.000000
25.000000
25.000000
18.000000
27.000000
38.000000
47.000000
58.000000
66.000000
57.000000
51.000000
36.000000
17.000000
2.000000
1.000000
16.000000
30.000000
50.000000
66.000000
89.000000
89.000000
67.000000
61.000000
54.000000
26.000000
15.000000
17.000000
22.000000
35.000000
38.000000
59.000000
64.000000
43.000000
32.000000
25.000000
3.000000
-13.000000
-16.000000
-16.000000
-10.000000
-10.000000
3.000000
16.000000
16.000000
12.000000
15.000000
7.000000
-17.000000
-42.000000
-36.000000
-34.000000
-42.000000
-41.000000
-33.000000
-33.000000
-37.000000
-42.000000
-40.000000
-39.000000
-45.000000
-44.000000
-46.000000
-50.000000
-50.000000
-41.000000
-33.000000
-36.000000
-35.000000
-27.000000
-25.000000
-27.000000
-33.000000
-24.000000
-24.000000
-34.000000
-39.000000
-40.000000
-41.000000
-41.000000
-30.000000
-27.000000
-33.000000
-27.000000
-18.000000
-22.000000
-18.000000
-16.000000
-14.000000
-18.000000
-18.000000
-22.000000
-31.000000
-22.000000
-20.000000
-4.000000
-2.000000
7.000000
6.000000
13.000000
11.000000
13.000000
17.000000
29.000000
32.000000
22.000000
21.000000
4.000000
0.000000
-1.000000
7.000000
14.000000
29.000000
31.000000
39.000000
37.000000
33.000000
34.000000
40.000000
31.000000
24.000000
32.000000
28.000000
37.000000
38.000000
55.000000
56.000000
51.000000
55.000000
56.000000
58.000000
54.000000
50.000000
45.000000
33.000000
12.000000
9.000000
-4.000000
-15.000000
-17.000000
-22.000000
-23.000000
-31.000000
-29.000000
-20.000000
-23.000000
-26.000000
-24.000000
-20.000000
-11.000000
1.000000
20.000000
27.000000
30.000000
40.000000
32.000000
28.000000
16.000000
5.000000
12.000000
10.000000
1.000000
12.000000
22.000000
21.000000
13.000000
14.000000
4.000000
-10.000000
-17.000000
-24.000000
-36.000000
-53.000000
-66.000000
-72.000000
-77.000000
-93.000000
-75.000000
-63.000000
-48.000000
-39.000000
-16.000000
-5.000000
1.000000
-1.000000
-5.000000
-12.000000
-32.000000
-39.000000
-38.000000
-24.000000
-28.000000
2.000000
21.000000
36.000000
43.000000
44.000000
37.000000
14.000000
-4.000000
-20.000000
-31.000000
-26.000000
-10.000000
-1.000000
24.000000
18.000000
19.000000
12.000000
-6.000000
-26.000000
-41.000000
-47.000000
-51.000000
-46.000000
-29.000000
0.000000
4.000000
15.000000
27.000000
24.000000
4.000000
-4.000000
7.000000
9.000000
17.000000
32.000000
47.000000
67.000000
61.000000
50.000000
42.000000
24.000000
4.000000
1.000000
-2.000000
-7.000000
9.000000
26.000000
37.000000
33.000000
31.000000
24.000000
8.000000
-10.000000
-21.000000
-14.000000
-4.000000
9.000000
24.000000
45.000000
50.000000
59.000000
65.000000
63.000000
61.000000
43.000000
33.000000
20.000000
9.000000
-8.000000
-1.000000
-4.000000
-10.000000
-4.000000
-10.000000
-13.000000
-21.000000
-21.000000
-28.000000
-33.000000
-44.000000
-37.000000
-29.000000
-25.000000
-7.000000
11.000000
32.000000
32.000000
36.000000
40.000000
30.000000
16.000000
-4.000000
-9.000000
-25.000000
-41.000000
-39.000000
-41.000000
-34.000000
-28.000000
-21.000000
-14.000000
-20.000000
-28.000000
-30.000000
-45.000000
-47.000000
-40.000000
-33.000000
-26.000000
-20.000000
-11.000000
-12.000000
-12.000000
-17.000000
-23.000000
-26.000000
-34.000000
-36.000000
-37.000000
-27.000000
-15.000000
-6.000000
-5.000000
-6.000000
-8.000000
-23.000000
-30.000000
-39.000000
-36.000000
-35.000000
-30.000000
-18.000000
-10.000000
15.000000
30.000000
28.000000
23.000000
21.000000
1.000000
-12.000000
-15.000000
-13.000000
-10.000000
1.000000
5.000000
11.000000
9.000000
13.000000
20.000000
11.000000
-2.000000
-8.000000
-12.000000
-15.000000
-5.000000
9.000000
30.000000
28.000000
25.000000
19.000000
11.000000
3.000000
2.000000
22.000000
22.000000
26.000000
39.000000
44.000000
43.000000
43.000000
36.000000
33.000000
17.000000
10.000000
6.000000
6.000000
18.000000
25.000000
36.000000
34.000000
29.000000
20.000000
16.000000
8.000000
0.000000
-5.000000
3.000000
11.000000
13.000000
29.000000
47.000000
51.000000
53.000000
39.000000
21.000000
3.000000
-16.000000
-7.000000
-7.000000
0.000000
12.000000
23.000000
12.000000
3.000000
1.000000
-3.000000
-7.000000
-10.000000
-1.000000
0.000000
-4.000000
-4.000000
-2.000000
-2.000000
-8.000000
-15.000000
-13.000000
-17.000000
-14.000000
-4.000000
-3.000000
1.000000
2.000000
-6.000000
-20.000000
-34.000000
-44.000000
-43.000000
-51.000000
-49.000000
-51.000000
-42.000000
-36.000000
-40.000000
-36.000000
-33.000000
-26.000000
-35.000000
-28.000000
-21.000000
-6.000000
1.000000
5.000000
1.000000
-9.000000
-19.000000
-31.000000
-35.000000
-32.000000
-22.000000
-25.000000
-22.000000
-24.000000
-23.000000
-18.000000
-22.000000
-23.000000
-23.000000
-20.000000
-28.000000
-24.000000
-2.000000
8.000000
19.000000
31.000000
25.000000
12.000000
4.000000
-4.000000
-2.000000
-6.000000
4.000000
14.000000
11.000000
14.000000
19.000000
27.000000
16.000000
15.000000
12.000000
0.000000
-1.000000
-6.000000
9.000000
13.000000
13.000000
25.000000
27.000000
14.000000
25.000000
26.000000
32.000000
40.000000
32.000000
33.000000
32.000000
27.000000
26.000000
34.000000
38.000000
40.000000
27.000000
26.000000
16.000000
3.000000
-4.000000
2.000000
9.000000
-4.000000
-6.000000
-1.000000
2.000000
-7.000000
-7.000000
-5.000000
-5.000000
-20.000000
-21.000000
-10.000000
-4.000000
16.000000
35.000000
43.000000
38.000000
32.000000
13.000000
-6.000000
-20.000000
-28.000000
-27.000000
-13.000000
-13.000000
-5.000000
12.000000
6.000000
-1.000000
-16.000000
-35.000000
-47.000000
-54.000000
-54.000000
-42.000000
-15.000000
-2.000000
10.000000
23.000000
30.000000
25.000000
17.000000
11.000000
-1.000000
-7.000000
-26.000000
-26.000000
-17.000000
-14.000000
-8.000000
1.000000
-5.000000
-5.000000
-9.000000
-24.000000
-17.000000
-22.000000
-17.000000
-25.000000
-25.000000
-20.000000
-17.000000
-6.000000
5.000000
19.000000
32.000000
33.000000
32.000000
38.000000
16.000000
17.000000
10.000000
-8.000000
-10.000000
-18.000000
-17.000000
-17.000000
-10.000000
-10.000000
-10.000000
-19.000000
-26.000000
-25.000000
-22.000000
-12.000000
3.000000
26.000000
31.000000
39.000000
32.000000
27.000000
21.000000
15.000000
14.000000
4.000000
11.000000
11.000000
19.000000
27.000000
33.000000
34.000000
29.000000
13.000000
-1.000000
-17.000000
-24.000000
-17.000000
-11.000000
-11.000000
-10.000000
-3.000000
-8.000000
-4.000000
1.000000
1.000000
8.000000
6.000000
5.000000
0.000000
3.000000
15.000000
17.000000
25.000000
24.000000
27.000000
31.000000
21.000000
21.000000
17.000000
4.000000
0.000000
-10.000000
-5.000000
-5.000000
-5.000000
6.000000
13.000000
6.000000
-4.000000
-11.000000
-18.000000
-32.000000
-34.000000
-23.000000
-14.000000
7.000000
15.000000
30.000000
27.000000
17.000000
5.000000
-21.000000
-37.000000
-49.000000
-58.000000
-53.000000
-35.000000
-20.000000
-3.000000
13.000000
19.000000
1.000000
-9.000000
-23.000000
-38.000000
-41.000000
-30.000000
-19.000000
-8.000000
12.000000
20.000000
21.000000
13.000000
2.000000
-10.000000
-30.000000
-36.000000
-31.000000
-28.000000
-8.000000
-7.000000
4.000000
3.000000
