-217.000000
-190.000000
-163.000000
-113.000000
-59.000000
-1.000000
60.000000
124.000000
202.000000
257.000000
315.000000
374.000000
433.000000
478.000000
530.000000
555.000000
577.000000
597.000000
587.000000
582.000000
551.000000
526.000000
498.000000
450.000000
397.000000
340.000000
278.000000
218.000000
162.000000
82.000000
21.000000
-50.000000
-102.000000
-146.000000
-203.000000
-237.000000
-275.000000
-296.000000
-307.000000
-323.000000
-341.000000
-351.000000
-352.000000
-333.000000
-323.000000
-305.000000
-279.000000
-265.000000
-232.000000
-204.000000
-179.000000
-156.000000
-132.000000
-117.000000
-85.000000
-66.000000
-54.000000
-40.000000
-38.000000
-25.000000
-31.000000
-41.000000
-47.000000
-49.000000
-54.000000
-78.000000
-94.000000
-107.000000
-113.000000
-124.000000
-133.000000
-124.000000
-119.000000
-111.000000
-105.000000
-89.000000
-65.000000
-30.000000
6.000000
42.000000
73.000000
102.000000
146.000000
181.000000
208.000000
225.000000
244.000000
248.000000
244.000000
236.000000
227.000000
214.000000
185.000000
152.000000
118.000000
73.000000
29.000000
-16.000000
-64.000000
-112.000000
-150.000000
-195.000000
-237.000000
-268.000000
-286.000000
-297.000000
-301.000000
-305.000000
-305.000000
-294.000000
-269.000000
-242.000000
-218.000000
-172.000000
-131.000000
-94.000000
-47.000000
8.000000
46.000000
93.000000
135.000000
184.000000
228.000000
262.000000
301.000000
335.000000
366.000000
394.000000
420.000000
432.000000
459.000000
471.000000
461.000000
453.000000
444.000000
433.000000
403.000000
372.000000
336.000000
292.000000
252.000000
205.000000
162.000000
113.000000
61.000000
11.000000
-42.000000
-100.000000
-135.000000
-179.000000
-223.000000
-249.000000
-288.000000
-307.000000
-332.000000
-362.000000
-382.000000
-386.000000
-379.000000
-377.000000
-373.000000
-370.000000
-355.000000
-350.000000
-327.000000
-294.000000
-271.000000
-232.000000
-203.000000
-156.000000
-124.000000
-87.000000
-44.000000
-15.000000
31.000000
47.000000
75.000000
78.000000
90.000000
102.000000
98.000000
97.000000
94.000000
78.000000
57.000000
53.000000
36.000000
20.000000
6.000000
-5.000000
-4.000000
-14.000000
-21.000000
-11.000000
2.000000
8.000000
29.000000
41.000000
51.000000
70.000000
89.000000
103.000000
118.000000
129.000000
131.000000
127.000000
120.000000
116.000000
100.000000
83.000000
64.000000
32.000000
1.000000
-28.000000
-56.000000
-85.000000
-125.000000
-152.000000
-166.000000
-192.000000
-202.000000
-214.000000
-217.000000
-212.000000
-213.000000
-197.000000
-183.000000
-160.000000
-139.000000
-116.000000
-80.000000
-54.000000
-13.000000
19.000000
50.000000
83.000000
107.000000
145.000000
178.000000
211.000000
245.000000
286.000000
317.000000
345.000000
367.000000
376.000000
401.000000
400.000000
408.000000
404.000000
394.000000
387.000000
361.000000
345.000000
302.000000
269.000000
224.000000
185.000000
136.000000
75.000000
39.000000
-20.000000
-62.000000
-119.000000
-172.000000
-214.000000
-247.000000
-290.000000
-330.000000
-346.000000
-368.000000
-386.000000
-385.000000
-385.000000
-398.000000
-383.000000
-365.000000
-348.000000
-323.000000
-300.000000
-273.000000
-241.000000
-212.000000
-179.000000
-142.000000
-103.000000
-62.000000
-32.000000
-3.000000
26.000000
46.000000
73.000000
92.000000
100.000000
109.000000
122.000000
130.000000
137.000000
130.000000
119.000000
107.000000
94.000000
72.000000
60.000000
51.000000
32.000000
16.000000
5.000000
-10.000000
-21.000000
-26.000000
-37.000000
-31.000000
-27.000000
-17.000000
-21.000000
-13.000000
-3.000000
-2.000000
16.000000
27.000000
32.000000
39.000000
38.000000
32.000000
22.000000
19.000000
9.000000
-13.000000
-23.000000
-29.000000
-48.000000
-75.000000
-90.000000
-108.000000
-120.000000
-141.000000
-157.000000
-165.000000
-166.000000
-164.000000
-156.000000
-140.000000
-129.000000
-104.000000
-86.000000
-62.000000
-28.000000
4.000000
33.000000
61.000000
98.000000
148.000000
198.000000
234.000000
277.000000
307.000000
349.000000
386.000000
410.000000
435.000000
457.000000
484.000000
489.000000
488.000000
488.000000
474.000000
447.000000
414.000000
373.000000
322.000000
280.000000
223.000000
159.000000
102.000000
31.000000
-35.000000
-88.000000
-146.000000
-189.000000
-238.000000
-275.000000
-310.000000
-341.000000
-357.000000
-371.000000
-379.000000
-388.000000
-383.000000
-387.000000
-372.000000
-356.000000
-346.000000
-325.000000
-302.000000
-291.000000
-263.000000
-231.000000
-204.000000
-183.000000
-158.000000
-130.000000
-102.000000
-70.000000
-55.000000
-27.000000
-1.000000
21.000000
29.000000
45.000000
69.000000
75.000000
83.000000
87.000000
91.000000
92.000000
81.000000
80.000000
71.000000
45.000000
31.000000
19.000000
11.000000
-1.000000
-23.000000
-35.000000
-49.000000
-61.000000
-69.000000
-76.000000
-84.000000
-82.000000
-86.000000
-93.000000
-81.000000
-77.000000
-78.000000
-77.000000
-58.000000
-49.000000
-51.000000
-34.000000
-32.000000
-23.000000
-26.000000
-31.000000
-36.000000
-44.000000
-53.000000
-62.000000
-65.000000
-71.000000
-76.000000
-75.000000
-79.000000
-83.000000
-77.000000
-74.000000
-70.000000
-57.000000
-32.000000
-6.000000
21.000000
67.000000
108.000000
155.000000
199.000000
247.000000
289.000000
331.000000
377.000000
430.000000
471.000000
492.000000
522.000000
537.000000
544.000000
545.000000
538.000000
517.000000
491.000000
457.000000
414.000000
377.000000
322.000000
260.000000
204.000000
139.000000
74.000000
12.000000
-39.000000
-73.000000
-129.000000
-176.000000
-216.000000
-251.000000
-278.000000
-295.000000
-305.000000
-317.000000
-328.000000
-325.000000
-326.000000
-329.000000
-322.000000
-314.000000
-306.000000
-291.000000
-285.000000
-282.000000
-272.000000
-263.000000
-247.000000
-235.000000
-223.000000
-222.000000
-206.000000
-189.000000
-182.000000
-170.000000
-149.000000
-137.000000
-139.000000
-120.000000
-112.000000
-103.000000
-92.000000
-77.000000
-73.000000
-52.000000
-36.000000
-37.000000
-33.000000
-25.000000
-20.000000
-15.000000
-8.000000
-2.000000
8.000000
4.000000
23.000000
34.000000
33.000000
45.000000
34.000000
40.000000
45.000000
31.000000
20.000000
19.000000
6.000000
-7.000000
-11.000000
-30.000000
-40.000000
-51.000000
-76.000000
-89.000000
-90.000000
-96.000000
-98.000000
-99.000000
-110.000000
-102.000000
-96.000000
-89.000000
-70.000000
-51.000000
-29.000000
-5.000000
15.000000
47.000000
77.000000
102.000000
137.000000
167.000000
207.000000
242.000000
268.000000
302.000000
338.000000
360.000000
389.000000
412.000000
429.000000
444.000000
457.000000
483.000000
490.000000
492.000000
483.000000
477.000000
458.000000
430.000000
410.000000
385.000000
353.000000
320.000000
290.000000
242.000000
184.000000
121.000000
64.000000
25.000000
-15.000000
-48.000000
-76.000000
-106.000000
-134.000000
-186.000000
-223.000000
-256.000000
-289.000000
-288.000000
-301.000000
-312.000000
-310.000000
-312.000000
-331.000000
-353.000000
-380.000000
-402.000000
-403.000000
-401.000000
-400.000000
-391.000000
-384.000000
-377.000000
-380.000000
-379.000000
-367.000000
-353.000000
-326.000000
-293.000000
-250.000000
-218.000000
-180.000000
-136.000000
-121.000000
-95.000000
-65.000000
-36.000000
-6.000000
16.000000
46.000000
65.000000
76.000000
80.000000
81.000000
84.000000
77.000000
67.000000
70.000000
67.000000
75.000000
65.000000
51.000000
34.000000
18.000000
12.000000
-12.000000
-6.000000
-10.000000
-10.000000
-9.000000
-14.000000
-36.000000
-52.000000
-61.000000
-72.000000
-71.000000
-72.000000
-58.000000
-52.000000
-48.000000
-50.000000
-53.000000
-59.000000
-48.000000
-34.000000
-25.000000
6.000000
29.000000
54.000000
69.000000
86.000000
108.000000
120.000000
154.000000
195.000000
218.000000
246.000000
274.000000
290.000000
303.000000
310.000000
325.000000
338.000000
339.000000
355.000000
378.000000
397.000000
403.000000
407.000000
403.000000
402.000000
401.000000
397.000000
388.000000
381.000000
376.000000
363.000000
337.000000
293.000000
254.000000
219.000000
180.000000
131.000000
78.000000
20.000000
-41.000000
-95.000000
-153.000000
-201.000000
-252.000000
-295.000000
-333.000000
-361.000000
-379.000000
-402.000000
-403.000000
-412.000000
-407.000000
-399.000000
-383.000000
-374.000000
-347.000000
-329.000000
-310.000000
-282.000000
-272.000000
-239.000000
-228.000000
-217.000000
-210.000000
-193.000000
-179.000000
-184.000000
-168.000000
-163.000000
-154.000000
-148.000000
-136.000000
-118.000000
-116.000000
-116.000000
-119.000000
-100.000000
-94.000000
-96.000000
-91.000000
-91.000000
-89.000000
-96.000000
-99.000000
-109.000000
-116.000000
-119.000000
-125.000000
-122.000000
-120.000000
-108.000000
-94.000000
-89.000000
-78.000000
-63.000000
-42.000000
-32.000000
-1.000000
24.000000
47.000000
74.000000
86.000000
101.000000
114.000000
133.000000
136.000000
147.000000
148.000000
152.000000
141.000000
133.000000
129.000000
116.000000
110.000000
106.000000
114.000000
112.000000
108.000000
112.000000
119.000000
132.000000
143.000000
161.000000
174.000000
208.000000
229.000000
241.000000
264.000000
281.000000
309.000000
319.000000
333.000000
335.000000
341.000000
343.000000
350.000000
348.000000
338.000000
339.000000
330.000000
317.000000
307.000000
295.000000
267.000000
244.000000
217.000000
197.000000
164.000000
132.000000
116.000000
74.000000
30.000000
1.000000
-37.000000
-75.000000
-112.000000
-150.000000
-192.000000
-233.000000
-264.000000
-303.000000
-328.000000
-342.000000
-357.000000
-363.000000
-361.000000
-352.000000
-348.000000
-336.000000
-327.000000
-304.000000
-275.000000
-258.000000
-234.000000
-212.000000
-197.000000
-190.000000
-181.000000
-180.000000
-176.000000
-185.000000
-196.000000
-203.000000
-213.000000
-228.000000
-241.000000
-254.000000
-274.000000
-283.000000
-292.000000
-297.000000
-291.000000
-268.000000
-258.000000
-245.000000
-229.000000
-204.000000
-189.000000
-161.000000
-127.000000
-104.000000
-75.000000
-52.000000
-25.000000
-19.000000
6.000000
28.000000
34.000000
54.000000
82.000000
102.000000
119.000000
147.000000
162.000000
175.000000
196.000000
206.000000
223.000000
234.000000
242.000000
257.000000
259.000000
262.000000
263.000000
251.000000
245.000000
233.000000
207.000000
201.000000
190.000000
175.000000
171.000000
159.000000
153.000000
154.000000
148.000000
154.000000
155.000000
165.000000
193.000000
208.000000
228.000000
239.000000
248.000000
262.000000
281.000000
298.000000
304.000000
316.000000
311.000000
309.000000
303.000000
288.000000
269.000000
247.000000
215.000000
186.000000
167.000000
139.000000
131.000000
101.000000
71.000000
44.000000
2.000000
-28.000000
-53.000000
-74.000000
-93.000000
-108.000000
-119.000000
-135.000000
-157.000000
-189.000000
-222.000000
-244.000000
-268.000000
-293.000000
-300.000000
-311.000000
-326.000000
-345.000000
-355.000000
-372.000000
-382.000000
-384.000000
-381.000000
-378.000000
-378.000000
-366.000000
-356.000000
-338.000000
-329.000000
-330.000000
-311.000000
-295.000000
-274.000000
-256.000000
-240.000000
-226.000000
-224.000000
-223.000000
-212.000000
-210.000000
-203.000000
-181.000000
-170.000000
-157.000000
-133.000000
-132.000000
-121.000000
-99.000000
-79.000000
-46.000000
-16.000000
20.000000
45.000000
81.000000
116.000000
144.000000
169.000000
180.000000
197.000000
215.000000
227.000000
234.000000
243.000000
254.000000
251.000000
240.000000
233.000000
225.000000
215.000000
213.000000
213.000000
210.000000
212.000000
212.000000
209.000000
197.000000
195.000000
194.000000
199.000000
207.000000
202.000000
199.000000
194.000000
199.000000
194.000000
191.000000
175.000000
165.000000
162.000000
155.000000
153.000000
146.000000
136.000000
129.000000
119.000000
114.000000
102.000000
84.000000
82.000000
79.000000
74.000000
72.000000
67.000000
47.000000
45.000000
38.000000
36.000000
41.000000
43.000000
29.000000
18.000000
19.000000
7.000000
-5.000000
-13.000000
-20.000000
-34.000000
-37.000000
-52.000000
-76.000000
-84.000000
-97.000000
-123.000000
-137.000000
-160.000000
-165.000000
-183.000000
-213.000000
-224.000000
-235.000000
-237.000000
-254.000000
-267.000000
-274.000000
-287.000000
-292.000000
-295.000000
-286.000000
-293.000000
-285.000000
-280.000000
-264.000000
-247.000000
-235.000000
-214.000000
-202.000000
-167.000000
-144.000000
-130.000000
-96.000000
-76.000000
-52.000000
-27.000000
-6.000000
28.000000
36.000000
53.000000
57.000000
57.000000
73.000000
82.000000
88.000000
83.000000
76.000000
81.000000
81.000000
75.000000
85.000000
87.000000
94.000000
108.000000
120.000000
125.000000
120.000000
134.000000
146.000000
159.000000
174.000000
175.000000
184.000000
189.000000
177.000000
160.000000
149.000000
136.000000
126.000000
127.000000
99.000000
78.000000
65.000000
45.000000
25.000000
5.000000
-7.000000
-20.000000
-32.000000
-46.000000
-51.000000
-52.000000
-58.000000
-66.000000
-66.000000
-71.000000
-65.000000
-65.000000
-59.000000
-36.000000
-29.000000
-25.000000
-18.000000
-10.000000
-11.000000
15.000000
28.000000
48.000000
68.000000
77.000000
107.000000
110.000000
125.000000
132.000000
135.000000
148.000000
148.000000
145.000000
139.000000
148.000000
146.000000
141.000000
128.000000
115.000000
95.000000
76.000000
72.000000
40.000000
19.000000
3.000000
-17.000000
-45.000000
-71.000000
-92.000000
-112.000000
-123.000000
-126.000000
-124.000000
-138.000000
-141.000000
-150.000000
-156.000000
-145.000000
-143.000000
-134.000000
-137.000000
-136.000000
-131.000000
-126.000000
-125.000000
-121.000000
-110.000000
-118.000000
-126.000000
-124.000000
-119.000000
-122.000000
-118.000000
-102.000000
-88.000000
-87.000000
-91.000000
-79.000000
-63.000000
-47.000000
-30.000000
-11.000000
12.000000
21.000000
38.000000
50.000000
56.000000
58.000000
62.000000
67.000000
78.000000
79.000000
71.000000
63.000000
51.000000
50.000000
34.000000
34.000000
41.000000
29.000000
35.000000
33.000000
20.000000
12.000000
0.000000
-5.000000
-11.000000
-22.000000
-31.000000
-39.000000
-46.000000
-55.000000
-63.000000
-62.000000
-66.000000
-66.000000
-66.000000
-72.000000
-69.000000
-58.000000
-42.000000
-26.000000
-16.000000
-8.000000
5.000000
18.000000
36.000000
48.000000
65.000000
80.000000
91.000000
105.000000
113.000000
113.000000
126.000000
128.000000
131.000000
141.000000
138.000000
146.000000
145.000000
150.000000
151.000000
160.000000
153.000000
148.000000
150.000000
143.000000
145.000000
138.000000
139.000000
128.000000
119.000000
110.000000
100.000000
84.000000
84.000000
89.000000
69.000000
57.000000
51.000000
37.000000
25.000000
13.000000
-9.000000
-21.000000
-24.000000
-41.000000
-59.000000
-77.000000
-89.000000
-99.000000
-113.000000
-124.000000
-130.000000
-131.000000
-137.000000
-140.000000
-144.000000
-148.000000
-151.000000
-147.000000
-129.000000
-130.000000
-128.000000
-125.000000
-112.000000
-111.000000
-112.000000
-103.000000
-103.000000
-103.000000
-89.000000
-80.000000
-78.000000
-73.000000
-73.000000
-69.000000
-63.000000
-56.000000
-55.000000
-53.000000
-48.000000
-48.000000
-51.000000
-44.000000
-37.000000
-33.000000
-45.000000
-61.000000
-50.000000
-48.000000
-39.000000
-26.000000
-30.000000
-29.000000
-20.000000
-15.000000
-5.000000
0.000000
3.000000
5.000000
5.000000
7.000000
0.000000
-10.000000
-14.000000
-22.000000
-28.000000
-32.000000
-49.000000
-56.000000
-44.000000
-57.000000
-62.000000
-56.000000
-50.000000
-41.000000
-42.000000
-24.000000
-24.000000
-11.000000
0.000000
19.000000
35.000000
46.000000
54.000000
66.000000
89.000000
96.000000
104.000000
119.000000
136.000000
143.000000
151.000000
156.000000
164.000000
169.000000
170.000000
174.000000
175.000000
180.000000
180.000000
182.000000
175.000000
162.000000
156.000000
140.000000
140.000000
121.000000
108.000000
100.000000
88.000000
75.000000
57.000000
49.000000
32.000000
27.000000
23.000000
22.000000
13.000000
17.000000
15.000000
12.000000
8.000000
-7.000000
-9.000000
-15.000000
-21.000000
-33.000000
-40.000000
-45.000000
-63.000000
-63.000000
-70.000000
-91.000000
-101.000000
-107.000000
-106.000000
-108.000000
-118.000000
-122.000000
-112.000000
-123.000000
-120.000000
-113.000000
-105.000000
-89.000000
-94.000000
-75.000000
-65.000000
-55.000000
-46.000000
-35.000000
-23.000000
-9.000000
5.000000
15.000000
19.000000
17.000000
10.000000
-4.000000
2.000000
-2.000000
-6.000000
-9.000000
-29.000000
-41.000000
-55.000000
-68.000000
-73.000000
-71.000000
-78.000000
-95.000000
-99.000000
-96.000000
-112.000000
-108.000000
-96.000000
-100.000000
-83.000000
-77.000000
-76.000000
-66.000000
-53.000000
-56.000000
-47.000000
-37.000000
-24.000000
-3.000000
-8.000000
1.000000
13.000000
10.000000
11.000000
7.000000
3.000000
14.000000
11.000000
10.000000
11.000000
10.000000
12.000000
6.000000
9.000000
10.000000
13.000000
2.000000
17.000000
32.000000
43.000000
54.000000
78.000000
96.000000
107.000000
122.000000
142.000000
173.000000
186.000000
223.000000
239.000000
242.000000
257.000000
271.000000
279.000000
279.000000
276.000000
280.000000
268.000000
246.000000
229.000000
201.000000
181.000000
159.000000
138.000000
114.000000
88.000000
75.000000
43.000000
19.000000
-2.000000
-21.000000
-44.000000
-54.000000
-60.000000
-69.000000
-73.000000
-84.000000
-88.000000
-96.000000
-98.000000
-101.000000
-104.000000
-112.000000
-114.000000
-122.000000
-139.000000
-145.000000
-158.000000
-160.000000
-170.000000
-175.000000
-173.000000
-174.000000
-177.000000
-179.000000
-171.000000
-169.000000
-158.000000
-150.000000
-140.000000
-129.000000
-120.000000
-101.000000
-80.000000
-69.000000
-61.000000
-59.000000
-49.000000
-45.000000
-44.000000
-38.000000
-39.000000
-36.000000
-40.000000
-44.000000
-53.000000
-56.000000
-70.000000
-78.000000
-87.000000
-101.000000
-105.000000
-127.000000
-134.000000
-139.000000
-153.000000
-157.000000
-155.000000
-161.000000
-165.000000
-157.000000
-155.000000
-151.000000
-135.000000
-122.000000
-92.000000
-63.000000
-47.000000
-31.000000
1.000000
30.000000
52.000000
72.000000
101.000000
133.000000
157.000000
176.000000
189.000000
211.000000
229.000000
235.000000
244.000000
254.000000
255.000000
257.000000
261.000000
259.000000
263.000000
260.000000
254.000000
258.000000
257.000000
250.000000
243.000000
250.000000
246.000000
241.000000
247.000000
258.000000
259.000000
252.000000
237.000000
220.000000
212.000000
195.000000
181.000000
158.000000
136.000000
103.000000
69.000000
34.000000
-3.000000
-34.000000
-75.000000
-110.000000
-150.000000
-185.000000
-205.000000
-223.000000
-239.000000
-255.000000
-254.000000
-243.000000
-238.000000
-224.000000
-201.000000
-177.000000
-160.000000
-130.000000
-99.000000
-70.000000
-48.000000
-37.000000
-15.000000
0.000000
20.000000
28.000000
25.000000
26.000000
15.000000
2.000000
-7.000000
-24.000000
-35.000000
-58.000000
-76.000000
-94.000000
-116.000000
-124.000000
-149.000000
-161.000000
-167.000000
-175.000000
-186.000000
-183.000000
-177.000000
-170.000000
-167.000000
-165.000000
-142.000000
-131.000000
-124.000000
-105.000000
-91.000000
-81.000000
-77.000000
-71.000000
-56.000000
-43.000000
-36.000000
-34.000000
-24.000000
-25.000000
-30.000000
-36.000000
-40.000000
-42.000000
-47.000000
-46.000000
-55.000000
-59.000000
-70.000000
-79.000000
-74.000000
-80.000000
-69.000000
-38.000000
-19.000000
5.000000
33.000000
55.000000
94.000000
133.000000
167.000000
206.000000
241.000000
271.000000
296.000000
328.000000
356.000000
374.000000
374.000000
370.000000
369.000000
354.000000
330.000000
296.000000
262.000000
230.000000
198.000000
165.000000
125.000000
87.000000
52.000000
16.000000
3.000000
-14.000000
-35.000000
-48.000000
-62.000000
-63.000000
-61.000000
-37.000000
-27.000000
-19.000000
-3.000000
10.000000
30.000000
39.000000
37.000000
47.000000
44.000000
45.000000
44.000000
41.000000
33.000000
10.000000
7.000000
-7.000000
-20.000000
-27.000000
-46.000000
-59.000000
-94.000000
-121.000000
-143.000000
-164.000000
-165.000000
-158.000000
-153.000000
-157.000000
-138.000000
-145.000000
-145.000000
-140.000000
-132.000000
-111.000000
-98.000000
-79.000000
-75.000000
-88.000000
-80.000000
-79.000000
-78.000000
-76.000000
-84.000000
-99.000000
-108.000000
-114.000000
-131.000000
-138.000000
-158.000000
-145.000000
-137.000000
-125.000000
-123.000000
-140.000000
-160.000000
-175.000000
-153.000000
-138.000000
-122.000000
-112.000000
-104.000000
-110.000000
-119.000000
-113.000000
-115.000000
-115.000000
-106.000000
-95.000000
-79.000000
-53.000000
-30.000000
-12.000000
3.000000
9.000000
15.000000
20.000000
35.000000
63.000000
80.000000
91.000000
99.000000
99.000000
114.000000
112.000000
111.000000
91.000000
72.000000
72.000000
81.000000
107.000000
124.000000
143.000000
142.000000
152.000000
149.000000
148.000000
175.000000
180.000000
201.000000
210.000000
225.000000
234.000000
212.000000
229.000000
222.000000
233.000000
237.000000
244.000000
243.000000
207.000000
191.000000
164.000000
167.000000
178.000000
185.000000
189.000000
180.000000
186.000000
179.000000
177.000000
173.000000
174.000000
179.000000
165.000000
157.000000
128.000000
106.000000
87.000000
76.000000
72.000000
53.000000
48.000000
20.000000
21.000000
15.000000
-31.000000
-67.000000
-128.000000
-136.000000
-132.000000
-117.000000
-122.000000
-152.000000
-192.000000
-229.000000
-212.000000
-191.000000
-158.000000
-158.000000
-176.000000
-198.000000
-211.000000
-197.000000
-180.000000
-147.000000
-144.000000
-154.000000
-164.000000
-188.000000
-182.000000
-185.000000
-167.000000
-143.000000
-132.000000
-136.000000
-171.000000
-192.000000
-211.000000
-200.000000
-176.000000
-147.000000
-138.000000
-138.000000
-112.000000
-87.000000
-71.000000
-78.000000
-115.000000
-154.000000
-165.000000
-124.000000
-79.000000
-76.000000
-115.000000
-197.000000
-273.000000
-294.000000
-267.000000
-208.000000
-142.000000
-121.000000
-169.000000
-256.000000
-289.000000
-235.000000
-100.000000
30.000000
-24.000000
-258.000000
-499.000000
-440.000000
-4.000000
561.000000
889.000000
680.000000
187.000000
-226.000000
-202.000000
239.000000
704.000000
865.000000
576.000000
169.000000
22.000000
266.000000
672.000000
885.000000
779.000000
464.000000
279.000000
264.000000
398.000000
504.000000
451.000000
327.000000
153.000000
111.000000
142.000000
202.000000
181.000000
134.000000
108.000000
88.000000
59.000000
-34.000000
-71.000000
-124.000000
-139.000000
-149.000000
-174.000000
-124.000000
-116.000000
-41.000000
-22.000000
-112.000000
-220.000000
-351.000000
-238.000000
14.000000
277.000000
336.000000
188.000000
27.000000
-31.000000
106.000000
221.000000
249.000000
115.000000
-75.000000
-141.000000
-146.000000
-34.000000
-89.000000
-177.000000
-223.000000
-289.000000
-322.000000
-608.000000
-791.000000
-813.000000
-544.000000
-184.000000
-136.000000
-249.000000
-508.000000
-475.000000
-195.000000
192.000000
419.000000
296.000000
160.000000
122.000000
421.000000
661.000000
621.000000
355.000000
77.000000
206.000000
456.000000
698.000000
605.000000
304.000000
78.000000
-64.000000
35.000000
1.000000
-64.000000
-228.000000
-334.000000
-241.000000
-185.000000
-104.000000
-211.000000
-259.000000
-293.000000
-315.000000
-318.000000
-389.000000
-320.000000
-313.000000
-259.000000
-313.000000
-386.000000
-376.000000
-389.000000
-275.000000
-257.000000
-224.000000
-248.000000
-290.000000
-248.000000
-221.000000
-106.000000
-63.000000
1.000000
-24.000000
-70.000000
-102.000000
-99.000000
86.000000
202.000000
258.000000
148.000000
30.000000
36.000000
86.000000
189.000000
152.000000
79.000000
-12.000000
-1.000000
108.000000
179.000000
202.000000
82.000000
66.000000
109.000000
214.000000
285.000000
208.000000
186.000000
185.000000
282.000000
328.000000
328.000000
280.000000
219.000000
275.000000
331.000000
461.000000
524.000000
537.000000
547.000000
533.000000
557.000000
528.000000
542.000000
595.000000
714.000000
799.000000
802.000000
791.000000
787.000000
883.000000
937.000000
966.000000
987.000000
1022.000000
1126.000000
1207.000000
1268.000000
1255.000000
1204.000000
1154.000000
1150.000000
1171.000000
1106.000000
975.000000
793.000000
712.000000
688.000000
632.000000
468.000000
47.000000
-564.000000
-1346.000000
-2065.000000
-2629.000000
-2961.000000
-3145.000000
-3346.000000
-3516.000000
-3664.000000
-3620.000000
-3458.000000
-3252.000000
-3099.000000
-3135.000000
-3182.000000
-3110.000000
-2746.000000
-2170.000000
-1587.000000
-1106.000000
-754.000000
-329.000000
129.000000
611.000000
988.000000
1177.000000
1318.000000
1348.000000
1300.000000
937.000000
257.000000
-539.000000
-1097.000000
-1042.000000
-595.000000
-97.000000
-38.000000
-372.000000
-774.000000
-986.000000
-870.000000
-732.000000
-658.000000
-719.000000
-669.000000
-286.000000
305.000000
911.000000
1129.000000
1027.000000
734.000000
597.000000
793.000000
1197.000000
1750.000000
2152.000000
2360.000000
2289.000000
2126.000000
2056.000000
2098.000000
2257.000000
2328.000000
2393.000000
2453.000000
2662.000000
2995.000000
3273.000000
3382.000000
3129.000000
2746.000000
2402.000000
2295.000000
2391.000000
2439.000000
2383.000000
2070.000000
1660.000000
1172.000000
688.000000
297.000000
-60.000000
-243.000000
-389.000000
-369.000000
-290.000000
-193.000000
-100.000000
-145.000000
-182.000000
-281.000000
-257.000000
-148.000000
67.000000
323.000000
440.000000
496.000000
457.000000
429.000000
301.000000
22.000000
-404.000000
-937.000000
-1412.000000
-1855.000000
-2269.000000
-2747.000000
-3238.000000
-3675.000000
-3946.000000
-4097.000000
-4333.000000
-4723.000000
-5175.000000
-5308.000000
-4948.000000
-4226.000000
-3628.000000
-3501.000000
-3726.000000
-3915.000000
-3514.000000
-2522.000000
-1351.000000
-531.000000
-344.000000
-458.000000
-370.000000
146.000000
877.000000
1405.000000
1492.000000
1283.000000
1108.000000
1212.000000
1591.000000
1958.000000
2113.000000
1902.000000
1467.000000
1002.000000
696.000000
626.000000
701.000000
778.000000
603.000000
234.000000
-183.000000
-324.000000
-68.000000
355.000000
664.000000
629.000000
441.000000
319.000000
517.000000
909.000000
1215.000000
1310.000000
1153.000000
1093.000000
1220.000000
1551.000000
1860.000000
1902.000000
1772.000000
1516.000000
1369.000000
1306.000000
1341.000000
1383.000000
1349.000000
1317.000000
1203.000000
1132.000000
1026.000000
959.000000
919.000000
853.000000
831.000000
696.000000
536.000000
356.000000
232.000000
172.000000
90.000000
-41.000000
-274.000000
-483.000000
-639.000000
-621.000000
-545.000000
-550.000000
-682.000000
-953.000000
-1136.000000
-1174.000000
-986.000000
-737.000000
-550.000000
-465.000000
-473.000000
-440.000000
-410.000000
-335.000000
-320.000000
-325.000000
-326.000000
-335.000000
-301.000000
-279.000000
-215.000000
-143.000000
-12.000000
86.000000
155.000000
215.000000
260.000000
407.000000
549.000000
729.000000
837.000000
928.000000
1080.000000
1295.000000
1580.000000
1685.000000
1625.000000
1423.000000
1370.000000
1592.000000
1970.000000
2322.000000
2313.000000
2183.000000
2105.000000
2269.000000
2353.000000
1614.000000
-219.000000
-2802.000000
-4707.000000
-4841.000000
-3082.000000
-750.000000
317.000000
-572.000000
-2820.000000
-4589.000000
-4922.000000
-4099.000000
-3536.000000
-4334.000000
-5982.000000
-7070.000000
-6064.000000
-3229.000000
-127.000000
1488.000000
976.000000
-515.000000
-1532.000000
-1021.000000
448.000000
1771.000000
2125.000000
1604.000000
1218.000000
1469.000000
2387.000000
3121.000000
3039.000000
2120.000000
824.000000
-107.000000
-596.000000
-685.000000
-740.000000
-803.000000
-797.000000
-774.000000
-788.000000
-1215.000000
-1911.000000
-2605.000000
-2923.000000
-2779.000000
-2521.000000
-2361.000000
-2408.000000
-2191.000000
-1451.000000
-311.000000
750.000000
1114.000000
832.000000
407.000000
545.000000
1455.000000
2696.000000
3672.000000
3976.000000
3902.000000
3915.000000
4329.000000
4974.000000
5353.000000
5139.000000
4342.000000
3414.000000
2735.000000
2451.000000
2394.000000
2283.000000
1975.000000
1432.000000
806.000000
252.000000
-150.000000
-374.000000
-538.000000
-727.000000
-1023.000000
-1418.000000
-1764.000000
-1965.000000
-1944.000000
-1768.000000
-1549.000000
-1373.000000
-1202.000000
-830.000000
-222.000000
523.000000
1091.000000
1184.000000
801.000000
205.000000
-171.000000
-137.000000
234.000000
626.000000
779.000000
717.000000
586.000000
556.000000
526.000000
304.000000
-217.000000
-877.000000
-1393.000000
-1564.000000
-1442.000000
-1269.000000
-1273.000000
-1474.000000
-1752.000000
-1919.000000
-1904.000000
-1788.000000
-1655.000000
-1524.000000
-1247.000000
-783.000000
-209.000000
350.000000
724.000000
915.000000
962.000000
1040.000000
1167.000000
1305.000000
1422.000000
1446.000000
1522.000000
1656.000000
1816.000000
1760.000000
1249.000000
343.000000
-670.000000
-1194.000000
-1021.000000
-295.000000
360.000000
374.000000
-219.000000
-1046.000000
-1456.000000
-1350.000000
-1096.000000
-1270.000000
-2092.000000
-3079.000000
-3593.000000
-3133.000000
-2031.000000
-992.000000
-638.000000
-1025.000000
-1589.000000
-1810.000000
-1416.000000
-848.000000
-540.000000
-652.000000
-959.000000
-929.000000
-433.000000
392.000000
1006.000000
1101.000000
738.000000
295.000000
172.000000
302.000000
526.000000
499.000000
282.000000
103.000000
142.000000
430.000000
623.000000
542.000000
150.000000
-261.000000
-429.000000
-329.000000
-114.000000
-87.000000
-196.000000
-309.000000
-151.000000
320.000000
869.000000
1181.000000
1006.000000
501.000000
-60.000000
-328.000000
-239.000000
36.000000
273.000000
321.000000
385.000000
607.000000
1099.000000
1605.000000
1855.000000
1675.000000
1241.000000
955.000000
985.000000
1341.000000
1663.000000
1763.000000
1702.000000
1700.000000
1951.000000
2272.000000
2416.000000
2081.000000
1419.000000
694.000000
212.000000
94.000000
129.000000
225.000000
286.000000
403.000000
535.000000
553.000000
350.000000
-131.000000
-665.000000
-1104.000000
-1234.000000
-1174.000000
-1016.000000
-912.000000
-881.000000
-763.000000
-600.000000
-397.000000
-358.000000
-503.000000
-724.000000
-855.000000
-708.000000
-441.000000
-156.000000
-105.000000
-251.000000
-421.000000
-468.000000
-370.000000
-350.000000
-483.000000
-768.000000
-931.000000
-934.000000
-815.000000
-685.000000
-695.000000
-723.000000
-754.000000
-640.000000
-492.000000
-423.000000
-393.000000
-371.000000
-174.000000
139.000000
517.000000
804.000000
1007.000000
1225.000000
1449.000000
1697.000000
1854.000000
1978.000000
2030.000000
2111.000000
2314.000000
2497.000000
2495.000000
1859.000000
478.000000
-1379.000000
-2945.000000
-3386.000000
-2523.000000
-898.000000
250.000000
170.000000
-984.000000
-2180.000000
-2489.000000
-2033.000000
-1727.000000
-2533.000000
-4231.000000
-5603.000000
-5288.000000
-3073.000000
-213.000000
1679.000000
1672.000000
512.000000
-416.000000
-177.000000
915.000000
1704.000000
1455.000000
426.000000
-231.000000
311.000000
1854.000000
3347.000000
3725.000000
2833.000000
1403.000000
400.000000
130.000000
210.000000
5.000000
-625.000000
-1242.000000
-1382.000000
-939.000000
-375.000000
-193.000000
-574.000000
-1254.000000
-1820.000000
-2145.000000
-2294.000000
-2405.000000
-2374.000000
-1953.000000
-1134.000000
-184.000000
446.000000
572.000000
406.000000
347.000000
521.000000
730.000000
687.000000
365.000000
126.000000
351.000000
1155.000000
2178.000000
2829.000000
2844.000000
2396.000000
1971.000000
1802.000000
1816.000000
1722.000000
1335.000000
816.000000
450.000000
437.000000
574.000000
489.000000
-41.000000
-882.000000
-1533.000000
-1691.000000
-1293.000000
-743.000000
-384.000000
-348.000000
-497.000000
-529.000000
-378.000000
-145.000000
-21.000000
-26.000000
30.000000
303.000000
843.000000
1330.000000
1572.000000
1458.000000
1142.000000
874.000000
696.000000
659.000000
603.000000
636.000000
755.000000
933.000000
1072.000000
852.000000
347.000000
-336.000000
-826.000000
-966.000000
-870.000000
-628.000000
-467.000000
-198.000000
81.000000
418.000000
586.000000
440.000000
132.000000
-244.000000
-262.000000
9.000000
589.000000
1177.000000
1573.000000
1921.000000
2133.000000
2596.000000
2989.000000
3336.000000
3344.000000
3169.000000
3388.000000
3969.000000
4746.000000
4037.000000
1086.000000
-3886.000000
-8588.000000
-10189.000000
-8155.000000
-3838.000000
-1118.000000
-1418.000000
-4141.000000
-6074.000000
-5260.000000
-2893.000000
-1677.000000
-3996.000000
-8228.000000
-11073.000000
-9553.000000
-4079.000000
1737.000000
5096.000000
4830.000000
3482.000000
2890.000000
3946.000000
5074.000000
4661.000000
2801.000000
462.000000
-470.000000
-61.000000
1150.000000
2045.000000
2085.000000
1621.000000
419.000000
-997.000000
-2989.000000
-4633.000000
-5393.000000
-4906.000000
-3468.000000
-2286.000000
-1566.000000
-1359.000000
-635.000000
724.000000
2030.000000
2341.000000
889.000000
-1085.000000
-2516.000000
-1993.000000
-201.000000
1731.000000
2745.000000
2550.000000
2231.000000
2091.000000
2505.000000
2531.000000
1834.000000
567.000000
-669.000000
-901.000000
-369.000000
937.000000
2145.000000
3132.000000
3703.000000
3814.000000
3667.000000
3078.000000
2520.000000
1876.000000
1459.000000
1040.000000
579.000000
293.000000
218.000000
602.000000
736.000000
254.000000
-1231.000000
-3123.000000
-4443.000000
-4534.000000
-3361.000000
-1897.000000
-827.000000
-463.000000
-312.000000
250.000000
1223.000000
2306.000000
2718.000000
2400.000000
1674.000000
1177.000000
1313.000000
1806.000000
2240.000000
1997.000000
1159.000000
76.000000
-731.000000
-859.000000
-600.000000
-253.000000
-380.000000
-971.000000
-1739.000000
-2262.000000
-2124.000000
-1645.000000
-1046.000000
-808.000000
-772.000000
-562.000000
49.000000
1170.000000
2081.000000
2513.000000
2221.000000
1736.000000
1601.000000
1867.000000
2543.000000
2909.000000
3113.000000
3037.000000
2897.000000
2787.000000
2385.000000
2038.000000
1481.000000
1248.000000
1171.000000
1351.000000
1927.000000
2044.000000
1473.000000
-1403.000000
-5708.000000
-10389.000000
-12588.000000
-11002.000000
-6880.000000
-2461.000000
-812.000000
-1158.000000
-2151.000000
-1612.000000
26.000000
426.000000
-1386.000000
-5499.000000
-8379.000000
-8474.000000
-5098.000000
-397.000000
3235.000000
5313.000000
5583.000000
5709.000000
5165.000000
4250.000000
2513.000000
251.000000
-1584.000000
-3191.000000
-3707.000000
-3765.000000
-2758.000000
-1160.000000
357.000000
1110.000000
2.000000
-1985.000000
-4257.000000
-5205.000000
-4687.000000
-3358.000000
-1812.000000
-907.000000
273.000000
1722.000000
3760.000000
5370.000000
5522.000000
4205.000000
1610.000000
-462.000000
-1702.000000
-1578.000000
-830.000000
-9.000000
823.000000
1203.000000
1654.000000
1627.000000
1555.000000
1207.000000
678.000000
159.000000
-585.000000
-683.000000
-171.000000
1593.000000
3836.000000
5862.000000
7021.000000
6971.000000
6512.000000
5619.000000
4802.000000
3469.000000
1741.000000
-93.000000
-1613.000000
-2124.000000
-2241.000000
-2053.000000
-2468.000000
-3171.000000
-3953.000000
-4352.000000
-4069.000000
-3528.000000
-2641.000000
-1815.000000
-748.000000
483.000000
1805.000000
3045.000000
3673.000000
3834.000000
3301.000000
2565.000000
1707.000000
915.000000
413.000000
-54.000000
-288.000000
-719.000000
-1150.000000
-1628.000000
-1984.000000
-2013.000000
-1990.000000
-1791.000000
-1796.000000
-1688.000000
-1482.000000
-1065.000000
-434.000000
24.000000
406.000000
499.000000
695.000000
1015.000000
1497.000000
2004.000000
2186.000000
2116.000000
1722.000000
1384.000000
1195.000000
1215.000000
1378.000000
1369.000000
1303.000000
1153.000000
1229.000000
1591.000000
2182.000000
2839.000000
3318.000000
3755.000000
4249.000000
4617.000000
4176.000000
1834.000000
-2541.000000
-7711.000000
-11340.000000
-11401.000000
-8510.000000
-4490.000000
-2331.000000
-2232.000000
-3112.000000
-2910.000000
-1430.000000
-466.000000
-1441.000000
-4581.000000
-7462.000000
-8005.000000
-5560.000000
-1334.000000
2413.000000
5142.000000
6406.000000
7130.000000
6901.000000
5714.000000
3651.000000
1086.000000
-1032.000000
-3042.000000
-4466.000000
-5515.000000
-5439.000000
-3911.000000
-1717.000000
267.000000
462.000000
-679.000000
-2538.000000
-3658.000000
-3585.000000
-2806.000000
-1760.000000
-1120.000000
-233.000000
1064.000000
2983.000000
4913.000000
5749.000000
5256.000000
3216.000000
758.000000
-1546.000000
-2992.000000
-3503.000000
-3377.000000
-2533.000000
-1602.000000
-413.000000
427.000000
1100.000000
1530.000000
1708.000000
1745.000000
1345.000000
1049.000000
1006.000000
1898.000000
3606.000000
5544.000000
7126.000000
7654.000000
7486.000000
6609.000000
5373.000000
3612.000000
1223.000000
-1243.000000
-3387.000000
-4263.000000
-4073.000000
-3065.000000
-2207.000000
-1970.000000
-2259.000000
-2732.000000
-2715.000000
-2234.000000
-1319.000000
-400.000000
334.000000
1105.000000
1927.000000
3006.000000
3860.000000
4259.000000
3904.000000
2860.000000
1601.000000
325.000000
-443.000000
-898.000000
-1019.000000
-1152.000000
-1362.000000
-1575.000000
-1751.000000
-1632.000000
-1430.000000
-1190.000000
-1196.000000
-1388.000000
-1581.000000
-1499.000000
-1032.000000
-384.000000
182.000000
394.000000
447.000000
480.000000
813.000000
1240.000000
1640.000000
1701.000000
1442.000000
1141.000000
898.000000
1044.000000
1210.000000
1491.000000
1493.000000
1315.000000
1149.000000
1030.000000
1534.000000
2152.000000
3170.000000
3917.000000
4652.000000
5281.000000
5190.000000
4000.000000
153.000000
-5040.000000
-10604.000000
-13224.000000
-12272.000000
-8666.000000
-4781.000000
-3057.000000
-2480.000000
-2267.000000
-548.000000
1310.000000
1566.000000
-553.000000
-4396.000000
-6738.000000
-6811.000000
-3932.000000
-354.000000
2834.000000
5200.000000
6517.000000
7559.000000
7089.000000
5771.000000
3127.000000
216.000000
-2545.000000
-5160.000000
-6857.000000
-7838.000000
-6901.000000
-4681.000000
-1736.000000
599.000000
1273.000000
862.000000
-401.000000
-1126.000000
-1471.000000
-1371.000000
-1061.000000
-727.000000
386.000000
1973.000000
4232.000000
5965.000000
6488.000000
5450.000000
2845.000000
-65.000000
-3042.000000
-5015.000000
-6173.000000
-6201.000000
-5180.000000
-3617.000000
-1532.000000
127.000000
1728.000000
2734.000000
3417.000000
3506.000000
2888.000000
2213.000000
1728.000000
2444.000000
3901.000000
5784.000000
7149.000000
7550.000000
7188.000000
5953.000000
4400.000000
2047.000000
-617.000000
-3421.000000
-5567.000000
-6463.000000
-6202.000000
-4916.000000
-3533.000000
-2165.000000
-1160.000000
-318.000000
431.000000
922.000000
1232.000000
1135.000000
1100.000000
1248.000000
1776.000000
2604.000000
3273.000000
3691.000000
3396.000000
2734.000000
1616.000000
443.000000
-649.000000
-1562.000000
-2085.000000
-2439.000000
-2410.000000
-2266.000000
-1846.000000
-1309.000000
-801.000000
-409.000000
-346.000000
-395.000000
-501.000000
-380.000000
-21.000000
418.000000
814.000000
979.000000
1077.000000
1231.000000
1475.000000
1840.000000
1927.000000
1854.000000
1449.000000
1082.000000
895.000000
863.000000
992.000000
908.000000
883.000000
949.000000
1389.000000
2364.000000
3277.000000
4345.000000
4889.000000
5621.000000
6019.000000
5523.000000
3164.000000
-2227.000000
-8582.000000
-14477.000000
-16068.000000
-13993.000000
-9201.000000
-4927.000000
-2760.000000
-1619.000000
-781.000000
1421.000000
2833.000000
2502.000000
-331.000000
-4314.000000
-6531.000000
-6616.000000
-3764.000000
-451.000000
3014.000000
5590.000000
7110.000000
7758.000000
6405.000000
4389.000000
1201.000000
-1527.000000
-4224.000000
-6696.000000
-8382.000000
-9165.000000
-7553.000000
-4631.000000
-757.000000
2080.000000
3238.000000
2978.000000
1684.000000
688.000000
-162.000000
-401.000000
-402.000000
-297.000000
401.000000
1311.000000
2978.000000
4328.000000
5032.000000
4275.000000
1936.000000
-1060.000000
-4298.000000
-6339.000000
-7304.000000
-6679.000000
-4930.000000
-2492.000000
348.000000
2718.000000
4772.000000
5891.000000
6360.000000
6019.000000
4939.000000
3668.000000
2351.000000
2098.000000
2706.000000
4202.000000
5649.000000
6169.000000
5649.000000
3860.000000
1770.000000
-722.000000
-3002.000000
-5106.000000
-6640.000000
-7011.000000
-6230.000000
-4131.000000
-1711.000000
580.000000
2121.000000
2819.000000
2949.000000
2409.000000
1624.000000
561.000000
-199.000000
-383.000000
53.000000
1141.000000
2100.000000
2920.000000
2925.000000
2504.000000
1543.000000
330.000000
-864.000000
-2056.000000
-2737.000000
-3128.000000
-2874.000000
-2274.000000
-1383.000000
-469.000000
175.000000
559.000000
561.000000
482.000000
422.000000
450.000000
634.000000
702.000000
829.000000
890.000000
1071.000000
1391.000000
1619.000000
1728.000000
1304.000000
707.000000
-1.000000
-438.000000
-395.000000
-121.000000
541.000000
1242.000000
2136.000000
3141.000000
3970.000000
5043.000000
5714.000000
6665.000000
6515.000000
4993.000000
879.000000
-5422.000000
-11507.000000
-15594.000000
-14891.000000
-11475.000000
-6238.000000
-2479.000000
-345.000000
683.000000
1177.000000
2180.000000
1894.000000
525.000000
-2600.000000
-5752.000000
-7158.000000
-6406.000000
-2850.000000
1031.000000
4976.000000
6986.000000
7406.000000
6417.000000
4090.000000
1828.000000
-1095.000000
-3237.000000
-5521.000000
-6985.000000
-7610.000000
-7051.000000
-4762.000000
-1947.000000
1126.000000
2708.000000
2997.000000
2147.000000
937.000000
250.000000
-102.000000
285.000000
816.000000
1530.000000
2255.000000
2670.000000
3043.000000
2654.000000
1955.000000
395.000000
-1538.000000
-3709.000000
-5660.000000
-6497.000000
-6229.000000
-4360.000000
-1888.000000
941.000000
3338.000000
5028.000000
6007.000000
5937.000000
5457.000000
4393.000000
3549.000000
2765.000000
2326.000000
2330.000000
2557.000000
3376.000000
3946.000000
4369.000000
3544.000000
1803.000000
-776.000000
-3344.000000
-4999.000000
-5783.000000
-5188.000000
-4068.000000
-2103.000000
-214.000000
1460.000000
2482.000000
2612.000000
2273.000000
1276.000000
445.000000
-295.000000
-527.000000
-358.000000
60.000000
874.000000
1657.000000
2514.000000
2810.000000
2492.000000
1546.000000
112.000000
-1122.000000
-2212.000000
-2654.000000
-2892.000000
-2823.000000
-2502.000000
-1914.000000
-821.000000
177.000000
1087.000000
1440.000000
1508.000000
1424.000000
1323.000000
1369.000000
1270.000000
1119.000000
737.000000
423.000000
289.000000
250.000000
291.000000
116.000000
-8.000000
-262.000000
-274.000000
-143.000000
362.000000
1186.000000
2251.000000
3762.000000
5108.000000
6584.000000
7151.000000
7486.000000
6565.000000
4425.000000
-88.000000
-6711.000000
-12895.000000
-16502.000000
-14709.000000
-10036.000000
-3861.000000
418.000000
2806.000000
3574.000000
3000.000000
2295.000000
459.000000
-1560.000000
-4479.000000
-7012.000000
-7856.000000
-6578.000000
-2547.000000
1793.000000
6009.000000
8007.000000
7885.000000
5760.000000
2187.000000
-843.000000
-3596.000000
-4831.000000
-5759.000000
-5774.000000
-5109.000000
-3876.000000
-1909.000000
-173.000000
1650.000000
2318.000000
1860.000000
214.000000
-1760.000000
-2750.000000
-2631.000000
-1233.000000
524.000000
2158.000000
3345.000000
3526.000000
3036.000000
1484.000000
-329.000000
-2401.000000
-4133.000000
-5292.000000
-5823.000000
-5186.000000
-3776.000000
-1220.000000
1491.000000
4024.000000
5647.000000
6199.000000
6045.000000
5095.000000
4119.000000
2958.000000
2349.000000
2150.000000
2392.000000
2875.000000
3230.000000
3593.000000
3492.000000
2930.000000
1437.000000
-826.000000
-3230.000000
-5012.000000
-5350.000000
-4438.000000
-2543.000000
-451.000000
1376.000000
2565.000000
2900.000000
2599.000000
1748.000000
773.000000
-257.000000
-1015.000000
-1315.000000
-1010.000000
-166.000000
871.000000
1846.000000
2394.000000
2464.000000
1911.000000
984.000000
2.000000
-755.000000
-1128.000000
-1360.000000
-1521.000000
-1808.000000
-1942.000000
-1795.000000
-1177.000000
-355.000000
419.000000
984.000000
1356.000000
1686.000000
1946.000000
2107.000000
2046.000000
1735.000000
1158.000000
414.000000
-228.000000
-620.000000
-591.000000
-362.000000
-64.000000
49.000000
-118.000000
-123.000000
75.000000
984.000000
1976.000000
3174.000000
4205.000000
5167.000000
6141.000000
6580.000000
6935.000000
5779.000000
3108.000000
-2656.000000
-9588.000000
-15177.000000
-16505.000000
-12858.000000
-7111.000000
-1014.000000
2779.000000
4702.000000
4392.000000
2680.000000
785.000000
-1392.000000
-3328.000000
-5974.000000
-7875.000000
-7804.000000
-5178.000000
-491.000000
3776.000000
7181.000000
8030.000000
6777.000000
3453.000000
-528.000000
-3376.000000
-5101.000000
-5351.000000
-5277.000000
-4169.000000
-2658.000000
-1157.000000
-117.000000
358.000000
970.000000
1036.000000
374.000000
-1188.000000
-2587.000000
-2610.000000
-1510.000000
332.000000
1746.000000
2715.000000
3013.000000
2314.000000
812.000000
-1549.000000
-3537.000000
-4974.000000
-5261.000000
-4816.000000
-3905.000000
-2479.000000
-826.000000
1289.000000
3017.000000
4373.000000
4985.000000
5094.000000
4834.000000
4070.000000
3411.000000
2890.000000
3080.000000
3542.000000
3971.000000
4022.000000
3596.000000
2893.000000
1705.000000
-76.000000
-2055.000000
-3787.000000
-4388.000000
-3923.000000
-2472.000000
-519.000000
1293.000000
2762.000000
3256.000000
3008.000000
1932.000000
606.000000
-474.000000
-1099.000000
-1071.000000
-705.000000
47.000000
902.000000
1743.000000
2422.000000
2553.000000
2272.000000
1435.000000
612.000000
-74.000000
-421.000000
-446.000000
-495.000000
-575.000000
-1106.000000
-1635.000000
-2018.000000
-1947.000000
-1458.000000
-803.000000
70.000000
1007.000000
1879.000000
2554.000000
2775.000000
2695.000000
2115.000000
1303.000000
353.000000
-510.000000
-1000.000000
-1237.000000
-964.000000
-524.000000
102.000000
572.000000
841.000000
1143.000000
1374.000000
1773.000000
2233.000000
3036.000000
4351.000000
5552.000000
6686.000000
6440.000000
4539.000000
-373.000000
-7343.000000
-13446.000000
-16171.000000
-13635.000000
-8786.000000
-2882.000000
1685.000000
4584.000000
5169.000000
3207.000000
788.000000
-1728.000000
-3617.000000
-5857.000000
-7730.000000
-7443.000000
-5080.000000
-990.000000
2636.000000
5891.000000
7821.000000
7374.000000
4275.000000
-557.000000
-3881.000000
-5457.000000
-5163.000000
-4548.000000
-3286.000000
-1455.000000
-108.000000
472.000000
69.000000
29.000000
2.000000
-369.000000
-1334.000000
-2200.000000
-1949.000000
-558.000000
1385.000000
3124.000000
3950.000000
3871.000000
2518.000000
338.000000
-2364.000000
-4719.000000
-6079.000000
-6225.000000
-5138.000000
-3569.000000
-1577.000000
155.000000
1857.000000
2946.000000
3621.000000
3891.000000
3894.000000
3913.000000
3712.000000
3800.000000
3950.000000
4314.000000
4742.000000
4967.000000
4912.000000
4025.000000
2513.000000
769.000000
-804.000000
-1842.000000
-2626.000000
-2782.000000
-2510.000000
-1764.000000
-829.000000
188.000000
1238.000000
1890.000000
1904.000000
1305.000000
481.000000
-139.000000
-376.000000
-266.000000
174.000000
707.000000
1181.000000
1347.000000
1468.000000
1488.000000
1549.000000
1263.000000
763.000000
141.000000
-473.000000
-913.000000
-1285.000000
-1355.000000
-1548.000000
-1843.000000
-2159.000000
-2134.000000
-1553.000000
-725.000000
266.000000
1232.000000
2040.000000
2471.000000
2416.000000
2065.000000
1430.000000
690.000000
-92.000000
-682.000000
-941.000000
-887.000000
-522.000000
-9.000000
440.000000
726.000000
829.000000
1041.000000
1307.000000
1660.000000
2276.000000
2985.000000
4157.000000
4775.000000
5529.000000
5310.000000
4004.000000
70.000000
-6354.000000
-12057.000000
-15004.000000
-12749.000000
-8376.000000
-2692.000000
1901.000000
4443.000000
4398.000000
1441.000000
-1166.000000
-3259.000000
-4185.000000
-5323.000000
-6054.000000
-4789.000000
-2555.000000
477.000000
2697.000000
5181.000000
6947.000000
6427.000000
3490.000000
-866.000000
-3438.000000
-4528.000000
-4158.000000
-3226.000000
-1475.000000
433.000000
652.000000
-696.000000
-2632.000000
-3474.000000
-3259.000000
-2717.000000
-1917.000000
-975.000000
105.000000
1224.000000
2269.000000
3688.000000
4449.000000
4378.000000
2852.000000
631.000000
-1825.000000
-3961.000000
-4959.000000
-4662.000000
-3024.000000
-1399.000000
-155.000000
169.000000
216.000000
-5.000000
-28.000000
474.000000
1412.000000
2673.000000
3476.000000
4256.000000
4675.000000
4929.000000
4754.000000
4296.000000
3939.000000
3316.000000
2582.000000
1664.000000
1147.000000
990.000000
906.000000
834.000000
472.000000
12.000000
-853.000000
-1555.000000
-1819.000000
-1460.000000
-746.000000
-194.000000
292.000000
442.000000
644.000000
724.000000
948.000000
1286.000000
1471.000000
1549.000000
1325.000000
1248.000000
1219.000000
1111.000000
807.000000
196.000000
-437.000000
-1123.000000
-1577.000000
-1828.000000
-1938.000000
-1918.000000
-1711.000000
-1128.000000
-520.000000
-65.000000
127.000000
268.000000
414.000000
325.000000
210.000000
49.000000
31.000000
18.000000
-10.000000
127.000000
159.000000
232.000000
201.000000
268.000000
476.000000
683.000000
1026.000000
1550.000000
2146.000000
2608.000000
2758.000000
2943.000000
3279.000000
3276.000000
3130.000000
2401.000000
1405.000000
-1374.000000
-5727.000000
-9699.000000
-11234.000000
-9119.000000
-5879.000000
-1915.000000
1133.000000
2708.000000
1625.000000
-1670.000000
-4068.000000
-5183.000000
-4886.000000
-4899.000000
-3995.000000
-1641.000000
820.000000
2516.000000
2841.000000
3962.000000
4805.000000
4449.000000
2356.000000
-130.000000
-991.000000
-1450.000000
-1315.000000
-1139.000000
131.000000
1361.000000
780.000000
-1216.000000
-3670.000000
-4783.000000
-5019.000000
-4409.000000
-2877.000000
-820.000000
1044.000000
1816.000000
2033.000000
2191.000000
2222.000000
1995.000000
1335.000000
703.000000
-221.000000
-1220.000000
-1951.000000
-1790.000000
-652.000000
524.000000
1376.000000
1261.000000
745.000000
-213.000000
-984.000000
-1121.000000
-554.000000
724.000000
1879.000000
2942.000000
3384.000000
3397.000000
2932.000000
2308.000000
1907.000000
1728.000000
1809.000000
1980.000000
2333.000000
2601.000000
2685.000000
2421.000000
1923.000000
1192.000000
217.000000
-623.000000
-1163.000000
-1124.000000
-828.000000
-353.000000
174.000000
625.000000
829.000000
585.000000
122.000000
-338.000000
-551.000000
-506.000000
-205.000000
410.000000
1102.000000
1660.000000
1722.000000
1386.000000
812.000000
177.000000
-323.000000
-812.000000
-1058.000000
-1238.000000
-1133.000000
-796.000000
-317.000000
128.000000
155.000000
-54.000000
-449.000000
-825.000000
-1160.000000
-1384.000000
-1257.000000
-779.000000
-218.000000
341.000000
662.000000
1018.000000
1213.000000
1268.000000
1319.000000
1354.000000
1687.000000
1794.000000
2025.000000
2161.000000
2492.000000
2772.000000
2679.000000
2720.000000
2448.000000
1780.000000
-710.000000
-4222.000000
-7219.000000
-8315.000000
-7283.000000
-5516.000000
-2723.000000
-238.000000
952.000000
-399.000000
-3077.000000
-4746.000000
-5356.000000
-5288.000000
-5244.000000
-3969.000000
-1733.000000
151.000000
1152.000000
1779.000000
2987.000000
3707.000000
3199.000000
2014.000000
1159.000000
1073.000000
784.000000
600.000000
999.000000
1947.000000
2461.000000
1569.000000
70.000000
-1533.000000
-2799.000000
-3823.000000
-4154.000000
-3161.000000
-1781.000000
-710.000000
-532.000000
-608.000000
-681.000000
-1130.000000
-1473.000000
-1659.000000
-1277.000000
-1149.000000
-1272.000000
-1171.000000
-615.000000
361.000000
1091.000000
1738.000000
2083.000000
2057.000000
1507.000000
882.000000
813.000000
1251.000000
1953.000000
2597.000000
3248.000000
3662.000000
3428.000000
2430.000000
1141.000000
246.000000
-84.000000
94.000000
654.000000
1453.000000
2252.000000
2587.000000
2489.000000
2015.000000
1360.000000
526.000000
-266.000000
-627.000000
-586.000000
-176.000000
281.000000
808.000000
1103.000000
1044.000000
666.000000
160.000000
-192.000000
-539.000000
-727.000000
-677.000000
-261.000000
401.000000
994.000000
1409.000000
1480.000000
1233.000000
698.000000
106.000000
-166.000000
-138.000000
76.000000
169.000000
296.000000
524.000000
766.000000
708.000000
388.000000
67.000000
-231.000000
-552.000000
-1035.000000
-1302.000000
-1433.000000
-1429.000000
-1401.000000
-1248.000000
-863.000000
-568.000000
-322.000000
-212.000000
26.000000
207.000000
359.000000
641.000000
1012.000000
1382.000000
1548.000000
1683.000000
1838.000000
1925.000000
1909.000000
1791.000000
1557.000000
990.000000
-319.000000
-1897.000000
-3312.000000
-3789.000000
-3563.000000
-2862.000000
-1761.000000
-810.000000
-297.000000
-998.000000
-2186.000000
-3357.000000
-4077.000000
-4326.000000
-4069.000000
-2979.000000
-1745.000000
-947.000000
-701.000000
-618.000000
-475.000000
-684.000000
-1081.000000
-1218.000000
-980.000000
-596.000000
-375.000000
163.000000
1002.000000
1768.000000
1953.000000
1531.000000
921.000000
262.000000
-318.000000
-708.000000
-698.000000
-276.000000
150.000000
470.000000
520.000000
422.000000
118.000000
-305.000000
-603.000000
-827.000000
-917.000000
-1048.000000
-877.000000
-432.000000
110.000000
441.000000
588.000000
717.000000
737.000000
603.000000
389.000000
369.000000
568.000000
998.000000
1462.000000
2010.000000
2248.000000
2145.000000
1740.000000
1237.000000
920.000000
646.000000
620.000000
728.000000
1147.000000
1628.000000
2057.000000
2337.000000
2338.000000
2209.000000
1813.000000
1441.000000
1106.000000
1056.000000
1106.000000
1238.000000
1407.000000
1465.000000
1425.000000
1078.000000
603.000000
39.000000
-478.000000
-983.000000
-1408.000000
-1598.000000
-1576.000000
-1408.000000
-1204.000000
-1042.000000
-802.000000
-563.000000
-416.000000
-413.000000
-562.000000
-557.000000
-420.000000
-78.000000
337.000000
809.000000
1211.000000
1407.000000
1342.000000
1048.000000
662.000000
210.000000
-228.000000
-623.000000
-870.000000
-1010.000000
-1071.000000
-1135.000000
-1201.000000
-1187.000000
-1239.000000
-1285.000000
-1415.000000
-1435.000000
-1366.000000
-1154.000000
-841.000000
-507.000000
-119.000000
87.000000
327.000000
351.000000
294.000000
147.000000
56.000000
171.000000
265.000000
530.000000
605.000000
702.000000
540.000000
276.000000
37.000000
-232.000000
-375.000000
-576.000000
-518.000000
-373.000000
-149.000000
-62.000000
-134.000000
-265.000000
-380.000000
-348.000000
-297.000000
-255.000000
-279.000000
-319.000000
-352.000000
-381.000000
-349.000000
-245.000000
-132.000000
-112.000000
-239.000000
-516.000000
-842.000000
-1129.000000
-1231.000000
-1155.000000
-915.000000
-583.000000
-253.000000
-8.000000
-3.000000
-91.000000
-290.000000
-429.000000
-549.000000
-665.000000
-714.000000
-718.000000
-514.000000
-279.000000
-131.000000
-204.000000
-315.000000
-367.000000
-301.000000
-201.000000
45.000000
363.000000
697.000000
1078.000000
1510.000000
2016.000000
2151.000000
1965.000000
1491.000000
1039.000000
543.000000
50.000000
-225.000000
-244.000000
-27.000000
115.000000
302.000000
462.000000
549.000000
439.000000
152.000000
-59.000000
-176.000000
-132.000000
-29.000000
206.000000
540.000000
867.000000
1096.000000
1150.000000
1212.000000
1136.000000
971.000000
652.000000
308.000000
47.000000
-150.000000
-137.000000
-14.000000
274.000000
513.000000
706.000000
808.000000
796.000000
666.000000
392.000000
194.000000
93.000000
124.000000
236.000000
376.000000
571.000000
726.000000
802.000000
804.000000
657.000000
480.000000
168.000000
-187.000000
-648.000000
-1104.000000
-1347.000000
-1430.000000
-1272.000000
-1142.000000
-976.000000
-927.000000
-951.000000
-971.000000
-1009.000000
-963.000000
-904.000000
-773.000000
-578.000000
-414.000000
-335.000000
-327.000000
-309.000000
-225.000000
-200.000000
-159.000000
-170.000000
-224.000000
-366.000000
-600.000000
-712.000000
-725.000000
-594.000000
-510.000000
-486.000000
-482.000000
-467.000000
-298.000000
-125.000000
84.000000
223.000000
306.000000
390.000000
374.000000
425.000000
569.000000
742.000000
802.000000
646.000000
490.000000
310.000000
160.000000
0.000000
-123.000000
-109.000000
-193.000000
-280.000000
-411.000000
-321.000000
-95.000000
47.000000
120.000000
98.000000
207.000000
276.000000
348.000000
403.000000
535.000000
662.000000
613.000000
503.000000
406.000000
460.000000
432.000000
318.000000
134.000000
-28.000000
-114.000000
-210.000000
-168.000000
-88.000000
108.000000
289.000000
499.000000
668.000000
693.000000
641.000000
433.000000
236.000000
-35.000000
-179.000000
-293.000000
-371.000000
-444.000000
-497.000000
-467.000000
-437.000000
-357.000000
-317.000000
-294.000000
-370.000000
-474.000000
-567.000000
-552.000000
-513.000000
-430.000000
-305.000000
-53.000000
258.000000
465.000000
523.000000
422.000000
338.000000
156.000000
-99.000000
-408.000000
-575.000000
-571.000000
-493.000000
-354.000000
-181.000000
13.000000
124.000000
58.000000
-69.000000
-181.000000
-149.000000
-75.000000
46.000000
200.000000
365.000000
548.000000
632.000000
684.000000
670.000000
745.000000
784.000000
737.000000
599.000000
350.000000
130.000000
-166.000000
-402.000000
-553.000000
-611.000000
-574.000000
-537.000000
-408.000000
-318.000000
-194.000000
-47.000000
163.000000
369.000000
357.000000
243.000000
78.000000
49.000000
126.000000
297.000000
538.000000
640.000000
599.000000
358.000000
97.000000
-178.000000
-473.000000
-625.000000
-686.000000
-600.000000
-519.000000
-388.000000
-274.000000
-260.000000
-270.000000
-312.000000
-284.000000
-319.000000
-366.000000
-362.000000
-271.000000
-126.000000
9.000000
191.000000
345.000000
392.000000
242.000000
47.000000
-50.000000
-123.000000
-244.000000
-380.000000
-357.000000
-219.000000
-132.000000
-114.000000
-96.000000
-13.000000
22.000000
26.000000
49.000000
130.000000
196.000000
208.000000
261.000000
403.000000
605.000000
729.000000
750.000000
682.000000
522.000000
344.000000
123.000000
-52.000000
-153.000000
-157.000000
-108.000000
-57.000000
24.000000
121.000000
238.000000
271.000000
284.000000
294.000000
280.000000
238.000000
183.000000
160.000000
115.000000
90.000000
64.000000
66.000000
16.000000
-41.000000
-115.000000
-190.000000
-213.000000
-248.000000
-247.000000
-263.000000
-279.000000
-243.000000
-157.000000
-45.000000
56.000000
126.000000
199.000000
206.000000
155.000000
36.000000
-61.000000
-163.000000
-220.000000
-203.000000
-191.000000
-144.000000
-213.000000
-259.000000
-314.000000
-367.000000
-448.000000
-536.000000
-494.000000
-398.000000
-262.000000
-210.000000
-168.000000
-34.000000
110.000000
258.000000
292.000000
346.000000
386.000000
325.000000
161.000000
-95.000000
-235.000000
-262.000000
-237.000000
-165.000000
-93.000000
19.000000
83.000000
62.000000
28.000000
-50.000000
-86.000000
-133.000000
-150.000000
-103.000000
-30.000000
142.000000
318.000000
572.000000
774.000000
863.000000
810.000000
606.000000
373.000000
82.000000
-131.000000
-256.000000
-232.000000
-126.000000
-7.000000
59.000000
17.000000
-71.000000
-166.000000
-238.000000
-332.000000
-402.000000
-439.000000
-388.000000
-242.000000
22.000000
291.000000
538.000000
680.000000
666.000000
515.000000
214.000000
-9.000000
-185.000000
-238.000000
-294.000000
-314.000000
-294.000000
-319.000000
-374.000000
-484.000000
-485.000000
-486.000000
-487.000000
-488.000000
-384.000000
-181.000000
6.000000
189.000000
305.000000
417.000000
469.000000
413.000000
324.000000
184.000000
116.000000
36.000000
-6.000000
-69.000000
-94.000000
-94.000000
-170.000000
-200.000000
-295.000000
-303.000000
-337.000000
-290.000000
-193.000000
-73.000000
55.000000
86.000000
118.000000
66.000000
14.000000
-33.000000
-73.000000
-51.000000
-5.000000
88.000000
195.000000
279.000000
314.000000
292.000000
231.000000
129.000000
67.000000
35.000000
82.000000
234.000000
385.000000
455.000000
409.000000
286.000000
189.000000
153.000000
142.000000
146.000000
140.000000
129.000000
120.000000
182.000000
277.000000
295.000000
171.000000
-40.000000
-252.000000
-366.000000
-422.000000
-379.000000
-293.000000
-244.000000
-196.000000
-119.000000
28.000000
165.000000
295.000000
383.000000
407.000000
333.000000
212.000000
115.000000
43.000000
-26.000000
-105.000000
-184.000000
-273.000000
-376.000000
-461.000000
-481.000000
-470.000000
-421.000000
-356.000000
-302.000000
-274.000000
-288.000000
-225.000000
-94.000000
133.000000
361.000000
569.000000
692.000000
651.000000
465.000000
158.000000
-150.000000
-378.000000
-446.000000
-457.000000
-451.000000
-455.000000
-451.000000
-384.000000
-315.000000
-216.000000
-149.000000
-141.000000
-216.000000
-272.000000
-240.000000
-113.000000
84.000000
281.000000
491.000000
549.000000
480.000000
350.000000
218.000000
66.000000
-93.000000
-156.000000
-113.000000
-51.000000
-55.000000
-97.000000
-119.000000
-109.000000
-133.000000
-125.000000
-79.000000
52.000000
160.000000
215.000000
248.000000
282.000000
350.000000
424.000000
517.000000
561.000000
588.000000
550.000000
481.000000
408.000000
341.000000
274.000000
168.000000
36.000000
-104.000000
-192.000000
-231.000000
-216.000000
-157.000000
-126.000000
-105.000000
-108.000000
-133.000000
-182.000000
-213.000000
-199.000000
-187.000000
-119.000000
-16.000000
73.000000
102.000000
105.000000
139.000000
170.000000
129.000000
24.000000
-83.000000
-158.000000
-219.000000
-270.000000
-215.000000
-126.000000
-6.000000
65.000000
105.000000
118.000000
61.000000
0.000000
-67.000000
-91.000000
-151.000000
-210.000000
-263.000000
-290.000000
-305.000000
-344.000000
-379.000000
-454.000000
-485.000000
-493.000000
-451.000000
-368.000000
-272.000000
-121.000000
34.000000
157.000000
244.000000
327.000000
449.000000
539.000000
565.000000
523.000000
443.000000
370.000000
280.000000
164.000000
39.000000
-69.000000
-146.000000
-213.000000
-277.000000
-333.000000
-336.000000
-298.000000
-271.000000
-229.000000
-196.000000
-142.000000
-96.000000
-31.000000
80.000000
225.000000
355.000000
397.000000
345.000000
260.000000
157.000000
46.000000
-47.000000
-100.000000
-137.000000
-168.000000
-198.000000
-212.000000
-173.000000
-114.000000
-59.000000
-52.000000
-60.000000
-128.000000
-178.000000
-210.000000
-142.000000
-6.000000
103.000000
236.000000
344.000000
454.000000
454.000000
405.000000
327.000000
218.000000
115.000000
-38.000000
-122.000000
-178.000000
-220.000000
-283.000000
-305.000000
-182.000000
-32.000000
83.000000
65.000000
30.000000
-55.000000
-100.000000
-89.000000
13.000000
228.000000
411.000000
542.000000
546.000000
555.000000
514.000000
450.000000
344.000000
186.000000
57.000000
-107.000000
-180.000000
-234.000000
-197.000000
-91.000000
12.000000
115.000000
147.000000
145.000000
79.000000
-14.000000
-57.000000
-75.000000
-20.000000
49.000000
128.000000
198.000000
218.000000
227.000000
173.000000
71.000000
-82.000000
-209.000000
-283.000000
-341.000000
-329.000000
-291.000000
-187.000000
-83.000000
-7.000000
23.000000
-23.000000
-80.000000
-173.000000
-224.000000
-235.000000
-209.000000
-169.000000
-125.000000
-103.000000
-124.000000
-222.000000
-358.000000
-499.000000
-568.000000
-568.000000
-548.000000
-504.000000
-449.000000
-363.000000
-300.000000
-228.000000
-194.000000
-172.000000
-150.000000
-111.000000
-22.000000
93.000000
233.000000
387.000000
518.000000
550.000000
490.000000
389.000000
279.000000
169.000000
48.000000
-75.000000
-133.000000
-160.000000
-171.000000
-194.000000
-218.000000
-229.000000
-281.000000
-300.000000
-232.000000
-83.000000
88.000000
221.000000
298.000000
356.000000
394.000000
362.000000
277.000000
204.000000
133.000000
78.000000
20.000000
-3.000000
-1.000000
16.000000
41.000000
73.000000
93.000000
42.000000
-19.000000
-102.000000
-85.000000
38.000000
200.000000
364.000000
475.000000
532.000000
535.000000
516.000000
447.000000
374.000000
291.000000
207.000000
110.000000
-24.000000
-124.000000
-198.000000
-249.000000
-261.000000
-240.000000
-158.000000
-132.000000
-156.000000
-183.000000
-161.000000
-85.000000
2.000000
132.000000
236.000000
306.000000
286.000000
224.000000
194.000000
182.000000
164.000000
106.000000
62.000000
2.000000
-63.000000
-124.000000
-139.000000
-112.000000
-85.000000
-55.000000
-41.000000
-52.000000
-105.000000
-137.000000
-150.000000
-116.000000
-47.000000
27.000000
89.000000
123.000000
156.000000
130.000000
93.000000
41.000000
-46.000000
-137.000000
-241.000000
-298.000000
-314.000000
-296.000000
-267.000000
-243.000000
-183.000000
-142.000000
-88.000000
-88.000000
-115.000000
-143.000000
-151.000000
-112.000000
-85.000000
-19.000000
4.000000
10.000000
-47.000000
-143.000000
-196.000000
-257.000000
-315.000000
-370.000000
-408.000000
-421.000000
-420.000000
-417.000000
-393.000000
-352.000000
-294.000000
-247.000000
-161.000000
-64.000000
37.000000
170.000000
281.000000
385.000000
431.000000
456.000000
444.000000
384.000000
314.000000
219.000000
180.000000
122.000000
72.000000
36.000000
-7.000000
-29.000000
-90.000000
-120.000000
-168.000000
-163.000000
-126.000000
-68.000000
13.000000
81.000000
171.000000
236.000000
263.000000
232.000000
168.000000
82.000000
19.000000
-20.000000
-52.000000
-58.000000
-16.000000
75.000000
164.000000
217.000000
214.000000
194.000000
168.000000
158.000000
121.000000
102.000000
130.000000
171.000000
232.000000
284.000000
351.000000
396.000000
404.000000
358.000000
270.000000
187.000000
104.000000
8.000000
-125.000000
-220.000000
-253.000000
-215.000000
-155.000000
-84.000000
-26.000000
-33.000000
-73.000000
-141.000000
-157.000000
-148.000000
-101.000000
-39.000000
21.000000
99.000000
141.000000
165.000000
159.000000
132.000000
62.000000
-25.000000
-107.000000
-187.000000
-200.000000
-123.000000
-47.000000
-6.000000
-8.000000
-34.000000
-58.000000
-113.000000
-143.000000
-124.000000
-51.000000
50.000000
147.000000
223.000000
268.000000
259.000000
179.000000
79.000000
-21.000000
-85.000000
-166.000000
-241.000000
-284.000000
-297.000000
-271.000000
-214.000000
-137.000000
-67.000000
-27.000000
-26.000000
-38.000000
-44.000000
-48.000000
-41.000000
-11.000000
43.000000
82.000000
103.000000
86.000000
52.000000
4.000000
-43.000000
-70.000000
-93.000000
-107.000000
-156.000000
-217.000000
-263.000000
-299.000000
-299.000000
-296.000000
-278.000000
-233.000000
-209.000000
-186.000000
-124.000000
-35.000000
46.000000
114.000000
165.000000
200.000000
181.000000
146.000000
120.000000
129.000000
147.000000
143.000000
124.000000
107.000000
77.000000
23.000000
-40.000000
-112.000000
-177.000000
-205.000000
-223.000000
-221.000000
-183.000000
-143.000000
-98.000000
-66.000000
2.000000
61.000000
100.000000
125.000000
122.000000
135.000000
144.000000
173.000000
224.000000
280.000000
290.000000
215.000000
127.000000
43.000000
-6.000000
-12.000000
-13.000000
23.000000
27.000000
42.000000
52.000000
79.000000
144.000000
194.000000
239.000000
231.000000
196.000000
160.000000
144.000000
155.000000
167.000000
169.000000
138.000000
83.000000
23.000000
-38.000000
-67.000000
-81.000000
-88.000000
-65.000000
-15.000000
63.000000
144.000000
182.000000
206.000000
218.000000
191.000000
161.000000
90.000000
38.000000
17.000000
12.000000
-2.000000
5.000000
46.000000
56.000000
21.000000
-56.000000
-126.000000
-198.000000
-252.000000
-291.000000
-287.000000
-216.000000
-132.000000
-12.000000
92.000000
154.000000
178.000000
135.000000
80.000000
16.000000
-2.000000
-15.000000
-36.000000
-42.000000
-48.000000
-37.000000
-56.000000
-74.000000
-125.000000
-177.000000
-217.000000
-243.000000
-253.000000
-257.000000
-237.000000
-225.000000
-203.000000
-191.000000
-160.000000
-139.000000
-127.000000
-125.000000
-107.000000
-59.000000
-14.000000
18.000000
23.000000
14.000000
-26.000000
-110.000000
-220.000000
-296.000000
-325.000000
-330.000000
-318.000000
-287.000000
-228.000000
-178.000000
-105.000000
-19.000000
70.000000
157.000000
200.000000
227.000000
247.000000
268.000000
272.000000
274.000000
256.000000
245.000000
212.000000
140.000000
63.000000
-29.000000
-114.000000
-173.000000
-207.000000
-215.000000
-209.000000
-183.000000
-118.000000
-58.000000
4.000000
40.000000
84.000000
149.000000
200.000000
242.000000
269.000000
301.000000
338.000000
370.000000
356.000000
316.000000
253.000000
176.000000
111.000000
51.000000
15.000000
7.000000
36.000000
47.000000
41.000000
70.000000
111.000000
141.000000
134.000000
101.000000
42.000000
-10.000000
-41.000000
-62.000000
-35.000000
0.000000
31.000000
45.000000
46.000000
32.000000
7.000000
-29.000000
-49.000000
-56.000000
-30.000000
18.000000
61.000000
108.000000
129.000000
160.000000
141.000000
132.000000
101.000000
47.000000
5.000000
-49.000000
-79.000000
-97.000000
-92.000000
-105.000000
-126.000000
-172.000000
-221.000000
-277.000000
-308.000000
-321.000000
-334.000000
-299.000000
-255.000000
-168.000000
-65.000000
17.000000
109.000000
168.000000
211.000000
237.000000
245.000000
243.000000
217.000000
178.000000
109.000000
59.000000
13.000000
-44.000000
-97.000000
-141.000000
-155.000000
-144.000000
-129.000000
-143.000000
-139.000000
-138.000000
-140.000000
-136.000000
-118.000000
-88.000000
-70.000000
-46.000000
-25.000000
-12.000000
-17.000000
-27.000000
-54.000000
-88.000000
-122.000000
-160.000000
-191.000000
-181.000000
-173.000000
-170.000000
-149.000000
-122.000000
-83.000000
-59.000000
-32.000000
-2.000000
30.000000
49.000000
31.000000
13.000000
20.000000
40.000000
57.000000
73.000000
88.000000
106.000000
123.000000
121.000000
105.000000
84.000000
52.000000
6.000000
-26.000000
-20.000000
2.000000
31.000000
26.000000
34.000000
23.000000
-6.000000
-46.000000
-86.000000
-79.000000
-68.000000
-34.000000
43.000000
130.000000
217.000000
261.000000
286.000000
307.000000
308.000000
294.000000
263.000000
250.000000
214.000000
173.000000
159.000000
150.000000
154.000000
128.000000
74.000000
12.000000
-79.000000
-168.000000
-244.000000
-289.000000
-290.000000
-283.000000
-244.000000
-188.000000
-126.000000
-83.000000
-38.000000
-2.000000
15.000000
43.000000
66.000000
93.000000
119.000000
162.000000
204.000000
229.000000
231.000000
201.000000
159.000000
122.000000
76.000000
24.000000
-15.000000
-43.000000
-64.000000
-80.000000
-83.000000
-96.000000
-109.000000
-116.000000
-135.000000
-141.000000
-159.000000
-163.000000
-142.000000
-123.000000
-108.000000
-105.000000
-94.000000
-72.000000
-41.000000
-26.000000
-10.000000
12.000000
26.000000
33.000000
14.000000
13.000000
13.000000
-8.000000
-24.000000
-28.000000
-11.000000
-9.000000
28.000000
64.000000
71.000000
64.000000
20.000000
-18.000000
-68.000000
-102.000000
-134.000000
-147.000000
-132.000000
-105.000000
-66.000000
-36.000000
-23.000000
-21.000000
-19.000000
-25.000000
-48.000000
-65.000000
-71.000000
-54.000000
-17.000000
21.000000
62.000000
89.000000
106.000000
91.000000
59.000000
27.000000
-17.000000
-58.000000
-96.000000
-95.000000
-83.000000
-53.000000
-21.000000
-14.000000
-5.000000
11.000000
24.000000
15.000000
5.000000
-13.000000
-47.000000
-76.000000
-89.000000
-63.000000
-22.000000
10.000000
35.000000
29.000000
17.000000
-35.000000
-86.000000
-85.000000
-71.000000
-51.000000
-30.000000
2.000000
41.000000
101.000000
155.000000
189.000000
224.000000
239.000000
234.000000
217.000000
198.000000
196.000000
198.000000
199.000000
194.000000
170.000000
132.000000
81.000000
18.000000
-52.000000
-109.000000
-148.000000
-147.000000
-144.000000
-141.000000
-124.000000
-101.000000
-87.000000
-86.000000
-91.000000
-89.000000
-73.000000
-56.000000
-20.000000
34.000000
91.000000
133.000000
168.000000
174.000000
152.000000
110.000000
52.000000
3.000000
-23.000000
-29.000000
-14.000000
-13.000000
-17.000000
-22.000000
-26.000000
-20.000000
-24.000000
-26.000000
-41.000000
-36.000000
-22.000000
-1.000000
20.000000
12.000000
-14.000000
-37.000000
-51.000000
-57.000000
-45.000000
-31.000000
-9.000000
-1.000000
13.000000
35.000000
49.000000
46.000000
29.000000
6.000000
-23.000000
-39.000000
-40.000000
-17.000000
20.000000
39.000000
37.000000
16.000000
-7.000000
-21.000000
-67.000000
-99.000000
-110.000000
-103.000000
-71.000000
-43.000000
-6.000000
17.000000
45.000000
41.000000
23.000000
7.000000
-15.000000
-16.000000
-27.000000
-26.000000
-24.000000
-4.000000
11.000000
28.000000
59.000000
78.000000
86.000000
51.000000
9.000000
-48.000000
-72.000000
-75.000000
-85.000000
-70.000000
-44.000000
-30.000000
-43.000000
-43.000000
-58.000000
-64.000000
-82.000000
-99.000000
-108.000000
-110.000000
-75.000000
-36.000000
5.000000
49.000000
91.000000
97.000000
72.000000
29.000000
0.000000
-22.000000
-39.000000
-33.000000
-39.000000
-34.000000
-26.000000
-30.000000
-20.000000
-2.000000
20.000000
32.000000
51.000000
66.000000
75.000000
71.000000
63.000000
70.000000
66.000000
41.000000
18.000000
15.000000
1.000000
-14.000000
-27.000000
-35.000000
-30.000000
-30.000000
-33.000000
-40.000000
-53.000000
-50.000000
-52.000000
-35.000000
6.000000
29.000000
57.000000
66.000000
79.000000
106.000000
132.000000
146.000000
136.000000
137.000000
133.000000
129.000000
135.000000
136.000000
130.000000
115.000000
87.000000
53.000000
28.000000
7.000000
3.000000
-1.000000
-2.000000
3.000000
-2.000000
-3.000000
3.000000
-9.000000
-32.000000
-46.000000
-46.000000
-35.000000
-26.000000
4.000000
27.000000
41.000000
50.000000
45.000000
44.000000
24.000000
2.000000
-28.000000
-52.000000
-50.000000
-56.000000
-41.000000
-11.000000
15.000000
21.000000
1.000000
-16.000000
-38.000000
-70.000000
-103.000000
-123.000000
-133.000000
-109.000000
-88.000000
-62.000000
-40.000000
-26.000000
-22.000000
-29.000000
-23.000000
-25.000000
-28.000000
-30.000000
-26.000000
-15.000000
5.000000
25.000000
32.000000
25.000000
15.000000
-13.000000
-71.000000
-127.000000
-172.000000
-204.000000
-213.000000
-199.000000
-165.000000
-131.000000
-110.000000
-95.000000
-94.000000
-80.000000
-61.000000
-39.000000
-25.000000
-25.000000
-3.000000
5.000000
8.000000
22.000000
25.000000
23.000000
9.000000
-21.000000
-47.000000
-62.000000
-70.000000
-52.000000
-38.000000
-26.000000
-2.000000
-2.000000
15.000000
35.000000
68.000000
109.000000
146.000000
183.000000
194.000000
192.000000
169.000000
147.000000
122.000000
94.000000
53.000000
22.000000
17.000000
10.000000
20.000000
24.000000
28.000000
30.000000
36.000000
53.000000
49.000000
46.000000
58.000000
66.000000
78.000000
90.000000
92.000000
83.000000
68.000000
58.000000
49.000000
42.000000
28.000000
13.000000
8.000000
0.000000
-3.000000
-5.000000
-16.000000
-21.000000
-26.000000
-25.000000
-20.000000
-1.000000
9.000000
35.000000
66.000000
98.000000
124.000000
121.000000
119.000000
96.000000
75.000000
48.000000
32.000000
21.000000
3.000000
-19.000000
-53.000000
-58.000000
-65.000000
-65.000000
-43.000000
-29.000000
-21.000000
-23.000000
-17.000000
-18.000000
-4.000000
27.000000
48.000000
53.000000
53.000000
35.000000
19.000000
7.000000
-2.000000
-9.000000
-40.000000
-61.000000
-103.000000
-138.000000
-153.000000
-160.000000
-153.000000
-145.000000
-134.000000
-117.000000
-98.000000
-91.000000
-87.000000
-75.000000
-72.000000
-61.000000
-41.000000
-25.000000
-11.000000
-9.000000
-23.000000
-56.000000
-85.000000
-111.000000
-141.000000
-155.000000
-150.000000
-145.000000
-123.000000
-93.000000
-69.000000
-36.000000
-15.000000
9.000000
24.000000
31.000000
43.000000
64.000000
85.000000
83.000000
83.000000
91.000000
84.000000
83.000000
73.000000
44.000000
14.000000
-27.000000
-52.000000
-58.000000
-66.000000
-59.000000
-40.000000
-23.000000
-4.000000
25.000000
57.000000
88.000000
116.000000
134.000000
130.000000
126.000000
124.000000
126.000000
108.000000
81.000000
77.000000
70.000000
47.000000
25.000000
10.000000
-14.000000
-33.000000
-39.000000
-38.000000
-17.000000
19.000000
61.000000
99.000000
126.000000
143.000000
159.000000
168.000000
167.000000
163.000000
149.000000
148.000000
143.000000
149.000000
138.000000
105.000000
75.000000
21.000000
-37.000000
-93.000000
-137.000000
-177.000000
-193.000000
-195.000000
-180.000000
-154.000000
-121.000000
-88.000000
-54.000000
-14.000000
14.000000
34.000000
37.000000
38.000000
32.000000
33.000000
32.000000
24.000000
7.000000
-28.000000
-60.000000
-104.000000
-131.000000
-158.000000
-159.000000
-156.000000
-152.000000
-139.000000
-101.000000
-61.000000
-36.000000
9.000000
48.000000
66.000000
64.000000
64.000000
58.000000
51.000000
38.000000
18.000000
-3.000000
-34.000000
-65.000000
-85.000000
-108.000000
-135.000000
-131.000000
-116.000000
-107.000000
-94.000000
-71.000000
-47.000000
-31.000000
2.000000
32.000000
64.000000
92.000000
110.000000
114.000000
100.000000
70.000000
37.000000
2.000000
-38.000000
-76.000000
-103.000000
-129.000000
-156.000000
-156.000000
-153.000000
-139.000000
-113.000000
-78.000000
-38.000000
8.000000
38.000000
77.000000
114.000000
147.000000
178.000000
190.000000
198.000000
188.000000
166.000000
135.000000
91.000000
33.000000
-27.000000
-72.000000
-109.000000
-141.000000
-147.000000
-133.000000
-110.000000
-74.000000
-34.000000
17.000000
59.000000
90.000000
111.000000
131.000000
157.000000
171.000000
169.000000
161.000000
156.000000
134.000000
94.000000
49.000000
12.000000
-33.000000
-71.000000
-109.000000
-139.000000
-128.000000
-117.000000
-86.000000
-43.000000
13.000000
63.000000
105.000000
142.000000
160.000000
176.000000
183.000000
178.000000
187.000000
180.000000
149.000000
104.000000
60.000000
8.000000
-44.000000
-89.000000
-145.000000
-180.000000
-196.000000
-204.000000
-198.000000
-170.000000
-133.000000
-90.000000
-49.000000
0.000000
46.000000
76.000000
105.000000
111.000000
122.000000
124.000000
112.000000
94.000000
51.000000
5.000000
-49.000000
-108.000000
-153.000000
-185.000000
-204.000000
-198.000000
-170.000000
-144.000000
-114.000000
-77.000000
-48.000000
-19.000000
15.000000
45.000000
70.000000
99.000000
109.000000
117.000000
122.000000
100.000000
75.000000
33.000000
-14.000000
-59.000000
-111.000000
-139.000000
-170.000000
-187.000000
-189.000000
-188.000000
-156.000000
-127.000000
-101.000000
-69.000000
-34.000000
2.000000
46.000000
79.000000
111.000000
128.000000
129.000000
108.000000
75.000000
42.000000
0.000000
-46.000000
-87.000000
-116.000000
-143.000000
-146.000000
-150.000000
-135.000000
-115.000000
-88.000000
-49.000000
-9.000000
32.000000
82.000000
133.000000
175.000000
210.000000
226.000000
230.000000
210.000000
183.000000
154.000000
104.000000
58.000000
21.000000
-24.000000
-67.000000
-97.000000
-113.000000
-124.000000
-115.000000
-95.000000
-76.000000
-44.000000
-10.000000
26.000000
56.000000
78.000000
113.000000
135.000000
144.000000
147.000000
144.000000
127.000000
98.000000
59.000000
27.000000
-6.000000
-49.000000
-88.000000
-121.000000
-130.000000
-127.000000
-112.000000
-81.000000
-44.000000
0.000000
38.000000
71.000000
100.000000
125.000000
158.000000
184.000000
192.000000
195.000000
178.000000
145.000000
113.000000
67.000000
1.000000
-49.000000
-91.000000
-139.000000
-178.000000
-186.000000
-184.000000
-180.000000
-154.000000
-123.000000
-88.000000
-54.000000
-15.000000
17.000000
46.000000
75.000000
105.000000
118.000000
123.000000
122.000000
95.000000
60.000000
20.000000
-27.000000
-71.000000
-107.000000
-142.000000
-156.000000
-156.000000
-150.000000
-144.000000
-121.000000
-99.000000
-66.000000
-36.000000
-9.000000
18.000000
43.000000
66.000000
77.000000
78.000000
76.000000
72.000000
41.000000
26.000000
3.000000
-28.000000
-65.000000
-103.000000
-114.000000
-130.000000
-123.000000
-103.000000
-92.000000
-71.000000
-35.000000
-12.000000
22.000000
58.000000
86.000000
105.000000
118.000000
116.000000
105.000000
86.000000
55.000000
19.000000
-26.000000
-71.000000
-128.000000
-159.000000
-186.000000
-199.000000
-207.000000
-195.000000
-166.000000
-127.000000
-67.000000
-9.000000
58.000000
117.000000
167.000000
200.000000
225.000000
232.000000
225.000000
210.000000
190.000000
158.000000
119.000000
93.000000
55.000000
8.000000
-23.000000
-62.000000
-88.000000
-110.000000
-136.000000
-142.000000
-134.000000
-125.000000
-84.000000
-24.000000
25.000000
91.000000
139.000000
176.000000
190.000000
194.000000
169.000000
134.000000
88.000000
28.000000
-23.000000
-78.000000
-118.000000
-148.000000
-159.000000
-164.000000
-158.000000
-147.000000
-132.000000
-112.000000
-89.000000
-44.000000
-1.000000
51.000000
100.000000
132.000000
167.000000
194.000000
201.000000
201.000000
180.000000
145.000000
95.000000
43.000000
-2.000000
-57.000000
-80.000000
-105.000000
-102.000000
-80.000000
-62.000000
-35.000000
-21.000000
7.000000
22.000000
45.000000
76.000000
99.000000
119.000000
132.000000
134.000000
129.000000
112.000000
86.000000
53.000000
13.000000
-34.000000
-77.000000
-115.000000
-151.000000
-172.000000
-181.000000
-173.000000
-149.000000
-122.000000
-88.000000
-48.000000
-14.000000
34.000000
64.000000
77.000000
98.000000
96.000000
77.000000
61.000000
43.000000
13.000000
-10.000000
-32.000000
-48.000000
-59.000000
-73.000000
-71.000000
-63.000000
-48.000000
-32.000000
-14.000000
0.000000
3.000000
20.000000
30.000000
43.000000
46.000000
44.000000
52.000000
36.000000
23.000000
-3.000000
-32.000000
-73.000000
-132.000000
-189.000000
-256.000000
-309.000000
-340.000000
-346.000000
-345.000000
-283.000000
-197.000000
-68.000000
63.000000
197.000000
319.000000
368.000000
390.000000
346.000000
285.000000
192.000000
107.000000
60.000000
42.000000
72.000000
118.000000
173.000000
220.000000
220.000000
194.000000
106.000000
1.000000
-131.000000
-235.000000
-316.000000
-346.000000
-311.000000
-231.000000
-102.000000
15.000000
132.000000
196.000000
234.000000
211.000000
130.000000
41.000000
-55.000000
-165.000000
-224.000000
-253.000000
-236.000000
-184.000000
-120.000000
-53.000000
-4.000000
26.000000
33.000000
22.000000
-6.000000
-14.000000
-20.000000
-8.000000
24.000000
84.000000
123.000000
173.000000
207.000000
200.000000
162.000000
103.000000
20.000000
-62.000000
-142.000000
-189.000000
-208.000000
-198.000000
-161.000000
-124.000000
-78.000000
-57.000000
-40.000000
-42.000000
-54.000000
-70.000000
-80.000000
-78.000000
-57.000000
-29.000000
27.000000
85.000000
133.000000
168.000000
177.000000
149.000000
101.000000
49.000000
-20.000000
-61.000000
-93.000000
-87.000000
-64.000000
-21.000000
36.000000
87.000000
132.000000
162.000000
171.000000
159.000000
146.000000
120.000000
86.000000
66.000000
48.000000
31.000000
27.000000
34.000000
28.000000
26.000000
22.000000
2.000000
-22.000000
-35.000000
-49.000000
-59.000000
-55.000000
-44.000000
-5.000000
26.000000
70.000000
113.000000
147.000000
154.000000
162.000000
146.000000
116.000000
89.000000
50.000000
19.000000
-21.000000
-58.000000
-80.000000
-113.000000
-132.000000
-136.000000
-146.000000
-145.000000
-135.000000
-123.000000
-115.000000
-80.000000
-59.000000
-23.000000
2.000000
33.000000
47.000000
71.000000
88.000000
94.000000
108.000000
101.000000
81.000000
52.000000
21.000000
-22.000000
-48.000000
-80.000000
-95.000000
-115.000000
-104.000000
-98.000000
-74.000000
-51.000000
-29.000000
-12.000000
1.000000
5.000000
1.000000
4.000000
-6.000000
-12.000000
-18.000000
-16.000000
-23.000000
-29.000000
-38.000000
-52.000000
-74.000000
-94.000000
-109.000000
-109.000000
-106.000000
-86.000000
-64.000000
-37.000000
-13.000000
-3.000000
3.000000
1.000000
-22.000000
-37.000000
-70.000000
-79.000000
-89.000000
-94.000000
-91.000000
-100.000000
-84.000000
-112.000000
-124.000000
-150.000000
-176.000000
-203.000000
-208.000000
-218.000000
-189.000000
-156.000000
-90.000000
-36.000000
41.000000
99.000000
140.000000
187.000000
205.000000
233.000000
244.000000
275.000000
281.000000
298.000000
294.000000
292.000000
251.000000
217.000000
136.000000
46.000000
-46.000000
-125.000000
-200.000000
-209.000000
-184.000000
-114.000000
-34.000000
69.000000
136.000000
157.000000
143.000000
55.000000
-41.000000
-177.000000
-255.000000
-331.000000
-292.000000
-254.000000
-103.000000
58.000000
227.000000
393.000000
498.000000
553.000000
524.000000
455.000000
367.000000
286.000000
215.000000
194.000000
248.000000
324.000000
408.000000
515.000000
561.000000
568.000000
482.000000
373.000000
184.000000
-10.000000
-216.000000
-369.000000
-479.000000
-556.000000
-561.000000
-530.000000
-495.000000
-467.000000
-426.000000
-425.000000
-423.000000
-437.000000
-407.000000
-380.000000
-318.000000
-221.000000
-108.000000
3.000000
110.000000
174.000000
219.000000
217.000000
182.000000
133.000000
84.000000
54.000000
36.000000
64.000000
99.000000
166.000000
217.000000
253.000000
257.000000
221.000000
135.000000
39.000000
-76.000000
-187.000000
-271.000000
-314.000000
-330.000000
-327.000000
-286.000000
-255.000000
-246.000000
-251.000000
-271.000000
-317.000000
-369.000000
-406.000000
-399.000000
-390.000000
-333.000000
-248.000000
-145.000000
-33.000000
53.000000
148.000000
220.000000
252.000000
286.000000
314.000000
346.000000
359.000000
381.000000
411.000000
416.000000
399.000000
369.000000
320.000000
237.000000
152.000000
58.000000
-21.000000
-112.000000
-147.000000
-172.000000
-174.000000
-154.000000
-123.000000
-93.000000
-86.000000
-75.000000
-81.000000
-97.000000
-123.000000
-116.000000
-130.000000
-113.000000
-84.000000
-42.000000
-17.000000
29.000000
41.000000
54.000000
42.000000
41.000000
27.000000
13.000000
16.000000
24.000000
55.000000
72.000000
111.000000
118.000000
140.000000
121.000000
112.000000
83.000000
72.000000
44.000000
35.000000
15.000000
27.000000
17.000000
11.000000
1.000000
-29.000000
-41.000000
-98.000000
-124.000000
-148.000000
-133.000000
-124.000000
-70.000000
-18.000000
53.000000
103.000000
142.000000
161.000000
174.000000
154.000000
128.000000
97.000000
71.000000
39.000000
12.000000
-2.000000
-17.000000
-14.000000
-30.000000
-16.000000
-24.000000
-1.000000
4.000000
32.000000
47.000000
77.000000
109.000000
126.000000
142.000000
157.000000
167.000000
169.000000
163.000000
158.000000
169.000000
144.000000
140.000000
122.000000
103.000000
71.000000
37.000000
-11.000000
-55.000000
-100.000000
-153.000000
-196.000000
-223.000000
-244.000000
-238.000000
-226.000000
-190.000000
-144.000000
-106.000000
-64.000000
-41.000000
-9.000000
-20.000000
-27.000000
-45.000000
-68.000000
-88.000000
-111.000000
-116.000000
-114.000000
-107.000000
-104.000000
-89.000000
-81.000000
-72.000000
-58.000000
-53.000000
-34.000000
-8.000000
22.000000
39.000000
65.000000
78.000000
69.000000
59.000000
19.000000
-16.000000
-64.000000
-113.000000
-153.000000
-188.000000
-207.000000
-237.000000
-248.000000
-250.000000
-264.000000
-265.000000
-277.000000
-256.000000
-242.000000
-209.000000
-160.000000
-93.000000
-4.000000
69.000000
162.000000
212.000000
277.000000
309.000000
317.000000
317.000000
301.000000
289.000000
275.000000
241.000000
236.000000
226.000000
218.000000
189.000000
187.000000
193.000000
158.000000
148.000000
119.000000
115.000000
86.000000
72.000000
52.000000
40.000000
7.000000
1.000000
-27.000000
-33.000000
-64.000000
-54.000000
-65.000000
-71.000000
-56.000000
-48.000000
-32.000000
-35.000000
-3.000000
0.000000
21.000000
1.000000
26.000000
47.000000
63.000000
81.000000
123.000000
161.000000
198.000000
209.000000
228.000000
225.000000
206.000000
158.000000
111.000000
61.000000
1.000000
-45.000000
-114.000000
-129.000000
-181.000000
-203.000000
-249.000000
-265.000000
-281.000000
-286.000000
-275.000000
-270.000000
-217.000000
-184.000000
-140.000000
-103.000000
-78.000000
-56.000000
-53.000000
-56.000000
-62.000000
-64.000000
-62.000000
-83.000000
-61.000000
-58.000000
-50.000000
-55.000000
-57.000000
-56.000000
-72.000000
-88.000000
-109.000000
-110.000000
-97.000000
-65.000000
-30.000000
21.000000
78.000000
121.000000
149.000000
156.000000
145.000000
125.000000
75.000000
33.000000
-1.000000
-38.000000
-61.000000
-77.000000
-56.000000
-42.000000
-2.000000
20.000000
41.000000
76.000000
76.000000
70.000000
58.000000
66.000000
61.000000
66.000000
81.000000
102.000000
116.000000
122.000000
112.000000
87.000000
44.000000
-8.000000
-81.000000
-119.000000
-152.000000
-158.000000
-151.000000
-121.000000
-53.000000
-20.000000
37.000000
46.000000
63.000000
50.000000
36.000000
17.000000
24.000000
37.000000
72.000000
120.000000
166.000000
194.000000
205.000000
176.000000
133.000000
77.000000
6.000000
-61.000000
-107.000000
-125.000000
-138.000000
-98.000000
-81.000000
-27.000000
-2.000000
39.000000
36.000000
21.000000
7.000000
-15.000000
-55.000000
-54.000000
-52.000000
-34.000000
3.000000
17.000000
61.000000
56.000000
47.000000
15.000000
-13.000000
-60.000000
-88.000000
-112.000000
-97.000000
-67.000000
2.000000
51.000000
127.000000
164.000000
189.000000
184.000000
145.000000
110.000000
35.000000
-1.000000
-50.000000
-58.000000
-69.000000
-60.000000
-56.000000
-41.000000
-50.000000
-66.000000
-97.000000
-130.000000
-150.000000
-148.000000
-138.000000
-101.000000
-42.000000
17.000000
74.000000
128.000000
162.000000
162.000000
173.000000
159.000000
146.000000
112.000000
98.000000
60.000000
39.000000
1.000000
-36.000000
-89.000000
-140.000000
-187.000000
-225.000000
-241.000000
-238.000000
-211.000000
-160.000000
-79.000000
-29.000000
30.000000
79.000000
104.000000
104.000000
116.000000
99.000000
82.000000
61.000000
55.000000
55.000000
39.000000
41.000000
55.000000
60.000000
63.000000
58.000000
46.000000
23.000000
-12.000000
-24.000000
-53.000000
-59.000000
-58.000000
-50.000000
-27.000000
-22.000000
-8.000000
-16.000000
-35.000000
-52.000000
-90.000000
-114.000000
-145.000000
-158.000000
-154.000000
-139.000000
-110.000000
-87.000000
-57.000000
-55.000000
-44.000000
-54.000000
-60.000000
-58.000000
-50.000000
10.000000
50.000000
123.000000
175.000000
212.000000
233.000000
205.000000
170.000000
92.000000
29.000000
-46.000000
-90.000000
-128.000000
-146.000000
-143.000000
-141.000000
-117.000000
-104.000000
-99.000000
-95.000000
-89.000000
-92.000000
-72.000000
-61.000000
-47.000000
-22.000000
19.000000
49.000000
70.000000
92.000000
102.000000
114.000000
126.000000
115.000000
120.000000
130.000000
116.000000
104.000000
114.000000
100.000000
96.000000
101.000000
120.000000
155.000000
168.000000
205.000000
211.000000
238.000000
227.000000
225.000000
192.000000
174.000000
154.000000
113.000000
90.000000
49.000000
34.000000
-11.000000
-36.000000
-57.000000
-65.000000
-77.000000
-77.000000
-63.000000
-34.000000
-12.000000
16.000000
42.000000
72.000000
88.000000
119.000000
120.000000
135.000000
147.000000
140.000000
126.000000
98.000000
58.000000
-13.000000
-74.000000
-145.000000
-210.000000
-260.000000
-287.000000
-309.000000
-283.000000
-271.000000
-236.000000
-222.000000
-198.000000
-179.000000
-166.000000
-161.000000
-158.000000
-138.000000
-128.000000
-111.000000
-111.000000
-103.000000
-107.000000
-113.000000
-138.000000
-153.000000
-175.000000
-194.000000
-220.000000
-230.000000
-229.000000
-226.000000
-224.000000
-200.000000
-173.000000
-150.000000
-129.000000
-105.000000
-74.000000
-56.000000
-40.000000
-28.000000
-8.000000
-13.000000
-2.000000
-8.000000
-1.000000
5.000000
16.000000
16.000000
13.000000
29.000000
16.000000
26.000000
17.000000
36.000000
49.000000
90.000000
116.000000
163.000000
215.000000
241.000000
281.000000
291.000000
298.000000
289.000000
280.000000
259.000000
260.000000
254.000000
243.000000
235.000000
243.000000
228.000000
214.000000
189.000000
178.000000
166.000000
159.000000
160.000000
174.000000
192.000000
211.000000
232.000000
237.000000
255.000000
234.000000
229.000000
196.000000
177.000000
143.000000
114.000000
83.000000
60.000000
30.000000
4.000000
-20.000000
-47.000000
-53.000000
-70.000000
-61.000000
-66.000000
-50.000000
-45.000000
-42.000000
-55.000000
-56.000000
-72.000000
-91.000000
-114.000000
-119.000000
-135.000000
-142.000000
-150.000000
-171.000000
-183.000000
-201.000000
-222.000000
-247.000000
-266.000000
-282.000000
-275.000000
-284.000000
-268.000000
-249.000000
-224.000000
-205.000000
-175.000000
-155.000000
-137.000000
-135.000000
-124.000000
-112.000000
-111.000000
-112.000000
-105.000000
-89.000000
-94.000000
-94.000000
-108.000000
-120.000000
-140.000000
-152.000000
-167.000000
-184.000000
-185.000000
-180.000000
-177.000000
-166.000000
-137.000000
-119.000000
-89.000000
-47.000000
-22.000000
-1.000000
9.000000
20.000000
8.000000
3.000000
9.000000
5.000000
8.000000
35.000000
49.000000
71.000000
85.000000
108.000000
121.000000
133.000000
149.000000
161.000000
184.000000
198.000000
224.000000
240.000000
263.000000
276.000000
272.000000
254.000000
245.000000
211.000000
186.000000
150.000000
143.000000
134.000000
134.000000
143.000000
141.000000
147.000000
121.000000
116.000000
89.000000
70.000000
54.000000
60.000000
71.000000
105.000000
127.000000
159.000000
194.000000
201.000000
209.000000
201.000000
176.000000
145.000000
110.000000
81.000000
40.000000
8.000000
-16.000000
-24.000000
-34.000000
-52.000000
-43.000000
-56.000000
-58.000000
-68.000000
-73.000000
-91.000000
-92.000000
-105.000000
-105.000000
-100.000000
-98.000000
-78.000000
-75.000000
-52.000000
-47.000000
-54.000000
-71.000000
-86.000000
-109.000000
-134.000000
-151.000000
-148.000000
-132.000000
-104.000000
-78.000000
-49.000000
-18.000000
-11.000000
-28.000000
-40.000000
-63.000000
-95.000000
-114.000000
-128.000000
-120.000000
-122.000000
-117.000000
-107.000000
-117.000000
-143.000000
-163.000000
-201.000000
-238.000000
-260.000000
-270.000000
-279.000000
-256.000000
-225.000000
-195.000000
-151.000000
-120.000000
-76.000000
-56.000000
-28.000000
-15.000000
6.000000
28.000000
58.000000
68.000000
95.000000
122.000000
126.000000
131.000000
125.000000
113.000000
95.000000
84.000000
67.000000
51.000000
41.000000
40.000000
38.000000
48.000000
54.000000
84.000000
95.000000
106.000000
122.000000
122.000000
103.000000
85.000000
64.000000
48.000000
31.000000
6.000000
19.000000
20.000000
29.000000
29.000000
44.000000
58.000000
81.000000
89.000000
119.000000
148.000000
171.000000
200.000000
208.000000
224.000000
207.000000
187.000000
147.000000
108.000000
64.000000
14.000000
-21.000000
-42.000000
-52.000000
-56.000000
-54.000000
-45.000000
-48.000000
-46.000000
-54.000000
-65.000000
-64.000000
-61.000000
-53.000000
-45.000000
-17.000000
-6.000000
16.000000
14.000000
28.000000
32.000000
38.000000
40.000000
42.000000
54.000000
53.000000
63.000000
44.000000
38.000000
27.000000
1.000000
-23.000000
-43.000000
-78.000000
-98.000000
-128.000000
-143.000000
-164.000000
-186.000000
-196.000000
-208.000000
-207.000000
-219.000000
-209.000000
-209.000000
-195.000000
-160.000000
-144.000000
-119.000000
-89.000000
-57.000000
-29.000000
-6.000000
18.000000
41.000000
71.000000
93.000000
112.000000
126.000000
133.000000
133.000000
130.000000
123.000000
114.000000
110.000000
94.000000
95.000000
90.000000
69.000000
48.000000
23.000000
3.000000
-20.000000
-43.000000
-55.000000
-62.000000
-60.000000
-62.000000
-61.000000
-55.000000
-53.000000
-51.000000
-52.000000
-35.000000
-21.000000
-7.000000
20.000000
49.000000
101.000000
123.000000
161.000000
201.000000
213.000000
232.000000
237.000000
237.000000
217.000000
206.000000
184.000000
155.000000
129.000000
93.000000
58.000000
27.000000
-1.000000
-13.000000
-31.000000
-50.000000
-45.000000
-55.000000
-61.000000
-85.000000
-109.000000
-130.000000
-153.000000
-174.000000
-188.000000
-194.000000
-191.000000
-175.000000
-158.000000
-130.000000
-105.000000
-79.000000
-41.000000
-5.000000
21.000000
45.000000
64.000000
80.000000
87.000000
88.000000
77.000000
54.000000
24.000000
5.000000
-48.000000
-86.000000
-131.000000
-174.000000
-206.000000
-249.000000
-276.000000
-307.000000
-319.000000
-344.000000
-336.000000
-319.000000
-297.000000
-263.000000
-217.000000
-169.000000
-128.000000
-91.000000
-64.000000
-32.000000
-5.000000
30.000000
69.000000
111.000000
153.000000
203.000000
236.000000
259.000000
272.000000
273.000000
258.000000
231.000000
218.000000
188.000000
157.000000
131.000000
119.000000
99.000000
83.000000
62.000000
46.000000
32.000000
14.000000
-8.000000
-18.000000
-29.000000
-28.000000
-19.000000
-9.000000
10.000000
20.000000
45.000000
62.000000
83.000000
103.000000
128.000000
148.000000
178.000000
210.000000
239.000000
259.000000
289.000000
312.000000
329.000000
330.000000
323.000000
307.000000
274.000000
238.000000
187.000000
151.000000
99.000000
71.000000
43.000000
14.000000
-6.000000
-25.000000
-56.000000
-85.000000
-108.000000
-147.000000
-181.000000
-201.000000
-218.000000
-227.000000
-220.000000
-211.000000
-189.000000
-171.000000
-144.000000
-128.000000
-108.000000
-97.000000
-74.000000
-62.000000
-37.000000
-15.000000
1.000000
22.000000
26.000000
27.000000
6.000000
-11.000000
-55.000000
-95.000000
-126.000000
-165.000000
-196.000000
-219.000000
-236.000000
-247.000000
-259.000000
-276.000000
-289.000000
-302.000000
-317.000000
-334.000000
-334.000000
-336.000000
-328.000000
-314.000000
-279.000000
-239.000000
-202.000000
-140.000000
-87.000000
-19.000000
36.000000
84.000000
132.000000
166.000000
190.000000
201.000000
210.000000
209.000000
198.000000
193.000000
178.000000
157.000000
136.000000
108.000000
87.000000
53.000000
32.000000
10.000000
-6.000000
-12.000000
-9.000000
-5.000000
6.000000
16.000000
26.000000
36.000000
39.000000
49.000000
58.000000
83.000000
110.000000
149.000000
198.000000
245.000000
288.000000
332.000000
349.000000
363.000000
367.000000
366.000000
348.000000
343.000000
339.000000
323.000000
314.000000
304.000000
283.000000
252.000000
223.000000
171.000000
129.000000
74.000000
28.000000
-29.000000
-58.000000
-89.000000
-118.000000
-135.000000
-145.000000
-159.000000
-171.000000
-178.000000
-189.000000
-185.000000
-185.000000
-172.000000
-151.000000
-121.000000
-93.000000
-51.000000
-13.000000
27.000000
59.000000
85.000000
101.000000
95.000000
90.000000
67.000000
25.000000
-3.000000
-48.000000
-93.000000
-125.000000
-164.000000
-200.000000
-238.000000
-267.000000
-303.000000
-332.000000
-366.000000
-385.000000
-400.000000
-411.000000
-405.000000
-395.000000
-386.000000
-366.000000
-349.000000
-321.000000
-307.000000
-283.000000
-246.000000
-215.000000
-168.000000
-123.000000
-72.000000
-17.000000
40.000000
75.000000
119.000000
139.000000
151.000000
153.000000
147.000000
134.000000
124.000000
105.000000
82.000000
76.000000
58.000000
34.000000
10.000000
-2.000000
-16.000000
-34.000000
-46.000000
-42.000000
-48.000000
-51.000000
-39.000000
-28.000000
-22.000000
3.000000
28.000000
64.000000
112.000000
147.000000
205.000000
257.000000
303.000000
351.000000
397.000000
424.000000
453.000000
472.000000
485.000000
480.000000
466.000000
449.000000
420.000000
381.000000
343.000000
295.000000
246.000000
201.000000
155.000000
105.000000
65.000000
22.000000
-24.000000
-52.000000
-88.000000
-118.000000
-151.000000
-168.000000
-180.000000
-187.000000
-191.000000
-182.000000
-162.000000
-151.000000
-126.000000
-98.000000
-68.000000
-36.000000
5.000000
45.000000
85.000000
119.000000
140.000000
153.000000
146.000000
139.000000
102.000000
63.000000
27.000000
-26.000000
-74.000000
-111.000000
-161.000000
-202.000000
-237.000000
-270.000000
-308.000000
-342.000000
-368.000000
-404.000000
-421.000000
-439.000000
-448.000000
-438.000000
-419.000000
-397.000000
-348.000000
-301.000000
-255.000000
-201.000000
-140.000000
-92.000000
-40.000000
-2.000000
31.000000
68.000000
84.000000
