0
0
1
0
-1
0
0
-1
0
0
0
-1
0
0
1
0
0
0
0
0
0
1
0
0
0
0
1
0
0
0
1
1
0
0
0
0
0
-1
1
0
0
0
0
0
1
0
0
0
-1
0
1
0
-1
0
0
0
0
0
0
0
0
0
0
0
1
0
0
0
0
0
0
0
0
0
1
0
1
-1
0
0
0
0
-1
0
0
0
0
0
0
0
0
0
0
0
0
0
0
0
0
0
0
0
0
0
0
0
0
0
0
0
0
0
0
1
0
0
-1
0
0
0
0
0
0
0
-1
0
0
1
0
-1
0
0
0
0
0
0
0
0
0
0
0
-1
0
0
0
0
0
1
-1
0
0
0
0
0
0
-1
1
0
0
0
0
0
-1
0
0
0
0
0
0
0
0
0
0
-1
-1
-1
-1
0
-1
0
0
0
-1
0
0
-1
-1
0
-1
0
0
0
-1
0
0
0
0
0
0
0
1
0
0
0
0
0
0
0
0
0
0
1
1
0
0
0
0
0
0
0
0
0
0
0
1
0
0
0
0
0
1
1
0
0
0
0
0
-1
0
0
0
0
0
0
1
0
0
1
-1
0
0
1
0
1
1
0
1
1
0
0
0
0
1
0
0
0
0
0
1
0
1
0
-1
0
0
0
0
0
0
0
0
0
0
0
1
0
0
1
0
0
0
1
0
0
0
-1
-1
0
0
0
0
0
0
0
0
0
1
0
0
0
0
-1
0
0
0
0
0
-1
0
0
0
0
-1
0
1
0
0
0
0
0
0
0
-1
0
1
0
0
1
0
-1
0
-1
-1
0
0
0
0
0
0
0
0
0
0
1
1
0
1
1
0
1
-1
0
0
0
0
0
0
0
0
0
0
0
0
1
0
0
0
0
0
0
0
0
0
0
0
0
0
0
0
-1
0
0
1
0
0
1
0
0
0
0
0
1
-1
0
0
0
0
0
1
0
0
-1
0
0
0
-1
1
0
0
1
-1
-1
0
0
0
0
0
0
0
0
0
0
0
0
0
0
0
1
0
0
0
1
1
0
-1
0
1
0
0
-1
0
0
0
0
0
-1
0
0
0
0
-1
0
0
0
0
0
0
0
0
0
0
0
0
0
0
-1
0
0
0
0
0
-1
0
0
0
1
0
-1
0
0
0
-1
0
0
0
-1
0
0
0
0
0
0
0
0
0
0
0
0
0
0
0
0
0
0
0
0
0
0
0
0
0
1
0
0
0
0
0
0
0
1
0
0
0
1
0
0
-1
0
-1
1
1
0
0
0
0
0
0
0
0
0
0
0
0
0
0
0
0
0
-1
0
0
0
0
0
0
0
0
0
0
-1
-1
-1
0
0
0
0
-1
0
0
0
0
0
0
0
0
0
1
0
1
-1
0
0
0
0
0
1
-1
0
1
-1
1
0
0
0
0
0
0
-1
0
0
0
-1
0
-1
0
0
0
0
0
-1
0
0
1
0
1
0
-1
0
0
0
0
0
-1
0
0
-1
-1
0
0
0
0
0
1
0
0
0
0
0
-1
0
0
0
0
0
0
0
0
0
1
0
1
0
0
1
-1
1
0
0
0
-1
-1
0
0
0
-1
0
-1
0
0
0
-1
0
0
0
0
1
0
0
0
0
0
0
1
0
1
0
0
0
0
0
0
1
0
0
0
1
1
0
0
0
0
0
0
0
0
0
1
0
0
0
0
0
0
0
1
-1
0
-1
0
0
0
-1
-1
0
0
1
0
-1
0
0
0
0
0
0
-1
-1
0
0
-1
1
0
0
0
0
0
0
0
0
1
0
0
0
0
0
0
0
0
0
1
-1
-1
0
0
0
0
-1
0
0
0
0
0
0
0
0
0
0
0
0
0
0
0
0
-1
0
0
0
0
0
0
0
0
1
0
0
0
1
0
0
-1
-1
0
0
0
1
-1
0
0
0
-1
1
0
0
0
1
0
0
0
0
0
0
0
1
1
0
0
0
-1
0
0
0
0
0
0
0
0
0
0
1
-1
0
0
-1
2
0
0
-1
0
0
0
-1
0
0
0
0
0
0
0
-1
0
0
0
0
0
0
0
-1
0
0
0
-1
0
0
-1
-1
0
0
0
0
0
0
1
-1
0
-1
0
0
0
0
0
0
0
0
1
0
0
0
0
-1
0
0
0
1
0
0
0
0
0
1
1
0
0
0
0
0
-1
0
-1
1
0
1
0
0
1
0
0
1
0
0
0
1
-1
-1
1
0
0
1
-1
0
0
1
0
0
0
0
0
0
-1
0
0
0
0
0
0
1
1
0
0
0
0
0
0
0
0
0
0
-1
1
0
0
1
0
0
0
0
0
-1
0
0
0
0
-1
1
0
0
-1
0
0
0
0
0
-1
0
-1
1
0
0
1
0
0
0
0
0
0
1
0
-1
0
0
0
1
0
1
0
-1
0
0
-1
0
0
1
1
0
0
0
-1
-1
0
0
0
-1
0
0
1
0
1
0
0
1
0
0
1
0
0
0
0
0
0
0
0
0
0
0
0
1
0
0
0
0
0
0
0
0
0
1
-1
0
-1
0
0
0
0
0
-1
0
0
0
1
0
0
0
0
0
-1
0
0
0
-1
1
1
-1
0
0
0
0
0
0
0
0
0
0
0
0
0
-1
0
0
0
0
0
0
-1
0
-1
0
0
0
0
-1
0
-1
0
0
0
0
0
0
0
0
-1
0
1
0
1
0
0
0
0
0
0
1
0
0
0
0
0
1
0
0
0
1
1
0
0
0
0
0
0
0
0
1
1
1
0
0
-1
0
0
0
-1
-1
0
0
0
0
0
0
0
0
0
-1
0
0
0
0
0
0
0
0
0
0
0
1
1
1
0
-1
0
0
0
0
0
0
1
-1
-1
0
0
0
0
0
1
0
-1
0
0
0
0
0
0
0
0
-1
0
0
0
0
1
0
0
0
0
0
-1
1
1
0
0
0
0
1
0
0
0
0
0
0
0
0
0
0
0
0
1
0
0
0
0
0
0
1
0
0
0
0
0
0
0
0
0
0
1
0
-1
0
0
0
0
-1
0
0
0
0
0
0
-1
0
0
-1
0
0
0
-1
1
0
0
0
0
-1
0
0
0
0
0
0
0
0
-1
0
0
0
0
0
0
0
0
0
0
0
1
0
0
0
0
0
0
-1
0
0
0
0
1
0
0
0
0
0
0
0
-1
0
-1
0
0
1
0
0
0
0
0
0
0
1
0
0
0
0
0
0
-1
0
1
0
0
0
0
0
0
0
0
-1
0
0
0
0
0
0
0
0
1
0
0
0
1
0
0
-1
0
0
0
0
-1
0
0
0
0
1
0
0
1
0
0
0
0
0
0
0
0
0
0
0
0
0
0
0
1
0
0
0
0
0
1
0
0
1
0
1
-1
0
0
0
0
0
0
0
0
-1
0
-1
-1
0
0
0
0
0
0
0
0
0
0
-1
0
-1
0
0
0
0
0
0
-1
0
0
0
0
0
0
0
0
0
0
0
0
0
0
0
0
0
1
1
0
-1
0
0
0
0
0
0
0
0
1
0
0
0
0
0
0
0
1
0
0
0
0
0
1
0
0
0
0
0
0
0
-1
-1
0
0
0
0
0
-1
-1
0
0
0
-1
1
0
0
-1
0
0
0
0
0
0
0
0
0
0
0
0
0
0
0
0
1
0
0
-1
0
0
0
0
0
1
1
0
0
-1
-1
0
0
0
0
-1
0
0
1
0
0
1
0
0
1
0
1
0
0
0
0
0
0
-1
0
0
0
0
0
0
1
0
0
0
0
0
0
-1
-1
0
-1
0
0
0
0
0
0
0
0
0
-1
0
0
-1
0
-1
0
0
0
0
1
0
0
1
0
0
0
0
0
0
0
-1
1
0
0
0
0
0
0
0
0
0
1
0
1
0
0
0
1
-1
0
0
0
0
0
0
0
0
0
0
-1
0
0
0
0
1
1
0
1
0
0
0
1
0
0
0
0
0
0
-1
-1
-1
-1
0
0
0
0
0
-1
0
0
0
0
0
-1
0
-1
0
1
0
0
1
0
0
-1
0
-1
0
0
0
-1
0
1
-1
0
0
0
0
-1
0
1
0
-1
1
1
0
1
-1
0
0
1
0
0
-1
1
0
0
1
0
0
0
0
1
0
0
0
0
1
0
0
0
-1
0
1
0
1
-1
0
1
0
0
0
0
0
-1
0
0
-1
0
0
0
0
0
0
0
-1
0
1
0
1
0
-1
0
0
1
0
0
0
0
0
0
-1
0
-1
0
0
0
0
0
0
0
1
0
1
0
0
0
0
0
-1
0
0
0
0
0
-1
0
0
0
0
0
0
1
0
0
0
0
0
-1
0
0
0
0
0
0
0
0
-1
0
1
0
0
0
0
0
0
0
0
0
0
0
0
0
0
0
0
1
0
0
0
-1
0
0
0
1
0
0
0
-1
0
0
0
0
0
1
0
1
0
0
-1
0
-1
0
0
0
0
0
0
0
0
0
0
0
0
0
1
0
0
0
0
0
0
0
0
0
0
0
0
0
0
0
0
0
0
1
0
0
0
1
0
0
0
1
0
0
0
0
1
1
0
0
0
0
-1
0
0
0
1
0
0
-1
1
0
0
-1
0
0
0
0
0
1
0
1
0
0
0
0
0
-1
0
-1
0
0
-1
0
0
0
-1
0
0
0
0
0
0
0
0
1
-1
1
0
0
0
-1
0
0
0
0
0
1
0
0
0
0
1
0
0
0
1
1
0
0
0
0
0
0
0
0
0
1
0
-1
0
0
0
1
0
0
0
0
0
0
1
0
0
0
1
0
0
0
0
0
0
0
0
0
0
0
0
-1
0
0
0
-1
-1
-1
0
0
0
0
0
0
0
-1
1
0
1
0
0
0
0
1
1
0
-1
0
1
-1
0
0
0
0
0
0
0
0
0
0
0
0
0
1
-1
0
0
0
0
0
0
0
-1
0
-1
0
0
0
0
0
-1
0
0
0
0
0
1
0
0
0
0
0
0
0
0
0
0
0
0
0
0
1
0
1
0
-1
-1
-1
0
0
0
0
0
0
0
-1
0
0
1
-1
-1
1
0
0
0
0
0
0
0
-1
0
0
0
0
0
0
0
0
0
0
0
0
0
0
0
-1
0
0
0
0
0
0
0
0
1
0
0
0
1
0
0
-1
1
0
-1
0
0
-1
0
0
0
0
-1
0
0
0
0
1
0
0
0
1
0
0
1
-1
0
0
0
0
0
0
-1
0
1
0
0
0
1
-1
0
0
0
0
0
0
0
0
0
1
0
-1
0
0
-1
-1
0
0
0
0
-1
-1
-1
0
0
0
0
0
0
0
0
0
1
0
-1
0
1
0
0
0
0
0
-1
0
0
0
0
0
0
-1
1
0
0
0
0
1
1
0
0
0
0
1
0
0
0
0
0
0
0
0
0
0
-1
0
-1
0
1
0
0
0
0
0
0
0
0
0
0
0
0
0
0
0
1
1
0
0
0
-1
1
0
0
0
0
0
0
1
0
1
0
0
0
-1
0
0
0
-1
0
0
0
0
0
0
1
0
-1
0
0
-1
-1
0
0
0
0
-1
0
0
0
0
0
0
-1
0
0
0
-1
1
0
1
0
0
-1
0
0
0
1
0
0
0
0
0
0
-1
0
0
-1
0
-1
-2
-2
2
2
3
3
0
-2
-5
-3
1
2
2
0
-4
-5
-2
-3
1
6
8
9
3
-3
-2
2
9
11
9
6
-1
-3
-4
-5
-3
2
3
-1
-10
-17
-15
-11
-2
3
5
0
-9
-10
-13
-11
-4
4
14
12
-1
-11
-9
8
15
7
1
-2
-2
-10
-21
-15
-5
-7
-8
-15
-15
-6
-10
-3
5
6
8
-1
2
7
3
9
20
32
27
11
-6
-1
15
26
25
18
15
15
11
10
10
12
15
15
18
9
-8
-16
-7
3
5
1
-2
-12
-27
-35
-29
-9
0
-1
-12
-33
-40
-34
-14
30
37
23
14
-3
-5
-2
13
40
55
51
24
-12
-31
-43
-42
-16
-1
-10
-24
-55
-66
-68
-67
-14
10
10
2
-43
-56
-25
8
35
47
44
13
-20
-30
-12
37
67
69
59
25
-28
-43
-13
26
52
55
38
19
-10
-60
-55
15
87
152
139
51
-1
-39
-52
-43
-25
-13
-19
-21
-47
-89
-87
-60
-24
0
-31
-55
-74
-90
-62
-13
42
71
63
68
-1
-50
25
53
95
123
-98
-566
-894
-615
-186
-290
-389
31
544
377
-224
-155
247
59
-77
575
1378
1168
40
-437
-30
142
180
836
1756
1682
399
-502
-481
-248
33
328
582
451
-141
-581
-626
-640
-583
-420
-170
5
-72
-214
-556
-1009
-1218
-1042
-510
131
518
526
78
-608
-993
-760
-81
526
668
311
-219
-549
-592
-448
-115
199
337
280
110
-53
-175
-255
-307
-237
-9
226
305
243
11
-218
-274
-137
148
447
587
464
161
-84
-89
33
179
343
555
682
588
347
157
119
191
328
482
546
468
223
-74
-185
-58
182
328
344
258
104
-59
-157
-181
-120
-14
76
171
144
-40
-199
-214
-54
224
432
476
364
145
-57
-182
-193
-41
214
426
389
-27
-567
-848
-696
-256
132
359
393
147
-287
-610
-607
-317
3
159
125
-162
-697
-1674
-3071
-4223
-4318
-3074
-1266
-266
-762
-2337
-3807
-3896
-2252
327
2342
2862
2079
909
248
544
1524
2686
3620
4009
3952
3448
2690
1975
1604
1615
1896
2183
2065
1329
75
-1096
-1569
-1118
-373
23
-99
-571
-1008
-1187
-1177
-1060
-760
-293
179
447
403
-29
-615
-873
-375
775
1787
1843
977
-46
-667
-627
-94
526
744
220
-720
-1496
-1618
-1280
-859
-565
-355
-167
-186
-392
-674
-617
-326
83
463
679
608
225
-42
19
490
950
1113
765
224
-200
-354
-240
-147
-158
-314
-386
-405
-388
-570
-907
-1236
-1237
-907
-655
-740
-1108
-1224
-916
-277
238
639
964
1279
1492
1459
1149
513
-246
-1259
-2630
-4443
-5648
-5023
-2695
-642
-843
-2975
-5022
-5051
-2960
180
2792
3825
2978
1199
106
535
2113
3680
4774
5348
5505
5059
4067
2885
2024
1773
1976
2421
2532
1857
301
-1363
-2114
-1565
-418
213
-21
-586
-851
-918
-1092
-1462
-1539
-919
197
1168
1416
930
228
51
724
1870
2653
2547
1626
554
-200
-623
-844
-1105
-1486
-1908
-2132
-2183
-2237
-2553
-2992
-3145
-2762
-1829
-874
-275
-282
-513
-397
257
1194
1953
2392
2471
2419
2171
1808
1328
872
574
349
136
-307
-931
-1656
-2181
-2331
-1997
-1487
-1175
-1220
-1449
-1502
-1234
-717
-251
79
219
353
427
543
565
626
776
948
1086
893
289
-788
-1620
-1770
-1032
-206
47
-377
-1002
-1178
-733
548
1996
2873
2649
1755
769
-60
-1061
-2598
-4330
-5075
-3774
-1096
654
-361
-3326
-5491
-4849
-1819
1883
4177
4235
2298
77
-825
108
2066
3778
4825
5094
4942
4117
2997
1880
1506
1871
2496
2684
1913
449
-1320
-2318
-2185
-961
141
322
-528
-1442
-1654
-1375
-1119
-1222
-1063
-363
760
1428
1225
382
-171
264
1625
2990
3383
2583
1112
-109
-579
-339
-59
-137
-664
-1324
-2066
-2748
-3224
-3182
-2599
-1924
-1443
-1350
-1521
-1927
-2085
-1582
-319
1096
1806
1541
714
146
166
767
1445
1672
1252
360
-475
-963
-1005
-858
-647
-380
-128
-14
-179
-538
-849
-654
16
849
1338
1264
749
217
62
335
898
1344
1416
1028
490
-78
-468
-749
-950
-1058
-1047
-992
-1267
-1938
-2892
-3401
-3071
-1864
-465
419
588
410
577
1277
2427
3568
4296
4075
2713
533
-1964
-4201
-5367
-4597
-2129
54
-287
-3376
-6662
-7481
-5104
-959
2639
4027
2757
189
-1753
-1473
662
3333
5309
6170
6122
5366
4338
3184
2494
2426
3007
3559
3365
2039
-39
-1804
-2483
-1718
-306
748
674
-220
-1164
-1531
-1370
-1051
-684
-172
558
1107
1030
288
-464
-557
284
1467
2215
2000
955
-328
-1115
-1067
-586
-290
-645
-1444
-2263
-2753
-3037
-3166
-3023
-2520
-1778
-1118
-729
-637
-632
-498
80
1122
2196
2695
2431
1697
1022
698
700
852
934
769
196
-613
-1370
-1773
-1845
-1742
-1619
-1465
-1267
-1137
-1118
-1221
-1143
-629
310
1232
1705
1582
1068
542
274
395
748
1094
1128
838
381
-3
-125
33
296
358
-7
-715
-1458
-1988
-2251
-2278
-2077
-1824
-1607
-1268
-414
873
2074
2696
2948
3176
3357
3182
2306
564
-2348
-5660
-7550
-6028
-1984
1129
333
-3765
-7442
-7738
-4212
764
4627
5282
2975
-302
-2055
-1111
1629
4671
6555
7225
6670
5517
3985
2479
1531
1472
2156
2564
1996
90
-2204
-3781
-3678
-2037
80
1292
993
-69
-828
-655
-139
69
-67
117
818
1501
1367
297
-790
-859
279
1755
2426
1783
376
-838
-1233
-912
-432
-348
-803
-1691
-2667
-3329
-3452
-3152
-2621
-2033
-1426
-829
-415
-154
36
365
831
1471
2015
2292
2307
2028
1533
871
290
-62
-136
-228
-563
-1122
-1693
-2042
-2119
-2046
-1889
-1517
-859
5
758
1031
786
372
257
574
1048
1287
1115
730
387
245
187
115
5
41
248
450
374
-85
-703
-1280
-1553
-1592
-1393
-1366
-1657
-2188
-2482
-2050
-988
334
1167
1582
1864
2584
3472
4036
4122
3899
3552
2421
120
-3591
-7324
-8837
-6495
-1776
1140
-504
-5532
-9384
-8964
-4239
1987
6421
6968
3910
-96
-2253
-1017
2472
6102
7917
7514
5749
3858
2488
1577
1246
1338
1768
1844
1036
-828
-3065
-4611
-4590
-2854
-579
845
655
-455
-1365
-1385
-859
-224
508
1455
2418
2693
1866
332
-656
-229
1337
2863
3238
2321
768
-740
-1674
-1866
-1359
-683
-506
-1258
-2681
-3934
-4356
-3627
-2219
-748
93
204
-73
-117
340
1076
1890
2441
2674
2520
2223
1903
1645
1389
1167
1051
807
297
-422
-1070
-1563
-1968
-2357
-2565
-2391
-1790
-1064
-601
-634
-936
-1013
-601
250
1059
1367
950
204
-259
-82
520
954
935
546
192
96
290
481
338
-228
-1097
-1862
-2340
-2432
-2395
-2469
-2732
-2812
-2229
-1071
271
1276
2094
2794
3398
3698
3826
3876
3648
2808
709
-2765
-6892
-9163
-7500
-2505
1550
767
-4420
-9659
-10585
-6415
427
5911
7196
3827
-1378
-4627
-3577
1031
6423
9575
9120
6217
3236
2039
2542
3813
4729
4894
4050
2446
390
-1520
-2741
-2672
-1218
657
1632
785
-1010
-2496
-2595
-1762
-752
-98
393
890
1006
491
-536
-1054
-471
1158
2703
3270
2587
1250
73
-429
-138
570
1201
1101
-8
-1788
-3324
-3740
-3019
-1904
-1158
-1102
-1453
-1950
-2061
-1696
-905
-182
299
612
824
967
917
969
935
907
730
754
846
873
530
-271
-1194
-1926
-1900
-1352
-590
-389
-593
-965
-1021
-789
-394
137
683
1182
1219
975
531
455
614
886
918
765
604
417
155
-419
-959
-1284
-1107
-913
-1045
-1741
-2618
-3101
-2929
-2236
-1599
-1197
-1093
-867
-304
879
2365
3489
3696
3052
2280
1979
2387
2687
1524
-2147
-6974
-9466
-6904
-952
3070
1460
-4397
-9298
-9433
-4745
1674
6055
5959
1677
-3584
-5998
-3623
2012
7349
9159
6992
3282
1164
1940
4419
6656
7184
5813
3259
852
-474
-642
-126
543
1058
963
117
-1136
-1963
-1891
-1232
-755
-878
-1274
-1353
-954
-640
-781
-1174
-1076
-222
895
1552
1554
1371
1267
1192
929
759
917
1172
986
167
-769
-1288
-1211
-931
-764
-770
-773
-811
-996
-1254
-1391
-1278
-1061
-843
-621
-319
18
308
428
376
278
460
942
1483
1616
1126
148
-861
-1209
-821
-16
407
249
-354
-957
-1306
-1308
-1012
-625
-260
-190
-404
-953
-1356
-1355
-818
-170
264
444
462
406
56
-403
-785
-704
-411
-222
-557
-1219
-1749
-1734
-1301
-946
-818
-873
-667
-277
341
857
1280
1549
1688
1564
1107
766
842
1328
1383
317
-2361
-5490
-6758
-4464
-227
2140
639
-3190
-6157
-6657
-4382
-409
3305
4167
1596
-2399
-4661
-3245
1056
5597
7275
5629
2540
848
1463
3635
5840
6594
5409
2889
883
414
1387
2592
3224
2870
1731
385
-406
-151
618
1100
594
-522
-1610
-1921
-1565
-1114
-1162
-1616
-1834
-1611
-1138
-717
-119
595
1087
869
270
-124
130
878
1551
1662
1038
207
-323
-224
269
824
1015
631
-201
-979
-1303
-1116
-730
-471
-493
-833
-1258
-1586
-1570
-1194
-537
39
203
-199
-888
-1395
-1332
-771
-148
96
-213
-773
-1212
-1162
-732
-221
-6
-155
-499
-790
-934
-905
-797
-710
-641
-582
-527
-645
-873
-1088
-1075
-954
-896
-1012
-1269
-1498
-1523
-1293
-1009
-826
-716
-507
-202
266
891
1483
1603
1252
966
1210
1777
2152
2119
1749
1196
663
548
931
1442
1502
1040
440
151
237
518
719
557
-74
-916
-1467
-1442
-918
-303
-11
-352
-1122
-1632
-1347
-523
191
390
134
-383
-874
-923
-428
230
530
435
165
53
270
792
1290
1420
1301
1211
1289
1476
1709
1893
1857
1530
1106
803
686
633
553
361
94
-116
-117
124
463
674
573
218
-87
-13
459
1028
1327
1214
761
256
-37
29
364
654
558
10
-722
-1193
-1137
-752
-438
-583
-1129
-1774
-2048
-1725
-979
-346
-310
-823
-1456
-1716
-1495
-949
-424
-224
-516
-1027
-1336
-1214
-837
-504
-357
-374
-382
-313
-163
-114
-192
-241
-83
180
322
241
39
-150
-282
-308
-256
-168
-196
-361
-562
-647
-589
-443
-275
-102
48
107
104
152
347
586
728
762
820
965
1076
994
736
440
239
207
314
437
416
202
-87
-242
-203
-65
20
-29
-183
-339
-395
-307
-156
-95
-194
-354
-410
-293
-86
32
-26
-201
-324
-250
-26
197
323
348
313
275
284
348
459
578
667
684
596
430
262
187
248
400
479
344
1
-347
-479
-380
-206
-108
-133
-255
-359
-346
-170
69
207
192
136
226
528
939
1263
1363
1244
1049
960
1036
1178
1209
1002
604
228
105
315
636
751
558
229
44
146
479
779
786
439
-70
-428
-487
-334
-231
-379
-785
-1215
-1449
-1425
-1290
-1246
-1375
-1569
-1591
-1352
-973
-686
-647
-826
-1010
-1006
-779
-515
-397
-430
-532
-602
-600
-507
-365
-237
-175
-188
-263
-347
-396
-396
-375
-338
-251
-163
-158
-248
-299
-183
142
553
844
831
520
137
-42
81
371
620
647
461
194
66
186
481
741
799
659
454
316
261
248
184
30
-177
-338
-428
-487
-595
-749
-842
-808
-634
-430
-297
-292
-368
-398
-258
53
402
618
626
499
371
399
608
904
1098
1091
929
756
694
747
837
895
889
833
732
566
366
178
74
67
104
109
25
-125
-268
-278
-105
177
388
391
185
-97
-279
-258
-66
121
150
-14
-257
-419
-381
-155
135
338
386
352
343
433
590
760
866
872
809
735
683
634
547
355
71
-232
-448
-553
-602
-660
-752
-867
-965
-992
-944
-891
-936
-1069
-1193
-1226
-1166
-1058
-935
-834
-789
-774
-725
-587
-375
-185
-72
-75
-158
-262
-354
-396
-400
-384
-377
-428
-545
-643
-630
-494
-337
-252
-274
-355
-426
-444
-375
-247
-109
-15
22
39
105
237
372
447
459
459
500
601
732
836
845
747
601
482
452
482
496
436
299
131
7
-27
58
214
330
340
264
197
200
288
400
470
476
457
452
457
473
503
564
612
622
590
553
540
553
580
591
561
503
457
415
356
260
173
122
121
127
127
114
74
19
-66
-167
-266
-323
-322
-280
-283
-363
-492
-603
-646
-611
-518
-412
-328
-301
-289
-252
-158
-18
149
302
392
425
443
489
543
546
448
268
58
-113
-217
-302
-396
-508
-633
-756
-844
-875
-868
-854
-848
-850
-833
-810
-769
-708
-669
-636
-585
-488
-351
-220
-115
-75
-102
-163
-202
-176
-114
-67
-45
-82
-170
-253
-280
-218
-95
11
35
-25
-131
-233
-272
-223
-128
-43
-19
-32
-42
-50
-29
15
71
129
193
275
350
394
405
405
433
509
617
693
686
595
465
371
359
436
524
548
479
350
227
174
237
359
442
416
309
201
143
151
215
283
323
325
307
294
288
292
301
316
319
331
369
424
459
428
340
279
311
425
538
551
447
269
103
23
7
-13
-93
-243
-421
-586
-690
-709
-691
-705
-800
-918
-980
-925
-774
-636
-569
-565
-541
-434
-244
-14
195
357
465
534
577
592
581
536
455
339
188
41
-105
-259
-421
-589
-744
-855
-888
-848
-781
-722
-686
-643
-565
-448
-319
-202
-105
-41
-16
-16
-12
0
5
-18
-55
-100
-130
-112
-54
14
55
76
101
127
159
195
231
239
192
113
41
-3
11
55
78
52
-16
-80
-103
-90
-58
-34
-41
-55
-60
-47
-9
32
66
86
111
147
167
164
126
72
45
70
147
219
247
225
173
153
184
271
373
441
458
421
361
309
289
323
366
391
373
304
200
85
30
20
50
97
132
144
120
84
72
125
241
382
483
502
429
330
259
259
330
422
463
411
265
83
-56
-118
-131
-179
-293
-466
-630
-739
-777
-755
-725
-686
-639
-572
-493
-404
-300
-175
-48
52
111
141
152
152
144
108
66
11
-59
-158
-274
-387
-474
-500
-466
-388
-322
-280
-272
-274
-248
-168
-39
86
143
113
17
-92
-131
-99
-29
-23
-114
-271
-406
-440
-378
-257
-168
-149
-182
-220
-210
-137
-30
88
171
184
136
78
62
94
160
217
247
248
230
218
233
264
300
322
321
314
306
307
290
247
176
92
13
-38
-54
-47
-47
-47
-58
-72
-68
-43
16
71
131
175
217
245
260
271
269
270
278
307
373
433
435
389
289
204
161
176
194
164
45
-123
-246
-294
-232
-106
19
68
-4
-162
-292
-318
-216
-38
114
153
61
-107
-245
-271
-195
-56
50
52
-44
-151
-214
-196
-136
-61
-1
48
101
154
190
196
167
125
126
179
260
312
307
227
129
32
-7
-14
-51
-141
-294
-477
-639
-702
-657
-528
-427
-401
-463
-541
-552
-424
-185
27
114
46
-104
-231
-227
-95
84
195
180
63
-80
-167
-165
-120
-68
-67
-83
-93
-104
-115
-109
-122
-166
-185
-174
-148
-142
-107
-97
-79
-42
20
124
256
361
392
364
311
281
228
147
61
-64
-268
-296
95
579
907
1074
842
473
81
-22
336
782
888
795
428
-390
-738
-810
-462
130
505
537
235
-276
-667
-600
-410
30
286
256
-43
-305
-460
-327
23
338
613
547
356
60
-98
-198
-84
94
276
404
347
186
22
-18
11
212
366
434
271
-35
-352
-548
-581
-456
-209
-47
-59
-226
-474
-601
-492
-236
109
290
283
97
-73
-131
-11
203
339
352
209
28
-91
-95
-86
-64
-94
-230
-382
-460
-502
-432
-263
-169
-123
-143
-304
-366
-360
-300
-67
95
165
115
-43
-244
-328
-314
-231
-42
43
92
35
-180
-262
-291
-189
17
98
123
3
-177
-275
-215
-77
93
193
38
-120
-142
-112
-20
112
82
-177
-696
-1070
-853
-397
295
1069
1546
1376
784
232
-37
110
518
1267
1577
1481
1012
255
-264
-539
-363
182
744
1107
1160
608
-97
-741
-1039
-963
-503
87
517
606
237
-78
-524
-659
-473
-141
263
368
176
-142
-485
-661
-435
79
413
658
612
268
-18
-240
-80
135
195
84
170
-91
-357
-282
-189
-121
-35
10
-234
-167
-542
-383
76
-208
-151
-114
-620
-694
-339
-397
101
297
-44
228
-110
-613
-336
-326
-264
280
6
75
91
-642
-452
-450
-268
99
378
344
302
-35
-471
-285
-367
329
528
497
526
-1
-376
-464
-499
211
331
65
219
-505
-791
-770
-163
290
356
272
237
-74
-180
57
316
323
185
184
-108
74
-338
-89
-295
-63
64
-26
448
-76
51
70
-109
-244
-66
166
404
353
327
426
311
-7
250
255
-31
113
-79
237
136
144
523
426
40
152
-2
11
86
354
856
264
232
204
-333
-412
-143
-122
210
352
289
704
276
-469
-253
-404
-352
165
311
673
506
233
-331
-632
-617
-439
355
772
824
567
341
-654
-852
-338
-142
301
207
635
238
-327
-893
-821
-395
-326
45
411
509
-235
60
-488
-183
-264
-633
-126
25
-139
-188
112
-561
-303
-767
-444
-354
54
-162
-503
-209
-692
-443
-371
236
-121
127
-321
-245
239
-15
42
5
-162
-645
-358
78
87
-135
328
200
-248
-473
-82
113
533
387
366
632
-596
-275
2
-347
228
385
306
807
221
-205
224
-571
-498
360
319
843
617
306
136
-194
-148
-43
435
495
810
366
222
-338
-538
162
-238
119
906
160
158
308
-525
350
-91
-214
334
-211
-207
277
-44
254
463
-318
447
92
-124
235
331
114
221
-1
101
-42
-746
-58
-635
160
186
118
261
-310
-70
-195
28
-57
359
326
-46
43
565
-82
226
255
28
299
-127
187
-34
91
-316
280
203
-237
8
77
-28
-152
75
140
-177
-174
-40
-314
-285
-897
-132
-320
-304
-377
-51
-378
-740
-519
-363
67
-729
197
-267
85
-539
-269
-266
-335
-31
-221
401
-73
455
-383
3
-101
-66
-92
196
-22
-110
253
-232
190
-67
-332
-559
-249
-113
227
-12
241
22
-122
97
51
-163
102
-58
44
620
95
159
-96
-25
-207
44
30
513
203
415
188
71
506
-115
-33
299
523
-64
652
56
237
-125
-243
-201
-11
292
22
476
-86
393
-131
122
-11
111
471
416
510
449
129
-5
161
-189
195
-105
399
196
-24
186
96
-85
-91
70
-254
298
-239
49
152
-329
286
-669
-390
-28
-339
6
230
-36
82
-103
-640
444
-441
-224
158
-154
196
-152
-123
173
-254
-483
336
161
564
284
208
-85
-194
-281
48
117
155
455
-368
94
-591
-216
-329
-226
-25
-143
-24
-237
-241
-410
20
-732
47
-175
-405
183
-180
-248
33
-8
-529
93
-375
-91
-15
-235
125
-343
-72
-160
162
-1
296
104
-83
260
-263
18
-252
157
-239
147
-134
-102
77
-335
406
-293
101
-89
185
-251
71
35
-107
392
-183
462
81
254
156
360
330
244
354
-4
-135
155
-91
233
290
85
652
-367
423
66
100
337
241
243
-166
226
-201
284
-286
248
403
-20
220
23
-16
-325
-245
39
19
202
289
-325
269
-160
-88
297
-192
471
482
-38
271
293
-107
-108
-65
182
62
243
-247
113
-111
-220
247
-469
-31
-430
-28
-302
-71
289
-190
153
-443
37
-155
-223
209
-20
234
141
-330
-100
-262
-571
7
196
70
194
101
-384
61
-317
-423
-7
-164
-6
-256
173
13
-196
-382
-325
-204
-266
99
-416
13
-185
-386
-34
-351
-443
-227
-52
-124
520
-107
-107
113
-122
51
-116
114
173
-47
-406
617
-66
128
-140
-564
593
-408
62
118
165
-209
113
109
204
416
-222
296
-144
89
118
331
67
-57
16
532
-234
-24
361
-107
211
5
541
56
544
-703
618
510
-444
546
397
442
233
452
-233
630
-861
187
-74
130
687
-473
793
-372
105
-231
34
-22
77
292
-19
858
-288
-290
83
-242
41
-229
616
311
8
60
-384
540
-461
-487
33
299
-91
-129
189
-25
-305
-534
122
-206
-451
-225
395
-86
-74
0
-129
13
-709
-133
642
-258
40
138
-381
-424
-50
-289
-384
236
-540
175
-382
51
31
-327
-47
-359
-121
-146
-224
-259
81
-235
-292
-151
277
-755
277
-229
-3
-40
-161
-9
-116
373
-826
476
-570
431
-239
99
163
23
135
-261
407
-495
348
-362
177
-376
559
-224
-5
597
-114
184
470
231
-239
820
-571
454
319
-199
-56
423
-364
159
695
-334
696
282
137
-61
634
254
331
-108
10
707
-451
156
300
318
444
-43
14
422
-17
-335
644
-91
36
203
-348
64
-54
89
-74
156
-192
309
-65
-172
37
95
-295
-174
530
-451
427
-57
-149
194
68
-372
273
78
-506
132
-201
-130
-253
-191
-343
138
-244
-104
0
-160
-251
-196
-211
-254
-124
-53
-46
-267
174
-257
-329
-344
0
-143
-77
-163
64
45
-291
-230
14
93
-512
241
-151
-22
-141
-294
71
-374
-246
30
-39
114
147
112
211
-233
-143
7
-81
-92
-23
17
76
-266
45
-36
-9
190
-165
183
-206
-31
368
24
-209
160
239
-265
93
289
532
225
-137
418
407
104
-347
417
111
-135
16
13
705
-125
130
154
99
121
-90
306
181
184
64
99
-299
-220
170
-124
222
299
515
227
184
-189
226
463
-535
383
42
80
-281
116
-203
-45
243
-419
268
-30
265
-155
288
-171
164
-87
-360
-46
-223
-64
-57
101
46
40
-252
115
-626
302
-210
65
-121
22
103
-437
172
-698
435
-494
-2
73
-77
204
-234
28
-137
-57
-208
224
-154
-66
63
30
-90
-25
124
-97
-65
-90
-183
-151
347
-221
-50
108
-562
318
-409
-286
203
179
-146
-70
244
-73
65
-688
435
-113
-112
-42
237
14
-316
-21
-114
373
-679
620
-214
-114
-46
-188
112
-95
116
-366
527
-549
84
115
-251
371
-138
127
-41
294
-237
52
41
-11
464
-645
651
-117
77
85
-376
703
-426
-28
194
392
-71
-96
465
-25
-161
183
169
398
104
121
88
406
-228
-28
350
-194
358
-308
495
-282
565
-413
99
343
-271
365
-239
513
-318
192
-417
453
-379
222
34
121
310
-303
545
-275
222
-68
169
-241
404
-475
227
60
-501
298
-306
-62
-6
28
-90
-38
-5
-328
107
-66
-602
543
-591
231
-318
48
307
-256
-40
201
-38
-519
530
-744
364
-284
189
-312
22
-447
-138
318
-876
976
-505
193
-96
-177
-101
-54
-79
-277
199
-151
-121
-139
36
-161
-224
10
149
-327
180
-237
147
-48
-372
96
22
-466
-127
370
-337
148
-405
341
-99
-438
602
133
234
-106
362
-291
176
-106
-286
618
-679
710
-149
-192
180
52
-213
-47
747
-426
580
-22
139
13
-25
-331
504
-1
-192
704
27
513
-537
473
112
242
-154
567
339
14
49
44
470
-656
494
-294
541
-258
207
61
263
-386
-240
866
-865
868
-424
177
168
-135
9
591
-463
120
516
-863
956
-613
288
-330
5
-256
185
-163
-304
690
-938
513
-290
167
-304
11
-271
83
119
-782
666
-524
-374
351
-275
-87
367
-687
303
-24
-522
201
-50
-720
376
-70
-520
786
-711
228
-402
-293
3
174
-375
-84
658
-875
315
-478
206
42
-359
356
120
-96
-286
90
-429
176
-478
-141
213
-367
-5
50
222
-240
-24
-46
60
-188
105
440
24
169
-147
292
-188
-225
206
146
250
334
195
127
130
-278
233
-26
-63
397
-61
67
397
-381
144
-119
-311
473
-195
436
493
-190
-79
526
-320
-58
520
-281
430
93
-159
463
26
-308
529
-231
54
517
-367
313
-90
-8
69
51
-270
228
37
-365
765
-363
582
-44
-27
399
-453
580
-348
204
-91
-73
240
-305
313
-84
128
216
88
103
12
18
-233
-287
-114
-188
-520
-88
-487
-394
31
-318
139
-118
-153
30
197
-557
163
-180
-484
-18
-965
355
-482
-226
-432
-11
14
-515
330
-123
295
-203
410
-242
430
11
-54
364
-326
242
-171
124
-174
418
-216
289
-43
-239
164
-366
127
61
160
2
78
-293
-166
-481
342
-208
194
84
237
261
-713
370
-418
517
-411
328
145
109
-55
-239
289
-440
699
-462
755
188
216
161
97
-142
121
10
-146
822
-995
642
-476
288
-166
57
455
-96
617
-726
1203
-401
418
176
33
654
-477
311
-122
330
-608
252
570
-227
-16
-157
159
63
-451
507
394
-174
113
-242
273
-454
51
-158
154
59
-359
159
-210
-122
-420
176
-176
154
-210
-203
-31
4
-477
38
-82
-99
218
-729
863
-532
209
-156
-114
-148
-270
261
-465
553
-519
53
-27
14
-314
152
-40
110
-355
-185
389
-424
117
-707
455
-411
49
-66
108
567
-749
360
-398
73
5
-471
797
-174
60
-104
-108
235
-520
804
-295
666
132
-534
596
-827
250
-66
72
-27
-197
632
-630
176
168
-182
737
-387
493
123
-89
-128
-303
381
-503
473
-416
299
66
-482
441
-567
549
-80
90
448
-55
111
-383
-7
86
-4
-143
-20
-47
38
-41
271
54
338
83
-161
319
-108
373
-452
329
-223
-94
42
-579
214
-295
242
282
383
430
114
97
176
-266
666
-369
388
305
-436
390
-500
351
-645
493
91
248
495
-94
396
-432
159
-280
-80
211
-365
167
81
-523
287
-600
-179
-240
-470
97
-403
118
-363
-23
-390
0
-172
-315
462
-385
412
-235
-104
160
-401
-64
-334
-115
-199
176
-114
319
36
0
-70
-103
264
225
324
17
106
0
-152
-459
497
-579
422
65
74
58
-136
-26
-495
490
-686
980
-302
256
-73
-57
-145
-84
0
-215
607
-660
853
-591
90
-193
-51
-35
317
17
389
253
-703
106
-464
336
-474
465
-327
669
-431
-117
133
-361
393
-394
476
-76
506
-406
185
-154
46
28
107
164
283
397
-52
458
-242
237
-193
189
-205
215
195
-105
387
-135
35
59
-210
200
111
58
317
-190
-2
-220
266
-590
138
72
-367
527
-542
383
-56
-246
-159
-224
181
-268
118
173
180
92
-113
109
138
-284
95
83
192
209
22
-7
-266
249
-753
235
70
-503
720
-654
-8
157
-305
-406
-142
-21
-250
442
-253
301
-170
-279
-37
-418
50
-236
-7
-21
-151
-204
70
-560
232
-142
-79
661
-266
469
-51
-70
51
94
-254
440
-206
-9
433
-611
204
-38
-149
113
162
-313
859
-215
-224
331
-183
9
288
-94
139
552
-802
579
-295
76
43
158
220
-87
231
-217
69
-102
262
-215
473
-157
-120
69
272
-495
358
110
-356
753
-905
595
-169
-421
275
-562
337
69
-442
488
20
-295
274
198
-354
551
107
-570
779
-398
69
218
-362
50
86
-168
5
90
171
-340
106
323
-302
221
-89
100
-82
488
-381
295
-72
-533
356
-410
-181
179
-28
-847
543
-380
-263
500
-253
110
554
-12
-134
438
-323
126
80
-219
234
165
-534
45
-183
-115
178
-148
342
150
-241
36
144
-395
355
-79
-209
603
-165
-524
281
-455
-192
153
-497
291
-13
-291
-365
84
0
-307
-32
211
-72
212
118
-581
465
-26
-394
511
186
-350
344
-8
-507
523
-42
-422
612
-319
-102
533
-271
31
106
284
-238
255
248
-140
200
-253
141
-64
1
55
-188
280
-233
-193
630
-418
-5
356
-227
80
352
109
-450
471
-284
-198
505
-266
-109
108
-135
-303
156
28
-470
56
322
-284
390
135
-320
144
-16
-176
182
504
-230
217
243
-487
123
402
42
189
547
281
-183
261
133
-470
257
-37
-23
448
-214
-295
-69
-310
-289
549
-43
-27
345
-509
106
-88
-473
339
-88
-236
600
-475
-61
201
-745
491
-63
-97
739
-103
-306
593
-554
-280
895
-585
514
575
-844
308
183
-837
461
74
-375
488
-230
-393
-114
-266
-551
173
156
-228
-195
-138
-345
-597
41
-101
-291
40
-442
-1086
-453
-661
-799
-162
-235
-640
-739
-561
-968
-290
11
-569
170
197
-735
-190
32
-462
194
616
240
590
719
-6
661
882
632
1195
1234
1207
1026
1010
742
752
1155
890
1073
1080
641
373
196
272
378
452
514
418
95
-467
-478
-89
-198
288
339
-13
-256
-650
-524
-429
53
127
235
207
-401
-422
-358
-220
161
508
638
22
-357
-105
-379
94
378
149
367
-85
-844
-404
-24
-644
151
216
-545
1
-617
-833
137
-361
-403
192
-502
-672
-249
-1283
-1064
-577
-1910
-1314
-1031
-1695
-1190
-1242
-1933
-1707
-1768
-1954
-1034
-1086
-1126
-1156
-1769
-1577
-1422
-1293
-210
-173
-448
190
-45
147
957
1101
1513
2325
1945
1994
2546
2198
2565
2973
2970
3369
3422
2889
2803
2796
2443
2539
2626
2257
2092
1602
922
948
666
296
344
177
-160
-379
-843
-1551
-1535
-1650
-1719
-1508
-1966
-2323
-2549
-2713
-2517
-2049
-1858
-1904
-1982
-1853
-1580
-1527
-1035
-717
-802
-404
-137
-234
257
322
338
836
865
1158
1378
1205
1143
1345
1402
1469
1496
1354
1457
1176
1089
1320
1038
707
485
199
302
335
129
-66
-337
-301
-461
-510
-302
-340
-424
-509
-703
-718
-481
-1075
-1418
-1304
-2076
-2394
-2120
-1886
-1507
-1640
-2271
-2995
-3088
-2539
-1937
-1243
-1154
-1743
-2407
-2648
-2316
-1277
-407
-477
-556
-466
-381
15
701
1448
2111
2242
2224
2383
2615
2884
3262
3812
4199
4250
3874
3486
3438
3598
3665
3749
3478
2813
2224
1665
1563
1739
1572
1069
433
9
-268
-453
-618
-1022
-1373
-1818
-2135
-2373
-2524
-2830
-3356
-3393
-3204
-2500
-2198
-2917
-3516
-3316
-2597
-1956
-1597
-1416
-1571
-1982
-1889
-1084
170
531
164
187
536
1049
1350
1739
2110
2343
2174
1891
2104
2307
2494
2536
2557
2507
1968
1381
1346
1637
1710
1242
517
134
-9
-42
-71
131
114
-383
-985
-1280
-944
-841
-969
-1378
-1964
-2572
-3442
-3674
-2954
-2029
-1876
-2581
-3530
-3972
-3626
-2762
-1754
-1306
-1724
-2644
-3360
-3099
-1933
-894
-498
-665
-871
-720
-315
557
1632
2393
2697
2487
2304
2640
3226
3837
4504
4879
4718
4306
3864
3867
4345
4763
4713
4214
3376
2549
2157
2106
2384
2228
1569
710
-59
-236
-217
-303
-678
-1239
-1965
-2600
-2918
-2987
-2869
-2997
-3411
-3688
-3853
-3866
-3794
-3584
-3131
-2904
-2922
-3134
-3082
-2629
-2122
-1688
-1274
-885
-752
-636
-217
478
1154
1563
1678
1882
2088
2255
2432
2738
3083
3109
3054
2952
2839
2704
2467
2262
2279
2138
1629
1061
733
596
353
2
-229
-297
-445
-627
-788
-883
-1080
-1426
-1651
-1699
-2006
-2706
-3451
-3605
-2969
-2319
-2241
-2915
-3623
-3772
-3223
-2215
-1500
-1502
-2142
-2766
-2798
-2214
-1437
-958
-952
-1053
-981
-556
92
705
1265
1664
1958
2023
2070
2425
3049
3771
4152
4115
3883
3756
3915
4350
4771
4740
4271
3590
3075
2911
2994
2999
2685
2114
1410
937
773
731
610
291
-303
-954
-1473
-1904
-2106
-2323
-2552
-2777
-3004
-3172
-3527
-3862
-3791
-3344
-2995
-3063
-3351
-3379
-3066
-2693
-2239
-1782
-1485
-1360
-1190
-618
127
578
686
888
1290
1703
1997
2112
2366
2552
2545
2584
2695
2845
2774
2454
2170
1985
1819
1534
1184
945
646
227
-153
-332
-409
-506
-698
-848
-892
-1081
-1377
-1604
-1613
-1568
-1870
-2593
-3295
-3455
-2862
-2084
-1835
-2461
-3506
-3886
-3192
-1982
-1349
-1629
-2334
-2693
-2582
-2189
-1603
-1043
-789
-943
-1007
-667
-5
598
1152
1761
2187
2086
1762
2084
3170
4288
4591
4219
3841
3912
4344
4887
5310
5266
4791
4113
3667
3591
3579
3419
3088
2574
1875
1204
753
661
634
302
-382
-1235
-1803
-2033
-2062
-2260
-2740
-3148
-3420
-3622
-3855
-3922
-3707
-3556
-3743
-4035
-3975
-3554
-3105
-2800
-2577
-2324
-2160
-1892
-1205
-382
200
356
419
845
1493
1961
2202
2371
2542
2637
2675
2829
3083
3176
2942
2593
2304
2163
2060
1899
1701
1330
769
250
-25
-45
-47
-223
-486
-786
-1071
-1371
-1540
-1509
-1453
-1669
-2409
-3287
-3766
-3439
-2680
-2192
-2391
-3270
-4045
-4006
-3046
-1923
-1631
-2206
-2886
-3024
-2722
-2295
-1737
-1143
-916
-1212
-1463
-1086
-84
891
1454
1652
1578
1458
1618
2508
3716
4459
4277
3669
3534
4066
4884
5374
5422
5083
4584
4112
3878
3926
4034
3867
3293
2491
1780
1463
1428
1486
1213
510
-398
-1100
-1331
-1294
-1294
-1638
-2289
-2946
-3282
-3275
-3140
-3145
-3290
-3425
-3564
-3688
-3674
-3364
-2920
-2693
-2767
-2830
-2538
-1905
-1200
-755
-546
-405
-140
439
1104
1647
1884
1868
1910
2124
2454
2696
2780
2793
2710
2504
2231
1983
1966
1974
1752
1275
706
319
147
97
-10
-209
-563
-957
-1187
-1216
-1174
-1342
-1704
-2041
-2299
-2740
-3381
-3719
-3353
-2641
-2400
-2963
-3814
-4079
-3513
-2585
-2025
-2092
-2469
-2755
-2670
-2376
-1885
-1306
-908
-874
-1066
-947
-404
386
1036
1459
1672
1646
1653
2106
3067
3958
4259
4011
3833
4070
4619
5103
5315
5235
4934
4607
4283
4101
4028
3963
3728
3164
2459
1909
1717
1759
1625
1073
251
-431
-723
-812
-988
-1430
-1995
-2492
-2875
-3084
-3161
-3245
-3459
-3759
-3882
-3841
-3808
-3831
-3762
-3457
-3228
-3166
-3106
-2720
-1998
-1420
-1175
-1050
-695
-89
554
1064
1409
1637
1802
1996
2389
2807
3049
3028
2875
2854
2823
2777
2633
2470
2286
1891
1410
1006
822
711
465
90
-236
-469
-692
-933
-1139
-1310
-1580
-1919
-2173
-2326
-2764
-3531
-4020
-3663
-2810
-2549
-3187
-4037
-4156
-3507
-2770
-2378
-2397
-2542
-2670
-2646
-2369
-1854
-1301
-925
-812
-846
-754
-400
277
1059
1704
1914
1758
1719
2194
3167
3988
4243
4048
3911
4104
4550
4962
5118
5050
4759
4394
4024
3738
3632
3610
3413
2883
2133
1500
1261
1284
1246
807
36
-630
-927
-980
-1233
-1751
-2187
-2336
-2415
-2792
-3272
-3474
-3346
-3214
-3300
-3489
-3586
-3517
-3338
-3059
-2787
-2612
-2509
-2257
-1757
-1214
-909
-734
-397
181
778
1081
1283
1574
1990
2308
2428
2565
2784
3018
3096
2996
2838
2657
2470
2351
2225
2015
1609
1134
814
635
457
137
-172
-386
-603
-923
-1324
-1603
-1741
-1894
-2184
-2638
-3232
-3746
-3821
-3493
-3118
-3178
-3645
-3986
-3966
-3596
-3044
-2604
-2498
-2681
-2851
-2625
-2132
-1669
-1335
-1039
-818
-789
-698
-297
499
1218
1549
1614
1699
2033
2568
3242
3781
4016
3988
3949
4170
4597
4969
5078
4890
4602
4352
4111
3915
3796
3664
3351
2800
2180
1762
1584
1448
1188
758
147
-412
-775
-975
-1163
-1595
-2061
-2429
-2717
-2946
-3137
-3289
-3465
-3628
-3712
-3695
-3725
-3752
-3589
-3268
-3037
-3010
-2931
-2512
-1900
-1429
-1170
-922
-473
33
511
945
1322
1676
1907
2148
2521
2864
3059
3071
3081
3180
3194
3064
2871
2747
2601
2269
1841
1504
1321
1142
808
438
115
-149
-404
-704
-1000
-1318
-1657
-1975
-2208
-2510
-3036
-3617
-3896
-3712
-3387
-3335
-3582
-3943
-4124
-3951
-3413
-2752
-2520
-2721
-2962
-2795
-2344
-1989
-1616
-1172
-828
-863
-1000
-634
247
1107
1517
1603
1723
2032
2511
3120
3751
4125
4174
4072
4126
4481
4886
5087
4943
4619
4315
4042
3801
3664
3606
3397
2861
2157
1676
1521
1412
1146
727
219
-300
-811
-1134
-1293
-1489
-1849
-2329
-2751
-3019
-3117
-3186
-3303
-3449
-3518
-3508
-3521
-3590
-3522
-3251
-2957
-2824
-2785
-2548
-2114
-1642
-1274
-903
-496
-96
279
667
1143
1565
1835
2052
2350
2710
2955
3024
3067
3131
3214
3192
3061
2886
2654
2409
2138
1848
1510
1153
814
538
256
-55
-378
-691
-982
-1285
-1635
-1997
-2230
-2346
-2562
-3087
-3685
-3964
-3810
-3494
-3311
-3355
-3642
-3978
-3977
-3380
-2563
-2225
-2484
-2748
-2591
-2214
-1913
-1545
-978
-573
-641
-859
-602
251
1165
1649
1732
1742
1927
2325
2940
3626
4062
4062
3797
3713
4091
4671
4933
4728
4312
4013
3847
3703
3624
3627
3521
3039
2304
1717
1567
1683
1577
1106
419
-233
-667
-854
-905
-1037
-1430
-2026
-2508
-2739
-2766
-2770
-2839
-2975
-3216
-3443
-3515
-3379
-3124
-2914
-2814
-2796
-2737
-2495
-2059
-1571
-1225
-999
-717
-321
111
511
840
1147
1441
1684
1921
2140
2323
2426
2490
2526
2541
2506
2390
2243
2021
1772
1521
1290
1081
788
416
32
-251
-403
-539
-759
-1095
-1457
-1752
-1949
-2029
-2081
-2203
-2483
-2892
-3216
-3287
-3148
-2919
-2648
-2500
-2679
-3051
-3052
-2330
-1443
-1257
-1703
-1965
-1633
-1213
-1137
-1017
-558
-183
-331
-607
-297
556
1255
1435
1449
1635
1932
2277
2759
3322
3634
3478
3204
3309
3830
4293
4263
3880
3604
3567
3557
3424
3238
3118
2878
2392
1845
1538
1513
1472
1192
727
281
-62
-289
-413
-518
-766
-1246
-1767
-2011
-2010
-2064
-2356
-2710
-2819
-2767
-2787
-2899
-2884
-2715
-2585
-2586
-2584
-2370
-2060
-1788
-1596
-1426
-1165
-801
-352
83
411
608
784
1042
1381
1650
1760
1787
1837
1951
2005
1937
1795
1712
1673
1570
1386
1135
896
676
452
201
-99
-414
-694
-913
-1101
-1309
-1491
-1594
-1641
-1721
-1912
-2112
-2129
-2024
-2023
-2252
-2509
-2518
-2345
-2113
-1864
-1632
-1640
-1907
-1954
-1427
-692
-524
-898
-1115
-886
-663
-743
-703
-245
209
89
-298
-232
438
1181
1483
1466
1473
1643
1918
2271
2707
3053
3111
2891
2756
2988
3426
3655
3493
3192
2995
2864
2679
2555
2553
2461
2061
1480
1107
1105
1233
1168
808
315
-83
-280
-287
-306
-514
-908
-1311
-1610
-1805
-1907
-1939
-1963
-2077
-2281
-2471
-2511
-2406
-2207
-1982
-1888
-1961
-2013
-1816
-1382
-973
-780
-709
-564
-293
38
351
600
770
860
956
1109
1277
1398
1444
1420
1312
1177
1086
1071
1090
988
723
376
73
-61
-123
-248
-496
-811
-1057
-1194
-1285
-1364
-1391
-1390
-1430
-1517
-1551
-1464
-1366
-1355
-1403
-1423
-1417
-1474
-1555
-1507
-1310
-1093
-960
-922
-968
-1015
-858
-487
-199
-297
-617
-718
-532
-393
-448
-446
-281
-163
-239
-277
19
514
862
948
975
1097
1322
1578
1845
2131
2322
2358
2305
2360
2616
2872
2883
2693
2548
2514
2484
2364
2234
2186
2078
1821
1549
1401
1381
1366
1211
936
623
368
248
172
1
-295
-622
-857
-972
-1010
-1030
-1156
-1416
-1683
-1754
-1628
-1523
-1548
-1621
-1643
-1639
-1642
-1578
-1342
-1040
-921
-1043
-1152
-1020
-710
-466
-396
-415
-414
-339
-209
-22
177
291
262
171
112
91
113
123
99
-13
-222
-429
-515
-463
-393
-451
-652
-826
-845
-758
-645
-585
-604
-655
-702
-648
-456
-258
-173
-206
-285
-296
-176
12
84
-67
-288
-359
-282
-204
-79
134
181
-192
-626
-530
10
234
-184
-622
-572
-387
-546
-777
-582
-154
-94
-442
-575
-161
381
600
533
528
706
879
1017
1233
1533
1704
1643
1552
1710
2067
2285
2263
2193
2210
2209
2093
2010
2077
2140
1973
1614
1335
1283
1356
1358
1201
938
666
478
413
400
351
159
-155
-405
-487
-447
-496
-692
-885
-965
-1078
-1335
-1527
-1466
-1336
-1499
-1915
-2149
-1987
-1761
-1822
-2048
-2070
-1862
-1709
-1709
-1654
-1472
-1348
-1379
-1367
-1141
-887
-835
-943
-919
-705
-544
-546
-545
-371
-181
-162
-205
-77
209
385
352
314
473
697
790
788
816
887
900
867
918
1016
1028
956
895
899
882
782
673
633
657
588
355
55
-124
-126
-124
-213
-284
-277
-369
-687
-935
-780
-456
-479
-932
-1299
-1286
-1215
-1323
-1426
-1319
-1182
-1281
-1442
-1294
-839
-432
-296
-271
-130
137
411
659
938
1211
1357
1373
1491
1840
2237
2431
2401
2384
2499
2611
2631
2633
2680
2671
2514
2304
2210
2260
2288
2160
1915
1674
1503
1373
1249
1075
784
414
77
-174
-383
-628
-898
-1162
-1452
-1764
-2036
-2200
-2365
-2613
-2845
-2945
-3000
-3186
-3381
-3348
-3166
-3116
-3243
-3235
-2928
-2613
-2544
-2573
-2385
-2003
-1725
-1607
-1425
-1076
-732
-521
-350
-55
342
662
852
1026
1236
1451
1636
1816
2024
2183
2216
2184
2234
2373
2464
2390
2232
2109
2033
1940
1796
1665
1531
1336
1094
893
788
703
557
363
176
22
-128
-320
-564
-772
-906
-1063
-1278
-1455
-1488
-1508
-1747
-2078
-2133
-1903
-1826
-2123
-2394
-2297
-2056
-2071
-2198
-2061
-1727
-1532
-1547
-1410
-1002
-555
-310
-154
134
501
832
1075
1353
1709
2025
2201
2329
2593
2935
3158
3208
3225
3347
3469
3456
3385
3356
3319
3174
2943
2737
2579
2374
2102
1817
1528
1212
847
494
184
-146
-544
-986
-1358
-1645
-1938
-2289
-2635
-2852
-3028
-3312
-3619
-3749
-3701
-3718
-3883
-3977
-3822
-3592
-3527
-3511
-3295
-2903
-2605
-2476
-2296
-1887
-1414
-1135
-954
-628
-156
243
498
757
1113
1479
1718
1894
2148
2446
2616
2642
2690
2812
2912
2902
2830
2793
2770
2663
2458
2283
2175
2050
1829
1556
1316
1102
877
650
453
248
-19
-314
-521
-611
-708
-899
-1147
-1373
-1513
-1593
-1663
-1748
-1883
-2018
-2094
-2156
-2219
-2187
-1998
-1828
-1913
-2155
-2136
-1729
-1345
-1324
-1494
-1445
-1143
-912
-815
-627
-295
-49
-12
72
421
895
1201
1311
1418
1630
1891
2098
2323
2579
2723
2676
2582
2701
2961
3097
2943
2665
2529
2487
2397
2230
2046
1810
1472
1110
832
669
490
202
-157
-515
-826
-1079
-1260
-1420
-1649
-1962
-2286
-2507
-2579
-2595
-2685
-2888
-3099
-3158
-3033
-2883
-2851
-2870
-2802
-2640
-2445
-2225
-1917
-1601
-1411
-1307
-1087
-669
-241
51
250
463
680
905
1189
1518
1796
1898
1929
2023
2219
2410
2504
2525
2498
2457
2410
2390
2382
2352
2225
1995
1787
1665
1573
1416
1155
855
605
377
141
-93
-322
-548
-771
-985
-1187
-1348
-1451
-1532
-1608
-1696
-1788
-1832
-1803
-1744
-1731
-1746
-1732
-1639
-1534
-1488
-1456
-1367
-1217
-1109
-1048
-946
-768
-557
-435
-410
-348
-134
135
251
220
239
433
637
664
648
760
919
944
906
952
1059
1137
1135
1122
1117
1121
1152
1179
1198
1172
1135
1096
1061
1072
1097
1055
897
753
690
639
542
408
269
125
-35
-164
-268
-378
-468
-544
-627
-764
-881
-903
-898
-923
-984
-1052
-1096
-1102
-1075
-1034
-1038
-1079
-1084
-1005
-907
-872
-882
-861
-749
-582
-467
-461
-450
-306
-82
38
51
131
321
504
565
592
712
874
942
923
962
1055
1105
1072
1039
1060
1066
1025
940
914
906
843
731
637
602
530
408
259
153
97
6
-145
-297
-374
-429
-519
-610
-670
-699
-756
-844
-880
-838
-775
-779
-825
-829
-755
-651
-584
-566
-551
-462
-329
-270
-294
-245
-109
-31
-58
-123
-102
18
68
-41
-147
-114
-47
-104
-221
-240
-161
-157
-303
-407
-321
-218
-289
-403
-384
-292
-262
-303
-293
-195
-87
-55
-39
33
159
280
336
383
487
638
711
723
782
892
952
940
971
1036
1043
965
920
957
978
927
836
772
725
667
611
547
479
407
309
202
132
108
50
-70
-192
-259
-290
-361
-475
-548
-585
-631
-705
-780
-799
-759
-742
-784
-818
-772
-656
-599
-608
-574
-466
-382
-351
-291
-196
-115
-64
-13
70
169
206
227
303
400
439
426
428
452
498
513
471
429
418
409
367
325
293
250
199
138
83
45
11
-54
-138
-177
-208
-272
-337
-380
-416
-457
-512
-553
-551
-534
-557
-622
-643
-582
-510
-501
-555
-576
-495
-416
-442
-475
-398
-325
-367
-406
-346
-253
-221
-252
-254
-227
-208
-173
-101
-92
-171
-180
-93
-25
-62
-114
-55
44
64
25
51
160
246
283
298
325
429
550
596
614
687
789
844
878
927
998
1058
1046
1021
1059
1096
1050
973
934
903
854
776
689
614
550
472
371
292
216
106
5
-34
-77
-213
-356
-401
-371
-413
-584
-712
-672
-570
-618
-748
-775
-693
-603
-601
-625
-602
-498
-402
-401
-398
-319
-196
-136
-149
-127
-43
42
47
52
134
190
161
148
216
267
236
188
187
223
214
150
117
117
92
33
4
2
-39
-121
-204
-221
-191
-208
-330
-443
-435
-378
-409
-532
-612
-558
-471
-539
-698
-708
-552
-462
-574
-714
-640
-426
-384
-512
-527
-369
-233
-243
-273
-182
-36
15
12
55
129
206
244
273
313
329
345
391
423
423
430
405
389
431
466
442
397
381
412
443
406
358
369
409
391
329
310
364
397
369
319
307
360
391
354
341
368
345
291
279
316
324
273
200
172
177
156
131
112
90
43
-5
1
13
-4
-36
-61
-84
-98
-95
-97
-87
-97
-147
-177
-166
-135
-113
-125
-168
-190
-156
-111
-107
-125
-137
-122
-93
-84
-99
-113
-88
-53
-62
-101
-118
-84
-38
-50
-125
-158
-107
-73
-90
-127
-175
-160
-107
-121
-185
-199
-136
-118
-182
-248
-217
-140
-163
-274
-311
-236
-225
-294
-339
-332
-319
-329
-377
-426
-366
-293
-316
-408
-443
-345
-229
-264
-361
-302
-176
-170
-226
-170
-45
-18
-61
-31
75
132
134
169
239
273
257
277
369
430
416
391
390
438
506
510
462
449
489
502
481
479
477
460
449
446
415
385
388
388
374
308
229
255
303
250
143
101
97
97
72
-5
-68
-82
-79
-134
-202
-230
-245
-257
-271
-315
-379
-374
-340
-339
-365
-401
-412
-371
-316
-337
-359
-328
-306
-284
-220
-207
-247
-179
-60
-49
-92
-55
21
98
149
118
113
203
284
288
280
276
329
431
427
325
342
464
470
395
355
363
388
415
347
226
234
299
262
127
36
48
94
13
-152
-191
-158
-208
-302
-345
-400
-474
-490
-496
-585
-666
-614
-578
-688
-772
-674
-604
-666
-725
-665
-539
-519
-602
-553
-351
-325
-395
-280
-130
-129
-88
66
142
144
196
333
452
472
459
534
661
705
702
721
732
747
813
814
728
725
763
713
619
607
606
513
385
337
339
242
88
14
5
-74
-217
-316
-354
-422
-521
-528
-569
-744
-837
-736
-697
-841
-946
-897
-819
-834
-862
-831
-798
-772
-699
-614
-577
-551
-473
-314
-197
-186
-166
-18
150
227
288
358
419
513
672
768
766
778
836
949
1059
1047
942
991
1125
1100
1011
1015
1027
985
959
905
849
815
738
648
623
567
401
310
330
249
80
-6
-58
-157
-228
-289
-398
-481
-534
-612
-683
-708
-756
-830
-855
-888
-945
-944
-902
-922
-974
-994
-980
-883
-813
-879
-908
-788
-685
-681
-634
-557
-509
-421
-328
-285
-227
-153
-83
56
138
72
114
321
398
345
401
457
430
480
591
593
513
498
548
576
543
513
483
425
391
402
370
279
217
177
141
108
30
-87
-117
-99
-158
-261
-329
-367
-391
-369
-391
-488
-564
-549
-477
-470
-519
-529
-523
-517
-433
-337
-351
-384
-323
-221
-133
-69
-48
-25
65
195
291
316
319
392
566
680
648
606
679
845
928
878
833
875
915
943
1001
955
810
769
869
869
721
607
578
546
458
396
350
258
93
11
66
14
-207
-351
-283
-272
-408
-532
-583
-603
-600
-585
-647
-747
-821
-749
-600
-631
-792
-796
-636
-589
-620
-583
-542
-535
-473
-382
-326
-314
-327
-255
-113
-76
-135
-91
1
25
56
105
128
106
84
174
316
256
65
109
307
295
166
143
122
115
183
178
9
-80
16
36
-53
-130
-157
-168
-153
-160
-240
-306
-316
-298
-297
-333
-376
-373
-353
-375
-386
-343
-329
-373
-359
-286
-241
-237
-250
-228
-132
-52
-60
-42
36
61
90
240
271
168
273
454
407
353
489
539
486
560
625
596
631
686
654
667
725
709
689
707
683
674
718
658
577
607
612
539
496
473
391
350
356
297
197
113
84
90
38
-110
-198
-170
-206
-319
-352
-368
-461
-507
-486
-522
-584
-586
-599
-617
-587
-578
-618
-608
-550
-538
-531
-501
-470
-436
-377
-334
-302
-261
-235
-187
-116
-60
-55
-44
8
75
107
110
114
138
171
178
187
185
161
168
201
184
124
115
122
89
50
26
-11
-41
-59
-99
-131
-152
-201
-245
-232
-253
-314
-323
-331
-353
-361
-354
-376
-387
-364
-366
-349
-306
-306
-312
-250
-203
-194
-157
-109
-78
-36
19
39
79
138
174
199
246
280
302
342
370
389
417
439
440
461
477
470
475
485
475
468
473
471
455
437
420
410
413
398
360
338
331
311
291
282
250
207
201
197
166
128
110
89
67
41
8
-6
-19
-49
-90
-111
-124
-147
-156
-161
-194
-223
-227
-231
-243
-262
-273
-275
-280
-291
-290
-273
-279
-291
-280
-261
-256
-242
-229
-220
-199
-178
-172
-155
-123
-111
-104
-83
-70
-62
-41
-23
-22
-19
-15
-6
4
8
-4
-11
-6
-13
-25
-33
-38
-52
-68
-83
-96
-100
-113
-127
-145
-163
-172
-173
-181
-200
-207
-197
-196
-207
-205
-194
-183
-174
-164
-149
-132
-112
-99
-73
-46
-29
-10
18
48
70
91
111
134
159
184
202
213
225
242
258
267
274
277
286
293
295
290
286
282
280
278
264
254
249
237
222
212
200
189
181
161
145
134
124
109
94
83
71
59
44
32
20
13
7
-10
-23
-30
-32
-36
-50
-63
-69
-73
-76
-77
-81
-88
-95
-94
-98
-99
-99
-98
-100
-103
-104
-101
-97
-98
-98
-98
-93
-90
-92
-88
-80
-78
-78
-74
-67
-58
-56
-52
-51
-45
-31
-25
-22
-20
-16
-9
-1
9
8
7
11
13
11
8
7
7
3
-4
-11
-17
-19
-29
-37
-45
-54
-61
-71
-77
-84
-92
-98
-104
-110
-114
-121
-123
-124
-131
-128
-120
-119
-119
-116
-113
-105
-96
-88
-81
-75
-64
-57
-48
-38
-28
-18
-10
0
8
19
29
38
48
57
69
76
84
90
95
103
110
116
124
129
135
138
141
146
152
154
155
156
157
159
159
158
158
154
154
154
147
144
138
135
129
121
116
108
103
93
84
76
64
55
50
42
33
21
9
2
-5
-13
-22
-31
-40
-47
-52
-58
-66
-71
-78
-81
-84
-88
-88
-91
-92
-93
-92
-90
-88
-86
-85
-80
-78
-72
-66
-61
-55
-51
-45
-39
-30
-25
-20
-13
-6
-4
1
5
9
12
11
13
12
11
12
7
6
0
-5
-12
-19
-23
-34
-40
-47
-55
-60
-67
-75
-83
-90
-96
-102
-107
-111
-116
-120
-123
-124
-123
-123
-124
-126
-123
-118
-112
-109
-105
-98
-91
-83
-76
-67
-58
-47
-37
-25
-13
-3
12
23
37
49
60
70
82
92
104
113
120
130
138
145
151
156
160
164
169
169
169
166
166
166
162
156
149
143
137
131
124
114
104
95
85
75
67
57
47
38
29
19
10
1
-6
-12
-19
-25
-31
-34
-38
-40
-43
-45
-46
-46
-46
-44
-43
-41
-38
-37
-32
-29
-23
-21
-17
-12
-9
-4
-2
3
6
10
12
14
17
18
19
20
18
16
14
14
11
6
2
-3
-8
-14
-22
-29
-35
-43
-50
-58
-66
-73
-80
-87
-94
-102
-108
-115
-120
-123
-128
-132
-134
-136
-136
-136
-134
-133
-130
-126
-124
-119
-112
-105
-99
-91
-83
-73
-66
-57
-47
-40
-31
-22
-13
-4
5
14
22
30
39
47
54
61
68
77
83
87
93
98
102
107
108
110
112
112
115
113
114
113
111
112
109
108
105
100
98
93
92
86
80
77
72
68
64
60
56
51
47
43
40
37
33
30
27
23
22
20
17
15
13
10
9
6
6
5
3
1
-3
-4
-5
-5
-8
-10
-11
-12
-11
-13
-15
-17
-17
-18
-19
-20
-21
-22
-24
-25
-26
-29
-31
-33
-33
-34
-37
-38
-41
-43
-46
-48
-49
-50
-52
-54
-56
-57
-58
-58
-60
-63
-63
-64
-64
-65
-67
-67
-66
-67
-68
-68
-69
-69
-65
-64
-63
-62
-61
-59
-57
-57
-54
-52
-50
-45
-44
-41
-37
-34
-30
-27
-23
-21
-17
-13
-8
-4
-1
2
8
12
17
21
25
32
36
39
43
47
52
55
59
63
66
68
71
74
77
78
81
82
84
85
86
86
85
85
84
85
84
83
83
80
79
77
76
73
71
68
65
63
61
58
54
51
47
45
41
39
36
32
27
24
21
18
14
11
8
3
-2
-5
-8
-11
-13
-15
-18
-23
-25
-28
-29
-31
-34
-37
-40
-41
-45
-46
-50
-51
-53
-55
-55
-58
-59
-61
-63
-66
-66
-66
-68
-68
-70
-73
-74
-73
-72
-74
-74
-74
-75
-74
-73
-72
-71
-71
-70
-66
-66
-62
-62
-60
-57
-54
-50
-47
-45
-39
-35
-31
-27
-23
-18
-13
-9
-6
-1
3
8
13
18
21
24
29
33
36
39
42
44
48
51
53
55
57
58
60
62
63
64
65
65
65
66
66
66
65
64
64
62
60
60
56
55
55
52
50
48
47
46
42
39
38
35
33
30
27
24
22
19
16
14
11
9
7
3
2
1
-1
-3
-5
-6
-7
-8
-10
-9
-11
-12
-12
-13
-12
-12
-11
-12
-11
-12
-12
-12
-12
-12
-12
-11
-12
-11
-13
-12
-12
-11
-12
-12
-11
-11
-11
-12
-13
-13
-14
-15
-16
-16
-17
-17
-19
-19
-20
-21
-23
-23
-23
-25
-27
-29
-31
-33
-34
-34
-37
-39
-39
-42
-40
-41
-43
-44
-44
-42
-40
-40
-40
-40
-40
-38
-36
-35
-34
-31
-29
-27
-25
-22
-19
-17
-14
-12
-9
-6
-4
-2
1
4
7
9
10
11
14
15
18
19
20
22
23
24
25
27
28
29
30
29
31
33
32
32
32
31
32
34
33
31
32
31
33
33
32
31
31
31
31
30
30
31
32
33
33
33
33
33
32
33
33
34
33
32
32
31
30
30
29
27
25
25
23
23
21
20
18
16
15
13
11
9
7
6
3
1
-2
-3
-7
-9
-11
-14
-15
-17
-19
-21
-22
-24
-27
-28
-30
-31
-32
-35
-36
-37
-38
-39
-39
-39
-40
-41
-42
-41
-41
-40
-41
-41
-41
-40
-38
-38
-36
-35
-35
-34
-33
-32
-30
-29
-28
-27
-25
-24
-21
-20
-20
-17
-16
-14
-13
-11
-10
-10
-9
-8
-7
-5
-4
-2
-1
-1
0
1
1
2
3
4
3
5
5
6
7
7
8
8
9
9
11
11
12
13
13
14
15
15
17
16
17
18
19
20
20
20
22
23
24
25
25
27
29
29
29
30
31
32
32
34
34
36
35
35
35
35
35
36
34
34
33
33
32
31
31
30
29
28
26
25
24
23
20
18
16
15
12
11
10
8
5
5
2
-1
-2
-5
-7
-8
-10
-12
-14
-15
-17
-18
-21
-21
-24
-26
-27
-28
-29
-31
-33
-34
-33
-34
-34
-34
-36
-35
-37
-36
-38
-37
-38
-37
-38
-37
-37
-37
-35
-37
-36
-35
-34
-33
-32
-31
-31
-30
-29
-28
-26
-25
-23
-22
-21
-19
-17
-15
-14
-11
-11
-9
-7
-5
-5
-3
-2
0
1
4
5
6
8
9
12
14
15
16
18
19
20
21
22
23
25
25
27
26
27
28
29
31
32
32
32
31
33
32
32
31
32
31
31
30
29
29
28
28
27
26
24
23
22
21
20
19
17
17
14
13
12
11
11
10
9
6
5
5
4
3
3
2
2
1
1
1
0
-1
-2
-2
-3
-4
-5
-6
-6
-6
-7
-7
-8
-8
-10
-10
-11
-11
-11
-12
-12
-13
-15
-16
-15
-17
-16
-16
-16
-16
-17
-18
-18
-19
-18
-20
-20
-20
-20
-21
-21
-20
-22
-20
-21
-21
-21
-21
-21
-20
-20
-19
-20
-19
-19
-19
-18
-17
-16
-15
-15
-14
-13
-13
-13
-12
-12
-10
-9
-8
-8
-6
-5
-4
-2
-2
0
1
2
3
3
5
5
7
8
11
12
14
14
16
18
19
20
21
21
22
23
23
24
25
25
24
25
25
26
26
26
25
26
26
25
25
25
25
24
24
23
21
20
19
18
17
17
15
13
12
10
9
9
7
5
3
2
2
1
-1
-3
-4
-5
-6
-6
-6
-8
-9
-9
-9
-9
-11
-11
-12
-12
-12
-13
-13
-14
-14
-14
-15
-14
-14
-14
-14
-15
-14
-13
-14
-13
-14
-15
-13
-12
-13
-13
-12
-12
-12
-11
-11
-11
-11
-10
-9
-10
-8
-8
-8
-7
-8
-8
-7
-7
-7
-8
-6
-6
-6
-6
-7
-6
-6
-5
-4
-5
-4
-4
-3
-4
-3
-3
-3
-3
-3
-3
-1
-1
0
0
1
1
3
3
3
4
4
5
6
7
7
7
7
9
11
11
12
11
12
12
13
14
15
15
15
15
16
15
16
16
16
15
14
15
14
13
13
14
14
14
13
12
11
11
9
9
9
7
7
6
6
4
3
2
2
1
1
0
-2
-1
-3
-4
-4
-5
-5
-7
-6
-6
-7
-8
-8
-8
-8
-8
-8
-9
-10
-9
-9
-10
-9
-10
-9
-9
-9
-9
-8
-8
-9
-8
-7
-8
-7
-7
-7
-9
-8
-8
-8
-9
-9
-9
-10
-9
-9
-9
-9
-8
-8
-8
-8
-8
-8
-8
-6
-6
-7
-7
-6
-6
-5
-5
-4
-4
-3
-2
-1
0
-1
0
-1
0
0
2
3
2
3
4
4
5
5
6
7
8
8
8
9
9
9
9
11
10
10
11
12
12
12
12
12
13
12
11
11
12
11
12
11
10
10
11
10
10
10
10
9
8
8
7
6
6
6
5
4
4
3
2
2
2
1
1
1
1
0
-1
0
-1
-2
-2
-3
-4
-3
-4
-5
-6
-6
-7
-7
-7
-8
-7
-7
-7
-7
-7
-7
-7
-7
-7
-7
-6
-7
-7
-7
-7
-7
-8
-6
-5
-6
-5
-5
-5
-4
-4
-4
-5
-3
-2
-3
-4
-4
-4
-5
-4
-5
-6
-5
-6
-5
-5
-5
-5
-5
-5
-4
-5
-4
-4
-4
-4
-4
-4
-4
-5
-5
-5
-5
-4
-4
-2
-2
-2
-1
-1
0
1
1
1
2
3
3
4
4
5
4
6
6
6
6
6
6
7
6
8
8
9
9
9
11
11
10
11
10
10
11
9
10
9
9
9
10
10
9
9
8
8
8
8
7
8
6
6
6
4
4
4
3
3
3
2
2
2
1
0
0
-1
-2
-2
-3
-3
-3
-4
-5
-4
-4
-4
-5
-6
-6
-5
-6
-6
-7
-6
-7
-7
-7
-7
-8
-8
-8
-7
-8
-8
-7
-8
-7
-8
-8
-7
-7
-6
-6
-5
-6
-6
-6
-6
-6
-6
-5
-5
-5
-5
-5
-5
-4
-3
-3
-3
-4
-3
-2
-2
-2
-2
-1
-1
-1
0
0
0
1
1
1
1
2
2
2
2
2
3
3
3
4
4
4
4
4
5
5
6
6
6
7
6
6
6
5
5
5
5
6
5
4
5
5
6
5
5
5
5
6
6
4
4
4
4
4
3
3
3
2
1
1
1
0
-1
-1
-1
-1
-2
-1
-1
0
-1
0
0
0
0
0
-1
-2
-2
-2
-2
-2
-2
-2
-2
-2
-2
-1
-1
-1
-1
-1
-1
-1
0
1
1
0
0
0
0
-1
-1
-1
-2
-1
-1
-3
-2
-2
-2
-2
-2
-1
-1
-2
-1
-1
-1
-3
-2
-3
-2
-2
-3
-4
-4
-5
-4
-4
-4
-4
-4
-4
-5
-4
-5
-5
-4
-4
-4
-3
-3
-4
-3
-2
-2
-2
-2
-1
-1
-1
-1
0
0
0
0
1
1
1
2
2
2
2
3
2
3
3
3
3
3
4
3
4
3
3
4
3
3
3
4
4
2
3
3
3
3
2
2
3
4
3
3
3
3
2
2
2
2
2
3
1
2
0
0
0
0
1
0
0
0
0
0
0
0
-1
-1
-1
-1
0
-1
-1
-1
-2
0
0
-1
-1
-1
0
0
1
1
0
0
0
1
1
1
0
0
0
0
1
-1
-1
-1
-2
-1
-1
-1
-1
-2
-2
-1
-1
-2
0
-1
-1
-1
-1
-2
-1
-1
-1
0
-2
-2
-1
-2
-1
-1
-2
-2
-2
-1
-3
-2
-2
-2
-2
-1
-2
-2
-1
-2
-1
-2
-1
-2
-1
-1
-1
-1
-1
0
0
0
0
-1
0
0
0
0
1
1
0
1
1
1
1
0
2
1
0
0
0
0
0
1
1
0
1
1
0
0
2
1
2
2
2
1
1
1
1
1
1
1
1
1
1
1
1
0
0
1
1
1
1
1
2
2
1
2
3
2
3
2
1
3
1
1
1
1
1
0
0
1
0
0
1
2
1
1
1
1
1
0
0
1
0
0
-1
0
0
0
-1
-1
1
-1
-1
-1
-1
-1
-2
-2
-1
0
-2
-1
-2
-2
-2
-1
-1
-2
-2
-2
-2
-2
-3
-2
-2
-2
-3
-2
-2
-2
-1
-2
-2
-2
-2
-2
-1
-1
-1
-2
-1
-2
-1
-2
-1
-2
0
0
0
0
0
1
1
1
2
1
1
1
1
0
1
2
1
1
2
1
1
2
2
2
1
1
1
1
1
0
2
1
2
1
2
2
2
2
1
1
2
1
1
0
1
0
0
0
0
1
0
0
1
0
0
0
1
1
0
0
0
0
0
-1
0
0
0
-1
-1
0
-1
0
-1
-1
0
0
1
0
0
1
0
1
0
0
0
0
0
0
-1
0
0
-1
0
0
0
-1
-1
-1
0
-1
0
1
1
1
0
0
-1
-2
-2
-1
-1
-1
-2
-1
0
0
-1
0
-1
0
1
0
0
0
0
0
0
0
0
0
0
0
0
-1
0
-1
0
-1
-1
-1
-1
0
0
-1
0
0
1
-1
0
-1
0
0
0
0
0
-1
0
-1
-1
0
0
0
0
0
0
0
0
0
1
0
2
2
0
1
1
1
0
0
1
1
0
1
0
1
0
1
0
0
1
1
1
1
1
0
0
0
0
1
1
1
0
0
-1
0
0
0
0
0
0
0
1
0
1
1
1
1
0
0
0
0
0
-1
0
-1
-1
-1
-1
0
0
-1
-1
-2
0
-1
-1
-1
-1
-1
-1
-2
-1
-1
-1
0
0
0
-1
-1
0
-1
0
0
-1
0
0
0
0
0
0
0
0
0
0
1
1
0
0
1
0
1
1
1
1
1
1
1
1
1
0
0
1
0
0
0
0
1
-1
-1
0
0
1
1
1
2
0
-1
0
-1
-1
0
-1
0
-1
-1
-1
-1
-1
-1
0
0
0
0
-1
-1
0
0
1
1
1
1
1
1
2
0
0
0
1
1
0
0
0
0
0
0
0
1
0
0
1
1
0
0
1
0
-1
0
0
0
0
0
1
1
0
1
1
-1
-1
0
0
1
0
1
1
1
1
0
1
0
1
0
0
0
0
0
0
2
1
1
1
1
0
1
0
-1
0
0
-1
0
-1
-1
-1
-1
0
0
-1
0
0
0
0
0
0
0
0
0
0
0
-1
-1
-2
-1
-1
-1
-1
0
-1
-1
-1
0
0
0
-1
-1
0
-1
-1
-1
0
-1
0
0
-1
-1
0
0
1
0
1
1
0
0
0
-1
0
1
1
1
1
0
0
0
0
1
0
0
1
0
1
1
1
1
0
1
0
0
1
2
0
0
-1
0
0
1
0
0
0
0
0
0
0
0
0
1
1
1
1
1
1
0
1
0
0
0
0
0
0
0
0
1
0
0
0
0
0
1
0
-1
0
-1
0
-1
1
1
1
1
1
0
0
-1
-1
-1
-1
-1
0
0
0
0
0
0
0
0
0
-1
-2
-1
-2
-1
0
0
0
-1
-1
-1
0
0
0
0
-1
-1
-1
-1
0
0
0
1
0
0
-1
-1
-1
0
0
-1
-1
0
-1
0
-1
0
0
0
0
0
-1
-1
-2
-1
0
0
0
1
0
1
1
1
1
2
1
1
1
1
1
1
1
0
0
1
0
0
1
1
0
0
0
0
0
-1
1
1
0
0
1
1
1
1
1
1
1
0
1
0
0
0
0
0
0
0
1
0
1
0
1
1
1
1
1
1
1
0
1
0
-1
0
0
0
0
-1
0
-1
0
-1
-1
-1
-2
-1
-1
-1
-1
-1
-2
-1
-1
0
0
-1
0
-1
-1
0
-1
-1
0
-1
-1
0
0
-1
-1
-1
-1
0
-1
0
-1
0
-1
-1
-1
-1
0
1
0
0
1
0
0
-1
-1
0
0
0
1
0
0
0
0
1
0
1
0
0
0
-1
1
-1
-1
0
0
0
1
1
1
0
1
0
1
0
-1
0
1
0
1
1
1
1
1
1
0
1
1
1
0
1
1
0
0
1
1
1
2
1
0
0
1
0
0
0
0
-1
0
-1
0
0
-1
-1
-1
-1
-2
-1
-2
0
0
-1
-1
-1
-1
0
-1
0
1
0
-1
0
0
0
0
1
0
1
1
1
0
1
1
-1
0
0
0
1
0
0
1
0
-1
1
1
0
0
-1
-1
0
0
0
-1
-1
0
0
0
1
0
0
0
-1
0
-1
-1
-1
0
1
-1
-1
0
-1
0
1
-1
0
-2
-1
0
0
0
-1
-1
-1
-1
0
0
-1
-1
0
0
0
0
0
1
0
1
2
1
2
1
0
1
1
1
1
1
1
1
1
1
0
1
0
1
1
1
1
0
0
0
1
0
1
1
1
0
1
0
0
1
1
1
1
0
0
0
1
1
0
0
0
0
0
0
0
0
1
0
0
0
0
-1
0
-1
-1
-1
-1
-1
-1
-1
-1
-1
0
0
-1
0
0
-1
0
0
0
1
1
0
0
0
-1
0
0
0
1
0
0
0
0
0
0
-1
1
0
0
-1
0
0
0
0
0
0
-1
0
-1
0
0
0
0
0
0
0
0
0
0
0
1
0
1
0
0
0
0
0
0
0
1
0
0
0
0
0
-1
-1
-1
-1
-1
0
-1
-1
-1
0
0
0
0
1
0
0
1
1
1
1
1
0
1
0
0
0
1
1
1
0
0
-1
1
0
0
0
1
0
0
0
1
1
1
2
0
1
0
1
0
0
0
0
0
-1
-2
-1
-1
0
0
0
0
0
-1
-1
-1
-1
0
0
-1
0
-1
0
0
0
0
1
1
1
0
1
0
-1
0
0
1
0
1
1
1
1
1
1
0
1
0
-1
0
0
0
0
-1
-1
0
0
0
0
-1
-1
1
0
1
0
1
0
0
0
1
1
0
0
1
0
0
-1
0
0
0
0
0
-1
-1
0
-1
-2
-1
-1
-1
0
0
0
0
-1
-1
-1
0
-1
0
-1
-1
0
0
1
0
0
-1
0
1
-1
0
-1
0
0
0
0
0
1
2
1
2
1
2
2
0
0
-1
-1
-1
0
0
0
-1
0
0
1
1
1
1
1
0
0
1
0
0
0
1
0
0
0
0
0
0
0
0
0
0
0
-1
0
0
1
0
0
0
-1
-1
-1
1
1
1
1
0
0
0
-1
0
0
1
0
0
1
0
0
0
1
1
0
1
-1
-1
-1
-1
0
-1
0
0
0
0
0
0
0
0
0
0
-1
-1
-1
-1
-1
-1
0
0
0
1
0
0
0
1
0
0
-1
1
0
-1
0
0
-1
0
1
1
1
0
1
0
0
1
1
-1
0
0
1
1
0
1
-1
0
0
0
0
0
0
-1
0
0
0
0
0
0
-1
0
0
0
0
0
0
0
0
0
1
0
-1
0
-1
-1
-1
0
0
0
-1
-1
-1
0
0
1
1
0
-1
0
0
0
0
1
0
-1
-1
0
-1
0
0
0
0
0
0
0
0
1
0
0
0
1
0
0
0
0
1
1
0
1
0
1
1
0
0
1
1
1
1
0
0
0
0
0
1
0
1
1
1
0
-1
0
0
0
0
-1
-1
-1
-1
-2
-1
-1
-1
0
-1
-2
-1
-1
-1
0
-1
-1
-1
-1
0
0
0
-1
0
-1
-1
-1
-1
0
1
0
-1
-1
-1
0
1
1
1
1
0
-1
0
1
0
0
1
2
1
1
0
0
1
1
1
1
0
0
1
1
1
0
1
1
1
0
0
-1
0
0
0
1
0
0
0
0
0
0
-1
0
0
-1
0
-1
-1
-1
-1
0
1
0
0
0
-1
0
0
0
0
0
-1
-1
0
-1
-1
0
0
-1
0
-1
-1
0
1
1
0
1
0
-1
0
0
0
0
0
0
-1
0
-1
-1
1
-1
0
0
-1
-1
-1
-1
0
0
0
0
0
-2
-1
-2
0
1
0
0
0
-1
-1
-1
0
0
1
1
-1
-1
-1
-1
0
1
0
1
0
-1
-1
-1
0
1
0
2
0
1
1
1
0
0
0
0
1
1
2
0
0
0
1
2
2
1
1
1
1
0
0
0
1
1
1
1
2
1
0
1
0
0
0
1
0
-1
-1
-1
-2
0
0
0
0
-1
0
0
-1
0
0
0
0
0
-1
-1
0
-1
-2
0
-1
-1
-1
-1
0
0
0
0
0
0
2
1
1
0
0
0
0
1
0
0
1
1
0
0
1
0
0
-1
0
0
-1
-1
0
0
1
1
1
0
0
0
0
0
0
0
0
0
0
-1
0
-1
0
0
0
0
0
0
0
0
-1
0
-1
-1
0
1
0
0
-1
1
0
0
0
1
-1
0
-1
-1
-1
-1
0
0
0
-1
0
0
1
0
0
0
-1
1
1
1
0
1
0
0
0
0
1
0
0
0
0
1
1
1
1
1
0
1
1
2
2
1
1
1
0
0
1
0
0
1
0
0
1
0
0
0
0
-2
0
-1
0
-1
-1
-1
-1
0
0
-1
1
0
0
0
-1
0
0
0
0
0
0
0
1
1
1
1
0
0
-1
-1
-1
-1
-1
-1
-2
-1
-1
-1
-1
-1
0
-1
1
-1
0
0
-1
-1
0
-1
0
0
0
0
0
0
0
1
1
0
1
0
0
0
-1
-1
0
0
0
0
1
0
0
0
1
0
1
1
0
0
1
1
0
1
1
1
0
0
1
0
0
0
0
0
0
0
2
0
0
0
-1
-1
0
0
0
1
1
0
1
0
-1
-1
0
0
-1
0
-1
-1
-1
-1
0
-1
-1
0
0
0
0
-1
0
0
-1
0
1
0
0
0
0
0
0
0
0
0
0
0
0
-1
1
0
-1
0
0
0
0
1
1
0
-1
-1
0
0
0
0
1
1
0
1
0
0
0
0
1
1
0
0
0
0
-1
0
-1
-1
-1
-1
-1
0
0
0
0
-1
-1
0
-1
0
0
-1
-1
-1
-1
0
0
-1
0
0
-1
0
0
0
1
0
0
1
0
1
0
0
0
0
0
-1
-1
0
0
0
0
-1
0
1
0
1
0
1
1
0
0
0
0
0
-1
0
0
0
0
0
0
0
0
-1
0
0
1
1
1
1
0
0
0
1
0
0
-1
-1
0
-1
-1
-1
-1
-1
-1
0
-1
-1
0
-1
0
1
1
1
1
1
1
2
0
1
0
0
0
0
1
1
1
1
1
1
0
1
1
0
0
0
0
0
-1
0
0
0
-1
0
0
0
1
0
0
0
0
0
0
0
0
1
0
0
0
0
0
0
0
0
0
0
0
0
-1
0
1
-1
-1
-1
0
-1
-1
-1
-1
-1
-1
1
0
0
0
0
-1
0
0
-1
-1
0
0
1
0
0
-1
0
0
0
0
-1
0
1
0
0
0
0
0
0
1
1
1
0
1
0
0
1
0
0
0
0
0
0
0
0
0
0
0
1
0
1
0
0
1
0
0
1
1
0
1
-1
1
0
0
0
1
0
1
0
