-2
-1
3
6
10
12
13
14
13
11
7
4
0
-3
-6
-9
-12
-13
-13
-10
-7
-3
0
0
0
0
0
1
2
2
0
-1
-3
-2
-1
-2
-3
-3
-2
-1
-1
-1
-2
-2
0
1
1
-1
-1
-2
-1
1
2
0
0
1
3
5
5
3
0
-1
-3
-4
-5
-9
-11
-12
-11
-9
-8
-8
-8
-7
-5
-1
4
6
8
10
14
16
18
17
14
11
7
3
-2
-5
-7
-7
-6
-3
-2
0
1
2
4
5
5
4
3
4
4
5
6
5
3
1
-1
0
-2
-2
-4
-5
-5
-6
-7
-8
-8
-9
-8
-6
-5
-2
3
5
6
7
7
6
6
5
3
0
-2
-4
-5
-5
-4
-6
-7
-9
-10
-8
-5
-3
0
0
4
8
11
12
11
10
9
7
4
0
-5
-9
-11
-13
-12
-12
-11
-10
-6
-3
0
2
3
3
6
8
10
10
8
8
8
9
9
9
8
6
3
0
0
0
-2
-4
-5
-5
-4
-4
-3
-3
-3
-3
-2
0
1
1
1
2
2
1
3
3
2
0
-2
-4
-6
-9
-8
-8
-8
-7
-6
-3
0
4
8
11
11
11
10
10
8
7
3
1
-1
-2
-5
-9
-9
-10
-8
-4
-1
0
2
3
4
4
4
2
-1
-4
-6
-8
-8
-8
-7
-6
-4
-2
1
3
4
6
7
6
7
7
6
5
4
1
-2
-4
-6
-7
-6
-7
-7
-5
-1
5
10
12
11
9
5
4
1
-1
-6
-9
-11
-10
-6
-2
-1
-1
-3
0
4
6
7
6
4
4
6
5
1
-3
-8
-9
-8
-6
-3
-1
3
7
8
9
10
9
7
5
5
2
-1
-2
-4
-6
-6
-7
-6
-5
-2
0
2
4
4
3
1
0
-2
-4
-6
-9
-12
-14
-15
-16
-17
-16
-13
-9
-4
1
8
14
21
26
28
25
21
16
11
7
4
-2
-8
-11
-12
-9
-8
-6
-5
-4
-3
-1
1
2
1
-1
-2
-2
-2
-1
-2
-3
-4
-6
-6
-6
-5
-4
-4
-4
-1
1
4
5
5
4
3
4
5
7
8
9
10
13
13
14
13
10
7
5
4
1
-2
-6
-10
-13
-15
-16
-17
-19
-18
-16
-9
-2
6
12
18
22
26
27
25
17
5
-6
-15
-19
-21
-23
-24
-27
-27
-21
-12
-6
-4
-4
-2
4
12
18
19
19
19
18
15
10
2
-7
-14
-18
-19
-19
-17
-10
-6
-4
-2
0
2
3
3
2
0
0
4
8
8
6
3
2
0
-3
-4
-6
-11
-15
-20
-21
-21
-21
-19
-16
-10
0
11
26
38
48
56
60
61
57
47
34
17
1
-13
-24
-33
-42
-47
-48
-45
-36
-23
-9
7
22
35
44
48
50
44
32
13
-9
-29
-45
-58
-65
-69
-69
-61
-42
-14
17
45
68
90
109
123
126
115
91
63
37
13
-9
-31
-49
-63
-67
-62
-48
-32
-18
-4
10
24
38
47
45
35
18
0
-20
-41
-65
-90
-108
-121
-123
-116
-104
-89
-71
-53
-36
-21
-11
-11
-15
-26
-39
-54
-68
-81
-87
-88
-81
-71
-55
-36
-14
7
16
12
-3
-23
-46
-71
-94
-117
-134
-143
-137
-120
-92
-56
-13
37
97
159
215
256
282
293
292
280
253
211
156
98
45
8
-14
-18
-6
18
58
115
184
260
331
393
443
473
482
466
418
342
245
138
29
-72
-158
-224
-265
-277
-261
-225
-169
-102
-33
29
72
94
99
84
49
-4
-78
-163
-244
-316
-376
-430
-476
-510
-520
-504
-463
-410
-349
-280
-205
-125
-49
14
59
82
86
70
38
0
-40
-72
-91
-94
-80
-51
-17
14
36
49
54
52
43
26
7
-13
-29
-35
-33
-22
-2
20
43
68
90
104
110
107
92
61
12
-50
-123
-200
-274
-345
-400
-432
-431
-401
-349
-286
-214
-138
-56
22
92
145
179
202
214
208
177
121
50
-12
-53
-64
-52
-17
45
142
273
420
568
699
802
872
910
921
906
869
812
736
650
563
482
402
315
230
156
111
94
99
117
140
164
187
203
206
191
154
98
26
-58
-152
-250
-347
-441
-532
-617
-688
-737
-760
-757
-732
-691
-638
-576
-519
-473
-441
-423
-410
-393
-364
-322
-274
-224
-179
-141
-107
-88
-91
-119
-166
-216
-252
-264
-256
-233
-196
-147
-88
-15
57
111
141
150
149
145
143
144
146
141
126
100
62
1
-81
-182
-286
-370
-418
-428
-407
-367
-301
-207
-95
12
95
154
190
210
211
192
156
115
75
37
-2
-51
-108
-159
-187
-171
-112
-19
92
204
315
431
545
636
695
727
745
759
762
744
705
658
620
581
534
476
422
383
360
349
348
358
383
422
462
491
494
472
428
368
297
213
119
22
-68
-141
-202
-262
-332
-414
-507
-602
-686
-748
-787
-806
-800
-763
-692
-593
-498
-426
-379
-339
-295
-258
-245
-259
-294
-340
-395
-452
-512
-564
-594
-592
-549
-470
-365
-253
-141
-29
83
185
262
309
335
352
359
346
307
251
190
129
62
-13
-89
-148
-178
-182
-162
-121
-57
19
96
157
189
194
179
146
96
30
-49
-131
-209
-276
-328
-364
-385
-391
-384
-363
-324
-267
-201
-139
-92
-53
-8
42
93
133
168
208
267
335
401
449
476
485
478
461
438
418
403
407
427
458
495
532
565
594
623
652
672
674
661
642
629
614
590
548
486
414
328
219
84
-59
-181
-261
-300
-307
-293
-258
-204
-141
-85
-50
-42
-61
-114
-201
-308
-420
-521
-615
-704
-787
-859
-914
-951
-969
-964
-923
-837
-716
-574
-423
-277
-145
-35
47
95
110
97
63
16
-35
-78
-113
-144
-168
-176
-162
-121
-64
-3
54
117
197
292
388
463
510
520
497
451
387
312
236
164
92
15
-66
-145
-218
-275
-312
-327
-329
-326
-316
-293
-259
-221
-185
-155
-131
-113
-102
-104
-121
-152
-192
-236
-284
-335
-392
-445
-476
-472
-440
-387
-314
-214
-84
73
240
405
566
721
863
975
1046
1073
1058
1009
942
862
766
653
536
439
382
377
408
451
493
541
604
681
757
806
819
798
755
695
611
508
383
243
87
-91
-283
-465
-616
-729
-807
-855
-867
-837
-771
-685
-607
-550
-516
-497
-490
-495
-511
-540
-584
-641
-699
-749
-788
-818
-848
-873
-882
-860
-811
-741
-665
-585
-494
-381
-252
-124
-11
88
182
279
372
450
496
510
501
479
451
415
367
302
238
198
191
205
212
209
213
245
312
387
446
478
491
495
490
457
388
289
174
44
-96
-240
-379
-498
-584
-633
-650
-641
-609
-554
-475
-382
-286
-194
-112
-47
-4
8
-16
-73
-148
-224
-287
-329
-353
-357
-333
-274
-171
-43
87
209
331
460
591
708
806
879
931
968
992
1003
990
954
905
854
802
744
678
607
542
493
466
451
436
413
387
362
331
293
241
180
122
73
22
-43
-132
-237
-346
-451
-556
-663
-762
-846
-910
-960
-996
-1025
-1037
-1025
-990
-940
-883
-818
-742
-662
-592
-536
-499
-480
-475
-487
-515
-551
-578
-580
-548
-492
-419
-336
-239
-126
-4
117
231
338
445
553
653
724
763
777
773
752
707
631
531
426
337
271
224
201
208
252
325
402
463
499
510
496
460
400
314
209
96
-17
-123
-227
-327
-415
-485
-532
-551
-553
-550
-548
-540
-511
-460
-405
-359
-334
-325
-315
-295
-277
-273
-287
-305
-309
-293
-259
-214
-157
-86
3
103
195
262
308
349
398
456
512
565
620
681
750
809
845
857
855
845
828
786
719
637
553
477
400
318
230
151
105
90
93
95
87
81
79
81
72
43
-16
-99
-193
-286
-378
-475
-576
-671
-746
-791
-800
-787
-760
-721
-672
-617
-556
-503
-467
-445
-428
-406
-382
-363
-350
-343
-334
-326
-320
-314
-298
-265
-216
-159
-103
-51
4
66
139
208
259
289
305
318
332
351
363
370
376
391
412
418
399
355
303
249
192
134
80
38
14
10
18
34
46
47
34
8
-20
-37
-43
-42
-36
-27
-16
-12
-24
-60
-116
-177
-227
-259
-272
-276
-272
-258
-236
-212
-197
-195
-196
-185
-151
-93
-22
48
112
165
208
239
259
267
266
251
231
212
200
195
199
207
223
250
283
317
345
363
372
374
369
361
350
337
313
273
221
163
109
64
28
-8
-38
-64
-78
-83
-88
-96
-117
-144
-169
-186
-193
-197
-206
-220
-226
-222
-207
-190
-178
-171
-166
-164
-173
-193
-224
-258
-296
-339
-377
-401
-396
-361
-307
-250
-197
-147
-102
-62
-32
-11
4
21
42
58
64
59
44
25
5
-15
-31
-40
-36
-18
11
46
82
115
141
162
177
185
187
178
163
141
120
101
88
81
77
70
62
56
48
39
20
-1
-25
-35
-33
-26
-24
-29
-36
-38
-36
-30
-28
-30
-29
-22
-12
-7
-13
-27
-49
-70
-94
-116
-134
-144
-144
-129
-99
-60
-17
27
69
109
142
171
191
197
192
180
166
152
142
136
131
125
118
114
109
106
103
102
106
116
129
142
144
140
127
106
79
52
25
2
-17
-33
-46
-53
-56
-57
-56
-58
-66
-69
-67
-62
-62
-68
-75
-78
-75
-71
-71
-75
-79
-78
-76
-78
-84
-92
-95
-92
-87
-84
-87
-92
-96
-100
-103
-106
-109
-106
-95
-76
-54
-28
-11
2
9
12
11
8
4
-2
-10
-17
-22
-21
-18
-14
-10
-6
1
13
28
39
44
44
40
36
32
26
20
12
5
-4
-9
-15
-19
-22
-24
-25
-25
-24
-20
-18
-21
-28
-37
-45
-46
-44
-45
-49
-56
-63
-69
-75
-83
-92
-96
-91
-74
-57
-44
-35
-30
-20
-6
12
32
52
73
98
125
150
167
175
177
173
169
168
166
162
151
134
118
104
101
105
114
126
143
163
181
191
191
180
162
143
125
107
86
62
35
9
-17
-41
-62
-79
-92
-100
-101
-93
-81
-72
-69
-73
-79
-84
-87
-91
-97
-104
-108
-108
-105
-105
-107
-107
-105
-96
-86
-79
-77
-81
-87
-91
-91
-87
-79
-70
-60
-46
-32
-19
-12
-12
-15
-17
-16
-12
-7
-7
-13
-24
-36
-44
-44
-38
-29
-15
7
36
64
83
90
88
81
77
71
60
38
6
-29
-61
-85
-105
-121
-135
-147
-152
-146
-131
-109
-83
-58
-35
-14
7
24
34
28
12
-8
-23
-30
-33
-39
-51
-64
-70
-63
-48
-32
-19
-11
0
24
59
97
131
156
174
187
194
195
186
168
148
133
125
121
120
114
105
105
112
128
149
171
189
198
201
198
190
176
156
133
109
91
75
57
29
-5
-38
-63
-79
-89
-99
-113
-128
-137
-141
-139
-137
-138
-137
-132
-124
-113
-103
-99
-94
-91
-85
-77
-69
-66
-68
-78
-87
-92
-91
-84
-74
-65
-61
-56
-46
-29
-11
2
10
13
15
16
14
6
-9
-27
-41
-48
-50
-50
-51
-49
-41
-29
-17
-8
0
7
19
32
42
45
41
33
24
12
-4
-24
-45
-63
-75
-84
-90
-93
-91
-86
-78
-74
-73
-70
-63
-55
-46
-42
-42
-40
-38
-34
-33
-35
-36
-32
-22
-10
-2
2
-1
0
6
22
43
69
97
122
142
156
163
163
154
147
143
145
152
159
165
163
155
142
131
125
126
129
132
132
134
140
148
155
158
153
145
130
112
94
77
62
45
28
9
-9
-27
-42
-56
-69
-81
-90
-97
-105
-115
-127
-142
-152
-159
-161
-162
-159
-156
-150
-139
-124
-108
-96
-92
-90
-89
-81
-72
-64
-60
-60
-58
-53
-45
-35
-28
-24
-24
-27
-27
-25
-20
-18
-18
-17
-18
-23
-25
-25
-21
-14
-4
9
23
35
42
42
35
23
15
9
1
-10
-24
-42
-59
-74
-84
-91
-95
-94
-88
-76
-59
-42
-28
-19
-15
-12
-6
-3
-6
-15
-26
-34
-34
-28
-15
-3
8
17
22
22
18
14
11
15
24
39
56
69
74
74
68
58
46
31
18
8
8
16
35
58
86
112
135
153
167
180
189
192
189
185
181
182
187
187
180
166
149
131
110
85
58
31
8
-9
-19
-27
-33
-38
-37
-32
-22
-16
-15
-18
-20
-15
-5
6
8
-2
-18
-34
-46
-53
-61
-70
-77
-83
-82
-78
-75
-75
-82
-87
-87
-78
-66
-58
-54
-57
-60
-65
-70
-77
-84
-93
-106
-118
-134
-148
-158
-163
-159
-145
-122
-91
-54
-17
11
29
36
36
29
15
-6
-33
-66
-94
-114
-123
-124
-121
-121
-122
-121
-111
-91
-64
-37
-12
10
31
47
56
52
35
12
-10
-25
-36
-45
-49
-41
-29
-9
18
43
68
84
93
93
86
76
62
45
25
7
-8
-15
-12
-3
8
19
32
42
52
61
66
67
69
74
86
100
111
113
114
116
121
125
131
134
141
150
161
173
182
185
181
170
157
143
132
124
117
115
117
126
136
145
149
153
159
164
164
156
137
109
78
48
26
9
-5
-20
-32
-42
-49
-50
-44
-35
-24
-15
-6
3
7
6
-4
-24
-51
-83
-121
-158
-193
-224
-248
-263
-270
-268
-261
-253
-248
-245
-245
-245
-241
-238
-236
-237
-240
-244
-244
-235
-217
-193
-163
-131
-99
-73
-55
-46
-46
-50
-58
-65
-78
-92
-105
-116
-120
-127
-125
-112
-102
-88
-73
-59
-40
-21
-1
17
32
41
43
38
26
8
-13
-31
-46
-53
-50
-39
-23
-3
21
51
83
113
133
142
142
138
131
121
103
78
48
18
-6
-20
-23
-19
-4
21
59
110
169
224
273
313
342
361
372
372
364
351
341
332
326
321
313
303
296
297
303
313
318
322
320
317
316
312
305
294
279
262
244
222
196
166
136
108
88
70
52
30
5
-23
-52
-79
-102
-123
-147
-175
-207
-240
-268
-292
-317
-340
-362
-382
-394
-398
-401
-404
-410
-418
-422
-426
-433
-442
-455
-467
-474
-473
-462
-444
-420
-391
-359
-325
-293
-262
-234
-207
-176
-121
-91
-103
-93
-99
-100
-91
-81
-58
-42
-12
7
37
63
91
115
134
151
165
177
184
184
176
162
141
119
94
71
52
40
34
36
45
62
80
94
101
95
85
67
47
23
-1
-19
-28
-33
-36
-39
-44
-50
-58
-67
-77
-86
-91
-92
-87
-80
-72
-65
-57
-39
-13
17
46
73
104
139
179
222
264
301
331
355
371
380
381
375
366
355
347
345
353
371
399
432
468
499
523
536
538
532
516
488
453
411
372
339
312
284
255
225
196
174
158
149
144
140
135
127
111
86
49
1
-58
-119
-182
-247
-311
-371
-425
-471
-509
-540
-566
-588
-603
-611
-612
-613
-624
-632
-637
-640
-636
-633
-632
-632
-625
-613
-596
-579
-568
-564
-553
-532
-497
-457
-419
-386
-352
-311
-266
-215
-166
-122
-79
-37
1
31
56
79
97
107
109
104
109
131
173
220
260
290
310
328
338
335
313
277
237
197
159
123
91
65
49
43
44
49
52
52
43
26
3
-27
-57
-83
-96
-102
-97
-92
-79
-56
-17
31
76
112
138
167
202
248
298
346
391
437
483
523
547
548
538
531
535
548
560
567
581
601
625
639
639
634
635
638
631
604
565
519
468
404
326
241
163
99
45
-4
-47
-87
-120
-148
-167
-179
-191
-211
-240
-261
-271
-267
-254
-243
-247
-259
-280
-315
-368
-432
-494
-541
-584
-636
-689
-721
-720
-691
-651
-615
-575
-525
-469
-426
-412
-424
-442
-459
-484
-528
-580
-622
-639
-637
-623
-610
-582
-527
-444
-353
-273
-203
-130
-48
24
66
83
93
119
159
173
153
114
85
79
76
68
59
71
114
179
241
292
339
389
449
501
535
558
572
573
557
528
487
441
385
312
241
191
176
173
150
101
54
25
-3
-67
-178
-303
-402
-468
-527
-597
-656
-667
-630
-584
-565
-556
-521
-428
-295
-158
-41
97
296
554
829
1066
1253
1403
1533
1636
1677
1643
1545
1419
1277
1116
931
748
586
442
297
135
-6
-101
-151
-189
-251
-336
-416
-469
-510
-556
-615
-668
-690
-669
-619
-541
-427
-285
-139
-3
119
238
335
385
390
349
275
165
18
-176
-404
-632
-840
-1021
-1190
-1331
-1395
-1343
-1186
-968
-735
-498
-239
48
326
530
637
680
683
636
508
298
33
-230
-465
-676
-842
-947
-964
-903
-801
-680
-521
-316
-97
96
225
284
286
244
167
69
-19
-102
-180
-248
-292
-278
-198
-64
90
262
462
692
921
1074
1161
1190
1174
1080
820
401
-110
-644
-1213
-1888
-2694
-3440
-3839
-3767
-3353
-2820
-2173
-1229
115
1685
3116
4125
4706
5005
5068
4800
4077
2956
1716
607
-264
-915
-1379
-1573
-1432
-1029
-560
-223
-81
-51
-97
-300
-703
-1229
-1627
-1700
-1453
-999
-395
401
1397
2434
3241
3644
3650
3399
2938
2207
1207
83
-916
-1615
-2020
-2234
-2321
-2264
-2022
-1623
-1237
-1027
-1019
-1135
-1215
-1228
-1200
-1106
-911
-500
149
940
1697
2282
2628
2731
2570
2107
1356
382
-717
-1779
-2610
-3101
-3218
-3044
-2644
-1999
-1136
-148
775
1437
1761
1777
1606
1316
867
262
-396
-906
-1163
-1181
-1054
-888
-702
-458
-156
151
345
343
231
132
102
117
85
-18
-124
-185
-237
-361
-583
-856
-1066
-1178
-1267
-1315
-1320
-1196
-794
-172
549
1245
1871
2506
3140
3613
3863
3841
3495
2856
1852
491
-1154
-2876
-4488
-6015
-7576
-8976
-9449
-8576
-6585
-4096
-1577
1178
4360
7652
10383
11811
11695
10481
8691
6438
3617
321
-2711
-4751
-5724
-5876
-5396
-4390
-3074
-1645
-448
260
316
-162
-645
-1016
-1310
-1336
-658
910
2962
4912
6481
7589
8011
7527
5941
3241
-209
-3706
-6507
-8386
-9372
-9331
-7989
-5404
-2179
1011
3657
5531
6458
6339
5184
3097
437
-2127
-3884
-4646
-4610
-3976
-2734
-919
1031
2578
3353
3236
2401
1107
-419
-1970
-3271
-3929
-3667
-2671
-1321
210
1787
3187
4040
4038
3196
1757
39
-1576
-2902
-3855
-4190
-3770
-2649
-1090
481
1822
2795
3205
2997
2133
735
-793
-2093
-2945
-3282
-3153
-2457
-1173
333
1627
2475
2781
2646
2091
1040
-247
-1529
-2549
-2995
-2904
-2389
-1478
-300
990
2125
2682
2698
2337
1629
791
-79
-814
-1179
-1021
-354
673
1719
2424
2760
2411
1164
-776
-2964
-4911
-6548
-8121
-9423
-9361
-7352
-3691
467
3822
6434
8682
10509
11462
10744
8141
4690
1568
-933
-2821
-4486
-5527
-5316
-4234
-2665
-1034
180
781
964
677
181
-434
-958
-614
430
1847
3508
5373
7220
8442
8341
6828
4328
1196
-2068
-5135
-7840
-9736
-10358
-9485
-7254
-4246
-909
2516
5523
7418
7931
7146
5596
3659
1472
-675
-2499
-3631
-3788
-3006
-1893
-1040
-775
-1005
-1406
-1933
-2662
-3377
-3858
-3811
-2962
-1511
428
2527
4328
5575
6053
5552
4136
1909
-820
-3480
-5792
-7325
-7687
-6946
-5386
-3269
-938
1357
3311
4559
5156
5030
4080
2765
1428
239
-661
-1346
-1770
-1847
-1789
-1676
-1508
-1553
-1722
-1825
-1758
-1403
-785
59
1194
2424
3381
3906
3899
3388
2509
1352
-47
-1318
-2126
-2353
-2018
-1519
-1066
-614
-113
358
736
802
499
263
274
656
1483
2484
3553
4441
4447
3477
1800
-636
-3366
-6408
-9898
-13087
-15067
-14408
-10686
-5373
-188
4460
8875
12915
15818
16367
14375
10370
5407
713
-3266
-6716
-9229
-9843
-8592
-6142
-3516
-932
1499
3057
3371
2657
1506
268
-414
-220
725
2174
3927
6157
8396
9398
8638
6422
3233
-330
-4013
-7371
-9752
-10908
-10429
-8133
-4580
-411
3615
6952
9129
9672
8640
6560
3904
905
-2008
-4337
-5501
-5378
-4312
-2795
-1391
-421
143
308
-37
-922
-2228
-3403
-4012
-3810
-2844
-1370
374
2178
3711
4540
4399
3308
1485
-875
-3399
-5680
-7228
-7804
-7284
-5722
-3486
-983
1552
3920
5691
6489
6138
5015
3496
1812
89
-1512
-2842
-3649
-3768
-3327
-2615
-2021
-1570
-1254
-1015
-870
-727
-415
250
1241
2429
3625
4715
5600
6061
5951
5082
3581
1649
-389
-2264
-3828
-4924
-5280
-4803
-3559
-1729
196
1785
2890
3436
3294
2551
1269
57
-549
-818
-804
-431
23
684
1368
1623
1175
-389
-2695
-4853
-6927
-9350
-11342
-11574
-9207
-4819
55
4323
7951
10681
12511
13337
12156
8859
4446
351
-2786
-5267
-7339
-7949
-6795
-4754
-2623
-585
1256
2482
2862
2387
1630
554
-218
163
1484
2984
4444
6055
7764
8615
7651
5305
2152
-1220
-4353
-6756
-8219
-8578
-7597
-5167
-1839
1388
4026
6060
7245
7067
5563
3138
628
-1462
-2878
-3533
-3472
-2821
-1620
-179
693
528
-745
-2675
-4530
-5849
-6687
-6890
-6427
-5103
-2488
937
4302
6881
7989
7594
6157
3729
607
-2808
-6233
-8771
-9723
-9156
-7239
-4439
-1429
1509
3974
5618
6422
6101
4725
2895
990
-704
-1961
-2774
-3152
-3090
-2722
-2004
-1163
-682
-617
-731
-797
-577
15
863
2023
3340
4621
5685
6090
5644
4544
2977
1123
-860
-2783
-4178
-4763
-4413
-3109
-1201
899
2810
4246
5161
5438
4750
3126
806
-1851
-4103
-5486
-5707
-4657
-2837
-772
1468
3248
4055
4092
3353
1939
-131
-2626
-5034
-6960
-8914
-10561
-10340
-7638
-3063
2011
6010
8318
9544
9711
9342
8084
5138
1357
-1905
-4190
-5664
-6376
-6393
-5225
-3633
-2236
-819
738
1888
2587
2919
2950
3221
3517
4252
5265
5858
5754
5444
4878
3817
2056
-391
-2832
-4924
-6318
-6760
-6151
-4947
-3055
-649
1963
4444
6348
7573
7906
6993
4998
2515
-122
-2456
-4328
-5505
-5993
-5835
-5176
-4212
-3344
-2791
-2432
-2135
-1702
-1290
-978
-964
-1232
-1338
-623
724
2148
2986
2824
2007
759
-592
-1956
-3381
-4855
-5811
-5849
-5095
-3744
-2069
-260
1331
2535
3342
3891
3969
3528
2764
1878
1150
614
375
100
-417
-1052
-1503
-1722
-1872
-2019
-1930
-1371
-421
801
2022
3198
4210
5020
5405
5095
3987
2404
835
-458
-1416
-2087
-2455
-2480
-1953
-1291
-693
-255
-40
197
392
297
-60
-471
-748
-473
158
951
1922
2825
3222
2885
1834
116
-1567
-3232
-4872
-6081
-7367
-8804
-9613
-8476
-4716
956
6166
9109
9987
9852
9402
8397
6274
2944
-239
-2726
-4358
-5379
-6004
-5858
-5140
-4266
-3499
-2343
-764
839
1977
2722
3319
4094
4992
5834
6328
6034
5203
4222
3288
2022
192
-2099
-4271
-5858
-6503
-6185
-5060
-3554
-1744
403
2603
4733
6422
7425
7408
6381
4480
2255
-30
-2227
-4242
-5918
-7015
-7248
-6561
-5387
-3987
-2798
-1854
-1260
-1019
-923
-526
137
996
1967
2787
3234
3248
2728
1534
-53
-2088
-3980
-5444
-6437
-6863
-6485
-5390
-3666
-1432
950
3229
4904
5934
6221
5904
4902
3566
2158
730
-706
-2155
-3270
-3933
-4058
-3706
-2942
-2074
-1067
80
1310
2466
3259
3740
4072
4276
4304
4025
3337
2348
1196
109
-783
-1474
-2053
-2418
-2512
-2337
-1796
-928
92
1100
1804
2038
1931
1563
1211
1079
952
532
-21
-360
-243
382
920
824
-48
-1465
-2837
-3794
-4214
-4415
-4653
-5482
-6936
-7414
-5150
-440
4635
7634
8133
8005
7942
7722
6500
4133
1310
-999
-2803
-4503
-5599
-5944
-5580
-5199
-5030
-4432
-2480
-68
1931
3223
4112
5072
5887
6394
6150
5319
3925
2686
1797
945
-222
-1610
-3105
-4404
-5322
-5801
-5484
-4618
-3061
-983
1535
4079
6425
8120
8819
8148
6235
3699
960
-1630
-4021
-5872
-6968
-6938
-6089
-4757
-3584
-2853
-2585
-2561
-2530
-2265
-1517
-472
661
1581
2527
3422
4118
4157
3391
1826
-74
-2019
-3875
-5323
-6243
-6386
-5755
-4430
-2777
-783
1233
2962
4214
5046
5443
5431
4890
3694
2191
655
-644
-1812
-2895
-3897
-4390
-4026
-2923
-1672
-622
172
963
1985
3113
4081
4603
4776
4632
4221
3398
2170
549
-1076
-2399
-3306
-3791
-3815
-3330
-2436
-1104
256
1480
2398
2802
2651
2307
1913
1830
2095
2147
1990
1507
791
-297
-1867
-3764
-5249
-5810
-5686
-5408
-5951
-7501
-8665
-7074
-2153
4227
8414
8781
7475
6502
6161
5376
3895
2415
1621
747
-1020
-2798
-3737
-3858
-4021
-4769
-5685
-5286
-3517
-1288
488
1564
2617
3908
5293
6024
6197
6005
5665
5194
4451
3197
1321
-1180
-4126
-6781
-8664
-9076
-7968
-5767
-3124
-451
2156
4985
7733
9547
9725
8129
5663
3194
1265
-401
-2014
-3606
-4889
-5624
-5802
-5633
-5372
-5230
-5205
-4823
-3831
-2088
-58
1694
2691
2864
2635
2522
2699
2866
2553
1651
459
-786
-1952
-3140
-4277
-5224
-5591
-5056
-3626
-1514
738
2616
3969
4703
4933
4760
4080
2876
1391
11
-979
-1483
-1705
-1863
-2041
-2078
-1883
-1442
-912
-462
-132
243
744
1475
2464
3438
4041
4038
3580
2833
1996
950
-329
-1672
-2750
-3288
-3294
-3019
-2699
-2377
-1807
-596
1150
3151
4712
5131
4443
3091
1620
799
757
779
103
-1587
-3882
-5686
-6694
-7525
-8437
-9256
-8771
-5345
390
5605
7870
6872
4947
3816
3489
3509
4393
5676
5846
4003
591
-2279
-3977
-5153
-6502
-7329
-6742
-4114
-596
2101
3311
3188
2522
1776
1383
1494
2769
4358
5626
6065
5661
4524
2634
-10
-3153
-5761
-7479
-7670
-6689
-5031
-3285
-1569
34
1784
3584
5033
5801
5690
5246
4740
4279
3407
2056
99
-1960
-3753
-4944
-5366
-5134
-4653
-4279
-3953
-3591
-2828
-1872
-1008
-467
20
596
1534
2639
3563
3945
3670
2865
1629
171
-1592
-3289
-4670
-5371
-5202
-4095
-2391
-690
567
1505
2516
3679
4658
4957
4441
3262
1830
391
-868
-1883
-2568
-2898
-2793
-2319
-1572
-817
-271
15
37
75
434
1249
2313
3228
3503
3139
2324
1396
658
165
-273
-774
-1393
-2118
-2696
-2948
-2728
-2019
-1163
-320
827
2425
4169
5172
4852
3368
1714
530
-82
-575
-1590
-3341
-5703
-8036
-9992
-11105
-10699
-7365
-1109
5412
8566
7304
4500
2958
3114
3835
5014
6808
8179
7173
3383
-1030
-4179
-5676
-6112
-5893
-4878
-2875
-662
557
373
-776
-1870
-2149
-1421
406
3237
6076
7690
7547
5923
3472
885
-1166
-2273
-2447
-2152
-1803
-1650
-1743
-2099
-2759
-3403
-3389
-2219
-23
2251
3472
3421
2663
1828
1373
1386
1655
2121
2493
2421
1728
484
-1117
-2744
-4036
-4900
-5152
-4905
-4335
-3574
-2832
-2371
-2108
-1630
-667
636
1861
2894
3784
4335
4147
3128
1621
220
-682
-1084
-1233
-1243
-1257
-1296
-1406
-1627
-1698
-1413
-702
286
1371
2232
2717
2720
2159
1165
73
-689
-889
-662
-458
-461
-684
-1049
-1318
-1272
-915
-367
175
630
1025
1288
1378
1402
1451
1410
1139
529
-334
-1024
-1148
-779
-217
256
562
847
982
901
889
1491
2668
3591
3219
918
-2637
-6060
-8222
-8745
-8059
-7565
-7757
-7275
-4382
603
4889
5911
4390
3464
4004
5345
6889
8513
9150
7180
2348
-2869
-5172
-4579
-2667
-1081
-256
-120
-276
-925
-1975
-2625
-2640
-1949
-807
705
2343
3868
4284
3324
1688
427
131
741
1574
1748
1018
-322
-1460
-1973
-1749
-1261
-752
-325
209
763
972
448
-757
-1896
-2353
-1869
-776
531
1498
2082
2305
2316
2242
2125
1910
1642
1353
684
-544
-2232
-3750
-4653
-5017
-5130
-4731
-3702
-2461
-1485
-866
-163
812
1708
2211
2417
2466
2396
2157
1627
946
453
158
-120
-521
-896
-938
-617
-417
-656
-1144
-1341
-787
275
1068
1138
804
649
897
1196
1153
692
-17
-796
-1369
-1644
-1655
-1432
-999
-320
555
1384
1837
1841
1500
1189
1102
1102
833
93
-893
-1626
-1564
-611
738
1906
2679
3047
2905
1981
308
-1529
-2925
-4142
-5400
-6635
-8104
-9508
-9345
-6248
-1205
2372
1907
-575
-1128
880
3585
5984
8103
9274
8042
4290
820
318
1904
3347
3563
2535
887
-698
-2192
-3531
-4205
-4011
-2823
-1072
266
746
669
150
-431
-247
951
2631
3804
3719
2464
909
-95
-38
836
1649
1666
895
-139
-923
-1315
-1413
-1408
-1488
-1498
-1300
-1008
-952
-1255
-1749
-1896
-1423
-550
560
1779
2708
2981
2631
1984
1619
1638
1597
1199
501
-504
-1702
-2827
-3656
-3924
-3637
-3119
-2575
-2033
-1585
-1242
-1034
-1037
-1055
-706
41
884
1433
1547
1398
1287
1382
1661
1974
2059
1796
1191
348
-539
-1129
-1219
-964
-762
-880
-1195
-1378
-1300
-1075
-857
-786
-800
-730
-587
-457
-172
460
1443
2379
2711
2436
2157
2173
2282
2224
1774
1065
239
-688
-1320
-1145
-300
590
969
314
-1116
-2432
-3302
-3706
-3691
-3802
-4801
-6522
-7646
-6189
-2222
825
185
-2161
-2476
-371
2321
4261
5865
6941
5911
2647
187
1073
3677
5389
5245
3960
2484
1354
381
-537
-1053
-1112
-795
-517
-856
-1740
-2374
-2485
-2213
-1314
336
2003
2771
2213
932
83
370
1562
2859
3494
3026
1896
832
282
179
306
277
-103
-677
-1201
-1553
-1845
-2176
-2597
-2894
-2959
-2692
-2002
-1060
-340
158
945
2035
2872
2955
2351
1677
1440
1488
1612
1685
1398
564
-527
-1482
-2032
-2058
-1910
-1912
-2062
-2254
-2462
-2715
-2991
-3108
-2785
-2053
-1250
-618
-237
13
367
915
1547
2140
2565
2654
2408
1998
1604
1248
913
473
-141
-893
-1675
-2252
-2486
-2439
-2372
-2273
-1997
-1522
-1080
-849
-494
393
1527
2050
1753
1399
1730
2379
2654
2561
2439
2068
1254
446
166
529
761
-259
-2583
-4743
-5646
-5626
-5427
-5077
-3614
-1626
-1945
-5298
-7777
-5893
-1394
2252
3657
3960
3741
2291
548
1151
4796
8208
9328
8357
6313
4002
2069
1133
1183
2062
2601
2171
361
-2390
-4475
-4434
-2718
-1047
-166
-272
-1170
-2308
-2775
-2025
-264
1515
2434
2359
1692
953
836
1546
2637
3613
4001
3331
1733
227
-369
32
569
478
-445
-1685
-2863
-3516
-3504
-3320
-3190
-2892
-2201
-1656
-1389
-1235
-761
109
997
1591
1888
1924
1502
1040
1055
1502
1871
1724
945
-71
-737
-1002
-1168
-1339
-1551
-1770
-2068
-2533
-3037
-3148
-2741
-2130
-1426
-750
-287
-200
-267
-103
493
1326
1910
2059
1981
1849
1713
1453
926
284
-76
-34
-33
-399
-1009
-1375
-1394
-1342
-1338
-1316
-1167
-671
178
953
1162
899
602
808
1509
2070
2308
2019
933
-1047
-2884
-3550
-3130
-2709
-3286
-3593
-2666
-1926
-3263
-5578
-5609
-2886
79
871
281
117
-296
-1210
-1151
1475
4905
6618
6252
4889
4106
3851
4266
4963
5563
5393
4247
2473
165
-1407
-1446
-262
532
248
-695
-1720
-2335
-2463
-1863
-784
90
203
-337
-964
-1213
-734
350
1470
2203
2341
1969
1328
999
1257
1955
2429
1994
765
-562
-1222
-1268
-1065
-1020
-906
-711
-987
-1738
-2364
-2228
-1716
-1331
-1212
-1111
-907
-964
-1115
-902
-75
915
1487
1363
777
378
297
380
380
360
324
76
-460
-996
-1037
-646
-249
-196
-399
-673
-1011
-1340
-1435
-1212
-918
-954
-1355
-1827
-2003
-1791
-1323
-800
-438
-220
70
551
1026
1367
1319
995
630
487
563
659
696
567
453
215
35
-173
-313
-94
448
1037
1137
810
-49
-1350
-2706
-3171
-2390
-1543
-1432
-1362
-975
-2005
-4668
-5976
-3733
2
1508
343
-710
-486
-639
-1053
307
3167
4667
3966
2641
2137
2652
3479
4539
5488
5844
5219
4057
2835
1697
1612
2319
2609
1591
-179
-1695
-2668
-2935
-2603
-1613
-742
-821
-1704
-2519
-2708
-2389
-1425
-266
686
1095
771
45
-272
402
1573
2561
2738
2173
1237
262
-336
-228
416
887
739
45
-837
-1495
-1614
-1354
-1007
-1020
-1386
-1700
-1828
-1850
-1754
-1316
-710
-184
-22
-184
-220
152
723
1079
1168
1100
1029
904
589
300
376
676
750
521
149
-140
-247
-300
-251
-104
35
-25
-296
-648
-951
-1105
-1206
-1349
-1593
-1799
-1919
-1955
-1875
-1699
-1394
-1078
-911
-905
-914
-789
-452
185
939
1202
760
158
-91
88
604
1311
1653
937
-986
-2725
-2777
-1901
-1393
-978
-210
-756
-3460
-5726
-4863
-1711
431
274
-425
-360
-786
-1757
-963
2012
4455
4729
3885
3097
2908
3245
4147
5279
6029
5741
4467
3047
2044
2225
3333
4042
3453
2136
913
-127
-911
-1149
-584
19
-391
-1785
-3196
-3951
-4084
-3608
-2783
-2141
-2015
-2489
-3097
-3058
-2071
-760
170
512
523
539
518
579
997
1822
2541
2762
2458
1969
1586
1275
1142
1274
1488
1215
574
-110
-765
-1184
-1230
-1019
-1006
-1297
-1826
-2181
-1979
-1328
-661
-377
-473
-725
-717
-363
199
816
1238
1336
1110
734
519
726
1123
1259
1029
541
78
-212
-417
-587
-685
-801
-1081
-1288
-1315
-1231
-1192
-1290
-1460
-1548
-1520
-1539
-1566
-1728
-1976
-1964
-1445
-859
-800
-1187
-1595
-1600
-1238
-835
-430
165
198
-1046
-2458
-2413
-1153
-146
153
12
-550
-1837
-2880
-2130
-27
1262
639
-275
-385
-391
-679
-233
1450
2645
2562
2048
1909
2036
2421
3514
4706
5387
5190
4527
3949
3671
3885
4370
4762
4362
3504
2681
1877
1137
751
1004
1209
756
-423
-1604
-2273
-2526
-2377
-2136
-2105
-2417
-2878
-3397
-3653
-3424
-2987
-2495
-2240
-2432
-2822
-2633
-1801
-1200
-1025
-758
-114
478
548
392
680
1402
1794
1729
1685
1715
1677
1612
1691
1762
1735
1462
918
585
551
489
151
-190
-428
-588
-780
-1119
-1297
-1233
-1115
-1165
-1100
-776
-404
-192
-199
-263
-261
-35
387
871
1087
905
421
-124
-220
192
661
719
255
-321
-641
-657
-607
-699
-763
-889
-1094
-1289
-1454
-1618
-1784
-1818
-1955
-2172
-2280
-2024
-1505
-1702
-2962
-4294
-3884
-2117
-974
-1105
-2070
-2708
-2910
-2246
-1056
-7
672
362
48
-131
320
1033
2113
3244
3139
2817
2472
2624
2917
3820
4931
5025
4305
3013
2642
2946
3578
3886
3818
3481
2580
1938
1398
1330
1593
1952
1939
1176
187
-634
-735
-583
-245
139
-80
-1103
-2416
-2835
-2372
-1494
-1096
-1484
-2188
-3003
-3315
-2926
-1987
-1346
-1332
-1589
-1801
-1725
-1615
-1342
-850
-190
174
34
-194
-234
185
893
1483
1616
1321
918
684
839
1214
1538
1648
1421
1035
704
507
394
449
642
689
458
-40
-508
-692
-645
-559
-514
-511
-641
-916
-1186
-1196
-870
-468
-293
-469
-705
-723
-433
94
438
380
95
-64
-37
45
81
160
321
305
-65
-663
-974
-932
-741
-673
-882
-1660
-3162
-4424
-4104
-2167
-553
-1266
-3789
-5161
-4037
-2032
-1355
-1452
-919
-351
-714
-1710
-1344
405
2295
2905
2695
2715
2506
2393
2776
4270
5405
5398
4319
3092
2994
3683
4506
4268
3558
2818
2434
2011
1344
1110
1076
923
103
-733
-1227
-1434
-1557
-1712
-1664
-1706
-1922
-2398
-2721
-2525
-1971
-1387
-1534
-1985
-2084
-1637
-1103
-990
-882
-651
-94
173
141
60
101
426
726
1038
950
839
658
534
795
1096
1221
914
702
753
1074
1217
924
671
507
502
415
384
311
200
199
104
28
-108
-169
-254
-302
-363
-479
-549
-759
-1009
-1142
-931
-583
-420
-409
-442
-459
-524
-502
-233
-28
-79
-308
-445
-431
-233
118
327
134
-567
-1085
-864
-195
-3
-440
-1211
-2339
-3643
-4027
-2432
-28
333
-2581
-5567
-5362
-2695
-1072
-1521
-2009
-1732
-1804
-3013
-3086
-942
1456
1790
695
491
1210
2104
2622
3507
4586
5014
4512
3537
3567
4788
6341
6433
5131
4021
3999
4452
4174
3676
3402
3139
2082
642
36
219
312
-339
-1143
-1716
-2079
-2517
-3129
-3429
-3255
-2852
-3120
-4058
-4805
-4608
-3620
-2985
-2979
-3326
-3489
-3312
-2789
-1925
-1252
-1171
-1654
-1776
-983
142
766
673
699
1073
1498
1708
1847
2312
2710
2827
2458
2137
2227
2630
2956
2838
2592
2158
1938
1897
2005
1957
1628
1166
626
356
254
251
73
-281
-653
-693
-429
-363
-720
-1168
-1335
-1263
-1124
-1018
-1007
-1241
-1534
-1534
-1076
-491
-219
-386
-805
-1164
-1186
-881
-400
-58
-146
-741
-1730
-2797
-3101
-1732
494
966
-1728
-4981
-5308
-2776
-887
-1305
-2414
-2639
-2639
-3487
-3659
-1947
339
664
-476
-986
-436
498
1236
2206
3200
3854
3446
2404
2334
3929
6061
6564
5239
3620
3412
4240
4766
4716
4416
3914
2779
1653
1374
1860
1995
1169
56
-677
-910
-1210
-1920
-2695
-2828
-2422
-2388
-2939
-3532
-3569
-3184
-2789
-2619
-2631
-2693
-2795
-2733
-2327
-1743
-1526
-1749
-1844
-1324
-560
-277
-425
-425
-14
357
380
212
274
618
890
924
929
1095
1289
1449
1559
1640
1686
1628
1491
1503
1741
1991
1982
1770
1557
1574
1843
2059
1988
1587
1148
842
736
609
452
279
-30
-461
-854
-901
-822
-836
-1086
-1342
-1484
-1576
-1674
-1940
-2133
-2179
-2014
-1864
-1690
-1542
-1583
-1615
-1745
-1961
-1933
-1017
2
-286
-1905
-3006
-2135
-411
313
-276
-734
-773
-1089
-1519
-943
338
710
-201
-1145
-1008
-309
249
539
953
1417
1665
1453
1122
1382
2400
3351
3223
2441
2063
2611
3235
3384
3376
3574
3508
2863
2314
2382
2653
2219
1243
463
289
320
69
-574
-1226
-1482
-1442
-1518
-1828
-2173
-2568
-2990
-3268
-3120
-2862
-2864
-3110
-3076
-2553
-2106
-2060
-2180
-1756
-1040
-685
-846
-1057
-894
-454
175
587
761
793
897
1096
1372
1685
1682
1389
1008
990
1174
1285
1232
1154
1179
1241
1367
1534
1749
1695
1310
900
840
917
844
610
419
317
255
307
395
512
443
221
-117
-342
-479
-614
-667
-726
-878
-1151
-1180
-974
-721
-660
-797
-987
-1220
-1346
-1429
-1422
-1448
-1534
-1644
-1725
-1510
-1009
-464
-516
-1037
-1171
-575
-36
-350
-924
-1035
-705
-661
-779
-453
235
472
19
-199
201
789
890
623
358
371
599
896
1254
1584
1896
1994
1955
1942
2211
2524
2524
2188
1826
1664
1521
1383
1364
1606
1726
1536
1227
1070
974
744
367
-91
-414
-672
-991
-1451
-1785
-1789
-1565
-1479
-1758
-2136
-2259
-2218
-2346
-2610
-2794
-2818
-2763
-2650
-2438
-2098
-1740
-1404
-1106
-784
-473
-221
-77
-32
-30
-20
142
473
926
1238
1358
1377
1593
1961
2212
2194
1972
1729
1457
1305
1296
1489
1572
1471
1302
1267
1343
1316
1211
1019
803
464
132
-121
-216
-275
-390
-432
-310
-69
34
-22
-200
-418
-626
-708
-678
-694
-844
-1101
-1206
-1004
-574
-188
-4
-43
-273
-534
-661
-622
-604
-653
-846
-1170
-1371
-1127
-546
-240
-333
-528
-395
-231
-376
-645
-626
-414
-567
-864
-873
-409
-83
-31
48
326
513
318
91
-34
45
46
45
90
272
525
725
925
1113
1410
1557
1494
1303
1270
1258
1075
823
746
937
1097
1123
1115
1234
1275
1059
678
422
344
246
-87
-595
-952
-968
-746
-529
-482
-614
-817
-1037
-1164
-1151
-1194
-1530
-1938
-2123
-1997
-1745
-1522
-1390
-1182
-824
-520
-342
-240
-121
-118
-136
-120
71
280
348
357
501
883
1202
1353
1256
1118
954
772
572
474
505
535
542
490
502
637
879
1033
1043
861
566
279
138
64
-10
-107
-235
-263
-131
166
426
515
318
71
-16
61
90
-64
-331
-553
-539
-378
-159
18
86
14
-72
-108
-129
-233
-467
-707
-766
-668
-589
-548
-504
-357
-111
181
286
122
-143
-258
-196
-206
-345
-479
-486
-478
-485
-371
-104
102
2
-230
-348
-396
-574
-766
-744
-564
-488
-623
-709
-521
-104
214
268
149
36
0
-11
3
70
184
183
117
238
645
1052
1167
1039
949
989
963
813
660
596
500
349
253
323
486
561
514
407
291
124
-88
-287
-417
-500
-597
-725
-784
-711
-524
-323
-191
-155
-169
-189
-194
-164
-164
-202
-277
-287
-175
37
252
390
451
451
462
464
439
327
176
77
74
135
188
235
285
354
405
437
418
354
271
149
-4
-149
-206
-185
-141
-95
4
111
121
83
114
185
130
-70
-262
-329
-317
-308
-273
-171
-56
-18
-17
6
24
-13
-129
-280
-421
-491
-505
-510
-515
-466
-325
-176
-73
-17
39
51
-8
-100
-153
-128
-105
-140
-197
-172
-66
47
90
45
-9
-59
-148
-291
-393
-406
-372
-374
-421
-415
-313
-158
-42
0
-28
-119
-232
-323
-362
-352
-342
-363
-380
-317
-159
37
171
225
251
277
292
293
303
308
271
222
243
361
492
561
561
529
477
402
323
237
147
60
-9
-48
-30
63
212
336
387
407
442
467
437
380
354
337
285
231
237
319
422
498
544
559
525
463
408
344
262
174
122
105
109
137
182
225
235
216
163
61
-94
-246
-344
-422
-513
-600
-626
-575
-489
-437
-440
-449
-435
-413
-436
-496
-570
-636
-696
-713
-638
-511
-417
-386
-345
-275
-233
-271
-342
-387
-413
-437
-458
-457
-412
-307
-155
-7
82
128
193
245
246
212
214
244
252
218
212
294
427
547
606
633
620
561
475
399
356
314
249
165
123
136
192
242
265
255
187
62
-83
-181
-235
-284
-370
-471
-539
-550
-498
-412
-343
-350
-422
-501
-531
-529
-545
-600
-648
-631
-567
-460
-336
-204
-104
-51
-38
-49
-47
-54
-64
-84
-105
-131
-109
2
178
353
443
475
511
593
680
739
754
724
697
719
815
942
1057
1119
1139
1135
1112
1076
1022
947
853
760
652
544
468
461
493
499
446
353
251
118
-30
-163
-277
-412
-579
-723
-783
-779
-798
-839
-870
-876
-905
-975
-1051
-1086
-1089
-1106
-1127
-1116
-1055
-971
-882
-784
-666
-537
-444
-412
-428
-435
-407
-352
-307
-274
-213
-106
30
150
244
318
376
414
434
451
454
443
426
435
480
554
626
671
697
708
706
667
582
478
414
377
322
232
145
110
128
161
156
92
-26
-149
-238
-304
-380
-467
-533
-569
-577
-566
-537
-498
-471
-472
-482
-496
-519
-533
-522
-500
-487
-493
-472
-390
-264
-153
-81
-35
4
48
90
127
146
149
150
184
271
384
485
558
615
661
690
693
698
713
719
693
648
631
665
738
792
808
786
756
730
693
633
551
472
397
321
244
187
154
129
98
51
-11
-103
-204
-286
-345
-410
-494
-568
-599
-582
-568
-577
-598
-599
-583
-584
-629
-696
-727
-706
-662
-644
-648
-637
-585
-500
-407
-326
-275
-246
-218
-178
-133
-103
-94
-80
-30
44
116
162
193
224
262
293
299
287
260
232
208
190
181
189
217
247
255
230
194
171
154
117
57
-8
-55
-97
-141
-184
-204
-188
-169
-173
-210
-260
-293
-302
-304
-318
-341
-355
-336
-282
-215
-164
-138
-126
-109
-80
-63
-68
-77
-63
-25
16
39
57
105
187
278
343
376
395
420
450
472
469
444
433
461
522
570
571
541
523
533
534
494
426
362
309
249
183
142
143
167
173
148
115
88
62
23
-27
-84
-154
-227
-288
-321
-338
-356
-376
-381
-377
-386
-417
-447
-450
-433
-423
-432
-431
-391
-312
-227
-166
-122
-87
-52
-24
-17
-24
-33
-20
14
45
62
72
98
160
243
306
327
321
320
327
324
293
245
209
196
192
183
165
137
108
81
52
6
-60
-133
-193
-241
-289
-331
-348
-321
-277
-256
-269
-295
-308
-310
-323
-363
-416
-464
-501
-522
-523
-503
-471
-433
-400
-379
-372
-375
-366
-328
-277
-237
-217
-184
-115
-11
96
177
234
276
300
306
298
293
306
328
349
370
396
435
486
552
615
655
665
658
650
636
597
543
506
499
505
493
459
432
423
416
384
326
260
197
128
45
-36
-83
-93
-79
-70
-78
-106
-146
-184
-209
-232
-273
-343
-420
-477
-508
-519
-512
-484
-442
-407
-395
-393
-380
-351
-311
-278
-255
-235
-209
-161
-88
0
79
129
144
136
114
88
64
58
67
71
68
72
113
189
261
293
298
298
303
296
259
202
140
87
49
29
18
2
-25
-64
-105
-149
-192
-231
-261
-287
-325
-366
-378
-334
-246
-165
-125
-119
-122
-123
-128
-139
-154
-182
-233
-295
-334
-330
-297
-259
-232
-217
-216
-227
-231
-205
-147
-83
-39
-5
43
117
201
277
341
381
380
337
269
209
170
142
115
93
90
110
153
214
284
342
369
372
368
360
335
289
246
232
234
224
189
154
137
122
79
11
-54
-94
-121
-147
-164
-152
-104
-25
69
162
233
272
282
276
264
231
172
95
22
-41
-90
-125
-140
-140
-149
-179
-221
-259
-288
-297
-281
-240
-183
-128
-67
16
121
215
266
271
249
206
137
44
-46
-113
-159
-196
-219
-209
-165
-115
-89
-91
-99
-103
-114
-144
-189
-235
-257
-244
-210
-184
-187
-210
-233
-256
-288
-335
-384
-419
-435
-441
-432
-390
-297
-166
-28
99
209
294
341
356
362
367
369
344
293
236
195
173
163
156
139
94
20
-58
-111
-120
-99
-73
-47
-6
64
165
277
378
441
459
436
389
336
277
210
138
68
6
-46
-73
-66
-41
-33
-63
-112
-151
-168
-184
-215
-247
-263
-258
-239
-210
-172
-130
-108
-123
-166
-210
-234
-242
-252
-266
-267
-236
-171
-75
45
170
278
351
385
402
419
440
456
447
408
349
299
264
236
200
154
92
19
-65
-139
-184
-196
-192
-180
-147
-82
5
91
163
222
272
301
297
263
223
186
146
93
37
-6
-38
-69
-101
-137
-174
-219
-266
-308
-345
-380
-406
-414
-405
-382
-353
-323
-293
-268
-261
-272
-283
-282
-271
-270
-276
-268
-232
-178
-118
-57
12
87
153
198
226
252
282
303
305
285
258
235
216
197
167
122
63
-1
-60
-114
-159
-194
-214
-210
-181
-128
-63
-2
56
112
173
229
272
294
300
300
297
288
276
259
238
216
188
153
120
89
50
0
-55
-106
-142
-168
-186
-195
-192
-175
-151
-132
-124
-124
-124
-122
-113
-103
-97
-84
-69
-47
-19
15
55
100
137
156
161
168
186
204
205
180
141
110
96
91
80
52
6
-45
-92
-128
-155
-179
-202
-216
-218
-210
-188
-155
-117
-73
-33
-2
24
48
73
100
118
129
133
132
131
132
134
128
111
84
48
13
-23
-55
-86
-115
-147
-173
-184
-180
-164
-151
-148
-152
-149
-137
-120
-104
-92
-87
-80
-67
-38
-1
38
67
83
90
98
113
125
129
120
100
82
68
58
47
35
23
6
-15
-40
-67
-87
-99
-104
-111
-117
-116
-104
-80
-50
-18
6
18
27
42
64
83
94
98
101
109
120
127
130
130
126
115
97
76
55
35
12
-8
-23
-36
-45
-51
-48
-38
-29
-23
-29
-36
-37
-33
-26
-24
-20
-13
1
16
30
44
56
64
69
71
68
58
47
38
29
20
7
-4
-11
-17
-23
-35
-51
-62
-71
-76
-76
-77
-78
-76
-66
-48
-28
-13
-5
0
4
9
16
23
28
31
33
34
34
35
35
36
31
21
8
-3
-16
-24
-30
-35
-40
-41
-41
-36
-27
-18
-13
-14
-19
-22
-19
-14
-11
-12
-11
-6
4
13
16
15
8
1
-3
0
3
-8
-22
-34
-36
-30
-26
-26
-29
-34
-36
-39
-40
-39
-38
-35
-28
-17
-9
-1
11
28
48
60
62
55
50
56
66
69
64
55
51
48
44
38
30
23
12
0
-13
-22
-30
-38
-46
-48
-45
-42
-39
-32
-19
-2
12
16
15
17
21
29
37
44
47
49
47
47
46
43
39
33
25
17
7
-1
-10
-17
-25
-33
-39
-45
-45
-48
-50
-53
-53
-52
-43
-34
-23
-18
-17
-12
-1
13
26
32
33
32
32
38
48
58
60
49
33
16
4
-9
-15
-17
-17
-22
-30
-37
-44
-45
-44
-40
-35
-28
-24
-23
-22
-18
-9
4
16
28
42
57
69
72
68
60
49
41
36
29
21
11
2
-1
-8
-15
-23
-34
-49
-62
-74
-80
-84
-87
-88
-87
-81
-70
-57
-47
-36
-22
-13
-10
-7
5
26
40
37
31
35
55
76
84
76
62
52
42
28
8
-8
-24
-37
-50
-56
-57
-57
-60
-64
-58
-48
-38
-33
-31
-27
-17
-1
14
33
58
87
105
111
109
102
98
93
82
67
52
46
52
62
59
39
9
-14
-23
-27
-39
-63
-91
-103
-91
-66
-48
-45
-54
-54
-42
-19
3
11
13
10
15
29
44
53
61
73
92
102
100
87
73
60
39
8
-29
-59
-76
-84
-92
-103
-107
-96
-81
-69
-62
-68
-82
-101
-106
-86
-46
-4
32
62
86
101
104
99
98
102
104
89
60
31
22
33
48
53
33
1
-27
-44
-54
-68
-82
-102
-120
-131
-131
-114
-98
-88
-88
-89
-79
-54
-29
-6
22
52
74
86
88
89
99
108
111
104
101
102
96
72
32
-8
-37
-48
-56
-72
-98
-119
-123
-116
-101
-100
-101
-104
-101
-77
-35
10
54
92
115
114
97
74
63
82
123
166
184
184
170
156
140
112
71
8
-53
-113
-159
-187
-194
-174
-124
-69
-46
-56
-78
-93
-104
-101
-100
-95
-88
-69
-32
36
112
165
189
192
201
209
212
202
166
109
56
18
-3
-4
13
40
51
34
-22
-96
-152
-182
-206
-220
-231
-242
-238
-213
-148
-64
39
126
146
118
61
-27
-105
-118
-63
17
86
148
214
276
309
315
261
137
4
-118
-225
-272
-260
-222
-154
-88
-50
-22
11
32
47
28
-40
-130
-216
-268
-237
-136
-14
90
143
148
134
159
226
257
243
171
1
-222
-366
-319
-62
256
433
423
290
-49
-511
-497
3
254
177
102
-166
-623
-795
-471
175
825
1015
689
263
-320
-837
-772
-130
413
521
486
217
-211
-435
-78
455
756
784
480
-88
-678
-854
-627
-145
243
404
265
-154
-529
-521
-204
96
299
252
-96
-608
-851
-698
-271
210
536
607
432
124
-96
-94
56
264
323
189
-54
-226
-281
-129
191
511
658
529
252
-53
-302
-436
-359
-200
-76
-24
-25
-67
-60
26
132
179
145
13
-219
-410
-475
-336
-136
89
238
261
207
160
175
201
235
205
123
-39
-203
-317
-319
-196
-32
108
150
109
16
-89
-156
-162
-170
-195
-233
-291
-322
-261
-102
98
305
416
387
261
69
-100
-177
-166
-86
-2
51
75
106
156
199
244
248
200
102
-19
-154
-269
-269
-214
-129
-2
142
187
161
123
63
-1
-57
-76
-106
-123
-116
-68
-9
85
198
254
271
262
229
146
69
13
-52
-135
-226
-258
-198
-109
-5
94
127
66
-2
-45
-125
-203
-227
-219
-242
-198
-71
76
189
259
265
196
98
-13
-68
-51
-23
-32
-33
-51
-81
-26
106
206
233
210
118
-53
-197
-237
-202
-156
-83
2
-3
-21
-2
50
85
93
99
30
-85
-184
-185
-121
-43
29
81
100
101
131
181
226
201
108
-20
-147
-220
-212
-157
-59
43
58
31
32
43
36
9
-48
-144
-231
-241
-179
-90
8
84
80
42
43
81
113
112
90
23
-88
-168
-149
-74
-5
84
154
137
60
10
-3
-1
12
13
-4
-47
-93
-101
-55
10
72
116
116
72
12
-29
-46
-39
-25
-30
-55
-64
-25
13
42
94
134
121
85
57
35
8
-28
-40
-21
-7
8
41
59
56
42
35
35
34
28
22
-13
-65
-68
-32
21
75
117
96
27
-26
-32
-1
23
35
33
7
-53
-101
-93
-41
9
47
67
39
-28
-96
-124
-119
-87
-51
-15
-4
-21
-45
-45
-40
-57
-52
-18
9
-4
-36
-68
-89
-78
-38
12
40
36
22
13
4
4
15
30
35
29
16
5
-2
6
30
53
52
24
-4
-21
-20
5
41
49
25
-1
-11
-16
-11
9
27
27
21
16
-2
-34
-49
-27
-1
5
3
-2
-19
-39
-44
-32
-25
-24
-16
0
3
-5
-15
-26
-31
-17
3
13
7
-5
-16
-29
-25
-7
16
29
37
44
35
14
-3
-3
15
34
47
51
47
39
39
49
54
51
43
38
32
21
17
10
7
12
26
36
37
33
27
20
19
18
13
9
10
10
7
5
1
-3
-2
3
5
3
-1
-12
-22
-26
-33
-45
-50
-45
-32
-23
-27
-34
-33
-31
-31
-33
-39
-50
-62
-66
-63
-53
-40
-30
-32
-39
-39
-32
-25
-15
-7
-8
-15
-21
-20
-10
3
16
23
22
11
6
11
17
18
15
11
11
18
28
31
31
27
26
25
27
33
33
29
27
26
23
21
18
13
13
14
15
13
4
-6
-8
-9
-13
-16
-14
-12
-15
-23
-34
-37
-35
-29
-22
-21
-24
-27
-27
-24
-21
-16
-11
-8
-7
-6
-9
-12
-11
-6
6
18
28
31
32
33
34
33
33
36
40
42
39
33
26
24
23
26
31
35
32
24
16
8
4
6
9
10
8
8
7
5
8
11
13
9
4
-1
-8
-14
-17
-17
-19
-20
-18
-15
-10
-8
-11
-16
-21
-20
-17
-15
-13
-13
-12
-7
-1
3
6
6
6
3
-2
-10
-18
-21
-18
-13
-12
-14
-16
-14
-10
-7
-6
-9
-12
-17
-21
-25
-30
-36
-38
-38
-36
-35
-34
-31
-29
-25
-21
-20
-22
-23
-24
-21
-15
-8
1
7
15
23
26
26
23
20
18
20
22
19
17
16
22
29
35
35
31
29
30
33
35
34
32
30
27
26
26
25
26
28
31
29
21
10
1
-2
-1
0
-2
-6
-7
-4
-1
2
3
5
7
5
0
-8
-15
-21
-22
-22
-22
-23
-23
-21
-19
-16
-15
-16
-16
-17
-15
-15
-15
-11
-7
0
4
4
4
0
-3
-4
-5
-4
-4
-4
-5
-3
0
2
3
3
3
7
10
14
16
17
21
25
27
25
22
20
20
21
20
17
10
2
-5
-9
-11
-12
-13
-12
-11
-11
-8
-9
-9
-8
-11
-14
-18
-22
-25
-24
-24
-26
-28
-30
-30
-28
-27
-29
-30
-32
-30
-28
-26
-24
-21
-18
-13
-7
-5
-5
-8
-7
-6
-5
-3
-3
-2
-1
3
8
14
17
19
22
27
32
35
38
38
40
41
43
43
44
42
40
38
35
31
29
25
20
14
8
7
7
6
9
10
10
9
8
5
3
1
-1
-3
-5
-8
-11
-14
-15
-16
-19
-20
-22
-24
-24
-22
-19
-18
-17
-19
-20
-20
-18
-15
-14
-14
-18
-19
-17
-13
-12
-13
-13
-11
-7
-3
1
6
12
13
14
15
16
18
18
18
18
19
21
24
25
22
20
16
13
10
7
5
3
0
-3
-4
-4
-5
-6
-4
-4
-4
-7
-10
-14
-16
-18
-20
-23
-24
-24
-24
-24
-24
-24
-24
-24
-22
-20
-17
-18
-18
-18
-17
-15
-13
-10
-10
-8
-6
-4
-3
-4
-6
-8
-9
-8
-6
-5
-2
7
14
20
25
29
25
21
19
19
24
25
27
25
29
30
32
33
32
31
28
27
22
22
20
16
13
8
10
9
10
9
11
11
9
6
3
-1
-5
-8
-12
-12
-12
-11
-12
-12
-10
-6
-4
-4
-5
-7
-8
-11
-11
-11
-10
-9
-9
-9
-6
-4
-3
-6
-11
-15
-19
-21
-23
-23
-23
-20
-16
-11
-7
-4
-3
-5
-4
-3
-2
-1
-2
-2
-1
-1
0
3
5
8
9
7
5
4
3
2
1
0
0
0
2
2
7
9
11
8
5
3
2
-1
-3
-4
-3
0
4
8
12
13
14
13
12
11
7
4
1
-1
1
1
2
2
3
1
1
1
1
-2
-9
-15
-20
-21
-20
-19
-19
-20
-17
-15
-10
-8
-7
-8
-9
-10
-10
-7
-4
-1
-1
0
0
0
2
3
3
3
2
0
-3
-4
-5
-2
0
5
10
13
17
18
16
16
14
12
10
7
5
7
12
15
19
20
21
21
21
21
21
19
16
12
10
9
10
12
13
14
15
14
12
9
6
3
-3
-8
-15
-14
-11
-8
-7
-8
-9
-7
-7
-8
-10
-12
-14
-14
-14
-14
-17
-18
-18
-17
-17
-17
-18
-20
-22
-25
-25
-23
-23
-22
-21
-17
-15
-11
-7
-6
-5
-2
0
0
0
-1
-1
-1
-1
-1
1
3
7
11
14
18
18
18
16
16
18
18
16
14
13
13
15
14
9
5
2
1
-1
-4
-11
-16
-16
