0
0
1
0
0
-1
1
0
0
0
0
0
0
0
0
0
0
-1
1
0
0
-1
0
1
0
1
0
-1
0
0
0
0
0
0
0
1
-1
0
0
0
-1
-1
0
0
0
1
0
0
0
0
0
1
0
-1
-1
0
0
0
0
0
0
0
-1
0
-1
0
0
0
0
0
0
1
0
0
0
0
0
-1
-1
0
0
0
0
-1
0
1
0
0
0
0
0
0
-1
0
0
0
-1
0
0
0
0
0
0
0
0
-1
0
0
0
1
0
1
0
-1
0
1
0
0
-1
0
0
0
0
0
0
1
0
1
0
0
0
0
0
1
0
1
0
0
0
1
0
0
0
-1
-1
-1
0
0
0
0
0
0
-1
0
0
-1
0
0
0
0
0
0
0
0
0
0
1
0
1
0
0
1
0
0
1
0
0
1
0
0
1
0
0
0
0
0
0
0
0
0
0
0
1
0
0
0
0
0
-1
0
-1
0
0
1
1
0
0
1
-1
0
0
0
0
0
0
1
0
0
-1
0
0
0
0
-1
0
0
0
0
0
0
0
-1
0
0
0
0
0
0
0
1
0
0
0
0
0
-1
0
0
0
0
0
1
0
0
0
0
0
0
0
1
0
-1
0
-1
1
0
0
0
0
-1
0
-1
0
0
0
-1
-1
1
1
0
0
1
0
0
0
1
1
0
-1
0
0
0
0
0
0
0
0
-1
0
0
0
0
1
0
0
0
-1
0
0
0
0
0
1
1
0
-1
0
-1
-1
0
0
0
1
0
0
0
0
0
0
1
0
0
-1
0
0
0
0
0
0
0
0
1
0
0
-1
0
0
0
0
0
0
0
0
1
0
0
0
0
0
0
0
0
1
0
0
0
0
0
0
-1
0
0
0
0
1
0
0
1
0
0
0
1
-1
0
0
0
0
0
0
0
0
0
0
0
0
1
0
0
0
0
0
0
0
0
0
-1
0
0
0
1
0
0
0
1
0
0
0
0
0
0
0
0
0
0
1
0
1
0
-1
0
0
-1
0
0
0
-1
0
0
0
-1
0
-1
1
-1
1
0
0
0
0
0
1
0
1
0
0
0
0
0
0
0
0
0
0
0
1
0
0
-1
0
0
0
0
0
0
0
0
0
0
-1
0
0
1
0
0
-1
0
0
0
0
0
0
0
0
-1
0
0
0
0
0
0
1
0
0
0
0
0
-1
0
0
-1
0
0
0
0
0
0
1
0
0
0
0
1
1
1
1
0
0
-1
1
0
0
0
0
0
0
0
0
0
1
0
0
1
0
0
0
0
1
0
0
1
0
0
0
0
0
-1
0
-1
0
0
1
1
0
0
-1
0
-1
-1
0
0
0
0
1
0
-1
0
1
0
0
0
0
1
0
1
-1
0
1
0
0
0
-1
0
0
0
1
0
-1
0
-1
-1
0
0
1
0
0
0
1
1
0
0
1
1
-1
0
-1
0
0
0
1
0
0
0
0
-1
0
0
-1
0
0
-1
-1
1
0
0
0
0
-1
0
1
0
0
0
-1
0
0
1
0
1
0
0
0
0
-1
0
0
0
1
0
0
0
0
0
0
0
0
0
0
0
0
0
1
0
0
0
0
1
0
0
0
0
0
0
0
-1
-1
0
0
0
0
0
0
0
0
0
-1
0
1
-1
0
0
0
-1
0
0
1
0
0
0
0
0
-1
0
0
0
0
0
0
-1
0
0
-1
0
0
0
-1
0
0
0
0
-1
0
0
0
0
0
0
0
0
0
0
0
0
0
0
0
-1
0
0
0
-1
0
0
0
-1
0
0
0
0
1
0
0
0
-1
-1
1
0
0
0
-1
0
0
0
0
0
0
0
0
1
-1
0
0
0
-1
0
-1
0
0
0
0
-1
0
0
0
0
0
0
0
0
0
0
0
0
1
0
1
1
0
1
0
0
0
0
0
1
0
1
0
0
0
1
0
0
0
0
0
1
0
0
0
0
0
0
-1
-1
1
0
0
1
0
0
1
0
0
0
-1
1
0
0
0
0
0
0
-1
0
0
0
0
0
0
0
0
-1
0
0
0
-1
0
0
0
0
0
0
0
-1
1
0
0
-1
-1
-1
-1
-1
0
0
0
0
0
-1
-1
0
0
0
0
1
0
0
0
1
1
1
2
1
1
0
1
1
0
0
0
0
0
0
0
-1
-1
-1
0
1
1
0
-1
-1
-2
-1
-1
0
2
3
3
0
-1
-1
-3
-2
0
1
1
1
-2
-3
-3
-3
0
1
3
2
1
-1
-3
-4
-4
-2
0
2
2
1
0
-3
-3
-2
-1
1
3
3
2
0
-2
-3
-2
0
2
4
4
3
1
-2
-4
-4
-3
1
4
6
6
3
-2
-4
-4
-3
0
2
3
2
1
0
-2
-2
1
5
11
15
14
8
2
-3
-7
-7
-3
-3
-3
-5
-6
-6
-6
-3
0
4
7
9
7
0
-4
-6
-2
2
7
11
12
9
4
-5
-14
-18
-14
-4
5
6
-1
-13
-22
-24
-16
-2
9
12
10
1
-8
-18
-22
-20
-9
6
18
22
19
10
-4
-11
-6
5
21
31
34
22
2
-21
-32
-29
-11
10
27
33
22
4
-13
-23
-23
-10
8
19
21
9
-14
-34
-44
-32
-8
16
32
32
23
6
-9
-18
-18
-5
16
35
47
43
26
-5
-29
-36
-27
-8
4
2
-12
-35
-52
-59
-47
-15
21
50
61
55
37
15
-1
0
11
21
25
17
0
-20
-39
-44
-38
-20
-1
13
17
4
-15
-29
-31
-22
-5
14
18
12
-6
-29
-40
-31
-8
15
30
28
12
-13
-31
-43
-45
-31
5
46
75
80
61
38
24
25
31
44
58
62
48
18
-27
-71
-86
-70
-21
28
51
41
1
-46
-79
-84
-50
-2
39
58
40
4
-36
-69
-87
-74
-35
21
57
49
0
-55
-90
-95
-81
-44
4
46
68
56
25
-9
-32
-34
-8
26
60
79
70
39
5
-17
-5
46
115
177
201
172
99
19
-53
-104
-118
-107
-69
-19
25
38
14
-36
-91
-123
-133
-133
-147
-150
-119
-50
48
158
261
311
309
238
99
-57
-184
-243
-249
-314
-606
-1171
-1631
-1402
-319
1199
2364
2488
1595
269
-772
-1032
-453
538
1196
1144
392
-693
-1542
-1726
-1123
-20
1101
1656
1404
517
-460
-991
-916
-409
88
287
119
-223
-548
-634
-409
-52
252
317
154
-178
-469
-606
-519
-238
62
245
199
56
-12
144
476
761
787
473
-76
-569
-807
-709
-307
182
582
727
596
274
-28
-151
-59
150
363
390
241
15
-232
-335
-358
-249
-125
15
139
150
78
-54
-180
-282
-273
-276
-265
-181
-41
135
283
341
230
-14
-220
-352
-347
-148
70
217
204
19
-304
-575
-500
-126
324
681
615
181
-229
-366
-100
313
645
471
-113
-421
-347
93
548
624
332
-133
-428
-514
-377
108
554
849
941
582
-13
-521
-658
-539
-139
299
374
136
-305
-897
-1133
-934
-643
-142
167
434
400
85
-91
-305
-210
-152
-124
170
346
469
-40
-550
-107
430
642
227
-239
-447
40
365
305
509
265
66
-415
-413
-142
158
603
629
658
368
-35
-530
-771
-484
81
349
140
-75
-95
29
40
-120
-317
-242
-93
-85
74
566
729
318
-92
-580
-965
-707
-137
-32
40
346
318
127
-308
-571
-124
447
648
290
-79
139
356
203
-147
-337
-606
-487
80
247
311
472
437
-160
-101
-365
-424
181
455
345
-68
72
-320
-116
103
347
279
26
-385
-821
-419
-440
188
483
809
115
-517
-554
-441
379
378
705
611
-85
-684
-868
-477
206
319
374
105
-376
-455
-154
372
424
688
270
-63
-441
-843
-512
-10
808
937
686
318
-648
-1063
-974
-276
722
972
682
-223
-622
-672
-584
-73
400
977
837
159
-550
-1130
-592
55
539
442
-47
-380
-554
223
387
821
450
10
-201
-250
332
-340
141
-142
-214
20
-483
-314
31
634
-55
-237
-163
32
467
106
66
-167
-32
-115
-77
183
-320
-21
376
651
230
-757
-683
-204
163
122
122
75
21
245
56
-155
-118
26
548
339
100
-372
-799
-374
-367
315
351
407
123
-396
-284
-506
314
519
641
298
-373
-569
-650
-202
62
795
753
-37
-639
-845
-563
64
813
769
443
56
-332
-404
-302
191
643
723
230
-499
-569
-256
181
137
-46
-199
-105
-203
-390
-118
114
536
95
-263
-385
134
430
338
505
-45
-190
-348
-23
101
79
-264
-797
-644
-23
800
1095
736
-220
-701
-757
-254
171
372
295
216
-5
-232
-297
-430
-222
-100
86
-30
267
226
245
191
281
229
-239
-642
-1077
-154
364
942
804
205
-265
-547
-210
-365
228
484
357
-49
-315
56
223
415
15
-90
-101
-641
-815
-783
57
987
1266
752
-277
-966
-1188
-850
-210
698
1119
776
-61
-642
-876
-557
-19
373
611
275
-201
-803
-352
416
925
1160
518
-265
-846
-687
-180
458
1003
682
147
-520
-980
-642
164
803
644
387
-202
-1001
-1253
-556
383
894
928
314
-335
-819
-622
-254
359
726
411
129
-81
-62
148
467
502
72
-425
-588
-597
-123
354
664
687
302
-146
-785
-811
-463
126
607
774
556
-59
-177
-393
-409
-205
-74
79
-177
-350
-577
-459
-29
261
359
73
-376
-930
-940
-472
226
830
899
615
-4
-537
-677
-489
-33
370
542
245
-341
-611
-467
-33
431
516
79
-431
-785
-741
-237
394
623
333
-240
-846
-1094
-843
-116
495
770
544
129
-161
-256
16
415
816
991
857
541
315
413
803
1120
1117
815
459
134
120
497
1060
1290
975
396
-83
-18
164
435
669
608
229
-191
-630
-843
-480
-174
-128
-6
-49
-438
-578
-584
-492
-483
-487
-707
-908
-830
-906
-749
-572
-384
-387
-502
-602
-745
-858
-894
-777
-852
-943
-1043
-1341
-1640
-1787
-1793
-1694
-1410
-999
-713
-492
-528
-676
-684
-606
-331
114
614
882
1028
984
871
968
1254
1839
2370
2531
2272
1857
1664
1763
2139
2516
2652
2406
1862
1334
1074
1140
1342
1497
1357
805
-6
-733
-1210
-1427
-1440
-1284
-1025
-951
-1039
-1265
-1449
-1482
-1461
-1298
-1054
-954
-1085
-1199
-1099
-737
-215
291
724
885
718
411
202
301
682
1119
1463
1582
1338
779
231
21
116
480
824
1020
1137
1011
662
289
70
-139
-360
-606
-747
-682
-482
-251
-223
-297
-431
-682
-994
-1082
-875
-520
-327
-455
-751
-1147
-1535
-2124
-2790
-3427
-4075
-4414
-4177
-3285
-2216
-1409
-1239
-1746
-2485
-3025
-2953
-2346
-1344
-312
445
799
815
762
936
1457
2074
2696
3150
3508
3811
4223
4705
5093
5261
5010
4427
3598
2928
2671
2931
3431
3762
3649
2952
1786
464
-614
-1281
-1511
-1480
-1360
-1340
-1434
-1595
-1707
-1747
-1779
-1801
-1948
-2173
-2367
-2390
-2116
-1637
-1118
-781
-678
-787
-946
-921
-679
-258
85
294
279
198
155
243
521
742
852
673
364
61
-39
91
354
688
778
556
116
-277
-468
-325
81
514
764
732
554
446
502
600
614
487
246
-49
-299
-378
-304
-164
-79
-132
-338
-685
-1007
-1097
-856
-390
79
202
-134
-824
-1656
-2254
-2532
-2709
-3124
-3951
-5093
-5907
-5675
-4358
-2562
-1162
-791
-1535
-2756
-3569
-3178
-1480
630
2209
2790
2433
1582
891
970
1979
3461
4717
5307
5219
4789
4445
4588
5205
5908
6031
5217
3795
2409
1656
1844
2807
3639
3577
2341
381
-1425
-2489
-2621
-2142
-1553
-1416
-1890
-2618
-3083
-2987
-2353
-1483
-845
-753
-1174
-1717
-1931
-1575
-769
138
628
413
-370
-1177
-1475
-1142
-319
579
1128
1077
489
-183
-612
-647
-352
40
358
423
233
-44
-190
-194
-102
-16
-29
-142
-250
-120
238
733
1065
1095
827
406
31
-120
49
303
446
324
52
-261
-553
-786
-955
-1039
-1128
-1220
-1226
-1078
-835
-567
-296
-109
-219
-675
-1249
-1601
-1572
-1369
-1379
-1981
-3417
-5403
-6959
-6907
-4956
-2042
311
1055
113
-1781
-3283
-3273
-1498
1059
2936
3371
2736
1839
1341
1664
2768
4132
4954
4998
4546
4194
4250
4775
5620
6240
5992
4593
2677
1134
646
1226
2420
3403
3305
1900
-245
-2081
-2985
-2955
-2468
-2061
-2140
-2709
-3283
-3327
-2649
-1641
-760
-388
-682
-1380
-1976
-1853
-935
393
1490
1855
1389
373
-515
-742
-195
622
1135
1059
470
-179
-481
-291
133
293
-54
-719
-1264
-1339
-968
-334
190
317
-61
-789
-1492
-1881
-1731
-1098
-200
560
862
690
276
30
58
315
574
610
431
211
186
330
525
581
437
130
-220
-483
-589
-472
-227
83
331
446
408
243
-11
-358
-776
-1194
-1513
-1785
-2233
-3251
-5034
-7155
-8485
-7917
-5404
-2185
6
168
-1460
-3631
-4753
-3875
-1389
1141
2420
2361
1847
1701
2108
3000
4084
5011
5435
5494
5638
6036
6600
7152
7537
7329
6066
3904
1794
718
1001
2197
3461
3807
2644
343
-1923
-3147
-3286
-2872
-2514
-2499
-2892
-3331
-3278
-2490
-1320
-433
-148
-474
-1129
-1692
-1619
-650
851
2147
2620
2187
1162
120
-398
-203
399
790
607
-51
-729
-1066
-983
-767
-852
-1410
-2199
-2652
-2464
-1721
-855
-306
-339
-901
-1626
-2106
-2089
-1692
-1089
-496
-10
303
500
749
1108
1490
1624
1399
922
544
565
1031
1671
1999
1711
914
99
-348
-374
-221
-117
-177
-348
-481
-509
-459
-454
-465
-401
-373
-673
-1399
-2171
-2489
-2190
-1688
-1833
-3410
-6381
-9282
-10008
-7507
-2982
975
2334
787
-2260
-4659
-4655
-2083
1370
3576
3788
2900
2169
2159
2915
4237
5534
6033
5499
4648
4301
4752
5785
6970
7530
6518
3852
784
-912
-511
1312
3137
3718
2512
10
-2350
-3335
-2877
-1979
-1571
-1849
-2462
-2927
-2793
-1813
-319
988
1576
1436
845
172
-120
364
1546
2718
3113
2482
1259
92
-533
-550
-327
-373
-934
-1643
-1956
-1648
-1155
-1091
-1722
-2831
-3849
-4342
-4098
-3354
-2483
-1772
-1263
-911
-855
-1115
-1532
-1652
-1217
-322
652
1337
1599
1512
1370
1359
1477
1483
1334
1194
1306
1641
1921
1914
1534
915
203
-303
-484
-394
-285
-299
-391
-505
-610
-770
-859
-843
-693
-527
-452
-556
-881
-1286
-1547
-1490
-1281
-1349
-2343
-4579
-7465
-9361
-8694
-5403
-1223
1540
1711
-308
-2955
-4440
-3618
-886
1985
3429
3353
2891
2817
3153
3645
4263
4833
4956
4689
4565
5106
6076
6997
7370
6768
4911
2260
214
-127
1136
2693
3408
2825
1279
-560
-1927
-2459
-2538
-2669
-2972
-2983
-2513
-1718
-909
-157
481
820
756
370
-12
-156
176
954
1879
2441
2312
1689
978
455
-25
-754
-1799
-2864
-3533
-3640
-3352
-3017
-2914
-3170
-3635
-4012
-4010
-3585
-2936
-2204
-1442
-626
20
334
251
-64
-465
-817
-891
-604
79
876
1656
2232
2502
2335
1842
1414
1340
1676
2090
2359
2249
1859
1349
963
727
467
80
-398
-747
-906
-779
-406
134
505
397
-150
-743
-881
-464
245
707
487
-400
-1437
-1916
-1885
-2313
-4301
-7553
-10126
-9944
-6694
-2323
664
867
-1193
-3887
-5336
-4543
-1932
959
2755
3334
3335
3270
3105
3096
3509
4355
4978
5089
5070
5486
6442
7341
7552
6411
4019
1261
-254
178
1831
3180
3278
2296
789
-583
-1489
-1822
-1946
-2124
-2237
-1943
-1233
-487
91
611
1137
1413
1205
707
389
606
1309
2071
2416
2014
1109
239
-179
-379
-896
-1984
-3349
-4425
-4919
-4742
-4104
-3338
-2993
-3417
-4458
-5612
-6218
-5893
-4429
-2171
36
1308
1350
744
118
-78
145
796
1657
2435
2978
3243
3365
3094
2470
1615
975
740
990
1741
2699
3402
3232
2259
819
-483
-1376
-1670
-1370
-795
-327
-257
-481
-922
-1423
-1835
-1883
-1457
-655
368
1345
1932
1747
802
-406
-1290
-1472
-1097
-882
-2074
-5340
-9409
-11464
-9606
-5119
-1213
-173
-1624
-3939
-5675
-5857
-4025
-652
2559
4378
4625
4020
2917
1887
1973
3615
5808
6795
6564
6345
7248
8581
9147
8232
5850
2844
487
220
1776
3754
4567
3983
2423
249
-1992
-3518
-3631
-2864
-2054
-1646
-1303
-835
-423
-227
-256
-451
-772
-903
-423
676
1820
2387
2207
1477
377
-804
-1714
-1970
-1750
-1513
-1632
-2137
-2946
-4102
-5257
-5900
-5643
-4933
-4406
-4247
-4149
-3805
-3236
-2320
-1035
381
1400
1855
2106
2375
2546
2442
2319
2327
2318
2107
1822
1725
1696
1602
1449
1433
1401
1231
1071
1187
1443
1363
861
225
-217
-527
-697
-694
-560
-600
-908
-1180
-1145
-859
-561
-187
367
1039
1586
1867
1775
1206
255
-607
-951
-763
-616
-1430
-4135
-8532
-12521
-13194
-9675
-4475
-972
-593
-2268
-4792
-7027
-7457
-4642
604
5208
6937
5889
3915
2294
2076
3657
6337
8324
8670
8500
8961
9811
9732
8509
6558
4170
1693
250
903
2884
4343
4040
2213
-487
-3347
-5322
-5546
-4289
-2788
-1776
-1158
-871
-1249
-2232
-2935
-2625
-1452
-66
1148
2083
2597
2589
2079
1155
-72
-1198
-1626
-1189
-411
-38
-351
-1252
-2573
-4116
-5516
-6270
-6236
-5594
-4744
-3963
-3440
-3126
-2748
-2115
-1224
-335
580
1601
2727
3523
3668
3230
2491
1740
1116
864
944
1226
1476
1710
1881
1843
1536
1112
859
801
859
942
999
886
629
379
201
-103
-588
-994
-1014
-629
-83
420
672
573
245
216
778
1603
1966
1497
482
-533
-1096
-1120
-862
-1150
-3077
-6987
-11352
-13308
-11153
-6226
-1841
-269
-1427
-4066
-6895
-8151
-5948
-370
5534
8320
7312
4556
2330
1651
2803
5352
8079
9636
9892
9522
8770
7501
5875
4337
2698
956
-50
682
2499
3518
2725
580
-1974
-4360
-5687
-5206
-3196
-1107
-84
-259
-1253
-2560
-3472
-3276
-1975
-188
1541
2999
3819
3701
2795
1621
408
-655
-1107
-520
715
1542
1241
-244
-2477
-4868
-6529
-6889
-6123
-5000
-4111
-3708
-3852
-4367
-4728
-4344
-3122
-1439
260
1848
3155
3967
4008
3333
2252
1327
1028
1404
2218
2962
3296
2920
1984
871
125
99
698
1537
2119
2268
1874
1031
-51
-934
-1156
-656
151
605
455
-141
-826
-1282
-1321
-909
-279
312
756
1182
1711
2126
2050
1203
-141
-1293
-1611
-1010
-245
-595
-3229
-7739
-11754
-12433
-9116
-4179
-658
-35
-1797
-4890
-7645
-7721
-3783
2540
7222
7881
5291
2116
246
477
2789
6118
8867
9767
9070
7491
5835
4577
3897
3334
2325
1400
1442
2465
3122
2480
744
-1322
-3159
-4170
-3720
-1932
40
915
216
-1613
-3507
-4359
-3705
-2065
-76
1856
3349
3687
2747
1321
288
-175
-319
11
895
1931
2264
1409
-588
-3130
-5179
-5836
-5053
-3728
-2835
-2877
-3796
-5071
-5815
-5333
-3756
-1984
-729
-66
430
1148
2141
2979
3022
2248
1283
855
1105
1785
2542
2955
2688
1708
595
32
319
1148
1875
2021
1579
1035
665
373
9
-216
13
564
969
847
235
-562
-1169
-1293
-853
-57
749
1247
1315
1047
852
963
1103
789
44
-470
-400
76
202
-769
-3531
-7806
-11555
-12035
-8259
-2770
825
667
-2385
-6419
-9401
-9128
-4659
2300
7563
8152
4585
82
-2330
-1568
1913
6376
9862
10867
9409
6699
4277
3221
3361
3825
3698
3192
2975
3117
2851
1554
-308
-1857
-2445
-1984
-673
872
1644
837
-1427
-3880
-5013
-4143
-1840
529
1967
2260
1690
578
-574
-1070
-679
221
966
1327
1359
1087
282
-1197
-2957
-4246
-4373
-3363
-1941
-1128
-1546
-3166
-5260
-6640
-6405
-4488
-1679
740
1608
767
-680
-1309
-512
1242
2912
3860
3962
3237
1871
657
332
719
1233
1480
1387
1129
1025
946
570
87
10
471
1103
1521
1567
1399
1150
833
525
398
515
739
903
829
577
416
436
397
68
-263
-192
261
604
565
202
-383
-969
-1237
-1080
-1018
-1910
-4502
-8279
-11058
-10444
-6319
-1391
1142
-35
-3731
-7638
-9456
-7491
-1835
4768
8398
7222
2709
-1825
-3491
-1442
3160
8049
11038
10876
8061
4462
1986
1576
2588
3684
3971
3670
3178
2513
1499
131
-1006
-1293
-579
580
1607
2002
1371
-321
-2436
-3726
-3267
-1282
831
1882
1695
825
-126
-806
-951
-454
408
1023
968
284
-711
-1653
-2397
-3030
-3496
-3508
-2936
-2190
-1944
-2585
-3874
-5054
-5352
-4317
-2242
-123
1040
1050
430
-265
-462
207
1639
3012
3448
2769
1543
546
69
237
854
1456
1636
1490
1186
636
116
13
357
834
1324
1712
1800
1502
895
315
84
311
782
1244
1467
1321
904
406
1
-237
-318
-333
-405
-611
-811
-848
-669
-272
109
0
-725
-1469
-1795
-1707
-1510
-1931
-3867
-6998
-9161
-8289
-4545
-746
289
-1809
-5177
-7654
-7663
-4290
1487
6688
7988
4605
-843
-4234
-3148
1557
7220
11083
11605
8711
4016
211
-584
1638
4795
6704
6337
4249
1784
40
-780
-869
-160
1190
2553
3019
2189
444
-1453
-2914
-3465
-2620
-604
1350
1878
748
-1036
-2199
-2141
-1085
362
1539
1899
1181
-461
-2298
-3292
-3027
-2130
-1512
-1463
-1723
-2021
-2450
-3128
-3711
-3605
-2622
-1268
-261
94
-38
-551
-1261
-1467
-609
937
2248
2570
1691
359
-319
-86
682
1571
1982
1484
561
-285
-907
-852
25
952
1239
1083
759
494
454
479
416
505
904
1331
1600
1637
1397
961
608
578
756
772
297
-588
-1507
-2007
-1908
-1449
-856
-214
198
7
-664
-1320
-1431
-721
390
1154
1041
-462
-3718
-7469
-8989
-6799
-2437
770
654
-2237
-5599
-7527
-6893
-3207
2209
6206
6192
2580
-1642
-3227
-1122
3097
7054
8986
8246
5372
2028
104
665
3239
5894
6770
5432
2978
808
-356
-569
76
1589
3284
3925
2794
412
-1963
-3212
-3062
-1839
-69
1435
1635
123
-2111
-3372
-2616
-388
1791
2624
1817
-57
-2041
-3246
-3203
-1993
-392
477
-83
-1692
-3230
-3791
-3209
-1959
-704
26
6
-603
-1449
-2036
-1986
-1389
-597
142
733
990
843
285
-459
-817
-374
521
1099
1058
368
-630
-1260
-1091
-324
541
1143
1088
448
-182
-214
310
922
1290
1288
1117
1052
1261
1619
1940
2055
1720
1079
555
383
374
226
-310
-1137
-1718
-1790
-1613
-1437
-1125
-541
174
556
294
-256
-458
-286
-17
378
497
-738
-3789
-6887
-7310
-4313
-507
791
-961
-3914
-6082
-6509
-4387
92
4626
5967
3085
-1410
-3960
-2741
1157
5381
7758
7376
4726
1369
-466
379
3397
6400
7221
5183
1813
-498
-710
636
2318
3589
3921
3032
1048
-1199
-2527
-2318
-894
716
1621
1426
218
-1613
-3095
-2987
-952
1832
3539
3083
795
-1917
-3579
-3566
-2277
-602
503
358
-1056
-2857
-3790
-3239
-1686
-178
515
283
-527
-1493
-2249
-2435
-1876
-963
-372
-252
-194
-97
-253
-675
-936
-596
305
1098
1107
456
-257
-712
-671
4
794
1033
708
160
-314
-288
326
873
846
437
60
39
629
1630
2398
2457
1804
832
176
351
1189
1875
1586
214
-1478
-2524
-2497
-1727
-749
133
712
819
461
-126
-598
-517
315
1508
2328
1845
-649
-4579
-7590
-7399
-4066
-148
1270
-791
-4631
-7555
-7787
-4906
-51
4033
4679
1433
-3182
-5545
-3630
1327
6090
8106
6771
3370
119
-858
1067
4626
7370
7400
4776
1329
-673
-293
1676
3606
4497
4177
2830
902
-880
-1693
-1206
145
1325
1531
668
-805
-2199
-2691
-1639
723
3021
3527
1706
-1325
-3687
-4065
-2539
-339
1089
954
-698
-2920
-4221
-3653
-1578
586
1479
676
-1055
-2502
-2910
-2290
-1269
-370
123
-3
-771
-1616
-1870
-1489
-809
-279
-23
150
218
-174
-864
-1051
-573
202
890
1091
648
34
-267
-308
-1
571
860
506
-81
-215
379
1468
2353
2504
1946
1180
795
1043
1739
2346
2346
1526
172
-1042
-1554
-1181
-392
161
314
333
374
288
95
-42
158
836
1665
2000
1279
-740
-3959
-7086
-7678
-4489
150
1812
-1190
-6120
-9087
-8554
-5256
-478
3724
4630
890
-4680
-7141
-4453
1109
5843
7679
6117
2587
-544
-1280
691
4180
7284
7948
5682
1927
-487
-221
1767
3603
4478
4547
3656
1795
-387
-1522
-1122
215
1378
1671
1022
-167
-1277
-1853
-1432
112
1950
2517
1092
-1358
-3024
-2913
-1425
83
491
-418
-1928
-3091
-3283
-2305
-621
735
756
-455
-1917
-2569
-2061
-846
134
178
-672
-1953
-2970
-3012
-1911
-561
74
-213
-855
-1211
-939
-347
76
437
846
1144
1092
850
395
-58
-130
148
556
888
981
489
-118
-129
642
1699
2383
2358
1746
1232
1250
1826
2524
2808
2257
984
-357
-1053
-780
106
755
527
-286
-796
-454
415
1099
1049
533
199
394
703
467
-843
-3555
-6567
-7433
-4695
-657
594
-2425
-6905
-9094
-7924
-4608
-604
2588
2748
-851
-5359
-6493
-3155
2052
5813
6563
4566
1502
-488
-138
2262
5252
7250
6976
4488
1390
-16
945
2958
4343
4614
4226
3227
1594
-121
-807
-153
1172
2137
2039
863
-706
-1738
-1782
-783
909
2311
2204
340
-2016
-3111
-2361
-672
506
387
-884
-2429
-3298
-2987
-1560
136
927
243
-1230
-2387
-2531
-1748
-705
-249
-747
-1817
-2876
-3489
-3275
-2075
-642
-26
-507
-1336
-1603
-973
108
952
1429
1571
1236
460
-124
-113
405
1185
1660
1419
680
51
-313
-244
511
1725
2688
2784
2036
1004
566
1101
2213
3016
2900
1895
526
-541
-873
-412
378
759
274
-671
-1095
-340
1070
1948
1632
536
-317
-212
629
1104
237
-2321
-5636
-7397
-5778
-2077
-165
-2117
-6076
-8529
-7912
-5135
-1662
1060
1506
-1179
-4925
-6058
-3208
1438
4675
5216
3498
1225
-24
648
2763
5094
6504
6159
4248
1898
918
1801
3542
4641
4703
4177
3283
2057
807
347
835
1720
2091
1625
386
-991
-1703
-1408
-399
817
1704
1444
-129
-2167
-3111
-2364
-671
462
171
-1223
-2709
-3302
-2719
-1214
291
844
-1
-1489
-2423
-2264
-1425
-718
-680
-1344
-2178
-2768
-2977
-2790
-2086
-990
-162
-276
-1108
-1635
-1240
-209
790
1311
1347
951
185
-462
-221
845
1751
1928
1369
476
-156
-21
593
1329
2166
2710
2499
1658
1038
1133
2028
3059
3368
2702
1486
405
-184
-86
400
872
843
116
-895
-1253
-357
1149
2004
1544
307
-611
-634
-10
514
-26
-2220
-5429
-7270
-5885
-2449
-724
-2700
-6311
-8253
-7387
-5049
-2299
-8
585
-1553
-4693
-5438
-2817
1131
3693
4160
2890
1250
600
1475
3197
4772
5780
5608
4193
2273
1533
2486
4041
4774
4529
4068
3475
2504
1333
871
1335
2112
2344
1726
397
-966
-1533
-1106
-117
836
1292
671
-966
-2684
-3136
-2035
-359
414
-352
-1964
-3222
-3285
-2260
-646
648
827
-376
-2070
-2978
-2554
-1289
-341
-507
-1643
-2662
-3006
-2836
-2395
-1645
-846
-632
-1015
-1305
-865
-4
584
643
549
708
920
890
696
690
944
1192
1211
944
720
720
816
912
1310
2090
2632
2487
1823
1325
1504
2325
3108
3148
2335
1078
79
-250
55
643
1042
725
-354
-1400
-1444
-362
1004
1567
922
-288
-1049
-882
-181
149
-968
-3607
-5963
-5773
-3253
-1496
-2749
-5674
-7255
-6523
-4725
-2919
-1333
-647
-1847
-3994
-4444
-2204
807
2502
2715
2081
1275
1123
2035
3338
4211
4566
4428
3657
2535
2101
2819
3886
4234
3940
3734
3597
3038
2184
1791
2043
2354
2135
1386
358
-611
-1029
-677
125
814
983
296
-1094
-2265
-2265
-1200
-140
-53
-1042
-2346
-3087
-2919
-2035
-803
265
499
-436
-1920
-2765
-2445
-1479
-631
-369
-962
-2231
-3360
-3462
-2410
-905
24
-179
-1147
-1996
-1910
-724
800
1424
836
1
-232
155
797
1420
1656
1356
802
462
575
1024
1467
1501
1183
980
1278
1855
2254
2288
2057
1850
1903
2197
2400
2150
1390
495
5
166
690
975
527
-518
-1347
-1111
127
1339
1470
396
-952
-1561
-1078
-96
119
-1669
-4874
-6702
-5184
-2141
-1481
-4054
-6806
-6895
-5016
-3326
-2157
-1018
-861
-2738
-4600
-3563
-138
2406
2568
1592
794
773
1646
3089
4116
4366
4227
3761
2805
1942
2374
3863
4819
4349
3519
3405
3495
2970
2253
2269
2665
2466
1493
381
-415
-735
-540
-70
326
490
239
-686
-1873
-2198
-1198
90
271
-942
-2511
-3268
-2866
-1840
-854
-251
-255
-997
-2154
-2773
-2266
-1060
-242
-499
-1660
-2832
-3125
-2541
-1778
-1232
-837
-747
-1206
-1860
-1884
-938
420
1123
749
-2
-208
237
853
1328
1465
1251
868
594
601
1012
1639
1847
1412
894
963
1538
2145
2503
2583
2435
2078
1743
1723
2028
2216
1851
1034
279
63
326
514
161
-525
-875
-505
355
999
861
-41
-1030
-1359
-864
-16
60
-1695
-4878
-6835
-5336
-2103
-1276
-4012
-6896
-6817
-4655
-3035
-2326
-1504
-1161
-2522
-4119
-3114
106
2375
2213
1043
411
740
1856
3121
3763
3807
3803
3655
2907
2098
2486
3975
4937
4396
3415
3203
3340
2931
2283
2276
2654
2485
1535
458
-240
-431
-222
35
93
59
-2
-516
-1460
-1939
-1333
-346
-220
-1208
-2438
-2944
-2602
-1932
-1387
-1059
-1007
-1427
-2162
-2527
-1959
-841
-186
-589
-1721
-2567
-2402
-1601
-1089
-1036
-952
-920
-1263
-1618
-1361
-529
292
583
249
-140
-70
295
575
806
1054
1153
1117
965
789
845
1233
1512
1479
1504
1683
1749
1711
1911
2314
2578
2457
2070
1741
1692
1759
1600
1166
701
455
337
148
-163
-364
-217
219
612
634
201
-472
-996
-1068
-671
-246
-558
-2297
-4947
-6357
-4855
-2028
-1431
-3918
-6443
-6262
-4297
-2832
-2219
-1526
-1129
-2011
-3168
-2505
-97
1678
1639
844
590
1090
2017
2878
3168
3143
3346
3621
3231
2521
2695
3853
4592
4037
3151
2981
3209
2973
2457
2292
2420
2219
1467
572
-43
-150
108
305
142
-102
-200
-518
-1296
-1849
-1500
-759
-668
-1506
-2544
-3062
-2899
-2377
-1755
-1223
-1057
-1436
-2106
-2393
-1868
-831
-182
-493
-1510
-2414
-2530
-1840
-993
-627
-800
-1245
-1700
-1754
-1082
19
829
821
156
-401
-95
854
1525
1536
1226
990
916
959
976
1015
1202
1390
1376
1310
1452
1654
1738
1794
2004
2340
2554
2428
1998
1579
1308
1062
817
742
799
630
93
-502
-746
-448
211
698
457
-387
-1092
-1191
-766
-419
-730
-1935
-3536
-4634
-4445
-3104
-2163
-2878
-4618
-5426
-4672
-3223
-2092
-1579
-1523
-1855
-2190
-2047
-1050
218
972
1071
931
1013
1432
2159
2705
2903
2952
3100
3187
3009
2886
3118
3563
3623
3294
3004
2953
2952
2800
2522
2157
1850
1564
1181
636
118
-92
55
290
241
-126
-664
-1180
-1419
-1190
-785
-769
-1350
-2167
-2680
-2682
-2312
-1829
-1394
-1222
-1437
-1863
-2096
-1861
-1248
-671
-576
-1015
-1670
-2060
-1960
-1476
-950
-703
-824
-1181
-1440
-1289
-660
122
552
412
41
-62
311
954
1409
1381
1077
901
903
953
1065
1302
1473
1408
1192
1103
1349
1777
2074
2075
1926
1833
1937
2146
2110
1624
891
396
397
757
1010
742
-15
-791
-1004
-461
433
915
457
-660
-1562
-1578
-925
-467
-900
-2313
-3853
-4386
-3515
-2380
-2418
-3631
-4657
-4407
-3434
-2620
-2196
-1794
-1702
-2108
-2263
-1498
-204
514
665
671
853
1126
1596
2228
2659
2835
2808
2785
2601
2558
2917
3456
3530
3040
2743
2950
3264
3155
2804
2420
1984
1540
1361
1399
1213
668
123
-72
38
244
236
-216
-940
-1297
-1052
-729
-963
-1652
-2230
-2386
-2229
-1950
-1604
-1361
-1398
-1761
-2101
-2014
-1400
-697
-559
-1172
-1961
-2155
-1718
-1243
-1122
-1133
-1137
-1266
-1474
-1372
-817
-189
117
23
-130
-45
331
759
1058
1135
1024
919
877
933
1102
1374
1450
1234
980
988
1267
1588
1847
1957
1924
1690
1444
1448
1762
2030
1831
1157
449
263
560
852
648
68
-432
-501
-195
182
385
182
-419
-1068
-1263
-932
-600
-942
-2129
-3495
-4032
-3462
-2592
-2584
-3548
-4440
-4255
-3328
-2625
-2307
-2012
-1778
-2009
-2189
-1558
-269
523
384
128
378
995
1534
2072
2488
2636
2544
2498
2591
2751
3103
3513
3631
3198
2796
2933
3306
3263
2825
2466
2202
1865
1553
1444
1287
844
335
168
294
384
249
-141
-733
-1179
-1086
-738
-800
-1432
-2032
-2211
-2102
-1929
-1684
-1434
-1466
-1804
-2073
-1941
-1513
-1075
-949
-1255
-1804
-2154
-2012
-1476
-968
-864
-1124
-1468
-1600
-1339
-727
-116
205
177
-123
-373
-95
658
1216
1213
922
730
710
830
1048
1299
1402
1271
1072
1053
1281
1585
1843
1918
1797
1636
1636
1734
1749
1591
1303
971
659
528
535
510
302
14
-207
-230
16
347
409
26
-514
-823
-738
-546
-624
-1157
-2042
-3029
-3605
-3389
-2738
-2561
-3267
-4159
-4340
-3623
-2769
-2261
-2043
-1866
-1865
-1925
-1572
-714
184
485
401
341
642
1147
1738
2236
2432
2411
2382
2576
2783
3015
3218
3375
3321
3117
3055
3178
3204
2845
2417
2214
2178
2001
1644
1188
728
407
384
571
592
219
-400
-903
-1090
-948
-734
-779
-1291
-1988
-2394
-2300
-1907
-1573
-1474
-1632
-1903
-2115
-2062
-1751
-1354
-1130
-1294
-1812
-2213
-2043
-1533
-1221
-1236
-1284
-1265
-1268
-1224
-864
-211
232
198
45
192
521
797
1015
1198
1279
1241
1150
1059
1096
1285
1466
1465
1303
1234
1425
1717
1788
1638
1576
1709
1831
1768
1579
1334
1032
735
569
607
645
431
-45
-435
-445
-159
130
193
62
-224
-555
-747
-700
-581
-731
-1250
-1950
-2678
-3317
-3502
-2937
-2307
-2754
-4040
-4574
-3552
-2277
-2021
-2336
-2069
-1486
-1596
-1921
-1285
86
509
-62
-196
630
1311
1211
1222
1813
2513
2658
2604
2651
2693
2769
3112
3604
3610
3266
3065
3047
2724
2259
2308
2676
2503
1624
925
834
907
815
779
851
661
42
-599
-822
-628
-442
-564
-1012
-1655
-2144
-2202
-1849
-1477
-1327
-1437
-1736
-1996
-1970
-1629
-1320
-1283
-1450
-1653
-1893
-2165
-2202
-1878
-1485
-1377
-1495
-1530
-1401
-1193
-868
-299
248
342
157
256
710
975
935
922
1107
1258
1151
940
867
983
1079
1179
1372
1536
1507
1380
1402
1612
1871
2013
1952
1679
1299
986
870
877
853
668
344
10
-241
-337
-240
41
271
244
-24
-330
-507
-527
-444
-472
-748
-1298
-1983
-2593
-2972
-3065
-2909
-2656
-2771
-3364
-3817
-3470
-2592
-2022
-1977
-1977
-1675
-1430
-1466
-1325
-633
56
101
-95
194
849
1112
996
1254
2141
2884
2871
2504
2468
2838
3255
3579
3761
3670
3184
2567
2302
2479
2739
2663
2208
1556
1049
951
1164
1332
1201
818
368
45
-114
-226
-373
-562
-799
-1107
-1453
-1704
-1778
-1706
-1644
-1640
-1635
-1670
-1762
-1848
-1760
-1576
-1504
-1646
-1886
-2000
-1973
-1910
-1954
-1992
-1876
-1629
-1476
-1453
-1306
-936
-507
-249
-48
255
607
732
644
716
1063
1346
1242
981
898
1013
1042
973
1041
1331
1548
1431
1235
1316
1677
1902
1829
1638
1515
1380
1135
942
927
962
776
410
138
123
231
255
191
138
111
43
-53
-100
-143
-260
-455
-696
-951
-1245
-1542
-1846
-2128
-2387
-2568
-2631
-2688
-2783
-2850
-2741
-2520
-2322
-2190
-2071
-1950
-1879
-1822
-1684
-1381
-1100
-992
-993
-851
-511
-91
348
783
1212
1529
1780
2068
2485
2965
3309
3414
3279
3120
3094
3180
3233
3138
2947
2700
2490
2366
2357
2438
2416
2227
1926
1695
1561
1399
1146
778
425
91
-269
-649
-967
-1170
-1369
-1604
-1840
-1965
-2016
-2093
-2210
-2285
-2276
-2289
-2348
-2457
-2544
-2587
-2599
-2632
-2657
-2585
-2462
-2354
-2252
-2031
-1708
-1338
-981
-646
-326
-58
164
374
643
881
1024
1068
1069
1057
1084
1214
1375
1509
1596
1685
1785
1884
2011
2190
2383
2438
2316
2139
2014
1955
1874
1735
1538
1285
1012
756
607
518
431
277
54
-140
-249
-263
-326
-466
-674
-944
-1230
-1485
-1691
-1962
-2345
-2772
-3099
-3246
-3281
-3305
-3343
-3363
-3316
-3129
-2822
-2533
-2369
-2269
-2130
-1897
-1585
-1267
-1016
-861
-735
-497
-55
479
945
1280
1542
1828
2222
2719
3163
3433
3530
3570
3634
3722
3768
3704
3540
3307
3075
2923
2857
2799
2648
2440
2232
2070
1917
1705
1433
1107
765
404
57
-270
-592
-923
-1255
-1514
-1706
-1869
-2062
-2257
-2386
-2440
-2457
-2500
-2538
-2554
-2556
-2564
-2559
-2517
-2495
-2497
-2487
-2427
-2305
-2154
-1969
-1722
-1410
-1121
-842
-545
-235
50
308
558
748
885
971
1029
1088
1151
1230
1310
1394
1462
1526
1614
1706
1795
1882
1970
2039
2052
1995
1888
1801
1743
1679
1556
1372
1174
985
815
670
570
465
282
50
-146
-256
-320
-402
-529
-683
-869
-1082
-1262
-1402
-1576
-1816
-2079
-2332
-2546
-2719
-2853
-2927
-2904
-2815
-2718
-2572
-2427
-2300
-2164
-1966
-1729
-1508
-1325
-1235
-1126
-938
-659
-340
-26
281
535
829
1193
1626
2086
2434
2660
2801
2956
3105
3205
3264
3199
3081
2939
2831
2737
2629
2522
2360
2243
2124
2020
1914
1747
1531
1273
1079
866
639
371
45
-277
-591
-839
-1063
-1247
-1459
-1714
-1928
-2065
-2095
-2100
-2114
-2155
-2193
-2206
-2224
-2206
-2181
-2189
-2218
-2234
-2213
-2154
-2020
-1837
-1603
-1328
-1055
-791
-519
-225
28
227
390
518
631
720
803
907
1030
1126
1188
1295
1419
1530
1626
1692
1782
1882
1984
2044
2069
2071
2029
1982
1908
1820
1688
1512
1291
1052
867
679
477
260
43
-159
-325
-429
-543
-665
-816
-974
-1122
-1275
-1456
-1683
-1924
-2205
-2487
-2732
-2938
-3080
-3162
-3186
-3181
-3119
-3017
-2891
-2714
-2508
-2284
-2065
-1838
-1627
-1430
-1198
-945
-659
-360
-53
261
617
1027
1447
1865
2237
2560
2863
3139
3386
3572
3679
3702
3659
3604
3509
3402
3271
3104
2900
2694
2528
2355
2198
2016
1808
1590
1367
1138
880
620
311
-35
-389
-718
-1000
-1264
-1518
-1787
-2030
-2207
-2325
-2388
-2434
-2466
-2500
-2515
-2495
-2447
-2393
-2384
-2393
-2397
-2373
-2312
-2204
-2050
-1898
-1719
-1501
-1245
-956
-661
-387
-170
12
169
322
467
615
755
864
968
1078
1211
1344
1479
1598
1694
1778
1870
1987
2095
2176
2215
2238
2261
2272
2245
2168
2044
1884
1720
1566
1405
1223
1002
753
516
310
134
-56
-268
-495
-696
-867
-1005
-1123
-1254
-1385
-1526
-1653
-1774
-1897
-2041
-2200
-2369
-2567
-2777
-2976
-3124
-3189
-3167
-3099
-2998
-2878
-2742
-2565
-2338
-2073
-1826
-1613
-1422
-1241
-1038
-779
-488
-193
117
464
852
1272
1685
2057
2393
2685
2951
3215
3456
3619
3687
3683
3651
3636
3619
3560
3442
3303
3146
2969
2801
2639
2473
2274
2035
1772
1500
1210
884
560
222
-158
-560
-941
-1291
-1620
-1917
-2179
-2400
-2587
-2730
-2811
-2853
-2878
-2900
-2938
-2981
-3007
-2995
-2955
-2896
-2807
-2704
-2589
-2433
-2188
-1903
-1620
-1344
-1077
-788
-469
-143
141
399
622
844
1103
1364
1614
1816
1961
2054
2164
2332
2510
2663
2746
2785
2815
2877
2952
2978
2945
2843
2700
2544
2361
2131
1865
1584
1289
1026
786
514
190
-181
-529
-826
-1060
-1289
-1540
-1772
-1976
-2130
-2243
-2323
-2420
-2541
-2666
-2809
-2966
-3159
-3371
-3581
-3730
-3808
-3808
-3709
-3569
-3378
-3152
-2867
-2533
-2220
-1973
-1784
-1494
-1084
-669
-355
-111
165
486
869
1324
1825
2273
2587
2827
3103
3457
3794
4021
4114
4144
4188
4231
4223
4098
3901
3660
3429
3244
3063
2870
2609
2321
2040
1770
1519
1247
946
574
177
-194
-524
-849
-1215
-1567
-1893
-2150
-2346
-2530
-2710
-2876
-2960
-2975
-2944
-2913
-2919
-2952
-2998
-2967
-2850
-2685
-2564
-2498
-2418
-2280
-2035
-1750
-1479
-1241
-964
-625
-285
72
398
660
859
1091
1393
1669
1849
1896
1952
2117
2357
2566
2629
2569
2461
2438
2531
2643
2672
2541
2341
2189
2126
2063
1887
1630
1329
1069
837
618
364
58
-223
-459
-620
-794
-1015
-1277
-1539
-1714
-1777
-1756
-1785
-1875
-1966
-2037
-2100
-2158
-2165
-2184
-2274
-2458
-2704
-2948
-3140
-3206
-3118
-2924
-2740
-2630
-2546
-2402
-2112
-1740
-1394
-1142
-960
-755
-495
-174
114
337
530
742
1044
1413
1830
2222
2534
2772
2998
3270
3543
3739
3810
3806
3793
3792
3760
3636
3420
3165
2947
2769
2578
2348
2080
1816
1577
1341
1102
836
549
249
-54
-350
-644
-940
-1259
-1579
-1845
-2034
-2182
-2321
-2457
-2575
-2632
-2627
-2576
-2530
-2513
-2510
-2503
-2473
-2415
-2312
-2210
-2129
-2055
-1959
-1801
-1604
-1394
-1179
-936
-652
-364
-100
117
319
531
753
1014
1286
1523
1680
1759
1808
1908
2089
2265
2356
2358
2335
2335
2343
2316
2248
2164
2069
1943
1785
1578
1311
1041
834
702
559
353
83
-193
-410
-556
-657
-754
-889
-1085
-1297
-1477
-1597
-1666
-1718
-1770
-1834
-1885
-1914
-1918
-1887
-1831
-1743
-1642
-1597
-1643
-1727
-1774
-1737
-1652
-1627
-1714
-1839
-1888
-1759
-1477
-1216
-1070
-998
-886
-712
-475
-214
-20
91
166
325
574
838
1030
1126
1240
1472
1788
2101
2326
2461
2571
2694
2813
2902
2964
2961
2905
2819
2738
2645
2510
2334
2123
1936
1736
1535
1310
1052
791
548
354
143
-83
-350
-624
-855
-1035
-1209
-1421
-1621
-1799
-1933
-2064
-2205
-2317
-2365
-2337
-2320
-2320
-2318
-2268
-2167
-2045
-1920
-1791
-1649
-1504
-1332
-1145
-968
-790
-576
-301
-17
222
429
623
873
1164
1423
1589
1653
1713
1830
1987
2083
2101
2075
2058
2057
2024
1948
1816
1670
1530
1429
1344
1208
1011
782
586
452
364
254
82
-142
-357
-525
-675
-850
-1079
-1333
-1568
-1781
-1931
-2019
-2078
-2129
-2164
-2129
-2040
-1948
-1889
-1842
-1775
-1710
-1671
-1682
-1749
-1858
-1953
-2000
-1984
-1898
-1778
-1632
-1484
-1298
-1052
-785
-516
-281
-54
190
443
668
849
992
1110
1255
1437
1651
1845
2007
2184
2376
2597
2808
2983
3106
3148
3155
3132
3097
3028
2889
2684
2426
2167
1919
1694
1450
1185
924
698
524
337
147
-78
-321
-555
-784
-982
-1188
-1396
-1612
-1813
-1977
-2104
-2189
-2247
-2262
-2250
-2185
-2099
-2013
-1911
-1789
-1644
-1538
-1453
-1348
-1202
-1012
-841
-712
-603
-464
-262
-11
248
483
666
822
1004
1191
1336
1413
1430
1437
1471
1518
1529
1458
1362
1286
1228
1202
1137
1047
927
793
682
590
524
433
315
184
62
-70
-195
-322
-460
-576
-685
-777
-887
-1014
-1116
-1199
-1250
-1297
-1348
-1401
-1455
-1474
-1450
-1390
-1309
-1213
-1105
-969
-811
-636
-473
-365
-311
-315
-357
-408
-484
-578
-700
-826
-884
-861
-745
-596
-467
-338
-203
-34
141
256
292
270
244
242
251
253
235
230
289
426
599
786
949
1102
1283
1461
1635
1747
1792
1781
1739
1703
1654
1583
1469
1328
1179
1076
1022
980
929
848
782
729
690
634
518
366
191
20
-150
-329
-520
-704
-849
-939
-967
-970
-965
-959
-924
-862
-778
-686
-639
-618
-617
-612
-588
-553
-517
-496
-489
-468
-395
-286
-162
-44
58
166
287
435
556
634
670
672
668
655
648
593
497
396
325
304
283
260
198
125
64
40
34
-7
-74
-179
-289
-389
-460
-527
-622
-720
-822
-879
-918
-934
-940
-961
-964
-956
-911
-860
-813
-774
-742
-692
-628
-546
-482
-423
-341
-250
-134
-17
93
176
238
287
303
288
235
157
64
-44
-159
-271
-355
-400
-406
-390
-364
-332
-293
-252
-214
-184
-170
-176
-174
-167
-161
-137
-113
-55
30
156
306
438
583
722
872
1004
1113
1194
1230
1256
1266
1279
1261
1213
1135
1054
998
944
904
828
733
651
583
554
523
470
375
271
192
134
88
16
-75
-183
-264
-299
-304
-298
-313
-318
-314
-276
-209
-148
-108
-106
-103
-89
-74
-66
-90
-138
-193
-222
-221
-207
-192
-178
-158
-120
-56
14
64
98
124
141
148
147
123
71
14
-33
-73
-114
-179
-245
-296
-326
-330
-340
-360
-399
-434
-452
-457
-464
-498
-554
-620
-664
-688
-698
-715
-752
-786
-805
-783
-741
-705
-671
-651
-620
-563
-475
-383
-304
-234
-159
-63
49
167
259
312
330
327
318
290
237
153
42
-75
-174
-233
-250
-248
-247
-260
-257
-230
-191
-159
-153
-175
-205
-214
-201
-185
-173
-164
-132
-59
58
186
311
431
552
687
814
929
1012
1064
1097
1121
1151
1150
1127
1081
1033
984
938
900
831
759
693
647
615
579
533
460
392
340
307
267
202
130
52
6
-15
-22
-37
-70
-91
-96
-72
-39
-9
0
-7
4
28
64
70
49
5
-47
-73
-89
-122
-179
-243
-295
-321
-325
-324
-333
-346
-349
-347
-332
-320
-328
-345
-365
-387
-405
-434
-478
-524
-564
-589
-611
-618
-624
-626
-601
-565
-529
-492
-459
-437
-413
-381
-360
-355
-365
-380
-400
-410
-416
-437
-445
-445
-422
-378
-329
-271
-217
-148
-70
17
102
179
254
330
403
450
471
454
412
353
280
200
89
-24
-131
-207
-234
-247
-253
-268
-270
-254
-230
-209
-212
-236
-271
-283
-287
-289
-304
-324
-315
-281
-198
-110
-25
63
165
297
427
549
646
714
775
853
924
966
982
967
959
957
961
957
913
864
810
781
768
745
709
647
590
544
516
473
413
344
292
262
235
223
187
146
118
94
78
52
29
-6
-24
-19
-21
-36
-65
-95
-125
-132
-153
-190
-223
-249
-239
-210
-178
-181
-200
-194
-186
-167
-162
-186
-232
-249
-246
-243
-240
-271
-319
-361
-366
-373
-402
-432
-486
-514
-515
-517
-538
-568
-585
-612
-603
-585
-592
-613
-637
-658
-670
-667
-694
-735
-761
-763
-741
-712
-676
-654
-610
-543
-464
-373
-300
-231
-159
-58
45
136
208
243
266
280
286
257
207
140
60
16
-6
-4
-2
7
15
34
77
106
122
113
104
92
89
93
78
57
32
29
50
106
169
229
312
398
501
602
697
780
848
913
960
1000
1027
1042
1051
1055
1053
1026
999
961
924
881
833
777
704
650
581
519
454
376
291
205
145
88
37
-25
-88
-137
-172
-199
-245
-286
-342
-389
-415
-435
-445
-454
-456
-460
-447
-421
-407
-387
-355
-316
-281
-230
-194
-156
-110
-66
-20
7
24
13
4
6
-2
-12
-33
-68
-102
-116
-132
-151
-176
-207
-247
-280
-294
-331
-374
-420
-470
-508
-541
-568
-601
-629
-652
-675
-686
-683
-683
-683
-680
-683
-667
-645
-628
-600
-563
-520
-483
-434
-378
-314
-245
-175
-105
-44
21
74
123
159
167
149
116
94
60
28
-8
-52
-65
-67
-43
-12
18
37
44
63
74
81
74
59
39
30
38
55
87
120
168
224
291
373
457
543
618
696
771
841
898
946
999
1040
1074
1089
1099
1097
1090
1086
1069
1048
1012
967
925
883
834
772
701
624
554
485
417
341
258
176
100
36
-21
-84
-160
-240
-313
-387
-450
-505
-558
-605
-649
-687
-716
-721
-708
-685
-662
-630
-589
-535
-475
-420
-373
-338
-301
-256
-211
-185
-171
-168
-158
-141
-126
-116
-118
-115
-105
-92
-78
-71
-78
-96
-116
-137
-172
-222
-278
-332
-381
-424
-470
-516
-558
-588
-607
-620
-628
-643
-658
-662
-657
-647
-635
-631
-631
-619
-597
-565
-529
-494
-462
-424
-369
-305
-244
-195
-162
-132
-98
-65
-38
-27
-28
-28
-20
-3
25
56
90
120
162
210
261
312
350
380
402
425
443
466
493
520
552
586
630
676
730
783
827
871
902
928
949
979
1001
1014
1029
1032
1032
1030
1020
1000
974
940
901
862
811
754
685
614
539
460
388
312
238
160
78
5
-58
-110
-155
-199
-243
-286
-327
-360
-395
-432
-472
-522
-565
-612
-651
-675
-693
-696
-693
-682
-660
-624
-582
-536
-493
-453
-414
-376
-335
-300
-267
-239
-222
-205
-198
-190
-181
-175
-173
-178
-181
-182
-175
-167
-167
-178
-194
-216
-239
-261
-293
-331
-381
-427
-466
-496
-521
-556
-594
-629
-654
-667
-676
-686
-702
-709
-708
-699
-679
-655
-627
-594
-553
-501
-440
-381
-327
-269
-206
-137
-67
2
64
126
186
250
311
369
420
463
514
564
617
667
713
760
809
857
894
919
934
938
941
942
934
915
894
875
855
842
823
800
774
747
716
684
651
613
573
532
493
457
426
391
352
310
266
223
185
146
100
51
3
-41
-80
-113
-148
-182
-217
-248
-271
-287
-299
-310
-319
-320
-319
-312
-299
-289
-282
-284
-291
-292
-297
-301
-307
-314
-315
-313
-300
-286
-274
-257
-237
-213
-193
-177
-165
-157
-150
-144
-140
-138
-139
-143
-153
-167
-185
-209
-236
-265
-292
-322
-355
-388
-419
-445
-469
-489
-513
-539
-566
-591
-613
-627
-641
-653
-660
-667
-665
-661
-647
-626
-605
-584
-557
-525
-484
-435
-377
-313
-243
-165
-80
10
101
189
273
355
441
523
602
672
733
789
840
890
935
973
1001
1019
1032
1038
1036
1027
1015
1000
981
952
917
875
821
762
698
626
552
471
392
312
232
154
80
8
-59
-122
-180
-233
-283
-329
-369
-404
-432
-453
-467
-476
-479
-475
-469
-458
-448
-434
-418
-398
-375
-349
-321
-289
-257
-224
-190
-154
-116
-81
-48
-20
6
38
66
89
107
121
132
141
146
148
146
137
126
110
94
77
67
59
50
39
28
15
8
0
-10
-25
-41
-55
-67
-77
-90
-107
-129
-146
-160
-171
-184
-202
-220
-243
-259
-267
-271
-276
-279
-281
-280
-278
-278
-280
-284
-284
-282
-274
-267
-262
-256
-249
-234
-214
-195
-174
-156
-139
-118
-95
-65
-34
-3
28
59
94
130
166
203
234
266
294
320
347
368
387
403
418
431
438
442
440
437
427
415
396
373
347
323
298
270
239
205
166
127
85
44
1
-39
-79
-116
-151
-181
-208
-232
-253
-269
-278
-285
-290
-294
-296
-292
-286
-274
-258
-239
-220
-200
-176
-152
-130
-108
-82
-57
-32
-5
20
44
66
86
106
127
147
163
176
187
194
202
207
209
210
211
210
209
203
191
177
165
153
141
130
121
115
110
107
106
107
109
111
113
115
114
109
105
104
102
99
95
85
76
65
55
40
24
4
-17
-38
-59
-78
-100
-122
-143
-165
-186
-207
-230
-253
-273
-292
-308
-323
-336
-344
-352
-357
-360
-360
-357
-352
-342
-332
-320
-310
-299
-282
-260
-234
-208
-182
-160
-140
-118
-98
-79
-59
-40
-22
-5
9
23
36
50
65
78
88
92
93
90
92
92
87
80
71
60
50
41
32
23
16
8
2
-5
-15
-20
-22
-23
-22
-19
-14
-5
6
19
31
43
63
81
102
119
139
160
183
211
236
259
280
300
318
341
362
378
393
403
412
423
436
444
449
450
448
443
439
431
419
405
389
370
352
329
303
274
246
218
191
163
132
100
72
44
20
-8
-40
-71
-100
-127
-154
-178
-204
-230
-253
-278
-301
-321
-339
-357
-373
-387
-398
-410
-419
-433
-445
-454
-458
-461
-462
-464
-464
-460
-455
-449
-443
-434
-425
-413
-402
-388
-376
-363
-345
-325
-308
-291
-275
-260
-240
-220
-198
-179
-165
-151
-134
-117
-101
-85
-73
-61
-48
-34
-21
-11
-1
9
20
32
46
58
67
77
87
98
108
114
121
132
139
147
158
169
182
193
202
211
220
225
231
241
256
270
280
289
296
306
315
327
335
343
353
364
375
384
388
392
398
404
413
419
418
416
414
413
411
410
404
395
384
377
370
357
340
321
301
283
265
241
217
189
160
129
104
77
47
15
-18
-46
-73
-103
-133
-163
-192
-214
-236
-260
-286
-309
-331
-347
-359
-375
-394
-412
-424
-434
-438
-442
-449
-455
-456
-456
-454
-452
-452
-449
-445
-440
-432
-427
-421
-412
-403
-392
-379
-368
-360
-351
-338
-322
-305
-290
-279
-265
-250
-234
-216
-200
-188
-175
-161
-147
-129
-111
-97
-81
-67
-54
-39
-26
-11
5
20
33
49
65
78
93
107
123
141
158
176
194
208
223
239
258
275
289
302
317
330
346
357
369
379
389
400
407
415
422
428
433
433
435
435
433
430
423
418
411
404
396
386
375
361
347
333
321
308
294
279
261
243
227
213
198
182
165
145
124
105
89
74
53
29
7
-13
-34
-56
-79
-103
-125
-147
-167
-189
-211
-232
-257
-277
-297
-317
-335
-352
-370
-383
-395
-407
-418
-429
-436
-445
-447
-452
-453
-453
-453
-450
-447
-443
-437
-428
-416
-404
-391
-381
-367
-350
-333
-317
-302
-283
-264
-241
-221
-199
-181
-161
-138
-118
-96
-75
-56
-37
-18
2
19
36
53
68
84
100
115
128
137
147
157
166
171
180
188
194
201
206
212
218
223
226
229
232
235
241
244
245
251
252
255
258
262
267
269
269
268
269
270
271
272
271
268
266
265
262
258
252
246
241
237
231
225
214
204
196
188
179
169
157
144
132
122
112
100
87
77
65
52
40
27
16
6
-7
-16
-27
-40
-52
-63
-75
-85
-98
-109
-122
-133
-147
-160
-172
-185
-195
-207
-219
-231
-242
-253
-264
-272
-283
-292
-300
-306
-311
-316
-319
-323
-324
-326
-326
-324
-317
-312
-309
-303
-296
-284
-272
-258
-243
-227
-212
-193
-175
-155
-136
-119
-101
-81
-60
-40
-22
-5
15
31
47
62
77
90
102
113
122
129
137
142
145
152
154
155
154
155
156
155
152
147
144
139
136
132
129
125
120
117
115
112
110
109
107
109
110
111
110
113
113
117
120
125
129
133
138
141
145
148
152
155
159
160
160
161
161
161
158
155
152
149
142
135
127
121
113
104
93
81
69
59
47
36
23
8
-4
-15
-27
-40
-53
-65
-74
-86
-94
-104
-114
-121
-127
-133
-138
-141
-145
-149
-152
-153
-154
-153
-154
-153
-153
-150
-147
-143
-140
-137
-133
-129
-124
-119
-116
-111
-107
-102
-98
-94
-93
-89
-86
-83
-80
-77
-74
-72
-69
-65
-61
-59
-58
-55
-53
-51
-48
-46
-43
-40
-38
-37
-36
-30
-28
-24
-21
-18
-14
-9
-7
-4
1
4
9
10
13
17
20
23
28
32
35
36
38
40
42
46
48
49
51
53
55
59
61
64
67
70
74
77
81
86
89
93
96
99
101
105
107
109
112
113
114
115
117
119
120
118
117
115
113
112
111
109
102
96
91
86
82
75
67
58
50
45
38
31
24
16
8
0
-6
-13
-21
-28
-34
-39
-42
-49
-54
-59
-65
-66
-69
-71
-72
-74
-76
-76
-76
-75
-75
-73
-72
-70
-66
-63
-60
-59
-57
-55
-53
-50
-48
-47
-45
-40
-36
-34
-33
-35
-33
-31
-29
-29
-30
-30
-30
-30
-31
-33
-35
-36
-38
-39
-39
-40
-43
-46
-48
-50
-52
-53
-55
-56
-57
-59
-59
-60
-62
-62
-63
-63
-62
-61
-61
-58
-56
-54
-52
-49
-46
-43
-40
-36
-33
-28
-24
-19
-14
-11
-7
-2
5
10
16
20
25
30
35
41
46
52
59
63
68
74
78
83
89
95
97
102
105
108
111
114
115
115
119
120
122
122
121
119
118
117
115
112
110
106
102
98
92
86
80
74
67
62
55
49
43
36
30
24
18
13
6
-1
-6
-10
-16
-21
-25
-28
-33
-35
-38
-40
-43
-45
-46
-48
-48
-49
-49
-49
-48
-49
-49
-49
-48
-48
-46
-43
-44
-44
-44
-43
-43
-43
-43
-45
-47
-48
-48
-49
-50
-53
-55
-58
-60
-62
-63
-65
-67
-68
-69
-71
-72
-74
-74
-77
-78
-79
-80
-79
-80
-81
-80
-78
-79
-77
-75
-73
-73
-71
-69
-66
-62
-58
-56
-52
-48
-43
-36
-31
-26
-21
-15
-8
-3
2
8
13
18
25
31
36
41
47
53
60
64
68
72
77
83
87
91
96
98
100
102
105
106
108
109
108
108
109
109
109
108
106
105
103
101
97
95
91
89
86
81
77
74
70
65
60
56
51
48
43
39
36
31
27
23
19
16
12
8
5
3
1
-5
-7
-9
-13
-16
-18
-21
-24
-26
-30
-34
-34
-36
-38
-39
-41
-45
-47
-49
-50
-53
-54
-56
-57
-59
-60
-63
-65
-68
-70
-71
-72
-73
-74
-74
-75
-76
-77
-77
-77
-78
-79
-80
-80
-80
-79
-80
-80
-79
-79
-77
-75
-74
-73
-71
-69
-66
-64
-59
-57
-53
-50
-46
-42
-39
-35
-30
-25
-20
-15
-12
-7
-2
4
10
16
21
25
32
36
41
45
49
53
59
63
67
70
72
75
80
83
84
85
86
88
90
90
89
90
89
88
88
87
86
84
82
79
77
76
73
69
65
63
62
58
55
51
49
46
43
41
37
33
30
27
24
21
17
15
12
10
7
4
1
-2
-4
-6
-8
-9
-12
-15
-16
-19
-20
-22
-25
-28
-30
-32
-34
-35
-37
-38
-40
-42
-43
-44
-46
-48
-50
-51
-53
-55
-54
-55
-55
-56
-57
-57
-57
-57
-57
-58
-59
-61
-60
-59
-59
-57
-56
-56
-54
-51
-49
-48
-47
-45
-44
-42
-41
-39
-36
-34
-32
-28
-26
-22
-21
-19
-16
-12
-10
-9
-7
-5
-3
2
5
6
9
12
16
17
20
22
25
27
29
32
34
36
37
39
41
43
44
46
47
48
49
51
51
52
52
53
52
53
53
52
52
52
52
51
50
50
48
47
45
44
42
40
38
36
35
33
32
28
27
24
22
19
17
15
12
11
9
6
5
2
0
-2
-4
-6
-8
-11
-12
-14
-15
-18
-19
-21
-22
-23
-24
-25
-25
-26
-26
-28
-28
-29
-28
-28
-29
-29
-29
-29
-29
-29
-30
-29
-29
-30
-29
-28
-28
-28
-27
-27
-25
-25
-25
-23
-23
-23
-23
-22
-21
-20
-18
-19
-17
-17
-16
-16
-15
-15
-14
-14
-14
-12
-11
-9
-8
-8
-7
-6
-6
-5
-4
-3
-4
-3
-2
-1
0
0
1
3
5
5
5
6
5
6
7
8
9
10
12
12
14
14
13
14
15
16
16
17
17
17
17
18
18
17
17
17
16
16
15
15
15
15
16
17
17
17
17
16
16
17
16
15
15
14
14
13
13
11
10
10
10
10
9
8
8
7
7
7
7
8
7
6
7
6
5
6
5
5
4
4
3
2
2
2
3
1
1
2
1
1
0
-1
-2
-2
-1
-3
-3
-3
-4
-5
-5
-7
-7
-7
-7
-8
-8
-9
-11
-12
-13
-13
-14
-14
-15
-15
-15
-15
-16
-16
-17
-17
-17
-17
-17
-18
-18
-18
-18
-19
-20
-18
-18
-18
-18
-17
-16
-16
-15
-14
-15
-13
-12
-12
-12
-10
-10
-10
-9
-8
-9
-8
-8
-8
-7
-6
-6
-5
-4
-3
-1
0
-1
1
2
4
4
5
6
7
7
7
7
8
8
9
9
8
12
11
11
12
13
13
12
12
14
14
15
16
17
17
17
17
18
19
20
20
20
20
20
19
20
20
20
18
18
19
18
18
18
17
17
16
16
15
16
14
14
13
12
11
11
10
8
7
6
6
5
3
2
1
0
-2
-2
-3
-4
-4
-6
-7
-8
-9
-10
-10
-11
-12
-14
-14
-15
-16
-17
-17
-18
-17
-17
-18
-19
-19
-19
-19
-19
-19
-20
-20
-19
-19
-20
-20
-19
-20
-19
-18
-18
-18
-17
-16
-16
-16
-15
-14
-14
-13
-13
-11
-11
-10
-11
-9
-8
-7
-7
-8
-7
-6
-6
-5
-5
-3
-4
-3
-1
-1
0
1
1
3
4
4
5
7
7
7
8
9
9
10
9
11
12
12
12
13
14
14
15
15
16
17
17
19
18
18
19
18
19
19
20
20
18
19
19
18
19
19
18
18
18
18
17
17
16
16
15
15
15
15
14
13
12
12
11
10
9
8
7
4
4
3
2
1
0
-2
-3
-3
-5
-7
-7
-9
-10
-11
-12
-12
-13
-14
-15
-16
-17
-17
-18
-18
-19
-20
-20
-21
-20
-20
-21
-21
-21
-19
-20
-19
-20
-19
-19
-19
-19
-18
-19
-18
-18
-17
-16
-16
-15
-15
-14
-13
-13
-11
-10
-9
-9
-6
-6
-6
-5
-4
-4
-3
-3
-2
-1
-1
1
1
2
3
4
4
5
7
7
8
9
9
9
10
10
11
12
12
13
13
14
13
14
14
15
15
15
14
15
16
15
16
17
16
17
16
16
16
16
16
15
16
15
15
14
14
14
14
13
13
11
12
11
11
10
9
8
8
7
7
7
6
5
4
3
2
0
1
-1
-2
-3
-4
-5
-5
-7
-8
-8
-9
-10
-10
-11
-11
-11
-11
-13
-13
-14
-15
-15
-14
-15
-16
-17
-16
-16
-16
-16
-17
-16
-16
-16
-17
-16
-16
-14
-14
-13
-12
-12
-11
-10
-9
-8
-8
-9
-7
-7
-7
-6
-6
-5
-4
-4
-4
-3
-2
-2
-1
1
1
2
2
2
3
3
5
5
5
6
6
7
7
6
6
6
7
8
7
8
7
8
8
9
9
10
9
9
10
10
10
9
10
9
9
9
9
9
8
8
8
8
7
8
8
7
7
8
8
8
7
7
7
7
6
6
6
5
5
4
3
3
3
2
1
3
1
1
1
1
0
0
0
-1
-1
-1
-1
-1
-2
-3
-3
-4
-3
-4
-4
-5
-5
-6
-6
-7
-7
-6
-7
-7
-8
-7
-8
-7
-8
-7
-7
-8
-8
-7
-8
-8
-8
-8
-8
-8
-8
-9
-8
-8
-8
-7
-6
-6
-5
-5
-5
-4
-4
-3
-3
-3
-3
-3
-3
-2
-2
-3
-2
-1
-2
-1
0
-1
0
0
1
2
1
2
3
2
3
4
5
5
5
5
5
4
4
5
4
4
3
4
4
4
3
3
4
4
5
5
5
5
5
6
6
6
5
5
5
4
5
4
3
4
3
4
4
3
3
4
4
3
4
3
4
4
4
3
4
3
4
2
2
2
1
1
0
0
0
-1
-1
-1
-2
-1
0
-1
0
0
-1
-1
-1
-1
-1
-2
-3
-2
-3
-3
-4
-4
-4
-5
-5
-5
-5
-5
-4
-4
-3
-4
-3
-3
-3
-2
-2
-2
-3
-3
-3
-3
-3
-3
-3
-4
-5
-4
-5
-4
-4
-3
-2
-2
-2
-1
-2
-1
-1
-1
0
-1
-1
0
-1
0
0
0
-1
0
-1
-1
-1
0
-1
-1
0
-1
0
1
2
2
2
2
1
1
2
2
2
1
2
1
1
0
1
1
1
1
1
1
1
2
3
3
3
3
4
3
4
4
4
3
3
2
3
2
2
2
1
2
2
2
3
2
2
3
3
3
3
2
3
3
3
3
3
3
2
1
1
0
0
0
-1
-1
-2
-1
-1
-2
0
-1
0
0
0
0
0
-1
-1
-1
-1
-2
-2
-3
-3
-2
-3
-3
-3
-3
-4
-4
-4
-3
-3
-2
-2
-2
-1
-1
-1
-1
-1
-1
-2
-2
-1
-2
-2
-2
-3
-3
-3
-2
-2
-2
-2
-2
0
-2
-1
-1
0
0
0
0
0
-1
1
0
0
-1
-1
-1
-1
-2
-2
-1
0
0
0
0
0
1
1
1
0
1
2
1
1
2
2
1
1
1
1
1
1
0
1
1
1
1
2
2
2
2
2
2
2
3
2
2
1
2
2
1
1
1
1
1
0
0
1
0
1
1
1
1
1
2
1
2
2
2
1
2
3
1
1
1
0
0
-1
-1
0
-1
-2
0
0
0
1
-1
0
0
1
1
0
0
1
-1
-1
0
-1
-2
-1
-2
-1
-2
-2
-2
-1
0
-1
-2
-1
-1
0
0
0
0
-1
0
0
0
-1
-1
-1
-2
-2
-1
-2
-2
-2
-2
-2
-1
-1
-2
-1
-2
-1
-1
-1
0
-1
-2
-1
-1
0
0
-1
-1
-1
-1
-1
-2
-1
-2
-2
-1
-1
-1
0
0
1
2
1
2
1
1
1
2
1
0
1
1
1
1
0
0
0
1
1
1
1
1
2
2
1
2
2
2
1
1
1
2
1
1
1
1
0
0
1
1
0
0
0
1
1
1
1
2
1
2
2
2
2
1
1
1
1
0
0
0
0
1
0
0
1
0
0
0
-1
0
0
0
0
1
1
1
1
0
0
-1
-1
-1
-1
-1
-2
-2
-2
-2
-2
-1
-2
-1
-1
0
-1
0
0
0
-1
-1
-1
-1
-1
-1
-2
-2
-2
-2
-2
-3
-2
-2
-1
-1
-1
-1
-1
-1
0
0
-1
-1
0
-1
0
0
-1
0
0
-1
-1
0
-1
-1
0
0
1
1
0
0
0
1
0
0
0
0
0
1
0
1
1
1
2
1
1
1
2
1
0
1
0
1
1
0
1
2
2
1
1
1
1
2
2
1
1
1
1
0
1
0
1
0
0
0
1
1
1
0
1
0
0
0
0
1
0
0
0
1
1
0
0
-1
0
-1
-1
0
0
0
0
-1
-1
-1
-1
-1
0
-1
-1
0
-1
0
0
1
0
0
0
0
0
-1
-1
0
-1
-1
-1
0
0
0
0
0
-1
-1
0
0
-1
0
-1
0
0
0
-1
0
-1
-1
-1
0
-1
0
-1
-1
0
0
0
0
0
-1
0
0
-1
-1
-1
-1
-1
0
0
-1
0
0
0
0
0
0
0
-1
0
0
0
0
0
0
1
0
1
0
1
0
1
0
0
0
1
1
0
1
0
1
1
1
1
1
1
0
1
0
1
1
1
0
0
1
1
0
1
0
-1
-1
-1
0
0
0
0
0
0
0
-1
1
1
1
0
-1
1
0
0
0
1
0
0
1
0
0
1
0
0
0
0
1
0
0
-1
-1
0
0
0
0
0
0
0
0
0
0
0
0
0
1
0
0
0
1
0
0
-1
1
0
0
0
0
-1
0
0
0
0
-1
0
0
0
0
0
-1
-1
-1
0
0
-1
0
-2
-1
-1
-1
-1
-1
-1
-2
-1
0
-1
-1
-1
0
-1
0
0
-1
-1
0
0
-1
0
0
1
0
0
1
0
0
0
1
1
1
1
0
0
1
1
1
1
1
1
1
1
1
1
2
1
0
0
1
0
1
0
0
-1
-1
0
0
0
1
0
0
0
1
1
1
1
0
1
1
0
1
0
0
1
0
1
1
0
0
1
0
0
0
1
0
1
0
0
1
0
0
0
0
0
0
0
-1
-1
-1
-1
-1
-1
-1
-1
0
0
-1
-1
-1
-2
0
-1
-1
-1
-2
-1
-1
0
-1
0
-1
-1
-1
-1
-1
-1
-1
-2
-1
-1
0
0
0
0
0
-1
-1
0
1
0
-1
0
0
0
0
0
1
1
1
1
1
0
0
0
1
1
0
1
1
1
0
1
0
1
1
0
1
0
0
1
1
1
1
0
0
0
-1
0
0
0
0
0
0
0
0
0
0
0
0
0
0
0
0
-1
-1
0
-1
-1
0
0
-1
1
0
0
0
1
1
0
1
0
0
0
0
1
0
1
1
0
1
0
-1
1
-1
0
0
-1
0
0
1
1
1
1
1
1
0
0
-1
0
0
-1
-1
0
0
-1
0
0
-1
-1
0
-1
-1
-1
-1
-2
-1
-2
-1
-2
-2
-1
-1
0
0
-1
0
-1
-1
-1
0
-1
0
-1
-1
-1
-1
0
-1
-1
-1
-1
0
-1
-1
-1
-1
0
1
0
-1
0
0
0
0
1
0
0
1
1
1
0
1
1
1
1
1
1
2
2
1
2
1
1
1
1
2
1
1
0
1
0
0
1
1
0
1
1
1
1
1
2
1
1
1
1
0
1
0
1
1
0
1
1
1
0
0
1
1
0
0
0
0
0
-1
0
0
0
-1
0
-1
0
0
-1
-1
-1
0
-1
0
0
-1
-1
0
-1
-1
-1
-1
-1
-1
-2
-1
-1
-1
0
0
0
0
-2
-1
-1
0
-1
0
-1
0
-1
-1
0
1
0
1
0
0
0
0
-1
-1
-1
-1
-1
-1
0
-1
0
0
-1
0
0
0
0
1
-1
0
-1
-1
0
-1
0
0
0
1
1
0
0
0
-1
1
0
1
1
0
0
0
0
0
1
0
0
0
-1
0
0
0
0
1
0
-1
0
0
1
0
1
0
0
1
1
0
1
1
1
1
0
0
0
1
1
1
0
0
1
1
1
1
0
1
0
1
0
1
0
0
-1
1
1
0
0
0
1
1
2
-1
0
0
0
0
0
0
1
0
0
0
0
0
0
0
1
0
0
0
0
-1
-1
-1
-1
-1
-1
-1
0
-1
-1
-1
-1
-1
-1
0
-1
-2
-1
-1
-1
-1
-1
0
0
-1
0
0
-1
-1
-1
-1
0
-1
0
-1
-1
0
0
0
0
0
0
1
0
0
0
0
0
0
1
0
0
0
0
0
0
0
0
0
0
0
1
1
1
1
1
1
1
0
1
0
0
0
0
0
-1
-1
0
0
1
0
1
0
2
1
0
0
0
0
0
0
0
0
0
-1
1
0
0
0
0
1
0
1
0
0
0
0
0
1
1
0
0
1
-1
0
0
0
-1
-1
-1
0
0
0
0
-1
-1
0
0
1
0
0
0
0
0
0
0
0
0
0
-1
0
-1
-1
0
0
0
0
0
1
0
0
0
0
0
-1
-1
0
0
0
0
-1
0
1
0
0
-1
0
0
-1
-1
0
0
0
-1
-1
0
-1
0
0
0
0
-1
-2
-1
0
0
0
0
1
0
-1
-1
1
0
-1
-1
-1
0
-1
0
0
0
0
0
0
0
0
0
0
0
1
0
1
0
0
0
1
0
1
0
0
0
-1
0
0
0
1
1
1
0
1
1
0
1
1
1
1
0
0
1
1
0
1
1
1
2
1
2
2
1
1
2
1
1
2
1
1
1
0
0
0
0
0
0
0
-1
-1
-1
-1
0
-1
-1
-1
0
-1
-1
-1
-2
-1
-1
0
0
-1
-1
0
-2
-1
-1
-1
-1
-1
-1
-1
-1
-1
-2
-1
-1
-1
-1
-2
0
0
-1
-1
0
0
0
0
0
0
1
0
1
0
0
1
1
1
1
1
1
0
1
1
1
1
1
2
1
1
1
1
1
1
0
1
1
0
0
-1
1
0
1
1
1
0
0
0
0
0
0
-1
-1
0
0
0
0
0
0
-1
0
0
0
0
-1
-1
-1
0
-1
-1
