-4.000000
-1.000000
-15.000000
-18.000000
-11.000000
-2.000000
0.000000
3.000000
-14.000000
-13.000000
-5.000000
-6.000000
-2.000000
3.000000
4.000000
0.000000
-2.000000
-4.000000
2.000000
-7.000000
-7.000000
6.000000
1.000000
9.000000
2.000000
0.000000
2.000000
2.000000
9.000000
10.000000
9.000000
9.000000
18.000000
13.000000
0.000000
5.000000
5.000000
9.000000
14.000000
15.000000
11.000000
14.000000
9.000000
7.000000
13.000000
16.000000
2.000000
5.000000
10.000000
11.000000
23.000000
10.000000
3.000000
-8.000000
-2.000000
12.000000
2.000000
2.000000
1.000000
-5.000000
-5.000000
-1.000000
-4.000000
2.000000
5.000000
3.000000
1.000000
15.000000
4.000000
-12.000000
7.000000
5.000000
-3.000000
1.000000
9.000000
0.000000
7.000000
8.000000
4.000000
0.000000
0.000000
2.000000
-1.000000
7.000000
1.000000
2.000000
1.000000
5.000000
11.000000
7.000000
13.000000
13.000000
7.000000
2.000000
8.000000
11.000000
8.000000
-6.000000
-6.000000
-3.000000
0.000000
-4.000000
-3.000000
-1.000000
-6.000000
-5.000000
-1.000000
5.000000
12.000000
8.000000
-5.000000
5.000000
1.000000
-15.000000
-22.000000
-15.000000
0.000000
-6.000000
-6.000000
5.000000
-1.000000
-5.000000
0.000000
-8.000000
-7.000000
-5.000000
2.000000
-4.000000
-12.000000
-13.000000
-7.000000
4.000000
-7.000000
-12.000000
-16.000000
-7.000000
-4.000000
4.000000
-10.000000
-5.000000
4.000000
-10.000000
-2.000000
-15.000000
-8.000000
-17.000000
-17.000000
-20.000000
-21.000000
-7.000000
-10.000000
1.000000
-12.000000
-5.000000
-1.000000
4.000000
3.000000
-12.000000
-11.000000
-15.000000
-10.000000
-11.000000
-8.000000
-2.000000
0.000000
4.000000
-8.000000
0.000000
-4.000000
10.000000
13.000000
11.000000
8.000000
-9.000000
-1.000000
-5.000000
10.000000
11.000000
5.000000
2.000000
7.000000
12.000000
20.000000
19.000000
10.000000
7.000000
3.000000
11.000000
8.000000
4.000000
1.000000
4.000000
2.000000
-3.000000
-6.000000
-1.000000
3.000000
4.000000
8.000000
2.000000
11.000000
15.000000
5.000000
7.000000
4.000000
-8.000000
-4.000000
-4.000000
-8.000000
-2.000000
-5.000000
12.000000
3.000000
-3.000000
3.000000
8.000000
15.000000
3.000000
6.000000
6.000000
4.000000
-1.000000
-2.000000
-1.000000
9.000000
5.000000
-3.000000
8.000000
7.000000
17.000000
15.000000
12.000000
5.000000
-1.000000
6.000000
2.000000
-6.000000
-6.000000
-6.000000
-4.000000
0.000000
-2.000000
9.000000
-3.000000
1.000000
8.000000
2.000000
2.000000
-8.000000
-10.000000
-8.000000
-5.000000
-8.000000
1.000000
-5.000000
0.000000
0.000000
-1.000000
4.000000
-1.000000
5.000000
-1.000000
5.000000
5.000000
-8.000000
-4.000000
7.000000
9.000000
1.000000
-7.000000
-18.000000
-26.000000
-19.000000
-13.000000
-8.000000
-11.000000
-20.000000
-22.000000
-11.000000
-3.000000
-6.000000
-4.000000
-17.000000
-17.000000
-21.000000
-23.000000
0.000000
-3.000000
-4.000000
0.000000
-1.000000
7.000000
3.000000
1.000000
5.000000
0.000000
-2.000000
2.000000
-8.000000
-6.000000
-4.000000
-7.000000
9.000000
11.000000
9.000000
12.000000
10.000000
11.000000
8.000000
17.000000
6.000000
-3.000000
2.000000
8.000000
11.000000
8.000000
3.000000
9.000000
8.000000
7.000000
11.000000
7.000000
7.000000
5.000000
11.000000
2.000000
-1.000000
3.000000
-4.000000
-5.000000
-3.000000
3.000000
-3.000000
-4.000000
3.000000
2.000000
7.000000
13.000000
9.000000
2.000000
5.000000
9.000000
-2.000000
-4.000000
0.000000
3.000000
4.000000
0.000000
-5.000000
-10.000000
-13.000000
-14.000000
-7.000000
1.000000
0.000000
-2.000000
-9.000000
-14.000000
-5.000000
-16.000000
-20.000000
-11.000000
-19.000000
-20.000000
-10.000000
-6.000000
-8.000000
-8.000000
-20.000000
-22.000000
-10.000000
-11.000000
-13.000000
-5.000000
-5.000000
-13.000000
-2.000000
3.000000
0.000000
-5.000000
10.000000
8.000000
6.000000
14.000000
11.000000
15.000000
11.000000
22.000000
19.000000
5.000000
8.000000
0.000000
0.000000
4.000000
-4.000000
-6.000000
3.000000
10.000000
9.000000
4.000000
16.000000
9.000000
6.000000
15.000000
10.000000
13.000000
8.000000
13.000000
16.000000
18.000000
23.000000
8.000000
3.000000
19.000000
13.000000
14.000000
24.000000
6.000000
7.000000
5.000000
9.000000
-5.000000
3.000000
8.000000
-8.000000
-18.000000
-9.000000
-1.000000
-5.000000
4.000000
10.000000
3.000000
-7.000000
-6.000000
-5.000000
-15.000000
-17.000000
-6.000000
-14.000000
-16.000000
-15.000000
-16.000000
-7.000000
-14.000000
-19.000000
-11.000000
-13.000000
-17.000000
-15.000000
-17.000000
-15.000000
-15.000000
-12.000000
-8.000000
-3.000000
-11.000000
-16.000000
-13.000000
-15.000000
-20.000000
-10.000000
-3.000000
-2.000000
5.000000
0.000000
8.000000
3.000000
10.000000
2.000000
4.000000
6.000000
-2.000000
3.000000
2.000000
4.000000
6.000000
13.000000
14.000000
2.000000
-1.000000
13.000000
5.000000
6.000000
14.000000
11.000000
20.000000
9.000000
6.000000
11.000000
13.000000
33.000000
26.000000
16.000000
20.000000
18.000000
13.000000
24.000000
12.000000
10.000000
13.000000
15.000000
32.000000
18.000000
15.000000
17.000000
16.000000
12.000000
12.000000
9.000000
7.000000
-1.000000
7.000000
3.000000
-6.000000
11.000000
2.000000
-11.000000
-15.000000
-13.000000
-21.000000
-8.000000
-11.000000
-17.000000
-8.000000
-19.000000
-14.000000
-18.000000
-16.000000
-10.000000
-24.000000
-24.000000
-19.000000
-19.000000
-16.000000
-24.000000
-19.000000
-18.000000
-28.000000
-13.000000
-6.000000
-13.000000
-15.000000
-10.000000
-19.000000
-22.000000
-11.000000
-15.000000
-13.000000
-6.000000
-4.000000
-9.000000
-10.000000
-7.000000
-3.000000
1.000000
-2.000000
-2.000000
-2.000000
-16.000000
-8.000000
-15.000000
-13.000000
-6.000000
-13.000000
-1.000000
-1.000000
-13.000000
-4.000000
4.000000
5.000000
21.000000
18.000000
8.000000
5.000000
9.000000
20.000000
19.000000
12.000000
19.000000
16.000000
11.000000
11.000000
19.000000
26.000000
29.000000
23.000000
17.000000
21.000000
23.000000
21.000000
17.000000
19.000000
13.000000
19.000000
27.000000
11.000000
19.000000
31.000000
14.000000
8.000000
-8.000000
-8.000000
-2.000000
3.000000
3.000000
-15.000000
-10.000000
-16.000000
-1.000000
2.000000
-4.000000
-9.000000
-14.000000
-4.000000
5.000000
4.000000
1.000000
1.000000
-7.000000
1.000000
-17.000000
-14.000000
-15.000000
-21.000000
0.000000
-2.000000
-12.000000
-12.000000
1.000000
0.000000
-13.000000
-6.000000
-10.000000
-27.000000
-18.000000
-12.000000
-10.000000
-4.000000
-11.000000
-16.000000
-13.000000
-8.000000
6.000000
-3.000000
-5.000000
-13.000000
-5.000000
5.000000
-1.000000
-3.000000
-3.000000
9.000000
5.000000
5.000000
5.000000
6.000000
2.000000
10.000000
15.000000
6.000000
9.000000
-6.000000
-1.000000
2.000000
-5.000000
-7.000000
-13.000000
-5.000000
4.000000
6.000000
-3.000000
-2.000000
4.000000
-1.000000
2.000000
-6.000000
-7.000000
3.000000
4.000000
7.000000
6.000000
10.000000
5.000000
0.000000
1.000000
1.000000
6.000000
-2.000000
-11.000000
-13.000000
-9.000000
-6.000000
-8.000000
-10.000000
-7.000000
-7.000000
-7.000000
-5.000000
1.000000
-3.000000
-4.000000
-8.000000
-15.000000
-7.000000
2.000000
-2.000000
-5.000000
-1.000000
1.000000
-1.000000
-8.000000
-9.000000
1.000000
5.000000
5.000000
9.000000
4.000000
2.000000
4.000000
-1.000000
-6.000000
-3.000000
-4.000000
-4.000000
-2.000000
-9.000000
4.000000
7.000000
-8.000000
-2.000000
-8.000000
-5.000000
8.000000
13.000000
12.000000
-1.000000
0.000000
4.000000
-1.000000
9.000000
7.000000
0.000000
-2.000000
4.000000
7.000000
6.000000
5.000000
7.000000
12.000000
12.000000
-4.000000
-2.000000
4.000000
14.000000
19.000000
10.000000
3.000000
2.000000
10.000000
-5.000000
-7.000000
1.000000
-4.000000
-6.000000
1.000000
1.000000
-11.000000
-8.000000
-10.000000
-9.000000
-12.000000
-5.000000
-6.000000
-15.000000
1.000000
-2.000000
-1.000000
-6.000000
-15.000000
-8.000000
-6.000000
-5.000000
-9.000000
-6.000000
-8.000000
-7.000000
-10.000000
-10.000000
-2.000000
-4.000000
-3.000000
4.000000
6.000000
3.000000
6.000000
-2.000000
1.000000
5.000000
9.000000
2.000000
-9.000000
5.000000
11.000000
-6.000000
-8.000000
-12.000000
-12.000000
-6.000000
3.000000
7.000000
-2.000000
3.000000
-8.000000
-5.000000
-4.000000
-8.000000
-6.000000
-2.000000
4.000000
3.000000
-1.000000
-4.000000
-3.000000
-1.000000
1.000000
-1.000000
0.000000
7.000000
8.000000
17.000000
7.000000
5.000000
9.000000
9.000000
4.000000
5.000000
5.000000
11.000000
1.000000
-7.000000
7.000000
-3.000000
4.000000
4.000000
4.000000
1.000000
1.000000
1.000000
-6.000000
-4.000000
-2.000000
-1.000000
-11.000000
-11.000000
-5.000000
-3.000000
-6.000000
-6.000000
-12.000000
-2.000000
5.000000
-8.000000
-4.000000
5.000000
-3.000000
-12.000000
-7.000000
-2.000000
-2.000000
-8.000000
-11.000000
-19.000000
-14.000000
-4.000000
4.000000
9.000000
2.000000
-3.000000
-13.000000
-6.000000
-4.000000
-7.000000
-5.000000
-2.000000
-2.000000
-1.000000
1.000000
5.000000
-1.000000
-9.000000
-11.000000
-9.000000
2.000000
8.000000
6.000000
-1.000000
-2.000000
-3.000000
-5.000000
3.000000
3.000000
2.000000
9.000000
-3.000000
-5.000000
8.000000
12.000000
13.000000
9.000000
3.000000
3.000000
6.000000
4.000000
1.000000
17.000000
10.000000
5.000000
21.000000
12.000000
12.000000
11.000000
8.000000
10.000000
3.000000
9.000000
1.000000
-1.000000
-2.000000
4.000000
8.000000
0.000000
-3.000000
-2.000000
3.000000
11.000000
12.000000
1.000000
1.000000
9.000000
-3.000000
-11.000000
-2.000000
2.000000
2.000000
5.000000
0.000000
4.000000
10.000000
3.000000
-1.000000
0.000000
-4.000000
2.000000
-4.000000
-2.000000
-2.000000
-1.000000
3.000000
-5.000000
6.000000
-10.000000
-10.000000
-1.000000
-3.000000
3.000000
-3.000000
-1.000000
1.000000
-6.000000
-16.000000
-10.000000
-20.000000
-13.000000
-16.000000
-6.000000
-7.000000
-13.000000
-10.000000
-16.000000
-4.000000
-2.000000
4.000000
-2.000000
10.000000
9.000000
11.000000
4.000000
-8.000000
-8.000000
-2.000000
-2.000000
-9.000000
5.000000
11.000000
7.000000
6.000000
-8.000000
-6.000000
2.000000
-14.000000
3.000000
-2.000000
-2.000000
8.000000
6.000000
17.000000
16.000000
15.000000
15.000000
8.000000
9.000000
11.000000
9.000000
7.000000
7.000000
8.000000
12.000000
16.000000
2.000000
2.000000
4.000000
6.000000
7.000000
6.000000
18.000000
11.000000
3.000000
5.000000
5.000000
-2.000000
-3.000000
3.000000
8.000000
6.000000
-3.000000
-2.000000
-7.000000
4.000000
3.000000
-1.000000
12.000000
8.000000
8.000000
11.000000
9.000000
9.000000
1.000000
4.000000
10.000000
1.000000
2.000000
14.000000
2.000000
-7.000000
1.000000
14.000000
12.000000
3.000000
-12.000000
-6.000000
-6.000000
-9.000000
4.000000
-2.000000
-19.000000
-25.000000
-8.000000
-1.000000
-2.000000
1.000000
4.000000
1.000000
0.000000
7.000000
17.000000
12.000000
10.000000
-5.000000
-1.000000
5.000000
-1.000000
7.000000
-1.000000
-3.000000
-8.000000
-8.000000
8.000000
4.000000
9.000000
1.000000
12.000000
13.000000
8.000000
6.000000
1.000000
1.000000
0.000000
6.000000
11.000000
-8.000000
-10.000000
3.000000
10.000000
14.000000
3.000000
16.000000
12.000000
3.000000
29.000000
29.000000
26.000000
12.000000
10.000000
30.000000
21.000000
12.000000
27.000000
28.000000
19.000000
7.000000
3.000000
-4.000000
6.000000
5.000000
5.000000
-2.000000
-17.000000
-11.000000
-6.000000
-4.000000
-13.000000
-17.000000
-15.000000
-21.000000
5.000000
5.000000
-15.000000
-20.000000
-13.000000
-9.000000
-11.000000
-16.000000
-6.000000
-1.000000
0.000000
-2.000000
-5.000000
-13.000000
-15.000000
-4.000000
12.000000
4.000000
-20.000000
-26.000000
-16.000000
-10.000000
-12.000000
-11.000000
-24.000000
-32.000000
-21.000000
-1.000000
-22.000000
-31.000000
-14.000000
11.000000
5.000000
-9.000000
-8.000000
-20.000000
-13.000000
21.000000
45.000000
11.000000
-11.000000
8.000000
33.000000
40.000000
38.000000
51.000000
32.000000
20.000000
41.000000
57.000000
48.000000
24.000000
24.000000
39.000000
30.000000
21.000000
20.000000
13.000000
13.000000
13.000000
12.000000
3.000000
-10.000000
-25.000000
-7.000000
-8.000000
-26.000000
-17.000000
-21.000000
-17.000000
-35.000000
-24.000000
-11.000000
-7.000000
-11.000000
-22.000000
-28.000000
-31.000000
-32.000000
0.000000
12.000000
-10.000000
-41.000000
-42.000000
-19.000000
-27.000000
-27.000000
-29.000000
-50.000000
-66.000000
-54.000000
-30.000000
-33.000000
-62.000000
-77.000000
-63.000000
-58.000000
-60.000000
-55.000000
-44.000000
-45.000000
-45.000000
-43.000000
-26.000000
-39.000000
-29.000000
-4.000000
21.000000
15.000000
-10.000000
4.000000
19.000000
40.000000
59.000000
56.000000
32.000000
14.000000
32.000000
66.000000
54.000000
38.000000
20.000000
26.000000
29.000000
27.000000
36.000000
40.000000
20.000000
25.000000
36.000000
33.000000
27.000000
6.000000
34.000000
34.000000
38.000000
49.000000
61.000000
33.000000
25.000000
63.000000
67.000000
50.000000
31.000000
67.000000
48.000000
41.000000
49.000000
70.000000
38.000000
43.000000
47.000000
46.000000
23.000000
25.000000
45.000000
3.000000
7.000000
-11.000000
12.000000
-14.000000
-18.000000
-31.000000
-35.000000
-42.000000
-51.000000
-46.000000
-68.000000
-44.000000
-97.000000
-70.000000
-70.000000
-66.000000
-116.000000
-69.000000
-47.000000
-86.000000
-131.000000
-121.000000
-68.000000
-89.000000
-35.000000
-69.000000
-98.000000
-313.000000
-116.000000
25.000000
-16.000000
-81.000000
-207.000000
-185.000000
-200.000000
33.000000
91.000000
-1.000000
-230.000000
-118.000000
29.000000
116.000000
65.000000
57.000000
-17.000000
-56.000000
164.000000
230.000000
214.000000
17.000000
154.000000
230.000000
250.000000
287.000000
215.000000
177.000000
124.000000
293.000000
341.000000
246.000000
89.000000
166.000000
127.000000
207.000000
188.000000
170.000000
-22.000000
-69.000000
18.000000
-38.000000
19.000000
-145.000000
-145.000000
-256.000000
-268.000000
-268.000000
-220.000000
-315.000000
-330.000000
-360.000000
-396.000000
-337.000000
-382.000000
-330.000000
-356.000000
-195.000000
-473.000000
-184.000000
-268.000000
-268.000000
-272.000000
-138.000000
21.000000
-129.000000
-62.000000
-129.000000
1.000000
-270.000000
364.000000
611.000000
2.000000
-389.000000
58.000000
398.000000
439.000000
618.000000
451.000000
-39.000000
-426.000000
559.000000
1225.000000
747.000000
-193.000000
210.000000
415.000000
413.000000
846.000000
927.000000
231.000000
-256.000000
648.000000
1328.000000
749.000000
-171.000000
252.000000
579.000000
731.000000
827.000000
725.000000
-122.000000
-503.000000
497.000000
1042.000000
548.000000
-348.000000
-388.000000
-322.000000
-113.000000
92.000000
126.000000
-657.000000
-1044.000000
-711.000000
-458.000000
-617.000000
-904.000000
-805.000000
-1118.000000
-1043.000000
-995.000000
-950.000000
-1107.000000
-1081.000000
-975.000000
-928.000000
-979.000000
-1147.000000
-792.000000
-919.000000
-621.000000
-767.000000
-648.000000
-618.000000
-518.000000
-462.000000
-761.000000
-101.000000
-149.000000
-245.000000
-253.000000
-213.000000
-390.000000
-172.000000
242.000000
398.000000
-138.000000
-366.000000
104.000000
260.000000
289.000000
293.000000
647.000000
101.000000
185.000000
519.000000
958.000000
798.000000
676.000000
1157.000000
1063.000000
814.000000
1486.000000
1772.000000
1565.000000
1775.000000
1545.000000
1694.000000
1706.000000
2658.000000
2365.000000
2353.000000
874.000000
1230.000000
2637.000000
2424.000000
2659.000000
1250.000000
355.000000
190.000000
1945.000000
2125.000000
1230.000000
-669.000000
-862.000000
-382.000000
458.000000
15.000000
-826.000000
-1724.000000
-2480.000000
-1115.000000
-1161.000000
-1517.000000
-2863.000000
-2812.000000
-2326.000000
-1897.000000
-1978.000000
-2555.000000
-3207.000000
-2802.000000
-1978.000000
-1552.000000
-1816.000000
-2655.000000
-2134.000000
-1892.000000
-916.000000
-907.000000
-1044.000000
-1149.000000
-892.000000
-487.000000
-231.000000
-68.000000
284.000000
310.000000
139.000000
180.000000
277.000000
873.000000
826.000000
1156.000000
592.000000
320.000000
641.000000
906.000000
900.000000
915.000000
725.000000
421.000000
255.000000
405.000000
625.000000
277.000000
389.000000
100.000000
291.000000
-167.000000
-170.000000
142.000000
54.000000
181.000000
232.000000
-112.000000
-316.000000
-68.000000
325.000000
762.000000
487.000000
440.000000
171.000000
587.000000
1085.000000
1408.000000
1206.000000
1486.000000
1786.000000
1367.000000
1723.000000
2085.000000
2516.000000
1978.000000
2887.000000
2492.000000
2560.000000
1242.000000
1666.000000
3517.000000
2646.000000
2632.000000
1439.000000
893.000000
77.000000
1630.000000
2418.000000
1413.000000
-880.000000
-1293.000000
-863.000000
-413.000000
-831.000000
-1319.000000
-1836.000000
-3540.000000
-2561.000000
-2618.000000
-2759.000000
-3914.000000
-3736.000000
-3320.000000
-3539.000000
-3618.000000
-3877.000000
-4305.000000
-3929.000000
-2838.000000
-2450.000000
-2668.000000
-3841.000000
-2800.000000
-2199.000000
-1222.000000
-820.000000
-1013.000000
-1221.000000
-1028.000000
-65.000000
508.000000
625.000000
901.000000
1057.000000
1032.000000
1011.000000
938.000000
1924.000000
1953.000000
2170.000000
1635.000000
1154.000000
1335.000000
1649.000000
1957.000000
1844.000000
1490.000000
900.000000
465.000000
585.000000
1206.000000
966.000000
726.000000
-67.000000
-11.000000
-234.000000
-214.000000
112.000000
122.000000
-257.000000
-435.000000
-301.000000
-424.000000
-615.000000
-226.000000
445.000000
432.000000
-94.000000
-339.000000
363.000000
189.000000
1252.000000
1783.000000
1456.000000
760.000000
1367.000000
1892.000000
2403.000000
2541.000000
2718.000000
2747.000000
2445.000000
3106.000000
3323.000000
2417.000000
1161.000000
4335.000000
3825.000000
3350.000000
1627.000000
1010.000000
992.000000
2031.000000
3560.000000
2253.000000
-471.000000
-2452.000000
-555.000000
330.000000
-49.000000
-1764.000000
-2142.000000
-4280.000000
-3562.000000
-2583.000000
-2849.000000
-4101.000000
-5116.000000
-4161.000000
-4378.000000
-4084.000000
-4642.000000
-4835.000000
-4795.000000
-3624.000000
-3105.000000
-3248.000000
-4593.000000
-3680.000000
-2336.000000
-1553.000000
-990.000000
-1705.000000
-1639.000000
-1395.000000
166.000000
667.000000
668.000000
646.000000
894.000000
983.000000
1054.000000
1190.000000
1963.000000
2140.000000
1959.000000
1697.000000
847.000000
1321.000000
1580.000000
2189.000000
1609.000000
1180.000000
872.000000
325.000000
180.000000
42.000000
1442.000000
635.000000
-195.000000
-401.000000
-864.000000
-950.000000
-204.000000
575.000000
429.000000
-708.000000
-1443.000000
-664.000000
-182.000000
171.000000
735.000000
777.000000
-539.000000
-676.000000
512.000000
1127.000000
1805.000000
1813.000000
1532.000000
1455.000000
1451.000000
2668.000000
2840.000000
3412.000000
3670.000000
3038.000000
2966.000000
3929.000000
3954.000000
3746.000000
2216.000000
3737.000000
5007.000000
3615.000000
3488.000000
1609.000000
1503.000000
1419.000000
3880.000000
3441.000000
535.000000
-1801.000000
-1551.000000
-84.000000
253.000000
-988.000000
-2281.000000
-4037.000000
-5106.000000
-3039.000000
-3200.000000
-3534.000000
-5524.000000
-5623.000000
-5167.000000
-5099.000000
-4506.000000
-5242.000000
-5660.000000
-4963.000000
-4011.000000
-3768.000000
-4418.000000
-4750.000000
-3064.000000
-2312.000000
-1175.000000
-1819.000000
-2315.000000
-1750.000000
-553.000000
1041.000000
815.000000
449.000000
414.000000
810.000000
1395.000000
1619.000000
1796.000000
2300.000000
1988.000000
2133.000000
1171.000000
1321.000000
1905.000000
2413.000000
2237.000000
1681.000000
845.000000
212.000000
437.000000
700.000000
2252.000000
568.000000
-127.000000
-918.000000
-397.000000
-225.000000
283.000000
764.000000
-317.000000
-1032.000000
-1034.000000
-136.000000
175.000000
37.000000
2.000000
394.000000
-538.000000
-35.000000
218.000000
993.000000
1270.000000
1412.000000
1850.000000
1147.000000
1542.000000
2427.000000
2425.000000
3839.000000
3299.000000
3300.000000
3032.000000
3554.000000
4306.000000
3736.000000
3605.000000
2057.000000
5087.000000
4171.000000
3823.000000
2495.000000
1472.000000
1449.000000
3146.000000
3718.000000
1748.000000
-647.000000
-2297.000000
-108.000000
97.000000
128.000000
-2926.000000
-3525.000000
-4984.000000
-3909.000000
-2891.000000
-3776.000000
-5284.000000
-6704.000000
-5812.000000
-5266.000000
-4531.000000
-5440.000000
-6089.000000
-6475.000000
-4662.000000
-4149.000000
-3809.000000
-4860.000000
-4527.000000
-2988.000000
-2050.000000
-1122.000000
-2125.000000
-2086.000000
-1120.000000
580.000000
1218.000000
741.000000
274.000000
928.000000
1492.000000
2274.000000
1904.000000
2130.000000
2204.000000
2192.000000
2234.000000
1508.000000
2001.000000
2273.000000
2396.000000
1949.000000
1369.000000
681.000000
-108.000000
1087.000000
1868.000000
1013.000000
116.000000
-922.000000
-976.000000
-519.000000
712.000000
1031.000000
-331.000000
-1508.000000
-1285.000000
-230.000000
512.000000
440.000000
240.000000
-431.000000
-735.000000
479.000000
883.000000
1137.000000
604.000000
1247.000000
2139.000000
1875.000000
2014.000000
2301.000000
3207.000000
3035.000000
3662.000000
4741.000000
4112.000000
2583.000000
5186.000000
4646.000000
4658.000000
2256.000000
3479.000000
6311.000000
3729.000000
4294.000000
2028.000000
2096.000000
1270.000000
3642.000000
4042.000000
1096.000000
-2140.000000
-1041.000000
-63.000000
2.000000
-1786.000000
-3401.000000
-3786.000000
-5800.000000
-2982.000000
-4001.000000
-4976.000000
-7084.000000
-6869.000000
-5595.000000
-5754.000000
-5348.000000
-6347.000000
-7740.000000
-6771.000000
-4867.000000
-4102.000000
-4423.000000
-6353.000000
-4608.000000
-3785.000000
-1783.000000
-1550.000000
-2815.000000
-2380.000000
-1444.000000
785.000000
802.000000
22.000000
302.000000
732.000000
1752.000000
2117.000000
1407.000000
2149.000000
1796.000000
2589.000000
2135.000000
1733.000000
2108.000000
2231.000000
2241.000000
1593.000000
1573.000000
920.000000
1076.000000
1314.000000
1300.000000
920.000000
218.000000
-561.000000
578.000000
669.000000
392.000000
326.000000
-312.000000
-311.000000
-65.000000
651.000000
735.000000
117.000000
-386.000000
514.000000
1172.000000
1082.000000
446.000000
1224.000000
1261.000000
1734.000000
2826.000000
2859.000000
2265.000000
2511.000000
3335.000000
4081.000000
4242.000000
4023.000000
4584.000000
4295.000000
4932.000000
4238.000000
4983.000000
1263.000000
4566.000000
6771.000000
4537.000000
3582.000000
1045.000000
1658.000000
1768.000000
4275.000000
3305.000000
914.000000
-2838.000000
-1808.000000
-409.000000
-90.000000
-2865.000000
-3493.000000
-4269.000000
-6008.000000
-4066.000000
-5025.000000
-5446.000000
-7675.000000
-6572.000000
-6122.000000
-6287.000000
-6590.000000
-7438.000000
-7637.000000
-6340.000000
-5008.000000
-4363.000000
-5468.000000
-6947.000000
-4649.000000
-3278.000000
-1128.000000
-2004.000000
-3052.000000
-2869.000000
-1319.000000
1196.000000
1363.000000
448.000000
160.000000
763.000000
1937.000000
2031.000000
2058.000000
2538.000000
2250.000000
2988.000000
1947.000000
1854.000000
1775.000000
2187.000000
2413.000000
2638.000000
1704.000000
586.000000
171.000000
1007.000000
1753.000000
1493.000000
850.000000
-456.000000
-233.000000
-526.000000
957.000000
1208.000000
417.000000
-680.000000
-353.000000
247.000000
687.000000
818.000000
753.000000
968.000000
939.000000
1236.000000
1758.000000
1689.000000
1926.000000
3104.000000
3441.000000
3464.000000
3015.000000
3606.000000
3763.000000
4169.000000
5291.000000
5324.000000
4664.000000
4522.000000
4430.000000
3542.000000
1203.000000
6702.000000
6778.000000
4030.000000
2334.000000
189.000000
1737.000000
2366.000000
4850.000000
2906.000000
-490.000000
-3635.000000
-1652.000000
-358.000000
-562.000000
-3179.000000
-3119.000000
-5551.000000
-6360.000000
-4386.000000
-5322.000000
-5555.000000
-7939.000000
-6437.000000
-6866.000000
-6888.000000
-6855.000000
-7753.000000
-7829.000000
-5949.000000
-4873.000000
-4464.000000
-6553.000000
-6932.000000
-4441.000000
-2773.000000
-317.000000
-2285.000000
-3330.000000
-3493.000000
-918.000000
2119.000000
1839.000000
670.000000
-121.000000
387.000000
1928.000000
2362.000000
2702.000000
2729.000000
2384.000000
2807.000000
942.000000
1399.000000
1930.000000
3024.000000
2786.000000
2237.000000
990.000000
-458.000000
-104.000000
1676.000000
2888.000000
1378.000000
-184.000000
-1180.000000
-406.000000
-240.000000
1875.000000
1883.000000
232.000000
-1504.000000
-682.000000
1434.000000
1741.000000
1129.000000
735.000000
1424.000000
1171.000000
2204.000000
2126.000000
2532.000000
2903.000000
3875.000000
3759.000000
4068.000000
3697.000000
3383.000000
5052.000000
5035.000000
5695.000000
5101.000000
5139.000000
3950.000000
4453.000000
632.000000
4922.000000
8292.000000
4457.000000
3022.000000
-18.000000
769.000000
1409.000000
5319.000000
3794.000000
358.000000
-3686.000000
-2922.000000
-917.000000
-124.000000
-2223.000000
-3519.000000
-4830.000000
-7676.000000
-5053.000000
-5154.000000
-5127.000000
-7645.000000
-7129.000000
-7695.000000
-7671.000000
-6601.000000
-7346.000000
-8248.000000
-7523.000000
-5641.000000
-4603.000000
-5594.000000
-7761.000000
-5417.000000
-4051.000000
-1209.000000
-1198.000000
-2901.000000
-3888.000000
-2616.000000
1122.000000
2463.000000
1585.000000
-168.000000
-159.000000
1281.000000
2606.000000
2917.000000
3440.000000
2473.000000
2628.000000
1073.000000
1524.000000
3596.000000
2332.000000
2533.000000
2658.000000
1970.000000
102.000000
-126.000000
1863.000000
2575.000000
1651.000000
276.000000
-22.000000
-530.000000
-1097.000000
1284.000000
2788.000000
512.000000
-860.000000
-1160.000000
688.000000
1540.000000
1281.000000
1768.000000
903.000000
1210.000000
1861.000000
2542.000000
2991.000000
3028.000000
3954.000000
3966.000000
4142.000000
4660.000000
4291.000000
4284.000000
6092.000000
6278.000000
6086.000000
4523.000000
4688.000000
1269.000000
3344.000000
9270.000000
5527.000000
4522.000000
20.000000
249.000000
1785.000000
4401.000000
4738.000000
1425.000000
-2868.000000
-3460.000000
-814.000000
-352.000000
-2241.000000
-3899.000000
-3293.000000
-7187.000000
-5504.000000
-5978.000000
-6028.000000
-7113.000000
-7414.000000
-6518.000000
-8156.000000
-7697.000000
-7916.000000
-8323.000000
-7672.000000
-6093.000000
-4880.000000
-5539.000000
-8428.000000
-6117.000000
-4220.000000
-1688.000000
-1063.000000
-3315.000000
-3342.000000
-3256.000000
291.000000
2009.000000
1506.000000
693.000000
-40.000000
1075.000000
2126.000000
2436.000000
3561.000000
2721.000000
2561.000000
1309.000000
1501.000000
3237.000000
2089.000000
2226.000000
2618.000000
2070.000000
450.000000
-479.000000
1215.000000
2597.000000
1270.000000
456.000000
-56.000000
56.000000
-1217.000000
360.000000
2171.000000
855.000000
-206.000000
-608.000000
342.000000
787.000000
1358.000000
1949.000000
2100.000000
1900.000000
1667.000000
2295.000000
3571.000000
3492.000000
4530.000000
4965.000000
4857.000000
4658.000000
4730.000000
4855.000000
6952.000000
7510.000000
5638.000000
5384.000000
3732.000000
654.000000
6541.000000
8808.000000
4975.000000
3632.000000
36.000000
413.000000
1802.000000
5222.000000
3773.000000
403.000000
-3606.000000
-3168.000000
-678.000000
-1222.000000
-3825.000000
-3485.000000
-4641.000000
-7051.000000
-5536.000000
-6918.000000
-7085.000000
-8154.000000
-6358.000000
-7314.000000
-8287.000000
-8203.000000
-9015.000000
-8442.000000
-7304.000000
-5645.000000
-4369.000000
-6872.000000
-8287.000000
-5955.000000
-3838.000000
-304.000000
-1429.000000
-3342.000000
-4184.000000
-2416.000000
1309.000000
2174.000000
1798.000000
92.000000
116.000000
1498.000000
2273.000000
3158.000000
2799.000000
2285.000000
2232.000000
1604.000000
2935.000000
2458.000000
1148.000000
2081.000000
2585.000000
2322.000000
722.000000
-98.000000
747.000000
1344.000000
1292.000000
1237.000000
536.000000
-828.000000
-1441.000000
858.000000
2207.000000
960.000000
308.000000
-655.000000
344.000000
989.000000
2040.000000
2733.000000
2575.000000
2055.000000
2423.000000
3173.000000
4550.000000
4033.000000
4860.000000
6287.000000
5267.000000
5345.000000
5459.000000
5643.000000
6721.000000
8370.000000
5720.000000
3554.000000
459.000000
8217.000000
7527.000000
5273.000000
3417.000000
815.000000
1746.000000
1351.000000
5321.000000
2743.000000
29.000000
-3639.000000
-1167.000000
-1331.000000
-1514.000000
-4208.000000
-3755.000000
-6046.000000
-6718.000000
-4507.000000
-6935.000000
-7347.000000
-10015.000000
-7265.000000
-7699.000000
-7242.000000
-7815.000000
-9747.000000
-10225.000000
-8056.000000
-5524.000000
-4500.000000
-6655.000000
-8329.000000
-6452.000000
-4978.000000
-431.000000
-1530.000000
-2775.000000
-4289.000000
-2451.000000
1351.000000
2010.000000
1609.000000
244.000000
248.000000
2003.000000
2818.000000
2556.000000
3047.000000
1895.000000
2747.000000
2630.000000
3346.000000
1317.000000
918.000000
2664.000000
3274.000000
2550.000000
288.000000
-80.000000
847.000000
1097.000000
1272.000000
1722.000000
277.000000
-1310.000000
-1490.000000
1121.000000
1848.000000
1003.000000
-86.000000
-733.000000
501.000000
1485.000000
1951.000000
2354.000000
2107.000000
2736.000000
2647.000000
4043.000000
4425.000000
4190.000000
5375.000000
6188.000000
6363.000000
4628.000000
6267.000000
5992.000000
7968.000000
6929.000000
6198.000000
1016.000000
4257.000000
9802.000000
5381.000000
5359.000000
819.000000
2147.000000
1736.000000
4419.000000
3366.000000
1519.000000
-2256.000000
-2779.000000
-516.000000
-1288.000000
-3174.000000
-4875.000000
-4058.000000
-7807.000000
-4919.000000
-6467.000000
-6765.000000
-9131.000000
-9308.000000
-7813.000000
-7974.000000
-7172.000000
-9087.000000
-9995.000000
-9938.000000
-6935.000000
-5127.000000
-5085.000000
-8341.000000
-6996.000000
-6030.000000
-2458.000000
-444.000000
-2517.000000
-3136.000000
-3630.000000
74.000000
1880.000000
2290.000000
857.000000
321.000000
1356.000000
2770.000000
2791.000000
3759.000000
2298.000000
2435.000000
2783.000000
3249.000000
3025.000000
726.000000
1724.000000
3020.000000
3412.000000
1153.000000
-20.000000
198.000000
1146.000000
897.000000
1486.000000
786.000000
-350.000000
-2214.000000
-421.000000
1745.000000
1450.000000
528.000000
-1112.000000
-502.000000
1103.000000
2152.000000
2538.000000
2561.000000
2044.000000
2646.000000
3407.000000
5249.000000
4712.000000
5444.000000
5599.000000
6403.000000
6537.000000
6576.000000
7134.000000
6409.000000
7593.000000
1563.000000
4496.000000
10983.000000
6590.000000
4301.000000
1796.000000
1957.000000
3530.000000
5335.000000
4628.000000
1100.000000
-2133.000000
-1900.000000
300.000000
118.000000
-3127.000000
-4458.000000
-3657.000000
-7177.000000
-5518.000000
-6020.000000
-6725.000000
-7984.000000
-8691.000000
-8321.000000
-9668.000000
-7743.000000
-7740.000000
-9697.000000
-10155.000000
-8779.000000
-6349.000000
-5688.000000
-8339.000000
-6636.000000
-6567.000000
-4239.000000
-1884.000000
-2748.000000
-2980.000000
-3786.000000
-762.000000
1384.000000
1731.000000
1105.000000
191.000000
1079.000000
2386.000000
2964.000000
4762.000000
2128.000000
2522.000000
2579.000000
2764.000000
5135.000000
2308.000000
1233.000000
1568.000000
3722.000000
2484.000000
438.000000
568.000000
1173.000000
970.000000
810.000000
312.000000
439.000000
-1057.000000
-1195.000000
1099.000000
644.000000
493.000000
-870.000000
-509.000000
333.000000
1245.000000
2654.000000
1841.000000
1750.000000
2099.000000
3386.000000
4502.000000
5670.000000
4484.000000
5135.000000
5467.000000
6371.000000
8335.000000
6207.000000
7021.000000
8153.000000
3601.000000
929.000000
11527.000000
8830.000000
5248.000000
3198.000000
1649.000000
3304.000000
4554.000000
6612.000000
2443.000000
14.000000
-3237.000000
550.000000
412.000000
-2300.000000
-4589.000000
-2439.000000
-5844.000000
-6868.000000
-5759.000000
-7472.000000
-7512.000000
-8880.000000
-7151.000000
-10431.000000
-8809.000000
-8198.000000
-9166.000000
-10378.000000
-9777.000000
-6773.000000
-5828.000000
-8382.000000
-8277.000000
-6424.000000
-5368.000000
-1916.000000
-3095.000000
-2895.000000
-4103.000000
-2059.000000
670.000000
1746.000000
1849.000000
481.000000
883.000000
1629.000000
2775.000000
3914.000000
4250.000000
2425.000000
2603.000000
1926.000000
4960.000000
3812.000000
1316.000000
1824.000000
3519.000000
3620.000000
630.000000
-118.000000
868.000000
1894.000000
902.000000
624.000000
2.000000
-823.000000
-1997.000000
808.000000
1036.000000
267.000000
-483.000000
-1286.000000
-37.000000
573.000000
1884.000000
2768.000000
2038.000000
1049.000000
2837.000000
4053.000000
4675.000000
5304.000000
6073.000000
5017.000000
6342.000000
7212.000000
7105.000000
6732.000000
6938.000000
2483.000000
5976.000000
11521.000000
5983.000000
6081.000000
2243.000000
2417.000000
3886.000000
7486.000000
5977.000000
1596.000000
-2152.000000
-1960.000000
2276.000000
1143.000000
-2438.000000
-4833.000000
-3475.000000
-7124.000000
-4304.000000
-5920.000000
-7284.000000
-8222.000000
-8351.000000
-8349.000000
-10153.000000
-8167.000000
-8235.000000
-9050.000000
-10774.000000
-9292.000000
-6969.000000
-5952.000000
-8802.000000
-7377.000000
-7120.000000
-4224.000000
-2044.000000
-4066.000000
-3874.000000
-4185.000000
-417.000000
1114.000000
1410.000000
181.000000
-163.000000
861.000000
2676.000000
3301.000000
4362.000000
3518.000000
1470.000000
1403.000000
3802.000000
6193.000000
2872.000000
1473.000000
2147.000000
3460.000000
2703.000000
1215.000000
1317.000000
1695.000000
692.000000
924.000000
1315.000000
-104.000000
-1332.000000
-330.000000
1627.000000
598.000000
-495.000000
-910.000000
-311.000000
637.000000
941.000000
1866.000000
2367.000000
2004.000000
1324.000000
2394.000000
5014.000000
5744.000000
5200.000000
4231.000000
4755.000000
7313.000000
7745.000000
6042.000000
7636.000000
1223.000000
3573.000000
12197.000000
7587.000000
5839.000000
2810.000000
2678.000000
2723.000000
6229.000000
7498.000000
3754.000000
-1018.000000
-3065.000000
913.000000
2501.000000
-853.000000
-3899.000000
-3267.000000
-7257.000000
-4741.000000
-4583.000000
-6118.000000
-8739.000000
-8941.000000
-7077.000000
-9589.000000
-8444.000000
-8616.000000
-9420.000000
-10185.000000
-9747.000000
-7222.000000
-5789.000000
-8731.000000
-7904.000000
-7829.000000
-5176.000000
-1997.000000
-3176.000000
-3745.000000
-5667.000000
-2216.000000
989.000000
2346.000000
694.000000
-1074.000000
12.000000
2143.000000
2983.000000
3789.000000
4171.000000
2130.000000
1092.000000
2504.000000
5873.000000
3794.000000
1485.000000
1920.000000
4021.000000
3380.000000
769.000000
1161.000000
2581.000000
1486.000000
591.000000
1667.000000
1378.000000
-1188.000000
-1695.000000
1814.000000
2064.000000
535.000000
-1273.000000
-751.000000
643.000000
1585.000000
2158.000000
2270.000000
2212.000000
1649.000000
2038.000000
3766.000000
6455.000000
5378.000000
4895.000000
4291.000000
6638.000000
7163.000000
7088.000000
4401.000000
-1049.000000
10274.000000
9983.000000
6383.000000
4130.000000
1381.000000
2759.000000
4132.000000
8044.000000
6081.000000
2012.000000
-3508.000000
-1265.000000
1570.000000
2308.000000
-2342.000000
-1808.000000
-5818.000000
-7256.000000
-4087.000000
-5287.000000
-4972.000000
-9008.000000
-7964.000000
-9295.000000
-8418.000000
-7697.000000
-8552.000000
-10262.000000
-9784.000000
-8258.000000
-5948.000000
-7758.000000
-8771.000000
-6991.000000
-7529.000000
-2367.000000
-3164.000000
-3473.000000
-4981.000000
-4750.000000
-692.000000
1692.000000
2666.000000
-127.000000
-1632.000000
-244.000000
2194.000000
4365.000000
5163.000000
2704.000000
401.000000
295.000000
4885.000000
5961.000000
2642.000000
1509.000000
2623.000000
3657.000000
1931.000000
984.000000
2556.000000
2466.000000
798.000000
877.000000
1494.000000
598.000000
-1328.000000
850.000000
1585.000000
1029.000000
656.000000
-754.000000
-144.000000
896.000000
2531.000000
2996.000000
2447.000000
1586.000000
1883.000000
2803.000000
5120.000000
6935.000000
4371.000000
4522.000000
5931.000000
7301.000000
6512.000000
6400.000000
103.000000
3708.000000
12892.000000
6350.000000
5352.000000
1669.000000
1912.000000
2692.000000
6150.000000
7166.000000
3767.000000
-1079.000000
-4056.000000
279.000000
2131.000000
64.000000
-3286.000000
-3201.000000
-8589.000000
-5293.000000
-4357.000000
-4907.000000
-7581.000000
-9176.000000
-8412.000000
-9331.000000
-7077.000000
-8205.000000
-9076.000000
-10466.000000
-8973.000000
-7045.000000
-5867.000000
-8709.000000
-7383.000000
-7499.000000
-4789.000000
-1603.000000
-3463.000000
-3627.000000
-5343.000000
-2261.000000
855.000000
3079.000000
1625.000000
-1024.000000
-1208.000000
817.000000
3710.000000
5803.000000
4148.000000
1066.000000
-491.000000
2488.000000
6593.000000
4081.000000
1638.000000
2042.000000
2842.000000
1923.000000
1315.000000
2013.000000
2829.000000
1141.000000
55.000000
1139.000000
1344.000000
-833.000000
-180.000000
1764.000000
955.000000
859.000000
-96.000000
-254.000000
760.000000
1854.000000
2760.000000
3095.000000
2413.000000
1688.000000
2763.000000
3994.000000
6637.000000
6696.000000
3637.000000
5382.000000
7800.000000
5858.000000
7093.000000
3769.000000
31.000000
10324.000000
9475.000000
5421.000000
3268.000000
1230.000000
2275.000000
3873.000000
7651.000000
4609.000000
1249.000000
-3581.000000
-2641.000000
1532.000000
1436.000000
-2699.000000
-3105.000000
-6787.000000
-7636.000000
-4896.000000
-4938.000000
-5692.000000
-9428.000000
-8389.000000
-9884.000000
-8124.000000
-7230.000000
-8971.000000
-9757.000000
-10068.000000
-8162.000000
-5637.000000
-7451.000000
-7967.000000
-7194.000000
-6629.000000
-2198.000000
-2580.000000
-2684.000000
-4522.000000
-3788.000000
-206.000000
2431.000000
3339.000000
350.000000
-633.000000
-186.000000
2070.000000
5922.000000
5952.000000
2595.000000
25.000000
658.000000
5804.000000
5422.000000
2956.000000
2449.000000
2294.000000
2334.000000
1708.000000
1731.000000
2158.000000
2042.000000
889.000000
467.000000
1303.000000
75.000000
-1373.000000
865.000000
1117.000000
1376.000000
286.000000
-924.000000
96.000000
912.000000
2235.000000
2929.000000
3320.000000
1807.000000
960.000000
3378.000000
5319.000000
7296.000000
5210.000000
4012.000000
7354.000000
5933.000000
6100.000000
7782.000000
-54.000000
4392.000000
12210.000000
6675.000000
4549.000000
1509.000000
2500.000000
2017.000000
5593.000000
6818.000000
3045.000000
-1231.000000
-5100.000000
-621.000000
1836.000000
-1137.000000
-3016.000000
-4714.000000
-9124.000000
-6350.000000
-5439.000000
-4781.000000
-8430.000000
-9313.000000
-8931.000000
-10397.000000
-7545.000000
-8467.000000
-9096.000000
-10271.000000
-9517.000000
-6493.000000
-6516.000000
-8363.000000
-6744.000000
-7533.000000
-4107.000000
-2387.000000
-2595.000000
-2825.000000
-4597.000000
-1689.000000
855.000000
3817.000000
2344.000000
195.000000
-306.000000
896.000000
4055.000000
6876.000000
5375.000000
2293.000000
-433.000000
2591.000000
7063.000000
4727.000000
3103.000000
2315.000000
2726.000000
2057.000000
1884.000000
2223.000000
2539.000000
2126.000000
335.000000
431.000000
1294.000000
-576.000000
57.000000
1202.000000
807.000000
1266.000000
-871.000000
-863.000000
755.000000
1848.000000
2148.000000
2729.000000
2596.000000
1325.000000
1823.000000
3948.000000
5991.000000
7063.000000
4585.000000
4453.000000
7251.000000
5618.000000
7997.000000
4500.000000
-125.000000
9540.000000
9896.000000
5807.000000
3173.000000
2028.000000
2496.000000
2932.000000
7009.000000
5229.000000
1293.000000
-3615.000000
-3322.000000
836.000000
936.000000
-2665.000000
-3087.000000
-7306.000000
-8365.000000
-5760.000000
-5382.000000
-5929.000000
-9614.000000
-9046.000000
-10525.000000
-9250.000000
-7531.000000
-9032.000000
-10235.000000
-10466.000000
-8640.000000
-6268.000000
-7899.000000
-7655.000000
-7176.000000
-7134.000000
-3167.000000
-2904.000000
-2343.000000
-3970.000000
-3621.000000
-898.000000
1774.000000
3353.000000
1689.000000
175.000000
-427.000000
1693.000000
5570.000000
6815.000000
4011.000000
1403.000000
-21.000000
4512.000000
6580.000000
4674.000000
2828.000000
2005.000000
2810.000000
2283.000000
2014.000000
2720.000000
3102.000000
1346.000000
-98.000000
1170.000000
1094.000000
-737.000000
1333.000000
1409.000000
940.000000
61.000000
-738.000000
787.000000
1329.000000
1653.000000
2728.000000
2975.000000
2141.000000
1650.000000
3470.000000
4444.000000
6626.000000
6433.000000
4265.000000
6390.000000
6689.000000
6825.000000
6897.000000
886.000000
3763.000000
12348.000000
6986.000000
5135.000000
2153.000000
1977.000000
1994.000000
5234.000000
7540.000000
2897.000000
-847.000000
-4576.000000
-910.000000
1002.000000
-381.000000
-2813.000000
-4514.000000
-8894.000000
-6416.000000
-5672.000000
-5405.000000
-7532.000000
-9732.000000
-9296.000000
-10901.000000
-7456.000000
-8318.000000
-9781.000000
-11036.000000
-9629.000000
-7218.000000
-6924.000000
-8143.000000
-7282.000000
-7899.000000
-5286.000000
-2491.000000
-2995.000000
-2670.000000
-4589.000000
-2594.000000
-140.000000
3023.000000
2757.000000
929.000000
-570.000000
-221.000000
3485.000000
5914.000000
6011.000000
3614.000000
-414.000000
1141.000000
6159.000000
6047.000000
3677.000000
2097.000000
2518.000000
2586.000000
2015.000000
2302.000000
3042.000000
2401.000000
648.000000
785.000000
1174.000000
-76.000000
430.000000
1074.000000
1026.000000
1047.000000
29.000000
-641.000000
543.000000
1517.000000
2140.000000
2694.000000
2640.000000
1949.000000
1574.000000
3206.000000
5062.000000
7296.000000
5292.000000
4273.000000
6542.000000
6408.000000
5346.000000
7746.000000
1499.000000
3514.000000
11349.000000
6494.000000
5032.000000
2028.000000
2878.000000
1896.000000
5236.000000
6125.000000
3679.000000
-856.000000
-4382.000000
-1043.000000
1395.000000
-907.000000
-2852.000000
-3841.000000
-9425.000000
-5970.000000
-5686.000000
-4858.000000
-8035.000000
-9692.000000
-9154.000000
-10021.000000
-8064.000000
-8256.000000
-9226.000000
-10770.000000
-9621.000000
-7436.000000
-6823.000000
-8546.000000
-6225.000000
-7932.000000
-5230.000000
-3180.000000
-3039.000000
-2446.000000
-4169.000000
-2369.000000
-187.000000
2616.000000
2400.000000
1396.000000
-406.000000
550.000000
3288.000000
5390.000000
5405.000000
4265.000000
182.000000
1119.000000
6013.000000
6162.000000
3726.000000
2071.000000
2673.000000
2842.000000
1902.000000
1767.000000
3895.000000
2664.000000
79.000000
570.000000
1464.000000
329.000000
613.000000
973.000000
1096.000000
1094.000000
-150.000000
-249.000000
792.000000
1753.000000
2498.000000
2662.000000
2021.000000
2126.000000
2666.000000
2672.000000
5558.000000
6547.000000
5453.000000
4634.000000
6283.000000
6618.000000
6079.000000
6635.000000
-782.000000
6549.000000
10438.000000
6647.000000
4550.000000
1641.000000
1778.000000
1886.000000
6038.000000
5953.000000
3812.000000
-2632.000000
-3975.000000
-1363.000000
1600.000000
-1395.000000
-1538.000000
-5811.000000
-9030.000000
-5863.000000
-6256.000000
-4469.000000
-8181.000000
-8950.000000
-10157.000000
-9690.000000
-7943.000000
-7475.000000
-9966.000000
-10488.000000
-9283.000000
-6746.000000
-7403.000000
-7966.000000
-6588.000000
-8408.000000
-3949.000000
-3546.000000
-2653.000000
-3247.000000
-4175.000000
-2425.000000
215.000000
2173.000000
2599.000000
1059.000000
-1020.000000
445.000000
3227.000000
5343.000000
5293.000000
4018.000000
-342.000000
1561.000000
5347.000000
5485.000000
4148.000000
2562.000000
2210.000000
2571.000000
1282.000000
1831.000000
4259.000000
2690.000000
366.000000
911.000000
1059.000000
-84.000000
1106.000000
1551.000000
1867.000000
1077.000000
-444.000000
119.000000
1369.000000
1606.000000
3105.000000
3346.000000
2348.000000
2087.000000
2204.000000
3318.000000
5823.000000
6826.000000
5408.000000
4941.000000
6030.000000
6241.000000
6310.000000
6837.000000
38.000000
5880.000000
9846.000000
6543.000000
4918.000000
2106.000000
1526.000000
1489.000000
5447.000000
5699.000000
4269.000000
-1935.000000
-4390.000000
-1976.000000
831.000000
-1131.000000
-792.000000
-5595.000000
-9337.000000
-6639.000000
-6308.000000
-4101.000000
-7154.000000
-8684.000000
-10202.000000
-9909.000000
-8534.000000
-7073.000000
-8713.000000
-10051.000000
-9432.000000
-7214.000000
-7626.000000
-7241.000000
-5854.000000
-7720.000000
-4455.000000
-4139.000000
-2969.000000
-2663.000000
-3085.000000
-2357.000000
-379.000000
1332.000000
2155.000000
1469.000000
-375.000000
459.000000
2737.000000
4197.000000
5001.000000
4430.000000
118.000000
1336.000000
4341.000000
4705.000000
4073.000000
2762.000000
2139.000000
2172.000000
754.000000
1657.000000
3822.000000
2769.000000
580.000000
604.000000
346.000000
-3.000000
1393.000000
1129.000000
1659.000000
966.000000
-302.000000
-102.000000
1130.000000
1613.000000
2917.000000
2946.000000
2429.000000
2522.000000
2132.000000
3437.000000
5616.000000
6576.000000
5468.000000
5368.000000
5473.000000
6255.000000
6732.000000
7391.000000
2298.000000
2826.000000
8963.000000
7218.000000
6007.000000
3697.000000
1922.000000
921.000000
2891.000000
5365.000000
5834.000000
1169.000000
-3790.000000
-3101.000000
-1436.000000
-937.000000
-246.000000
-2549.000000
-8120.000000
-7466.000000
-7251.000000
-5520.000000
-5641.000000
-7309.000000
-8474.000000
-10304.000000
-9709.000000
-7549.000000
-7650.000000
-9214.000000
-8833.000000
-7772.000000
-7643.000000
-7529.000000
-5563.000000
-6654.000000
-5075.000000
-4157.000000
-3681.000000
-2330.000000
-2615.000000
-2048.000000
-1108.000000
429.000000
1835.000000
1919.000000
668.000000
801.000000
1815.000000
3472.000000
4094.000000
4406.000000
2416.000000
1336.000000
3001.000000
3938.000000
3998.000000
3059.000000
2524.000000
2422.000000
1374.000000
979.000000
2201.000000
2404.000000
1693.000000
675.000000
408.000000
159.000000
501.000000
331.000000
750.000000
1589.000000
843.000000
-15.000000
28.000000
841.000000
1755.000000
2727.000000
2595.000000
3153.000000
2143.000000
2543.000000
3827.000000
5620.000000
6115.000000
5329.000000
5807.000000
5569.000000
6256.000000
6057.000000
6170.000000
1653.000000
5228.000000
7731.000000
6240.000000
5383.000000
3307.000000
1912.000000
36.000000
2737.000000
5001.000000
5245.000000
-291.000000
-2883.000000
-3816.000000
-2632.000000
-1657.000000
-57.000000
-3024.000000
-6969.000000
-7461.000000
-8253.000000
-6094.000000
-6026.000000
-5765.000000
-7641.000000
-9834.000000
-9871.000000
-7880.000000
-8442.000000
-7666.000000
-6856.000000
-7137.000000
-8011.000000
-7150.000000
-5602.000000
-5779.000000
-3656.000000
-3737.000000
-2783.000000
-2516.000000
-2452.000000
-1831.000000
-236.000000
834.000000
1857.000000
1391.000000
537.000000
1487.000000
2340.000000
2938.000000
3359.000000
4063.000000
2178.000000
1636.000000
2986.000000
3732.000000
3217.000000
2096.000000
2326.000000
2807.000000
1317.000000
1299.000000
1984.000000
1600.000000
793.000000
1121.000000
963.000000
674.000000
677.000000
-85.000000
513.000000
1360.000000
1610.000000
811.000000
271.000000
510.000000
1889.000000
2302.000000
2857.000000
3614.000000
2970.000000
2906.000000
3296.000000
4781.000000
5587.000000
5629.000000
6084.000000
6116.000000
5871.000000
5572.000000
5953.000000
1882.000000
4007.000000
7424.000000
5874.000000
5753.000000
4206.000000
1997.000000
-881.000000
1150.000000
3840.000000
4934.000000
1817.000000
-1811.000000
-3383.000000
-4164.000000
-3813.000000
-1147.000000
-1442.000000
-4568.000000
-5797.000000
-8184.000000
-8293.000000
-7493.000000
-5651.000000
-5797.000000
-7514.000000
-8200.000000
-8759.000000
-9458.000000
-8550.000000
-6911.000000
-5700.000000
-5999.000000
-6217.000000
-5737.000000
-6768.000000
-5051.000000
-3317.000000
-1857.000000
-1361.000000
-1661.000000
-1671.000000
-1226.000000
-115.000000
1292.000000
1685.000000
1878.000000
2068.000000
2031.000000
2150.000000
2484.000000
3215.000000
1631.000000
2626.000000
3448.000000
3132.000000
2393.000000
1622.000000
1659.000000
1867.000000
2094.000000
1974.000000
2034.000000
970.000000
-20.000000
345.000000
809.000000
1185.000000
886.000000
3.000000
471.000000
512.000000
650.000000
697.000000
895.000000
1200.000000
1518.000000
1731.000000
2458.000000
2948.000000
2912.000000
2951.000000
3616.000000
4600.000000
4847.000000
4615.000000
5154.000000
5647.000000
5960.000000
5941.000000
5940.000000
4514.000000
1896.000000
4702.000000
5064.000000
5580.000000
5380.000000
4003.000000
1623.000000
-500.000000
626.000000
1907.000000
2770.000000
1300.000000
101.000000
-2403.000000
-4653.000000
-4895.000000
-2871.000000
-3524.000000
-3400.000000
-4352.000000
-6568.000000
-7748.000000
-8462.000000
-7057.000000
-6687.000000
-6549.000000
-6222.000000
-6931.000000
-8462.000000
-8268.000000
-7414.000000
-6165.000000
-5736.000000
-4296.000000
-4429.000000
-4612.000000
-3480.000000
-3625.000000
-2811.000000
-1902.000000
-776.000000
167.000000
670.000000
1033.000000
1357.000000
728.000000
928.000000
1615.000000
2925.000000
3067.000000
3694.000000
3540.000000
1655.000000
1194.000000
1720.000000
2518.000000
2682.000000
3057.000000
3119.000000
1910.000000
4.000000
35.000000
1005.000000
1651.000000
1632.000000
1487.000000
489.000000
-639.000000
-622.000000
-70.000000
1013.000000
1310.000000
680.000000
510.000000
428.000000
528.000000
1330.000000
1745.000000
2036.000000
2598.000000
2826.000000
2807.000000
3342.000000
3834.000000
3537.000000
4131.000000
4435.000000
4975.000000
5430.000000
5315.000000
4805.000000
5336.000000
4512.000000
1809.000000
3242.000000
3777.000000
4580.000000
4812.000000
3521.000000
1528.000000
-57.000000
-411.000000
239.000000
1714.000000
1154.000000
138.000000
-1702.000000
-3669.000000
-4411.000000
-3498.000000
-4107.000000
-3792.000000
-3947.000000
-5221.000000
-5746.000000
-6591.000000
-6653.000000
-6765.000000
-7000.000000
-6461.000000
-5755.000000
-6139.000000
-6580.000000
-6454.000000
-5808.000000
-5552.000000
-4672.000000
-4510.000000
-3950.000000
-2640.000000
-2297.000000
-1723.000000
-1608.000000
-1678.000000
-943.000000
-163.000000
856.000000
2001.000000
1624.000000
924.000000
661.000000
1437.000000
1984.000000
3211.000000
3140.000000
1877.000000
1445.000000
1292.000000
1886.000000
1948.000000
2050.000000
2166.000000
1911.000000
740.000000
736.000000
1078.000000
660.000000
802.000000
1102.000000
683.000000
484.000000
99.000000
-45.000000
510.000000
741.000000
697.000000
856.000000
912.000000
825.000000
1440.000000
1519.000000
1948.000000
2102.000000
2080.000000
2269.000000
3164.000000
3591.000000
3845.000000
3626.000000
3235.000000
4017.000000
4123.000000
4619.000000
4562.000000
4569.000000
4561.000000
4148.000000
2029.000000
2144.000000
3026.000000
2945.000000
3527.000000
3214.000000
2404.000000
300.000000
-383.000000
-605.000000
463.000000
533.000000
-33.000000
-568.000000
-2127.000000
-3029.000000
-2988.000000
-3401.000000
-4024.000000
-3949.000000
-4410.000000
-4647.000000
-4893.000000
-4878.000000
-5498.000000
-6107.000000
-6172.000000
-5648.000000
-5496.000000
-5319.000000
-4875.000000
-4423.000000
-4611.000000
-4416.000000
-3926.000000
-3917.000000
-2771.000000
-2065.000000
-1730.000000
-1532.000000
-956.000000
-925.000000
-644.000000
11.000000
820.000000
1142.000000
724.000000
602.000000
985.000000
1450.000000
1810.000000
2172.000000
1478.000000
1093.000000
1022.000000
1345.000000
1658.000000
1745.000000
1581.000000
1205.000000
849.000000
593.000000
620.000000
922.000000
1062.000000
832.000000
228.000000
13.000000
269.000000
336.000000
555.000000
561.000000
667.000000
666.000000
745.000000
664.000000
1123.000000
1375.000000
1517.000000
1689.000000
1634.000000
1867.000000
2064.000000
2771.000000
3095.000000
3171.000000
3109.000000
3177.000000
3285.000000
3392.000000
3808.000000
4023.000000
3777.000000
3688.000000
3649.000000
3268.000000
1787.000000
2057.000000
2540.000000
2195.000000
2671.000000
2501.000000
1961.000000
515.000000
-47.000000
16.000000
415.000000
63.000000
-325.000000
-746.000000
-1733.000000
-2419.000000
-2572.000000
-3137.000000
-3528.000000
-3357.000000
-3955.000000
-4113.000000
-4615.000000
-4631.000000
-4669.000000
-4967.000000
-4784.000000
-4524.000000
-4993.000000
-5082.000000
-4675.000000
-4161.000000
-3709.000000
-3234.000000
-3057.000000
-3272.000000
-2639.000000
-2423.000000
-1690.000000
-1158.000000
-985.000000
-743.000000
-451.000000
-113.000000
579.000000
669.000000
493.000000
900.000000
939.000000
1169.000000
1535.000000
1835.000000
1397.000000
1625.000000
1474.000000
1192.000000
1291.000000
1199.000000
1163.000000
1166.000000
974.000000
932.000000
1065.000000
675.000000
486.000000
490.000000
280.000000
408.000000
587.000000
269.000000
336.000000
376.000000
186.000000
347.000000
579.000000
499.000000
900.000000
854.000000
997.000000
1248.000000
1199.000000
1492.000000
1779.000000
1922.000000
2160.000000
2508.000000
2248.000000
2365.000000
2799.000000
2958.000000
3281.000000
3316.000000
3244.000000
3005.000000
3088.000000
3169.000000
3564.000000
3006.000000
1661.000000
1945.000000
1724.000000
2136.000000
2432.000000
2300.000000
1655.000000
707.000000
155.000000
-95.000000
119.000000
-90.000000
-231.000000
-704.000000
-1604.000000
-2274.000000
-2237.000000
-3159.000000
-3173.000000
-2972.000000
-3667.000000
-3985.000000
-4140.000000
-4141.000000
-4351.000000
-4374.000000
-4354.000000
-4320.000000
-4651.000000
-4762.000000
-4135.000000
-3701.000000
-3629.000000
-2987.000000
-2864.000000
-2854.000000
-2157.000000
-1968.000000
-1675.000000
-1269.000000
-976.000000
-529.000000
-116.000000
273.000000
632.000000
629.000000
452.000000
701.000000
1093.000000
1225.000000
1739.000000
1815.000000
1321.000000
1219.000000
1320.000000
1063.000000
964.000000
797.000000
827.000000
1055.000000
689.000000
511.000000
493.000000
342.000000
26.000000
180.000000
112.000000
20.000000
164.000000
82.000000
21.000000
58.000000
-111.000000
-3.000000
190.000000
340.000000
631.000000
713.000000
665.000000
917.000000
1160.000000
1141.000000
1592.000000
1939.000000
1982.000000
2095.000000
2219.000000
2467.000000
2782.000000
2955.000000
3010.000000
3108.000000
3075.000000
3210.000000
3344.000000
3310.000000
3370.000000
3415.000000
2755.000000
1698.000000
1992.000000
1848.000000
1945.000000
2270.000000
2082.000000
1456.000000
567.000000
260.000000
53.000000
161.000000
-197.000000
-369.000000
-894.000000
-1651.000000
-2039.000000
-2101.000000
-2662.000000
-2901.000000
-3065.000000
-3502.000000
-3669.000000
-3917.000000
-3926.000000
-4030.000000
-3978.000000
-3851.000000
-3817.000000
-4222.000000
-4129.000000
-3815.000000
-3412.000000
-3028.000000
-2597.000000
-2609.000000
-2532.000000
-2104.000000
-1850.000000
-1220.000000
-864.000000
-564.000000
-447.000000
-415.000000
-160.000000
408.000000
528.000000
611.000000
697.000000
552.000000
567.000000
859.000000
1143.000000
1109.000000
1111.000000
622.000000
422.000000
250.000000
165.000000
354.000000
675.000000
643.000000
251.000000
-227.000000
-400.000000
-148.000000
-130.000000
-190.000000
60.000000
44.000000
-275.000000
-220.000000
35.000000
195.000000
335.000000
439.000000
381.000000
664.000000
641.000000
870.000000
1239.000000
1589.000000
1839.000000
1786.000000
1676.000000
1942.000000
2263.000000
2311.000000
2734.000000
2915.000000
2814.000000
2816.000000
2850.000000
2928.000000
3220.000000
3185.000000
3138.000000
3108.000000
3054.000000
2968.000000
2870.000000
1805.000000
1536.000000
1697.000000
1250.000000
1719.000000
1891.000000
1587.000000
735.000000
205.000000
-191.000000
-14.000000
-200.000000
-463.000000
-571.000000
-1344.000000
-1923.000000
-2011.000000
-2378.000000
-2721.000000
-2534.000000
-3092.000000
-3367.000000
-3450.000000
-3551.000000
-3493.000000
-3384.000000
-3454.000000
-3501.000000
-3781.000000
-3969.000000
-3416.000000
-2965.000000
-2893.000000
-2611.000000
-2442.000000
-2585.000000
-1959.000000
-1663.000000
-1491.000000
-1130.000000
-1108.000000
-1115.000000
-674.000000
-321.000000
-40.000000
174.000000
-83.000000
-23.000000
37.000000
161.000000
485.000000
1063.000000
843.000000
654.000000
498.000000
-266.000000
-53.000000
128.000000
233.000000
402.000000
457.000000
-7.000000
-372.000000
-302.000000
-25.000000
222.000000
-141.000000
-89.000000
134.000000
8.000000
30.000000
432.000000
413.000000
359.000000
416.000000
542.000000
822.000000
987.000000
986.000000
1136.000000
1296.000000
1400.000000
1600.000000
1733.000000
1872.000000
2096.000000
2109.000000
2059.000000
2229.000000
2356.000000
2563.000000
2670.000000
2926.000000
2787.000000
2751.000000
2642.000000
2657.000000
3061.000000
3143.000000
3026.000000
2679.000000
2046.000000
1031.000000
1540.000000
1585.000000
1833.000000
1970.000000
1467.000000
988.000000
242.000000
140.000000
122.000000
205.000000
-333.000000
-376.000000
-741.000000
-1459.000000
-1724.000000
-1798.000000
-2306.000000
-2384.000000
-2682.000000
-3163.000000
-3241.000000
-3447.000000
-3226.000000
-3193.000000
-3595.000000
-3723.000000
-3682.000000
-4096.000000
-3787.000000
-3135.000000
-2934.000000
-2986.000000
-2650.000000
-2725.000000
-2510.000000
-2015.000000
-1831.000000
-1391.000000
-1388.000000
-1382.000000
-1092.000000
-726.000000
-464.000000
-56.000000
-140.000000
-304.000000
-107.000000
18.000000
110.000000
711.000000
927.000000
828.000000
777.000000
259.000000
134.000000
262.000000
299.000000
583.000000
906.000000
561.000000
341.000000
170.000000
134.000000
421.000000
536.000000
191.000000
371.000000
496.000000
259.000000
539.000000
655.000000
702.000000
713.000000
512.000000
513.000000
1072.000000
1062.000000
1185.000000
1323.000000
1312.000000
1385.000000
1452.000000
1564.000000
1888.000000
2134.000000
2013.000000
2310.000000
2376.000000
2321.000000
2447.000000
2522.000000
2524.000000
2728.000000
2518.000000
2531.000000
2806.000000
2800.000000
2722.000000
2683.000000
2522.000000
1943.000000
1317.000000
1432.000000
1482.000000
1655.000000
1666.000000
1420.000000
1019.000000
285.000000
136.000000
-4.000000
-164.000000
-436.000000
-566.000000
-1016.000000
-1581.000000
-1871.000000
-2139.000000
-2711.000000
-2825.000000
-3094.000000
-3438.000000
-3543.000000
-3696.000000
-3567.000000
-3798.000000
-3988.000000
-3904.000000
-3922.000000
-4138.000000
-3878.000000
-3600.000000
-3459.000000
-3149.000000
-2864.000000
-2878.000000
-2594.000000
-2269.000000
-2092.000000
-1728.000000
-1579.000000
-1187.000000
-880.000000
-651.000000
-257.000000
42.000000
-13.000000
101.000000
402.000000
562.000000
796.000000
1273.000000
1429.000000
1380.000000
1301.000000
1044.000000
1072.000000
903.000000
810.000000
980.000000
913.000000
882.000000
934.000000
767.000000
675.000000
675.000000
607.000000
449.000000
491.000000
569.000000
589.000000
621.000000
536.000000
569.000000
520.000000
460.000000
724.000000
925.000000
876.000000
924.000000
1027.000000
1110.000000
1224.000000
1406.000000
1636.000000
1726.000000
1656.000000
1731.000000
1903.000000
2175.000000
2373.000000
2565.000000
2528.000000
2563.000000
2600.000000
2444.000000
2690.000000
2940.000000
3154.000000
3065.000000
2945.000000
2674.000000
2363.000000
1475.000000
1387.000000
1689.000000
1443.000000
1608.000000
1444.000000
1066.000000
306.000000
-122.000000
-528.000000
-627.000000
-879.000000
-1157.000000
-1245.000000
-1806.000000
-2312.000000
-2530.000000
-3106.000000
-3621.000000
-3594.000000
-3916.000000
-4012.000000
-3917.000000
-4021.000000
-4091.000000
-4292.000000
-4504.000000
-4238.000000
-4172.000000
-4105.000000
-3872.000000
-3451.000000
-3295.000000
-2909.000000
-2667.000000
-2516.000000
-1920.000000
-1813.000000
-1497.000000
-1059.000000
-691.000000
-453.000000
9.000000
280.000000
699.000000
772.000000
493.000000
680.000000
939.000000
1240.000000
1675.000000
2074.000000
1787.000000
1665.000000
1403.000000
1263.000000
1386.000000
1317.000000
1235.000000
1192.000000
1195.000000
830.000000
801.000000
659.000000
571.000000
635.000000
475.000000
432.000000
499.000000
408.000000
293.000000
449.000000
391.000000
342.000000
482.000000
396.000000
502.000000
579.000000
606.000000
769.000000
963.000000
1023.000000
1213.000000
1430.000000
1491.000000
1676.000000
1576.000000
1732.000000
2043.000000
2211.000000
2240.000000
2407.000000
2424.000000
2476.000000
2581.000000
2496.000000
2717.000000
2857.000000
2830.000000
2617.000000
2640.000000
2389.000000
2191.000000
1386.000000
1112.000000
1589.000000
1247.000000
1273.000000
1046.000000
759.000000
31.000000
-362.000000
-554.000000
-740.000000
-984.000000
-1344.000000
-1628.000000
-2052.000000
-2499.000000
-2818.000000
-3223.000000
-3784.000000
-3617.000000
-3853.000000
-4052.000000
-3881.000000
-3956.000000
-4112.000000
-4258.000000
-4107.000000
-4012.000000
-4050.000000
-3911.000000
-3543.000000
-2858.000000
-2708.000000
-2594.000000
-2472.000000
-2393.000000
-1772.000000
-1169.000000
-874.000000
-525.000000
-230.000000
-282.000000
60.000000
380.000000
774.000000
906.000000
964.000000
1054.000000
1179.000000
1355.000000
1508.000000
1943.000000
1754.000000
1674.000000
1497.000000
1325.000000
1293.000000
1231.000000
1115.000000
1035.000000
1090.000000
655.000000
337.000000
513.000000
634.000000
497.000000
350.000000
246.000000
127.000000
-75.000000
24.000000
371.000000
286.000000
124.000000
122.000000
-22.000000
-16.000000
224.000000
607.000000
569.000000
685.000000
783.000000
818.000000
894.000000
1074.000000
1387.000000
1337.000000
1493.000000
1911.000000
2054.000000
1948.000000
2157.000000
2272.000000
2436.000000
2431.000000
2571.000000
2699.000000
2856.000000
2937.000000
2764.000000
2744.000000
2574.000000
2567.000000
1686.000000
1059.000000
1646.000000
1527.000000
1519.000000
1471.000000
1103.000000
362.000000
-414.000000
-677.000000
-741.000000
-768.000000
-1134.000000
-1290.000000
-1826.000000
-2594.000000
-2916.000000
-3185.000000
-3697.000000
-3429.000000
-3510.000000
-3902.000000
-3765.000000
-3928.000000
-4006.000000
-4162.000000
-4109.000000
-3749.000000
-3662.000000
-3706.000000
-3386.000000
-2756.000000
-2538.000000
-2342.000000
-2159.000000
-2163.000000
-1575.000000
-952.000000
-727.000000
-220.000000
26.000000
-98.000000
8.000000
260.000000
840.000000
1177.000000
1180.000000
1214.000000
1309.000000
1237.000000
1296.000000
1833.000000
1783.000000
1692.000000
1648.000000
1457.000000
1321.000000
1069.000000
910.000000
943.000000
860.000000
515.000000
477.000000
379.000000
320.000000
293.000000
97.000000
-199.000000
-108.000000
-170.000000
-195.000000
-63.000000
-137.000000
-112.000000
-171.000000
-285.000000
-225.000000
33.000000
106.000000
244.000000
395.000000
415.000000
468.000000
639.000000
773.000000
1084.000000
1177.000000
1375.000000
1773.000000
1889.000000
2007.000000
2195.000000
2195.000000
2413.000000
2614.000000
2746.000000
3012.000000
3290.000000
3286.000000
2879.000000
2919.000000
2659.000000
2766.000000
2057.000000
1291.000000
1928.000000
1659.000000
1686.000000
1570.000000
1040.000000
108.000000
-586.000000
-793.000000
-741.000000
-507.000000
-963.000000
-1451.000000
-2144.000000
-2989.000000
-3374.000000
-3303.000000
-3664.000000
-3300.000000
-3386.000000
-3956.000000
-3980.000000
-4320.000000
-4414.000000
-4389.000000
-4024.000000
-3609.000000
-3522.000000
-3547.000000
-3537.000000
-2947.000000
-2701.000000
-2614.000000
-2137.000000
-1926.000000
-1377.000000
-705.000000
-581.000000
-289.000000
-122.000000
-170.000000
172.000000
719.000000
1360.000000
1405.000000
1345.000000
1137.000000
1149.000000
1431.000000
1458.000000
2095.000000
2060.000000
1692.000000
1559.000000
1290.000000
1171.000000
1083.000000
1154.000000
1049.000000
999.000000
589.000000
82.000000
168.000000
285.000000
264.000000
189.000000
-137.000000
-168.000000
-142.000000
-287.000000
-10.000000
56.000000
-38.000000
-116.000000
-111.000000
-77.000000
128.000000
329.000000
233.000000
336.000000
470.000000
692.000000
920.000000
1054.000000
1270.000000
1324.000000
1308.000000
1723.000000
2141.000000
2174.000000
2233.000000
2294.000000
2528.000000
2454.000000
2582.000000
2872.000000
3099.000000
3065.000000
2785.000000
2983.000000
2653.000000
2620.000000
1899.000000
1018.000000
1863.000000
1871.000000
1810.000000
1492.000000
786.000000
7.000000
-780.000000
-724.000000
-447.000000
-221.000000
-914.000000
-1656.000000
-2343.000000
-3254.000000
-3447.000000
-2998.000000
-3364.000000
-3181.000000
-3490.000000
-4319.000000
-4379.000000
-4685.000000
-4400.000000
-4106.000000
-3915.000000
-3592.000000
-3744.000000
-4004.000000
-4001.000000
-3155.000000
-2647.000000
-2635.000000
-2098.000000
-2010.000000
-1588.000000
-1004.000000
-961.000000
-575.000000
-279.000000
-197.000000
226.000000
649.000000
1231.000000
1346.000000
1170.000000
907.000000
1067.000000
1467.000000
1590.000000
2314.000000
2200.000000
1729.000000
1436.000000
1166.000000
1348.000000
1485.000000
1424.000000
1502.000000
1376.000000
631.000000
259.000000
491.000000
780.000000
751.000000
607.000000
346.000000
272.000000
136.000000
-75.000000
269.000000
262.000000
200.000000
189.000000
-46.000000
35.000000
264.000000
304.000000
256.000000
432.000000
489.000000
598.000000
700.000000
833.000000
1115.000000
1060.000000
1207.000000
1720.000000
1884.000000
1838.000000
2012.000000
2076.000000
2445.000000
2561.000000
2672.000000
3002.000000
3040.000000
2922.000000
2810.000000
3023.000000
2866.000000
2994.000000
1679.000000
1109.000000
2237.000000
2081.000000
2149.000000
1612.000000
670.000000
-398.000000
-835.000000
-545.000000
71.000000
-5.000000
-1159.000000
-2050.000000
-3032.000000
-3625.000000
-3182.000000
-2836.000000
-3356.000000
-3337.000000
-4258.000000
-4976.000000
-4774.000000
-4727.000000
-4174.000000
-4076.000000
-4021.000000
-3911.000000
-4386.000000
-4532.000000
-3963.000000
-2925.000000
-2684.000000
-2498.000000
-2208.000000
-2383.000000
-1723.000000
-1137.000000
-864.000000
-276.000000
-98.000000
4.000000
380.000000
578.000000
1274.000000
1335.000000
1251.000000
1295.000000
1625.000000
1845.000000
2008.000000
2516.000000
2081.000000
1823.000000
1720.000000
1679.000000
1977.000000
1973.000000
1630.000000
1794.000000
1213.000000
682.000000
649.000000
822.000000
1099.000000
845.000000
543.000000
192.000000
330.000000
120.000000
-11.000000
126.000000
71.000000
191.000000
-29.000000
-396.000000
-207.000000
-140.000000
-139.000000
63.000000
165.000000
239.000000
245.000000
227.000000
612.000000
818.000000
906.000000
1260.000000
1609.000000
1611.000000
1561.000000
1847.000000
1845.000000
2461.000000
2526.000000
2705.000000
2899.000000
2822.000000
2688.000000
2643.000000
3031.000000
3035.000000
2886.000000
1230.000000
1573.000000
2167.000000
2119.000000
2126.000000
1378.000000
256.000000
-699.000000
-435.000000
-133.000000
462.000000
-260.000000
-1467.000000
-2592.000000
-3279.000000
-3138.000000
-2437.000000
-2582.000000
-3236.000000
-3639.000000
-4781.000000
-4929.000000
-4361.000000
-4108.000000
-3750.000000
-3984.000000
-4035.000000
-4327.000000
-4588.000000
-4118.000000
-3222.000000
-2423.000000
-2468.000000
-2398.000000
-2511.000000
-2194.000000
-1189.000000
-595.000000
-461.000000
89.000000
-76.000000
76.000000
561.000000
1113.000000
1764.000000
1551.000000
1656.000000
1532.000000
1844.000000
1939.000000
2385.000000
2563.000000
2068.000000
2057.000000
1935.000000
1816.000000
2081.000000
2020.000000
1442.000000
1462.000000
1141.000000
626.000000
603.000000
900.000000
1004.000000
389.000000
-186.000000
-151.000000
125.000000
-150.000000
-289.000000
-7.000000
-402.000000
-488.000000
-569.000000
-778.000000
-555.000000
-374.000000
-435.000000
-403.000000
-269.000000
-194.000000
-108.000000
-217.000000
279.000000
665.000000
570.000000
752.000000
1383.000000
1213.000000
1220.000000
1630.000000
1845.000000
2328.000000
2388.000000
2696.000000
2636.000000
2610.000000
2574.000000
2862.000000
3249.000000
3203.000000
3085.000000
1306.000000
1205.000000
2419.000000
2706.000000
2547.000000
1748.000000
614.000000
-517.000000
-554.000000
190.000000
1051.000000
392.000000
-1199.000000
-2583.000000
-3158.000000
-2949.000000
-1998.000000
-1896.000000
-3041.000000
-3651.000000
-4670.000000
-4919.000000
-4076.000000
-3502.000000
-3344.000000
-3974.000000
-4346.000000
-4442.000000
-4378.000000
-3733.000000
-2766.000000
-2104.000000
-2458.000000
-2812.000000
-2541.000000
-2105.000000
-1070.000000
-191.000000
-325.000000
-134.000000
-234.000000
-56.000000
449.000000
1191.000000
1891.000000
1570.000000
1311.000000
1165.000000
1711.000000
1991.000000
2142.000000
2541.000000
2120.000000
1729.000000
1776.000000
1666.000000
1790.000000
1857.000000
1364.000000
1034.000000
1048.000000
860.000000
497.000000
532.000000
518.000000
225.000000
-255.000000
-477.000000
177.000000
134.000000
-711.000000
-693.000000
-637.000000
-713.000000
-658.000000
-640.000000
-678.000000
-710.000000
-710.000000
-876.000000
-400.000000
-14.000000
-59.000000
-65.000000
-293.000000
214.000000
830.000000
626.000000
1005.000000
1470.000000
1292.000000
1285.000000
1727.000000
2172.000000
2475.000000
2797.000000
2624.000000
2622.000000
2615.000000
2603.000000
3174.000000
3353.000000
3061.000000
2869.000000
1362.000000
1436.000000
2677.000000
2570.000000
2458.000000
1542.000000
607.000000
-403.000000
-272.000000
500.000000
1021.000000
306.000000
-1617.000000
-2570.000000
-2801.000000
-2578.000000
-1555.000000
-1830.000000
-3108.000000
-3682.000000
-4612.000000
-4499.000000
-3660.000000
-3131.000000
-3237.000000
-4178.000000
-4468.000000
-4248.000000
-3790.000000
-3335.000000
-2717.000000
-2306.000000
-3061.000000
-2827.000000
-2183.000000
-1818.000000
-936.000000
-533.000000
-645.000000
-506.000000
-326.000000
61.000000
691.000000
1072.000000
1414.000000
1260.000000
1033.000000
1139.000000
1812.000000
1820.000000
1871.000000
2195.000000
1850.000000
1641.000000
1619.000000
1545.000000
1609.000000
1459.000000
1343.000000
1125.000000
842.000000
692.000000
420.000000
292.000000
-1.000000
267.000000
51.000000
-403.000000
-193.000000
-295.000000
-714.000000
-777.000000
-489.000000
-375.000000
-605.000000
-788.000000
-831.000000
-661.000000
-613.000000
-376.000000
-5.000000
-179.000000
-272.000000
-245.000000
-104.000000
597.000000
1117.000000
882.000000
857.000000
1071.000000
1476.000000
1714.000000
2031.000000
2474.000000
2539.000000
2459.000000
2465.000000
2891.000000
2883.000000
2975.000000
3173.000000
3229.000000
3287.000000
2865.000000
2661.000000
1624.000000
1909.000000
2916.000000
2505.000000
1942.000000
1078.000000
169.000000
-345.000000
23.000000
687.000000
661.000000
-801.000000
-2177.000000
-2697.000000
-2582.000000
-2248.000000
-1714.000000
-2365.000000
-3818.000000
-4230.000000
-4589.000000
-4063.000000
-3281.000000
-3425.000000
-3603.000000
-4523.000000
-4604.000000
-3846.000000
-3525.000000
-2973.000000
-2650.000000
-2671.000000
-2998.000000
-2671.000000
-1994.000000
-1509.000000
-833.000000
-664.000000
-801.000000
-400.000000
-392.000000
150.000000
621.000000
783.000000
1254.000000
1001.000000
945.000000
1199.000000
1460.000000
1549.000000
1710.000000
1808.000000
1488.000000
1353.000000
1392.000000
1296.000000
1600.000000
1375.000000
1182.000000
988.000000
398.000000
580.000000
524.000000
457.000000
497.000000
111.000000
-220.000000
-357.000000
-306.000000
-213.000000
-234.000000
-368.000000
-456.000000
-302.000000
-415.000000
-482.000000
-291.000000
-269.000000
-112.000000
48.000000
32.000000
194.000000
182.000000
288.000000
621.000000
978.000000
1237.000000
1187.000000
1185.000000
1336.000000
1855.000000
2295.000000
2329.000000
2437.000000
2362.000000
2297.000000
2783.000000
2946.000000
3064.000000
2942.000000
2632.000000
2656.000000
2901.000000
2825.000000
2615.000000
2327.000000
1052.000000
1443.000000
1926.000000
1507.000000
1308.000000
525.000000
-337.000000
-847.000000
-595.000000
-316.000000
-173.000000
-1316.000000
-2459.000000
-2683.000000
-2812.000000
-2563.000000
-2217.000000
-2813.000000
-3581.000000
-3905.000000
-4409.000000
-3856.000000
-3363.000000
-3359.000000
-3494.000000
-3997.000000
-3893.000000
-3491.000000
-3064.000000
-2817.000000
-2369.000000
-2250.000000
-2452.000000
-1948.000000
-1634.000000
-1259.000000
-701.000000
-625.000000
-560.000000
-120.000000
-57.000000
329.000000
689.000000
823.000000
1067.000000
954.000000
942.000000
1052.000000
1370.000000
1228.000000
1403.000000
1554.000000
1258.000000
1184.000000
1160.000000
1160.000000
1318.000000
937.000000
859.000000
905.000000
577.000000
457.000000
448.000000
471.000000
81.000000
147.000000
39.000000
20.000000
46.000000
-189.000000
-119.000000
37.000000
12.000000
148.000000
37.000000
-176.000000
-73.000000
79.000000
224.000000
385.000000
531.000000
320.000000
262.000000
507.000000
763.000000
1092.000000
1151.000000
1088.000000
1331.000000
1325.000000
1677.000000
1861.000000
1843.000000
2020.000000
1946.000000
2096.000000
2349.000000
2611.000000
2422.000000
2223.000000
2244.000000
2283.000000
2390.000000
2401.000000
2298.000000
2006.000000
1420.000000
681.000000
1220.000000
1582.000000
1259.000000
737.000000
-79.000000
-631.000000
-963.000000
-616.000000
-328.000000
-554.000000
-1569.000000
-2536.000000
-2756.000000
-2699.000000
-2316.000000
-2118.000000
-2954.000000
-3684.000000
-3815.000000
-3835.000000
-3281.000000
-3019.000000
-3177.000000
-3370.000000
-3735.000000
-3488.000000
-2850.000000
-2524.000000
-2521.000000
-2346.000000
-2264.000000
-2198.000000
-1673.000000
-1320.000000
-983.000000
-675.000000
-630.000000
-478.000000
2.000000
104.000000
413.000000
610.000000
716.000000
993.000000
929.000000
986.000000
1126.000000
1282.000000
1279.000000
1473.000000
1523.000000
1263.000000
1260.000000
1245.000000
1165.000000
1310.000000
1132.000000
1065.000000
894.000000
627.000000
490.000000
539.000000
579.000000
294.000000
174.000000
167.000000
194.000000
73.000000
10.000000
-64.000000
-122.000000
-261.000000
-10.000000
156.000000
-63.000000
-87.000000
-25.000000
12.000000
52.000000
395.000000
498.000000
329.000000
470.000000
560.000000
949.000000
1143.000000
1129.000000
1343.000000
1208.000000
1357.000000
1808.000000
1950.000000
1916.000000
1958.000000
2004.000000
2173.000000
2394.000000
2402.000000
2281.000000
2206.000000
2225.000000
2145.000000
2334.000000
2101.000000
1863.000000
1129.000000
530.000000
1444.000000
1291.000000
858.000000
275.000000
-419.000000
-913.000000
-955.000000
-506.000000
-489.000000
-1146.000000
-2259.000000
-2731.000000
-2761.000000
-2476.000000
-2153.000000
-2314.000000
-3330.000000
-3731.000000
-3651.000000
-3540.000000
-2929.000000
-2873.000000
-2989.000000
-3369.000000
-3616.000000
-3010.000000
-2570.000000
-2321.000000
-2131.000000
-1994.000000
-2064.000000
-1890.000000
-1359.000000
-996.000000
-521.000000
-185.000000
-296.000000
-160.000000
123.000000
334.000000
706.000000
878.000000
1167.000000
1139.000000
1005.000000
1027.000000
1296.000000
1374.000000
1356.000000
1573.000000
1435.000000
1135.000000
1164.000000
1185.000000
1027.000000
1093.000000
948.000000
766.000000
451.000000
423.000000
389.000000
356.000000
307.000000
133.000000
31.000000
-297.000000
-189.000000
-1.000000
-212.000000
-178.000000
-30.000000
-196.000000
-226.000000
-122.000000
-93.000000
15.000000
119.000000
174.000000
261.000000
211.000000
365.000000
581.000000
647.000000
803.000000
1128.000000
938.000000
899.000000
1266.000000
1390.000000
1477.000000
1658.000000
1756.000000
1658.000000
1641.000000
1852.000000
2183.000000
2159.000000
1998.000000
2048.000000
1804.000000
1774.000000
2036.000000
2030.000000
1882.000000
1385.000000
900.000000
407.000000
855.000000
1242.000000
829.000000
274.000000
-488.000000
-955.000000
-1143.000000
-777.000000
-434.000000
-817.000000
-1915.000000
-2578.000000
-2575.000000
-2356.000000
-1987.000000
-1956.000000
-2646.000000
-3326.000000
-3276.000000
-3110.000000
-2758.000000
-2478.000000
-2559.000000
-2850.000000
-3144.000000
-2742.000000
-2273.000000
-2150.000000
-1914.000000
-1691.000000
-1597.000000
-1546.000000
-1190.000000
-839.000000
-742.000000
-397.000000
-188.000000
-28.000000
63.000000
125.000000
417.000000
600.000000
862.000000
949.000000
805.000000
730.000000
779.000000
961.000000
1104.000000
1249.000000
1255.000000
821.000000
657.000000
612.000000
651.000000
1070.000000
908.000000
712.000000
349.000000
39.000000
252.000000
282.000000
442.000000
516.000000
155.000000
-269.000000
-228.000000
9.000000
142.000000
204.000000
171.000000
-56.000000
-90.000000
-152.000000
81.000000
479.000000
362.000000
346.000000
241.000000
263.000000
612.000000
701.000000
815.000000
1011.000000
995.000000
1023.000000
1103.000000
1340.000000
1549.000000
1724.000000
1752.000000
1646.000000
1767.000000
1839.000000
2136.000000
2152.000000
2009.000000
2084.000000
1900.000000
1766.000000
1965.000000
2129.000000
1863.000000
1624.000000
988.000000
551.000000
1000.000000
1139.000000
865.000000
451.000000
-271.000000
-757.000000
-774.000000
-664.000000
-385.000000
-790.000000
-1748.000000
-2182.000000
-2244.000000
-2183.000000
-1934.000000
-1973.000000
-2633.000000
-3050.000000
-3115.000000
-2931.000000
-2600.000000
-2621.000000
-2703.000000
-2844.000000
-3023.000000
-2568.000000
-2201.000000
-2212.000000
-2046.000000
-1900.000000
-1841.000000
-1668.000000
-1184.000000
-949.000000
-858.000000
-688.000000
-591.000000
-389.000000
-146.000000
4.000000
260.000000
303.000000
392.000000
613.000000
565.000000
603.000000
714.000000
745.000000
712.000000
946.000000
973.000000
785.000000
716.000000
624.000000
596.000000
710.000000
606.000000
839.000000
691.000000
122.000000
109.000000
228.000000
380.000000
424.000000
504.000000
228.000000
-100.000000
-272.000000
-96.000000
395.000000
526.000000
288.000000
124.000000
-99.000000
8.000000
345.000000
507.000000
716.000000
517.000000
286.000000
435.000000
657.000000
984.000000
1171.000000
1123.000000
1082.000000
1179.000000
1299.000000
1398.000000
1630.000000
1716.000000
1836.000000
1851.000000
1743.000000
1832.000000
1881.000000
1895.000000
2103.000000
2145.000000
1882.000000
1577.000000
1225.000000
1471.000000
1757.000000
1603.000000
1333.000000
600.000000
-25.000000
320.000000
613.000000
572.000000
243.000000
-508.000000
-1281.000000
-1461.000000
-923.000000
-539.000000
-941.000000
-1902.000000
-2310.000000
-2380.000000
-2226.000000
-1822.000000
-1743.000000
-2461.000000
-2935.000000
-2859.000000
-2611.000000
-2261.000000
-2285.000000
-2210.000000
-2461.000000
-2650.000000
-2153.000000
-1810.000000
-1733.000000
-1684.000000
-1482.000000
-1462.000000
-1396.000000
-1050.000000
-827.000000
-749.000000
-509.000000
-379.000000
-319.000000
-289.000000
-153.000000
185.000000
342.000000
502.000000
565.000000
423.000000
257.000000
404.000000
716.000000
912.000000
982.000000
793.000000
432.000000
420.000000
497.000000
712.000000
1015.000000
868.000000
546.000000
179.000000
145.000000
367.000000
577.000000
633.000000
488.000000
194.000000
-86.000000
15.000000
274.000000
488.000000
600.000000
360.000000
-63.000000
-4.000000
235.000000
502.000000
687.000000
588.000000
524.000000
326.000000
367.000000
694.000000
1016.000000
1063.000000
928.000000
957.000000
996.000000
1170.000000
1415.000000
1479.000000
1539.000000
1552.000000
1404.000000
1507.000000
1627.000000
1711.000000
1646.000000
1532.000000
1607.000000
1544.000000
1410.000000
1289.000000
1252.000000
1193.000000
1134.000000
1051.000000
854.000000
578.000000
332.000000
-116.000000
-190.000000
194.000000
-69.000000
-497.000000
-876.000000
-1143.000000
-1367.000000
-1354.000000
-1034.000000
-1147.000000
-1693.000000
-2271.000000
-2272.000000
-2351.000000
-2365.000000
-1716.000000
-1661.000000
-2420.000000
-2660.000000
-2575.000000
-2533.000000
-2113.000000
-1634.000000
-1408.000000
-1926.000000
-2395.000000
-2104.000000
-1618.000000
-1174.000000
-788.000000
-690.000000
-1412.000000
-1398.000000
-776.000000
-324.000000
187.000000
289.000000
46.000000
-218.000000
-142.000000
487.000000
1074.000000
989.000000
867.000000
693.000000
535.000000
762.000000
1198.000000
1296.000000
1106.000000
1065.000000
801.000000
767.000000
991.000000
1045.000000
1065.000000
752.000000
658.000000
590.000000
372.000000
541.000000
529.000000
459.000000
404.000000
252.000000
35.000000
-28.000000
230.000000
283.000000
147.000000
207.000000
105.000000
-90.000000
-45.000000
233.000000
482.000000
350.000000
322.000000
305.000000
341.000000
435.000000
647.000000
954.000000
869.000000
828.000000
901.000000
803.000000
942.000000
1210.000000
1245.000000
1148.000000
1066.000000
1120.000000
1044.000000
996.000000
1231.000000
1193.000000
918.000000
730.000000
827.000000
745.000000
625.000000
622.000000
381.000000
215.000000
86.000000
35.000000
-68.000000
-269.000000
-361.000000
-581.000000
-875.000000
-699.000000
-834.000000
-1050.000000
-1173.000000
-1243.000000
-1301.000000
-1474.000000
-1409.000000
-1442.000000
-1554.000000
-1684.000000
-1617.000000
-1502.000000
-1612.000000
-1531.000000
-1482.000000
-1637.000000
-1488.000000
-1298.000000
-1270.000000
-1249.000000
-1158.000000
-1064.000000
-1014.000000
-916.000000
-682.000000
-588.000000
-531.000000
-319.000000
-168.000000
-173.000000
-64.000000
243.000000
281.000000
332.000000
526.000000
542.000000
517.000000
563.000000
779.000000
921.000000
862.000000
861.000000
762.000000
621.000000
695.000000
949.000000
790.000000
622.000000
666.000000
544.000000
430.000000
385.000000
489.000000
389.000000
149.000000
65.000000
175.000000
101.000000
-41.000000
12.000000
-43.000000
-189.000000
-140.000000
-32.000000
-70.000000
-115.000000
-115.000000
-87.000000
-77.000000
37.000000
95.000000
86.000000
152.000000
246.000000
328.000000
354.000000
452.000000
600.000000
590.000000
639.000000
725.000000
769.000000
812.000000
833.000000
946.000000
935.000000
897.000000
861.000000
869.000000
893.000000
956.000000
958.000000
794.000000
647.000000
633.000000
650.000000
632.000000
581.000000
338.000000
172.000000
41.000000
80.000000
183.000000
-10.000000
-182.000000
-533.000000
-691.000000
-523.000000
-554.000000
-587.000000
-783.000000
-985.000000
-1130.000000
-1198.000000
-1000.000000
-926.000000
-1039.000000
-1265.000000
-1325.000000
-1226.000000
-1193.000000
-1094.000000
-1103.000000
-1161.000000
-1116.000000
-1119.000000
-1027.000000
-892.000000
-824.000000
-676.000000
-680.000000
-638.000000
-493.000000
-432.000000
-321.000000
-241.000000
-83.000000
7.000000
3.000000
104.000000
205.000000
333.000000
433.000000
427.000000
437.000000
428.000000
504.000000
645.000000
688.000000
672.000000
521.000000
471.000000
517.000000
489.000000
545.000000
473.000000
389.000000
204.000000
78.000000
168.000000
134.000000
106.000000
53.000000
-49.000000
-205.000000
-199.000000
-132.000000
-151.000000
-175.000000
-207.000000
-281.000000
-316.000000
-310.000000
-218.000000
-118.000000
-195.000000
-123.000000
-78.000000
-48.000000
108.000000
247.000000
288.000000
321.000000
340.000000
374.000000
528.000000
696.000000
764.000000
731.000000
693.000000
758.000000
846.000000
881.000000
1086.000000
1030.000000
816.000000
779.000000
832.000000
865.000000
883.000000
842.000000
715.000000
560.000000
498.000000
507.000000
420.000000
368.000000
261.000000
184.000000
49.000000
-25.000000
-75.000000
-275.000000
-302.000000
-302.000000
-364.000000
-572.000000
-611.000000
-587.000000
-809.000000
-712.000000
-639.000000
-722.000000
-907.000000
-963.000000
-851.000000
-786.000000
-775.000000
-694.000000
-760.000000
-920.000000
-794.000000
-672.000000
-633.000000
-621.000000
-519.000000
-563.000000
-529.000000
-415.000000
-329.000000
-236.000000
-249.000000
-165.000000
-46.000000
-94.000000
-78.000000
-16.000000
-29.000000
74.000000
200.000000
209.000000
103.000000
88.000000
84.000000
123.000000
239.000000
236.000000
109.000000
-72.000000
-117.000000
-37.000000
-59.000000
-66.000000
-42.000000
-249.000000
-395.000000
-333.000000
-298.000000
-263.000000
-244.000000
-285.000000
-367.000000
-445.000000
-426.000000
-282.000000
-275.000000
-313.000000
-227.000000
-235.000000
-287.000000
-171.000000
-30.000000
44.000000
84.000000
163.000000
200.000000
231.000000
342.000000
514.000000
587.000000
606.000000
716.000000
759.000000
763.000000
817.000000
926.000000
988.000000
935.000000
940.000000
986.000000
1023.000000
1030.000000
1007.000000
985.000000
941.000000
885.000000
856.000000
836.000000
785.000000
709.000000
603.000000
596.000000
515.000000
425.000000
329.000000
249.000000
195.000000
139.000000
118.000000
-44.000000
-69.000000
-177.000000
-341.000000
-332.000000
-383.000000
-418.000000
-475.000000
-572.000000
-596.000000
-616.000000
-629.000000
-651.000000
-662.000000
-621.000000
-692.000000
-703.000000
-696.000000
-652.000000
-569.000000
-600.000000
-546.000000
-551.000000
-552.000000
-455.000000
-469.000000
-429.000000
-390.000000
-368.000000
-321.000000
-356.000000
-259.000000
-215.000000
-247.000000
-216.000000
-208.000000
-144.000000
-197.000000
-249.000000
-168.000000
-178.000000
-124.000000
-168.000000
-269.000000
-318.000000
-353.000000
-218.000000
-291.000000
-339.000000
-286.000000
-397.000000
-487.000000
-371.000000
-186.000000
-269.000000
-468.000000
-493.000000
-369.000000
-305.000000
-232.000000
-173.000000
-200.000000
-344.000000
-293.000000
-108.000000
-5.000000
83.000000
17.000000
-17.000000
51.000000
160.000000
339.000000
436.000000
422.000000
470.000000
463.000000
528.000000
673.000000
811.000000
820.000000
813.000000
856.000000
788.000000
879.000000
910.000000
912.000000
933.000000
854.000000
844.000000
861.000000
885.000000
872.000000
769.000000
689.000000
636.000000
599.000000
526.000000
504.000000
491.000000
355.000000
257.000000
242.000000
155.000000
95.000000
49.000000
-22.000000
-58.000000
-158.000000
-188.000000
-245.000000
-306.000000
-273.000000
-266.000000
-388.000000
-441.000000
-461.000000
-484.000000
-445.000000
-391.000000
-361.000000
-425.000000
-474.000000
-474.000000
-419.000000
-395.000000
-312.000000
-233.000000
-333.000000
-342.000000
-297.000000
-246.000000
-199.000000
-235.000000
-244.000000
-196.000000
-200.000000
-175.000000
-122.000000
-131.000000
-132.000000
-152.000000
-178.000000
-122.000000
-124.000000
-194.000000
-227.000000
-252.000000
-232.000000
-238.000000
-319.000000
-395.000000
-356.000000
-338.000000
-382.000000
-401.000000
-418.000000
-428.000000
-465.000000
-427.000000
-369.000000
-389.000000
-407.000000
-432.000000
-386.000000
-312.000000
-256.000000
-254.000000
-280.000000
-256.000000
-176.000000
-75.000000
-3.000000
27.000000
27.000000
54.000000
141.000000
231.000000
284.000000
390.000000
382.000000
385.000000
502.000000
555.000000
615.000000
613.000000
594.000000
649.000000
657.000000
666.000000
727.000000
708.000000
630.000000
669.000000
705.000000
665.000000
604.000000
569.000000
519.000000
501.000000
476.000000
437.000000
400.000000
248.000000
250.000000
221.000000
148.000000
144.000000
86.000000
-32.000000
-122.000000
-70.000000
-81.000000
-138.000000
-178.000000
-210.000000
-280.000000
-277.000000
-269.000000
-228.000000
-244.000000
-296.000000
-257.000000
-265.000000
-262.000000
-243.000000
-213.000000
-206.000000
-130.000000
-108.000000
-149.000000
-139.000000
-146.000000
-141.000000
-66.000000
9.000000
-9.000000
-66.000000
-98.000000
-50.000000
12.000000
-10.000000
8.000000
-12.000000
-120.000000
-113.000000
-2.000000
6.000000
-84.000000
-137.000000
-166.000000
-194.000000
-197.000000
-167.000000
-200.000000
-293.000000
-322.000000
-295.000000
-334.000000
-317.000000
-299.000000
-373.000000
-445.000000
-413.000000
-355.000000
-325.000000
-335.000000
-396.000000
-394.000000
-383.000000
-329.000000
-227.000000
-201.000000
-245.000000
-269.000000
-264.000000
-205.000000
-70.000000
47.000000
0.000000
-45.000000
-17.000000
91.000000
185.000000
274.000000
330.000000
268.000000
219.000000
283.000000
413.000000
453.000000
464.000000
483.000000
462.000000
423.000000
442.000000
529.000000
517.000000
473.000000
453.000000
451.000000
446.000000
407.000000
385.000000
327.000000
317.000000
299.000000
232.000000
144.000000
110.000000
89.000000
54.000000
17.000000
47.000000
-27.000000
-163.000000
-193.000000
-150.000000
-94.000000
-131.000000
-165.000000
-246.000000
-274.000000
-223.000000
-192.000000
-142.000000
-135.000000
-146.000000
-150.000000
-173.000000
-68.000000
-22.000000
-78.000000
-57.000000
1.000000
60.000000
22.000000
22.000000
79.000000
77.000000
50.000000
104.000000
131.000000
70.000000
66.000000
141.000000
145.000000
146.000000
123.000000
45.000000
63.000000
74.000000
89.000000
47.000000
-34.000000
-35.000000
-72.000000
-123.000000
-84.000000
-87.000000
-143.000000
-225.000000
-210.000000
-212.000000
-235.000000
-220.000000
-247.000000
-247.000000
-293.000000
-305.000000
-303.000000
-337.000000
-298.000000
-229.000000
-247.000000
-280.000000
-242.000000
-236.000000
-244.000000
-160.000000
-73.000000
-87.000000
-79.000000
-53.000000
-10.000000
38.000000
69.000000
140.000000
126.000000
168.000000
244.000000
224.000000
245.000000
305.000000
331.000000
314.000000
338.000000
343.000000
321.000000
328.000000
356.000000
359.000000
300.000000
270.000000
277.000000
223.000000
179.000000
243.000000
198.000000
74.000000
51.000000
76.000000
44.000000
-1.000000
-10.000000
-84.000000
-121.000000
-112.000000
-103.000000
-164.000000
-218.000000
-146.000000
-197.000000
-260.000000
-210.000000
-139.000000
-183.000000
-227.000000
-120.000000
-131.000000
-164.000000
-143.000000
-77.000000
-40.000000
-35.000000
32.000000
60.000000
-5.000000
48.000000
141.000000
118.000000
153.000000
185.000000
186.000000
126.000000
167.000000
224.000000
194.000000
222.000000
239.000000
210.000000
126.000000
116.000000
175.000000
165.000000
148.000000
146.000000
59.000000
-25.000000
-27.000000
-10.000000
-34.000000
-70.000000
-53.000000
-169.000000
-255.000000
-195.000000
-153.000000
-176.000000
-237.000000
-237.000000
-288.000000
-337.000000
-291.000000
-238.000000
-286.000000
-313.000000
-300.000000
-303.000000
-342.000000
-275.000000
-251.000000
-280.000000
-264.000000
-219.000000
-159.000000
-219.000000
-193.000000
-116.000000
-72.000000
-80.000000
-34.000000
10.000000
-24.000000
-2.000000
59.000000
97.000000
126.000000
141.000000
132.000000
149.000000
185.000000
230.000000
237.000000
211.000000
227.000000
225.000000
201.000000
214.000000
202.000000
195.000000
186.000000
168.000000
148.000000
131.000000
135.000000
136.000000
117.000000
81.000000
56.000000
24.000000
-29.000000
-31.000000
-4.000000
16.000000
0.000000
-26.000000
-12.000000
-59.000000
-40.000000
17.000000
2.000000
-15.000000
9.000000
-9.000000
-10.000000
48.000000
91.000000
119.000000
77.000000
45.000000
98.000000
139.000000
163.000000
210.000000
184.000000
168.000000
174.000000
162.000000
199.000000
244.000000
233.000000
179.000000
153.000000
172.000000
214.000000
197.000000
151.000000
152.000000
95.000000
25.000000
40.000000
94.000000
61.000000
-5.000000
-67.000000
-104.000000
-126.000000
-120.000000
-84.000000
-137.000000
-216.000000
-246.000000
-254.000000
-246.000000
-232.000000
-214.000000
-273.000000
-338.000000
-308.000000
-327.000000
-318.000000
-293.000000
-281.000000
-313.000000
-356.000000
-314.000000
-276.000000
-261.000000
-235.000000
-194.000000
-203.000000
-227.000000
-185.000000
-126.000000
-111.000000
-69.000000
-31.000000
-57.000000
-49.000000
8.000000
58.000000
81.000000
69.000000
74.000000
72.000000
104.000000
131.000000
153.000000
143.000000
107.000000
134.000000
126.000000
120.000000
150.000000
117.000000
95.000000
126.000000
121.000000
113.000000
90.000000
84.000000
54.000000
65.000000
113.000000
59.000000
13.000000
-2.000000
20.000000
42.000000
52.000000
55.000000
-7.000000
-36.000000
20.000000
88.000000
111.000000
72.000000
57.000000
35.000000
34.000000
134.000000
172.000000
133.000000
102.000000
100.000000
137.000000
161.000000
169.000000
180.000000
113.000000
105.000000
174.000000
219.000000
213.000000
176.000000
160.000000
137.000000
156.000000
187.000000
162.000000
114.000000
76.000000
87.000000
94.000000
67.000000
73.000000
29.000000
-56.000000
-70.000000
-35.000000
-54.000000
-100.000000
-140.000000
-174.000000
-192.000000
-180.000000
-169.000000
-193.000000
-229.000000
-263.000000
-250.000000
-260.000000
-251.000000
-232.000000
-255.000000
-272.000000
-260.000000
-261.000000
-250.000000
-203.000000
-202.000000
-204.000000
-215.000000
-202.000000
-181.000000
-197.000000
-144.000000
-85.000000
-76.000000
-78.000000
-46.000000
-26.000000
-33.000000
-11.000000
8.000000
26.000000
17.000000
40.000000
55.000000
35.000000
59.000000
95.000000
53.000000
51.000000
96.000000
72.000000
63.000000
57.000000
71.000000
45.000000
13.000000
26.000000
33.000000
22.000000
16.000000
39.000000
3.000000
-12.000000
16.000000
-3.000000
-37.000000
-10.000000
3.000000
-24.000000
-51.000000
-10.000000
18.000000
-23.000000
4.000000
22.000000
16.000000
-7.000000
26.000000
83.000000
60.000000
66.000000
80.000000
77.000000
68.000000
90.000000
126.000000
128.000000
141.000000
178.000000
161.000000
156.000000
181.000000
184.000000
179.000000
161.000000
184.000000
161.000000
146.000000
186.000000
195.000000
195.000000
186.000000
149.000000
137.000000
129.000000
110.000000
76.000000
61.000000
80.000000
64.000000
26.000000
-11.000000
-13.000000
-34.000000
-67.000000
-18.000000
-24.000000
-97.000000
-133.000000
-146.000000
-116.000000
-108.000000
-103.000000
-115.000000
-167.000000
-172.000000
-141.000000
-119.000000
-141.000000
-145.000000
-141.000000
-180.000000
-151.000000
-111.000000
-99.000000
-108.000000
-105.000000
-89.000000
-87.000000
-60.000000
-38.000000
-65.000000
-90.000000
-48.000000
-14.000000
-32.000000
-64.000000
-41.000000
-42.000000
-47.000000
-35.000000
-14.000000
6.000000
-40.000000
-73.000000
-61.000000
-49.000000
-31.000000
-29.000000
-49.000000
-63.000000
-55.000000
-36.000000
-40.000000
-21.000000
-22.000000
-64.000000
-67.000000
-80.000000
-45.000000
-19.000000
-29.000000
-25.000000
-48.000000
-46.000000
-41.000000
-6.000000
31.000000
21.000000
2.000000
-16.000000
-9.000000
-14.000000
-5.000000
44.000000
27.000000
11.000000
31.000000
36.000000
72.000000
80.000000
87.000000
88.000000
72.000000
81.000000
103.000000
117.000000
135.000000
139.000000
135.000000
134.000000
136.000000
150.000000
139.000000
151.000000
145.000000
152.000000
161.000000
155.000000
156.000000
133.000000
145.000000
130.000000
101.000000
123.000000
110.000000
85.000000
59.000000
63.000000
57.000000
17.000000
12.000000
34.000000
11.000000
-25.000000
-2.000000
-5.000000
-35.000000
-36.000000
-49.000000
-85.000000
-98.000000
-108.000000
-92.000000
-91.000000
-109.000000
-121.000000
-140.000000
-132.000000
-124.000000
-142.000000
-146.000000
-127.000000
-143.000000
-176.000000
-152.000000
-140.000000
-152.000000
-149.000000
-135.000000
-106.000000
-111.000000
-110.000000
-91.000000
-84.000000
-90.000000
-86.000000
-88.000000
-96.000000
-72.000000
-36.000000
-28.000000
-26.000000
-12.000000
-28.000000
-22.000000
9.000000
27.000000
32.000000
3.000000
0.000000
15.000000
28.000000
41.000000
46.000000
43.000000
14.000000
22.000000
35.000000
45.000000
45.000000
16.000000
20.000000
19.000000
-2.000000
19.000000
35.000000
31.000000
19.000000
17.000000
12.000000
23.000000
38.000000
24.000000
35.000000
32.000000
30.000000
46.000000
55.000000
57.000000
92.000000
101.000000
79.000000
90.000000
98.000000
103.000000
112.000000
136.000000
154.000000
142.000000
128.000000
130.000000
149.000000
157.000000
190.000000
188.000000
139.000000
132.000000
130.000000
115.000000
129.000000
135.000000
102.000000
70.000000
65.000000
80.000000
81.000000
62.000000
40.000000
27.000000
-4.000000
-26.000000
-17.000000
-40.000000
-53.000000
-63.000000
-89.000000
-97.000000
-89.000000
-99.000000
-123.000000
-126.000000
-124.000000
-129.000000
-151.000000
-164.000000
-163.000000
-181.000000
-179.000000
-165.000000
-156.000000
-157.000000
-153.000000
-159.000000
-158.000000
-133.000000
-116.000000
-110.000000
-124.000000
-114.000000
-101.000000
-103.000000
-89.000000
-57.000000
-63.000000
-74.000000
-54.000000
-39.000000
-42.000000
-31.000000
-4.000000
-2.000000
-5.000000
3.000000
16.000000
5.000000
6.000000
28.000000
32.000000
28.000000
16.000000
3.000000
-13.000000
5.000000
24.000000
22.000000
2.000000
-13.000000
-1.000000
-8.000000
13.000000
35.000000
21.000000
0.000000
12.000000
18.000000
17.000000
29.000000
16.000000
9.000000
39.000000
55.000000
65.000000
65.000000
58.000000
83.000000
96.000000
120.000000
128.000000
109.000000
93.000000
111.000000
150.000000
164.000000
172.000000
173.000000
148.000000
141.000000
171.000000
172.000000
167.000000
136.000000
132.000000
127.000000
121.000000
147.000000
130.000000
97.000000
75.000000
84.000000
67.000000
46.000000
59.000000
53.000000
18.000000
6.000000
19.000000
0.000000
-20.000000
-23.000000
-27.000000
-70.000000
-83.000000
-83.000000
-111.000000
-104.000000
-94.000000
-101.000000
-135.000000
-140.000000
-122.000000
-134.000000
-133.000000
-108.000000
-105.000000
-138.000000
-144.000000
-135.000000
-132.000000
-126.000000
-102.000000
-84.000000
-88.000000
-102.000000
-88.000000
-80.000000
-68.000000
-30.000000
-15.000000
-36.000000
-47.000000
-37.000000
-17.000000
6.000000
21.000000
23.000000
2.000000
-9.000000
18.000000
52.000000
54.000000
53.000000
53.000000
34.000000
28.000000
28.000000
37.000000
39.000000
24.000000
1.000000
-1.000000
-2.000000
-3.000000
7.000000
15.000000
18.000000
7.000000
-18.000000
-24.000000
9.000000
20.000000
5.000000
-9.000000
-17.000000
-27.000000
-6.000000
20.000000
31.000000
18.000000
-4.000000
1.000000
11.000000
36.000000
61.000000
48.000000
45.000000
40.000000
52.000000
66.000000
61.000000
58.000000
55.000000
60.000000
79.000000
91.000000
93.000000
78.000000
69.000000
67.000000
58.000000
80.000000
69.000000
58.000000
49.000000
42.000000
53.000000
50.000000
39.000000
13.000000
6.000000
10.000000
8.000000
14.000000
7.000000
-16.000000
-20.000000
-42.000000
-54.000000
-54.000000
-77.000000
-80.000000
-96.000000
-106.000000
-94.000000
-99.000000
-99.000000
-109.000000
-117.000000
-107.000000
-94.000000
-98.000000
-101.000000
-85.000000
-86.000000
-90.000000
-87.000000
-92.000000
-72.000000
-59.000000
-67.000000
-48.000000
-35.000000
-24.000000
-15.000000
-16.000000
-4.000000
-8.000000
-10.000000
0.000000
22.000000
34.000000
36.000000
39.000000
40.000000
38.000000
44.000000
54.000000
61.000000
54.000000
46.000000
53.000000
37.000000
23.000000
21.000000
24.000000
26.000000
22.000000
37.000000
33.000000
22.000000
12.000000
11.000000
10.000000
-2.000000
-8.000000
-6.000000
-7.000000
-9.000000
-2.000000
-15.000000
-21.000000
-17.000000
-18.000000
-12.000000
-8.000000
-3.000000
-12.000000
-3.000000
7.000000
12.000000
22.000000
31.000000
31.000000
34.000000
56.000000
69.000000
53.000000
40.000000
52.000000
41.000000
37.000000
49.000000
67.000000
66.000000
63.000000
85.000000
82.000000
62.000000
58.000000
53.000000
25.000000
24.000000
36.000000
34.000000
15.000000
16.000000
16.000000
-5.000000
-12.000000
-7.000000
-18.000000
-42.000000
-42.000000
-28.000000
-61.000000
-90.000000
-78.000000
-74.000000
-80.000000
-76.000000
-50.000000
-51.000000
-72.000000
-63.000000
-60.000000
-67.000000
-76.000000
-67.000000
-65.000000
-55.000000
-26.000000
-16.000000
-17.000000
-19.000000
-4.000000
-14.000000
-10.000000
7.000000
10.000000
10.000000
24.000000
34.000000
40.000000
51.000000
44.000000
43.000000
41.000000
41.000000
35.000000
34.000000
50.000000
49.000000
33.000000
26.000000
26.000000
23.000000
22.000000
43.000000
43.000000
22.000000
7.000000
-4.000000
1.000000
-4.000000
-11.000000
-10.000000
-22.000000
-14.000000
-3.000000
-11.000000
-24.000000
-46.000000
-52.000000
-65.000000
-51.000000
-28.000000
-38.000000
-56.000000
-65.000000
-47.000000
-33.000000
-30.000000
-16.000000
-26.000000
-38.000000
-29.000000
-12.000000
-7.000000
-11.000000
-12.000000
-24.000000
-28.000000
-16.000000
-1.000000
-10.000000
-8.000000
-4.000000
6.000000
13.000000
11.000000
18.000000
13.000000
15.000000
24.000000
24.000000
5.000000
-5.000000
2.000000
4.000000
4.000000
4.000000
-3.000000
-15.000000
-23.000000
-14.000000
-13.000000
-20.000000
-33.000000
-46.000000
-41.000000
-24.000000
-14.000000
-24.000000
-34.000000
-32.000000
-30.000000
-23.000000
-15.000000
-15.000000
-12.000000
-17.000000
-3.000000
8.000000
14.000000
10.000000
7.000000
26.000000
33.000000
47.000000
57.000000
54.000000
53.000000
46.000000
50.000000
61.000000
77.000000
85.000000
85.000000
86.000000
74.000000
68.000000
74.000000
84.000000
79.000000
72.000000
57.000000
52.000000
61.000000
77.000000
97.000000
83.000000
65.000000
51.000000
39.000000
43.000000
51.000000
43.000000
23.000000
