-2.000000
-2.000000
-2.000000
2.000000
9.000000
8.000000
7.000000
5.000000
-3.000000
-4.000000
-1.000000
2.000000
2.000000
8.000000
3.000000
-2.000000
1.000000
4.000000
-1.000000
-11.000000
-8.000000
2.000000
-6.000000
-4.000000
1.000000
-4.000000
-2.000000
-1.000000
3.000000
-4.000000
0.000000
4.000000
6.000000
6.000000
7.000000
5.000000
5.000000
6.000000
6.000000
5.000000
5.000000
1.000000
-1.000000
2.000000
-4.000000
1.000000
-12.000000
-5.000000
-6.000000
-12.000000
-4.000000
-9.000000
-9.000000
-8.000000
-10.000000
-11.000000
-5.000000
-1.000000
-2.000000
3.000000
-1.000000
-1.000000
-2.000000
-8.000000
-8.000000
-1.000000
3.000000
3.000000
12.000000
4.000000
10.000000
4.000000
-5.000000
3.000000
-2.000000
2.000000
-3.000000
1.000000
5.000000
3.000000
4.000000
-2.000000
-3.000000
-4.000000
-1.000000
2.000000
9.000000
5.000000
2.000000
2.000000
0.000000
3.000000
3.000000
-4.000000
-1.000000
7.000000
3.000000
6.000000
-4.000000
10.000000
11.000000
5.000000
2.000000
1.000000
4.000000
-7.000000
-5.000000
-4.000000
0.000000
-4.000000
-4.000000
4.000000
8.000000
3.000000
6.000000
-1.000000
-2.000000
-1.000000
-3.000000
-1.000000
-4.000000
-2.000000
0.000000
2.000000
10.000000
3.000000
5.000000
4.000000
-4.000000
1.000000
3.000000
5.000000
-1.000000
-3.000000
3.000000
4.000000
-2.000000
-7.000000
-7.000000
-8.000000
-2.000000
-6.000000
-6.000000
-1.000000
-3.000000
0.000000
2.000000
-4.000000
0.000000
4.000000
2.000000
0.000000
-3.000000
-7.000000
-3.000000
-1.000000
-1.000000
-3.000000
-4.000000
1.000000
-7.000000
-9.000000
-3.000000
1.000000
-1.000000
2.000000
6.000000
-3.000000
1.000000
6.000000
0.000000
0.000000
0.000000
-3.000000
3.000000
7.000000
-2.000000
4.000000
2.000000
3.000000
5.000000
2.000000
1.000000
4.000000
1.000000
-5.000000
4.000000
-5.000000
-1.000000
4.000000
5.000000
4.000000
-3.000000
5.000000
0.000000
-4.000000
-5.000000
-1.000000
4.000000
1.000000
1.000000
3.000000
4.000000
6.000000
2.000000
4.000000
-5.000000
-1.000000
0.000000
-2.000000
5.000000
-5.000000
-6.000000
-8.000000
2.000000
3.000000
-2.000000
-1.000000
-1.000000
3.000000
-6.000000
-10.000000
0.000000
-1.000000
2.000000
-4.000000
-8.000000
-7.000000
-5.000000
1.000000
1.000000
2.000000
-4.000000
-11.000000
-9.000000
-11.000000
2.000000
4.000000
9.000000
9.000000
-7.000000
-3.000000
-1.000000
-3.000000
-3.000000
3.000000
-5.000000
-2.000000
-9.000000
-2.000000
4.000000
3.000000
0.000000
-3.000000
5.000000
-2.000000
5.000000
-2.000000
-3.000000
1.000000
-4.000000
4.000000
6.000000
18.000000
11.000000
6.000000
-2.000000
-1.000000
12.000000
8.000000
8.000000
15.000000
14.000000
7.000000
3.000000
0.000000
-5.000000
-10.000000
-6.000000
-5.000000
-1.000000
-4.000000
-3.000000
2.000000
-3.000000
1.000000
-2.000000
-4.000000
-3.000000
-3.000000
-2.000000
0.000000
3.000000
-2.000000
7.000000
-3.000000
2.000000
-8.000000
0.000000
2.000000
-8.000000
-5.000000
-6.000000
8.000000
-4.000000
11.000000
6.000000
-4.000000
1.000000
-7.000000
-3.000000
-9.000000
-6.000000
3.000000
2.000000
5.000000
0.000000
-4.000000
-6.000000
-5.000000
-2.000000
2.000000
-1.000000
0.000000
3.000000
3.000000
-2.000000
-4.000000
1.000000
-5.000000
-7.000000
-5.000000
-2.000000
-3.000000
-6.000000
3.000000
1.000000
0.000000
7.000000
6.000000
7.000000
7.000000
4.000000
2.000000
1.000000
4.000000
4.000000
-2.000000
-6.000000
-10.000000
-5.000000
-7.000000
1.000000
1.000000
3.000000
0.000000
0.000000
3.000000
7.000000
10.000000
5.000000
11.000000
10.000000
2.000000
0.000000
-7.000000
-3.000000
5.000000
6.000000
0.000000
4.000000
11.000000
6.000000
6.000000
-4.000000
2.000000
10.000000
3.000000
3.000000
1.000000
-3.000000
-7.000000
-9.000000
-7.000000
-10.000000
-7.000000
-11.000000
-1.000000
-1.000000
-9.000000
1.000000
-2.000000
3.000000
0.000000
3.000000
-2.000000
-1.000000
0.000000
-5.000000
-6.000000
-11.000000
2.000000
3.000000
1.000000
1.000000
1.000000
-5.000000
-3.000000
0.000000
1.000000
9.000000
5.000000
9.000000
2.000000
-4.000000
-10.000000
-3.000000
-1.000000
-6.000000
-8.000000
-3.000000
-3.000000
-3.000000
5.000000
0.000000
-5.000000
6.000000
-3.000000
3.000000
10.000000
-1.000000
0.000000
-7.000000
3.000000
7.000000
-4.000000
2.000000
8.000000
3.000000
1.000000
-2.000000
-8.000000
-10.000000
2.000000
-4.000000
-4.000000
-1.000000
4.000000
6.000000
7.000000
10.000000
1.000000
4.000000
8.000000
7.000000
4.000000
7.000000
4.000000
5.000000
0.000000
-2.000000
0.000000
-4.000000
10.000000
2.000000
3.000000
0.000000
-1.000000
0.000000
-6.000000
-6.000000
-16.000000
-5.000000
-5.000000
-5.000000
-9.000000
-9.000000
-1.000000
3.000000
-3.000000
-1.000000
-4.000000
-9.000000
1.000000
-1.000000
12.000000
7.000000
-2.000000
-9.000000
-6.000000
-4.000000
-6.000000
-1.000000
-3.000000
-1.000000
1.000000
2.000000
-1.000000
2.000000
4.000000
6.000000
9.000000
4.000000
0.000000
8.000000
-1.000000
-2.000000
-3.000000
4.000000
13.000000
6.000000
1.000000
0.000000
1.000000
7.000000
12.000000
-1.000000
-1.000000
-4.000000
-6.000000
0.000000
0.000000
7.000000
6.000000
-7.000000
-1.000000
3.000000
5.000000
5.000000
-2.000000
6.000000
1.000000
1.000000
-2.000000
-6.000000
-7.000000
-1.000000
-1.000000
-13.000000
-14.000000
-11.000000
-12.000000
-11.000000
-3.000000
-3.000000
-3.000000
-2.000000
3.000000
-2.000000
-6.000000
1.000000
6.000000
3.000000
7.000000
7.000000
15.000000
15.000000
6.000000
14.000000
-4.000000
5.000000
11.000000
0.000000
3.000000
-4.000000
-6.000000
3.000000
3.000000
-1.000000
-2.000000
-3.000000
2.000000
2.000000
-3.000000
0.000000
-8.000000
-2.000000
6.000000
-2.000000
2.000000
-2.000000
-7.000000
3.000000
4.000000
-7.000000
-6.000000
1.000000
-3.000000
1.000000
-5.000000
-5.000000
-9.000000
-3.000000
4.000000
-6.000000
-5.000000
-8.000000
0.000000
5.000000
0.000000
7.000000
9.000000
5.000000
5.000000
7.000000
4.000000
11.000000
7.000000
4.000000
8.000000
1.000000
0.000000
-5.000000
2.000000
1.000000
6.000000
-2.000000
-1.000000
3.000000
1.000000
8.000000
1.000000
3.000000
-1.000000
-3.000000
-3.000000
0.000000
0.000000
2.000000
1.000000
-5.000000
1.000000
-2.000000
-10.000000
-10.000000
-8.000000
0.000000
-9.000000
-9.000000
-4.000000
-10.000000
-6.000000
-4.000000
-6.000000
-11.000000
-8.000000
-9.000000
-11.000000
-8.000000
5.000000
6.000000
0.000000
1.000000
5.000000
0.000000
0.000000
8.000000
6.000000
4.000000
-1.000000
4.000000
2.000000
7.000000
2.000000
-1.000000
10.000000
7.000000
2.000000
4.000000
8.000000
7.000000
15.000000
16.000000
13.000000
11.000000
4.000000
-4.000000
3.000000
-4.000000
-4.000000
-11.000000
-15.000000
4.000000
-6.000000
-3.000000
2.000000
-7.000000
0.000000
-4.000000
-4.000000
2.000000
-4.000000
-6.000000
-3.000000
5.000000
1.000000
-4.000000
1.000000
2.000000
1.000000
3.000000
8.000000
12.000000
2.000000
-2.000000
-2.000000
2.000000
5.000000
0.000000
1.000000
-3.000000
-4.000000
-4.000000
3.000000
10.000000
8.000000
5.000000
0.000000
2.000000
10.000000
6.000000
6.000000
7.000000
6.000000
4.000000
-3.000000
-3.000000
0.000000
-6.000000
-10.000000
-6.000000
-6.000000
-7.000000
-8.000000
-11.000000
-10.000000
-15.000000
-15.000000
-12.000000
-4.000000
3.000000
0.000000
-2.000000
3.000000
3.000000
-4.000000
-2.000000
-5.000000
-5.000000
3.000000
10.000000
1.000000
2.000000
1.000000
4.000000
4.000000
1.000000
7.000000
1.000000
-9.000000
1.000000
3.000000
-8.000000
4.000000
7.000000
3.000000
2.000000
-2.000000
-2.000000
5.000000
3.000000
8.000000
14.000000
9.000000
11.000000
14.000000
10.000000
3.000000
-1.000000
9.000000
9.000000
-5.000000
-8.000000
-9.000000
-8.000000
-7.000000
-1.000000
0.000000
0.000000
4.000000
6.000000
1.000000
4.000000
-4.000000
-5.000000
-3.000000
-1.000000
5.000000
-2.000000
-8.000000
-13.000000
-2.000000
-5.000000
-3.000000
-1.000000
3.000000
4.000000
-5.000000
8.000000
4.000000
1.000000
-2.000000
12.000000
2.000000
-7.000000
3.000000
4.000000
6.000000
1.000000
0.000000
-1.000000
0.000000
3.000000
5.000000
0.000000
5.000000
1.000000
-5.000000
-4.000000
5.000000
-5.000000
-3.000000
-1.000000
-7.000000
-1.000000
-2.000000
5.000000
2.000000
-5.000000
2.000000
-6.000000
-7.000000
3.000000
2.000000
2.000000
4.000000
-1.000000
5.000000
4.000000
0.000000
-1.000000
-5.000000
-1.000000
-3.000000
-6.000000
-3.000000
2.000000
2.000000
5.000000
8.000000
1.000000
-1.000000
5.000000
0.000000
-1.000000
7.000000
-2.000000
7.000000
6.000000
8.000000
7.000000
-13.000000
3.000000
0.000000
-2.000000
-3.000000
-7.000000
-12.000000
-10.000000
-3.000000
-3.000000
2.000000
0.000000
-1.000000
-1.000000
7.000000
3.000000
2.000000
4.000000
-2.000000
-3.000000
1.000000
-1.000000
7.000000
8.000000
3.000000
-7.000000
-1.000000
1.000000
1.000000
8.000000
-3.000000
4.000000
7.000000
-12.000000
-8.000000
-5.000000
-10.000000
-6.000000
-1.000000
3.000000
-1.000000
3.000000
5.000000
7.000000
5.000000
6.000000
0.000000
4.000000
13.000000
6.000000
5.000000
5.000000
4.000000
-4.000000
2.000000
0.000000
2.000000
6.000000
0.000000
-3.000000
0.000000
0.000000
-3.000000
-3.000000
2.000000
-1.000000
-4.000000
6.000000
-4.000000
3.000000
2.000000
-1.000000
-3.000000
-3.000000
4.000000
5.000000
9.000000
0.000000
2.000000
4.000000
0.000000
-7.000000
2.000000
-1.000000
0.000000
0.000000
-2.000000
-2.000000
-5.000000
6.000000
1.000000
3.000000
-3.000000
-1.000000
-6.000000
-7.000000
-2.000000
-11.000000
5.000000
-7.000000
-9.000000
-3.000000
-2.000000
-3.000000
-1.000000
-1.000000
-3.000000
2.000000
-6.000000
0.000000
-2.000000
-5.000000
-6.000000
-1.000000
-4.000000
-2.000000
-3.000000
2.000000
0.000000
8.000000
7.000000
3.000000
7.000000
-3.000000
-4.000000
-4.000000
5.000000
1.000000
2.000000
6.000000
2.000000
3.000000
7.000000
2.000000
2.000000
3.000000
1.000000
5.000000
4.000000
4.000000
7.000000
-3.000000
5.000000
4.000000
4.000000
11.000000
1.000000
8.000000
7.000000
1.000000
-6.000000
1.000000
-1.000000
-7.000000
-7.000000
0.000000
3.000000
-6.000000
1.000000
-2.000000
-2.000000
-7.000000
-11.000000
-4.000000
-6.000000
2.000000
10.000000
-1.000000
-2.000000
-3.000000
-8.000000
-4.000000
-4.000000
2.000000
4.000000
2.000000
-4.000000
-7.000000
6.000000
10.000000
-5.000000
2.000000
3.000000
3.000000
0.000000
-14.000000
-10.000000
-5.000000
3.000000
1.000000
6.000000
0.000000
-6.000000
1.000000
-6.000000
-3.000000
-7.000000
-5.000000
-2.000000
3.000000
7.000000
0.000000
8.000000
2.000000
7.000000
8.000000
7.000000
7.000000
0.000000
6.000000
-4.000000
0.000000
-4.000000
-4.000000
8.000000
-1.000000
-5.000000
-3.000000
2.000000
-2.000000
-2.000000
-3.000000
-1.000000
-1.000000
2.000000
2.000000
-8.000000
-12.000000
-4.000000
-5.000000
1.000000
3.000000
3.000000
-3.000000
-2.000000
2.000000
-2.000000
4.000000
5.000000
3.000000
-2.000000
2.000000
-7.000000
4.000000
6.000000
2.000000
1.000000
-2.000000
-3.000000
-8.000000
5.000000
-7.000000
-8.000000
8.000000
3.000000
4.000000
7.000000
5.000000
-4.000000
-8.000000
0.000000
-3.000000
-11.000000
-5.000000
-4.000000
1.000000
-7.000000
-13.000000
-7.000000
-6.000000
1.000000
2.000000
-1.000000
2.000000
-2.000000
-2.000000
-3.000000
-4.000000
-2.000000
0.000000
-9.000000
-4.000000
-1.000000
-1.000000
1.000000
1.000000
11.000000
6.000000
9.000000
4.000000
1.000000
6.000000
8.000000
3.000000
3.000000
-3.000000
2.000000
9.000000
8.000000
11.000000
4.000000
5.000000
4.000000
6.000000
4.000000
2.000000
-3.000000
-3.000000
1.000000
-3.000000
-6.000000
-14.000000
-8.000000
-7.000000
-3.000000
-7.000000
-7.000000
3.000000
-2.000000
1.000000
1.000000
3.000000
1.000000
-3.000000
7.000000
3.000000
4.000000
-6.000000
1.000000
3.000000
2.000000
5.000000
-7.000000
-1.000000
-7.000000
-2.000000
-2.000000
-4.000000
1.000000
4.000000
6.000000
6.000000
1.000000
-3.000000
0.000000
1.000000
-1.000000
3.000000
1.000000
7.000000
7.000000
-2.000000
-2.000000
0.000000
6.000000
-1.000000
0.000000
-3.000000
-8.000000
-11.000000
-5.000000
-4.000000
-11.000000
-2.000000
-2.000000
-1.000000
-3.000000
-9.000000
-12.000000
-7.000000
-2.000000
-2.000000
-2.000000
-4.000000
-3.000000
2.000000
-3.000000
1.000000
-1.000000
-2.000000
3.000000
3.000000
2.000000
4.000000
-6.000000
-1.000000
5.000000
1.000000
3.000000
-1.000000
-2.000000
4.000000
4.000000
-6.000000
2.000000
2.000000
2.000000
5.000000
12.000000
21.000000
8.000000
7.000000
6.000000
5.000000
4.000000
11.000000
8.000000
11.000000
-2.000000
-7.000000
-1.000000
0.000000
-1.000000
3.000000
3.000000
3.000000
11.000000
1.000000
2.000000
9.000000
8.000000
2.000000
1.000000
-9.000000
-9.000000
-5.000000
-9.000000
-2.000000
-1.000000
1.000000
3.000000
-7.000000
-6.000000
-2.000000
-9.000000
-6.000000
-10.000000
-11.000000
-4.000000
-1.000000
-4.000000
-3.000000
-2.000000
0.000000
4.000000
-7.000000
4.000000
8.000000
2.000000
-5.000000
-6.000000
0.000000
0.000000
2.000000
1.000000
-7.000000
1.000000
7.000000
7.000000
8.000000
-7.000000
3.000000
6.000000
3.000000
8.000000
-4.000000
-7.000000
0.000000
-7.000000
-1.000000
-5.000000
-2.000000
-1.000000
-3.000000
-1.000000
-6.000000
5.000000
-6.000000
3.000000
5.000000
-2.000000
4.000000
-2.000000
-8.000000
1.000000
4.000000
4.000000
9.000000
6.000000
-2.000000
1.000000
12.000000
1.000000
5.000000
2.000000
0.000000
2.000000
-4.000000
7.000000
5.000000
2.000000
5.000000
-5.000000
0.000000
1.000000
-3.000000
-1.000000
-7.000000
-2.000000
0.000000
-7.000000
-6.000000
-6.000000
-6.000000
-2.000000
1.000000
0.000000
-4.000000
-7.000000
-12.000000
-5.000000
-6.000000
-5.000000
4.000000
11.000000
1.000000
-7.000000
-4.000000
-2.000000
0.000000
-2.000000
3.000000
10.000000
7.000000
3.000000
4.000000
-2.000000
-1.000000
-2.000000
1.000000
2.000000
-3.000000
-4.000000
-3.000000
-2.000000
0.000000
11.000000
1.000000
-7.000000
1.000000
9.000000
17.000000
11.000000
12.000000
6.000000
9.000000
3.000000
0.000000
9.000000
10.000000
13.000000
3.000000
1.000000
0.000000
0.000000
-2.000000
1.000000
3.000000
-5.000000
-9.000000
-2.000000
-4.000000
-6.000000
-4.000000
-8.000000
-8.000000
-5.000000
-3.000000
-4.000000
0.000000
0.000000
-8.000000
2.000000
1.000000
-4.000000
1.000000
2.000000
-2.000000
-5.000000
0.000000
1.000000
0.000000
6.000000
-1.000000
-1.000000
6.000000
0.000000
3.000000
0.000000
-4.000000
-5.000000
-6.000000
-10.000000
-8.000000
-5.000000
-2.000000
-8.000000
-11.000000
0.000000
1.000000
-1.000000
6.000000
3.000000
3.000000
5.000000
-3.000000
-2.000000
-12.000000
-5.000000
-1.000000
-1.000000
6.000000
3.000000
8.000000
4.000000
0.000000
11.000000
2.000000
9.000000
7.000000
2.000000
4.000000
4.000000
6.000000
1.000000
4.000000
-2.000000
-6.000000
-3.000000
-3.000000
5.000000
8.000000
9.000000
6.000000
8.000000
13.000000
7.000000
13.000000
6.000000
-3.000000
1.000000
1.000000
5.000000
13.000000
4.000000
0.000000
-4.000000
-6.000000
-3.000000
-10.000000
0.000000
-1.000000
-8.000000
0.000000
2.000000
-3.000000
2.000000
-4.000000
2.000000
-2.000000
-4.000000
-1.000000
1.000000
7.000000
-8.000000
-1.000000
-6.000000
-10.000000
-9.000000
-9.000000
0.000000
-6.000000
-5.000000
-4.000000
3.000000
-9.000000
-12.000000
-1.000000
-6.000000
-3.000000
-2.000000
-5.000000
-2.000000
1.000000
-11.000000
-9.000000
-6.000000
-11.000000
1.000000
-3.000000
-6.000000
1.000000
-2.000000
0.000000
-1.000000
5.000000
-3.000000
5.000000
9.000000
2.000000
10.000000
-4.000000
-2.000000
-8.000000
-2.000000
-8.000000
-10.000000
-3.000000
4.000000
5.000000
-3.000000
6.000000
-1.000000
5.000000
5.000000
7.000000
9.000000
10.000000
14.000000
9.000000
12.000000
13.000000
16.000000
15.000000
10.000000
1.000000
7.000000
8.000000
-1.000000
7.000000
7.000000
7.000000
2.000000
-1.000000
1.000000
7.000000
-4.000000
0.000000
0.000000
-4.000000
-1.000000
-7.000000
1.000000
4.000000
5.000000
3.000000
1.000000
-8.000000
-3.000000
-9.000000
-5.000000
0.000000
-5.000000
-4.000000
-8.000000
-4.000000
-9.000000
-10.000000
-7.000000
-4.000000
-8.000000
0.000000
4.000000
-4.000000
1.000000
1.000000
-1.000000
1.000000
-5.000000
-2.000000
-3.000000
-5.000000
2.000000
-4.000000
-4.000000
6.000000
10.000000
6.000000
-3.000000
3.000000
-1.000000
-7.000000
3.000000
-2.000000
-6.000000
-4.000000
7.000000
7.000000
6.000000
4.000000
-5.000000
-5.000000
-2.000000
-5.000000
0.000000
5.000000
-1.000000
7.000000
0.000000
-4.000000
8.000000
-5.000000
-12.000000
-2.000000
-5.000000
3.000000
0.000000
-1.000000
0.000000
-6.000000
2.000000
4.000000
5.000000
2.000000
1.000000
3.000000
1.000000
3.000000
-2.000000
5.000000
9.000000
7.000000
5.000000
6.000000
0.000000
-6.000000
3.000000
0.000000
-8.000000
-1.000000
-1.000000
-6.000000
-6.000000
-6.000000
-6.000000
3.000000
-2.000000
-2.000000
6.000000
6.000000
4.000000
8.000000
6.000000
1.000000
7.000000
0.000000
-2.000000
-3.000000
-3.000000
4.000000
2.000000
4.000000
-9.000000
-8.000000
-1.000000
-2.000000
5.000000
3.000000
11.000000
5.000000
-3.000000
2.000000
1.000000
2.000000
5.000000
2.000000
-2.000000
5.000000
4.000000
3.000000
-1.000000
-3.000000
4.000000
2.000000
1.000000
-1.000000
-3.000000
-3.000000
-6.000000
-5.000000
-1.000000
-4.000000
-2.000000
-3.000000
-4.000000
-3.000000
0.000000
-1.000000
-7.000000
-4.000000
-1.000000
-4.000000
-3.000000
2.000000
0.000000
-8.000000
-11.000000
-7.000000
-8.000000
-5.000000
-2.000000
-2.000000
1.000000
-3.000000
-1.000000
5.000000
4.000000
2.000000
1.000000
-1.000000
9.000000
3.000000
0.000000
7.000000
7.000000
6.000000
16.000000
5.000000
-1.000000
3.000000
-6.000000
0.000000
-3.000000
-5.000000
2.000000
0.000000
2.000000
6.000000
3.000000
-3.000000
-5.000000
-8.000000
-5.000000
-1.000000
-1.000000
3.000000
-4.000000
-5.000000
-12.000000
-8.000000
1.000000
1.000000
7.000000
3.000000
9.000000
5.000000
-2.000000
0.000000
-1.000000
-4.000000
1.000000
-1.000000
-2.000000
9.000000
-1.000000
-2.000000
-7.000000
-7.000000
7.000000
1.000000
2.000000
8.000000
4.000000
2.000000
-3.000000
-2.000000
-4.000000
3.000000
6.000000
5.000000
2.000000
4.000000
8.000000
-2.000000
1.000000
-2.000000
1.000000
0.000000
-6.000000
-6.000000
-5.000000
-5.000000
-5.000000
0.000000
2.000000
-4.000000
1.000000
5.000000
0.000000
2.000000
4.000000
8.000000
14.000000
5.000000
1.000000
-1.000000
-5.000000
-3.000000
2.000000
-2.000000
-2.000000
-3.000000
-8.000000
-3.000000
-8.000000
-2.000000
3.000000
-6.000000
3.000000
-1.000000
-8.000000
-9.000000
-13.000000
0.000000
2.000000
0.000000
-5.000000
-11.000000
-7.000000
-8.000000
1.000000
6.000000
-2.000000
-3.000000
0.000000
-5.000000
-3.000000
-4.000000
-3.000000
-1.000000
-3.000000
0.000000
-2.000000
-5.000000
2.000000
-5.000000
0.000000
-1.000000
-3.000000
4.000000
-2.000000
1.000000
6.000000
7.000000
3.000000
0.000000
-1.000000
3.000000
1.000000
9.000000
0.000000
3.000000
4.000000
1.000000
8.000000
-5.000000
2.000000
0.000000
0.000000
10.000000
-1.000000
-2.000000
1.000000
-3.000000
4.000000
-7.000000
-2.000000
-1.000000
-1.000000
9.000000
6.000000
7.000000
-1.000000
-5.000000
0.000000
6.000000
10.000000
2.000000
2.000000
4.000000
0.000000
-5.000000
-1.000000
1.000000
-3.000000
-2.000000
0.000000
-5.000000
-4.000000
4.000000
3.000000
2.000000
-1.000000
-3.000000
-2.000000
-4.000000
-4.000000
0.000000
-1.000000
-3.000000
-9.000000
-3.000000
-2.000000
-4.000000
5.000000
-2.000000
-1.000000
0.000000
-8.000000
5.000000
-3.000000
-2.000000
-9.000000
-8.000000
-5.000000
-5.000000
-4.000000
-8.000000
-1.000000
4.000000
5.000000
3.000000
3.000000
0.000000
-7.000000
-4.000000
-7.000000
-5.000000
2.000000
2.000000
3.000000
7.000000
12.000000
11.000000
13.000000
14.000000
13.000000
8.000000
12.000000
10.000000
1.000000
0.000000
1.000000
1.000000
-5.000000
4.000000
4.000000
2.000000
9.000000
12.000000
3.000000
6.000000
8.000000
4.000000
6.000000
-3.000000
-5.000000
-1.000000
-1.000000
-8.000000
-7.000000
-7.000000
-5.000000
-2.000000
1.000000
-3.000000
-8.000000
-8.000000
-10.000000
-12.000000
-9.000000
5.000000
1.000000
-2.000000
3.000000
2.000000
12.000000
12.000000
3.000000
3.000000
1.000000
-3.000000
0.000000
0.000000
-3.000000
-3.000000
0.000000
-6.000000
-2.000000
-5.000000
-8.000000
-6.000000
-10.000000
-10.000000
-8.000000
-9.000000
-4.000000
-3.000000
-13.000000
-8.000000
0.000000
1.000000
-1.000000
-8.000000
-5.000000
2.000000
-3.000000
-12.000000
-13.000000
-7.000000
-1.000000
2.000000
-1.000000
0.000000
-1.000000
-1.000000
5.000000
4.000000
3.000000
5.000000
11.000000
9.000000
1.000000
-2.000000
6.000000
2.000000
0.000000
5.000000
17.000000
11.000000
12.000000
10.000000
1.000000
4.000000
-3.000000
12.000000
2.000000
0.000000
0.000000
-2.000000
0.000000
7.000000
5.000000
-1.000000
-1.000000
-1.000000
4.000000
5.000000
5.000000
0.000000
3.000000
8.000000
4.000000
-4.000000
2.000000
-3.000000
3.000000
3.000000
-1.000000
-1.000000
4.000000
4.000000
5.000000
3.000000
2.000000
5.000000
2.000000
7.000000
0.000000
-3.000000
-10.000000
-9.000000
-7.000000
-11.000000
-9.000000
-12.000000
-8.000000
-7.000000
-9.000000
2.000000
-3.000000
2.000000
5.000000
1.000000
-3.000000
-4.000000
3.000000
11.000000
7.000000
4.000000
8.000000
9.000000
3.000000
4.000000
-3.000000
-10.000000
-3.000000
-3.000000
4.000000
9.000000
0.000000
0.000000
4.000000
-6.000000
-2.000000
1.000000
-4.000000
-3.000000
-7.000000
3.000000
4.000000
3.000000
1.000000
-1.000000
-2.000000
-9.000000
-9.000000
2.000000
-1.000000
-5.000000
-1.000000
-6.000000
1.000000
-16.000000
-6.000000
-2.000000
-8.000000
-9.000000
2.000000
18.000000
4.000000
21.000000
18.000000
13.000000
9.000000
8.000000
-1.000000
-5.000000
1.000000
-5.000000
-6.000000
-9.000000
-8.000000
-6.000000
-11.000000
-6.000000
0.000000
-4.000000
3.000000
9.000000
5.000000
7.000000
6.000000
7.000000
6.000000
5.000000
13.000000
-10.000000
-10.000000
-3.000000
-18.000000
-11.000000
-9.000000
-4.000000
-4.000000
1.000000
4.000000
-1.000000
9.000000
5.000000
4.000000
4.000000
3.000000
8.000000
4.000000
-2.000000
-3.000000
0.000000
-3.000000
1.000000
0.000000
3.000000
7.000000
6.000000
5.000000
5.000000
11.000000
9.000000
3.000000
5.000000
-4.000000
-6.000000
3.000000
-2.000000
-8.000000
-7.000000
-4.000000
-1.000000
4.000000
1.000000
6.000000
7.000000
5.000000
11.000000
13.000000
11.000000
6.000000
7.000000
0.000000
-6.000000
3.000000
1.000000
-14.000000
-8.000000
-11.000000
-8.000000
-1.000000
-2.000000
3.000000
-6.000000
1.000000
6.000000
7.000000
8.000000
6.000000
6.000000
1.000000
-3.000000
-10.000000
-12.000000
-18.000000
-17.000000
-12.000000
-10.000000
-12.000000
-7.000000
-6.000000
-9.000000
1.000000
5.000000
7.000000
-2.000000
4.000000
4.000000
-2.000000
7.000000
9.000000
5.000000
1.000000
-5.000000
-1.000000
-2.000000
-8.000000
1.000000
-1.000000
7.000000
8.000000
5.000000
0.000000
-6.000000
1.000000
-7.000000
-5.000000
-5.000000
-4.000000
-8.000000
-4.000000
1.000000
4.000000
8.000000
4.000000
6.000000
10.000000
5.000000
0.000000
2.000000
9.000000
8.000000
-6.000000
0.000000
-3.000000
-10.000000
-2.000000
2.000000
1.000000
5.000000
5.000000
5.000000
2.000000
-4.000000
1.000000
-5.000000
-9.000000
0.000000
1.000000
0.000000
2.000000
-4.000000
-4.000000
1.000000
3.000000
2.000000
4.000000
5.000000
2.000000
5.000000
-6.000000
-11.000000
-1.000000
-5.000000
-1.000000
1.000000
2.000000
-2.000000
4.000000
5.000000
-2.000000
1.000000
6.000000
4.000000
1.000000
2.000000
1.000000
-1.000000
-1.000000
-14.000000
-10.000000
-12.000000
-21.000000
-15.000000
-13.000000
-22.000000
-23.000000
-17.000000
-14.000000
-17.000000
-13.000000
-7.000000
3.000000
10.000000
4.000000
13.000000
7.000000
10.000000
11.000000
9.000000
0.000000
4.000000
16.000000
8.000000
6.000000
-4.000000
-9.000000
-11.000000
-6.000000
-10.000000
-7.000000
-2.000000
-7.000000
2.000000
-2.000000
6.000000
10.000000
6.000000
1.000000
1.000000
3.000000
-12.000000
-10.000000
-13.000000
-20.000000
-23.000000
-23.000000
-18.000000
-23.000000
-10.000000
-4.000000
0.000000
10.000000
14.000000
4.000000
0.000000
-4.000000
-14.000000
-17.000000
-20.000000
-21.000000
-23.000000
-17.000000
0.000000
15.000000
26.000000
44.000000
45.000000
60.000000
53.000000
45.000000
22.000000
2.000000
-21.000000
-94.000000
-113.000000
-129.000000
-144.000000
-148.000000
-143.000000
-92.000000
-33.000000
30.000000
100.000000
144.000000
194.000000
232.000000
258.000000
245.000000
221.000000
194.000000
129.000000
66.000000
-2.000000
-62.000000
-96.000000
-124.000000
-132.000000
-111.000000
-87.000000
-49.000000
4.000000
37.000000
68.000000
110.000000
133.000000
132.000000
109.000000
81.000000
40.000000
-14.000000
-60.000000
-108.000000
-139.000000
-167.000000
-172.000000
-163.000000
-145.000000
-100.000000
-50.000000
2.000000
46.000000
75.000000
107.000000
113.000000
110.000000
86.000000
46.000000
-1.000000
-63.000000
-105.000000
-156.000000
-190.000000
-211.000000
-193.000000
-168.000000
-123.000000
-59.000000
22.000000
83.000000
146.000000
201.000000
228.000000
232.000000
199.000000
167.000000
88.000000
21.000000
-51.000000
-126.000000
-180.000000
-219.000000
-228.000000
-207.000000
-168.000000
-110.000000
-44.000000
19.000000
86.000000
148.000000
183.000000
182.000000
160.000000
124.000000
75.000000
11.000000
-43.000000
-109.000000
-149.000000
-181.000000
-196.000000
-185.000000
-168.000000
-124.000000
-64.000000
-17.000000
26.000000
71.000000
103.000000
118.000000
115.000000
111.000000
94.000000
62.000000
39.000000
0.000000
-28.000000
-53.000000
-61.000000
-58.000000
-61.000000
-47.000000
-21.000000
3.000000
3.000000
25.000000
46.000000
47.000000
44.000000
44.000000
41.000000
22.000000
7.000000
-13.000000
-41.000000
-57.000000
-80.000000
-80.000000
-86.000000
-76.000000
-60.000000
-45.000000
-17.000000
13.000000
37.000000
48.000000
82.000000
99.000000
102.000000
105.000000
92.000000
85.000000
69.000000
62.000000
41.000000
28.000000
22.000000
29.000000
32.000000
28.000000
60.000000
78.000000
108.000000
121.000000
123.000000
135.000000
135.000000
114.000000
99.000000
61.000000
35.000000
8.000000
-26.000000
-51.000000
-89.000000
-96.000000
-96.000000
-98.000000
-97.000000
-73.000000
-50.000000
-35.000000
-9.000000
8.000000
21.000000
45.000000
37.000000
31.000000
19.000000
5.000000
-7.000000
-58.000000
-86.000000
-112.000000
-144.000000
-162.000000
-193.000000
-193.000000
-201.000000
-199.000000
-198.000000
-195.000000
-179.000000
-162.000000
-149.000000
-141.000000
-133.000000
-117.000000
-99.000000
-99.000000
-96.000000
-100.000000
-72.000000
-44.000000
-26.000000
-11.000000
4.000000
45.000000
85.000000
142.000000
179.000000
226.000000
293.000000
351.000000
415.000000
461.000000
516.000000
560.000000
570.000000
580.000000
559.000000
521.000000
464.000000
404.000000
366.000000
279.000000
280.000000
272.000000
291.000000
339.000000
412.000000
505.000000
552.000000
617.000000
670.000000
618.000000
484.000000
245.000000
-14.000000
-336.000000
-774.000000
-1179.000000
-1602.000000
-1889.000000
-2090.000000
-2172.000000
-2132.000000
-1960.000000
-1551.000000
-1058.000000
-582.000000
-89.000000
430.000000
923.000000
1209.000000
1328.000000
1310.000000
1183.000000
989.000000
639.000000
228.000000
-198.000000
-508.000000
-679.000000
-831.000000
-907.000000
-838.000000
-610.000000
-344.000000
-143.000000
91.000000
263.000000
375.000000
361.000000
223.000000
39.000000
-250.000000
-483.000000
-771.000000
-1060.000000
-1237.000000
-1284.000000
-1232.000000
-1196.000000
-1038.000000
-741.000000
-479.000000
-220.000000
12.000000
248.000000
394.000000
472.000000
580.000000
558.000000
536.000000
549.000000
575.000000
593.000000
611.000000
786.000000
927.000000
1054.000000
1234.000000
1418.000000
1569.000000
1608.000000
1689.000000
1726.000000
1645.000000
1565.000000
1439.000000
1351.000000
1231.000000
1179.000000
1168.000000
1130.000000
1209.000000
1354.000000
1489.000000
1584.000000
1656.000000
1772.000000
1702.000000
1482.000000
1178.000000
797.000000
288.000000
-511.000000
-1333.000000
-2097.000000
-2769.000000
-3305.000000
-3804.000000
-4121.000000
-4172.000000
-3765.000000
-3161.000000
-2634.000000
-1979.000000
-1154.000000
-244.000000
433.000000
829.000000
1133.000000
1262.000000
1263.000000
1039.000000
621.000000
208.000000
-121.000000
-335.000000
-661.000000
-910.000000
-854.000000
-580.000000
-333.000000
-258.000000
-90.000000
208.000000
421.000000
452.000000
201.000000
-126.000000
-418.000000
-668.000000
-1031.000000
-1547.000000
-1878.000000
-1934.000000
-1828.000000
-1742.000000
-1547.000000
-1081.000000
-543.000000
-54.000000
358.000000
716.000000
1022.000000
1156.000000
1123.000000
814.000000
396.000000
27.000000
-385.000000
-886.000000
-1416.000000
-1643.000000
-1581.000000
-1429.000000
-1086.000000
-554.000000
176.000000
968.000000
1731.000000
2419.000000
2849.000000
3108.000000
3147.000000
2910.000000
2397.000000
1702.000000
1031.000000
256.000000
-437.000000
-946.000000
-1208.000000
-1241.000000
-1082.000000
-614.000000
65.000000
802.000000
1580.000000
2318.000000
3011.000000
3468.000000
3700.000000
3748.000000
3562.000000
3208.000000
2711.000000
2231.000000
1653.000000
1125.000000
780.000000
422.000000
22.000000
-216.000000
-278.000000
-457.000000
-1176.000000
-1731.000000
-2217.000000
-2664.000000
-3269.000000
-3936.000000
-4513.000000
-4882.000000
-4615.000000
-4150.000000
-3893.000000
-3444.000000
-2418.000000
-1091.000000
-165.000000
548.000000
1420.000000
2120.000000
2558.000000
2583.000000
2383.000000
1932.000000
1590.000000
1215.000000
382.000000
-479.000000
-731.000000
-602.000000
-773.000000
-1164.000000
-1048.000000
-484.000000
37.000000
269.000000
194.000000
107.000000
183.000000
349.000000
40.000000
-772.000000
-1373.000000
-1569.000000
-1787.000000
-2320.000000
-2609.000000
-2414.000000
-2142.000000
-1896.000000
-1518.000000
-977.000000
-307.000000
340.000000
755.000000
816.000000
942.000000
1220.000000
1299.000000
873.000000
335.000000
99.000000
10.000000
-163.000000
-344.000000
-314.000000
-153.000000
133.000000
505.000000
909.000000
1211.000000
1535.000000
1734.000000
1769.000000
1698.000000
1655.000000
1500.000000
1048.000000
450.000000
61.000000
-113.000000
-423.000000
-642.000000
-735.000000
-711.000000
-546.000000
-118.000000
342.000000
668.000000
1113.000000
1572.000000
1916.000000
2191.000000
2516.000000
2607.000000
2431.000000
2197.000000
2189.000000
1891.000000
1530.000000
1132.000000
926.000000
517.000000
436.000000
632.000000
917.000000
1069.000000
1484.000000
1881.000000
1965.000000
2259.000000
2416.000000
1706.000000
-180.000000
-1223.000000
-2326.000000
-3587.000000
-5321.000000
-6643.000000
-7698.000000
-7797.000000
-6868.000000
-5887.000000
-5131.000000
-3531.000000
-1195.000000
1069.000000
2179.000000
3250.000000
4452.000000
4861.000000
4449.000000
3526.000000
2619.000000
1353.000000
558.000000
-506.000000
-1949.000000
-2567.000000
-1854.000000
-1190.000000
-1285.000000
-1106.000000
69.000000
1410.000000
1939.000000
1709.000000
1109.000000
675.000000
212.000000
-364.000000
-1756.000000
-3329.000000
-4001.000000
-4067.000000
-4335.000000
-4586.000000
-3812.000000
-2607.000000
-1690.000000
-845.000000
248.000000
1386.000000
2208.000000
2486.000000
2198.000000
1447.000000
995.000000
602.000000
-224.000000
-1640.000000
-2452.000000
-2391.000000
-2187.000000
-1942.000000
-1264.000000
-150.000000
968.000000
2292.000000
3493.000000
4302.000000
4617.000000
4750.000000
4318.000000
3402.000000
2237.000000
1177.000000
-79.000000
-1621.000000
-2674.000000
-3103.000000
-3136.000000
-3057.000000
-2435.000000
-1517.000000
-412.000000
883.000000
2163.000000
3131.000000
3666.000000
4025.000000
4217.000000
4025.000000
3444.000000
2966.000000
2316.000000
1454.000000
748.000000
679.000000
453.000000
134.000000
15.000000
255.000000
460.000000
832.000000
1329.000000
1957.000000
2320.000000
2657.000000
3270.000000
3243.000000
3108.000000
2851.000000
2448.000000
95.000000
-1728.000000
-2993.000000
-4350.000000
-6087.000000
-7474.000000
-8458.000000
-8643.000000
-7434.000000
-5908.000000
-4758.000000
-3204.000000
-1021.000000
1489.000000
3068.000000
3321.000000
3949.000000
4360.000000
3741.000000
2259.000000
1112.000000
-259.000000
-1242.000000
-1554.000000
-2388.000000
-3015.000000
-2063.000000
-529.000000
157.000000
391.000000
1062.000000
2289.000000
2852.000000
2206.000000
601.000000
-606.000000
-1809.000000
-2868.000000
-4158.000000
-6001.000000
-6848.000000
-6308.000000
-5471.000000
-4974.000000
-3591.000000
-1532.000000
420.000000
1925.000000
2924.000000
3813.000000
4631.000000
4514.000000
3654.000000
2253.000000
755.000000
-253.000000
-1029.000000
-2402.000000
-3622.000000
-3400.000000
-2657.000000
-1916.000000
-712.000000
745.000000
2236.000000
3747.000000
4892.000000
5384.000000
5340.000000
4874.000000
4010.000000
2800.000000
1184.000000
-172.000000
-1160.000000
-2206.000000
-2913.000000
-2713.000000
-2109.000000
-1473.000000
-487.000000
673.000000
1773.000000
2717.000000
3375.000000
3560.000000
3284.000000
2887.000000
2354.000000
1631.000000
818.000000
220.000000
-74.000000
-223.000000
-166.000000
116.000000
674.000000
1238.000000
1515.000000
1797.000000
2039.000000
2083.000000
2098.000000
2151.000000
2076.000000
2179.000000
2279.000000
2516.000000
2700.000000
2847.000000
2712.000000
2507.000000
1389.000000
-901.000000
-2238.000000
-3967.000000
-5824.000000
-7624.000000
-8880.000000
-9996.000000
-9685.000000
-8170.000000
-6928.000000
-5218.000000
-2925.000000
-609.000000
1892.000000
3132.000000
3793.000000
4469.000000
4413.000000
3237.000000
1947.000000
813.000000
-790.000000
-1221.000000
-1607.000000
-2392.000000
-2140.000000
-678.000000
453.000000
1032.000000
1620.000000
2435.000000
3191.000000
2939.000000
1484.000000
-134.000000
-1523.000000
-2901.000000
-3956.000000
-5413.000000
-6826.000000
-6638.000000
-5359.000000
-4366.000000
-3282.000000
-1156.000000
947.000000
2510.000000
3589.000000
4194.000000
4529.000000
4354.000000
3309.000000
1604.000000
-327.000000
-1805.000000
-2589.000000
-3472.000000
-4672.000000
-4725.000000
-3459.000000
-2234.000000
-888.000000
901.000000
2603.000000
4163.000000
5514.000000
6046.000000
5924.000000
5456.000000
4561.000000
3281.000000
1774.000000
157.000000
-836.000000
-1633.000000
-2480.000000
-2464.000000
-1659.000000
-976.000000
-204.000000
789.000000
1599.000000
2358.000000
2923.000000
2674.000000
2031.000000
1302.000000
530.000000
-151.000000
-650.000000
-952.000000
-701.000000
-166.000000
287.000000
1282.000000
2257.000000
2982.000000
3419.000000
3568.000000
3182.000000
2648.000000
2104.000000
1184.000000
445.000000
-60.000000
-212.000000
386.000000
1082.000000
2031.000000
3246.000000
4158.000000
4686.000000
4938.000000
4283.000000
1795.000000
-800.000000
-3379.000000
-6094.000000
-8453.000000
-10471.000000
-12032.000000
-12084.000000
-10669.000000
-8511.000000
-5980.000000
-3042.000000
11.000000
3265.000000
5342.000000
5786.000000
6174.000000
5957.000000
4426.000000
2363.000000
202.000000
-2014.000000
-3180.000000
-3417.000000
-3689.000000
-3450.000000
-1931.000000
32.000000
1710.000000
2556.000000
3151.000000
3901.000000
3501.000000
1681.000000
-352.000000
-2570.000000
-4676.000000
-5937.000000
-6983.000000
-8166.000000
-7854.000000
-6066.000000
-4126.000000
-2007.000000
495.000000
3063.000000
5168.000000
6043.000000
6019.000000
5616.000000
4442.000000
2551.000000
403.000000
-2087.000000
-4362.000000
-5358.000000
-5714.000000
-5925.000000
-5176.000000
-3402.000000
-1321.000000
813.000000
2950.000000
4893.000000
6189.000000
6572.000000
6250.000000
5310.000000
3783.000000
2051.000000
516.000000
-1008.000000
-2048.000000
-2321.000000
-2117.000000
-1674.000000
-705.000000
727.000000
2021.000000
2827.000000
3220.000000
3328.000000
3008.000000
2325.000000
1448.000000
564.000000
-328.000000
-755.000000
-808.000000
-258.000000
554.000000
1804.000000
3113.000000
4044.000000
4755.000000
5335.000000
5406.000000
4880.000000
4030.000000
2956.000000
1786.000000
1181.000000
853.000000
547.000000
1050.000000
1434.000000
2256.000000
2896.000000
3014.000000
1435.000000
-746.000000
-2825.000000
-5151.000000
-7302.000000
-9518.000000
-11394.000000
-11984.000000
-11338.000000
-9545.000000
-7234.000000
-4446.000000
-1171.000000
2184.000000
4702.000000
5540.000000
6210.000000
6125.000000
4779.000000
2628.000000
199.000000
-1971.000000
-3454.000000
-4116.000000
-4434.000000
-3977.000000
-2183.000000
329.000000
2473.000000
3665.000000
4591.000000
5726.000000
5602.000000
3810.000000
1086.000000
-2001.000000
-4785.000000
-6867.000000
-8379.000000
-9710.000000
-9679.000000
-8198.000000
-6109.000000
-3688.000000
-789.000000
2331.000000
4842.000000
5969.000000
5978.000000
5405.000000
4175.000000
2254.000000
-133.000000
-2653.000000
-4793.000000
-5616.000000
-5635.000000
-5325.000000
-4137.000000
-1913.000000
591.000000
2598.000000
4295.000000
5680.000000
6544.000000
6682.000000
6063.000000
4634.000000
2705.000000
888.000000
-427.000000
-1463.000000
-2103.000000
-2070.000000
-1543.000000
-940.000000
-121.000000
1178.000000
2321.000000
2957.000000
2976.000000
2664.000000
2046.000000
1429.000000
986.000000
500.000000
180.000000
127.000000
380.000000
901.000000
1615.000000
2487.000000
3225.000000
3521.000000
3360.000000
3174.000000
2879.000000
2139.000000
1516.000000
970.000000
401.000000
220.000000
424.000000
999.000000
2011.000000
3365.000000
4560.000000
5411.000000
5751.000000
5715.000000
5213.000000
2961.000000
-1069.000000
-4908.000000
-8078.000000
-10825.000000
-12569.000000
-13258.000000
-13090.000000
-11389.000000
-8228.000000
-4890.000000
-1583.000000
1821.000000
5051.000000
6992.000000
6463.000000
4640.000000
2954.000000
797.000000
-1657.000000
-3696.000000
-5506.000000
-6343.000000
-5209.000000
-3104.000000
-833.000000
2175.000000
5601.000000
7920.000000
8339.000000
7286.000000
6120.000000
4337.000000
1045.000000
-3053.000000
-7135.000000
-10357.000000
-11649.000000
-11092.000000
-10035.000000
-8218.000000
-4665.000000
-843.000000
2058.000000
4228.000000
6037.000000
7131.000000
6552.000000
4273.000000
1059.000000
-2088.000000
-4777.000000
-6358.000000
-7082.000000
-7274.000000
-6015.000000
-3439.000000
-836.000000
1654.000000
4602.000000
7155.000000
8025.000000
7088.000000
5611.000000
3815.000000
1740.000000
-15.000000
-1529.000000
-2909.000000
-3426.000000
-2556.000000
-1102.000000
552.000000
2442.000000
4407.000000
5220.000000
4604.000000
3917.000000
3204.000000
1691.000000
-24.000000
-1453.000000
-2488.000000
-2886.000000
-2332.000000
-1078.000000
547.000000
2574.000000
4624.000000
6091.000000
6176.000000
6011.000000
5766.000000
4625.000000
2972.000000
1136.000000
-396.000000
-1870.000000
-2366.000000
-1886.000000
-1183.000000
-26.000000
1612.000000
3095.000000
4668.000000
5938.000000
7092.000000
7389.000000
6845.000000
5657.000000
3662.000000
-36.000000
-5464.000000
-8571.000000
-10748.000000
-12235.000000
-12603.000000
-11961.000000
-10279.000000
-7351.000000
-3562.000000
-498.000000
1565.000000
3520.000000
4811.000000
4302.000000
1274.000000
-1173.000000
-2333.000000
-3961.000000
-5284.000000
-6164.000000
-5410.000000
-3392.000000
14.000000
3266.000000
5457.000000
7762.000000
9735.000000
9598.000000
6728.000000
3393.000000
925.000000
-2252.000000
-6253.000000
-9787.000000
-11852.000000
-11965.000000
-10168.000000
-7287.000000
-4702.000000
-1497.000000
2326.000000
4719.000000
5015.000000
4496.000000
4273.000000
3086.000000
162.000000
-2998.000000
-5508.000000
-6733.000000
-6405.000000
-5130.000000
-3341.000000
-985.000000
2139.000000
4637.000000
5807.000000
6139.000000
6249.000000
5475.000000
2623.000000
-340.000000
-2308.000000
-3616.000000
-3787.000000
-3004.000000
-1627.000000
100.000000
2540.000000
4898.000000
6158.000000
6878.000000
7069.000000
6314.000000
3716.000000
699.000000
-1290.000000
-2730.000000
-3637.000000
-3759.000000
-2791.000000
-1378.000000
517.000000
2587.000000
4325.000000
5601.000000
6314.000000
6185.000000
4697.000000
2662.000000
1220.000000
437.000000
-561.000000
-1099.000000
-881.000000
-132.000000
674.000000
1680.000000
2781.000000
3674.000000
4122.000000
4166.000000
3886.000000
3598.000000
3449.000000
3565.000000
3386.000000
3256.000000
3244.000000
2436.000000
-376.000000
-4896.000000
-7364.000000
-8881.000000
-9846.000000
-10814.000000
-10853.000000
-10150.000000
-8124.000000
-5101.000000
-2924.000000
-979.000000
1508.000000
3675.000000
3504.000000
858.000000
-1031.000000
-1596.000000
-2268.000000
-3439.000000
-4411.000000
-3877.000000
-2325.000000
478.000000
2919.000000
4548.000000
6638.000000
8627.000000
8039.000000
4457.000000
1189.000000
-548.000000
-2733.000000
-5713.000000
-8540.000000
-9923.000000
-9355.000000
-7200.000000
-4548.000000
-2440.000000
346.000000
3432.000000
4375.000000
2880.000000
1238.000000
952.000000
47.000000
-2145.000000
-4652.000000
-6061.000000
-5893.000000
-4402.000000
-2207.000000
-25.000000
2478.000000
5138.000000
6193.000000
5149.000000
3807.000000
3082.000000
1903.000000
-813.000000
-3272.000000
-4115.000000
-3590.000000
-2165.000000
-93.000000
2176.000000
4329.000000
6411.000000
7189.000000
6200.000000
5034.000000
4292.000000
2828.000000
41.000000
-2683.000000
-3649.000000
-3330.000000
-2350.000000
-1117.000000
709.000000
2798.000000
4566.000000
5503.000000
5214.000000
4609.000000
4260.000000
3530.000000
1726.000000
-208.000000
-819.000000
-470.000000
-117.000000
362.000000
1104.000000
2190.000000
3023.000000
2826.000000
2375.000000
1796.000000
1863.000000
1649.000000
1265.000000
822.000000
1273.000000
2819.000000
3661.000000
4660.000000
5529.000000
6404.000000
5067.000000
863.000000
-4833.000000
-8768.000000
-11184.000000
-12506.000000
-13155.000000
-12569.000000
-10712.000000
-6732.000000
-3096.000000
-947.000000
1381.000000
4190.000000
5541.000000
3451.000000
-641.000000
-3881.000000
-4889.000000
-5262.000000
-5511.000000
-5101.000000
-2831.000000
910.000000
4955.000000
6665.000000
7760.000000
9491.000000
10032.000000
7015.000000
1093.000000
-3951.000000
-6481.000000
-7683.000000
-9068.000000
-10009.000000
-9020.000000
-6017.000000
-2340.000000
-298.000000
792.000000
2715.000000
4124.000000
2646.000000
-1241.000000
-4639.000000
-5331.000000
-4647.000000
-4453.000000
-4621.000000
-3221.000000
-204.000000
2842.000000
4613.000000
5120.000000
6026.000000
6724.000000
5088.000000
1085.000000
-2730.000000
-4299.000000
-3887.000000
-3766.000000
-3359.000000
-1676.000000
1406.000000
4096.000000
5552.000000
5905.000000
6095.000000
6453.000000
5050.000000
2018.000000
-697.000000
-1669.000000
-1239.000000
-1007.000000
-1008.000000
106.000000
2089.000000
3597.000000
3651.000000
3410.000000
3319.000000
3456.000000
2639.000000
489.000000
-1253.000000
-927.000000
557.000000
1753.000000
2060.000000
3052.000000
4276.000000
4687.000000
4009.000000
2538.000000
2007.000000
1632.000000
1166.000000
-135.000000
-1255.000000
-500.000000
1478.000000
3060.000000
4260.000000
4539.000000
6125.000000
6278.000000
5950.000000
3466.000000
1806.000000
-2090.000000
-8371.000000
-11341.000000
-14630.000000
-14036.000000
-11800.000000
-8091.000000
-6112.000000
-2809.000000
570.000000
1624.000000
1900.000000
980.000000
451.000000
-809.000000
-4488.000000
-6908.000000
-7922.000000
-6554.000000
-2711.000000
225.000000
3356.000000
6110.000000
9090.000000
8969.000000
7651.000000
5303.000000
3148.000000
1395.000000
-2869.000000
-6647.000000
-8492.000000
-8133.000000
-5531.000000
-3442.000000
-2527.000000
-795.000000
683.000000
710.000000
-1088.000000
-2851.000000
-4498.000000
-4694.000000
-5263.000000
-6714.000000
-5892.000000
-3833.000000
-199.000000
2403.000000
3569.000000
4778.000000
5240.000000
4775.000000
3027.000000
912.000000
-647.000000
-706.000000
-546.000000
-1663.000000
-1596.000000
-228.000000
1748.000000
3386.000000
3662.000000
3646.000000
3203.000000
2509.000000
1320.000000
-287.000000
-738.000000
119.000000
1411.000000
1883.000000
1834.000000
2145.000000
2583.000000
2928.000000
2384.000000
2019.000000
1659.000000
1102.000000
423.000000
-207.000000
14.000000
1053.000000
2363.000000
3102.000000
3175.000000
3188.000000
3441.000000
3181.000000
2762.000000
2410.000000
2253.000000
2231.000000
1724.000000
1256.000000
1164.000000
1239.000000
1805.000000
2098.000000
1535.000000
1651.000000
2133.000000
2069.000000
2180.000000
2603.000000
2828.000000
3501.000000
3551.000000
2774.000000
350.000000
-4718.000000
-7412.000000
-9711.000000
-10596.000000
-8846.000000
-6776.000000
-5611.000000
-3394.000000
-1863.000000
-2355.000000
-1899.000000
-2494.000000
-2142.000000
-1792.000000
-3160.000000
-4267.000000
-4779.000000
-4879.000000
-2565.000000
-342.000000
1600.000000
4558.000000
5835.000000
5517.000000
4515.000000
2573.000000
1354.000000
1501.000000
-101.000000
-1394.000000
-2066.000000
-3002.000000
-2562.000000
-2231.000000
-2551.000000
-1806.000000
-1567.000000
-2129.000000
-2996.000000
-5103.000000
-6252.000000
-5914.000000
-5417.000000
-4794.000000
-3269.000000
-2153.000000
-822.000000
-42.000000
-54.000000
596.000000
864.000000
1385.000000
1905.000000
1585.000000
1346.000000
2093.000000
2715.000000
3241.000000
3839.000000
4038.000000
3820.000000
3371.000000
2226.000000
871.000000
199.000000
-2.000000
136.000000
69.000000
320.000000
483.000000
1166.000000
1976.000000
2292.000000
2116.000000
1708.000000
1340.000000
878.000000
447.000000
353.000000
574.000000
1022.000000
1669.000000
1951.000000
2168.000000
2308.000000
2467.000000
2430.000000
2671.000000
2847.000000
3095.000000
3573.000000
3602.000000
3473.000000
3189.000000
2758.000000
2277.000000
1665.000000
802.000000
254.000000
-55.000000
-334.000000
-231.000000
540.000000
1380.000000
2695.000000
3844.000000
4188.000000
3720.000000
3149.000000
3153.000000
1874.000000
-38.000000
-2531.000000
-5081.000000
-7505.000000
-7961.000000
-8426.000000
-7800.000000
-5222.000000
-2525.000000
-314.000000
-144.000000
-2007.000000
-3941.000000
-5471.000000
-6729.000000
-6626.000000
-6256.000000
-4950.000000
-2982.000000
-1803.000000
-1121.000000
132.000000
1279.000000
3268.000000
4273.000000
3415.000000
2627.000000
1662.000000
630.000000
396.000000
329.000000
662.000000
1878.000000
2148.000000
1181.000000
-313.000000
-2203.000000
-3344.000000
-3763.000000
-4469.000000
-4776.000000
-4571.000000
-4337.000000
-3827.000000
-3829.000000
-3868.000000
-3218.000000
-2626.000000
-2178.000000
-2035.000000
-2529.000000
-2663.000000
-1916.000000
-1287.000000
25.000000
1729.000000
3583.000000
5441.000000
6601.000000
6333.000000
5359.000000
4051.000000
2653.000000
1586.000000
988.000000
1020.000000
1220.000000
1817.000000
2339.000000
2340.000000
2384.000000
2666.000000
2676.000000
2474.000000
1678.000000
917.000000
130.000000
-300.000000
-229.000000
-16.000000
387.000000
1169.000000
1786.000000
1828.000000
1622.000000
631.000000
-40.000000
131.000000
594.000000
1513.000000
2652.000000
3483.000000
4121.000000
4063.000000
3574.000000
2787.000000
2114.000000
1858.000000
1644.000000
1657.000000
1759.000000
1686.000000
1886.000000
2471.000000
2729.000000
3235.000000
3575.000000
3255.000000
3056.000000
2487.000000
1986.000000
1970.000000
-212.000000
-2377.000000
-4344.000000
-7629.000000
-8596.000000
-8342.000000
-7516.000000
-4665.000000
-2039.000000
-938.000000
-854.000000
-3298.000000
-6463.000000
-8098.000000
-9777.000000
-8650.000000
-6015.000000
-4060.000000
-1381.000000
-223.000000
-661.000000
-587.000000
-1380.000000
-1490.000000
-202.000000
543.000000
1989.000000
3516.000000
3342.000000
3255.000000
3380.000000
2616.000000
2878.000000
2689.000000
2014.000000
1540.000000
-11.000000
-1579.000000
-2483.000000
-3616.000000
-3446.000000
-2288.000000
-1589.000000
-699.000000
-624.000000
-1691.000000
-3093.000000
-5200.000000
-6595.000000
-6790.000000
-6458.000000
-4753.000000
-2472.000000
-681.000000
975.000000
1909.000000
2064.000000
2390.000000
2144.000000
2206.000000
2401.000000
2297.000000
2745.000000
3112.000000
3401.000000
3758.000000
3996.000000
4413.000000
4550.000000
4177.000000
3817.000000
3409.000000
2724.000000
2372.000000
2129.000000
2056.000000
2302.000000
2525.000000
2541.000000
2010.000000
1431.000000
777.000000
185.000000
-48.000000
7.000000
374.000000
1032.000000
1450.000000
1649.000000
1516.000000
870.000000
217.000000
-334.000000
-836.000000
-880.000000
-512.000000
-132.000000
559.000000
1336.000000
1965.000000
2141.000000
1956.000000
1538.000000
1396.000000
1234.000000
1574.000000
2155.000000
2726.000000
3504.000000
4116.000000
4235.000000
3890.000000
3004.000000
1138.000000
-211.000000
-2100.000000
-3672.000000
-4174.000000
-4254.000000
-3626.000000
-2795.000000
-2204.000000
-2068.000000
-2750.000000
-4247.000000
-5708.000000
-7264.000000
-8116.000000
-7525.000000
-6618.000000
-5416.000000
-3945.000000
-3199.000000
-2464.000000
-2543.000000
-3093.000000
-3178.000000
-2893.000000
-2006.000000
-519.000000
675.000000
1404.000000
2224.000000
2046.000000
1639.000000
962.000000
346.000000
388.000000
708.000000
1091.000000
1739.000000
1979.000000
1799.000000
1688.000000
785.000000
-11.000000
-701.000000
-1358.000000
-1758.000000
-2189.000000
-2480.000000
-2296.000000
-2149.000000
-1691.000000
-946.000000
-285.000000
513.000000
1060.000000
1168.000000
957.000000
183.000000
-534.000000
-1001.000000
-1578.000000
-1414.000000
-793.000000
82.000000
1277.000000
2179.000000
2419.000000
2280.000000
1769.000000
1350.000000
1184.000000
1181.000000
1729.000000
2356.000000
2992.000000
3590.000000
3793.000000
3883.000000
3921.000000
3865.000000
3860.000000
3981.000000
3840.000000
3768.000000
3623.000000
3179.000000
2849.000000
2319.000000
1811.000000
1471.000000
1017.000000
657.000000
338.000000
-230.000000
-535.000000
-900.000000
-1351.000000
-1630.000000
-1809.000000
-1923.000000
-1943.000000
-1945.000000
-1975.000000
-1586.000000
-1373.000000
-840.000000
-341.000000
-73.000000
544.000000
869.000000
1069.000000
1291.000000
1262.000000
988.000000
706.000000
43.000000
-537.000000
-494.000000
-464.000000
0.000000
607.000000
833.000000
803.000000
113.000000
-1095.000000
-2133.000000
-2950.000000
-3257.000000
-2849.000000
-2267.000000
-1466.000000
-647.000000
-561.000000
-998.000000
-1825.000000
-2873.000000
-3537.000000
-3690.000000
-3529.000000
-2751.000000
-1777.000000
-1137.000000
-920.000000
-1409.000000
-2064.000000
-2590.000000
-2817.000000
-2583.000000
-1819.000000
-937.000000
-234.000000
61.000000
-208.000000
-892.000000
-1591.000000
-2050.000000
-2189.000000
-1864.000000
-1212.000000
-330.000000
477.000000
1055.000000
1278.000000
1551.000000
1619.000000
1542.000000
1552.000000
1468.000000
1405.000000
1350.000000
1251.000000
1074.000000
872.000000
761.000000
691.000000
771.000000
1040.000000
1354.000000
1504.000000
1558.000000
1418.000000
1017.000000
660.000000
311.000000
-47.000000
-134.000000
52.000000
522.000000
944.000000
1282.000000
1671.000000
1739.000000
1841.000000
1894.000000
1748.000000
1648.000000
1708.000000
1577.000000
1573.000000
1451.000000
1318.000000
1429.000000
1391.000000
1461.000000
1494.000000
1267.000000
1060.000000
882.000000
514.000000
313.000000
148.000000
117.000000
276.000000
244.000000
383.000000
529.000000
538.000000
738.000000
879.000000
834.000000
850.000000
681.000000
505.000000
383.000000
138.000000
24.000000
-46.000000
-120.000000
-64.000000
-84.000000
-161.000000
-90.000000
-198.000000
-383.000000
-553.000000
-850.000000
-1156.000000
-1344.000000
-1620.000000
-1852.000000
-1896.000000
-1852.000000
-1628.000000
-1421.000000
-1244.000000
-1115.000000
-1130.000000
-1339.000000
-1604.000000
-1915.000000
-2179.000000
-2115.000000
-1921.000000
-1627.000000
-1273.000000
-1028.000000
-848.000000
-734.000000
-908.000000
-998.000000
-1252.000000
-1609.000000
-1789.000000
-1923.000000
-1964.000000
-2037.000000
-2104.000000
-2076.000000
-1973.000000
-1799.000000
-1420.000000
-986.000000
-580.000000
-75.000000
213.000000
321.000000
249.000000
9.000000
-69.000000
-35.000000
62.000000
289.000000
608.000000
859.000000
1080.000000
1229.000000
1327.000000
1367.000000
1412.000000
1365.000000
1200.000000
932.000000
675.000000
576.000000
544.000000
615.000000
740.000000
817.000000
924.000000
1063.000000
1186.000000
1312.000000
1380.000000
1442.000000
1507.000000
1485.000000
1426.000000
1488.000000
1552.000000
1616.000000
1743.000000
1716.000000
1626.000000
1485.000000
1238.000000
1049.000000
848.000000
732.000000
714.000000
819.000000
907.000000
954.000000
957.000000
929.000000
981.000000
1040.000000
1089.000000
1119.000000
1138.000000
1158.000000
1071.000000
935.000000
813.000000
757.000000
843.000000
896.000000
917.000000
861.000000
677.000000
628.000000
456.000000
204.000000
-24.000000
-240.000000
-549.000000
-908.000000
-1179.000000
-1341.000000
-1386.000000
-1443.000000
-1491.000000
-1549.000000
-1684.000000
-1891.000000
-2103.000000
-2318.000000
-2331.000000
-2237.000000
-2043.000000
-1977.000000
-2035.000000
-2127.000000
-2127.000000
-2150.000000
-2054.000000
-1744.000000
-1456.000000
-1192.000000
-1046.000000
-1083.000000
-1230.000000
-1318.000000
-1526.000000
-1645.000000
-1583.000000
-1457.000000
-1215.000000
-1092.000000
-1063.000000
-1010.000000
-827.000000
-732.000000
-676.000000
-455.000000
-281.000000
31.000000
318.000000
494.000000
485.000000
430.000000
385.000000
315.000000
265.000000
369.000000
648.000000
876.000000
997.000000
1044.000000
1018.000000
908.000000
806.000000
627.000000
541.000000
456.000000
531.000000
611.000000
501.000000
391.000000
294.000000
256.000000
231.000000
366.000000
557.000000
876.000000
1222.000000
1459.000000
1556.000000
1437.000000
1306.000000
1194.000000
1069.000000
1112.000000
1168.000000
1276.000000
1434.000000
1359.000000
1272.000000
1235.000000
1138.000000
1104.000000
1118.000000
1131.000000
1145.000000
1157.000000
1101.000000
991.000000
775.000000
602.000000
539.000000
472.000000
565.000000
719.000000
850.000000
927.000000
817.000000
681.000000
431.000000
309.000000
219.000000
56.000000
23.000000
-128.000000
-300.000000
-422.000000
-562.000000
-814.000000
-881.000000
-918.000000
-897.000000
-835.000000
-957.000000
-1029.000000
-1104.000000
-1217.000000
-1252.000000
-1292.000000
-1351.000000
-1227.000000
-1138.000000
-1061.000000
-983.000000
-1011.000000
-960.000000
-878.000000
-876.000000
-871.000000
-845.000000
-816.000000
-760.000000
-743.000000
-691.000000
-612.000000
-623.000000
-646.000000
-733.000000
-924.000000
-1053.000000
-1205.000000
-1309.000000
-1256.000000
-1194.000000
-1080.000000
-888.000000
-765.000000
-726.000000
-546.000000
-506.000000
-403.000000
-237.000000
-234.000000
-191.000000
-187.000000
-206.000000
-241.000000
-177.000000
-162.000000
21.000000
223.000000
416.000000
600.000000
622.000000
685.000000
767.000000
724.000000
646.000000
621.000000
613.000000
631.000000
663.000000
665.000000
682.000000
733.000000
792.000000
898.000000
902.000000
863.000000
917.000000
1017.000000
911.000000
862.000000
822.000000
725.000000
670.000000
621.000000
649.000000
589.000000
640.000000
711.000000
691.000000
540.000000
430.000000
259.000000
117.000000
63.000000
117.000000
242.000000
388.000000
516.000000
545.000000
525.000000
530.000000
639.000000
793.000000
968.000000
1051.000000
1141.000000
1036.000000
835.000000
702.000000
465.000000
279.000000
214.000000
151.000000
249.000000
348.000000
408.000000
405.000000
248.000000
-17.000000
-283.000000
-582.000000
-878.000000
-1045.000000
-1154.000000
-1149.000000
-1212.000000
-1178.000000
-1141.000000
-1145.000000
-1048.000000
-961.000000
-903.000000
-849.000000
-813.000000
-856.000000
-782.000000
-762.000000
-716.000000
-609.000000
-527.000000
-341.000000
-210.000000
-130.000000
-93.000000
-172.000000
-277.000000
-402.000000
-600.000000
-807.000000
-864.000000
-850.000000
-813.000000
-659.000000
-539.000000
-420.000000
-225.000000
-111.000000
-109.000000
-17.000000
14.000000
-18.000000
-36.000000
-117.000000
-190.000000
-271.000000
-344.000000
-402.000000
-363.000000
-287.000000
-71.000000
60.000000
112.000000
191.000000
208.000000
208.000000
101.000000
-33.000000
-65.000000
18.000000
92.000000
168.000000
248.000000
274.000000
351.000000
419.000000
424.000000
462.000000
541.000000
648.000000
745.000000
772.000000
803.000000
845.000000
814.000000
775.000000
651.000000
615.000000
602.000000
562.000000
606.000000
591.000000
571.000000
537.000000
469.000000
307.000000
219.000000
137.000000
86.000000
135.000000
94.000000
155.000000
175.000000
185.000000
262.000000
253.000000
301.000000
347.000000
301.000000
281.000000
204.000000
125.000000
95.000000
101.000000
77.000000
173.000000
246.000000
247.000000
290.000000
202.000000
65.000000
-141.000000
-297.000000
-402.000000
-480.000000
-509.000000
-500.000000
-484.000000
-453.000000
-401.000000
-313.000000
-293.000000
-304.000000
-314.000000
-375.000000
-474.000000
-509.000000
-499.000000
-475.000000
-356.000000
-259.000000
-203.000000
-91.000000
-13.000000
-13.000000
17.000000
-61.000000
-179.000000
-203.000000
-267.000000
-297.000000
-330.000000
-352.000000
-262.000000
-193.000000
-153.000000
-47.000000
23.000000
92.000000
217.000000
268.000000
287.000000
311.000000
248.000000
181.000000
68.000000
-81.000000
-136.000000
-190.000000
-197.000000
-105.000000
-7.000000
36.000000
72.000000
49.000000
-21.000000
-13.000000
-41.000000
-79.000000
-80.000000
-62.000000
-72.000000
-49.000000
-119.000000
-155.000000
-169.000000
-153.000000
-63.000000
-32.000000
38.000000
120.000000
149.000000
86.000000
95.000000
65.000000
80.000000
43.000000
-26.000000
-68.000000
-113.000000
-132.000000
-89.000000
-101.000000
-82.000000
43.000000
98.000000
114.000000
71.000000
-7.000000
-51.000000
-56.000000
-114.000000
-103.000000
-56.000000
-20.000000
100.000000
165.000000
207.000000
238.000000
220.000000
134.000000
70.000000
62.000000
91.000000
199.000000
244.000000
340.000000
402.000000
428.000000
458.000000
473.000000
383.000000
264.000000
145.000000
-36.000000
-190.000000
-290.000000
-323.000000
-284.000000
-198.000000
-126.000000
-15.000000
-32.000000
-11.000000
-35.000000
-118.000000
-110.000000
-134.000000
-107.000000
-70.000000
-23.000000
8.000000
77.000000
147.000000
204.000000
266.000000
298.000000
339.000000
283.000000
224.000000
172.000000
88.000000
75.000000
67.000000
91.000000
87.000000
91.000000
101.000000
133.000000
191.000000
247.000000
288.000000
286.000000
277.000000
173.000000
86.000000
-55.000000
-182.000000
-248.000000
-273.000000
-294.000000
-300.000000
-228.000000
-114.000000
-43.000000
18.000000
78.000000
80.000000
37.000000
-2.000000
-75.000000
-95.000000
-37.000000
20.000000
80.000000
79.000000
83.000000
77.000000
75.000000
77.000000
154.000000
215.000000
235.000000
253.000000
178.000000
54.000000
-65.000000
-201.000000
-291.000000
-293.000000
-299.000000
-299.000000
-253.000000
-239.000000
-227.000000
-231.000000
-286.000000
-274.000000
-249.000000
-257.000000
-268.000000
-302.000000
-347.000000
-338.000000
-345.000000
-376.000000
-326.000000
-267.000000
-168.000000
-105.000000
-167.000000
-213.000000
-233.000000
-241.000000
-230.000000
-190.000000
-96.000000
5.000000
73.000000
135.000000
161.000000
138.000000
144.000000
103.000000
5.000000
-66.000000
-90.000000
-41.000000
1.000000
19.000000
60.000000
81.000000
72.000000
48.000000
11.000000
-63.000000
-134.000000
-177.000000
-210.000000
-193.000000
-153.000000
-65.000000
8.000000
118.000000
160.000000
194.000000
235.000000
164.000000
97.000000
55.000000
-2.000000
-9.000000
25.000000
39.000000
63.000000
157.000000
244.000000
308.000000
391.000000
468.000000
564.000000
606.000000
636.000000
645.000000
594.000000
540.000000
466.000000
391.000000
339.000000
302.000000
296.000000
321.000000
305.000000
325.000000
370.000000
327.000000
256.000000
225.000000
143.000000
100.000000
75.000000
27.000000
39.000000
24.000000
78.000000
98.000000
74.000000
67.000000
88.000000
109.000000
144.000000
145.000000
121.000000
134.000000
78.000000
12.000000
-80.000000
-206.000000
-307.000000
-341.000000
-368.000000
-397.000000
-404.000000
-397.000000
-348.000000
-310.000000
-276.000000
-270.000000
-283.000000
-305.000000
-330.000000
-343.000000
-375.000000
-364.000000
-325.000000
-307.000000
-281.000000
-294.000000
-302.000000
-331.000000
-304.000000
-270.000000
-292.000000
-291.000000
-292.000000
-318.000000
-316.000000
-290.000000
-267.000000
-283.000000
-283.000000
-283.000000
-297.000000
-286.000000
-303.000000
-269.000000
-256.000000
-208.000000
-102.000000
-43.000000
-5.000000
39.000000
26.000000
11.000000
-11.000000
-84.000000
-116.000000
-111.000000
-124.000000
-79.000000
-20.000000
-10.000000
95.000000
122.000000
154.000000
179.000000
162.000000
136.000000
96.000000
69.000000
53.000000
39.000000
70.000000
98.000000
107.000000
151.000000
239.000000
358.000000
415.000000
483.000000
512.000000
507.000000
500.000000
496.000000
438.000000
439.000000
450.000000
442.000000
445.000000
419.000000
381.000000
348.000000
334.000000
288.000000
247.000000
208.000000
192.000000
152.000000
145.000000
151.000000
171.000000
184.000000
159.000000
157.000000
125.000000
100.000000
135.000000
146.000000
134.000000
142.000000
146.000000
145.000000
155.000000
136.000000
167.000000
168.000000
115.000000
82.000000
-3.000000
-111.000000
-178.000000
-216.000000
-233.000000
-245.000000
-219.000000
-201.000000
-176.000000
-171.000000
-186.000000
-196.000000
-210.000000
-225.000000
-253.000000
-284.000000
-327.000000
-288.000000
-244.000000
-222.000000
-204.000000
-186.000000
-170.000000
-166.000000
-169.000000
-173.000000
-190.000000
-206.000000
-224.000000
-245.000000
-298.000000
-355.000000
-367.000000
-419.000000
-453.000000
-394.000000
-344.000000
-282.000000
-260.000000
-244.000000
-220.000000
-237.000000
-258.000000
-282.000000
-285.000000
-299.000000
-245.000000
-228.000000
-205.000000
-168.000000
-135.000000
-86.000000
-80.000000
-58.000000
-34.000000
-19.000000
-20.000000
-2.000000
16.000000
34.000000
27.000000
7.000000
-12.000000
-20.000000
-5.000000
22.000000
81.000000
112.000000
177.000000
232.000000
258.000000
254.000000
295.000000
339.000000
343.000000
369.000000
394.000000
392.000000
390.000000
385.000000
374.000000
355.000000
333.000000
335.000000
292.000000
240.000000
201.000000
167.000000
123.000000
141.000000
127.000000
111.000000
171.000000
199.000000
259.000000
284.000000
269.000000
252.000000
215.000000
180.000000
184.000000
186.000000
176.000000
222.000000
253.000000
277.000000
277.000000
266.000000
260.000000
223.000000
176.000000
127.000000
48.000000
-15.000000
-21.000000
-39.000000
-63.000000
-58.000000
-95.000000
-111.000000
-109.000000
-149.000000
-161.000000
-180.000000
-240.000000
-286.000000
-315.000000
-365.000000
-335.000000
-285.000000
-266.000000
-229.000000
-233.000000
-216.000000
-194.000000
-218.000000
-231.000000
-238.000000
-240.000000
-213.000000
-225.000000
-254.000000
-279.000000
-269.000000
-269.000000
-261.000000
-236.000000
-210.000000
-135.000000
-84.000000
-80.000000
-116.000000
-152.000000
-194.000000
-248.000000
-276.000000
-316.000000
-326.000000
-323.000000
-322.000000
-308.000000
-280.000000
-242.000000
-184.000000
-115.000000
-77.000000
-7.000000
18.000000
21.000000
28.000000
11.000000
2.000000
6.000000
-3.000000
-25.000000
-6.000000
26.000000
69.000000
121.000000
187.000000
235.000000
289.000000
355.000000
386.000000
402.000000
425.000000
443.000000
455.000000
456.000000
440.000000
424.000000
414.000000
404.000000
408.000000
364.000000
339.000000
326.000000
268.000000
206.000000
160.000000
111.000000
120.000000
127.000000
117.000000
132.000000
128.000000
126.000000
117.000000
108.000000
82.000000
91.000000
81.000000
85.000000
79.000000
69.000000
85.000000
95.000000
112.000000
94.000000
96.000000
66.000000
50.000000
41.000000
-25.000000
-72.000000
-89.000000
-108.000000
-80.000000
-49.000000
-51.000000
-13.000000
-1.000000
-26.000000
-42.000000
-84.000000
-132.000000
-167.000000
-222.000000
-273.000000
-276.000000
-292.000000
-275.000000
-239.000000
-217.000000
-171.000000
-129.000000
-128.000000
-193.000000
-258.000000
-291.000000
-324.000000
-337.000000
-331.000000
-303.000000
-246.000000
-192.000000
-162.000000
-161.000000
-130.000000
-111.000000
-81.000000
-92.000000
-117.000000
-115.000000
-141.000000
-174.000000
-216.000000
-245.000000
-267.000000
-261.000000
-242.000000
-194.000000
-127.000000
-84.000000
-45.000000
-11.000000
19.000000
40.000000
44.000000
31.000000
34.000000
20.000000
-6.000000
-15.000000
-39.000000
-41.000000
-1.000000
29.000000
70.000000
107.000000
106.000000
109.000000
109.000000
117.000000
149.000000
180.000000
207.000000
241.000000
281.000000
320.000000
349.000000
358.000000
355.000000
352.000000
345.000000
324.000000
307.000000
269.000000
269.000000
256.000000
239.000000
216.000000
181.000000
155.000000
141.000000
119.000000
93.000000
75.000000
50.000000
51.000000
34.000000
4.000000
31.000000
42.000000
54.000000
84.000000
69.000000
95.000000
117.000000
93.000000
76.000000
65.000000
47.000000
56.000000
45.000000
20.000000
9.000000
7.000000
29.000000
39.000000
58.000000
71.000000
98.000000
82.000000
7.000000
-56.000000
-110.000000
-144.000000
-161.000000
-163.000000
-150.000000
-138.000000
-119.000000
-87.000000
-109.000000
-127.000000
-128.000000
-155.000000
-175.000000
-185.000000
-221.000000
-244.000000
-237.000000
-226.000000
-195.000000
-171.000000
-131.000000
-91.000000
-88.000000
-78.000000
-95.000000
-122.000000
-166.000000
-212.000000
-238.000000
-255.000000
-252.000000
-256.000000
-242.000000
-229.000000
-221.000000
-204.000000
-192.000000
-177.000000
-149.000000
-87.000000
-49.000000
-39.000000
11.000000
42.000000
43.000000
53.000000
74.000000
49.000000
32.000000
19.000000
13.000000
-3.000000
6.000000
37.000000
59.000000
67.000000
68.000000
79.000000
92.000000
130.000000
155.000000
187.000000
187.000000
191.000000
208.000000
196.000000
190.000000
198.000000
207.000000
209.000000
191.000000
180.000000
175.000000
168.000000
164.000000
164.000000
164.000000
160.000000
166.000000
135.000000
109.000000
99.000000
72.000000
82.000000
100.000000
99.000000
126.000000
133.000000
147.000000
152.000000
139.000000
125.000000
117.000000
121.000000
108.000000
114.000000
92.000000
76.000000
84.000000
80.000000
74.000000
46.000000
9.000000
0.000000
15.000000
46.000000
56.000000
64.000000
54.000000
10.000000
-33.000000
-47.000000
-53.000000
-72.000000
-75.000000
-91.000000
-105.000000
-125.000000
-128.000000
-135.000000
-147.000000
-159.000000
-172.000000
-183.000000
-189.000000
-176.000000
-208.000000
-208.000000
-212.000000
-223.000000
-214.000000
-239.000000
-221.000000
-187.000000
-169.000000
-142.000000
-150.000000
-164.000000
-157.000000
-158.000000
-181.000000
-209.000000
-238.000000
-240.000000
-211.000000
-206.000000
-175.000000
-167.000000
-147.000000
-107.000000
-114.000000
-82.000000
-72.000000
-49.000000
-22.000000
-20.000000
7.000000
-22.000000
-39.000000
-42.000000
-54.000000
-31.000000
6.000000
35.000000
39.000000
76.000000
101.000000
109.000000
110.000000
82.000000
55.000000
39.000000
64.000000
100.000000
133.000000
174.000000
192.000000
230.000000
252.000000
234.000000
227.000000
180.000000
156.000000
139.000000
132.000000
170.000000
156.000000
172.000000
170.000000
154.000000
164.000000
171.000000
210.000000
209.000000
234.000000
236.000000
201.000000
214.000000
173.000000
175.000000
163.000000
142.000000
126.000000
116.000000
137.000000
131.000000
148.000000
113.000000
90.000000
55.000000
9.000000
10.000000
-10.000000
7.000000
10.000000
1.000000
-9.000000
-23.000000
-21.000000
-30.000000
-24.000000
-50.000000
-35.000000
-65.000000
-111.000000
-99.000000
-151.000000
-111.000000
-73.000000
-48.000000
9.000000
-16.000000
-33.000000
-74.000000
-97.000000
-104.000000
-122.000000
-72.000000
-63.000000
-17.000000
-14.000000
-52.000000
-65.000000
-105.000000
-84.000000
-81.000000
-76.000000
-65.000000
-100.000000
-118.000000
-120.000000
-135.000000
-113.000000
-142.000000
-165.000000
-209.000000
-244.000000
-237.000000
-221.000000
-129.000000
-108.000000
-72.000000
-61.000000
-122.000000
-167.000000
-230.000000
-227.000000
-217.000000
-173.000000
-139.000000
-149.000000
-175.000000
-200.000000
-142.000000
-165.000000
-140.000000
-84.000000
-91.000000
-32.000000
-17.000000
27.000000
57.000000
29.000000
67.000000
32.000000
42.000000
103.000000
155.000000
279.000000
294.000000
276.000000
198.000000
44.000000
0.000000
-28.000000
58.000000
137.000000
179.000000
209.000000
99.000000
87.000000
-8.000000
4.000000
10.000000
-35.000000
53.000000
-79.000000
26.000000
63.000000
168.000000
318.000000
210.000000
266.000000
-227.000000
-346.000000
-446.000000
-554.000000
50.000000
61.000000
484.000000
308.000000
60.000000
178.000000
-272.000000
7.000000
-165.000000
-188.000000
-193.000000
-313.000000
79.000000
-28.000000
480.000000
429.000000
249.000000
83.000000
-520.000000
-254.000000
-264.000000
487.000000
949.000000
1035.000000
1008.000000
215.000000
93.000000
-428.000000
-101.000000
383.000000
645.000000
1258.000000
770.000000
862.000000
359.000000
58.000000
184.000000
-134.000000
252.000000
73.000000
468.000000
475.000000
362.000000
649.000000
103.000000
187.000000
-337.000000
-501.000000
-321.000000
-369.000000
321.000000
174.000000
278.000000
24.000000
-344.000000
-215.000000
-537.000000
-157.000000
-313.000000
-197.000000
-1.000000
-194.000000
198.000000
-71.000000
16.000000
-122.000000
-522.000000
-486.000000
-883.000000
-627.000000
-602.000000
-418.000000
-51.000000
-328.000000
-272.000000
-816.000000
-1101.000000
-1241.000000
-1405.000000
-995.000000
-1064.000000
-778.000000
-793.000000
-902.000000
-790.000000
-1145.000000
-1062.000000
-1375.000000
-1326.000000
-1114.000000
-1094.000000
-654.000000
-724.000000
-519.000000
-503.000000
-514.000000
-306.000000
-435.000000
-106.000000
-11.000000
312.000000
593.000000
608.000000
875.000000
761.000000
1019.000000
1146.000000
1154.000000
1313.000000
1155.000000
1294.000000
1380.000000
1503.000000
1634.000000
1615.000000
1593.000000
1476.000000
1528.000000
1585.000000
1731.000000
1926.000000
1915.000000
1922.000000
1822.000000
1663.000000
1621.000000
1478.000000
1455.000000
1483.000000
1535.000000
1633.000000
1664.000000
1841.000000
1761.000000
1627.000000
900.000000
-536.000000
-1447.000000
-2330.000000
-1954.000000
-956.000000
-485.000000
-11.000000
-637.000000
-1442.000000
-2295.000000
-3198.000000
-3584.000000
-3821.000000
-3404.000000
-3150.000000
-2650.000000
-2401.000000
-2350.000000
-1693.000000
-1628.000000
-1378.000000
-1532.000000
-2038.000000
-1927.000000
-1525.000000
-489.000000
585.000000
1511.000000
1752.000000
1722.000000
1628.000000
1213.000000
1424.000000
1322.000000
1280.000000
1360.000000
1063.000000
1118.000000
1058.000000
1011.000000
750.000000
252.000000
-546.000000
-1590.000000
-2210.000000
-2833.000000
-2852.000000
-2597.000000
-2645.000000
-2544.000000
-2894.000000
-3214.000000
-3243.000000
-3194.000000
-2907.000000
-2651.000000
-2429.000000
-2292.000000
-1842.000000
-1229.000000
-447.000000
605.000000
1271.000000
1863.000000
2220.000000
2278.000000
2611.000000
2991.000000
3503.000000
4112.000000
4609.000000
4827.000000
4928.000000
4977.000000
4773.000000
4715.000000
4442.000000
3947.000000
3506.000000
2840.000000
2459.000000
2350.000000
2457.000000
2600.000000
2524.000000
2113.000000
1409.000000
889.000000
247.000000
-169.000000
-443.000000
-803.000000
-700.000000
-547.000000
-213.000000
245.000000
721.000000
1116.000000
1053.000000
351.000000
-1406.000000
-2963.000000
-4000.000000
-4000.000000
-2626.000000
-1548.000000
-674.000000
-427.000000
-1140.000000
-1869.000000
-2917.000000
-3912.000000
-4414.000000
-4450.000000
-4298.000000
-3961.000000
-3626.000000
-3265.000000
-2275.000000
-1421.000000
-912.000000
-816.000000
-1462.000000
-1890.000000
-1846.000000
-1350.000000
-379.000000
734.000000
1629.000000
2325.000000
2826.000000
2851.000000
2976.000000
2990.000000
2610.000000
2324.000000
1585.000000
944.000000
836.000000
818.000000
1095.000000
1254.000000
884.000000
187.000000
-793.000000
-2001.000000
-3032.000000
-3733.000000
-4284.000000
-4490.000000
-4554.000000
-4595.000000
-4274.000000
-3752.000000
-3181.000000
-2612.000000
-2433.000000
-2549.000000
-2599.000000
-2565.000000
-2139.000000
-1194.000000
-95.000000
1178.000000
2462.000000
3350.000000
4021.000000
4462.000000
4539.000000
4630.000000
4618.000000
4438.000000
4521.000000
4629.000000
4819.000000
5113.000000
5153.000000
4925.000000
4444.000000
3665.000000
2639.000000
1702.000000
831.000000
139.000000
-138.000000
-506.000000
-540.000000
-389.000000
-332.000000
-102.000000
-206.000000
-516.000000
-854.000000
-1086.000000
-1184.000000
-1128.000000
-716.000000
-319.000000
384.000000
1083.000000
1430.000000
2159.000000
2642.000000
2959.000000
2980.000000
1854.000000
245.000000
-1071.000000
-2011.000000
-1937.000000
-1254.000000
-681.000000
-123.000000
103.000000
-556.000000
-1363.000000
-2564.000000
-3814.000000
-4320.000000
-4883.000000
-5458.000000
-5550.000000
-5569.000000
-4787.000000
-3340.000000
-2124.000000
-1206.000000
-694.000000
-893.000000
-1107.000000
-1138.000000
-1125.000000
-373.000000
595.000000
1260.000000
2148.000000
2694.000000
3304.000000
4261.000000
4779.000000
4689.000000
4142.000000
2972.000000
1792.000000
1002.000000
232.000000
-75.000000
-178.000000
-615.000000
-947.000000
-1598.000000
-2335.000000
-2719.000000
-3216.000000
-3848.000000
-4592.000000
-5466.000000
-6056.000000
-6029.000000
-5624.000000
-4886.000000
-3923.000000
-3105.000000
-2329.000000
-1632.000000
-1212.000000
-625.000000
123.000000
768.000000
1503.000000
2001.000000
2342.000000
3115.000000
3921.000000
4878.000000
5691.000000
5912.000000
5918.000000
5572.000000
5045.000000
4505.000000
3970.000000
3511.000000
3132.000000
2760.000000
2167.000000
1631.000000
1087.000000
644.000000
265.000000
-298.000000
-937.000000
-1493.000000
-1833.000000
-1875.000000
-1609.000000
-1195.000000
-779.000000
-258.000000
87.000000
404.000000
784.000000
1192.000000
1548.000000
1850.000000
2025.000000
2063.000000
2374.000000
2700.000000
3191.000000
3847.000000
4227.000000
4249.000000
3710.000000
2135.000000
496.000000
-938.000000
-1891.000000
-2068.000000
-2068.000000
-2411.000000
-2456.000000
-2919.000000
-3299.000000
-3485.000000
-3883.000000
-4172.000000
-4284.000000
-4940.000000
-5495.000000
-5841.000000
-5874.000000
-4980.000000
-3670.000000
-2575.000000
-1306.000000
-447.000000
237.000000
1078.000000
1605.000000
2075.000000
2629.000000
2754.000000
2574.000000
2470.000000
2250.000000
2544.000000
3239.000000
3404.000000
3400.000000
2959.000000
2090.000000
1526.000000
638.000000
-439.000000
-1441.000000
-2704.000000
-3893.000000
-4872.000000
-5678.000000
-5915.000000
-5575.000000
-5176.000000
-4879.000000
-4768.000000
-4988.000000
-4915.000000
-4521.000000
-4147.000000
-3493.000000
-2876.000000
-2334.000000
-1454.000000
-536.000000
629.000000
2073.000000
3454.000000
4595.000000
5439.000000
5766.000000
5875.000000
6013.000000
5904.000000
5858.000000
5681.000000
5264.000000
4996.000000
4590.000000
4248.000000
4006.000000
3681.000000
3164.000000
2416.000000
1470.000000
400.000000
-454.000000
-1237.000000
-1899.000000
-2376.000000
-2791.000000
-2820.000000
-2657.000000
-2256.000000
-1839.000000
-1350.000000
-840.000000
-318.000000
200.000000
564.000000
1013.000000
1458.000000
1938.000000
2432.000000
2659.000000
2933.000000
3209.000000
3636.000000
3958.000000
4124.000000
4328.000000
4312.000000
4513.000000
4145.000000
3243.000000
1715.000000
-122.000000
-1764.000000
-3037.000000
-3996.000000
-4385.000000
-4610.000000
-4414.000000
-4365.000000
-4376.000000
-4568.000000
-4509.000000
-4639.000000
-4659.000000
-5147.000000
-5776.000000
-6135.000000
-6126.000000
-5631.000000
-4627.000000
-3393.000000
-1802.000000
-214.000000
1105.000000
2043.000000
2822.000000
3388.000000
3719.000000
3631.000000
2895.000000
2246.000000
1743.000000
1667.000000
1852.000000
2023.000000
2106.000000
2258.000000
2094.000000
1709.000000
1099.000000
256.000000
-665.000000
-1676.000000
-3043.000000
-4202.000000
-5041.000000
-5422.000000
-5277.000000
-4949.000000
-4536.000000
-3922.000000
-3281.000000
-2676.000000
-2019.000000
-1422.000000
-799.000000
-224.000000
120.000000
310.000000
624.000000
1198.000000
2088.000000
3123.000000
4039.000000
4789.000000
5423.000000
5804.000000
6060.000000
6036.000000
5679.000000
5163.000000
4369.000000
3445.000000
2569.000000
1763.000000
1278.000000
971.000000
695.000000
519.000000
243.000000
-101.000000
-501.000000
-1034.000000
-1576.000000
-2125.000000
-2542.000000
-2833.000000
-2980.000000
-2879.000000
-2507.000000
-1916.000000
-1127.000000
-273.000000
514.000000
1355.000000
2019.000000
2508.000000
2832.000000
2901.000000
2863.000000
2742.000000
2497.000000
2214.000000
2102.000000
2159.000000
2468.000000
3011.000000
3352.000000
3594.000000
3390.000000
2658.000000
1637.000000
-111.000000
-1935.000000
-3590.000000
-4978.000000
-5742.000000
-6117.000000
-6388.000000
-6073.000000
-5404.000000
-4523.000000
-3490.000000
-2801.000000
-2534.000000
-2362.000000
-2813.000000
-3363.000000
-3864.000000
-4103.000000
-3675.000000
-2840.000000
-1928.000000
-831.000000
542.000000
1991.000000
3517.000000
4672.000000
5192.000000
5410.000000
4946.000000
4041.000000
3082.000000
1904.000000
1265.000000
844.000000
419.000000
100.000000
-61.000000
-56.000000
195.000000
316.000000
104.000000
-314.000000
-1065.000000
-2128.000000
-3137.000000
-4192.000000
-4878.000000
-5155.000000
-5347.000000
-5278.000000
-4937.000000
-4191.000000
-3052.000000
-1709.000000
-528.000000
429.000000
1079.000000
1428.000000
1668.000000
1796.000000
1958.000000
2289.000000
2495.000000
2741.000000
2961.000000
3272.000000
3825.000000
4405.000000
4826.000000
4884.000000
4675.000000
4165.000000
3609.000000
2914.000000
2104.000000
1342.000000
568.000000
-146.000000
-660.000000
-1097.000000
-1226.000000
-1180.000000
-1058.000000
-1017.000000
-1154.000000
-1395.000000
-1590.000000
-1669.000000
-1682.000000
-1613.000000
-1536.000000
-1301.000000
-863.000000
-158.000000
673.000000
1585.000000
2340.000000
2991.000000
3270.000000
3323.000000
3151.000000
2891.000000
2667.000000
2502.000000
2267.000000
2163.000000
2119.000000
2343.000000
2633.000000
2625.000000
2268.000000
1286.000000
78.000000
-1238.000000
-2508.000000
-3706.000000
-4564.000000
-5299.000000
-5623.000000
-5728.000000
-5497.000000
-4971.000000
-4022.000000
-3292.000000
-2593.000000
-2432.000000
-2420.000000
-2544.000000
-2615.000000
-2775.000000
-2800.000000
-2696.000000
-2309.000000
-1649.000000
-758.000000
277.000000
1583.000000
2784.000000
3801.000000
4381.000000
4428.000000
4289.000000
3816.000000
3205.000000
2325.000000
1283.000000
238.000000
-560.000000
-1146.000000
-1307.000000
-1211.000000
-880.000000
-659.000000
-567.000000
-843.000000
-1174.000000
-1642.000000
-2181.000000
-2854.000000
-3617.000000
-4318.000000
-4778.000000
-4872.000000
-4496.000000
-3731.000000
-2598.000000
-1335.000000
-164.000000
897.000000
1790.000000
2564.000000
3153.000000
3460.000000
3390.000000
3210.000000
2987.000000
2797.000000
2763.000000
2857.000000
2998.000000
3357.000000
3564.000000
3634.000000
3667.000000
3550.000000
3358.000000
2988.000000
2249.000000
1445.000000
585.000000
-248.000000
-918.000000
-1507.000000
-1882.000000
-2023.000000
-2084.000000
-2059.000000
-1896.000000
-1638.000000
-1218.000000
-788.000000
-580.000000
-360.000000
-105.000000
99.000000
540.000000
863.000000
1160.000000
1583.000000
1890.000000
2160.000000
2469.000000
2611.000000
2810.000000
2931.000000
2929.000000
2869.000000
2769.000000
2682.000000
2645.000000
2528.000000
2185.000000
1596.000000
607.000000
-413.000000
-1566.000000
-2647.000000
-3601.000000
-4344.000000
-4993.000000
-5233.000000
-5363.000000
-5199.000000
-4719.000000
-3999.000000
-3520.000000
-2943.000000
-2739.000000
-2567.000000
-2454.000000
-2391.000000
-2454.000000
-2333.000000
-2211.000000
-1951.000000
-1582.000000
-864.000000
117.000000
1360.000000
2442.000000
3303.000000
3821.000000
4188.000000
4335.000000
4022.000000
3487.000000
2624.000000
1605.000000
598.000000
-316.000000
-1132.000000
-1511.000000
-1614.000000
-1621.000000
-1622.000000
-1461.000000
-1443.000000
-1291.000000
-1334.000000
-1543.000000
-2007.000000
-2558.000000
-3274.000000
-3882.000000
-4179.000000
-4094.000000
-3718.000000
-3020.000000
-2174.000000
-1112.000000
104.000000
1309.000000
2298.000000
3215.000000
3873.000000
4131.000000
4145.000000
3844.000000
3487.000000
3189.000000
2880.000000
2525.000000
2254.000000
2190.000000
2267.000000
2409.000000
2526.000000
2560.000000
2489.000000
2236.000000
1813.000000
1123.000000
486.000000
-104.000000
-816.000000
-1413.000000
-2069.000000
-2600.000000
-2792.000000
-2699.000000
-2400.000000
-1861.000000
-1208.000000
-652.000000
10.000000
628.000000
1090.000000
1663.000000
1977.000000
2163.000000
2239.000000
2211.000000
2161.000000
2096.000000
2125.000000
2167.000000
2295.000000
2494.000000
2765.000000
3019.000000
3231.000000
3400.000000
3343.000000
2989.000000
2418.000000
1276.000000
86.000000
-1220.000000
-2545.000000
-3748.000000
-4615.000000
-5380.000000
-5657.000000
-5583.000000
-5339.000000
-4836.000000
-4008.000000
-3401.000000
-2747.000000
-2371.000000
-2217.000000
-2123.000000
-2119.000000
-2292.000000
-2491.000000
-2619.000000
-2501.000000
-2165.000000
-1562.000000
-710.000000
278.000000
1384.000000
2516.000000
3368.000000
3912.000000
4335.000000
4242.000000
3849.000000
3174.000000
2163.000000
1046.000000
100.000000
-853.000000
-1553.000000
-1979.000000
-2225.000000
-2384.000000
-2246.000000
-2090.000000
-1850.000000
-1604.000000
-1508.000000
-1691.000000
-2044.000000
-2504.000000
-3050.000000
-3507.000000
-3682.000000
-3724.000000
-3498.000000
-2914.000000
-2179.000000
-1164.000000
95.000000
1315.000000
2440.000000
3488.000000
4241.000000
4680.000000
4847.000000
4729.000000
4308.000000
3861.000000
3362.000000
2799.000000
2361.000000
2053.000000
1827.000000
1795.000000
1873.000000
1887.000000
1933.000000
1938.000000
1812.000000
1548.000000
1126.000000
469.000000
-314.000000
-1079.000000
-1796.000000
-2440.000000
-2761.000000
-2838.000000
-2640.000000
-2153.000000
-1459.000000
-689.000000
222.000000
1128.000000
1834.000000
2399.000000
2811.000000
2969.000000
2989.000000
2857.000000
2555.000000
2293.000000
2069.000000
1828.000000
1665.000000
1734.000000
1939.000000
2302.000000
2703.000000
3018.000000
3002.000000
2820.000000
2135.000000
1093.000000
-112.000000
-1450.000000
-2820.000000
-4044.000000
-5125.000000
-5903.000000
-6222.000000
-6100.000000
-5739.000000
-4986.000000
-4086.000000
-3210.000000
-2407.000000
-1814.000000
-1409.000000
-1228.000000
-1240.000000
-1524.000000
-1914.000000
-2175.000000
-2244.000000
-2093.000000
-1653.000000
-914.000000
-66.000000
941.000000
1985.000000
2785.000000
3576.000000
4068.000000
4033.000000
3650.000000
2967.000000
1979.000000
929.000000
-60.000000
-1105.000000
-1936.000000
-2500.000000
-2991.000000
-3134.000000
-2938.000000
-2577.000000
-2129.000000
-1712.000000
-1441.000000
-1339.000000
-1332.000000
-1506.000000
-1850.000000
-2178.000000
-2410.000000
-2613.000000
-2668.000000
-2377.000000
-1852.000000
-1085.000000
-46.000000
942.000000
1977.000000
3078.000000
3877.000000
4437.000000
4828.000000
4910.000000
4675.000000
4224.000000
3538.000000
2802.000000
2218.000000
1733.000000
1258.000000
1003.000000
939.000000
1021.000000
1165.000000
1347.000000
1399.000000
1358.000000
1224.000000
815.000000
223.000000
-340.000000
-949.000000
-1520.000000
-1969.000000
-2313.000000
-2416.000000
-2161.000000
-1696.000000
-1116.000000
-335.000000
437.000000
1266.000000
2008.000000
2598.000000
2971.000000
3150.000000
3107.000000
2873.000000
2440.000000
2026.000000
1567.000000
1297.000000
1207.000000
1293.000000
1458.000000
1775.000000
2066.000000
2206.000000
2242.000000
1793.000000
1094.000000
226.000000
-847.000000
-2021.000000
-3090.000000
-4212.000000
-4960.000000
-5388.000000
-5548.000000
-5452.000000
-4924.000000
-4324.000000
-3441.000000
-2662.000000
-1912.000000
-1364.000000
-1012.000000
-813.000000
-872.000000
-1079.000000
-1151.000000
-1304.000000
-1373.000000
-1159.000000
-801.000000
-283.000000
516.000000
1257.000000
1909.000000
2792.000000
3291.000000
3535.000000
3545.000000
3162.000000
2501.000000
1738.000000
637.000000
-425.000000
-1391.000000
-2153.000000
-2775.000000
-3159.000000
-3276.000000
-3083.000000
-2898.000000
-2496.000000
-2163.000000
-1930.000000
-1601.000000
-1507.000000
-1705.000000
-1802.000000
-1967.000000
-2175.000000
-2156.000000
-2021.000000
-1740.000000
-1147.000000
-421.000000
284.000000
1240.000000
2150.000000
2987.000000
3651.000000
4115.000000
4327.000000
4364.000000
4166.000000
3827.000000
3286.000000
2795.000000
2266.000000
1750.000000
1337.000000
1132.000000
897.000000
832.000000
847.000000
780.000000
800.000000
808.000000
638.000000
451.000000
173.000000
-243.000000
-652.000000
-998.000000
-1275.000000
-1398.000000
-1388.000000
-1295.000000
-955.000000
-541.000000
88.000000
724.000000
1374.000000
1987.000000
2454.000000
2684.000000
2789.000000
2709.000000
2564.000000
2332.000000
2031.000000
1689.000000
1537.000000
1404.000000
1381.000000
1432.000000
1385.000000
1416.000000
1190.000000
778.000000
222.000000
-430.000000
-1207.000000
-1951.000000
-2840.000000
-3581.000000
-4115.000000
-4498.000000
-4734.000000
-4619.000000
-4450.000000
-3966.000000
-3471.000000
-2927.000000
-2416.000000
-1890.000000
-1539.000000
-1332.000000
-1269.000000
-1174.000000
-1077.000000
-1040.000000
-914.000000
-653.000000
-377.000000
179.000000
718.000000
1223.000000
1925.000000
2468.000000
2803.000000
2974.000000
2920.000000
2626.000000
2238.000000
1599.000000
833.000000
71.000000
-653.000000
-1433.000000
-2059.000000
-2546.000000
-2716.000000
-2785.000000
-2680.000000
-2544.000000
-2397.000000
-2215.000000
-2063.000000
-2111.000000
-2066.000000
-1996.000000
-1998.000000
-1957.000000
-1840.000000
-1697.000000
-1322.000000
-802.000000
-288.000000
392.000000
1175.000000
1899.000000
2515.000000
3054.000000
3494.000000
3856.000000
4030.000000
4046.000000
3849.000000
3631.000000
3280.000000
2848.000000
2372.000000
2025.000000
1709.000000
1409.000000
1148.000000
926.000000
742.000000
656.000000
477.000000
242.000000
7.000000
-250.000000
-546.000000
-802.000000
-1030.000000
-1148.000000
-1191.000000
-1209.000000
-1089.000000
-834.000000
-407.000000
98.000000
607.000000
1092.000000
1584.000000
1962.000000
2224.000000
2390.000000
2491.000000
2511.000000
2484.000000
2340.000000
2189.000000
2072.000000
1996.000000
1911.000000
1748.000000
1534.000000
1188.000000
703.000000
180.000000
-418.000000
-1062.000000
-1688.000000
-2387.000000
-3119.000000
-3632.000000
-4043.000000
-4339.000000
-4399.000000
-4340.000000
-4172.000000
-3908.000000
-3578.000000
-3189.000000
-2732.000000
-2277.000000
-1936.000000
-1711.000000
-1446.000000
-1175.000000
-979.000000
-753.000000
-435.000000
-151.000000
277.000000
726.000000
1077.000000
1544.000000
2051.000000
2344.000000
2567.000000
2645.000000
2530.000000
2293.000000
1900.000000
1264.000000
568.000000
-102.000000
-759.000000
-1345.000000
-1822.000000
-2127.000000
-2329.000000
-2449.000000
-2450.000000
-2443.000000
-2351.000000
-2142.000000
-2067.000000
-2013.000000
-1904.000000
-1824.000000
-1761.000000
-1566.000000
-1348.000000
-1073.000000
-654.000000
-258.000000
160.000000
739.000000
1351.000000
1963.000000
2495.000000
2947.000000
3281.000000
3483.000000
3574.000000
3516.000000
3338.000000
3107.000000
2813.000000
2418.000000
2034.000000
1717.000000
1349.000000
1076.000000
861.000000
648.000000
492.000000
323.000000
125.000000
-81.000000
-268.000000
-492.000000
-738.000000
-924.000000
-1033.000000
-1051.000000
-1047.000000
-976.000000
-756.000000
-500.000000
-89.000000
332.000000
739.000000
1165.000000
1564.000000
1821.000000
2000.000000
2108.000000
2162.000000
2201.000000
2231.000000
2186.000000
2199.000000
2180.000000
2155.000000
2060.000000
1916.000000
1724.000000
1343.000000
873.000000
351.000000
-255.000000
-947.000000
-1621.000000
-2354.000000
-2936.000000
-3326.000000
-3650.000000
-3929.000000
-3931.000000
-3871.000000
-3665.000000
-3409.000000
-3101.000000
-2780.000000
-2382.000000
-2092.000000
-1925.000000
-1852.000000
-1655.000000
-1500.000000
-1383.000000
-1189.000000
-893.000000
-570.000000
-78.000000
406.000000
835.000000
1392.000000
1874.000000
2136.000000
2263.000000
2267.000000
2100.000000
1853.000000
1433.000000
890.000000
310.000000
-200.000000
-740.000000
-1214.000000
-1567.000000
-1754.000000
-1908.000000
-1939.000000
-1924.000000
-1872.000000
-1774.000000
-1658.000000
-1633.000000
-1562.000000
-1461.000000
-1360.000000
-1275.000000
-1099.000000
-947.000000
-760.000000
-448.000000
-115.000000
305.000000
826.000000
1366.000000
1854.000000
2319.000000
2717.000000
2971.000000
3095.000000
3158.000000
3122.000000
3006.000000
2808.000000
2535.000000
2180.000000
1885.000000
1622.000000
1332.000000
1087.000000
876.000000
659.000000
475.000000
321.000000
139.000000
-52.000000
-225.000000
-401.000000
-567.000000
-716.000000
-773.000000
-791.000000
-768.000000
-629.000000
-470.000000
-273.000000
43.000000
333.000000
611.000000
924.000000
1166.000000
1310.000000
1481.000000
1576.000000
1609.000000
1633.000000
1616.000000
1585.000000
1566.000000
1590.000000
1589.000000
1537.000000
1467.000000
1222.000000
860.000000
490.000000
94.000000
-414.000000
-939.000000
-1478.000000
-2106.000000
-2595.000000
-2985.000000
-3346.000000
-3512.000000
-3492.000000
-3413.000000
-3223.000000
-2955.000000
-2661.000000
-2393.000000
-2082.000000
-1857.000000
-1737.000000
-1584.000000
-1451.000000
-1404.000000
-1306.000000
-1101.000000
-896.000000
-601.000000
-210.000000
131.000000
538.000000
1009.000000
1353.000000
1578.000000
1750.000000
1796.000000
1692.000000
1480.000000
1156.000000
751.000000
386.000000
22.000000
-378.000000
-750.000000
-1012.000000
-1209.000000
-1370.000000
-1432.000000
-1447.000000
-1411.000000
-1268.000000
-1173.000000
-1131.000000
-1076.000000
-1016.000000
-975.000000
-892.000000
-761.000000
-633.000000
-449.000000
-242.000000
-2.000000
301.000000
688.000000
1096.000000
1472.000000
1849.000000
2201.000000
2442.000000
2607.000000
2684.000000
2692.000000
2614.000000
2541.000000
2384.000000
2139.000000
1932.000000
1683.000000
1395.000000
1129.000000
904.000000
714.000000
571.000000
449.000000
324.000000
167.000000
60.000000
-67.000000
-235.000000
-356.000000
-399.000000
-471.000000
-489.000000
-432.000000
-410.000000
-309.000000
-114.000000
42.000000
242.000000
492.000000
667.000000
826.000000
999.000000
1111.000000
1173.000000
1230.000000
1244.000000
1225.000000
1197.000000
1189.000000
1153.000000
1087.000000
1113.000000
1013.000000
752.000000
533.000000
181.000000
-280.000000
-693.000000
-1185.000000
-1726.000000
-2091.000000
-2409.000000
-2742.000000
-2909.000000
-2973.000000
-2943.000000
-2829.000000
-2667.000000
-2480.000000
-2276.000000
-2038.000000
-1860.000000
-1829.000000
-1742.000000
-1611.000000
-1560.000000
-1469.000000
-1256.000000
-1094.000000
-796.000000
-427.000000
-180.000000
152.000000
578.000000
905.000000
1165.000000
1367.000000
1434.000000
1398.000000
1308.000000
1085.000000
805.000000
535.000000
307.000000
3.000000
-339.000000
-570.000000
-772.000000
-955.000000
-1007.000000
-1047.000000
-1064.000000
-984.000000
-932.000000
-944.000000
-858.000000
-779.000000
-776.000000
-750.000000
-720.000000
-654.000000
-534.000000
-361.000000
-182.000000
65.000000
390.000000
730.000000
1027.000000
1341.000000
1685.000000
1978.000000
2212.000000
2394.000000
2449.000000
2479.000000
2484.000000
2397.000000
2255.000000
2104.000000
1937.000000
1729.000000
1525.000000
1331.000000
1137.000000
984.000000
849.000000
698.000000
529.000000
428.000000
325.000000
182.000000
89.000000
-17.000000
-148.000000
-238.000000
-268.000000
-303.000000
-278.000000
-229.000000
-194.000000
-143.000000
-50.000000
45.000000
174.000000
328.000000
494.000000
570.000000
636.000000
708.000000
736.000000
793.000000
866.000000
860.000000
844.000000
856.000000
754.000000
556.000000
380.000000
92.000000
-273.000000
-632.000000
-1038.000000
-1467.000000
-1769.000000
-2014.000000
-2261.000000
-2409.000000
-2444.000000
-2477.000000
-2488.000000
-2425.000000
-2338.000000
-2240.000000
-2055.000000
-1914.000000
-1887.000000
-1793.000000
-1673.000000
-1619.000000
-1499.000000
-1287.000000
-1096.000000
-848.000000
-536.000000
-270.000000
5.000000
357.000000
648.000000
874.000000
1098.000000
1270.000000
1288.000000
1247.000000
1122.000000
885.000000
658.000000
448.000000
168.000000
-90.000000
-259.000000
-438.000000
-615.000000
-730.000000
-822.000000
-851.000000
-803.000000
-739.000000
-721.000000
-702.000000
-644.000000
-661.000000
-696.000000
-646.000000
-572.000000
-450.000000
-281.000000
-148.000000
7.000000
261.000000
550.000000
818.000000
1131.000000
1438.000000
1703.000000
1908.000000
2082.000000
2223.000000
2318.000000
2375.000000
2324.000000
2202.000000
2058.000000
1889.000000
1677.000000
1463.000000
1287.000000
1101.000000
902.000000
749.000000
603.000000
471.000000
375.000000
285.000000
173.000000
95.000000
51.000000
-58.000000
-153.000000
-204.000000
-246.000000
-265.000000
-239.000000
-198.000000
-131.000000
-13.000000
69.000000
128.000000
223.000000
361.000000
496.000000
577.000000
688.000000
741.000000
748.000000
750.000000
711.000000
653.000000
677.000000
633.000000
444.000000
246.000000
6.000000
-311.000000
-613.000000
-938.000000
-1258.000000
-1501.000000
-1691.000000
-1924.000000
-2117.000000
-2182.000000
-2181.000000
-2174.000000
-2123.000000
-2047.000000
-1960.000000
-1840.000000
-1714.000000
-1675.000000
-1612.000000
-1473.000000
-1397.000000
-1323.000000
-1171.000000
-994.000000
-796.000000
-550.000000
-316.000000
-73.000000
200.000000
459.000000
618.000000
776.000000
879.000000
929.000000
900.000000
831.000000
720.000000
552.000000
371.000000
195.000000
-7.000000
-108.000000
-175.000000
-279.000000
-382.000000
-449.000000
-488.000000
-506.000000
-510.000000
-492.000000
-450.000000
-391.000000
-360.000000
-382.000000
-396.000000
-345.000000
-299.000000
-226.000000
-77.000000
56.000000
206.000000
375.000000
567.000000
776.000000
1040.000000
1314.000000
1521.000000
1702.000000
1838.000000
1909.000000
1893.000000
1864.000000
1792.000000
1671.000000
1561.000000
1404.000000
1202.000000
1064.000000
938.000000
792.000000
716.000000
677.000000
592.000000
532.000000
447.000000
318.000000
222.000000
126.000000
46.000000
-49.000000
-137.000000
-235.000000
-347.000000
-418.000000
-384.000000
-344.000000
-246.000000
-124.000000
-43.000000
23.000000
140.000000
206.000000
265.000000
370.000000
419.000000
447.000000
469.000000
436.000000
387.000000
341.000000
261.000000
154.000000
31.000000
-110.000000
-291.000000
-520.000000
-757.000000
-962.000000
-1151.000000
-1297.000000
-1417.000000
-1533.000000
-1611.000000
-1653.000000
-1714.000000
-1702.000000
-1644.000000
-1578.000000
-1494.000000
-1401.000000
-1349.000000
-1292.000000
-1226.000000
-1162.000000
-1067.000000
-936.000000
-762.000000
-609.000000
-429.000000
-219.000000
-34.000000
170.000000
358.000000
497.000000
587.000000
678.000000
725.000000
705.000000
678.000000
616.000000
497.000000
394.000000
287.000000
171.000000
82.000000
24.000000
-37.000000
-115.000000
-136.000000
-150.000000
-154.000000
-112.000000
-94.000000
-118.000000
-118.000000
-105.000000
-110.000000
-81.000000
-52.000000
-49.000000
2.000000
86.000000
182.000000
286.000000
430.000000
587.000000
743.000000
898.000000
1042.000000
1168.000000
1304.000000
1414.000000
1446.000000
1455.000000
1419.000000
1317.000000
1204.000000
1121.000000
1022.000000
912.000000
816.000000
679.000000
586.000000
513.000000
433.000000
364.000000
299.000000
251.000000
193.000000
108.000000
-6.000000
-115.000000
-213.000000
-292.000000
-374.000000
-449.000000
-462.000000
-447.000000
-432.000000
-378.000000
-315.000000
-223.000000
-125.000000
-71.000000
0.000000
59.000000
96.000000
125.000000
135.000000
134.000000
171.000000
183.000000
155.000000
110.000000
55.000000
-13.000000
-89.000000
-192.000000
-314.000000
-466.000000
-621.000000
-786.000000
-947.000000
-1070.000000
-1161.000000
-1235.000000
-1276.000000
-1287.000000
-1305.000000
-1285.000000
-1227.000000
-1173.000000
-1105.000000
-1050.000000
-1017.000000
-974.000000
-923.000000
-861.000000
-776.000000
-652.000000
-519.000000
-361.000000
-217.000000
-64.000000
86.000000
248.000000
382.000000
480.000000
561.000000
632.000000
651.000000
636.000000
602.000000
524.000000
463.000000
398.000000
314.000000
242.000000
210.000000
160.000000
109.000000
61.000000
0.000000
-43.000000
-54.000000
-69.000000
-97.000000
-116.000000
-118.000000
-137.000000
-142.000000
-134.000000
-91.000000
-30.000000
61.000000
154.000000
250.000000
356.000000
474.000000
563.000000
675.000000
804.000000
924.000000
1041.000000
1126.000000
1168.000000
1194.000000
1199.000000
1158.000000
1106.000000
1039.000000
973.000000
905.000000
798.000000
707.000000
625.000000
534.000000
450.000000
346.000000
245.000000
135.000000
45.000000
-70.000000
-162.000000
-242.000000
-322.000000
-400.000000
-468.000000
-502.000000
-507.000000
-510.000000
-464.000000
-418.000000
-363.000000
-281.000000
-233.000000
-211.000000
-156.000000
-105.000000
-87.000000
-25.000000
13.000000
42.000000
82.000000
92.000000
101.000000
118.000000
104.000000
82.000000
15.000000
-56.000000
-160.000000
-314.000000
-450.000000
-581.000000
-700.000000
-778.000000
-849.000000
-951.000000
-1029.000000
-1058.000000
-1119.000000
-1124.000000
-1080.000000
-1044.000000
-986.000000
-918.000000
-872.000000
-826.000000
-724.000000
-651.000000
-570.000000
-461.000000
-352.000000
-247.000000
-165.000000
-74.000000
17.000000
123.000000
249.000000
328.000000
386.000000
455.000000
496.000000
501.000000
497.000000
485.000000
457.000000
448.000000
384.000000
293.000000
237.000000
199.000000
146.000000
86.000000
41.000000
3.000000
-20.000000
-27.000000
