-19.000000
-11.000000
-10.000000
-15.000000
-12.000000
-14.000000
-15.000000
-20.000000
-17.000000
-18.000000
-17.000000
-10.000000
-6.000000
-12.000000
-8.000000
4.000000
5.000000
10.000000
-1.000000
-1.000000
-7.000000
-2.000000
-4.000000
-10.000000
-1.000000
-14.000000
-4.000000
-6.000000
-7.000000
-6.000000
-9.000000
1.000000
-7.000000
-8.000000
-4.000000
4.000000
-1.000000
-6.000000
-3.000000
1.000000
8.000000
10.000000
3.000000
-3.000000
-8.000000
-7.000000
7.000000
9.000000
10.000000
9.000000
7.000000
1.000000
0.000000
6.000000
10.000000
12.000000
13.000000
11.000000
13.000000
13.000000
14.000000
23.000000
22.000000
27.000000
19.000000
18.000000
18.000000
10.000000
14.000000
16.000000
16.000000
3.000000
1.000000
5.000000
-3.000000
-3.000000
6.000000
4.000000
-2.000000
4.000000
9.000000
6.000000
10.000000
10.000000
4.000000
13.000000
19.000000
16.000000
14.000000
11.000000
8.000000
9.000000
6.000000
-3.000000
4.000000
3.000000
-11.000000
-8.000000
-14.000000
-6.000000
0.000000
-6.000000
-4.000000
-11.000000
-6.000000
-7.000000
-8.000000
2.000000
4.000000
-1.000000
1.000000
4.000000
5.000000
-1.000000
-5.000000
-12.000000
-8.000000
-5.000000
-10.000000
-11.000000
-12.000000
-9.000000
-8.000000
-13.000000
-6.000000
-9.000000
-10.000000
-10.000000
-9.000000
-2.000000
-4.000000
0.000000
0.000000
-11.000000
-6.000000
-3.000000
-8.000000
-11.000000
-11.000000
-1.000000
-8.000000
-14.000000
-17.000000
-24.000000
-17.000000
-17.000000
-14.000000
-1.000000
-5.000000
-8.000000
-16.000000
-13.000000
-15.000000
-8.000000
-5.000000
-2.000000
-2.000000
-5.000000
-6.000000
-17.000000
-9.000000
-12.000000
-2.000000
-5.000000
-10.000000
-7.000000
-6.000000
-4.000000
-4.000000
-1.000000
-6.000000
2.000000
-2.000000
6.000000
12.000000
13.000000
19.000000
13.000000
12.000000
12.000000
10.000000
12.000000
4.000000
0.000000
7.000000
10.000000
8.000000
15.000000
13.000000
10.000000
5.000000
11.000000
15.000000
14.000000
11.000000
11.000000
21.000000
13.000000
12.000000
14.000000
16.000000
13.000000
11.000000
11.000000
13.000000
10.000000
5.000000
-4.000000
-3.000000
4.000000
4.000000
0.000000
6.000000
19.000000
8.000000
8.000000
6.000000
12.000000
6.000000
10.000000
3.000000
-11.000000
9.000000
18.000000
16.000000
16.000000
12.000000
11.000000
15.000000
5.000000
5.000000
2.000000
-2.000000
0.000000
3.000000
-2.000000
-7.000000
0.000000
2.000000
-5.000000
-5.000000
-8.000000
-7.000000
-7.000000
-9.000000
-2.000000
-8.000000
-5.000000
-4.000000
-11.000000
-14.000000
-16.000000
-14.000000
-23.000000
-14.000000
-7.000000
-7.000000
-6.000000
-11.000000
-15.000000
-10.000000
-5.000000
-16.000000
-7.000000
-8.000000
-19.000000
-1.000000
-5.000000
-8.000000
-9.000000
-7.000000
-10.000000
-9.000000
-2.000000
-8.000000
-6.000000
-5.000000
-6.000000
-8.000000
-9.000000
-6.000000
-7.000000
-6.000000
-3.000000
2.000000
-6.000000
-14.000000
-1.000000
4.000000
2.000000
6.000000
6.000000
10.000000
8.000000
5.000000
19.000000
21.000000
10.000000
4.000000
-5.000000
-1.000000
-3.000000
-5.000000
1.000000
-4.000000
-1.000000
2.000000
4.000000
7.000000
6.000000
4.000000
7.000000
16.000000
10.000000
18.000000
14.000000
10.000000
17.000000
8.000000
2.000000
4.000000
5.000000
2.000000
-3.000000
0.000000
4.000000
5.000000
0.000000
1.000000
4.000000
2.000000
5.000000
13.000000
9.000000
-1.000000
8.000000
11.000000
17.000000
10.000000
-4.000000
-2.000000
-1.000000
-2.000000
3.000000
2.000000
-4.000000
-9.000000
-8.000000
-10.000000
-3.000000
-3.000000
-12.000000
4.000000
6.000000
-1.000000
-2.000000
-2.000000
6.000000
8.000000
11.000000
11.000000
-3.000000
3.000000
-1.000000
-10.000000
-5.000000
-3.000000
-10.000000
-10.000000
-6.000000
-4.000000
1.000000
-7.000000
-4.000000
-3.000000
-2.000000
-4.000000
-1.000000
-9.000000
-3.000000
7.000000
-1.000000
-5.000000
-3.000000
3.000000
1.000000
-2.000000
0.000000
-5.000000
-9.000000
-11.000000
-8.000000
-5.000000
-10.000000
-6.000000
5.000000
0.000000
5.000000
6.000000
7.000000
1.000000
1.000000
7.000000
2.000000
9.000000
4.000000
-1.000000
2.000000
3.000000
-6.000000
-13.000000
-6.000000
-1.000000
-10.000000
-9.000000
0.000000
2.000000
1.000000
3.000000
6.000000
13.000000
12.000000
8.000000
15.000000
16.000000
20.000000
14.000000
8.000000
10.000000
4.000000
4.000000
2.000000
3.000000
-3.000000
-2.000000
2.000000
1.000000
11.000000
0.000000
0.000000
12.000000
6.000000
3.000000
7.000000
15.000000
11.000000
4.000000
13.000000
18.000000
14.000000
10.000000
5.000000
-1.000000
-1.000000
0.000000
-5.000000
-3.000000
0.000000
0.000000
-2.000000
-3.000000
-6.000000
-9.000000
-9.000000
-6.000000
-3.000000
-1.000000
-1.000000
3.000000
5.000000
-7.000000
-7.000000
-3.000000
0.000000
-4.000000
-5.000000
-8.000000
-14.000000
-13.000000
-20.000000
-17.000000
-16.000000
-19.000000
-16.000000
-17.000000
-15.000000
-21.000000
-16.000000
-14.000000
-8.000000
-8.000000
-8.000000
-14.000000
-12.000000
-4.000000
-6.000000
-11.000000
-16.000000
-6.000000
-12.000000
-18.000000
-19.000000
-15.000000
-7.000000
-9.000000
-17.000000
-19.000000
-7.000000
0.000000
-7.000000
-11.000000
-5.000000
-9.000000
-3.000000
10.000000
2.000000
3.000000
9.000000
5.000000
11.000000
1.000000
3.000000
4.000000
2.000000
8.000000
-1.000000
-3.000000
1.000000
6.000000
4.000000
4.000000
6.000000
6.000000
19.000000
15.000000
13.000000
21.000000
8.000000
18.000000
18.000000
13.000000
16.000000
15.000000
12.000000
8.000000
11.000000
7.000000
14.000000
10.000000
6.000000
10.000000
5.000000
10.000000
2.000000
3.000000
10.000000
8.000000
5.000000
4.000000
-2.000000
-2.000000
3.000000
-8.000000
-2.000000
6.000000
9.000000
3.000000
6.000000
6.000000
4.000000
13.000000
11.000000
6.000000
-2.000000
2.000000
-5.000000
-1.000000
2.000000
3.000000
7.000000
0.000000
9.000000
-6.000000
-3.000000
11.000000
1.000000
9.000000
6.000000
1.000000
7.000000
4.000000
0.000000
1.000000
-2.000000
6.000000
1.000000
0.000000
6.000000
-1.000000
-1.000000
-5.000000
-10.000000
-19.000000
-13.000000
-11.000000
-15.000000
-8.000000
-13.000000
-24.000000
-19.000000
-18.000000
-20.000000
-23.000000
-24.000000
-18.000000
-21.000000
-20.000000
-20.000000
-22.000000
-22.000000
-16.000000
-20.000000
-17.000000
-18.000000
-19.000000
-16.000000
-18.000000
-18.000000
-18.000000
-17.000000
-18.000000
-15.000000
-11.000000
-10.000000
-16.000000
-13.000000
-15.000000
-10.000000
-8.000000
-12.000000
-5.000000
-3.000000
1.000000
-10.000000
-9.000000
4.000000
-2.000000
-7.000000
-9.000000
0.000000
1.000000
0.000000
0.000000
-4.000000
-4.000000
-9.000000
-7.000000
1.000000
6.000000
1.000000
-3.000000
-12.000000
-7.000000
-7.000000
4.000000
6.000000
10.000000
14.000000
10.000000
18.000000
11.000000
17.000000
21.000000
18.000000
12.000000
16.000000
15.000000
15.000000
10.000000
7.000000
10.000000
5.000000
4.000000
-2.000000
8.000000
0.000000
-4.000000
5.000000
5.000000
3.000000
8.000000
19.000000
17.000000
13.000000
7.000000
12.000000
14.000000
12.000000
19.000000
13.000000
9.000000
6.000000
5.000000
3.000000
2.000000
3.000000
2.000000
-1.000000
4.000000
-3.000000
-5.000000
-1.000000
0.000000
5.000000
10.000000
7.000000
10.000000
9.000000
6.000000
12.000000
-4.000000
-2.000000
1.000000
2.000000
4.000000
-5.000000
2.000000
-3.000000
-16.000000
-14.000000
-16.000000
-11.000000
-4.000000
-7.000000
-11.000000
-9.000000
-8.000000
-21.000000
-15.000000
-12.000000
-8.000000
-2.000000
2.000000
1.000000
-6.000000
-3.000000
-6.000000
-10.000000
-9.000000
-5.000000
-10.000000
-13.000000
-11.000000
-13.000000
-20.000000
-19.000000
-10.000000
-8.000000
-15.000000
-18.000000
-18.000000
-19.000000
-15.000000
-2.000000
2.000000
-6.000000
-2.000000
-3.000000
-5.000000
-8.000000
-4.000000
2.000000
2.000000
3.000000
2.000000
-6.000000
-3.000000
-1.000000
-10.000000
-7.000000
-1.000000
-4.000000
0.000000
5.000000
6.000000
8.000000
6.000000
6.000000
3.000000
4.000000
6.000000
-1.000000
-2.000000
6.000000
11.000000
7.000000
8.000000
7.000000
5.000000
8.000000
9.000000
14.000000
7.000000
12.000000
10.000000
12.000000
9.000000
15.000000
27.000000
15.000000
12.000000
15.000000
10.000000
10.000000
12.000000
8.000000
17.000000
14.000000
16.000000
23.000000
15.000000
19.000000
18.000000
13.000000
15.000000
13.000000
14.000000
11.000000
17.000000
9.000000
20.000000
14.000000
2.000000
21.000000
15.000000
8.000000
4.000000
5.000000
-2.000000
-5.000000
4.000000
2.000000
-4.000000
-3.000000
-8.000000
-3.000000
-4.000000
-7.000000
0.000000
9.000000
10.000000
3.000000
3.000000
4.000000
6.000000
2.000000
4.000000
7.000000
8.000000
8.000000
3.000000
5.000000
6.000000
1.000000
4.000000
7.000000
4.000000
5.000000
4.000000
-9.000000
-3.000000
3.000000
-5.000000
-2.000000
-9.000000
-4.000000
-9.000000
-2.000000
-3.000000
-7.000000
-3.000000
-12.000000
-10.000000
0.000000
-5.000000
-5.000000
-6.000000
-8.000000
-10.000000
-5.000000
-2.000000
-4.000000
1.000000
-8.000000
-10.000000
-6.000000
-6.000000
-7.000000
-5.000000
-9.000000
-3.000000
0.000000
-9.000000
-3.000000
3.000000
-7.000000
-6.000000
5.000000
9.000000
11.000000
6.000000
4.000000
0.000000
3.000000
8.000000
0.000000
9.000000
2.000000
-1.000000
0.000000
1.000000
9.000000
10.000000
14.000000
13.000000
7.000000
11.000000
15.000000
17.000000
14.000000
18.000000
21.000000
13.000000
6.000000
10.000000
17.000000
21.000000
16.000000
13.000000
14.000000
9.000000
17.000000
12.000000
11.000000
14.000000
13.000000
18.000000
14.000000
14.000000
17.000000
17.000000
16.000000
20.000000
21.000000
14.000000
12.000000
22.000000
14.000000
13.000000
13.000000
16.000000
14.000000
18.000000
12.000000
17.000000
21.000000
17.000000
22.000000
18.000000
14.000000
10.000000
11.000000
6.000000
5.000000
0.000000
-9.000000
1.000000
-4.000000
-6.000000
0.000000
-3.000000
2.000000
-8.000000
-1.000000
3.000000
-3.000000
-3.000000
-1.000000
0.000000
-6.000000
1.000000
-2.000000
0.000000
-4.000000
-4.000000
-2.000000
-6.000000
-4.000000
-6.000000
-6.000000
-5.000000
-2.000000
-3.000000
-12.000000
-10.000000
-5.000000
-2.000000
-3.000000
-3.000000
-14.000000
-5.000000
0.000000
-11.000000
-3.000000
-5.000000
-12.000000
-17.000000
-13.000000
-15.000000
-17.000000
-12.000000
-11.000000
-5.000000
-17.000000
-17.000000
-12.000000
-23.000000
-15.000000
-15.000000
-22.000000
-9.000000
0.000000
10.000000
10.000000
0.000000
-1.000000
-2.000000
-2.000000
-4.000000
4.000000
-5.000000
-17.000000
-7.000000
-7.000000
-6.000000
-11.000000
-11.000000
-9.000000
-8.000000
-5.000000
-11.000000
-8.000000
0.000000
-8.000000
-5.000000
-4.000000
-6.000000
2.000000
-2.000000
1.000000
0.000000
6.000000
1.000000
4.000000
3.000000
0.000000
-4.000000
-2.000000
3.000000
-4.000000
10.000000
12.000000
16.000000
14.000000
10.000000
20.000000
19.000000
9.000000
10.000000
14.000000
16.000000
19.000000
17.000000
7.000000
0.000000
3.000000
2.000000
0.000000
-6.000000
-2.000000
-8.000000
-1.000000
0.000000
9.000000
13.000000
2.000000
7.000000
13.000000
10.000000
14.000000
17.000000
11.000000
16.000000
13.000000
18.000000
14.000000
13.000000
6.000000
6.000000
14.000000
13.000000
0.000000
-5.000000
-3.000000
-6.000000
9.000000
4.000000
-8.000000
12.000000
6.000000
-2.000000
2.000000
0.000000
5.000000
4.000000
-9.000000
-2.000000
-8.000000
-14.000000
-14.000000
-15.000000
-11.000000
-20.000000
-20.000000
-24.000000
-20.000000
-15.000000
-11.000000
-15.000000
-10.000000
-10.000000
-13.000000
-8.000000
-5.000000
-4.000000
-1.000000
-8.000000
-1.000000
-1.000000
-8.000000
-2.000000
-12.000000
-16.000000
-15.000000
-16.000000
-10.000000
-19.000000
-21.000000
-12.000000
-13.000000
-11.000000
-14.000000
-16.000000
-13.000000
-19.000000
-17.000000
-12.000000
-7.000000
-12.000000
-10.000000
-11.000000
-17.000000
-15.000000
-14.000000
-11.000000
-6.000000
-7.000000
-9.000000
-12.000000
-10.000000
-4.000000
-10.000000
-19.000000
-18.000000
-15.000000
-7.000000
-5.000000
-9.000000
-7.000000
-6.000000
-8.000000
-13.000000
-7.000000
1.000000
-2.000000
-7.000000
-4.000000
-11.000000
-11.000000
-13.000000
-5.000000
-11.000000
-16.000000
-9.000000
-9.000000
-10.000000
-12.000000
-16.000000
-18.000000
-6.000000
-8.000000
0.000000
2.000000
3.000000
4.000000
-4.000000
3.000000
11.000000
13.000000
7.000000
10.000000
12.000000
10.000000
3.000000
4.000000
17.000000
11.000000
9.000000
14.000000
21.000000
16.000000
8.000000
7.000000
13.000000
14.000000
6.000000
9.000000
12.000000
15.000000
7.000000
13.000000
12.000000
10.000000
15.000000
10.000000
12.000000
8.000000
2.000000
-1.000000
2.000000
5.000000
-2.000000
1.000000
0.000000
-4.000000
4.000000
-8.000000
-3.000000
2.000000
-7.000000
-2.000000
-11.000000
-7.000000
-1.000000
-6.000000
-8.000000
1.000000
0.000000
-7.000000
-5.000000
-13.000000
-9.000000
-7.000000
-14.000000
-7.000000
-7.000000
-1.000000
-3.000000
-4.000000
1.000000
-7.000000
1.000000
-6.000000
-6.000000
-3.000000
-9.000000
-4.000000
-4.000000
-8.000000
-6.000000
-5.000000
-3.000000
-6.000000
-13.000000
-18.000000
-15.000000
-8.000000
-12.000000
1.000000
-6.000000
-6.000000
2.000000
-5.000000
-5.000000
-4.000000
-1.000000
2.000000
2.000000
-11.000000
-4.000000
-2.000000
-5.000000
0.000000
-10.000000
-17.000000
-12.000000
-14.000000
-8.000000
-11.000000
-12.000000
-7.000000
-2.000000
-1.000000
-5.000000
1.000000
-4.000000
-6.000000
-4.000000
-15.000000
-3.000000
-4.000000
-2.000000
5.000000
0.000000
3.000000
1.000000
-4.000000
-1.000000
3.000000
6.000000
2.000000
-5.000000
6.000000
9.000000
10.000000
9.000000
8.000000
-2.000000
3.000000
9.000000
1.000000
6.000000
6.000000
1.000000
6.000000
8.000000
-2.000000
-3.000000
-1.000000
0.000000
2.000000
0.000000
-7.000000
0.000000
4.000000
2.000000
9.000000
3.000000
13.000000
18.000000
19.000000
22.000000
15.000000
15.000000
16.000000
12.000000
11.000000
15.000000
3.000000
1.000000
12.000000
4.000000
6.000000
14.000000
3.000000
6.000000
8.000000
12.000000
7.000000
5.000000
6.000000
5.000000
4.000000
3.000000
2.000000
2.000000
10.000000
11.000000
3.000000
7.000000
1.000000
0.000000
0.000000
-6.000000
-7.000000
-16.000000
-3.000000
-4.000000
-7.000000
-6.000000
-11.000000
-6.000000
-11.000000
-12.000000
-12.000000
-11.000000
-10.000000
-4.000000
2.000000
0.000000
-2.000000
-1.000000
-1.000000
3.000000
-5.000000
-3.000000
-1.000000
-1.000000
4.000000
0.000000
7.000000
11.000000
8.000000
5.000000
12.000000
16.000000
18.000000
16.000000
5.000000
10.000000
8.000000
11.000000
18.000000
14.000000
13.000000
16.000000
2.000000
0.000000
2.000000
-1.000000
5.000000
-1.000000
6.000000
0.000000
-1.000000
-3.000000
-3.000000
0.000000
-7.000000
-8.000000
-4.000000
-14.000000
-17.000000
-18.000000
-22.000000
-17.000000
-15.000000
-8.000000
-14.000000
-8.000000
-7.000000
-3.000000
-4.000000
-5.000000
8.000000
-1.000000
12.000000
9.000000
2.000000
5.000000
9.000000
18.000000
9.000000
3.000000
11.000000
23.000000
12.000000
15.000000
16.000000
16.000000
14.000000
7.000000
16.000000
10.000000
19.000000
14.000000
17.000000
15.000000
20.000000
23.000000
5.000000
11.000000
3.000000
3.000000
6.000000
6.000000
1.000000
-1.000000
-2.000000
-2.000000
2.000000
-1.000000
3.000000
-3.000000
3.000000
7.000000
2.000000
6.000000
1.000000
-1.000000
-2.000000
-7.000000
-1.000000
-4.000000
1.000000
-5.000000
-8.000000
-11.000000
-11.000000
-5.000000
-7.000000
-7.000000
-11.000000
-8.000000
-4.000000
-3.000000
3.000000
3.000000
-5.000000
1.000000
-3.000000
-13.000000
-15.000000
-17.000000
-18.000000
-12.000000
-4.000000
-5.000000
-2.000000
-8.000000
-7.000000
-5.000000
-6.000000
-3.000000
-3.000000
-3.000000
-3.000000
0.000000
17.000000
13.000000
6.000000
9.000000
6.000000
6.000000
8.000000
15.000000
11.000000
12.000000
12.000000
16.000000
9.000000
7.000000
14.000000
16.000000
16.000000
14.000000
14.000000
23.000000
22.000000
16.000000
21.000000
21.000000
26.000000
22.000000
25.000000
16.000000
13.000000
5.000000
1.000000
2.000000
-7.000000
-7.000000
-6.000000
2.000000
-4.000000
0.000000
-4.000000
-11.000000
-15.000000
-21.000000
-15.000000
-12.000000
-13.000000
-19.000000
-22.000000
-9.000000
-11.000000
-14.000000
-11.000000
-5.000000
-8.000000
-9.000000
5.000000
-4.000000
3.000000
4.000000
0.000000
6.000000
7.000000
8.000000
3.000000
7.000000
1.000000
1.000000
4.000000
-5.000000
-3.000000
-8.000000
-11.000000
-2.000000
-6.000000
1.000000
1.000000
-1.000000
2.000000
-9.000000
-7.000000
-7.000000
-10.000000
-6.000000
-17.000000
-15.000000
-13.000000
-17.000000
-1.000000
5.000000
8.000000
-2.000000
-10.000000
-6.000000
-17.000000
-13.000000
-5.000000
-7.000000
-12.000000
-13.000000
-16.000000
-10.000000
3.000000
4.000000
7.000000
5.000000
2.000000
5.000000
7.000000
6.000000
7.000000
-3.000000
-4.000000
8.000000
2.000000
-8.000000
-21.000000
-34.000000
-36.000000
-31.000000
-22.000000
-17.000000
-14.000000
-13.000000
-17.000000
-9.000000
10.000000
24.000000
29.000000
23.000000
26.000000
21.000000
16.000000
8.000000
15.000000
15.000000
8.000000
5.000000
1.000000
2.000000
1.000000
4.000000
-5.000000
-6.000000
-4.000000
-2.000000
-10.000000
-15.000000
-16.000000
-13.000000
9.000000
21.000000
36.000000
42.000000
49.000000
59.000000
50.000000
48.000000
47.000000
60.000000
67.000000
52.000000
49.000000
46.000000
55.000000
60.000000
55.000000
44.000000
66.000000
87.000000
71.000000
46.000000
33.000000
37.000000
43.000000
33.000000
22.000000
32.000000
45.000000
61.000000
46.000000
14.000000
2.000000
17.000000
29.000000
10.000000
-25.000000
-34.000000
-33.000000
-42.000000
-56.000000
-53.000000
-45.000000
-23.000000
-17.000000
-22.000000
-16.000000
1.000000
24.000000
28.000000
16.000000
20.000000
38.000000
51.000000
43.000000
25.000000
14.000000
11.000000
17.000000
4.000000
-18.000000
-42.000000
-57.000000
-60.000000
-60.000000
-75.000000
-84.000000
-87.000000
-105.000000
-106.000000
-115.000000
-129.000000
-146.000000
-146.000000
-141.000000
-125.000000
-124.000000
-149.000000
-159.000000
-161.000000
-145.000000
-151.000000
-162.000000
-189.000000
-230.000000
-287.000000
-342.000000
-342.000000
-289.000000
-186.000000
-75.000000
11.000000
129.000000
256.000000
332.000000
273.000000
85.000000
-66.000000
-63.000000
100.000000
251.000000
301.000000
287.000000
286.000000
283.000000
236.000000
147.000000
56.000000
14.000000
29.000000
51.000000
18.000000
-58.000000
-178.000000
-384.000000
-583.000000
-684.000000
-535.000000
-221.000000
47.000000
130.000000
19.000000
-121.000000
-187.000000
-187.000000
-217.000000
-262.000000
-230.000000
-58.000000
189.000000
373.000000
429.000000
385.000000
328.000000
306.000000
364.000000
531.000000
723.000000
845.000000
816.000000
731.000000
662.000000
645.000000
632.000000
561.000000
458.000000
369.000000
386.000000
480.000000
533.000000
446.000000
216.000000
-49.000000
-202.000000
-233.000000
-196.000000
-218.000000
-308.000000
-392.000000
-444.000000
-421.000000
-386.000000
-388.000000
-411.000000
-423.000000
-362.000000
-235.000000
-92.000000
17.000000
64.000000
55.000000
13.000000
2.000000
93.000000
215.000000
271.000000
224.000000
144.000000
124.000000
186.000000
239.000000
179.000000
50.000000
-54.000000
-87.000000
-87.000000
-141.000000
-250.000000
-387.000000
-501.000000
-580.000000
-645.000000
-691.000000
-727.000000
-755.000000
-809.000000
-902.000000
-987.000000
-994.000000
-928.000000
-874.000000
-874.000000
-852.000000
-770.000000
-640.000000
-498.000000
-418.000000
-369.000000
-304.000000
-182.000000
-49.000000
52.000000
110.000000
139.000000
188.000000
239.000000
281.000000
323.000000
378.000000
426.000000
466.000000
468.000000
447.000000
435.000000
442.000000
462.000000
443.000000
419.000000
375.000000
351.000000
349.000000
347.000000
328.000000
295.000000
290.000000
323.000000
355.000000
379.000000
382.000000
383.000000
385.000000
364.000000
340.000000
339.000000
403.000000
491.000000
564.000000
591.000000
585.000000
621.000000
698.000000
764.000000
774.000000
744.000000
748.000000
792.000000
859.000000
886.000000
862.000000
837.000000
808.000000
785.000000
712.000000
627.000000
569.000000
567.000000
580.000000
555.000000
504.000000
453.000000
437.000000
399.000000
318.000000
206.000000
133.000000
102.000000
19.000000
-241.000000
-684.000000
-1222.000000
-1751.000000
-2210.000000
-2529.000000
-2653.000000
-2521.000000
-2229.000000
-1991.000000
-1942.000000
-2083.000000
-2253.000000
-2331.000000
-2290.000000
-2214.000000
-2066.000000
-1781.000000
-1315.000000
-770.000000
-267.000000
103.000000
293.000000
371.000000
413.000000
542.000000
759.000000
1022.000000
1238.000000
1294.000000
1217.000000
1033.000000
803.000000
541.000000
193.000000
-198.000000
-538.000000
-714.000000
-712.000000
-591.000000
-503.000000
-540.000000
-688.000000
-884.000000
-1034.000000
-1070.000000
-980.000000
-876.000000
-873.000000
-969.000000
-1065.000000
-1006.000000
-750.000000
-421.000000
-127.000000
35.000000
182.000000
425.000000
787.000000
1205.000000
1514.000000
1662.000000
1706.000000
1770.000000
1970.000000
2265.000000
2500.000000
2533.000000
2411.000000
2286.000000
2291.000000
2397.000000
2438.000000
2319.000000
2012.000000
1632.000000
1288.000000
1034.000000
818.000000
517.000000
165.000000
-183.000000
-395.000000
-433.000000
-363.000000
-321.000000
-410.000000
-567.000000
-652.000000
-556.000000
-343.000000
-119.000000
35.000000
146.000000
303.000000
538.000000
760.000000
850.000000
766.000000
635.000000
600.000000
718.000000
886.000000
958.000000
860.000000
676.000000
597.000000
669.000000
805.000000
807.000000
635.000000
352.000000
196.000000
273.000000
502.000000
708.000000
736.000000
583.000000
387.000000
245.000000
2.000000
-628.000000
-1869.000000
-3359.000000
-4453.000000
-4487.000000
-3525.000000
-2345.000000
-1769.000000
-2083.000000
-2777.000000
-3235.000000
-3255.000000
-3182.000000
-3402.000000
-3858.000000
-4030.000000
-3413.000000
-2048.000000
-529.000000
448.000000
497.000000
-13.000000
-403.000000
-194.000000
522.000000
1199.000000
1445.000000
1283.000000
1152.000000
1392.000000
1853.000000
2023.000000
1503.000000
469.000000
-496.000000
-865.000000
-601.000000
-124.000000
118.000000
-75.000000
-500.000000
-830.000000
-922.000000
-916.000000
-1032.000000
-1369.000000
-1767.000000
-1936.000000
-1707.000000
-1133.000000
-518.000000
-159.000000
-134.000000
-266.000000
-248.000000
77.000000
609.000000
1136.000000
1522.000000
1822.000000
2190.000000
2677.000000
3161.000000
3437.000000
3414.000000
3164.000000
2900.000000
2782.000000
2828.000000
2955.000000
2946.000000
2649.000000
2058.000000
1307.000000
654.000000
207.000000
-143.000000
-573.000000
-1072.000000
-1459.000000
-1545.000000
-1342.000000
-1136.000000
-1187.000000
-1474.000000
-1769.000000
-1797.000000
-1496.000000
-1006.000000
-537.000000
-177.000000
102.000000
414.000000
816.000000
1240.000000
1552.000000
1603.000000
1451.000000
1267.000000
1272.000000
1490.000000
1722.000000
1744.000000
1491.000000
1098.000000
743.000000
506.000000
320.000000
32.000000
-399.000000
-850.000000
-1158.000000
-1217.000000
-1117.000000
-1038.000000
-1120.000000
-1328.000000
-1515.000000
-1509.000000
-1300.000000
-1000.000000
-731.000000
-499.000000
-226.000000
91.000000
492.000000
879.000000
1164.000000
1340.000000
1418.000000
1442.000000
1499.000000
1617.000000
1765.000000
1943.000000
2033.000000
1972.000000
1777.000000
1498.000000
1259.000000
973.000000
412.000000
-680.000000
-2133.000000
-3394.000000
-3846.000000
-3323.000000
-2406.000000
-1897.000000
-2155.000000
-2792.000000
-3086.000000
-2760.000000
-2240.000000
-2174.000000
-2744.000000
-3486.000000
-3627.000000
-2782.000000
-1362.000000
-138.000000
275.000000
0.000000
-361.000000
-247.000000
325.000000
797.000000
701.000000
41.000000
-564.000000
-549.000000
122.000000
884.000000
1092.000000
589.000000
-228.000000
-755.000000
-752.000000
-419.000000
-181.000000
-290.000000
-585.000000
-703.000000
-454.000000
49.000000
494.000000
587.000000
330.000000
-22.000000
-220.000000
-136.000000
129.000000
363.000000
421.000000
352.000000
287.000000
377.000000
614.000000
830.000000
866.000000
667.000000
414.000000
362.000000
609.000000
1037.000000
1385.000000
1484.000000
1422.000000
1403.000000
1568.000000
1853.000000
2078.000000
2121.000000
2033.000000
1953.000000
1976.000000
2073.000000
2117.000000
1984.000000
1671.000000
1331.000000
1093.000000
1007.000000
978.000000
844.000000
531.000000
139.000000
-184.000000
-378.000000
-493.000000
-652.000000
-854.000000
-1034.000000
-1072.000000
-958.000000
-799.000000
-733.000000
-818.000000
-1005.000000
-1150.000000
-1177.000000
-1077.000000
-886.000000
-700.000000
-531.000000
-391.000000
-257.000000
-129.000000
-32.000000
-20.000000
-107.000000
-229.000000
-298.000000
-266.000000
-151.000000
-35.000000
-29.000000
-152.000000
-322.000000
-441.000000
-480.000000
-448.000000
-420.000000
-452.000000
-506.000000
-507.000000
-378.000000
-186.000000
-44.000000
-42.000000
-131.000000
-196.000000
-148.000000
34.000000
247.000000
375.000000
416.000000
432.000000
513.000000
690.000000
855.000000
914.000000
833.000000
701.000000
617.000000
611.000000
640.000000
595.000000
472.000000
321.000000
218.000000
224.000000
296.000000
381.000000
419.000000
352.000000
102.000000
-347.000000
-835.000000
-1120.000000
-1027.000000
-677.000000
-333.000000
-197.000000
-253.000000
-317.000000
-257.000000
-172.000000
-288.000000
-716.000000
-1358.000000
-1872.000000
-1974.000000
-1639.000000
-1091.000000
-660.000000
-563.000000
-722.000000
-903.000000
-927.000000
-847.000000
-867.000000
-1123.000000
-1504.000000
-1695.000000
-1455.000000
-857.000000
-264.000000
19.000000
-96.000000
-354.000000
-452.000000
-269.000000
39.000000
181.000000
107.000000
-28.000000
35.000000
387.000000
851.000000
1122.000000
1009.000000
602.000000
199.000000
71.000000
215.000000
399.000000
413.000000
251.000000
93.000000
133.000000
350.000000
539.000000
509.000000
244.000000
-68.000000
-201.000000
-105.000000
112.000000
324.000000
486.000000
631.000000
785.000000
970.000000
1172.000000
1353.000000
1467.000000
1483.000000
1442.000000
1443.000000
1540.000000
1678.000000
1771.000000
1730.000000
1572.000000
1418.000000
1360.000000
1339.000000
1240.000000
1044.000000
792.000000
584.000000
442.000000
339.000000
175.000000
-104.000000
-455.000000
-761.000000
-889.000000
-805.000000
-600.000000
-480.000000
-512.000000
-654.000000
-786.000000
-832.000000
-860.000000
-1006.000000
-1289.000000
-1539.000000
-1552.000000
-1281.000000
-899.000000
-618.000000
-589.000000
-759.000000
-974.000000
-1062.000000
-993.000000
-815.000000
-703.000000
-705.000000
-714.000000
-632.000000
-347.000000
9.000000
207.000000
121.000000
-172.000000
-365.000000
-267.000000
44.000000
356.000000
465.000000
343.000000
189.000000
215.000000
384.000000
510.000000
449.000000
226.000000
31.000000
44.000000
277.000000
562.000000
732.000000
716.000000
637.000000
633.000000
751.000000
879.000000
916.000000
877.000000
922.000000
1182.000000
1540.000000
1880.000000
2075.000000
2204.000000
2261.000000
1984.000000
1053.000000
-481.000000
-2035.000000
-2852.000000
-2519.000000
-1498.000000
-599.000000
-422.000000
-775.000000
-1066.000000
-998.000000
-831.000000
-1159.000000
-2175.000000
-3417.000000
-4043.000000
-3485.000000
-1980.000000
-363.000000
559.000000
612.000000
318.000000
332.000000
817.000000
1286.000000
1195.000000
505.000000
-188.000000
-223.000000
534.000000
1509.000000
1925.000000
1478.000000
488.000000
-392.000000
-795.000000
-852.000000
-930.000000
-1284.000000
-1728.000000
-1894.000000
-1582.000000
-971.000000
-515.000000
-557.000000
-1099.000000
-1764.000000
-2134.000000
-2047.000000
-1634.000000
-1207.000000
-941.000000
-756.000000
-434.000000
101.000000
693.000000
1062.000000
1032.000000
760.000000
577.000000
730.000000
1195.000000
1720.000000
2070.000000
2186.000000
2175.000000
2183.000000
2243.000000
2295.000000
2250.000000
2056.000000
1771.000000
1505.000000
1393.000000
1379.000000
1281.000000
879.000000
214.000000
-392.000000
-676.000000
-566.000000
-324.000000
-267.000000
-438.000000
-642.000000
-701.000000
-641.000000
-643.000000
-827.000000
-1092.000000
-1161.000000
-891.000000
-308.000000
352.000000
838.000000
1034.000000
959.000000
805.000000
699.000000
671.000000
624.000000
478.000000
291.000000
209.000000
344.000000
601.000000
749.000000
591.000000
110.000000
-491.000000
-977.000000
-1187.000000
-1157.000000
-1055.000000
-982.000000
-958.000000
-886.000000
-743.000000
-566.000000
-441.000000
-445.000000
-511.000000
-522.000000
-348.000000
7.000000
491.000000
919.000000
1189.000000
1366.000000
1530.000000
1777.000000
2026.000000
2147.000000
2142.000000
2196.000000
2468.000000
2913.000000
3280.000000
3491.000000
3451.000000
3020.000000
1749.000000
-767.000000
-4003.000000
-6622.000000
-7143.000000
-5567.000000
-3306.000000
-2109.000000
-2385.000000
-3044.000000
-2898.000000
-1901.000000
-1354.000000
-2324.000000
-4485.000000
-6234.000000
-5960.000000
-3485.000000
-141.000000
2314.000000
3036.000000
2614.000000
2268.000000
2823.000000
3765.000000
3993.000000
2874.000000
1026.000000
-123.000000
307.000000
1868.000000
3014.000000
2597.000000
777.000000
-1243.000000
-2344.000000
-2464.000000
-2328.000000
-2674.000000
-3469.000000
-4000.000000
-3631.000000
-2384.000000
-998.000000
-244.000000
-387.000000
-1098.000000
-1716.000000
-1821.000000
-1393.000000
-784.000000
-359.000000
-163.000000
1.000000
473.000000
1294.000000
2116.000000
2482.000000
2152.000000
1438.000000
880.000000
870.000000
1299.000000
1688.000000
1769.000000
1610.000000
1567.000000
1802.000000
2187.000000
2432.000000
2326.000000
1963.000000
1558.000000
1317.000000
1319.000000
1406.000000
1356.000000
1031.000000
512.000000
108.000000
-28.000000
-62.000000
-371.000000
-1073.000000
-1835.000000
-2157.000000
-1818.000000
-1136.000000
-581.000000
-429.000000
-445.000000
-240.000000
299.000000
956.000000
1386.000000
1446.000000
1266.000000
1158.000000
1272.000000
1537.000000
1675.000000
1466.000000
958.000000
401.000000
73.000000
57.000000
136.000000
69.000000
-258.000000
-733.000000
-1122.000000
-1332.000000
-1363.000000
-1378.000000
-1442.000000
-1500.000000
-1422.000000
-1066.000000
-477.000000
145.000000
567.000000
684.000000
620.000000
566.000000
689.000000
1002.000000
1450.000000
1812.000000
1921.000000
1866.000000
1799.000000
1902.000000
2060.000000
2070.000000
1823.000000
1504.000000
1434.000000
1716.000000
2114.000000
2390.000000
2334.000000
1820.000000
543.000000
-1773.000000
-4746.000000
-7269.000000
-7967.000000
-6670.000000
-4369.000000
-2672.000000
-2242.000000
-2408.000000
-2216.000000
-1406.000000
-895.000000
-1643.000000
-3629.000000
-5619.000000
-6086.000000
-4463.000000
-1484.000000
1281.000000
2712.000000
2863.000000
2619.000000
2924.000000
3587.000000
3763.000000
2720.000000
771.000000
-811.000000
-1012.000000
193.000000
1599.000000
1987.000000
1068.000000
-457.000000
-1590.000000
-2014.000000
-2088.000000
-2404.000000
-3102.000000
-3677.000000
-3554.000000
-2463.000000
-850.000000
559.000000
1212.000000
1012.000000
421.000000
-144.000000
-338.000000
-240.000000
-107.000000
-53.000000
-27.000000
260.000000
876.000000
1653.000000
2145.000000
2020.000000
1415.000000
678.000000
246.000000
170.000000
282.000000
475.000000
695.000000
1091.000000
1638.000000
2220.000000
2700.000000
2972.000000
3006.000000
2752.000000
2325.000000
1830.000000
1449.000000
1264.000000
1091.000000
840.000000
485.000000
156.000000
-49.000000
-282.000000
-719.000000
-1400.000000
-2118.000000
-2538.000000
-2507.000000
-2118.000000
-1603.000000
-1069.000000
-538.000000
65.000000
737.000000
1280.000000
1587.000000
1619.000000
1480.000000
1350.000000
1333.000000
1438.000000
1489.000000
1367.000000
1030.000000
573.000000
198.000000
-48.000000
-181.000000
-401.000000
-802.000000
-1280.000000
-1617.000000
-1615.000000
-1397.000000
-1153.000000
-1104.000000
-1181.000000
-1138.000000
-850.000000
-272.000000
362.000000
889.000000
1180.000000
1269.000000
1378.000000
1633.000000
2106.000000
2551.000000
2688.000000
2476.000000
2163.000000
2133.000000
2383.000000
2649.000000
2632.000000
2277.000000
1941.000000
1829.000000
1983.000000
2135.000000
1847.000000
822.000000
-1346.000000
-4295.000000
-7180.000000
-8638.000000
-7943.000000
-5768.000000
-3545.000000
-2607.000000
-2677.000000
-2743.000000
-1957.000000
-766.000000
-515.000000
-1860.000000
-4213.000000
-5779.000000
-5248.000000
-2713.000000
463.000000
2564.000000
3156.000000
2880.000000
2909.000000
3623.000000
4202.000000
3618.000000
1522.000000
-956.000000
-2396.000000
-2092.000000
-681.000000
383.000000
304.000000
-770.000000
-1873.000000
-2357.000000
-2343.000000
-2368.000000
-2889.000000
-3626.000000
-4001.000000
-3432.000000
-1931.000000
-115.000000
1337.000000
1942.000000
1883.000000
1531.000000
1247.000000
1111.000000
929.000000
653.000000
321.000000
190.000000
460.000000
1078.000000
1773.000000
2108.000000
1896.000000
1217.000000
414.000000
-127.000000
-320.000000
-246.000000
-40.000000
302.000000
872.000000
1676.000000
2576.000000
3290.000000
3645.000000
3588.000000
3207.000000
2679.000000
2156.000000
1724.000000
1355.000000
974.000000
591.000000
216.000000
-40.000000
-284.000000
-663.000000
-1261.000000
-1961.000000
-2411.000000
-2439.000000
-2041.000000
-1506.000000
-1028.000000
-624.000000
-130.000000
538.000000
1228.000000
1732.000000
1869.000000
1683.000000
1406.000000
1225.000000
1236.000000
1303.000000
1229.000000
875.000000
313.000000
-175.000000
-432.000000
-482.000000
-567.000000
-883.000000
-1389.000000
-1800.000000
-1891.000000
-1671.000000
-1334.000000
-1125.000000
-1049.000000
-992.000000
-734.000000
-215.000000
425.000000
985.000000
1254.000000
1291.000000
1281.000000
1463.000000
1843.000000
2241.000000
2410.000000
2301.000000
2141.000000
2129.000000
2389.000000
2728.000000
2915.000000
2827.000000
2546.000000
2366.000000
2356.000000
2240.000000
1309.000000
-1120.000000
-4691.000000
-8062.000000
-9385.000000
-8075.000000
-5268.000000
-2918.000000
-2255.000000
-2575.000000
-2572.000000
-1483.000000
-204.000000
-286.000000
-2177.000000
-4826.000000
-6165.000000
-5088.000000
-2119.000000
1011.000000
2769.000000
3070.000000
2793.000000
3092.000000
3929.000000
4345.000000
3343.000000
844.000000
-1767.000000
-3144.000000
-2691.000000
-1324.000000
-404.000000
-537.000000
-1371.000000
-1947.000000
-1947.000000
-1633.000000
-1613.000000
-2102.000000
-2667.000000
-2804.000000
-2108.000000
-797.000000
668.000000
1826.000000
2355.000000
2346.000000
1939.000000
1461.000000
1010.000000
593.000000
189.000000
-300.000000
-634.000000
-663.000000
-213.000000
534.000000
1117.000000
1202.000000
725.000000
126.000000
-209.000000
-69.000000
353.000000
758.000000
1164.000000
1686.000000
2539.000000
3557.000000
4434.000000
4834.000000
4560.000000
3824.000000
2854.000000
1949.000000
1194.000000
528.000000
-138.000000
-892.000000
-1621.000000
-2197.000000
-2485.000000
-2561.000000
-2519.000000
-2401.000000
-2131.000000
-1614.000000
-873.000000
-6.000000
775.000000
1328.000000
1581.000000
1663.000000
1702.000000
1807.000000
1881.000000
1722.000000
1311.000000
710.000000
180.000000
-156.000000
-370.000000
-609.000000
-958.000000
-1269.000000
-1422.000000
-1295.000000
-986.000000
-721.000000
-663.000000
-840.000000
-1006.000000
-966.000000
-625.000000
-166.000000
155.000000
320.000000
481.000000
877.000000
1411.000000
1816.000000
1875.000000
1602.000000
1315.000000
1180.000000
1252.000000
1385.000000
1455.000000
1476.000000
1430.000000
1489.000000
1655.000000
2011.000000
2428.000000
2685.000000
2809.000000
2555.000000
1784.000000
-153.000000
-3305.000000
-6741.000000
-8766.000000
-8002.000000
-5229.000000
-2183.000000
-700.000000
-716.000000
-1052.000000
-821.000000
-129.000000
-252.000000
-1648.000000
-3860.000000
-5346.000000
-4808.000000
-2329.000000
983.000000
3314.000000
3975.000000
3292.000000
2346.000000
1991.000000
1880.000000
1404.000000
-79.000000
-1931.000000
-3169.000000
-3143.000000
-2024.000000
-971.000000
-614.000000
-1178.000000
-1981.000000
-2457.000000
-2374.000000
-1819.000000
-1237.000000
-680.000000
-250.000000
347.000000
1142.000000
1919.000000
2418.000000
2290.000000
1639.000000
614.000000
-401.000000
-1120.000000
-1450.000000
-1383.000000
-1228.000000
-1080.000000
-1038.000000
-954.000000
-691.000000
-239.000000
333.000000
692.000000
870.000000
944.000000
1224.000000
1864.000000
2736.000000
3583.000000
4066.000000
4112.000000
3849.000000
3613.000000
3500.000000
3283.000000
2640.000000
1470.000000
78.000000
-1109.000000
-1934.000000
-2488.000000
-2947.000000
-3183.000000
-3098.000000
-2636.000000
-1931.000000
-1142.000000
-278.000000
585.000000
1425.000000
1963.000000
2164.000000
2004.000000
1702.000000
1444.000000
1279.000000
1263.000000
1238.000000
1200.000000
997.000000
609.000000
52.000000
-591.000000
-1127.000000
-1523.000000
-1687.000000
-1652.000000
-1460.000000
-1001.000000
-439.000000
181.000000
510.000000
490.000000
292.000000
73.000000
181.000000
375.000000
737.000000
1030.000000
1325.000000
1592.000000
1703.000000
1768.000000
1514.000000
1074.000000
302.000000
-511.000000
-962.000000
-914.000000
-249.000000
459.000000
1129.000000
1726.000000
2364.000000
3209.000000
3773.000000
4215.000000
4248.000000
3827.000000
2127.000000
-1539.000000
-6107.000000
-9626.000000
-9624.000000
-6621.000000
-2806.000000
-570.000000
-398.000000
-704.000000
-634.000000
-34.000000
-45.000000
-1263.000000
-3234.000000
-4964.000000
-4957.000000
-2951.000000
455.000000
3506.000000
4723.000000
4076.000000
2296.000000
886.000000
31.000000
-543.000000
-1417.000000
-2561.000000
-3153.000000
-2940.000000
-1851.000000
-758.000000
-206.000000
-401.000000
-1223.000000
-2092.000000
-2641.000000
-2401.000000
-1436.000000
-142.000000
1057.000000
1830.000000
2268.000000
2379.000000
2218.000000
1746.000000
787.000000
-555.000000
-2084.000000
-3192.000000
-3410.000000
-2715.000000
-1627.000000
-882.000000
-729.000000
-902.000000
-877.000000
-364.000000
484.000000
1339.000000
2046.000000
2680.000000
3378.000000
3977.000000
4399.000000
4519.000000
4386.000000
3913.000000
3009.000000
1989.000000
1206.000000
935.000000
860.000000
577.000000
-145.000000
-1155.000000
-2091.000000
-2827.000000
-3180.000000
-3163.000000
-2696.000000
-1838.000000
-807.000000
364.000000
1388.000000
2198.000000
2609.000000
2511.000000
2036.000000
1255.000000
659.000000
365.000000
476.000000
793.000000
1067.000000
1197.000000
976.000000
568.000000
-105.000000
-841.000000
-1525.000000
-2022.000000
-2154.000000
-1918.000000
-1280.000000
-431.000000
485.000000
1209.000000
1494.000000
1338.000000
869.000000
450.000000
321.000000
468.000000
894.000000
1280.000000
1534.000000
1571.000000
1406.000000
1135.000000
608.000000
-98.000000
-971.000000
-1620.000000
-1717.000000
-1197.000000
-106.000000
1101.000000
2144.000000
2906.000000
3526.000000
4250.000000
4763.000000
4987.000000
4514.000000
3133.000000
292.000000
-4228.000000
-8717.000000
-10948.000000
-9134.000000
-4917.000000
-1006.000000
825.000000
840.000000
506.000000
-88.000000
-800.000000
-1792.000000
-2731.000000
-3570.000000
-4305.000000
-3849.000000
-1663.000000
1775.000000
4367.000000
4531.000000
2712.000000
246.000000
-1320.000000
-2062.000000
-2207.000000
-2088.000000
-1775.000000
-1086.000000
-481.000000
16.000000
-101.000000
-679.000000
-1640.000000
-2666.000000
-3251.000000
-3149.000000
-2015.000000
-298.000000
1485.000000
2615.000000
2846.000000
2346.000000
1333.000000
254.000000
-736.000000
-1556.000000
-2274.000000
-2772.000000
-2673.000000
-1898.000000
-747.000000
36.000000
117.000000
-445.000000
-1068.000000
-1265.000000
-762.000000
549.000000
2209.000000
3864.000000
4967.000000
5490.000000
5322.000000
4591.000000
3531.000000
2384.000000
1484.000000
795.000000
517.000000
613.000000
1103.000000
1594.000000
1612.000000
988.000000
-266.000000
-1763.000000
-3064.000000
-3701.000000
-3351.000000
-2192.000000
-604.000000
887.000000
1968.000000
2496.000000
2394.000000
1878.000000
1074.000000
314.000000
-249.000000
-380.000000
-7.000000
682.000000
1387.000000
1690.000000
1477.000000
767.000000
-264.000000
-1343.000000
-2175.000000
-2455.000000
-2123.000000
-1351.000000
-417.000000
333.000000
855.000000
1077.000000
1103.000000
826.000000
294.000000
-140.000000
-310.000000
53.000000
630.000000
1265.000000
1585.000000
1441.000000
995.000000
310.000000
-181.000000
-638.000000
-934.000000
-1073.000000
-966.000000
-441.000000
101.000000
816.000000
1347.000000
1772.000000
2110.000000
2414.000000
3147.000000
3805.000000
4383.000000
4204.000000
3053.000000
424.000000
-4000.000000
-8296.000000
-10353.000000
-8325.000000
-4019.000000
-193.000000
1703.000000
1757.000000
1136.000000
-381.000000
-1928.000000
-2822.000000
-2725.000000
-2388.000000
-2755.000000
-2492.000000
-701.000000
2323.000000
4297.000000
3807.000000
1778.000000
-623.000000
-2200.000000
-3045.000000
-2748.000000
-1400.000000
19.000000
763.000000
335.000000
-367.000000
-1170.000000
-2008.000000
-2763.000000
-3081.000000
-2515.000000
-1462.000000
-69.000000
1374.000000
2649.000000
3203.000000
2563.000000
1088.000000
-485.000000
-1524.000000
-1959.000000
-2027.000000
-1809.000000
-1325.000000
-708.000000
-203.000000
-79.000000
-420.000000
-1083.000000
-1784.000000
-2121.000000
-1756.000000
-578.000000
1189.000000
3034.000000
4475.000000
5133.000000
5030.000000
4216.000000
3016.000000
1955.000000
1356.000000
1313.000000
1540.000000
1935.000000
2382.000000
2678.000000
2423.000000
1352.000000
-259.000000
-1870.000000
-3039.000000
-3543.000000
-3283.000000
-2242.000000
-721.000000
695.000000
1578.000000
1669.000000
1215.000000
456.000000
-206.000000
-466.000000
-313.000000
231.000000
861.000000
1513.000000
1909.000000
1846.000000
1285.000000
319.000000
-640.000000
-1447.000000
-1935.000000
-2039.000000
-1809.000000
-1228.000000
-612.000000
-77.000000
146.000000
40.000000
-152.000000
-323.000000
-311.000000
-303.000000
-145.000000
189.000000
679.000000
1138.000000
1333.000000
1300.000000
1029.000000
725.000000
412.000000
239.000000
132.000000
19.000000
-72.000000
-69.000000
124.000000
336.000000
642.000000
1028.000000
1462.000000
1840.000000
2171.000000
2789.000000
3513.000000
3995.000000
3745.000000
2561.000000
263.000000
-3428.000000
-7305.000000
-9291.000000
-7715.000000
-3722.000000
-12.000000
1895.000000
1971.000000
953.000000
-1132.000000
-3292.000000
-4078.000000
-3069.000000
-1561.000000
-1055.000000
-802.000000
417.000000
2373.000000
3370.000000
2579.000000
1035.000000
-382.000000
-1445.000000
-2170.000000
-1850.000000
-283.000000
1260.000000
1567.000000
441.000000
-1139.000000
-2615.000000
-3822.000000
-4293.000000
-3534.000000
-1767.000000
-16.000000
1098.000000
1819.000000
2365.000000
2348.000000
1510.000000
185.000000
-733.000000
-1006.000000
-842.000000
-517.000000
-142.000000
271.000000
267.000000
-230.000000
-1127.000000
-2030.000000
-2666.000000
-2958.000000
-2639.000000
-1708.000000
-203.000000
1414.000000
2675.000000
3413.000000
3454.000000
3070.000000
2322.000000
1705.000000
1660.000000
2149.000000
2937.000000
3390.000000
3595.000000
3576.000000
3329.000000
2614.000000
1225.000000
-358.000000
-1824.000000
-2727.000000
-2987.000000
-2593.000000
-1615.000000
-720.000000
-208.000000
-213.000000
-394.000000
-480.000000
-484.000000
-254.000000
141.000000
715.000000
1150.000000
1363.000000
1529.000000
1626.000000
1576.000000
1153.000000
542.000000
-21.000000
-393.000000
-515.000000
-528.000000
-465.000000
-465.000000
-563.000000
-670.000000
-754.000000
-730.000000
-679.000000
-569.000000
-471.000000
-424.000000
-335.000000
-171.000000
140.000000
348.000000
410.000000
364.000000
360.000000
513.000000
707.000000
973.000000
1082.000000
1041.000000
813.000000
500.000000
281.000000
88.000000
154.000000
412.000000
869.000000
1297.000000
1740.000000
2483.000000
3282.000000
3868.000000
3586.000000
2369.000000
10.000000
-3481.000000
-6798.000000
-8105.000000
-6153.000000
-2390.000000
796.000000
2053.000000
1435.000000
-286.000000
-2803.000000
-4790.000000
-4965.000000
-3266.000000
-1251.000000
-373.000000
62.000000
849.000000
1842.000000
1922.000000
998.000000
167.000000
-233.000000
-400.000000
-560.000000
-8.000000
1250.000000
2105.000000
1719.000000
185.000000
-1506.000000
-3050.000000
-4240.000000
-4504.000000
-3403.000000
-1357.000000
307.000000
1032.000000
1074.000000
848.000000
335.000000
-417.000000
-808.000000
-427.000000
481.000000
1195.000000
1399.000000
1261.000000
970.000000
465.000000
-259.000000
-950.000000
-1381.000000
-1591.000000
-1709.000000
-1638.000000
-1168.000000
-330.000000
554.000000
1104.000000
1220.000000
1108.000000
951.000000
973.000000
1315.000000
2069.000000
2977.000000
3613.000000
3717.000000
3420.000000
3111.000000
2826.000000
2399.000000
1592.000000
490.000000
-552.000000
-1346.000000
-1712.000000
-1603.000000
-1096.000000
-551.000000
-453.000000
-753.000000
-1171.000000
-1314.000000
-1128.000000
-729.000000
-131.000000
426.000000
887.000000
1067.000000
1157.000000
1257.000000
1243.000000
1090.000000
763.000000
534.000000
367.000000
188.000000
8.000000
-152.000000
-225.000000
-373.000000
-611.000000
-912.000000
-1128.000000
-1094.000000
-981.000000
-804.000000
-691.000000
-551.000000
-310.000000
-58.000000
202.000000
331.000000
419.000000
490.000000
600.000000
790.000000
992.000000
1169.000000
1216.000000
1173.000000
1082.000000
943.000000
752.000000
643.000000
719.000000
906.000000
1100.000000
1400.000000
1966.000000
2594.000000
2906.000000
2515.000000
1392.000000
-514.000000
-3063.000000
-5304.000000
-5971.000000
-4372.000000
-1685.000000
383.000000
947.000000
62.000000
-1716.000000
-3944.000000
-5333.000000
-4917.000000
-2915.000000
-760.000000
292.000000
565.000000
515.000000
293.000000
-308.000000
-800.000000
-527.000000
219.000000
883.000000
1211.000000
1717.000000
2300.000000
2266.000000
1394.000000
60.000000
-1078.000000
-2049.000000
-2781.000000
-2818.000000
-1966.000000
-695.000000
34.000000
11.000000
-446.000000
-1017.000000
-1592.000000
-2009.000000
-1799.000000
-888.000000
311.000000
1193.000000
1425.000000
1099.000000
465.000000
-170.000000
-463.000000
-268.000000
252.000000
659.000000
634.000000
239.000000
-197.000000
-301.000000
-56.000000
372.000000
729.000000
912.000000
945.000000
912.000000
1050.000000
1448.000000
2031.000000
2384.000000
2319.000000
2024.000000
1886.000000
1997.000000
2093.000000
2014.000000
1708.000000
1220.000000
488.000000
-341.000000
-836.000000
-818.000000
-505.000000
-326.000000
-424.000000
-638.000000
-866.000000
-1015.000000
-1045.000000
-800.000000
-365.000000
101.000000
495.000000
822.000000
1108.000000
1132.000000
947.000000
665.000000
491.000000
434.000000
347.000000
224.000000
101.000000
61.000000
-17.000000
-184.000000
-405.000000
-605.000000
-690.000000
-745.000000
-785.000000
-791.000000
-710.000000
-528.000000
-388.000000
-340.000000
-419.000000
-522.000000
-565.000000
-468.000000
-112.000000
478.000000
1125.000000
1505.000000
1516.000000
1317.000000
1106.000000
968.000000
947.000000
1006.000000
1144.000000
1267.000000
1394.000000
1603.000000
1819.000000
1849.000000
1491.000000
763.000000
-357.000000
-1824.000000
-3248.000000
-3862.000000
-3117.000000
-1494.000000
-66.000000
459.000000
-40.000000
-1303.000000
-2960.000000
-4250.000000
-4347.000000
-3169.000000
-1473.000000
-199.000000
390.000000
356.000000
-217.000000
-1117.000000
-1724.000000
-1506.000000
-635.000000
306.000000
1010.000000
1537.000000
1727.000000
1336.000000
524.000000
-171.000000
-431.000000
-466.000000
-587.000000
-624.000000
-436.000000
-182.000000
-147.000000
-323.000000
-491.000000
-706.000000
-1040.000000
-1471.000000
-1656.000000
-1380.000000
-836.000000
-308.000000
-54.000000
-118.000000
-383.000000
-665.000000
-657.000000
-275.000000
356.000000
903.000000
1091.000000
901.000000
483.000000
180.000000
179.000000
546.000000
1094.000000
1543.000000
1736.000000
1622.000000
1355.000000
1077.000000
891.000000
861.000000
1027.000000
1424.000000
1892.000000
2236.000000
2263.000000
1918.000000
1398.000000
836.000000
399.000000
118.000000
97.000000
281.000000
448.000000
455.000000
155.000000
-228.000000
-566.000000
-786.000000
-849.000000
-738.000000
-379.000000
45.000000
402.000000
580.000000
606.000000
529.000000
332.000000
182.000000
203.000000
441.000000
724.000000
868.000000
886.000000
768.000000
592.000000
293.000000
13.000000
-125.000000
-184.000000
-214.000000
-347.000000
-462.000000
-602.000000
-770.000000
-945.000000
-1110.000000
-1172.000000
-1225.000000
-1236.000000
-1184.000000
-976.000000
-610.000000
-273.000000
-90.000000
-149.000000
-299.000000
-364.000000
-216.000000
94.000000
383.000000
581.000000
641.000000
690.000000
757.000000
791.000000
735.000000
592.000000
474.000000
425.000000
424.000000
427.000000
445.000000
460.000000
399.000000
150.000000
-235.000000
-584.000000
-783.000000
-794.000000
-702.000000
-532.000000
-374.000000
-383.000000
-590.000000
-942.000000
-1281.000000
-1531.000000
-1629.000000
-1491.000000
-1200.000000
-929.000000
-843.000000
-884.000000
-945.000000
-982.000000
-1025.000000
-1061.000000
-909.000000
-615.000000
-315.000000
-185.000000
-181.000000
-173.000000
-166.000000
-145.000000
-158.000000
-102.000000
21.000000
80.000000
16.000000
-172.000000
-332.000000
-340.000000
-233.000000
-76.000000
71.000000
248.000000
466.000000
669.000000
822.000000
864.000000
819.000000
641.000000
385.000000
172.000000
121.000000
324.000000
654.000000
963.000000
1052.000000
835.000000
435.000000
33.000000
-159.000000
-131.000000
69.000000
346.000000
592.000000
715.000000
660.000000
523.000000
394.000000
351.000000
348.000000
372.000000
491.000000
677.000000
854.000000
906.000000
831.000000
697.000000
588.000000
562.000000
589.000000
706.000000
827.000000
896.000000
856.000000
692.000000
520.000000
376.000000
324.000000
265.000000
215.000000
156.000000
78.000000
36.000000
-36.000000
-65.000000
-123.000000
-241.000000
-409.000000
-542.000000
-510.000000
-416.000000
-282.000000
-214.000000
-219.000000
-318.000000
-504.000000
-647.000000
-702.000000
-653.000000
-590.000000
-522.000000
-450.000000
-382.000000
-310.000000
-301.000000
-342.000000
-409.000000
-470.000000
-448.000000
-341.000000
-194.000000
-120.000000
-157.000000
-230.000000
-234.000000
-142.000000
-70.000000
-68.000000
-124.000000
-170.000000
-171.000000
-151.000000
-55.000000
129.000000
345.000000
508.000000
496.000000
400.000000
315.000000
330.000000
396.000000
454.000000
559.000000
593.000000
536.000000
324.000000
40.000000
-168.000000
-307.000000
-329.000000
-333.000000
-340.000000
-430.000000
-609.000000
-702.000000
-706.000000
-616.000000
-565.000000
-548.000000
-491.000000
-384.000000
-229.000000
-176.000000
-122.000000
-41.000000
73.000000
158.000000
149.000000
140.000000
104.000000
59.000000
-96.000000
-326.000000
-504.000000
-578.000000
-527.000000
-465.000000
-390.000000
-308.000000
-224.000000
-216.000000
-301.000000
-388.000000
-416.000000
-348.000000
-262.000000
-207.000000
-162.000000
-76.000000
38.000000
132.000000
172.000000
121.000000
81.000000
78.000000
129.000000
209.000000
264.000000
293.000000
302.000000
286.000000
271.000000
322.000000
421.000000
512.000000
534.000000
480.000000
407.000000
344.000000
317.000000
318.000000
301.000000
240.000000
162.000000
120.000000
173.000000
309.000000
462.000000
542.000000
501.000000
340.000000
161.000000
79.000000
129.000000
245.000000
372.000000
491.000000
556.000000
543.000000
454.000000
400.000000
425.000000
475.000000
453.000000
357.000000
284.000000
243.000000
202.000000
156.000000
135.000000
139.000000
112.000000
56.000000
-22.000000
-146.000000
-263.000000
-363.000000
-366.000000
-281.000000
-161.000000
-86.000000
-80.000000
-127.000000
-260.000000
-358.000000
-389.000000
-363.000000
-310.000000
-299.000000
-294.000000
-321.000000
-343.000000
-366.000000
-387.000000
-403.000000
-499.000000
-616.000000
-708.000000
-680.000000
-544.000000
-370.000000
-217.000000
-189.000000
-251.000000
-353.000000
-413.000000
-347.000000
-192.000000
13.000000
158.000000
224.000000
193.000000
46.000000
-96.000000
-224.000000
-251.000000
-209.000000
-158.000000
-124.000000
-159.000000
-158.000000
-122.000000
-48.000000
-16.000000
-38.000000
-20.000000
52.000000
172.000000
231.000000
264.000000
342.000000
462.000000
537.000000
520.000000
506.000000
477.000000
409.000000
248.000000
32.000000
-98.000000
-154.000000
-152.000000
-141.000000
-61.000000
88.000000
188.000000
206.000000
143.000000
80.000000
-4.000000
-93.000000
-145.000000
-141.000000
-41.000000
65.000000
172.000000
277.000000
331.000000
326.000000
252.000000
199.000000
183.000000
199.000000
218.000000
213.000000
200.000000
165.000000
150.000000
157.000000
216.000000
248.000000
207.000000
123.000000
4.000000
-73.000000
-83.000000
-27.000000
12.000000
-26.000000
-141.000000
-249.000000
-255.000000
-199.000000
-127.000000
-101.000000
-134.000000
-258.000000
-426.000000
-485.000000
-410.000000
-222.000000
-48.000000
28.000000
2.000000
-146.000000
-323.000000
-421.000000
-331.000000
-109.000000
68.000000
153.000000
182.000000
177.000000
144.000000
62.000000
-4.000000
-32.000000
-26.000000
-10.000000
-2.000000
18.000000
21.000000
21.000000
23.000000
74.000000
152.000000
207.000000
195.000000
103.000000
-1.000000
-62.000000
-49.000000
28.000000
89.000000
88.000000
31.000000
-54.000000
-147.000000
-212.000000
-247.000000
-243.000000
-197.000000
-149.000000
-103.000000
-71.000000
-50.000000
-2.000000
25.000000
38.000000
41.000000
56.000000
99.000000
148.000000
190.000000
202.000000
219.000000
226.000000
205.000000
150.000000
76.000000
-13.000000
-67.000000
-53.000000
-32.000000
-69.000000
-208.000000
-363.000000
-438.000000
-398.000000
-299.000000
-207.000000
-147.000000
-100.000000
-83.000000
-92.000000
-101.000000
-87.000000
-18.000000
51.000000
141.000000
242.000000
314.000000
317.000000
193.000000
21.000000
-119.000000
-160.000000
-127.000000
-34.000000
91.000000
186.000000
240.000000
212.000000
145.000000
66.000000
2.000000
-39.000000
-24.000000
50.000000
105.000000
131.000000
127.000000
130.000000
143.000000
133.000000
116.000000
82.000000
66.000000
53.000000
58.000000
96.000000
104.000000
97.000000
83.000000
114.000000
192.000000
289.000000
363.000000
352.000000
291.000000
192.000000
132.000000
156.000000
226.000000
287.000000
281.000000
221.000000
128.000000
43.000000
8.000000
16.000000
14.000000
-83.000000
-235.000000
-339.000000
-336.000000
-243.000000
-118.000000
10.000000
66.000000
21.000000
-104.000000
-205.000000
-187.000000
-77.000000
-7.000000
-16.000000
-48.000000
-86.000000
-130.000000
-199.000000
-252.000000
-272.000000
-266.000000
-279.000000
-292.000000
-283.000000
-274.000000
-259.000000
-238.000000
-184.000000
-95.000000
-18.000000
26.000000
12.000000
-17.000000
-66.000000
-115.000000
-151.000000
-171.000000
-161.000000
-186.000000
-217.000000
-242.000000
-255.000000
-233.000000
-191.000000
-138.000000
-116.000000
-122.000000
-142.000000
-135.000000
-85.000000
-32.000000
24.000000
96.000000
169.000000
238.000000
268.000000
266.000000
253.000000
235.000000
208.000000
178.000000
185.000000
220.000000
288.000000
332.000000
345.000000
329.000000
236.000000
102.000000
-27.000000
-61.000000
-2.000000
109.000000
246.000000
343.000000
387.000000
323.000000
198.000000
107.000000
91.000000
149.000000
174.000000
207.000000
226.000000
219.000000
137.000000
-26.000000
-176.000000
-264.000000
-267.000000
-270.000000
-238.000000
-169.000000
-84.000000
-19.000000
-39.000000
-83.000000
-170.000000
-231.000000
-267.000000
-260.000000
-197.000000
-112.000000
-34.000000
7.000000
32.000000
13.000000
-14.000000
-50.000000
-99.000000
-153.000000
-194.000000
-184.000000
-174.000000
-154.000000
-128.000000
-90.000000
-23.000000
34.000000
95.000000
127.000000
124.000000
76.000000
-2.000000
-50.000000
-80.000000
-96.000000
-108.000000
-94.000000
-64.000000
-55.000000
-77.000000
-84.000000
-84.000000
-101.000000
-155.000000
-193.000000
-160.000000
-40.000000
98.000000
215.000000
340.000000
417.000000
376.000000
256.000000
181.000000
215.000000
296.000000
350.000000
355.000000
323.000000
259.000000
105.000000
-74.000000
-209.000000
-256.000000
-247.000000
-229.000000
-188.000000
-175.000000
-171.000000
-208.000000
-220.000000
-184.000000
-103.000000
-20.000000
22.000000
90.000000
135.000000
166.000000
130.000000
67.000000
6.000000
-37.000000
-33.000000
-50.000000
-39.000000
-31.000000
-31.000000
-36.000000
-80.000000
-129.000000
-191.000000
-203.000000
-200.000000
-158.000000
-80.000000
9.000000
96.000000
140.000000
155.000000
111.000000
20.000000
-71.000000
-111.000000
-99.000000
-55.000000
11.000000
77.000000
125.000000
140.000000
101.000000
24.000000
-68.000000
-143.000000
-167.000000
-129.000000
-28.000000
102.000000
208.000000
286.000000
286.000000
210.000000
98.000000
39.000000
81.000000
186.000000
303.000000
346.000000
341.000000
264.000000
131.000000
-8.000000
-120.000000
-118.000000
-72.000000
-35.000000
25.000000
104.000000
198.000000
228.000000
178.000000
88.000000
34.000000
10.000000
4.000000
21.000000
34.000000
56.000000
33.000000
-26.000000
-90.000000
-154.000000
-174.000000
-213.000000
-253.000000
-280.000000
-283.000000
-279.000000
-270.000000
-236.000000
-198.000000
-154.000000
-128.000000
-106.000000
-36.000000
51.000000
113.000000
133.000000
114.000000
61.000000
5.000000
-41.000000
-80.000000
-100.000000
-121.000000
-140.000000
-175.000000
-213.000000
-252.000000
-280.000000
-304.000000
-336.000000
-307.000000
-249.000000
-165.000000
-61.000000
30.000000
95.000000
112.000000
95.000000
102.000000
173.000000
261.000000
329.000000
336.000000
284.000000
192.000000
76.000000
-20.000000
-53.000000
0.000000
68.000000
70.000000
22.000000
-64.000000
-135.000000
-170.000000
-152.000000
-99.000000
-7.000000
102.000000
175.000000
208.000000
196.000000
157.000000
88.000000
12.000000
-47.000000
-64.000000
-40.000000
12.000000
74.000000
132.000000
144.000000
111.000000
49.000000
-24.000000
-73.000000
-94.000000
-80.000000
-17.000000
89.000000
175.000000
205.000000
195.000000
152.000000
103.000000
28.000000
-54.000000
-108.000000
-107.000000
-83.000000
-63.000000
-44.000000
-43.000000
-79.000000
-125.000000
-173.000000
-217.000000
-222.000000
-177.000000
-109.000000
-50.000000
3.000000
37.000000
64.000000
78.000000
86.000000
65.000000
62.000000
92.000000
156.000000
235.000000
255.000000
210.000000
110.000000
-8.000000
-102.000000
-158.000000
-160.000000
-126.000000
-88.000000
-55.000000
5.000000
78.000000
109.000000
94.000000
52.000000
51.000000
93.000000
137.000000
142.000000
136.000000
127.000000
95.000000
69.000000
57.000000
52.000000
23.000000
-29.000000
-85.000000
-135.000000
-165.000000
-194.000000
-205.000000
-179.000000
-137.000000
-86.000000
-44.000000
-1.000000
35.000000
51.000000
57.000000
51.000000
33.000000
-4.000000
-17.000000
-35.000000
-52.000000
-84.000000
-124.000000
-129.000000
-137.000000
-156.000000
-207.000000
-252.000000
-267.000000
-264.000000
-249.000000
-228.000000
-171.000000
-84.000000
-12.000000
32.000000
66.000000
94.000000
108.000000
118.000000
159.000000
188.000000
202.000000
190.000000
145.000000
89.000000
7.000000
-67.000000
-86.000000
-58.000000
-39.000000
-60.000000
-118.000000
-160.000000
-168.000000
-149.000000
-84.000000
20.000000
105.000000
138.000000
113.000000
72.000000
39.000000
-6.000000
-37.000000
-37.000000
2.000000
51.000000
80.000000
108.000000
134.000000
116.000000
57.000000
-2.000000
-21.000000
-8.000000
6.000000
24.000000
66.000000
116.000000
158.000000
184.000000
186.000000
164.000000
126.000000
76.000000
29.000000
21.000000
57.000000
122.000000
182.000000
184.000000
135.000000
52.000000
-32.000000
-102.000000
-158.000000
-166.000000
-122.000000
-57.000000
-19.000000
14.000000
24.000000
17.000000
12.000000
-31.000000
-65.000000
-59.000000
-23.000000
59.000000
135.000000
172.000000
155.000000
98.000000
8.000000
-80.000000
-128.000000
-135.000000
-93.000000
-43.000000
7.000000
53.000000
65.000000
49.000000
32.000000
1.000000
-5.000000
9.000000
33.000000
50.000000
60.000000
70.000000
66.000000
53.000000
24.000000
-2.000000
-27.000000
-65.000000
-100.000000
-123.000000
-129.000000
-158.000000
-186.000000
-180.000000
-165.000000
-131.000000
-103.000000
-47.000000
13.000000
61.000000
91.000000
99.000000
102.000000
77.000000
67.000000
37.000000
33.000000
49.000000
55.000000
41.000000
-8.000000
-50.000000
-101.000000
-137.000000
-166.000000
-182.000000
-174.000000
-166.000000
-144.000000
-117.000000
-75.000000
-11.000000
30.000000
51.000000
72.000000
98.000000
117.000000
115.000000
130.000000
158.000000
166.000000
133.000000
69.000000
6.000000
-35.000000
-42.000000
-42.000000
-66.000000
-123.000000
-177.000000
-204.000000
-175.000000
-99.000000
9.000000
88.000000
97.000000
80.000000
23.000000
-25.000000
-50.000000
-41.000000
-11.000000
22.000000
56.000000
82.000000
96.000000
69.000000
1.000000
-72.000000
-136.000000
-160.000000
-143.000000
-126.000000
-88.000000
-38.000000
5.000000
40.000000
65.000000
61.000000
62.000000
60.000000
47.000000
61.000000
73.000000
113.000000
165.000000
187.000000
169.000000
114.000000
53.000000
9.000000
-14.000000
-13.000000
-3.000000
19.000000
46.000000
61.000000
59.000000
34.000000
5.000000
-32.000000
-45.000000
-40.000000
-16.000000
44.000000
124.000000
174.000000
189.000000
162.000000
86.000000
0.000000
-75.000000
-111.000000
-101.000000
-52.000000
4.000000
37.000000
52.000000
56.000000
44.000000
25.000000
14.000000
17.000000
19.000000
25.000000
40.000000
38.000000
31.000000
20.000000
15.000000
28.000000
39.000000
34.000000
2.000000
-67.000000
-137.000000
-188.000000
-216.000000
-208.000000
-194.000000
-173.000000
-156.000000
-151.000000
-134.000000
-93.000000
-39.000000
14.000000
39.000000
54.000000
76.000000
59.000000
36.000000
34.000000
55.000000
64.000000
18.000000
-33.000000
-72.000000
-97.000000
-129.000000
-159.000000
-175.000000
-181.000000
-180.000000
-186.000000
-168.000000
-103.000000
-18.000000
48.000000
110.000000
162.000000
196.000000
202.000000
180.000000
178.000000
201.000000
227.000000
220.000000
180.000000
143.000000
98.000000
71.000000
31.000000
-13.000000
-57.000000
-108.000000
-128.000000
-120.000000
-77.000000
-23.000000
37.000000
74.000000
71.000000
50.000000
22.000000
-4.000000
-13.000000
4.000000
36.000000
69.000000
103.000000
112.000000
93.000000
59.000000
10.000000
-34.000000
-51.000000
-54.000000
-51.000000
-31.000000
-7.000000
1.000000
3.000000
0.000000
-12.000000
-13.000000
-41.000000
-70.000000
-54.000000
-27.000000
3.000000
19.000000
-3.000000
-37.000000
-63.000000
-100.000000
-127.000000
-134.000000
-108.000000
-59.000000
-26.000000
1.000000
13.000000
25.000000
31.000000
5.000000
-3.000000
-3.000000
21.000000
73.000000
105.000000
131.000000
136.000000
124.000000
91.000000
46.000000
-7.000000
-73.000000
-94.000000
-123.000000
-119.000000
-93.000000
-70.000000
-49.000000
-45.000000
-48.000000
-58.000000
-50.000000
-10.000000
41.000000
69.000000
97.000000
105.000000
94.000000
71.000000
72.000000
97.000000
114.000000
113.000000
92.000000
45.000000
-24.000000
-81.000000
-116.000000
-114.000000
-102.000000
-88.000000
-102.000000
-118.000000
-117.000000
-96.000000
-69.000000
-20.000000
29.000000
62.000000
64.000000
42.000000
36.000000
33.000000
25.000000
17.000000
15.000000
3.000000
-25.000000
-71.000000
-90.000000
-97.000000
-96.000000
-113.000000
-148.000000
-164.000000
-176.000000
-154.000000
-113.000000
-52.000000
18.000000
73.000000
102.000000
96.000000
95.000000
90.000000
95.000000
113.000000
114.000000
106.000000
81.000000
55.000000
19.000000
-11.000000
-40.000000
-54.000000
-55.000000
-52.000000
-46.000000
-23.000000
18.000000
65.000000
87.000000
89.000000
92.000000
79.000000
59.000000
52.000000
54.000000
74.000000
102.000000
140.000000
148.000000
104.000000
49.000000
4.000000
-14.000000
7.000000
53.000000
70.000000
73.000000
65.000000
53.000000
43.000000
32.000000
14.000000
-1.000000
-22.000000
-45.000000
-49.000000
-42.000000
-26.000000
-14.000000
-25.000000
-50.000000
-84.000000
-123.000000
-143.000000
-139.000000
-109.000000
-49.000000
-1.000000
28.000000
25.000000
14.000000
14.000000
6.000000
-12.000000
-28.000000
8.000000
42.000000
82.000000
113.000000
99.000000
82.000000
37.000000
-17.000000
-62.000000
-101.000000
-118.000000
-108.000000
-101.000000
-92.000000
-76.000000
-64.000000
-46.000000
-48.000000
-60.000000
-61.000000
-37.000000
-11.000000
15.000000
35.000000
34.000000
5.000000
-39.000000
-52.000000
-19.000000
24.000000
49.000000
44.000000
8.000000
-40.000000
-92.000000
-121.000000
-114.000000
-81.000000
-56.000000
-34.000000
-27.000000
-32.000000
-37.000000
-32.000000
-5.000000
44.000000
76.000000
76.000000
74.000000
64.000000
45.000000
28.000000
21.000000
19.000000
30.000000
17.000000
-14.000000
-52.000000
-69.000000
-73.000000
-88.000000
-102.000000
-102.000000
-88.000000
-77.000000
-70.000000
-56.000000
-29.000000
-3.000000
6.000000
16.000000
16.000000
25.000000
39.000000
61.000000
75.000000
82.000000
92.000000
78.000000
63.000000
52.000000
42.000000
39.000000
40.000000
44.000000
45.000000
46.000000
45.000000
40.000000
36.000000
11.000000
6.000000
13.000000
9.000000
3.000000
-5.000000
13.000000
44.000000
58.000000
54.000000
23.000000
4.000000
13.000000
38.000000
73.000000
96.000000
107.000000
81.000000
64.000000
36.000000
7.000000
7.000000
1.000000
-16.000000
-26.000000
-30.000000
-29.000000
-26.000000
-25.000000
-20.000000
-30.000000
-34.000000
-32.000000
-28.000000
-17.000000
-8.000000
15.000000
41.000000
59.000000
54.000000
30.000000
11.000000
-13.000000
-51.000000
-76.000000
-69.000000
-38.000000
-17.000000
-4.000000
-1.000000
-12.000000
-34.000000
-52.000000
-51.000000
-46.000000
-37.000000
-27.000000
-24.000000
-19.000000
-40.000000
-68.000000
-78.000000
-77.000000
-72.000000
-67.000000
-57.000000
-44.000000
-23.000000
-4.000000
13.000000
16.000000
4.000000
-2.000000
11.000000
29.000000
53.000000
81.000000
98.000000
89.000000
72.000000
50.000000
25.000000
0.000000
-30.000000
-48.000000
-69.000000
-81.000000
-77.000000
-79.000000
-78.000000
-62.000000
-40.000000
-10.000000
1.000000
3.000000
2.000000
10.000000
14.000000
14.000000
45.000000
56.000000
67.000000
75.000000
63.000000
53.000000
46.000000
36.000000
1.000000
-28.000000
-48.000000
-62.000000
-69.000000
-68.000000
-56.000000
-31.000000
-9.000000
-26.000000
-31.000000
-27.000000
-9.000000
12.000000
22.000000
53.000000
69.000000
83.000000
69.000000
41.000000
26.000000
14.000000
-9.000000
-27.000000
-50.000000
-64.000000
-68.000000
-81.000000
-68.000000
-63.000000
-44.000000
-33.000000
-33.000000
-18.000000
6.000000
41.000000
80.000000
124.000000
137.000000
117.000000
98.000000
87.000000
94.000000
101.000000
106.000000
82.000000
45.000000
-7.000000
-62.000000
-93.000000
-97.000000
-74.000000
-62.000000
-65.000000
-53.000000
-42.000000
-31.000000
-13.000000
-2.000000
5.000000
16.000000
29.000000
37.000000
42.000000
62.000000
67.000000
61.000000
47.000000
9.000000
-22.000000
-44.000000
-73.000000
-87.000000
-80.000000
-72.000000
-41.000000
-23.000000
-1.000000
14.000000
20.000000
23.000000
29.000000
48.000000
70.000000
89.000000
101.000000
95.000000
52.000000
24.000000
-17.000000
-36.000000
-46.000000
-57.000000
-57.000000
-58.000000
-49.000000
-49.000000
-42.000000
-39.000000
-24.000000
-5.000000
11.000000
51.000000
86.000000
112.000000
126.000000
120.000000
107.000000
93.000000
55.000000
20.000000
-4.000000
-23.000000
-34.000000
-62.000000
-81.000000
-106.000000
-113.000000
-119.000000
-114.000000
-96.000000
-76.000000
-42.000000
-34.000000
-10.000000
15.000000
42.000000
58.000000
68.000000
80.000000
74.000000
70.000000
69.000000
51.000000
22.000000
-11.000000
-56.000000
-85.000000
-103.000000
-125.000000
-129.000000
-116.000000
-106.000000
-84.000000
-52.000000
-12.000000
20.000000
45.000000
65.000000
89.000000
102.000000
118.000000
127.000000
118.000000
91.000000
57.000000
28.000000
-1.000000
-22.000000
-46.000000
-75.000000
-96.000000
-96.000000
-92.000000
-93.000000
-77.000000
-48.000000
-27.000000
-16.000000
16.000000
39.000000
74.000000
97.000000
107.000000
110.000000
109.000000
116.000000
107.000000
104.000000
91.000000
81.000000
43.000000
15.000000
-20.000000
-27.000000
-32.000000
-41.000000
-26.000000
-21.000000
-2.000000
9.000000
29.000000
53.000000
64.000000
70.000000
66.000000
57.000000
48.000000
51.000000
49.000000
38.000000
28.000000
14.000000
-21.000000
-45.000000
-68.000000
-100.000000
-109.000000
-106.000000
-93.000000
-73.000000
-51.000000
-27.000000
3.000000
30.000000
48.000000
52.000000
57.000000
65.000000
67.000000
70.000000
71.000000
60.000000
44.000000
6.000000
-25.000000
-53.000000
-72.000000
-82.000000
-83.000000
-81.000000
-67.000000
-51.000000
-52.000000
-50.000000
-50.000000
-26.000000
-11.000000
21.000000
47.000000
60.000000
76.000000
87.000000
83.000000
76.000000
57.000000
9.000000
-13.000000
-36.000000
-60.000000
-82.000000
-85.000000
-84.000000
-77.000000
-62.000000
-53.000000
-28.000000
-19.000000
-9.000000
-2.000000
12.000000
24.000000
39.000000
44.000000
36.000000
31.000000
16.000000
8.000000
-11.000000
-30.000000
-55.000000
-85.000000
-105.000000
-118.000000
-129.000000
-121.000000
-88.000000
-62.000000
-39.000000
-27.000000
2.000000
25.000000
49.000000
73.000000
87.000000
98.000000
89.000000
74.000000
46.000000
21.000000
-9.000000
-37.000000
-44.000000
-53.000000
-69.000000
-96.000000
-117.000000
-134.000000
-115.000000
-79.000000
-41.000000
-7.000000
18.000000
45.000000
57.000000
72.000000
85.000000
101.000000
116.000000
120.000000
109.000000
86.000000
65.000000
44.000000
33.000000
27.000000
17.000000
-4.000000
-47.000000
-69.000000
-67.000000
-59.000000
-37.000000
-23.000000
-4.000000
24.000000
53.000000
81.000000
105.000000
120.000000
123.000000
110.000000
89.000000
78.000000
75.000000
81.000000
70.000000
56.000000
37.000000
-4.000000
-49.000000
-74.000000
-94.000000
-102.000000
-80.000000
-65.000000
-44.000000
-21.000000
3.000000
24.000000
41.000000
55.000000
69.000000
81.000000
87.000000
101.000000
96.000000
72.000000
54.000000
35.000000
3.000000
-30.000000
-71.000000
-97.000000
-91.000000
-86.000000
-78.000000
-68.000000
-59.000000
-53.000000
-53.000000
-54.000000
-49.000000
-25.000000
6.000000
35.000000
60.000000
67.000000
61.000000
36.000000
3.000000
-21.000000
-41.000000
-49.000000
-63.000000
-71.000000
-76.000000
-85.000000
-78.000000
-60.000000
-52.000000
-49.000000
-34.000000
-26.000000
-25.000000
-9.000000
21.000000
33.000000
42.000000
49.000000
27.000000
2.000000
-11.000000
-21.000000
-37.000000
-59.000000
-74.000000
-94.000000
-104.000000
-118.000000
-127.000000
-123.000000
-108.000000
-90.000000
-69.000000
-47.000000
-23.000000
-1.000000
9.000000
33.000000
61.000000
84.000000
84.000000
77.000000
58.000000
31.000000
8.000000
-9.000000
-14.000000
-34.000000
-35.000000
-44.000000
-58.000000
-66.000000
-62.000000
-52.000000
-32.000000
-12.000000
11.000000
29.000000
39.000000
58.000000
80.000000
95.000000
100.000000
93.000000
81.000000
55.000000
38.000000
23.000000
15.000000
14.000000
-5.000000
-17.000000
-34.000000
-42.000000
-59.000000
-56.000000
-38.000000
-30.000000
4.000000
35.000000
66.000000
75.000000
101.000000
113.000000
102.000000
102.000000
80.000000
69.000000
77.000000
88.000000
79.000000
69.000000
46.000000
13.000000
-12.000000
-27.000000
-30.000000
-31.000000
-29.000000
-33.000000
-23.000000
-16.000000
-10.000000
2.000000
10.000000
30.000000
47.000000
54.000000
57.000000
58.000000
59.000000
40.000000
20.000000
7.000000
-10.000000
-19.000000
-23.000000
-35.000000
-29.000000
-28.000000
-31.000000
-37.000000
-44.000000
-35.000000
-37.000000
-39.000000
-29.000000
-8.000000
8.000000
24.000000
30.000000
36.000000
28.000000
20.000000
18.000000
-3.000000
-12.000000
-14.000000
-33.000000
-43.000000
-45.000000
-48.000000
-50.000000
-51.000000
-46.000000
-47.000000
-43.000000
-42.000000
-35.000000
-16.000000
7.000000
22.000000
30.000000
21.000000
22.000000
15.000000
9.000000
1.000000
-14.000000
-30.000000
-44.000000
-43.000000
-58.000000
-73.000000
-91.000000
-95.000000
-109.000000
-112.000000
-102.000000
-93.000000
-73.000000
-53.000000
-30.000000
-20.000000
15.000000
34.000000
33.000000
39.000000
26.000000
12.000000
8.000000
-14.000000
-24.000000
-19.000000
-33.000000
-46.000000
-57.000000
-65.000000
-69.000000
-70.000000
-64.000000
-60.000000
-52.000000
-28.000000
-8.000000
15.000000
33.000000
33.000000
51.000000
60.000000
49.000000
47.000000
38.000000
30.000000
31.000000
25.000000
17.000000
10.000000
2.000000
-8.000000
-25.000000
-31.000000
-23.000000
-13.000000
5.000000
34.000000
45.000000
67.000000
75.000000
81.000000
87.000000
79.000000
90.000000
89.000000
100.000000
102.000000
104.000000
86.000000
62.000000
31.000000
-3.000000
-13.000000
-11.000000
-6.000000
1.000000
9.000000
13.000000
23.000000
17.000000
23.000000
41.000000
50.000000
73.000000
79.000000
85.000000
92.000000
90.000000
78.000000
56.000000
35.000000
11.000000
4.000000
-11.000000
-29.000000
-36.000000
-41.000000
-41.000000
-47.000000
-61.000000
-54.000000
-48.000000
-33.000000
-24.000000
-13.000000
13.000000
27.000000
54.000000
57.000000
59.000000
50.000000
39.000000
26.000000
7.000000
-8.000000
-21.000000
-38.000000
-56.000000
-77.000000
-86.000000
-93.000000
-100.000000
-93.000000
-90.000000
-72.000000
-58.000000
-36.000000
-21.000000
-5.000000
12.000000
14.000000
17.000000
19.000000
16.000000
3.000000
-5.000000
-17.000000
-34.000000
-57.000000
-67.000000
-71.000000
-83.000000
-87.000000
-84.000000
-74.000000
-69.000000
-63.000000
-45.000000
-41.000000
-18.000000
-1.000000
18.000000
32.000000
36.000000
40.000000
21.000000
17.000000
18.000000
5.000000
1.000000
-18.000000
-43.000000
-54.000000
-75.000000
-81.000000
-86.000000
-79.000000
-62.000000
-45.000000
-32.000000
-13.000000
5.000000
21.000000
35.000000
47.000000
57.000000
64.000000
65.000000
65.000000
66.000000
61.000000
55.000000
49.000000
30.000000
14.000000
2.000000
-15.000000
-22.000000
-25.000000
-22.000000
-7.000000
9.000000
25.000000
42.000000
51.000000
73.000000
91.000000
89.000000
91.000000
96.000000
94.000000
88.000000
89.000000
75.000000
53.000000
32.000000
2.000000
-13.000000
-22.000000
-27.000000
-15.000000
-5.000000
-2.000000
12.000000
22.000000
25.000000
39.000000
47.000000
64.000000
80.000000
92.000000
95.000000
89.000000
83.000000
72.000000
50.000000
14.000000
-16.000000
-27.000000
-42.000000
-54.000000
-63.000000
-68.000000
-67.000000
-56.000000
-54.000000
-47.000000
-35.000000
-25.000000
-6.000000
2.000000
24.000000
45.000000
58.000000
55.000000
42.000000
28.000000
13.000000
-2.000000
-13.000000
-31.000000
-51.000000
-61.000000
-81.000000
-93.000000
-100.000000
-93.000000
-82.000000
-69.000000
-61.000000
-62.000000
-46.000000
-28.000000
-13.000000
9.000000
21.000000
27.000000
31.000000
29.000000
15.000000
0.000000
-5.000000
-15.000000
-27.000000
-45.000000
-57.000000
-56.000000
-55.000000
-56.000000
-47.000000
-41.000000
-25.000000
-18.000000
-14.000000
-1.000000
12.000000
30.000000
41.000000
51.000000
55.000000
58.000000
54.000000
38.000000
25.000000
13.000000
8.000000
-6.000000
-22.000000
-43.000000
-52.000000
-54.000000
-51.000000
-40.000000
-30.000000
-9.000000
11.000000
21.000000
32.000000
34.000000
40.000000
53.000000
60.000000
53.000000
45.000000
39.000000
28.000000
19.000000
5.000000
-8.000000
-15.000000
-17.000000
-38.000000
-45.000000
-40.000000
-27.000000
-10.000000
-8.000000
8.000000
26.000000
39.000000
58.000000
68.000000
71.000000
76.000000
63.000000
56.000000
44.000000
31.000000
17.000000
-2.000000
-21.000000
-44.000000
-61.000000
-67.000000
-57.000000
-52.000000
-44.000000
-25.000000
-13.000000
-12.000000
2.000000
15.000000
28.000000
55.000000
66.000000
70.000000
73.000000
72.000000
59.000000
40.000000
9.000000
-10.000000
-33.000000
-54.000000
-69.000000
-73.000000
-71.000000
-70.000000
-62.000000
-59.000000
-52.000000
-32.000000
-16.000000
2.000000
21.000000
33.000000
51.000000
58.000000
60.000000
62.000000
54.000000
35.000000
15.000000
-1.000000
-20.000000
-35.000000
-41.000000
-56.000000
-59.000000
-62.000000
-69.000000
-65.000000
-60.000000
-50.000000
-36.000000
-16.000000
6.000000
18.000000
32.000000
38.000000
42.000000
42.000000
41.000000
37.000000
17.000000
5.000000
-7.000000
-26.000000
-42.000000
-52.000000
-59.000000
-66.000000
-63.000000
-59.000000
-40.000000
-30.000000
-17.000000
1.000000
17.000000
36.000000
38.000000
44.000000
45.000000
49.000000
49.000000
41.000000
37.000000
28.000000
10.000000
-1.000000
-12.000000
-38.000000
-50.000000
-66.000000
-63.000000
-62.000000
-59.000000
-31.000000
-18.000000
-9.000000
3.000000
21.000000
35.000000
40.000000
46.000000
59.000000
60.000000
48.000000
40.000000
23.000000
0.000000
-14.000000
-26.000000
-43.000000
-60.000000
-61.000000
-64.000000
-67.000000
-56.000000
-49.000000
-32.000000
-17.000000
3.000000
24.000000
40.000000
53.000000
68.000000
75.000000
71.000000
64.000000
59.000000
53.000000
28.000000
9.000000
-4.000000
-19.000000
-38.000000
-53.000000
-52.000000
-58.000000
-54.000000
-32.000000
-12.000000
1.000000
11.000000
29.000000
43.000000
50.000000
62.000000
77.000000
85.000000
95.000000
88.000000
80.000000
68.000000
44.000000
28.000000
10.000000
-12.000000
-27.000000
-34.000000
-39.000000
-30.000000
-28.000000
-22.000000
-18.000000
-14.000000
-2.000000
9.000000
24.000000
44.000000
51.000000
55.000000
57.000000
64.000000
56.000000
39.000000
37.000000
25.000000
10.000000
-1.000000
-12.000000
-22.000000
-31.000000
-31.000000
-33.000000
-41.000000
-36.000000
-29.000000
-21.000000
-14.000000
1.000000
14.000000
20.000000
23.000000
19.000000
14.000000
3.000000
4.000000
-12.000000
-21.000000
-21.000000
-37.000000
-44.000000
-66.000000
-84.000000
-91.000000
-87.000000
-86.000000
-81.000000
-68.000000
-68.000000
-45.000000
-30.000000
-25.000000
-9.000000
1.000000
10.000000
10.000000
10.000000
8.000000
5.000000
6.000000
2.000000
-7.000000
-18.000000
-30.000000
-48.000000
-68.000000
-63.000000
-65.000000
-68.000000
-52.000000
-47.000000
-36.000000
-25.000000
-11.000000
-2.000000
2.000000
16.000000
29.000000
32.000000
32.000000
28.000000
23.000000
26.000000
20.000000
10.000000
-6.000000
-16.000000
-27.000000
-40.000000
-40.000000
-41.000000
-31.000000
-24.000000
-18.000000
-4.000000
1.000000
12.000000
34.000000
41.000000
47.000000
59.000000
65.000000
68.000000
52.000000
52.000000
44.000000
40.000000
24.000000
8.000000
3.000000
-5.000000
-8.000000
-16.000000
-11.000000
-10.000000
-4.000000
3.000000
13.000000
21.000000
30.000000
42.000000
62.000000
73.000000
84.000000
86.000000
85.000000
92.000000
83.000000
73.000000
61.000000
51.000000
28.000000
9.000000
6.000000
1.000000
0.000000
-4.000000
-1.000000
0.000000
4.000000
9.000000
10.000000
24.000000
42.000000
55.000000
64.000000
62.000000
55.000000
55.000000
52.000000
41.000000
26.000000
20.000000
7.000000
-9.000000
-24.000000
-41.000000
-46.000000
-53.000000
-50.000000
-43.000000
-44.000000
-32.000000
-21.000000
-24.000000
-5.000000
11.000000
16.000000
33.000000
33.000000
18.000000
12.000000
11.000000
0.000000
-15.000000
-26.000000
-34.000000
-48.000000
-67.000000
-82.000000
-83.000000
-90.000000
-84.000000
-65.000000
-71.000000
-60.000000
-35.000000
-29.000000
-21.000000
-3.000000
4.000000
12.000000
25.000000
20.000000
16.000000
10.000000
7.000000
-14.000000
-31.000000
-43.000000
-56.000000
-64.000000
-80.000000
-79.000000
-84.000000
-79.000000
-63.000000
-61.000000
-49.000000
-30.000000
-12.000000
0.000000
11.000000
21.000000
32.000000
37.000000
45.000000
36.000000
24.000000
27.000000
3.000000
-5.000000
-19.000000
-40.000000
-38.000000
-50.000000
-58.000000
-57.000000
-48.000000
-39.000000
-34.000000
-17.000000
6.000000
25.000000
45.000000
58.000000
63.000000
70.000000
68.000000
74.000000
67.000000
60.000000
57.000000
43.000000
31.000000
10.000000
-4.000000
-15.000000
-12.000000
-16.000000
-13.000000
-4.000000
-2.000000
3.000000
6.000000
24.000000
37.000000
55.000000
71.000000
73.000000
76.000000
68.000000
74.000000
59.000000
43.000000
43.000000
17.000000
6.000000
-11.000000
-28.000000
-35.000000
-33.000000
-21.000000
-28.000000
-15.000000
-14.000000
-13.000000
7.000000
13.000000
32.000000
48.000000
56.000000
54.000000
47.000000
40.000000
23.000000
18.000000
14.000000
9.000000
6.000000
-5.000000
-19.000000
-35.000000
-44.000000
-43.000000
-43.000000
-34.000000
-26.000000
-18.000000
-4.000000
5.000000
14.000000
28.000000
40.000000
45.000000
44.000000
35.000000
23.000000
7.000000
4.000000
-5.000000
-5.000000
-6.000000
-24.000000
-31.000000
-47.000000
-67.000000
-76.000000
-72.000000
-58.000000
-56.000000
-30.000000
-19.000000
-7.000000
7.000000
5.000000
8.000000
8.000000
15.000000
27.000000
29.000000
22.000000
28.000000
25.000000
11.000000
-10.000000
-25.000000
-35.000000
-47.000000
-48.000000
-59.000000
-52.000000
-39.000000
-29.000000
-10.000000
1.000000
13.000000
19.000000
24.000000
15.000000
19.000000
22.000000
31.000000
45.000000
39.000000
38.000000
34.000000
22.000000
-1.000000
-27.000000
-33.000000
-35.000000
-43.000000
-41.000000
-40.000000
-33.000000
-17.000000
-18.000000
-16.000000
-9.000000
-5.000000
11.000000
15.000000
19.000000
27.000000
47.000000
51.000000
39.000000
31.000000
13.000000
-1.000000
-19.000000
-36.000000
-46.000000
-32.000000
-14.000000
-14.000000
-18.000000
-3.000000
-12.000000
-19.000000
-20.000000
-27.000000
-10.000000
9.000000
37.000000
41.000000
55.000000
64.000000
57.000000
37.000000
11.000000
-11.000000
-20.000000
-28.000000
-36.000000
-31.000000
-19.000000
-13.000000
-9.000000
-18.000000
-27.000000
-33.000000
-25.000000
-23.000000
-17.000000
21.000000
45.000000
66.000000
73.000000
62.000000
52.000000
26.000000
1.000000
-17.000000
-20.000000
-5.000000
14.000000
32.000000
39.000000
22.000000
-9.000000
-32.000000
-92.000000
-114.000000
-86.000000
-39.000000
27.000000
90.000000
135.000000
148.000000
115.000000
54.000000
-8.000000
-44.000000
-49.000000
-27.000000
29.000000
70.000000
98.000000
99.000000
53.000000
-19.000000
-88.000000
-130.000000
-145.000000
-126.000000
-75.000000
-16.000000
46.000000
63.000000
47.000000
23.000000
-17.000000
-47.000000
-56.000000
-30.000000
6.000000
55.000000
87.000000
87.000000
61.000000
10.000000
-42.000000
-101.000000
-134.000000
-131.000000
-91.000000
-45.000000
0.000000
23.000000
34.000000
15.000000
-23.000000
-56.000000
-79.000000
-59.000000
-20.000000
28.000000
72.000000
100.000000
101.000000
70.000000
9.000000
-46.000000
-84.000000
-111.000000
-94.000000
-81.000000
-50.000000
-17.000000
-6.000000
-14.000000
-39.000000
-54.000000
-66.000000
-66.000000
-54.000000
-18.000000
16.000000
53.000000
72.000000
60.000000
47.000000
17.000000
-10.000000
-38.000000
-50.000000
-35.000000
-16.000000
7.000000
18.000000
17.000000
5.000000
-13.000000
-34.000000
-49.000000
-39.000000
-5.000000
32.000000
66.000000
94.000000
113.000000
107.000000
80.000000
54.000000
30.000000
16.000000
21.000000
25.000000
22.000000
30.000000
29.000000
13.000000
2.000000
-11.000000
-18.000000
-8.000000
2.000000
10.000000
22.000000
42.000000
58.000000
58.000000
64.000000
73.000000
61.000000
47.000000
24.000000
10.000000
12.000000
12.000000
19.000000
13.000000
6.000000
-3.000000
-25.000000
-49.000000
-71.000000
-63.000000
-35.000000
-12.000000
18.000000
49.000000
59.000000
62.000000
48.000000
25.000000
2.000000
-7.000000
2.000000
2.000000
15.000000
35.000000
37.000000
25.000000
-6.000000
-36.000000
-62.000000
-84.000000
-91.000000
-82.000000
-64.000000
-26.000000
-5.000000
2.000000
-3.000000
-6.000000
-22.000000
-30.000000
-31.000000
-24.000000
-2.000000
15.000000
28.000000
6.000000
-11.000000
-31.000000
-66.000000
-85.000000
-97.000000
-79.000000
-57.000000
-42.000000
-25.000000
-17.000000
-13.000000
-21.000000
-30.000000
-40.000000
-43.000000
-25.000000
-12.000000
1.000000
14.000000
28.000000
29.000000
26.000000
9.000000
-10.000000
-18.000000
-26.000000
-25.000000
-24.000000
-14.000000
-4.000000
2.000000
-9.000000
-5.000000
-10.000000
-13.000000
-11.000000
-1.000000
10.000000
29.000000
49.000000
57.000000
66.000000
64.000000
54.000000
33.000000
5.000000
-13.000000
-15.000000
-8.000000
13.000000
39.000000
60.000000
67.000000
58.000000
33.000000
-3.000000
-29.000000
-25.000000
-21.000000
14.000000
67.000000
100.000000
126.000000
122.000000
89.000000
46.000000
6.000000
-24.000000
-31.000000
-11.000000
26.000000
62.000000
82.000000
70.000000
47.000000
7.000000
-37.000000
-68.000000
-68.000000
-43.000000
-8.000000
37.000000
66.000000
78.000000
60.000000
23.000000
-28.000000
-67.000000
-69.000000
-44.000000
8.000000
70.000000
123.000000
121.000000
89.000000
-4.000000
-124.000000
-198.000000
-219.000000
-176.000000
-88.000000
34.000000
127.000000
162.000000
128.000000
28.000000
-86.000000
-165.000000
-203.000000
-169.000000
-82.000000
31.000000
126.000000
169.000000
142.000000
60.000000
-38.000000
-140.000000
-189.000000
-191.000000
-124.000000
-39.000000
48.000000
87.000000
55.000000
-5.000000
-90.000000
-167.000000
-198.000000
-167.000000
-92.000000
17.000000
97.000000
129.000000
110.000000
46.000000
-34.000000
-114.000000
-150.000000
-134.000000
-67.000000
0.000000
60.000000
89.000000
63.000000
13.000000
-67.000000
-131.000000
-151.000000
-128.000000
-70.000000
16.000000
82.000000
110.000000
124.000000
89.000000
27.000000
-19.000000
-38.000000
-31.000000
1.000000
37.000000
67.000000
88.000000
74.000000
51.000000
6.000000
-17.000000
-30.000000
-32.000000
-18.000000
5.000000
29.000000
45.000000
46.000000
41.000000
34.000000
24.000000
26.000000
36.000000
48.000000
56.000000
75.000000
71.000000
60.000000
42.000000
19.000000
17.000000
4.000000
2.000000
-1.000000
2.000000
1.000000
0.000000
3.000000
4.000000
34.000000
45.000000
53.000000
72.000000
70.000000
65.000000
51.000000
42.000000
31.000000
18.000000
26.000000
26.000000
25.000000
28.000000
21.000000
17.000000
2.000000
-21.000000
-27.000000
-23.000000
-23.000000
-13.000000
14.000000
20.000000
28.000000
23.000000
6.000000
0.000000
-6.000000
-8.000000
8.000000
23.000000
37.000000
46.000000
33.000000
3.000000
-31.000000
-60.000000
-89.000000
-93.000000
-85.000000
-57.000000
-22.000000
3.000000
21.000000
12.000000
3.000000
-14.000000
-34.000000
-39.000000
-33.000000
-16.000000
8.000000
27.000000
32.000000
36.000000
27.000000
1.000000
-27.000000
-51.000000
-71.000000
-73.000000
-71.000000
-58.000000
-34.000000
-18.000000
-8.000000
-11.000000
-17.000000
-28.000000
-39.000000
-47.000000
-42.000000
-34.000000
-19.000000
-2.000000
10.000000
10.000000
1.000000
-16.000000
-36.000000
-57.000000
-75.000000
-66.000000
-47.000000
-27.000000
-8.000000
3.000000
-4.000000
-31.000000
-59.000000
-79.000000
-88.000000
-62.000000
-22.000000
24.000000
55.000000
64.000000
58.000000
11.000000
-26.000000
-57.000000
-68.000000
-43.000000
-12.000000
25.000000
43.000000
52.000000
34.000000
-6.000000
-39.000000
-53.000000
-51.000000
-28.000000
11.000000
41.000000
63.000000
69.000000
45.000000
12.000000
-13.000000
-28.000000
-12.000000
10.000000
38.000000
66.000000
80.000000
66.000000
33.000000
5.000000
-9.000000
-18.000000
-5.000000
23.000000
46.000000
63.000000
56.000000
34.000000
14.000000
-4.000000
-2.000000
19.000000
49.000000
76.000000
97.000000
103.000000
63.000000
27.000000
-2.000000
-22.000000
-21.000000
7.000000
49.000000
75.000000
95.000000
73.000000
34.000000
-6.000000
-39.000000
-55.000000
-33.000000
7.000000
54.000000
88.000000
101.000000
72.000000
32.000000
-3.000000
-33.000000
-36.000000
-19.000000
22.000000
58.000000
72.000000
56.000000
23.000000
-28.000000
-70.000000
-98.000000
-91.000000
-53.000000
-2.000000
48.000000
84.000000
77.000000
38.000000
-11.000000
-68.000000
-100.000000
-99.000000
-50.000000
19.000000
65.000000
106.000000
88.000000
35.000000
-31.000000
-112.000000
-152.000000
-143.000000
-104.000000
-46.000000
14.000000
45.000000
43.000000
13.000000
-28.000000
-76.000000
-97.000000
-83.000000
-47.000000
-3.000000
39.000000
63.000000
57.000000
21.000000
-29.000000
-76.000000
-96.000000
-93.000000
-68.000000
-19.000000
11.000000
38.000000
26.000000
-14.000000
-57.000000
-88.000000
-94.000000
-72.000000
-30.000000
19.000000
72.000000
79.000000
79.000000
38.000000
-9.000000
-38.000000
-60.000000
-61.000000
-31.000000
7.000000
27.000000
34.000000
20.000000
-5.000000
-32.000000
-49.000000
-54.000000
-42.000000
1.000000
29.000000
43.000000
49.000000
29.000000
18.000000
-3.000000
-17.000000
-11.000000
7.000000
35.000000
39.000000
46.000000
39.000000
16.000000
-1.000000
-23.000000
-36.000000
-23.000000
-3.000000
8.000000
24.000000
38.000000
40.000000
30.000000
22.000000
8.000000
4.000000
18.000000
25.000000
21.000000
26.000000
25.000000
26.000000
12.000000
4.000000
6.000000
13.000000
10.000000
5.000000
4.000000
-5.000000
0.000000
2.000000
7.000000
12.000000
21.000000
24.000000
12.000000
0.000000
-16.000000
-11.000000
-16.000000
-12.000000
4.000000
9.000000
26.000000
24.000000
11.000000
3.000000
-2.000000
-9.000000
-8.000000
-7.000000
8.000000
17.000000
17.000000
18.000000
4.000000
1.000000
-7.000000
-7.000000
-16.000000
-13.000000
0.000000
8.000000
17.000000
16.000000
25.000000
21.000000
14.000000
1.000000
-16.000000
-15.000000
-11.000000
5.000000
17.000000
21.000000
28.000000
21.000000
7.000000
-13.000000
-16.000000
-20.000000
-15.000000
-7.000000
-6.000000
0.000000
2.000000
2.000000
-8.000000
6.000000
4.000000
9.000000
7.000000
-1.000000
2.000000
6.000000
13.000000
15.000000
7.000000
10.000000
6.000000
-16.000000
-26.000000
-35.000000
-29.000000
-18.000000
-10.000000
3.000000
14.000000
18.000000
8.000000
1.000000
-9.000000
-18.000000
-14.000000
-14.000000
-4.000000
4.000000
10.000000
8.000000
-4.000000
-18.000000
-30.000000
-31.000000
-34.000000
-26.000000
-19.000000
-8.000000
-2.000000
-13.000000
-32.000000
-31.000000
-36.000000
-45.000000
-34.000000
-21.000000
0.000000
6.000000
16.000000
24.000000
16.000000
-5.000000
-12.000000
-29.000000
-35.000000
-34.000000
-18.000000
-2.000000
2.000000
19.000000
0.000000
-9.000000
-27.000000
-46.000000
-41.000000
-28.000000
-13.000000
7.000000
28.000000
32.000000
29.000000
14.000000
0.000000
-6.000000
-10.000000
-11.000000
8.000000
22.000000
33.000000
39.000000
29.000000
10.000000
-8.000000
-25.000000
-39.000000
-19.000000
-3.000000
18.000000
41.000000
48.000000
39.000000
18.000000
-4.000000
-20.000000
-22.000000
-6.000000
22.000000
46.000000
70.000000
71.000000
70.000000
44.000000
17.000000
-4.000000
-18.000000
-8.000000
6.000000
20.000000
29.000000
38.000000
32.000000
16.000000
7.000000
-4.000000
-5.000000
14.000000
17.000000
30.000000
37.000000
27.000000
20.000000
5.000000
-1.000000
-8.000000
3.000000
11.000000
21.000000
34.000000
19.000000
20.000000
-6.000000
-34.000000
-34.000000
-36.000000
-24.000000
-4.000000
9.000000
26.000000
21.000000
2.000000
-21.000000
-38.000000
-37.000000
-31.000000
-5.000000
8.000000
25.000000
30.000000
13.000000
-8.000000
-33.000000
-47.000000
-43.000000
-30.000000
-18.000000
5.000000
22.000000
17.000000
1.000000
-18.000000
-45.000000
-49.000000
-52.000000
-40.000000
-17.000000
11.000000
25.000000
16.000000
5.000000
-23.000000
-40.000000
-51.000000
-56.000000
-40.000000
-10.000000
13.000000
24.000000
17.000000
4.000000
-12.000000
-38.000000
-49.000000
-55.000000
-40.000000
-8.000000
15.000000
18.000000
22.000000
17.000000
-8.000000
-28.000000
-48.000000
-44.000000
-27.000000
2.000000
27.000000
43.000000
44.000000
39.000000
20.000000
-9.000000
-23.000000
-21.000000
-9.000000
3.000000
15.000000
31.000000
33.000000
25.000000
12.000000
-2.000000
-10.000000
-4.000000
0.000000
0.000000
12.000000
25.000000
21.000000
22.000000
13.000000
11.000000
16.000000
19.000000
29.000000
25.000000
26.000000
27.000000
15.000000
-1.000000
-13.000000
-10.000000
-11.000000
-4.000000
0.000000
5.000000
8.000000
12.000000
4.000000
-3.000000
5.000000
4.000000
17.000000
17.000000
25.000000
26.000000
24.000000
13.000000
7.000000
10.000000
-2.000000
12.000000
15.000000
8.000000
13.000000
-1.000000
-7.000000
-27.000000
-32.000000
-20.000000
-22.000000
-8.000000
12.000000
26.000000
26.000000
24.000000
15.000000
4.000000
-9.000000
-10.000000
-10.000000
-3.000000
11.000000
19.000000
19.000000
10.000000
-2.000000
-18.000000
-27.000000
-37.000000
-39.000000
-25.000000
-13.000000
-5.000000
-4.000000
-1.000000
-3.000000
-7.000000
-11.000000
-12.000000
-2.000000
7.000000
15.000000
14.000000
10.000000
14.000000
-4.000000
-10.000000
-16.000000
-21.000000
-15.000000
-8.000000
-4.000000
-14.000000
-4.000000
-9.000000
-16.000000
-23.000000
-17.000000
-14.000000
-12.000000
-5.000000
-6.000000
-13.000000
-4.000000
2.000000
-5.000000
1.000000
2.000000
13.000000
3.000000
-10.000000
-9.000000
-15.000000
-11.000000
-17.000000
-15.000000
-15.000000
-15.000000
-15.000000
-17.000000
-23.000000
-26.000000
-12.000000
-11.000000
-12.000000
0.000000
7.000000
11.000000
11.000000
9.000000
-1.000000
-4.000000
-2.000000
-6.000000
-7.000000
6.000000
18.000000
19.000000
16.000000
5.000000
-6.000000
-15.000000
-23.000000
-29.000000
-15.000000
-2.000000
10.000000
19.000000
26.000000
24.000000
21.000000
8.000000
1.000000
5.000000
2.000000
16.000000
20.000000
26.000000
25.000000
31.000000
20.000000
2.000000
-1.000000
-9.000000
-7.000000
-4.000000
-4.000000
5.000000
14.000000
18.000000
16.000000
17.000000
17.000000
19.000000
23.000000
21.000000
21.000000
30.000000
30.000000
28.000000
21.000000
16.000000
8.000000
-1.000000
-1.000000
-8.000000
9.000000
15.000000
13.000000
22.000000
13.000000
2.000000
-4.000000
-8.000000
-7.000000
-6.000000
4.000000
18.000000
16.000000
14.000000
14.000000
13.000000
4.000000
-2.000000
-2.000000
-5.000000
-4.000000
-8.000000
-13.000000
-14.000000
-6.000000
-17.000000
-17.000000
-17.000000
-23.000000
-19.000000
-19.000000
-12.000000
-14.000000
-12.000000
3.000000
1.000000
-2.000000
-4.000000
-1.000000
-5.000000
-1.000000
-3.000000
-5.000000
3.000000
4.000000
-4.000000
-5.000000
-6.000000
-17.000000
-18.000000
-18.000000
-23.000000
-24.000000
-15.000000
-15.000000
-10.000000
-9.000000
-9.000000
-1.000000
-8.000000
-9.000000
-5.000000
7.000000
9.000000
21.000000
22.000000
13.000000
5.000000
-8.000000
-25.000000
-41.000000
-27.000000
-28.000000
-18.000000
-1.000000
-3.000000
-5.000000
-15.000000
-19.000000
-24.000000
-21.000000
-12.000000
6.000000
21.000000
26.000000
31.000000
25.000000
24.000000
6.000000
-2.000000
-7.000000
-6.000000
-1.000000
-5.000000
2.000000
3.000000
-6.000000
-7.000000
-9.000000
-18.000000
-9.000000
7.000000
19.000000
25.000000
31.000000
27.000000
17.000000
8.000000
-3.000000
-11.000000
-1.000000
